176 -0.38499 1.05085 3.21296
176 -0.128057 -0.72177 5.81221
176 0.52726 0.764126 2.30155
176 -0.481303 -0.963744 5.5797
176 -0.981944 0.421077 4.04036
176 0.828865 0.302055 1.64216
176 1.33354 0.256364 1.49259
176 0.437025 1.02626 2.48302
176 -0.350929 -1.05105 5.70438
176 0.922355 -0.782398 0.588934
176 -0.812169 0.994026 3.55016
176 -0.109306 -1.21691 5.93258
176 0.546002 1.09232 2.40785
176 -0.202711 -0.766453 5.751
176 -0.0394181 1.00813 2.88296
176 -0.443013 -0.611801 5.40305
176 -0.936 0.502797 3.94994
176 0.0960544 -1.12918 6.08463
176 -1.1236 -0.0481417 4.48721
176 1.00186 0.053179 1.3558
176 1.07246 -0.167044 1.1691
176 -0.124036 -1.07336 5.88226
176 0.564798 -0.550223 0.484021
176 0.767982 1.05704 2.23783
176 -0.982617 0.576007 3.91215
176 0.0266686 0.878001 2.82385
176 0.922338 -1.03326 0.465499
176 -0.545513 -1.16717 5.60332
176 -0.829323 -0.610582 5.09212
176 -1.00347 -0.470259 4.90515
176 -0.304448 0.905173 3.18637
176 0.877805 -0.811714 0.524701
176 0.821915 -0.87656 0.470316
176 0.542732 -1.07551 0.209741
176 -0.418808 -1.12413 5.67556
176 0.672007 -0.813924 0.426059
176 0.0961793 1.23407 2.77862
176 -0.159915 0.832019 3.04983
176 -1.05922 -0.261003 4.67707
176 -0.587771 -1.04615 5.53313
176 -0.649339 -0.501469 5.12405
176 0.737477 -0.76132 0.48812
176 -0.966262 0.0492845 4.39524
176 -0.853984 -0.491773 4.97956
176 0.75503 0.689496 2.04252
176 0.509149 -0.598431 0.421776
176 -0.842875 0.162925 4.26297
176 0.173417 -1.01884 6.16863
176 0.500922 -0.677183 0.346102
176 -0.77711 -0.787144 5.24403
176 0.353749 0.838206 2.49687
176 1.24533 -0.639376 0.829717
176 0.484578 1.17767 2.4804
176 -1.07577 -0.768373 5.07789
176 -0.912152 -0.780813 5.16285
176 -0.416923 1.1929 3.20077
176 -1.14045 -0.383947 4.79498
176 1.20485 -0.23496 1.13466
176 -0.963063 -0.945025 5.2237
176 -0.785304 -0.957981 5.36114
176 -1.00343 -0.132123 4.59371
176 0.570355 0.868369 2.31378
176 -0.668818 -0.657324 5.23058
176 -0.491959 0.61253 3.55638
176 0.737182 -1.11978 0.341004
176 0.49101 -0.811997 0.261514
176 0.387102 1.31578 2.56786
176 0.391312 -0.979561 0.117037
176 0.860476 1.00235 2.15813
176 -1.16017 -0.0757964 4.5092
176 -0.0852378 1.02049 2.92958
176 -0.623763 0.477024 3.77378
176 1.34087 -0.2012 1.1804
176 -1.1706 -0.233222 4.63843
176 -0.93383 -0.162938 4.63819
176 -1.19805 -0.273916 4.65573
176 0.757207 -0.313914 0.904721
176 0.940267 -0.967337 0.498075
176 -0.0750517 -0.955312 5.91619
176 -0.659253 1.13533 3.38741
176 -1.1165 0.0999068 4.35775
176 -0.380232 -1.28135 5.74482
176 0.0610002 -0.900698 6.06042
176 1.28136 0.254015 1.49257
176 -0.360858 -1.24111 5.74232
176 1.40992 -0.0344489 1.28454
176 -0.258602 0.879258 3.16185
176 1.23076 0.380316 1.59101
176 -0.603013 -0.533751 5.16898
176 0.626668 -1.04679 0.276796
176 1.4106 -0.138622 1.22484
176 1.32503 0.129183 1.3844
176 0.0936152 -1.34331 6.08376
176 -0.42793 -1.08304 5.66622
176 0.606763 -0.837607 0.35591
176 -1.25385 0.161625 4.31368
176 -0.303065 0.863192 3.19919
176 0.226866 -0.959548 6.22519
176 -1.08959 -0.148163 4.5991
176 -0.209505 -0.911636 5.7845
176 -0.103729 1.35957 2.91063
176 0.93403 -0.733394 0.615897
176 -0.821256 1.03346 3.5385
176 0.834322 1.08764 2.2085
176 1.29865 -0.238783 1.13457
176 -1.22034 -0.244901 4.64034
176 1.02621 0.398637 1.66739
176 -1.36097 0.29601 4.24373
176 1.17641 0.536809 1.73581
176 -0.769717 0.481534 3.88644
176 -1.03998 0.925707 3.68065
176 0.473601 0.861736 2.403
176 1.36303 0.199607 1.42544
176 -0.217892 -1.16775 5.82282
176 0.137274 1.31923 2.75771
176 0.91601 -0.880518 0.515033
176 0.670757 -0.681183 0.479203
176 0.569283 1.23173 2.45079
176 -0.394719 -1.00448 5.66674
176 -0.465526 1.19351 3.2269
176 0.923339 0.4598 1.77036
176 -0.549675 -1.21582 5.61082
176 -0.737376 -0.976934 5.38108
176 1.14433 -0.337055 1.02316
176 -0.519531 0.843128 3.41934
176 -0.305393 -1.24107 5.78776
176 1.30618 -0.508789 0.9395
176 -1.07785 0.333593 4.16041
176 -0.310523 -0.678401 5.62001
176 0.855792 -0.0414975 1.2436
176 -0.149638 1.27393 2.95625
176 -0.519556 -1.1312 5.60935
176 -1.27736 0.339625 4.19253
176 0.0336411 -0.994592 6.03373
176 0.339288 -0.881114 0.097497
176 0.811031 -0.539727 0.686018
176 -0.56402 -0.770688 5.40254
176 -0.748419 -0.936342 5.36136
176 -0.162646 1.35087 2.96545
176 0.925551 0.128947 1.43016
176 0.714567 0.870368 2.18091
176 1.01903 -0.182582 1.13687
176 1.26555 0.0172313 1.32416
176 -0.186739 -1.0882 5.82824
176 -0.363326 -0.655926 5.54591
176 -0.0916466 1.06314 2.92797
176 -0.867642 0.841404 3.64114
176 1.27938 0.117413 1.37914
176 -1.29388 0.0812982 4.37871
176 -1.08679 -0.021962 4.46615
176 -0.429832 1.27963 3.18364
176 0.381199 -1.2933 0.0357403
176 0.0581377 -1.15557 6.06149
176 -0.579924 1.09587 3.35082
176 0.614668 1.02828 2.34734
176 0.437166 0.75908 2.38787
176 -0.0299397 -1.26738 6.00485
176 -0.503143 -1.00922 5.58053
176 -0.948588 -0.270593 4.71991
176 1.01642 0.00980843 1.33234
176 -0.983693 -0.890205 5.17499
176 0.670434 -0.481672 0.622373
176 -0.245515 -0.932419 5.76258
176 1.18687 0.0346154 1.33915
176 0.516978 1.13899 2.45431
176 0.430398 -1.28148 0.0674514
176 1.18567 0.117342 1.39421
176 0.808395 0.0807572 1.3927
176 0.00551086 1.13052 2.82967
176 -0.345714 -0.862214 5.66725
176 1.11104 0.488224 1.71779
176 0.817273 0.363406 1.73061
176 0.249229 0.934967 2.60618
176 -1.14327 0.0664369 4.38022
176 0.804273 -0.706628 0.54786
176 0.974575 -0.59585 0.743101
176 0.812554 -0.229856 1.0301
176 -0.951738 0.686013 3.79673
176 1.3905 -0.184715 1.19264
176 -0.706398 1.02668 3.46738
176 0.0786923 -0.786911 6.08028
176 0.84694 0.86738 2.11054
176 0.872831 -0.578286 0.694708
176 -1.16123 0.515737 4.02397
176 -0.715225 -0.862706 5.34097
176 -0.71655 -0.580887 5.13813
176 -0.588254 0.817721 3.4829
176 0.97599 0.787249 1.97389
176 -0.639577 -1.04715 5.49656
176 0.438384 -0.957333 0.170356
176 0.27789 -1.11626 6.23902
176 0.765071 0.850371 2.13941
176 -1.179 -0.120289 4.55674
176 0.813094 -0.0483343 1.23962
176 1.0813 0.597634 1.80296
176 0.431465 0.931962 2.45184
176 0.0515852 1.08432 2.80886
176 -1.01816 0.596409 3.90411
176 -0.484058 1.15319 3.25113
176 0.787181 0.717635 2.04256
176 -0.278958 -1.12524 5.78426
176 -0.668809 -0.872928 5.37724
176 1.00919 -0.790225 0.618608
176 0.216369 -1.19665 6.18526
176 0.28801 0.734589 2.52052
176 -0.960231 -0.585472 4.99301
176 -1.1122 0.48304 4.03385
176 -0.665098 1.18875 3.35898
176 -0.726145 -0.493432 5.04743
176 -0.167535 1.14733 2.99565
176 -0.82716 -0.221188 4.71221
176 1.14246 -0.575418 0.848206
176 1.15205 0.446433 1.67703
176 0.905439 0.288309 1.61194
176 -0.177381 -1.15562 5.85704
176 0.0306313 1.20582 2.82252
176 -0.601033 1.12974 3.34829
176 0.534673 0.996868 2.39081
176 0.449697 -1.08022 0.139103
176 0.0129737 -1.17762 6.01195
176 1.27241 -0.0263473 1.2789
176 1.32875 -0.449445 0.975092
176 -0.143919 0.777147 3.04034
176 0.493447 1.04021 2.4354
176 1.13951 -0.12269 1.20283
176 -1.01134 -0.802291 5.12689
176 1.15155 -0.71376 0.73526
176 1.18225 -0.114685 1.21292
176 0.487025 -1.03743 0.178777
176 0.509116 -1.16591 0.153339
176 0.128438 -1.01301 6.12962
176 1.07975 -0.34601 0.98912
176 -1.12136 0.259712 4.23422
176 -0.341896 1.32182 3.11359
176 -0.68287 -1.07426 5.48684
176 1.27591 -0.580934 0.888301
176 -0.205345 1.34224 2.98493
176 0.6551 -0.855816 0.391983
176 0.80317 -0.957235 0.432993
176 0.395202 0.897885 2.4736
176 1.24863 -0.374987 1.01558
176 -1.0004 0.91296 3.66801
176 -0.411138 -0.79542 5.57442
176 0.792673 -0.449219 0.7609
176 0.966587 -0.253479 1.06552
176 1.11687 -0.160724 1.18018
176 -1.20168 0.374616 4.14523
176 0.136461 -1.25691 6.11288
176 0.956172 0.828001 2.00279
176 -0.345992 0.9194 3.22503
176 -1.16191 0.26769 4.23167
176 0.248109 -1.00078 6.23564
176 -0.33618 1.18281 3.13252
176 1.40609 0.0661133 1.35885
176 0.657527 1.04311 2.32825
176 0.941906 -0.204636 1.10932
176 1.14718 0.028724 1.33849
176 -0.413801 1.10746 3.21837
176 0.921443 0.585589 1.87882
176 -1.01352 0.210037 4.25415
176 1.10137 -0.456023 0.904823
176 0.891102 -0.200517 1.09895
176 -1.06538 -0.110028 4.56108
176 -0.70629 0.338503 4.0103
176 -1.08772 -0.721525 5.04532
176 -0.357654 0.874715 3.25453
176 -0.52842 0.925123 3.37085
176 0.466614 -1.17101 0.126655
176 -0.640468 0.900841 3.47316
176 0.366401 -0.841289 0.13522
176 -0.663525 1.01911 3.44012
176 0.955858 0.610802 1.88699
176 -0.0755694 0.846879 2.9392
176 -0.733448 0.274457 4.10879
176 0.80956 -0.0998088 1.18385
176 -0.273435 -0.816983 5.70657
176 -0.831869 0.751411 3.67283
176 -0.382772 0.84731 3.27311
176 -0.414458 -1.17446 5.70395
176 -0.390519 -1.06601 5.6889
176 0.579142 -0.92899 0.278623
176 1.24717 -0.478473 0.94872
176 -1.34537 -0.278749 4.63438
176 -1.22831 0.283876 4.22614
176 1.12672 0.360328 1.60282
176 1.01456 -0.295307 1.01857
176 -0.109102 -1.29039 5.93757
176 -1.26482 -0.0927228 4.5166
176 -0.454819 -0.821356 5.53949
176 0.568241 0.66773 2.18229
176 -1.172 0.428127 4.09904
176 0.499959 1.217 2.47475
176 0.423823 1.2196 2.54209
176 -1.01505 0.261716 4.21192
176 -1.3871 0.118996 4.35742
176 1.33259 -0.306177 1.10423
176 1.10838 -0.695214 0.727814
176 0.859417 -0.22921 1.05378
176 -0.443171 1.01958 3.26597
176 0.0548394 1.29952 2.8135
176 0.590544 0.617127 2.14073
176 -0.418442 -1.23206 5.71559
176 -0.732669 -0.166865 4.6755
176 -0.861154 -0.712085 5.15183
176 1.09368 -0.209612 1.14001
176 -0.0614943 -1.34823 5.98205
176 -0.874761 -0.347631 4.84686
176 -0.539416 -0.923325 5.51726
176 -0.736294 -1.09029 5.43644
176 1.08419 0.00643748 1.3243
176 -0.647031 -0.905757 5.40159
176 0.848892 -0.289342 0.961032
176 -1.00819 -0.738897 5.08559
176 -1.26954 -0.0488759 4.4652
176 0.894919 -0.0163011 1.28214
176 -0.131575 -1.34069 5.91865
176 0.304646 -1.19757 6.25923
176 0.938652 -0.631184 0.696961
176 -0.158852 0.917193 3.03008
176 -0.894902 -0.430177 4.90414
176 -1.18756 0.0547783 4.39338
176 0.237688 0.890104 2.60202
176 0.539834 -0.922646 0.257878
176 -1.21952 -0.327472 4.69791
176 0.70656 -1.08342 0.338538
176 0.24598 0.756 2.55962
176 -1.31529 0.329704 4.19771
176 1.29202 -0.283843 1.11036
176 0.875168 1.05093 2.16395
176 0.868324 -0.849776 0.507683
176 0.934644 -0.494221 0.817064
176 1.02168 0.79903 1.96073
176 -0.874512 -0.636468 5.0787
176 -0.811909 0.623041 3.75973
176 -1.14046 0.56087 3.98588
176 -1.31016 0.168692 4.32083
176 0.0180782 0.782764 2.8338
176 -0.973039 -0.647833 5.04204
176 -0.808083 0.576146 3.81563
176 0.831519 -0.991175 0.43333
176 -1.13177 -0.219447 4.64006
176 -0.45951 -1.01677 5.61828
176 1.26258 0.317248 1.55
176 0.306933 -1.05276 0.000540071
176 0.854362 -0.702279 0.605372
176 1.01567 0.459361 1.73968
176 0.206329 -0.917241 6.22179
176 0.747245 -0.448004 0.730277
176 -1.34214 0.0907093 4.37546
176 -1.2877 -0.174908 4.59263
176 -0.461771 -1.25712 5.69473
176 -0.963368 0.91342 3.65864
176 0.637089 -0.65508 0.475865
176 0.664821 -0.93781 0.344112
176 0.518643 -1.00499 0.20607
176 -0.454439 1.12216 3.23901
176 0.887598 -0.75794 0.584453
176 0.229639 0.974646 2.64257
176 0.269223 -0.765801 0.0407114
176 0.731819 0.471629 1.89585
176 1.02459 -0.713932 0.68366
176 0.521791 -0.964099 0.219773
176 0.89127 -0.286384 0.983053
176 -0.571078 0.926005 3.40683
176 -0.12755 -0.906645 5.84798
176 -1.1576 0.471527 4.0545
176 1.17595 0.0766555 1.37041
176 0.572112 -1.20675 0.194695
176 0.617097 0.862293 2.26704
176 -1.16909 -0.299125 4.68375
176 0.805408 -0.177251 1.10024
176 -1.21055 -0.433106 4.81317
176 0.964347 0.0400286 1.34844
176 -0.912062 0.00247728 4.43174
176 0.974737 -0.748176 0.615135
176 1.36303 -0.0440523 1.27296
176 -1.0419 -0.706007 5.05773
176 -1.12811 -0.114497 4.55985
176 -0.993933 -0.578871 4.99078
176 -0.274178 1.19371 3.0815
176 -1.02424 -0.894675 5.17256
176 0.146327 -1.34167 6.11674
176 -0.207014 -1.12195 5.82053
176 -0.940096 0.0841335 4.36825
176 -0.596621 0.730415 3.54987
176 0.954491 0.748772 1.96187
176 -1.04011 -0.146065 4.60676
176 1.05473 0.431439 1.69819
176 -1.13106 -0.666401 4.99801
176 -1.24195 0.545659 4.00861
176 -0.612176 -1.0077 5.50336
176 0.889733 -0.33516 0.937964
176 -0.808658 0.18794 4.22723
176 0.439008 1.11568 2.49521
176 -0.804263 0.132679 4.29306
176 -0.0723645 1.12408 2.9022
176 -0.816553 0.411787 3.99739
176 -0.974105 -0.714962 5.08274
176 0.894306 -0.927289 0.488827
176 0.741872 -0.862831 0.443143
176 0.259491 -1.3109 6.20573
176 0.802115 0.815571 2.11012
176 0.3276 -1.09113 0.0266698
176 -0.697431 -0.965412 5.39773
176 -0.835346 0.66126 3.74199
176 -1.36007 -0.114701 4.528
176 -0.908286 0.949735 3.61108
176 0.83007 -0.91697 0.465357
176 -0.228114 1.0633 3.07219
176 -0.824982 0.535738 3.86322
176 0.892051 -0.508914 0.762179
176 0.847096 -1.09193 0.413045
176 -0.402228 0.77133 3.32309
176 -1.20395 -0.00895969 4.45186
176 0.346895 -1.19471 0.011367
176 0.136548 0.994987 2.74164
176 -1.19108 0.0950134 4.36936
176 1.13917 0.235147 1.51354
176 -1.28695 0.391444 4.15224
176 0.992905 0.888147 2.0288
176 -1.16381 0.0229721 4.42144
176 1.14919 -0.785038 0.693591
176 -0.710328 0.429356 3.90045
176 1.14727 0.317751 1.5634
176 1.10044 -0.509623 0.87842
176 -0.0812687 1.31859 2.89619
176 0.0745879 1.00903 2.78553
176 0.200116 0.917766 2.65656
176 0.447732 1.25353 2.53596
176 0.928763 0.201351 1.53827
176 -0.701464 1.13214 3.40548
176 0.892064 -0.979576 0.46374
176 -0.954136 0.959002 3.63169
176 1.36223 -0.0872249 1.25146
176 -0.300853 -1.00874 5.7389
176 -0.711665 0.634654 3.68639
176 1.04788 0.843732 1.96946
176 -0.619345 0.590025 3.65315
176 -0.207807 -0.872053 5.77735
176 0.434752 -0.755591 0.22756
176 -0.0821157 -0.753445 5.8647
176 0.592907 -0.617234 0.462187
176 1.09557 0.333773 1.58862
176 1.32379 0.332567 1.54601
176 -0.803235 0.349847 4.05083
176 0.997183 0.57482 1.82565
176 -0.270154 0.832249 3.18247
176 0.224836 -0.840246 6.25954
176 -0.646653 -0.981232 5.46726
176 -1.11178 -0.322673 4.70609
176 -0.500634 -0.892268 5.53942
176 -1.15879 0.311333 4.1868
176 1.19211 0.260862 1.52665
176 0.773389 -0.839496 0.455163
176 -0.655898 0.513448 3.75786
176 1.23626 0.27841 1.52493
176 0.626208 0.728757 2.1647
176 -0.938696 0.808135 3.69796
176 1.35082 0.0513012 1.35585
176 -1.12012 -0.612852 4.9458
176 -1.05698 0.0702802 4.36929
176 -0.586448 0.967518 3.39777
176 0.438973 0.882772 2.4343
176 0.588071 0.770534 2.23256
176 0.204547 1.3535 2.716
176 -0.753912 -0.896636 5.34076
176 -1.26535 0.430542 4.12131
176 -0.237481 -0.691768 5.69134
176 -0.549088 -0.646718 5.33225
176 0.328904 0.748617 2.49341
176 -0.138864 -1.01396 5.85926
176 0.0546508 1.17301 2.80505
176 0.145749 -0.917604 6.14574
176 0.328445 1.10299 2.57118
176 0.39885 1.26223 2.55135
176 0.820929 0.0165561 1.32974
176 -0.501498 -1.18232 5.64467
176 0.60486 -0.747132 0.404459
176 -0.0285746 -1.16106 5.98358
176 0.10395 -0.940547 6.108
176 -0.109422 1.09933 2.94241
176 0.550255 -1.15205 0.184757
176 -0.61567 -0.951235 5.47409
176 -1.17465 -0.547975 4.90664
176 -0.925952 0.442092 4.01554
176 -1.11638 0.725216 3.85506
176 0.183295 1.22503 2.71815
176 1.09418 0.0895729 1.37446
176 0.709879 0.654235 2.05653
176 1.16482 -0.155638 1.19719
176 -1.03657 0.346563 4.13721
176 0.364474 0.704666 2.43152
176 1.07604 0.681859 1.88315
176 1.01151 0.674548 1.90027
176 1.05228 0.226985 1.53192
176 -0.46626 1.07339 3.27153
176 0.948809 0.548944 1.82876
176 0.378931 1.11216 2.54156
176 -1.2975 -0.419314 4.77984
176 0.911741 0.970559 2.12295
176 -1.04183 -0.56971 4.95494
176 0.840656 0.401897 1.75854
176 -1.27213 -0.455861 4.80914
176 -0.987401 -0.429075 4.87782
176 0.745926 -1.08087 0.335843
176 -0.155237 -1.30336 5.90202
176 1.00879 -0.676699 0.691605
176 0.646787 0.953657 2.29046
176 0.464016 -1.12411 0.134117
176 -0.898616 0.24818 4.19083
176 -0.996777 0.0243608 4.41073
176 -0.63845 0.69733 3.6111
176 -0.981592 0.649068 3.84848
176 0.323606 1.25252 2.59668
176 0.851479 0.0862175 1.39304
176 -0.954663 -0.124118 4.59231
176 1.30274 0.295597 1.52837
176 0.280614 -0.872868 0.0163276
176 -0.627422 1.21568 3.32772
176 0.888608 -0.669925 0.62595
176 -1.03157 -0.433693 4.86708
176 1.10889 0.286512 1.55122
176 -1.03011 -0.660967 5.02717
176 1.19798 0.152333 1.40032
176 0.164724 1.13976 2.72729
176 0.183023 -0.955656 6.18852
176 -0.71514 0.583879 3.74107
176 0.313457 1.00868 2.56461
176 -0.124066 0.878773 2.99499
176 -1.0977 -0.24111 4.65103
176 1.01017 0.750622 1.94117
176 0.40944 0.808917 2.4351
176 0.701202 0.777815 2.1401
176 0.88481 -0.114428 1.19028
176 0.231975 -0.882541 6.24787
176 0.754568 0.641372 2.00728
176 -1.31138 -0.249163 4.6183
176 -0.513527 -0.655613 5.36304
176 -1.32652 0.211252 4.27837
176 -0.261883 -1.23993 5.80391
176 1.10121 0.638366 1.83309
176 0.22679 -1.2517 6.1844
176 -0.701061 -0.754751 5.2842
176 0.751564 0.895881 2.17522
176 0.134023 1.20868 2.75823
176 -0.880423 0.278769 4.16863
176 -0.421541 1.15378 3.20531
176 -0.323748 -1.12739 5.74859
176 -0.715123 -0.536658 5.10389
176 -0.0724079 1.23651 2.8885
176 0.00551409 1.00215 2.84348
176 1.11368 -0.0505418 1.25026
176 1.16218 -0.671499 0.771999
176 1.36477 0.306945 1.52768
176 1.21806 -0.518842 0.907193
176 -0.576114 0.576284 3.64354
176 1.21193 -0.659961 0.833474
176 0.858906 -0.534973 0.731176
176 -1.1261 0.681726 3.88464
176 0.0594295 1.2507 2.81339
176 -0.901511 -0.561768 5.00665
176 0.013559 -0.950484 6.01433
176 -0.238906 -0.732106 5.69653
176 -1.16256 0.616113 3.95444
176 0.0684019 -1.10097 6.07229
176 1.1012 0.406265 1.65891
176 1.10741 -0.648646 0.764075
176 0.17469 -1.10982 6.14601
176 0.637265 -0.902363 0.338095
176 0.107709 -0.894695 6.11537
176 -0.859211 0.621294 3.79998
176 1.2915 -0.135298 1.21412
176 -0.684649 0.983619 3.46168
176 1.13937 -0.536384 0.864808
176 0.363565 1.15387 2.55015
176 -0.502463 0.708848 3.4848
176 -0.805879 -0.263316 4.77255
176 1.17774 -0.507021 0.902226
176 0.685337 -0.969217 0.352996
176 -0.990816 -0.217631 4.65254
176 0.666677 0.728884 2.14169
176 1.1016 -0.854834 0.628414
176 -0.956606 -0.198613 4.65579
176 -0.714142 1.17553 3.39747
176 -0.0701841 -1.20084 5.95961
176 -0.00258008 1.36947 2.83754
176 -0.819634 0.227554 4.19908
176 0.59497 1.18467 2.40389
176 -0.735694 0.377649 3.98496
176 -1.34161 -0.0304401 4.4478
176 1.16731 0.19809 1.46367
176 0.866611 0.127604 1.43764
176 0.133166 1.25942 2.75614
176 -0.354299 -0.913161 5.67498
176 -1.04665 0.230024 4.24909
176 0.937744 -0.408919 0.890166
176 1.15431 0.497011 1.71359
176 -0.980243 0.231275 4.23616
176 -0.638397 1.09587 3.3888
176 0.275099 1.17703 2.6332
176 0.00131721 1.17764 2.83416
176 0.632528 -1.09187 0.258665
176 -0.937637 -0.229291 4.67468
176 -0.522442 0.571545 3.60222
176 -1.35057 0.253494 4.26067
176 -0.683653 0.887844 3.52267
176 0.0959101 0.781798 2.74965
176 1.05068 -0.373886 0.95941
176 1.05823 0.267626 1.54941
176 -1.24039 0.328117 4.19609
176 -1.15282 0.391235 4.12436
176 -0.863546 0.207245 4.23238
176 1.22874 -0.0414066 1.26425
176 -0.0791808 -1.25124 5.95095
176 0.845224 -0.34891 0.906581
176 0.0973538 -1.23165 6.08558
176 1.13827 0.101275 1.38548
176 1.04589 -0.550879 0.810298
176 0.977369 -0.488058 0.832988
176 0.943211 -0.455566 0.845342
176 1.03346 0.708066 1.9101
176 -0.484714 -0.925687 5.56626
176 1.0068 0.162026 1.45153
176 -0.573956 -0.99306 5.52109
176 1.01639 0.271249 1.55857
176 -0.914108 -0.51104 4.96451
176 -0.500288 0.798098 3.4312
176 0.21641 1.18272 2.6952
176 1.18271 -0.740706 0.727335
176 0.813015 1.04973 2.20892
176 -1.07855 0.533308 3.9939
176 0.388178 1.19605 2.54873
176 -0.942304 -0.744077 5.11602
176 0.765916 -0.509091 0.678801
176 0.0053523 -0.906465 5.99954
176 1.06424 0.119999 1.39926
176 0.236141 1.22279 2.68274
176 1.28048 0.162686 1.40796
176 -1.01887 -0.846019 5.14501
176 -0.86209 -0.306208 4.80567
176 1.10194 0.448404 1.69586
176 0.822108 0.546129 1.90116
176 0.755383 -0.690662 0.523849
176 -1.03624 -0.228534 4.65742
176 0.294603 0.936835 2.5685
176 1.23601 0.122342 1.3856
176 0.220225 -1.0527 6.20517
176 0.313319 -0.788086 0.0877562
176 1.38702 -0.229625 1.166
176 -1.11745 -0.178048 4.60823
176 -0.603201 1.06034 3.36919
176 -0.6685 -0.733143 5.29062
176 -0.458248 -0.777602 5.52368
176 0.204888 0.787991 2.61665
176 0.110766 -1.29631 6.09548
176 -1.03974 -0.512719 4.91982
176 -0.67987 -0.930008 5.3924
176 -0.637547 0.974659 3.43894
176 0.79198 -0.788655 0.501172
176 1.13423 -0.486774 0.898425
176 -1.13666 -0.570781 4.92391
176 -0.545816 -1.02645 5.55833
176 0.269173 -1.03253 6.24928
176 -0.362718 1.01698 3.20839
176 -1.20869 -0.0899495 4.52617
176 0.0986913 1.29367 2.78125
176 0.0923651 1.18917 2.77929
176 0.257989 -1.20081 6.21616
176 0.3914 0.744851 2.42665
176 -1.06827 -0.0590679 4.50098
176 -0.924356 -0.664104 5.08279
176 -0.622968 -1.13763 5.55372
176 -0.587859 -0.917075 5.48179
176 0.572514 0.72581 2.21139
176 -0.542521 1.22547 3.26906
176 -0.893895 0.799388 3.69058
176 -1.01387 0.0612231 4.38596
176 -1.20002 -0.163997 4.5957
176 -0.704639 -0.274702 4.85539
176 0.806435 -0.400076 0.832266
176 -0.391716 1.3044 3.14627
176 1.24365 0.229108 1.48536
176 -0.229162 1.20155 3.03115
176 -0.792537 -0.601814 5.10941
176 -0.84158 -0.149976 4.64463
176 -0.212584 0.904337 3.08907
176 -0.430855 0.652799 3.44967
176 0.260079 0.853506 2.57597
176 -0.292238 0.737743 3.24727
176 -0.786383 -1.08564 5.39654
176 -0.838732 -0.741712 5.16725
176 1.06251 -0.603564 0.777197
176 -0.177699 0.969026 3.03975
176 -0.842408 -0.0214603 4.47132
176 0.364316 -1.11001 0.0499029
176 0.796138 0.763061 2.07423
176 -0.816357 0.790973 3.64678
176 0.550642 -0.691528 0.397613
176 -0.678369 -1.12393 5.49826
176 -0.183809 0.872277 3.07507
176 -0.715402 -1.13812 5.48827
176 1.16021 -0.620669 0.824748
176 0.537099 1.04136 2.40155
176 0.681895 1.1851 2.35252
176 -0.478411 -0.855479 5.53305
176 -1.02886 -0.0855851 4.5416
176 -1.29575 0.129423 4.34814
176 0.28356 1.22296 2.63294
176 -1.38216 0.0689564 4.3851
176 1.12209 -0.00789334 1.29912
176 0.334705 -1.14427 0.0216989
176 -0.667619 0.661391 3.6419
176 -0.192699 1.02188 3.04302
176 0.984617 -0.529282 0.801032
176 0.509775 -1.12011 0.163194
176 0.642893 -1.16349 0.242865
176 0.176271 -0.778108 6.2073
176 0.173025 1.18184 2.72325
176 0.405431 -0.847472 0.167591
176 -0.0898459 0.936098 2.95512
176 0.538396 0.627082 2.16626
176 -1.03716 -0.0346151 4.48179
176 -0.49869 -0.802234 5.49752
176 -1.07496 0.0181314 4.42852
176 -1.15497 0.113107 4.34984
176 -1.22522 -0.0470452 4.46659
176 -0.934581 0.592468 3.87892
176 1.22362 0.439925 1.64539
176 -0.793695 -0.00233841 4.43596
176 -0.298981 -0.766683 5.66958
176 -0.580119 0.63503 3.60465
176 0.327448 1.19527 2.58932
176 -0.420867 1.06475 3.23074
176 0.0415602 1.03475 2.81661
176 -1.11598 0.354615 4.14649
176 0.896073 -0.395378 0.884231
176 -0.334074 1.13418 3.13987
176 -0.499545 -0.585422 5.3283
176 -1.26907 -0.330909 4.6758
176 1.22717 -0.334029 1.0617
176 1.07504 -0.732658 0.693299
176 -0.534873 0.662714 3.55472
176 1.00608 -0.933446 0.542271
176 0.443832 -0.82438 0.203819
176 -0.55316 -0.5755 5.26261
176 -0.494555 0.990541 3.31988
176 -0.87544 0.925928 3.61392
176 0.882689 0.772927 2.02781
176 -0.235033 1.13713 3.04334
176 -0.156696 -1.1958 5.87485
176 0.576389 1.05031 2.38449
176 -0.342816 0.972665 3.20527
176 0.657902 -1.20246 0.237426
176 -0.797123 -1.03692 5.36762
176 1.29628 0.213888 1.46118
176 -1.2493 -0.541839 4.86188
176 -0.974083 0.286089 4.17919
176 0.925032 0.788857 2.00243
176 -1.23433 -0.372618 4.73757
176 0.950839 0.485274 1.77836
176 -0.285257 1.1226 3.11439
176 -0.48505 0.892064 3.34669
176 1.20701 0.677071 1.80999
176 1.01913 0.360628 1.64418
176 -0.345649 -0.769 5.62556
176 0.604632 -1.12315 0.232887
176 0.138059 0.814498 2.70833
176 -0.374057 1.09917 3.19557
176 -0.518693 -0.971865 5.5632
176 -0.428663 0.943034 3.27986
176 -1.00989 0.460682 4.01191
176 -0.9775 -0.0585708 4.51952
176 -0.790568 0.0472235 4.39435
176 0.0175386 -1.27447 6.02087
176 0.138457 1.05982 2.73989
176 1.35686 0.367793 1.56794
176 -0.89546 -0.479421 4.95569
176 0.88559 0.472662 1.79794
176 1.05723 -0.457265 0.893966
176 -0.262681 1.29895 3.04617
176 -0.732076 -0.411974 4.97554
176 -0.751528 -0.599586 5.13645
176 -0.730969 -0.820386 5.30726
176 0.588397 0.910863 2.31917
176 -0.256998 -1.16044 5.80206
176 -1.07461 -0.642077 4.99955
176 0.847537 0.206139 1.55582
176 1.14913 -0.266225 1.09643
176 -0.786235 0.524772 3.85427
176 0.220116 -0.795888 6.25448
176 -0.72944 0.877093 3.56109
176 -0.231824 -0.99649 5.78333
176 1.06285 -0.906538 0.587973
176 0.320932 0.798907 2.52111
176 0.0101726 1.08771 2.82976
176 -1.18926 -0.585397 4.92453
176 -0.241896 -1.10952 5.80208
176 -0.265961 0.791363 3.19116
176 0.973165 0.306369 1.61127
176 -0.673027 -1.01908 5.45677
176 0.87061 0.587114 1.89898
176 -0.634068 0.80887 3.54225
176 -0.466517 0.847032 3.35293
176 -0.963882 0.38268 4.07091
176 1.16841 -0.378422 0.980937
176 -0.835551 -0.962472 5.32189
176 0.788211 -0.276396 0.947837
176 0.23558 1.03674 2.64975
176 -0.796913 0.685972 3.70674
176 -0.943615 0.252718 4.20338
176 -1.31313 0.279071 4.2474
176 0.521708 -0.882421 0.258345
176 0.150464 -1.15158 6.13719
176 -0.781457 0.251688 4.16231
176 -0.53501 1.01095 3.34854
176 1.18188 -0.413449 0.973781
176 0.0214226 1.24313 2.82137
176 -0.425045 1.23341 3.19609
176 -0.719056 0.718936 3.63735
176 0.0925372 1.13857 2.77158
176 -0.0399934 1.27789 2.86054
176 -0.422966 0.694751 3.42312
176 -1.14584 -0.148462 4.58753
176 1.16485 -0.218894 1.14314
176 0.207073 -1.00273 6.20293
176 -0.507901 -1.24132 5.65696
176 -0.905743 1.04583 3.57614
176 1.08466 -0.409564 0.941406
176 -0.288987 1.26302 3.07464
176 -0.962954 0.770876 3.73481
176 -1.17163 0.718225 3.86974
176 0.160762 -1.2983 6.12919
176 -1.12744 -0.483032 4.86522
176 0.88738 0.903216 2.10556
176 -0.86389 0.983798 3.57986
176 -0.398591 0.898049 3.26328
176 -0.85973 -0.191499 4.67479
176 -1.29297 -0.125952 4.5499
176 0.116225 0.957717 2.74263
176 -0.621999 1.01464 3.41527
176 -0.885833 0.878646 3.63319
176 -1.22888 0.0821716 4.37016
176 0.609799 0.689183 2.16436
176 0.541884 -1.03409 0.211879
176 -0.615605 -0.73066 5.32922
176 0.487078 0.717002 2.30419
176 0.860244 0.512136 1.85181
176 -1.28764 0.0180623 4.42495
176 -0.143434 1.04009 2.99508
176 0.555034 0.588362 2.14972
176 1.27861 0.362428 1.57991
176 0.486995 0.998485 2.42878
176 -1.05241 0.66725 3.86085
176 -0.660588 -0.618507 5.20618
176 -0.812844 0.866901 3.6109
176 -0.794418 -0.73999 5.20422
176 0.264566 -0.825223 0.00831248
176 -0.323834 -0.933759 5.69575
176 -0.89829 0.573898 3.87892
176 -1.03863 0.0204478 4.42087
176 -0.874066 0.132973 4.3017
176 1.14157 0.789597 1.91301
176 0.984276 0.532698 1.8047
176 0.649654 -0.762494 0.436219
176 1.00392 -0.0895337 1.22284
176 0.822395 0.163685 1.51455
176 -0.315047 -0.813199 5.68153
176 -0.448491 0.899246 3.32175
176 0.969964 -0.364264 0.930282
176 -1.00705 0.677386 3.83635
176 1.2405 0.633466 1.77776
176 1.10828 -0.0875549 1.22924
176 -0.887929 0.380633 4.04259
176 0.84404 0.817566 2.07641
176 -1.29347 -0.214904 4.60896
176 1.05449 -0.0920274 1.2236
176 0.0636117 -1.05562 6.06659
176 0.134924 0.855271 2.71716
176 0.940308 0.921192 2.07457
176 -0.772921 -1.00042 5.37124
176 0.856974 -0.485691 0.766078
176 -0.938504 -0.557441 4.99666
176 -0.329321 -0.723569 5.63212
176 -1.32902 -0.150898 4.56894
176 1.02074 0.317798 1.59732
176 -0.211033 1.29831 3.00874
176 1.05805 0.769696 1.9326
176 -0.344238 -1.30348 5.76701
176 0.269636 1.0825 2.61935
176 0.812068 -0.490638 0.736949
176 -0.586828 1.2353 3.2994
176 -0.735546 0.211126 4.19846
176 0.277579 1.27318 2.65154
176 0.791829 0.625963 1.98039
176 -0.781464 0.839931 3.60943
176 -0.751497 -0.756477 5.24053
176 -0.130686 1.18735 2.95465
176 1.02495 0.118106 1.40575
176 -0.779019 0.648923 3.72674
176 0.972612 -0.00902791 1.29936
176 -0.220085 0.8412 3.12394
176 -1.17473 -0.685018 4.99188
176 -0.0208173 -1.12248 5.99122
176 0.620706 0.528238 2.01665
176 -0.641809 -0.698042 5.29029
176 0.179121 -0.8793 6.19501
176 0.678279 0.821028 2.18056
176 1.1145 -0.371752 0.981486
176 0.696912 0.704273 2.11973
176 -0.30967 1.01031 3.16323
176 0.136809 -1.20802 6.12246
176 -1.04836 -0.351548 4.79177
176 -1.29257 0.238174 4.26312
176 -1.09211 -0.807402 5.09255
176 -1.03283 0.145786 4.29625
176 0.0743603 -1.01649 6.07269
176 0.760405 -0.732101 0.507029
176 0.803142 0.910852 2.14604
176 -0.4458 0.801878 3.37032
176 0.965778 0.146071 1.43818
176 -0.761003 0.0945791 4.33516
176 -0.674005 -0.528639 5.12301
176 -0.579828 1.00922 3.38256
176 0.729881 -0.906897 0.413176
176 -0.493191 -1.09841 5.62199
176 -0.792387 -0.659912 5.15133
176 -0.685012 -0.406973 4.9924
176 0.856501 -0.389136 0.878669
176 -0.550704 -0.882319 5.49397
176 -0.887017 -0.957382 5.27905
176 0.440662 -1.04107 0.145707
176 -0.982313 -0.384725 4.84089
176 -1.36311 -0.234825 4.61413
176 0.717396 -0.814699 0.446886
176 0.510906 0.892508 2.37978
176 -0.551462 -0.813004 5.43655
176 0.648557 -0.614537 0.502223
176 -0.697102 1.0859 3.42535
176 -0.869236 -1.01486 5.3304
176 -1.11817 0.309164 4.18837
176 -0.892957 0.482882 3.95018
176 0.920041 0.726485 1.95891
176 0.0414441 -0.763403 6.0364
176 -0.683959 -0.357456 4.95176
176 0.910089 1.02385 2.14198
176 0.681484 0.477772 1.91847
176 1.18652 0.63164 1.78821
176 -0.366946 -0.962004 5.6772
176 1.09141 -0.122135 1.20681
176 0.0936366 -0.980867 6.09475
176 0.484735 -0.941572 0.200676
176 -0.386915 0.935072 3.25281
176 0.768031 0.496434 1.89556
176 1.14792 0.142616 1.40799
176 0.724229 0.52274 1.93579
176 0.844299 0.765795 2.03668
176 0.30942 -0.917885 0.0416003
176 0.200827 1.00617 2.68062
176 -1.22116 0.0303528 4.41263
176 1.30308 0.0388892 1.33425
176 -0.712489 -0.625314 5.16521
176 0.929848 0.649184 1.92023
176 -1.07616 0.1931 4.26719
176 0.0534629 -0.947026 6.04852
176 0.535048 1.25652 2.47225
176 0.708662 -1.03118 0.349034
176 -0.962938 0.61839 3.86723
176 -0.832873 0.0297175 4.41065
176 -0.985978 0.53462 3.93821
176 0.727924 0.931855 2.20312
176 -0.837094 -0.653526 5.11595
176 -0.630767 -0.435101 5.0621
176 0.714205 -0.993642 0.356496
176 -1.34252 0.359383 4.18402
176 -0.925888 -0.361103 4.83668
176 -0.33664 1.05468 3.17048
176 -1.16923 -0.502624 4.86264
176 -0.648644 -1.17712 5.54954
176 -0.544469 0.808859 3.45846
176 -1.11142 -0.40863 4.80997
176 -0.983692 -0.29421 4.72887
176 -0.759188 -0.639993 5.15096
176 0.734588 0.411652 1.82974
176 -0.442593 -0.976943 5.6123
176 1.1324 -0.412439 0.95979
176 -1.1491 -0.333378 4.71415
176 0.899743 0.0433217 1.35691
176 1.11322 0.758563 1.91241
176 -1.02529 0.0981204 4.36467
176 0.774425 0.981419 2.19583
176 -1.32759 0.401939 4.16132
176 -1.08225 0.139063 4.327
176 0.520852 -0.83918 0.276915
176 0.180871 1.07846 2.7049
176 -0.425251 0.852109 3.31372
176 0.677771 -0.533075 0.597668
176 -0.25662 -1.03031 5.77305
176 -0.880559 0.729594 3.73118
176 -0.305933 0.958369 3.17839
176 -0.329992 1.28019 3.11217
176 0.437837 -1.0009 0.153788
176 -0.466301 -1.20756 5.66762
176 -0.624603 0.758587 3.5587
176 -0.861929 -0.0650433 4.5381
176 1.04619 -0.134711 1.1904
176 0.869746 0.304155 1.62853
176 1.10829 -0.807188 0.659271
176 0.0184577 -0.812607 6.01211
176 1.12437 0.537681 1.76069
176 0.800979 0.869055 2.13801
176 0.669973 0.869316 2.21778
176 -0.809384 0.471684 3.91243
176 -0.789504 -0.877181 5.30343
176 0.731215 1.11056 2.30343
176 -0.572458 -0.724873 5.35692
176 0.270584 -1.24685 6.22455
176 -0.775932 -0.700634 5.18322
176 -0.98742 -0.507777 4.93783
176 0.770289 0.94343 2.188
176 0.58708 -1.05603 0.247443
176 1.26909 0.457815 1.64659
176 -0.303623 -1.28263 5.79731
176 1.04622 -0.647328 0.730889
176 -0.935794 -0.0625545 4.52588
176 -0.313266 -0.890511 5.68753
176 -0.864563 0.326789 4.09578
176 1.00847 -0.384479 0.929662
176 -0.667488 0.620513 3.65774
176 1.02383 -0.829293 0.60652
176 1.1159 0.706437 1.87923
176 -1.02813 -0.295775 4.71588
176 -0.266383 -0.894462 5.73145
176 0.634905 0.815409 2.21562
176 0.354066 -0.698254 0.180511
176 0.948126 0.0825185 1.3868
176 1.27496 0.522244 1.68932
176 -0.46083 0.965501 3.30585
176 0.589388 1.09305 2.3889
176 -0.594155 -1.20993 5.59315
176 -0.899089 -0.394411 4.88416
176 -0.911271 0.992043 3.59898
176 -0.982345 -0.1679 4.63336
176 0.319822 1.06133 2.56376
176 0.927984 -0.359948 0.927018
176 0.876227 -1.01592 0.454027
176 0.913764 0.522526 1.83317
176 1.26725 -0.531185 0.912236
176 -0.493057 0.938446 3.34382
176 1.03339 -0.754615 0.65734
176 0.424852 -1.2367 0.065634
176 -0.884441 -0.864318 5.22644
176 -0.366925 1.21436 3.13982
176 0.913821 -0.598246 0.695463
176 0.771172 0.57678 1.94693
176 0.40919 0.985949 2.49026
176 -1.03219 0.631513 3.88263
176 -1.11897 0.150241 4.3105
176 -0.213205 -0.95725 5.78631
176 -0.680872 0.937785 3.49186
176 -0.522171 -0.706589 5.39965
176 0.918623 -0.251177 1.04234
176 0.589053 -1.00842 0.270807
176 1.29264 -0.187516 1.1846
176 -0.300248 1.16227 3.12086
176 0.383214 -1.15325 0.0600976
176 -0.732036 -0.7186 5.22915
176 -0.753766 0.0271813 4.41182
176 0.497168 -1.07896 0.171868
176 -0.0176101 -1.30758 6.00267
176 -0.820914 -1.00504 5.36353
176 -0.05728 0.785163 2.92096
176 -0.801889 -0.075687 4.57086
176 0.586269 -0.659389 0.438672
176 -0.206361 1.15911 3.02284
176 0.218731 -0.745688 6.26045
176 -0.170666 -0.924371 5.81526
176 -0.843848 0.257786 4.17752
176 -0.695578 -0.688374 5.22987
176 0.932765 -0.315727 0.962664
176 0.930131 0.31821 1.61989
176 -0.817617 -0.789416 5.22886
176 -0.772593 -0.481625 5.00951
176 -1.30181 -0.0263503 4.45372
176 0.821574 0.590239 1.93133
176 0.383681 -0.939728 0.119939
176 -0.91818 -0.0995272 4.56929
176 -0.153364 1.10702 2.98381
176 0.00933143 1.28041 2.8313
176 -1.2054 -0.205984 4.6183
176 -0.864826 -0.7774 5.18251
176 1.1322 -0.201766 1.14862
176 0.640094 -0.713679 0.445487
176 -0.541722 0.615277 3.5907
176 -1.25913 0.0459581 4.40854
176 1.22377 0.340799 1.57385
176 0.553135 -0.592956 0.450145
176 -1.06178 0.382113 4.10309
176 -0.812276 -0.460625 4.97992
176 1.01552 -0.614355 0.744366
176 -1.138 -0.440722 4.83143
176 0.419109 -1.1217 0.0970247
176 -0.521452 1.26242 3.24312
176 1.0662 -0.788708 0.650024
176 -0.21817 -1.33243 5.84678
176 0.821315 0.254118 1.60373
176 -0.358739 -1.09478 5.71608
176 -1.34339 0.135779 4.3438
176 0.889924 0.665888 1.94061
176 0.960829 -0.127536 1.18443
176 -1.02839 0.495473 4.0066
176 -1.2706 0.279134 4.24386
176 0.439364 -0.917592 0.182318
176 1.06791 -0.257362 1.08898
176 -0.550192 0.733205 3.51194
176 -0.187201 -0.835275 5.78633
176 -0.706303 -0.31576 4.88816
176 1.0854 0.558002 1.7852
176 -1.24274 -0.292219 4.66474
176 1.32508 0.178602 1.42179
176 -1.04037 -0.75845 5.07942
176 0.925688 -0.105743 1.1966
176 -0.945419 0.548551 3.91356
176 1.228 -0.274189 1.11406
176 -0.269621 1.33959 3.0397
176 1.21917 -0.0967618 1.2272
176 0.976407 0.951703 2.07189
176 -0.541995 -0.532647 5.23356
176 -0.987505 0.134305 4.31041
176 -0.978768 0.0939283 4.3593
176 0.841047 -0.66548 0.60701
176 0.221604 1.08587 2.68194
176 0.582632 0.997858 2.36152
176 1.11595 -0.304124 1.05317
176 -0.829681 -0.546672 5.03705
176 0.540696 -0.63958 0.422825
176 -0.327826 0.709264 3.2888
176 0.988572 -0.861918 0.571745
176 -0.711803 -0.906348 5.36632
176 -0.918829 0.842308 3.67457
176 -0.903054 0.533103 3.90781
176 0.0673893 0.882113 2.79241
176 0.931563 0.423439 1.75017
176 -0.122936 -0.953418 5.8605
176 -0.389392 -0.875833 5.62631
176 0.289094 0.893795 2.55943
176 0.690245 0.434984 1.88678
176 -0.855046 -0.448145 4.94792
176 0.993517 -0.0463687 1.24836
176 -0.697063 0.75423 3.6116
176 1.19228 0.475081 1.68349
176 1.17163 0.586138 1.77327
176 -0.19573 -1.02854 5.8205
176 0.744179 0.362688 1.77314
176 -0.413929 0.999713 3.25067
176 0.134912 -1.10616 6.12906
176 -0.252529 -0.774997 5.71149
176 -0.668121 0.841083 3.53888
176 -0.213991 -1.25741 5.84297
176 0.717572 -0.489383 0.661863
176 -0.826616 -0.41153 4.91973
176 -1.16454 -0.185431 4.60658
176 0.704376 -1.16237 0.294154
176 -0.779083 0.792038 3.63196
176 -0.32598 -1.205 5.76477
176 -1.29471 0.501207 4.08395
176 -0.918737 0.662817 3.7973
176 -0.594339 0.893397 3.45085
176 1.06417 -0.303513 1.0353
176 0.653334 -1.01139 0.304292
176 0.780145 -0.613532 0.600937
176 0.771689 -0.567696 0.6321
176 -0.751856 -0.258616 4.81283
176 0.798364 -0.656994 0.592
176 1.02742 0.523959 1.78435
176 -0.622501 -0.770306 5.35387
176 0.635409 1.08375 2.3458
176 0.702803 -0.423124 0.726815
176 0.700009 1.01219 2.27017
176 0.401065 -0.676212 0.230014
176 0.599232 -1.16623 0.224456
176 -0.923296 0.404246 4.02664
176 0.538875 0.813111 2.32085
176 1.15537 -0.0768832 1.23616
176 0.415681 -0.792881 0.200873
176 0.115769 1.0246 2.75387
176 0.65133 0.771724 2.17176
176 -0.202371 -1.2954 5.84827
176 0.877085 0.551304 1.8789
176 1.08814 0.189874 1.46656
176 -0.0765071 0.895123 2.93465
176 0.498312 -0.73267 0.294125
176 -0.630098 0.935816 3.46015
176 -0.770925 -0.114293 4.60777
176 -0.0453248 1.05254 2.88746
176 -1.21578 0.217326 4.26748
176 -0.108587 -1.16766 5.91548
176 0.320606 1.14929 2.5836
176 1.18504 -0.567073 0.859299
176 -0.0241474 -1.08417 5.98773
176 -0.0235442 1.23329 2.85764
176 -0.254186 1.23939 3.04928
176 0.785789 -0.356387 0.871455
176 -0.881131 0.0571037 4.3917
176 0.31162 -0.732747 0.114333
176 -0.142827 1.31268 2.95153
176 -0.116124 0.815903 3.00429
176 0.149552 0.893549 2.72005
176 0.604067 -0.696239 0.435461
176 0.424401 -0.883521 0.177154
176 -1.14131 0.22127 4.26598
176 1.2661 0.0770403 1.37174
176 -0.954241 0.193461 4.26165
176 -0.205386 0.794512 3.12325
176 0.47952 -1.21571 0.128271
176 0.779096 0.327939 1.70916
176 -0.559507 1.05389 3.34729
176 0.37261 -1.24894 0.0340183
176 -1.05725 -0.83214 5.12006
176 -0.920407 0.211943 4.23568
176 -1.09272 -0.675327 5.00205
176 -0.746642 -1.04676 5.4047
176 0.887083 0.411788 1.74404
176 1.19889 -0.191717 1.16255
176 -1.14366 -0.713149 5.00376
176 0.762436 -0.978032 0.405834
176 0.0673183 0.929179 2.79279
176 0.19295 0.854175 2.64752
176 1.20593 -0.610654 0.841504
176 1.0686 0.519247 1.76643
176 -0.393409 -0.679452 5.53662
176 0.367589 1.07167 2.53725
176 0.480509 -1.26248 0.115215
176 1.16296 -0.0268231 1.27482
176 0.450581 0.974862 2.45292
176 0.338731 -0.953422 0.0649761
176 0.846709 0.449792 1.80481
176 0.733433 -0.540227 0.631665
176 0.963962 -0.892197 0.545886
176 0.973898 0.38603 1.67574
176 -0.57493 -0.4776 5.14624
176 0.498868 1.08859 2.45116
176 0.728211 1.1583 2.32376
176 0.0335913 -1.2238 6.03516
176 1.36007 -0.342538 1.08278
176 0.832473 -0.62509 0.622843
176 0.155694 0.937436 2.71172
176 0.0711081 -0.836892 6.06828
176 -0.858724 1.0783 3.53086
176 -1.26499 -0.258496 4.64309
176 -0.300522 -0.852148 5.6901
176 -0.281041 -0.71933 5.66891
176 1.2056 -0.460899 0.94386
176 0.799845 -0.748029 0.522691
176 -0.161988 -1.05229 5.84643
176 -1.24725 -0.162176 4.58174
176 -0.268774 0.988662 3.12701
176 0.126607 1.15862 2.75708
176 -0.0479382 -0.794971 5.92485
176 -1.24386 0.381596 4.14894
176 -0.770065 0.43327 3.93902
176 -0.289975 -0.944295 5.72135
176 -0.466222 0.762418 3.41617
176 0.742662 -0.388438 0.795658
176 0.455762 -0.65004 0.310984
176 -1.27085 0.197839 4.28591
176 -0.090602 -0.861648 5.87676
176 -1.11648 0.0169306 4.43131
176 0.456473 1.06785 2.47571
176 0.189575 1.31469 2.7217
176 -0.952207 -0.51652 4.95436
176 -0.610211 0.669605 3.60718
176 -0.565531 0.529258 3.66415
176 -0.0371995 1.14845 2.87278
176 0.635957 0.906415 2.27393
176 0.626954 -0.58132 0.507264
176 1.23239 -0.565931 0.884949
176 1.00516 -0.447875 0.891099
176 1.40707 -0.0913309 1.24092
176 -1.00076 -0.2579 4.6915
176 -1.33884 -0.200366 4.6013
176 -1.02491 0.807752 3.7397
176 0.230886 -1.10205 6.21523
176 -0.592652 -1.16547 5.57539
176 -0.3122 -1.16673 5.7592
176 1.03979 0.574085 1.81133
176 -1.17721 0.212147 4.26671
176 0.258288 -0.919666 6.26195
176 0.100626 -1.06797 6.08921
176 -0.754548 0.710638 3.65452
176 -1.17692 -0.461096 4.83462
176 0.893147 0.16992 1.49447
176 0.630474 1.21597 2.39296
176 -1.23276 0.630836 3.96859
176 -1.04835 -0.473854 4.89255
176 -0.708579 -0.792917 5.30302
176 -0.0314429 0.92915 2.883
176 1.0331 -0.0520115 1.2397
176 -1.22622 0.462054 4.07729
176 -0.424885 -1.03431 5.6445
176 -0.329372 0.827555 3.23764
176 0.902472 0.85793 2.06344
176 0.405158 -0.7241 0.217362
176 -1.22241 0.130826 4.3387
176 0.132168 -0.757194 6.15495
176 -1.25612 0.488965 4.08259
176 -0.691012 0.691687 3.63135
176 -1.22715 -0.473109 4.82739
176 -0.778789 -0.43128 4.9665
176 -0.842142 0.375375 4.03015
176 -0.120071 1.22854 2.94195
176 -0.785884 0.963353 3.55005
176 -0.518328 1.05736 3.31433
176 -0.781088 -0.332132 4.87056
176 -0.756662 -0.53804 5.08078
176 -1.24873 0.234664 4.26771
176 1.34023 -0.387607 1.0407
176 0.976781 -0.645896 0.702776
176 0.122887 -0.808487 6.13694
176 0.0184964 -1.08294 6.01652
176 -0.672338 0.460139 3.83738
176 -0.830806 0.828855 3.63353
176 0.953591 -0.558927 0.761727
176 -0.765282 0.885311 3.5686
176 -0.0134945 -0.99552 5.98831
176 0.601902 -0.883088 0.322044
176 -0.792441 1.12691 3.47486
176 0.145154 1.36329 2.75216
176 0.632867 -0.495598 0.595361
176 1.06306 0.310347 1.57541
176 0.963895 -0.785538 0.604629
176 -0.471565 1.2382 3.2109
176 1.05045 0.642684 1.86585
176 -0.915347 0.143679 4.29031
176 0.842985 0.633053 1.94804
176 -1.19952 0.486582 4.06419
176 1.19246 0.406501 1.62242
176 0.679017 -0.734171 0.455985
176 -0.726844 0.468326 3.87921
176 0.741281 1.01639 2.25235
176 -1.3707 0.173602 4.31251
176 0.79958 -1.06177 0.405659
176 0.58316 -0.781209 0.376624
176 -0.864204 0.520725 3.90394
176 -0.761917 0.612497 3.74492
176 -1.37612 0.220565 4.27703
176 -0.806424 -0.831423 5.25915
176 1.10214 0.137289 1.4089
176 1.31707 -0.00246067 1.31219
176 0.0372312 -1.33842 6.04157
176 -1.21387 0.418511 4.11771
176 -1.31704 -0.0779962 4.49073
176 0.89106 -0.717881 0.603343
176 0.959486 -0.0723551 1.23114
176 -0.0682074 -1.14769 5.95423
176 1.18501 -0.282614 1.09391
176 -0.848258 0.697229 3.73731
176 -1.33571 0.0135485 4.42611
176 -1.20043 0.319867 4.19153
176 -0.958324 -0.00773173 4.44547
176 -0.436299 -0.877239 5.59358
176 -0.674506 -0.574302 5.15362
176 -1.12179 -0.532738 4.91135
176 -1.08231 0.692252 3.85894
176 -1.14108 -0.264123 4.6619
176 -0.475995 1.28447 3.2091
176 -0.0415242 -0.90074 5.94442
176 0.171228 1.27474 2.73057
176 0.0636548 -1.3038 6.06658
176 -0.776542 -0.206094 4.69826
176 -0.903941 -0.192412 4.66719
176 -1.01227 0.719844 3.80789
176 -0.6395 -1.09395 5.51959
176 1.26749 0.57094 1.72665
176 -0.443396 -0.920821 5.59878
176 -0.269513 -1.1991 5.80076
176 -1.14592 0.177817 4.28936
176 0.820457 0.490884 1.85198
176 0.36916 -0.793718 0.155201
176 -0.14052 -1.25325 5.90475
176 1.30578 0.487755 1.66054
176 -0.670186 0.566332 3.72625
176 1.36377 0.0902632 1.3683
176 0.238936 1.14427 2.67121
176 1.31535 -0.0559228 1.26233
176 0.682451 1.13189 2.33397
176 -0.0766212 1.1749 2.89091
176 -0.822068 -0.326877 4.85483
176 -0.85984 0.781058 3.67538
176 -0.813884 -0.913341 5.297
176 0.196116 -1.14811 6.16706
176 -0.660379 1.06095 3.41778
176 -0.0491021 1.20035 2.88069
176 1.00347 0.841435 1.98241
176 0.284299 -1.15728 6.24251
176 -1.06695 -0.40978 4.82127
176 -0.370365 0.72075 3.31747
176 1.19271 -0.0600269 1.24868
176 -0.0934479 1.27733 2.90426
176 -1.15497 0.757571 3.853
176 0.783622 1.11072 2.25459
176 -1.07278 0.102558 4.35734
176 0.793406 0.200065 1.55207
176 0.103214 -1.17099 6.0877
176 1.19588 0.30819 1.55717
176 -1.29652 -0.301346 4.66686
176 0.694087 -0.572908 0.576589
176 0.836242 -1.04094 0.422198
176 0.561345 -0.733484 0.383741
176 0.12411 -0.857769 6.13441
176 -0.803584 0.725909 3.67947
176 -0.126285 0.949033 2.97749
176 -0.207018 1.10033 3.04229
176 -1.00699 0.769709 3.75773
176 -0.930797 -0.446211 4.9096
176 -0.991604 0.975356 3.63247
176 0.0559546 1.37068 2.80706
176 -0.930558 0.0330554 4.41575
176 0.843307 0.917921 2.1347
176 1.01075 -0.565634 0.785151
176 -0.165004 -0.739394 5.79848
176 -0.884686 0.687454 3.74792
176 1.36869 0.136905 1.38589
176 1.28978 -0.461534 0.966988
176 0.0986481 1.09995 2.76778
176 -1.08765 -0.455491 4.86242
176 0.393218 1.03397 2.5198
176 0.795659 0.448759 1.82761
176 -0.998036 -0.34735 4.80797
176 0.375613 0.78522 2.44987
176 0.352683 1.28746 2.58191
176 -1.00424 -0.617123 5.00138
176 0.780797 0.410193 1.80877
176 0.145159 -0.970359 6.14705
176 0.364052 0.986085 2.52551
176 -1.17904 -0.039452 4.46925
176 -1.17823 0.574979 3.98632
176 0.1864 -1.24221 6.16338
176 -0.660952 -0.788318 5.33955
176 0.00404912 0.840636 2.85547
176 -0.822937 -0.694463 5.15213
176 -0.356823 0.763776 3.29564
176 0.301246 -1.28022 6.24327
176 -0.682961 -0.451964 5.03148
176 -0.721524 0.923794 3.526
176 -0.715503 -1.01699 5.41142
176 -1.16636 0.659832 3.91984
176 0.0530887 0.811549 2.79918
176 0.835614 -0.798603 0.512088
176 -0.237454 1.02591 3.08043
176 -1.30473 0.456661 4.09981
176 1.06006 -0.846976 0.615083
176 -1.04344 0.295459 4.18265
176 -0.534993 1.11425 3.29453
176 -0.769672 -0.164266 4.67767
176 1.17292 0.738097 1.87205
176 0.0721082 -1.19973 6.07568
176 -0.0468729 1.35378 2.86102
176 -0.791021 -0.554145 5.06539
176 -0.874304 -0.11046 4.59169
176 -0.524114 -0.756358 5.42621
176 -0.261252 -1.07453 5.78509
176 -1.20183 0.537989 4.00988
176 -0.471851 -1.05957 5.61546
176 0.930956 0.0155281 1.33109
176 -1.0519 0.72499 3.81618
176 0.752572 -0.803151 0.464426
176 0.234493 0.819423 2.5905
176 0.830838 -0.134677 1.15403
176 1.04935 0.173158 1.46436
176 -0.921677 0.899418 3.64698
176 -0.837762 -0.870619 5.26645
176 -0.893749 -0.74 5.14941
176 -0.628843 0.627818 3.64655
176 0.53047 -1.25501 0.1429
176 1.01238 0.220574 1.53672
176 -1.08644 -0.503149 4.90025
176 0.526443 -1.20983 0.15226
176 -0.325555 1.22535 3.12998
176 -1.33476 -0.33001 4.67304
176 1.3169 -0.0980923 1.24115
176 0.667246 0.52867 1.98762
176 -0.333854 -0.97988 5.69466
176 -1.09969 0.0586099 4.38758
176 -0.62721 0.858346 3.49258
176 -0.0670212 -1.07206 5.94258
176 0.837955 0.724452 2.01205
176 0.244413 1.30033 2.67713
176 1.01807 -0.335657 0.986915
176 -1.23253 -0.125973 4.55568
176 -1.08104 -0.207208 4.63323
176 1.23246 0.495501 1.68399
176 -0.829717 -0.102211 4.58165
176 0.778138 0.535748 1.91387
176 -0.814659 -0.370346 4.8952
176 -0.228265 0.979371 3.08927
176 1.41089 0.115569 1.37893
176 0.67315 -1.05753 0.315838
176 -0.858772 -0.579968 5.04939
176 0.800351 -1.11159 0.376595
176 0.47542 1.13019 2.47647
176 -0.385451 -1.20567 5.72353
176 -1.20985 0.177589 4.29469
176 0.689359 -0.627043 0.522232
176 -0.900006 0.627687 3.81931
176 1.05887 0.47638 1.73004
176 0.990301 -0.974279 0.507635
176 0.647869 0.572583 2.02859
176 -0.738781 0.521652 3.81886
176 0.96919 0.212167 1.54416
176 -0.583764 -0.848978 5.43384
176 -0.594103 -1.08842 5.5507
176 -0.0274805 0.884121 2.88167
176 0.707195 0.565417 1.98242
176 1.25182 -0.153433 1.203
176 0.611 -1.22318 0.213725
176 -0.379639 1.15294 3.18431
176 -1.06704 -0.307067 4.71334
176 0.55592 -0.822905 0.302648
176 0.00432306 1.0475 2.83444
176 0.57019 -0.970767 0.26794
176 1.08882 -0.555906 0.836145
176 0.179977 0.971569 2.68963
176 -1.08114 0.286052 4.20168
176 -1.08501 -0.376531 4.81265
176 0.282297 0.792438 2.53403
176 1.22 -0.409467 0.977223
176 -0.777332 0.387314 3.99378
176 0.419336 0.701998 2.38459
176 -1.30395 -0.36142 4.69071
176 0.971497 -0.695739 0.666474
176 -1.1767 -0.408287 4.80321
176 0.216409 -1.33504 6.17829
176 0.342445 -1.01254 0.0526883
176 -1.38182 0.0204633 4.42662
176 -0.00906639 -1.23232 6.00122
176 1.31301 0.0868264 1.37499
176 -0.932213 -0.700971 5.09673
176 -0.285307 -1.32393 5.80305
176 -0.373225 -1.13155 5.72136
176 0.88904 0.624615 1.92255
176 0.979218 -0.41454 0.903534
176 -0.498952 1.10079 3.2841
176 -0.070662 -1.30521 5.96538
176 1.02315 -0.245525 1.09434
176 0.663935 -1.12675 0.260519
176 -0.945966 1.01791 3.59506
176 0.878058 0.949184 2.127
176 -0.615768 1.1692 3.33682
176 -0.902288 -0.270933 4.74072
176 1.13168 0.582949 1.77583
176 0.938908 -0.928702 0.502396
176 1.07057 0.731736 1.9159
176 -1.08237 0.242403 4.24193
176 -0.754052 0.574796 3.76084
176 0.970587 -0.172071 1.13911
176 -0.970154 0.724973 3.77846
176 0.214628 1.26201 2.70414
176 0.533637 0.923995 2.38361
176 0.3051 0.840471 2.53491
176 1.03767 -0.422256 0.908328
176 -1.06455 0.821689 3.74704
176 0.238123 -1.14949 6.20416
176 -1.07767 0.618061 3.91904
176 -1.01189 0.387625 4.07842
176 -0.738652 0.667066 3.68321
176 0.562812 1.14427 2.4156
176 1.22249 0.0814019 1.36992
176 0.758173 0.808563 2.1348
176 0.990327 0.491632 1.77628
176 -1.24921 -0.206112 4.6057
176 -0.0952151 -0.9954 5.90571
176 0.321615 -1.24306 6.25909
176 -1.03877 0.877878 3.70649
176 -0.141297 -1.14334 5.8813
176 0.820954 -0.585789 0.646603
176 -0.311915 -1.08539 5.74315
176 0.028958 1.33272 2.82377
176 0.320487 -0.834922 0.087561
176 -0.836028 -1.05752 5.36808
176 -0.423771 -1.28162 5.7184
176 -1.26588 0.57646 4.00734
176 -0.856445 0.416774 4.01336
176 0.828401 0.962995 2.15741
176 0.436277 1.2988 2.54534
176 -0.545614 -1.08237 5.57397
176 -1.1015 -0.087419 4.53413
176 -0.235534 0.754854 3.17287
176 1.39961 0.175139 1.41114
176 -0.273948 0.928555 3.168
176 0.263548 -1.07578 6.23868
176 -1.11569 0.814949 3.7841
176 1.36484 -0.138079 1.2166
176 -0.635312 -0.825652 5.36945
176 -0.483866 -0.728186 5.45256
176 0.0690833 -1.26067 6.07164
176 1.2553 -0.245464 1.12715
176 -0.955473 -0.335734 4.8069
176 -0.98767 -0.0926127 4.54716
176 -0.728806 -0.455527 5.01738
176 -0.133745 -0.7729 5.81568
176 -0.729919 0.965343 3.51312
176 0.202989 1.12506 2.69599
176 -0.937297 -0.911371 5.22483
176 0.619869 -0.944935 0.309729
176 -0.135316 -1.10753 5.88513
176 0.327626 0.882205 2.53669
176 0.747473 -0.644434 0.554925
176 -1.11173 0.589324 3.9532
176 0.0896036 1.05866 2.76926
176 -0.893124 0.180962 4.25522
176 -0.0129283 1.31621 2.83619
176 0.858557 -0.949199 0.471281
176 -0.757264 -0.30215 4.85481
176 -0.3997 -0.914377 5.62759
176 -0.913669 0.765614 3.71234
176 0.80714 1.00918 2.19824
176 0.942693 0.690229 1.93892
176 -0.383932 0.976663 3.23364
176 -1.0468 -0.61392 4.98953
176 0.88829 0.820404 2.05055
176 -0.818325 1.09154 3.50789
176 0.366002 -1.05266 0.0767138
176 -0.810664 -0.504265 5.00702
176 -0.873372 0.0222698 4.41034
176 0.177896 -1.06918 6.15454
176 -0.856557 0.574119 3.84987
176 1.37865 0.250959 1.4787
176 -0.929579 0.293671 4.16256
176 0.0243403 -1.12834 6.026
176 0.690791 -0.896325 0.400285
176 -0.95015 0.152552 4.28611
176 0.327508 0.963193 2.54995
176 -0.250533 -0.855344 5.73019
176 -0.902463 0.336234 4.09667
176 -1.32448 0.0507092 4.40384
176 -0.85272 -0.823609 5.22333
176 0.730508 -0.599101 0.577189
176 0.639791 1.1604 2.37619
176 1.21823 0.593871 1.76631
176 -1.19791 0.257507 4.24418
176 -0.364021 -1.16903 5.72486
176 -0.762178 -0.842575 5.30113
176 0.474145 0.666872 2.28608
176 -0.517159 0.756644 3.46966
176 -1.05959 -0.178701 4.61923
176 -0.102244 0.984624 2.9595
176 0.389618 -1.02195 0.0925449
176 0.0192138 -1.03814 6.02097
176 0.941042 0.253656 1.56132
176 -0.615877 -0.875258 5.4215
176 -0.230117 -0.810498 5.7298
176 0.728791 0.602945 1.99838
176 0.81481 -0.314282 0.93005
176 -0.616794 -0.616069 5.2393
176 -0.461943 -0.680258 5.43464
176 -0.162703 -0.803732 5.80219
176 0.284764 1.12347 2.6087
176 1.17841 0.353252 1.58438
176 -0.753838 0.143781 4.27575
176 0.716972 1.06111 2.28462
176 0.562533 -0.873845 0.290308
176 -0.158242 -0.966446 5.83525
176 -0.898652 -0.0384907 4.49399
176 -0.70896 0.844325 3.5606
176 1.01441 0.931026 2.05305
176 0.700579 0.970704 2.2574
176 1.12304 0.0576202 1.36015
176 -1.2152 0.595878 3.98051
176 0.71062 -0.668965 0.511628
176 -0.846695 0.89143 3.61241
176 0.990802 -0.216521 1.1072
176 0.361096 1.23005 2.5727
176 1.25703 -0.429914 0.975688
176 -1.16518 0.351036 4.16067
176 0.804548 0.668725 1.99177
176 0.209044 -1.29205 6.1737
176 -0.810605 0.913265 3.58668
176 0.413089 1.07868 2.51228
176 1.0496 0.0259326 1.34029
176 0.972001 -0.303695 1.00077
176 0.888704 -1.06154 0.449827
176 -0.976828 -0.774872 5.1221
176 0.884382 0.710537 1.97022
176 0.782159 -0.881478 0.454043
176 -0.770188 0.194638 4.21683
176 -0.103818 -0.806681 5.84918
176 -0.756632 0.999045 3.50931
176 -1.14563 -0.0119214 4.44844
176 0.424352 -1.17648 0.0821932
176 -0.937851 -0.622588 5.04252
176 0.863672 -0.162385 1.13318
176 -1.04479 0.177213 4.28351
176 -0.536164 1.15358 3.28728
176 0.625468 0.641977 2.12501
176 1.3604 0.00206487 1.30831
176 -1.38599 -0.0266163 4.44961
176 -0.0367816 0.96767 2.88086
176 -1.11624 0.529875 3.99246
176 -1.07852 0.422678 4.07392
176 -0.939719 0.346126 4.10091
176 1.07906 0.807992 1.95094
176 -0.100674 -1.04122 5.89895
176 -0.515677 1.19223 3.26908
176 -0.680699 0.392392 3.9312
176 -0.949923 -0.809952 5.159
176 1.0647 -0.684207 0.718091
176 0.845901 -0.441775 0.804515
176 -0.887884 0.433518 4.01205
176 -1.06344 0.575314 3.94359
176 1.18698 -0.32728 1.05317
176 -0.128826 -0.844704 5.84081
176 1.10549 0.841588 1.95251
176 0.58969 0.815121 2.25795
176 0.903108 0.0869335 1.39056
176 -0.540329 0.968487 3.36692
176 0.843387 0.682993 1.98602
176 -1.06548 0.458408 4.04143
176 1.26212 -0.311843 1.08705
176 -1.37254 -0.0731255 4.48512
176 -0.612729 0.543435 3.68347
176 -0.575623 -0.682867 5.32575
176 0.916611 -0.544273 0.755854
176 1.23881 0.171503 1.417
176 1.29946 -0.344941 1.06938
176 -0.732901 -0.674662 5.19833
176 0.690913 -0.77835 0.439928
176 1.26699 -0.0659004 1.25745
176 -0.978177 0.822847 3.71345
176 0.569702 -1.10486 0.220726
176 0.646706 0.996784 2.31614
176 1.1268 0.179892 1.44538
176 0.980162 0.253567 1.55203
176 0.950766 0.995569 2.11451
176 1.01087 0.622461 1.87566
176 0.263871 1.34014 2.67293
176 0.479601 0.767305 2.34804
176 0.524549 -0.779649 0.295634
176 0.31054 -0.989708 0.0284227
176 0.883037 -0.627569 0.658914
176 0.465373 -0.862539 0.205946
176 -0.323952 1.09149 3.15464
176 0.161366 0.773114 2.6689
176 -0.212567 1.25583 3.01613
176 0.626767 -0.802223 0.392733
176 0.721088 0.822617 2.15128
176 -0.157432 -0.877039 5.82247
176 -1.00777 0.313652 4.15821
176 0.490892 0.811206 2.35685
176 1.02275 -0.495502 0.858305
176 0.110627 0.906734 2.74463
176 0.856068 0.0423374 1.3612
176 -0.829394 0.311895 4.09462
176 -0.971329 -0.848125 5.17307
176 0.716852 0.740789 2.12806
176 0.611286 -0.542976 0.522146
176 1.29472 -0.399651 1.01067
176 -0.771418 0.925464 3.56392
176 -0.743865 1.03689 3.48738
176 -0.574335 0.775849 3.50125
176 -0.00689547 -1.34739 6.0125
176 -0.850369 -0.267113 4.76638
176 0.699973 -0.853845 0.42178
176 -0.269879 -0.978811 5.75103
176 -1.12324 -0.761201 5.05922
176 -0.896974 -0.912358 5.25161
176 -1.10761 0.205213 4.26226
176 -0.749387 1.08095 3.47799
176 1.10833 -0.603303 0.808743
176 -0.931082 -0.857611 5.1868
176 -0.836407 0.949476 3.58506
176 -0.863617 1.02992 3.5569
176 0.940406 0.879593 2.06243
176 -0.041424 1.09418 2.88157
176 1.20478 0.212382 1.47214
176 1.02441 -0.889874 0.578776
176 0.901415 0.231584 1.56268
176 0.529503 0.692776 2.23528
176 -0.378867 0.807861 3.29125
176 -0.735218 0.77088 3.62047
176 -0.751323 1.12773 3.45527
176 -1.22919 -0.596493 4.92371
176 1.24756 -0.199567 1.16804
176 -0.856025 -0.916602 5.27676
176 -0.356216 -1.01451 5.69419
176 -0.00730003 -0.858782 5.98424
176 1.06766 0.374448 1.64048
176 -0.981671 0.489212 3.9953
176 0.396838 -1.0795 0.0811922
176 -0.915455 -0.987505 5.28361
176 -0.164901 1.06947 2.99375
176 0.979091 0.646725 1.88696
176 -1.20358 -0.637562 4.93439
176 0.754115 -1.03144 0.378435
176 0.364983 -0.749875 0.168158
176 1.06229 0.882699 1.97747
176 0.606891 1.13269 2.39072
176 -0.579673 0.854216 3.47032
176 1.14257 0.642032 1.81466
176 -0.629916 -0.566788 5.17908
176 0.866117 0.246422 1.57598
176 -0.612582 -0.487521 5.1344
176 -0.436369 -0.741182 5.52326
176 0.0377955 -0.863728 6.03379
176 -1.06668 0.499417 4.00329
176 -0.0310202 0.821696 2.88703
176 1.40448 0.0192483 1.32554
176 0.957858 -1.0093 0.486855
176 -0.462527 -1.12131 5.64773
176 0.714096 -0.717229 0.486313
176 -1.10353 0.772595 3.80758
176 1.3413 -0.257148 1.13102
176 0.472083 0.922466 2.42455
176 -0.814233 0.0820618 4.35939
176 -1.16315 -0.617219 4.93202
176 0.761435 -1.15159 0.335257
176 0.778764 0.267154 1.62906
176 -0.560871 -0.958354 5.52398
176 1.2324 0.0388093 1.34062
176 0.623109 -0.983957 0.296549
176 0.084942 0.842516 2.7702
176 -1.09028 -0.582228 4.93967
176 0.821571 -0.833621 0.497925
176 -1.06093 0.763843 3.79931
176 -0.770026 0.752101 3.64265
176 0.393962 -1.20514 0.0609324
176 0.40178 1.15205 2.54723
176 -1.0329 0.423132 4.05843
176 -0.852014 0.0949773 4.34513
176 1.05066 -0.209832 1.12745
176 -0.913496 -0.316903 4.80016
176 -0.452924 0.723717 3.42797
176 0.275176 -0.962405 6.26817
176 0.923865 -0.0525902 1.24072
176 -1.18878 -0.352032 4.71956
176 0.921196 -0.836339 0.545857
176 0.442035 0.829522 2.41701
176 -0.897037 -0.611205 5.06506
176 -1.0196 -0.187027 4.63137
176 0.31815 -1.31605 6.2458
176 -1.11584 0.638056 3.91783
176 0.874383 0.355015 1.68925
176 0.981747 0.711511 1.93289
176 -1.00902 -0.539104 4.9453
176 1.15938 -0.454961 0.930312
176 -0.894409 -0.145624 4.62176
176 0.662473 0.670427 2.10976
176 0.317026 1.32026 2.61907
176 0.673345 0.613997 2.05328
176 -0.757959 -0.0684184 4.56334
176 -1.20624 0.673679 3.92698
176 0.183333 1.03797 2.69145
176 -0.958916 -0.468632 4.91517
176 0.552503 0.95929 2.37689
176 0.494986 1.26835 2.48726
176 0.351825 1.02773 2.53868
176 -0.168393 1.23644 2.97994
176 -0.959431 0.455129 4.01086
176 0.979318 0.433916 1.73029
176 -0.186405 1.19739 3.0102
176 -0.182065 -0.993322 5.82328
176 -0.0306554 -1.20383 5.99057
176 0.0655914 0.971539 2.79459
176 -0.215112 0.941674 3.08213
176 -0.402284 -0.839206 5.60905
176 1.22072 0.543336 1.72681
176 0.966307 -0.826723 0.58503
176 -0.845468 0.482016 3.9205
176 -0.410212 -0.954771 5.62941
176 -1.25176 -0.0105122 4.45118
176 1.11637 -0.749938 0.702114
176 -0.478911 1.03363 3.28344
176 0.68107 0.922556 2.24785
176 -0.0853544 -1.11151 5.93183
176 1.10942 -0.258106 1.09313
176 -0.405033 -0.714515 5.53481
176 -0.953977 0.871606 3.65819
176 0.677019 1.0895 2.32947
176 -0.788919 0.303495 4.08736
176 -0.36351 -0.815085 5.62859
176 -0.146702 0.999991 2.998
176 0.598949 0.958 2.3415
176 -0.481558 0.665437 3.49654
176 -0.947196 -0.40505 4.87053
176 1.15291 0.277595 1.54506
176 -0.658384 0.784313 3.55492
176 0.916434 -0.16447 1.12834
176 -1.10907 0.395976 4.10445
176 -0.99335 0.175635 4.27662
176 -0.568233 0.692807 3.55498
176 0.346825 0.918956 2.52455
176 -0.886733 -0.679365 5.10584
176 0.0909511 1.34797 2.79384
176 -1.27363 -0.498214 4.82939
176 1.317 0.392503 1.58802
176 0.477496 -0.769438 0.266512
176 -1.08149 0.864046 3.73117
176 -0.300501 -1.04819 5.74795
176 1.38107 -0.284652 1.12679
176 1.15082 0.395542 1.62298
176 0.480773 -0.902234 0.204951
176 0.839282 -0.75815 0.5309
176 -1.07499 -0.544347 4.9303
176 -0.773628 -0.384799 4.92413
176 0.171491 -1.1932 6.14099
176 -0.610641 -0.666198 5.29569
176 0.278721 1.03386 2.59469
176 -0.57204 1.17906 3.30539
176 0.898799 -0.440601 0.8525
176 -0.900638 -0.818869 5.18437
176 0.382572 0.944269 2.50266
176 0.928157 -0.685706 0.635605
176 -0.289378 1.04806 3.13814
176 -1.21485 -0.515573 4.85542
176 -0.370171 1.26014 3.13488
176 -0.0107283 -0.764377 5.97032
176 -1.12261 0.441334 4.06917
176 -0.0802119 -0.909688 5.90905
176 1.09675 0.2472 1.53866
176 0.14313 -1.05471 6.14156
176 0.984505 0.105514 1.40584
176 0.376947 -0.90013 0.1256
176 1.25921 -0.106839 1.22675
176 -0.220596 -1.20933 5.83121
176 1.00543 -0.131765 1.19224
176 0.735469 -0.944789 0.407117
176 0.747914 0.767804 2.12295
176 -0.646199 -0.375062 4.98068
176 -0.263222 1.08831 3.09491
176 -1.00938 0.850238 3.71707
176 -0.785525 1.05511 3.5043
176 -0.258315 -1.2868 5.80762
176 -0.88799 -0.226793 4.68984
176 -0.870408 -0.531757 5.00638
176 -0.664386 0.728271 3.60892
176 0.28042 0.981611 2.57845
176 1.32795 0.432806 1.60211
176 0.47894 -0.986752 0.188236
176 0.500436 0.954871 2.40601
176 1.27033 0.407813 1.59811
176 -0.51392 -1.05363 5.58638
176 -0.0278569 -1.04133 5.97917
176 -0.92298 0.726855 3.74192
176 1.07118 -0.0524779 1.24089
176 -0.859329 -0.385766 4.88484
176 1.15718 0.694783 1.85624
176 -1.0015 -0.0193664 4.46173
176 1.0776 0.0551395 1.36169
176 -0.810332 -0.172783 4.67052
176 0.163823 -0.83443 6.17418
176 -0.981643 0.339606 4.1289
176 1.03577 0.0767261 1.37702
176 -0.903741 0.0909683 4.35897
176 -0.746094 0.819073 3.60327
176 0.0215293 0.965195 2.82701
176 -0.120998 1.14495 2.9551
176 1.32848 -0.154901 1.20865
176 -0.532254 0.882841 3.39529
176 0.967878 0.346026 1.63847
176 -0.734315 -0.359927 4.92255
176 -0.701585 0.800691 3.58443
176 -1.0271 -0.383489 4.81555
176 0.439512 1.1771 2.52093
176 -0.598675 -0.804629 5.38979
176 0.538046 1.18919 2.45384
176 -0.383849 -0.755413 5.58267
176 0.389426 0.85802 2.47349
176 -0.477401 -0.634624 5.38865
176 -0.519492 -0.849045 5.50371
176 -0.752128 0.322606 4.05955
176 -0.0444021 -0.840445 5.94101
176 0.779135 -0.922022 0.437954
176 -1.37358 -0.168026 4.57849
176 1.06335 -0.497817 0.874741
176 0.456666 -0.703238 0.280421
176 -0.219306 -1.06119 5.8096
176 0.917693 0.373368 1.69537
176 -0.573329 -0.61166 5.27883
176 1.2116 -0.14966 1.19605
176 -0.458276 -1.16277 5.66709
176 0.873254 -0.0768646 1.2194
176 -1.25073 -0.410742 4.77833
176 -0.569668 -1.12211 5.57055
176 -0.992247 -0.684604 5.06923
176 -1.10428 -0.287518 4.69889
176 0.020112 0.923056 2.83021
176 0.792556 -1.01272 0.407778
176 0.524516 0.854189 2.35413
176 -0.0301594 -0.952778 5.97053
176 -0.697138 0.533988 3.76509
176 -0.182519 -1.2296 5.85396
176 -0.0572329 -1.00949 5.94343
176 0.871978 -0.88889 0.496084
176 0.0424834 1.13031 2.82141
176 -0.315555 0.783604 3.2463
176 -1.02764 0.547683 3.94805
176 -1.17752 0.147624 4.32069
176 1.20624 -0.00229643 1.30808
176 -0.673939 -0.83508 5.36118
176 -1.26053 0.105649 4.36285
176 0.142582 1.10507 2.73715
