16 -0.219213 0.88619 3.21296
16 -0.0733622 -0.637397 5.81221
16 0.661612 0.651701 2.30155
16 -0.502263 -0.923038 5.5797
16 -0.69689 0.34142 4.04036
16 0.853243 0.223033 1.64216
16 1.22519 0.224588 1.49259
16 0.552075 0.83665 2.48302
16 -0.314811 -1.02594 5.70438
16 0.909292 -0.563634 0.588934
16 -0.624528 0.857079 3.55016
16 -0.0219677 -0.926408 5.93258
16 0.45561 1.12913 2.40785
16 -0.228666 -0.760158 5.751
16 0.15354 0.821879 2.88296
16 -0.312762 -0.495202 5.40305
16 -0.774284 0.405099 3.94994
16 0.151234 -0.924005 6.08463
16 -0.988635 0.106398 4.48721
16 0.7673 0.768353 1.3558
16 1.08147 0.149183 1.1691
16 -0.275821 -0.860693 5.88226
16 -0.671885 -0.481642 0.484021
16 0.572609 1.11107 2.23783
16 -0.763324 0.53477 3.91215
16 0.198347 0.642082 2.82385
16 0.256256 -1.19682 0.465499
16 -0.425224 -1.08251 5.60332
16 -0.694842 -0.639057 5.09212
16 -0.70466 -0.456479 4.90515
16 -0.0919536 0.747502 3.18637
16 0.700742 -0.580248 0.524701
16 0.773099 -0.782918 0.470316
16 -0.485444 -0.891721 0.209741
16 -0.308082 -0.978818 5.67556
16 0.242893 -0.798291 0.426059
16 0.202744 0.97821 2.77862
16 0.0496358 0.592327 3.04983
16 -0.814706 -0.185342 4.67707
16 -0.49584 -0.95848 5.53313
16 -0.545865 -0.430164 5.12405
16 0.727993 -0.55125 0.48812
16 -0.715966 0.118595 4.39524
16 -0.631061 -0.498359 4.97956
16 0.869935 0.53455 2.04252
16 0.490422 -0.388404 0.421776
16 -0.599686 0.105865 4.26297
16 0.225886 -0.773966 6.16863
16 0.528513 -0.458551 0.346102
16 -0.545644 -0.664204 5.24403
16 0.458695 0.570726 2.49687
16 1.02756 -0.722122 0.829717
16 0.283805 1.22532 2.4804
16 -1.13729 -0.553677 5.07789
16 -0.783122 -0.653674 5.16285
16 -0.270242 1.00487 3.20077
16 -0.881712 -0.384053 4.79498
16 -0.0757171 -1.22023 1.13466
16 -1.02304 -0.745124 5.2237
16 -0.58046 -0.942957 5.36114
16 -0.876911 -0.250235 4.59371
16 0.743347 0.641525 2.31378
16 -0.447431 -0.53025 5.23058
16 -0.286552 0.435787 3.55638
16 -0.912981 -0.821209 0.341004
16 0.536822 -0.585499 0.261514
16 0.183122 1.1852 2.56786
16 0.425 -0.779139 0.117037
16 0.819549 0.972011 2.15813
16 -0.926663 0.0497925 4.5092
16 0.117123 0.879948 2.92958
16 -0.414273 0.373692 3.77378
16 0.815066 -0.874558 1.1804
16 -0.960649 -0.279783 4.63843
16 -0.73028 -0.133023 4.63819
16 -1.04945 -0.0805312 4.65573
16 -0.226887 0.493039 0.904721
16 0.307713 -1.17364 0.498075
16 -0.022948 -0.721067 5.91619
16 -0.604289 0.909586 3.38741
16 -0.800165 -0.0129521 4.35775
16 -0.434937 -1.02877 5.74482
16 0.108743 -0.728029 6.06042
16 1.17007 -0.468849 1.49257
16 -0.881633 -0.803812 5.74232
16 1.20935 -0.425674 1.28454
16 -0.0652318 0.648826 3.16185
16 1.2475 0.49279 1.59101
16 -0.409726 -0.390062 5.16898
16 0.374397 -0.950717 0.276796
16 1.27835 -0.274054 1.22484
16 1.28261 0.201087 1.3844
16 -0.731929 -1.05273 6.08376
16 -0.286107 -1.00484 5.66622
16 0.60071 -0.524236 0.35591
16 -1.01659 0.152395 4.31368
16 -0.100522 0.683226 3.19919
16 0.247525 -0.83582 6.22519
16 -0.924484 -0.149686 4.5991
16 -0.088798 -0.861231 5.7845
16 -0.810245 0.914487 2.91063
16 0.756018 -0.766746 0.615897
16 -0.714844 0.681752 3.5385
16 0.342196 1.26285 2.2085
16 1.25069 0.0983894 1.13457
16 -1.02048 -0.397656 4.64034
16 0.901607 0.571105 1.66739
16 -1.14034 0.228226 4.24373
16 0.96843 0.887738 1.73581
16 -0.59459 0.391573 3.88644
16 -0.955574 0.694403 3.68065
16 0.594425 0.847198 2.403
16 1.29544 0.357154 1.42544
16 -0.0736304 -0.966789 5.82282
16 -0.55579 1.0907 2.75771
16 0.799701 -0.693768 0.515033
16 0.687343 -0.418859 0.479203
16 -0.516919 1.13115 2.45079
16 -0.259047 -0.850713 5.66674
16 -0.73914 0.834814 3.2269
16 0.995956 0.256244 1.77036
16 -0.595195 -1.03457 5.61082
16 -0.628263 -0.804271 5.38108
16 1.0684 -0.341902 1.02316
16 -0.284218 0.723568 3.41934
16 -0.496268 -1.1196 5.78776
16 0.797744 -0.952643 0.9395
16 -0.81306 0.338563 4.16041
16 -0.176768 -0.521476 5.62001
16 0.0333142 1.05743 1.2436
16 -0.0843486 1.03561 2.95625
16 -0.518303 -1.06379 5.60935
16 -1.03787 0.23716 4.19253
16 0.12966 -0.804849 6.03373
16 0.387039 -0.640339 0.097497
16 0.768281 -0.111907 0.686018
16 -0.435143 -0.722762 5.40254
16 -0.624757 -0.925021 5.36136
16 -1.11075 0.573198 2.96545
16 0.944722 0.0351528 1.43016
16 0.888439 0.846081 2.18091
16 1.08568 0.107204 1.13687
16 1.14377 0.424209 1.32416
16 -0.108935 -0.908742 5.82824
16 -0.218928 -0.520063 5.54591
16 0.0840558 0.874078 2.92797
16 -0.605276 0.738206 3.64114
16 1.31298 -0.0140328 1.37914
16 -0.984459 0.177718 4.37871
16 -0.822686 0.0670217 4.46615
16 -0.43522 1.01258 3.18364
16 0.259418 -1.12681 0.0357403
16 0.0772899 -0.865516 6.06149
16 -0.61976 0.829389 3.35082
16 0.725451 0.933068 2.34734
16 0.511828 0.498642 2.38787
16 -0.127495 -1.152 6.00485
16 -0.639347 -0.883191 5.58053
16 -0.676459 -0.314363 4.71991
16 1.11716 0.0516848 1.33234
16 -0.881286 -0.73574 5.17499
16 0.150085 0.0987689 0.622373
16 -0.150616 -0.9108 5.76258
16 1.00563 0.580019 1.33915
16 -1.09243 0.533529 2.45431
16 -0.195513 -1.25457 0.0674514
16 0.621073 -0.988886 1.39421
16 -0.603654 -0.946965 1.3927
16 0.0660099 1.00286 2.82967
16 -0.230044 -0.676422 5.66725
16 1.10181 0.59893 1.71779
16 -0.754333 0.873576 1.73061
16 0.410278 0.769012 2.60618
16 -0.770399 0.102265 4.38022
16 0.840851 -0.521088 0.54786
16 0.860527 -0.325187 0.743101
16 0.688882 0.639344 1.0301
16 -0.648357 0.588709 3.79673
16 1.2214 -0.351889 1.19264
16 -0.705847 0.94223 3.46738
16 0.0965026 -0.638655 6.08028
16 0.788832 0.720002 2.11054
16 0.866777 -0.297552 0.694708
16 -1.0124 0.391928 4.02397
16 -0.538978 -0.831742 5.34097
16 -0.478779 -0.564365 5.13813
16 -0.33115 0.655632 3.4829
16 0.806617 1.01494 1.97389
16 -0.567589 -0.920392 5.49656
16 0.441634 -0.715779 0.170356
16 0.262095 -0.949309 6.23902
16 0.769709 0.982609 2.13941
16 -0.959107 0.0109129 4.55674
16 0.602855 0.708228 1.23962
16 1.26667 0.296055 1.80296
16 0.626375 0.706183 2.45184
16 0.19597 0.88642 2.80886
16 -0.828357 0.447843 3.90411
16 -0.314423 1.01638 3.25113
16 1.08741 0.353763 2.04256
16 -0.17921 -0.972295 5.78426
16 -0.488196 -0.859332 5.37724
16 0.95115 -0.708169 0.618608
16 0.0340608 -1.16914 6.18526
16 0.409422 0.442564 2.52052
16 -0.762635 -0.607555 4.99301
16 -0.884046 0.264413 4.03385
16 -0.723308 0.963514 3.35898
16 -0.618923 -0.47207 5.04743
16 0.0455377 0.93772 2.99565
16 -0.674305 -0.209671 4.71221
16 1.08731 -0.549062 0.848206
16 0.706824 1.09512 1.67703
16 0.839555 -0.550506 1.61194
16 -0.0271822 -0.952856 5.85704
16 0.0533831 1.05454 2.82252
16 -0.527198 1.0194 3.34829
16 0.541853 0.92263 2.39081
16 0.516861 -0.855594 0.139103
16 0.0432108 -1.03042 6.01195
16 1.15797 0.364879 1.2789
16 0.706494 -1.05579 0.975092
16 0.0331873 0.55387 3.04034
16 0.440337 0.877364 2.4354
16 1.14402 0.124886 1.20283
16 -0.805454 -0.792861 5.12689
16 0.927694 -0.720104 0.73526
16 1.20102 0.249855 1.21292
16 0.424698 -0.746492 0.178777
16 0.498448 -0.874335 0.153339
16 0.226309 -0.86399 6.12962
16 1.09473 -0.276884 0.98912
16 -1.01689 0.073697 4.23422
16 -0.834691 0.93846 3.11359
16 -0.667485 -0.901875 5.48684
16 0.599572 -1.10249 0.888301
16 -0.846098 0.823374 2.98493
16 0.603612 -0.732517 0.391983
16 0.381845 -1.06881 0.432993
16 0.525405 0.722553 2.4736
16 1.12723 -0.446684 1.01558
16 -1.07103 0.565386 3.66801
16 -0.284538 -0.746645 5.57442
16 0.199633 0.551045 0.7609
16 1.03295 0.238018 1.06552
16 1.09203 -0.353783 1.18018
16 -0.928438 0.378037 4.14523
16 0.0787626 -1.14847 6.11288
16 0.850924 0.746973 2.00279
16 -0.140431 0.84716 3.22503
16 -1.04308 0.124825 4.23167
16 0.249205 -0.889752 6.23564
16 -0.799959 0.952188 3.13252
16 1.33962 0.0278006 1.35885
16 0.284911 1.14916 2.32825
16 1.00123 0.323358 1.10932
16 0.020719 -1.22026 1.33849
16 -0.312341 0.981921 3.21837
16 0.855848 0.550408 1.87882
16 -0.799587 0.18824 4.25415
16 -0.775394 -0.96312 0.904823
16 0.806711 -0.00794418 1.09895
16 -0.91655 -0.00234047 4.56108
16 -0.504738 0.248573 4.0103
16 -0.927513 -0.673698 5.04532
16 -0.121383 0.779786 3.25453
16 -0.334597 0.839846 3.37085
16 0.2643 -1.0826 0.126655
16 -0.369561 0.760797 3.47316
16 0.347049 -0.586935 0.13522
16 -0.465651 0.918537 3.44012
16 0.895676 0.415406 1.88699
16 0.0574864 0.493102 2.9392
16 -0.472026 0.143522 4.10879
16 0.809188 0.188831 1.18385
16 -0.129401 -0.745496 5.70657
16 -0.641303 0.741477 3.67283
16 -0.221099 0.735185 3.27311
16 -0.418877 -0.997605 5.70395
16 -0.227918 -0.880645 5.6889
16 0.487028 -0.803314 0.278623
16 1.00115 -0.633339 0.94872
16 -1.13373 -0.253894 4.63438
16 -1.10466 0.0917354 4.22614
16 1.14715 -0.0590529 1.60282
16 0.925723 -0.13346 1.01857
16 -0.126476 -1.1039 5.93757
16 -1.07056 -0.105781 4.5166
16 -0.480336 -0.581153 5.53949
16 0.768031 0.252122 2.18229
16 -1.06191 0.259205 4.09904
16 -0.354056 1.14279 2.47475
16 0.124857 1.09981 2.54209
16 -0.901304 0.214787 4.21192
16 -1.00922 0.214368 4.35742
16 1.10322 -0.47243 1.10423
16 0.851962 -0.691852 0.727814
16 0.824015 0.466963 1.05378
16 -0.257657 0.95435 3.26597
16 -0.0129874 1.10981 2.8135
16 0.708348 0.425928 2.14073
16 -0.482559 -1.05208 5.71559
16 -0.520771 -0.146189 4.6755
16 -0.627781 -0.635866 5.15183
16 1.15512 0.0641135 1.14001
16 -0.541513 -1.14094 5.98205
16 -0.707423 -0.287933 4.84686
16 -0.356454 -0.859214 5.51726
16 -0.672345 -0.981218 5.43644
16 1.10682 -0.0861761 1.3243
16 -0.471261 -0.782534 5.40159
16 0.930112 0.351396 0.961032
16 -1.04364 -0.484819 5.08559
16 -0.998318 0.00718052 4.4652
16 0.8945 0.430114 1.28214
16 -0.249009 -1.16161 5.91865
16 0.302983 -0.994897 6.25923
16 0.89129 -0.495747 0.696961
16 0.0527589 0.643656 3.03008
16 -0.641763 -0.342502 4.90414
16 -0.904782 -0.176839 4.39338
16 0.43316 0.650828 2.60202
16 0.51677 -0.755882 0.257878
16 -1.11863 -0.102269 4.69791
16 0.567228 -1.06274 0.338538
16 0.433073 0.348795 2.55962
16 -1.06779 0.343503 4.19771
16 0.216972 -1.20093 1.11036
16 0.501426 1.20454 2.16395
16 0.713535 -0.641692 0.507683
16 0.854666 0.0449651 0.817064
16 0.434934 1.2088 1.96073
16 -0.732717 -0.645758 5.0787
16 -0.508266 0.478587 3.75973
16 -0.890336 0.45349 3.98588
16 -0.969271 -0.0551326 4.32083
16 0.245322 0.61258 2.8338
16 -0.814381 -0.668256 5.04204
16 -0.582519 0.490358 3.81563
16 -0.875865 -0.887276 0.43333
16 -0.988526 -0.111588 4.64006
16 -0.349679 -0.904767 5.61828
16 0.980891 0.81197 1.55
16 0.339314 -0.888244 0.000540071
16 0.796741 -0.374625 0.605372
16 0.629108 0.900199 1.73968
16 0.281762 -0.728576 6.22179
16 -0.048163 0.217184 0.730277
16 -1.02755 0.178004 4.37546
16 -1.16677 -0.183289 4.59263
16 -0.718544 -0.836801 5.69473
16 -0.989633 0.625938 3.65864
16 0.501394 -0.47778 0.475865
16 0.592726 -0.867578 0.344112
16 0.557054 -0.790579 0.20607
16 -0.505391 0.923648 3.23901
16 0.762557 -0.593419 0.584453
16 0.326484 0.950408 2.64257
16 -0.289998 -0.545263 0.0407114
16 -0.80107 -0.427937 1.89585
16 0.688048 -0.892419 0.68366
16 0.555886 -0.724809 0.219773
16 0.825735 -0.0886909 0.983053
16 -0.412384 0.78617 3.40683
16 -0.0769378 -0.733846 5.84798
16 -0.974694 0.333034 4.0545
16 1.0187 0.675414 1.37041
16 0.5611 -0.942789 0.194695
16 0.70281 0.633484 2.26704
16 -1.12494 -0.215553 4.68375
16 0.664488 0.369175 1.10024
16 -1.07707 -0.144786 4.81317
16 1.0208 -0.144566 1.34844
16 -0.631519 0.0783787 4.43174
16 0.884158 -0.62483 0.615135
16 1.10743 -0.584656 1.27296
16 -1.00827 -0.646758 5.05773
16 -1.00931 -0.120747 4.55985
16 -0.988332 -0.31991 4.99078
16 -0.33624 1.09205 3.0815
16 -1.06783 -0.665037 5.17256
16 -0.39567 -1.13578 6.11674
16 -0.200779 -0.9345 5.82053
16 -0.680067 0.0175606 4.36825
16 -0.384669 0.660103 3.54987
16 0.81733 0.794053 1.96187
16 -0.935531 -0.108966 4.60676
16 0.853869 0.856827 1.69819
16 -0.95888 -0.706685 4.99801
16 -1.21253 0.18197 4.00861
16 -0.460279 -0.952891 5.50336
16 0.68544 0.495666 0.937964
16 -0.548669 0.16807 4.22723
16 0.407725 1.09813 2.49521
16 -0.57895 0.117568 4.29306
16 0.0792726 0.919295 2.9022
16 -0.542771 0.22918 3.99739
16 -0.843092 -0.647803 5.08274
16 0.746535 -0.822558 0.488827
16 0.74844 -0.63736 0.443143
16 0.116407 -1.10703 6.20573
16 0.74403 0.681389 2.11012
16 0.213678 -0.984787 0.0266698
16 -0.667618 -0.839278 5.39773
16 -0.476476 0.514923 3.74199
16 -1.17863 -0.234376 4.528
16 -0.935533 0.672889 3.61108
16 0.703396 -0.863491 0.465357
16 -0.0711995 0.871931 3.07219
16 -0.602643 0.442608 3.86322
16 0.850973 -0.133159 0.762179
16 -0.526872 -1.16745 0.413045
16 -0.170128 0.647391 3.32309
16 -0.999342 -0.0539446 4.45186
16 0.0474904 -1.0908 0.011367
16 0.355533 0.870688 2.74164
16 -0.835722 -0.0252717 4.36936
16 1.0984 0.531207 1.51354
16 -1.18493 0.119178 4.15224
16 0.852345 0.989904 2.0288
16 -0.902958 0.120091 4.42144
16 0.246256 -1.21423 0.693591
16 -0.56601 0.394184 3.90045
16 1.20793 0.186804 1.5634
16 1.16122 -0.189453 0.87842
16 -0.174607 1.16277 2.89619
16 0.278833 0.800848 2.78553
16 0.331719 0.667463 2.65656
16 0.230895 1.17878 2.53596
16 1.06869 0.00214008 1.53827
16 -0.715498 0.770579 3.40548
16 0.612889 -1.02416 0.46374
16 -1.06111 0.446477 3.63169
16 1.19172 -0.391404 1.25146
16 -0.183821 -1.01529 5.7389
16 -0.44211 0.503201 3.68639
16 0.376002 1.22442 1.96946
16 -0.374178 0.445765 3.65315
16 -0.120523 -0.843294 5.77735
16 0.411931 -0.456748 0.22756
16 -0.0581493 -0.582943 5.8647
16 0.601279 -0.396035 0.462187
16 1.08908 0.381243 1.58862
16 1.12299 0.646369 1.54601
16 -0.536626 0.279421 4.05083
16 0.974264 0.676675 1.82565
16 -0.0382667 0.623008 3.18247
16 0.253133 -0.548777 6.25954
16 -0.536144 -0.94651 5.46726
16 -0.947221 -0.191729 4.70609
16 -0.453808 -0.851193 5.53942
16 -1.052 0.0470892 4.1868
16 1.03415 0.600788 1.52665
16 0.672263 -0.621767 0.455163
16 -0.417911 0.437507 3.75786
16 1.10847 0.68021 1.52493
16 0.677981 0.484893 2.1647
16 -0.719741 0.708373 3.69796
16 1.01636 -0.684175 1.35585
16 -1.1133 -0.572916 4.9458
16 -0.789202 0.0300454 4.36929
16 -0.388889 0.8362 3.39777
16 0.599912 0.744364 2.4343
16 0.633781 0.550675 2.23256
16 -0.350779 1.20349 2.716
16 -0.682698 -0.769762 5.34076
16 -1.19835 0.25686 4.12131
16 -0.154508 -0.609758 5.69134
16 -0.355391 -0.594435 5.33225
16 0.463252 0.473066 2.49341
16 -0.0151998 -0.828834 5.85926
16 0.0135299 1.03066 2.80505
16 0.223586 -0.684702 6.14574
16 0.358458 1.06325 2.57118
16 0.285266 1.18178 2.55135
16 0.419048 0.690179 1.32974
16 -0.555297 -1.06565 5.64467
16 0.696888 -0.495185 0.404459
16 -0.0797209 -0.983873 5.98358
16 -0.350931 -0.674374 6.108
16 0.107333 0.925138 2.94241
16 0.527149 -0.939656 0.184757
16 -0.641714 -0.672541 5.47409
16 -1.07043 -0.479324 4.90664
16 -0.746733 0.433525 4.01554
16 -1.0159 0.436842 3.85506
16 -0.243096 1.1727 2.71815
16 0.456597 -1.06917 1.37446
16 0.853077 0.302261 2.05653
16 1.08567 -0.156884 1.19719
16 -0.830947 0.312963 4.13721
16 -0.00191369 0.0246262 2.43152
16 1.24887 0.264192 1.88315
16 -0.282203 1.1864 1.90027
16 1.07472 0.444852 1.53192
16 -0.292498 0.941658 3.27153
16 1.07515 0.0833806 1.82876
16 0.480084 0.916343 2.54156
16 -1.09718 -0.475005 4.77984
16 0.683606 1.07614 2.12295
16 -0.891205 -0.637861 4.95494
16 1.17801 0.0941049 1.75854
16 -1.01018 -0.511287 4.80914
16 -0.746189 -0.405805 4.87782
16 0.62614 -1.00237 0.335843
16 -0.286545 -1.127 5.90202
16 0.821347 -0.56412 0.691605
16 0.723217 0.734941 2.29046
16 -0.059626 -1.12061 0.134117
16 -0.657912 0.213936 4.19083
16 -0.779799 -0.00261689 4.41073
16 -0.424696 0.571187 3.6111
16 -0.844171 0.612999 3.84848
16 -0.0343604 1.14849 2.59668
16 0.877875 0.326704 1.39304
16 -0.88413 -0.197554 4.59231
16 1.24232 0.343217 1.52837
16 0.337893 -0.679635 0.0163276
16 -0.740492 0.884854 3.32772
16 0.782816 -0.435261 0.62595
16 -0.774443 -0.52622 4.86708
16 1.13436 -0.00652443 1.55122
16 -0.964062 -0.567084 5.02717
16 1.06727 -0.554407 1.40032
16 0.156905 1.12426 2.72729
16 0.274633 -0.685665 6.18852
16 -0.475468 0.423115 3.74107
16 0.430656 0.796591 2.56461
16 0.0919031 0.625367 2.99499
16 -0.950021 -0.0537662 4.65103
16 0.940173 0.946087 1.94117
16 0.523184 0.638029 2.4351
16 0.750082 0.536969 2.1401
16 0.972495 0.181993 1.19028
16 0.308103 -0.640828 6.24787
16 0.9029 0.629917 2.00728
16 -1.0767 -0.339454 4.6183
16 -0.338964 -0.551948 5.36304
16 -1.14497 0.00927372 4.27837
16 -0.273564 -1.10027 5.80391
16 0.96932 0.72452 1.83309
16 -0.00771658 -1.20218 6.1844
16 -0.596487 -0.569554 5.2842
16 0.649842 0.912287 2.17522
16 0.163273 1.06219 2.75823
16 -0.736534 0.161951 4.16863
16 -0.241322 1.016 3.20531
16 -0.176098 -1.04667 5.74859
16 -0.57436 -0.55352 5.10389
16 0.0665694 1.03178 2.8885
16 0.233595 0.840472 2.84348
16 1.08354 0.530057 1.25026
16 0.918384 -0.652871 0.771999
16 1.25966 0.0449259 1.52768
16 0.906377 -0.847594 0.907193
16 -0.329243 0.502564 3.64354
16 0.684293 -1.02234 0.833474
16 0.790974 -0.199289 0.731176
16 -1.01523 0.521721 3.88464
16 -0.169907 1.13314 2.81339
16 -0.790739 -0.552591 5.00665
16 0.101899 -0.786809 6.01433
16 -0.128785 -0.691203 5.69653
16 -0.960746 0.517477 3.95444
16 0.134478 -0.886559 6.07229
16 0.926891 0.535488 1.65891
16 0.94876 -0.621426 0.764075
16 0.143454 -1.01015 6.14601
16 0.615773 -0.772584 0.338095
16 0.205802 -0.719594 6.11537
16 -0.536383 0.523191 3.79998
16 1.20352 0.207981 1.21412
16 -0.493433 0.849376 3.46168
16 0.914543 -0.738083 0.864808
16 0.449237 0.968665 2.55015
16 -0.297975 0.604929 3.4848
16 -0.557439 -0.237637 4.77255
16 0.848658 -0.869584 0.902226
16 0.480356 -0.947173 0.352996
16 -0.794025 -0.264741 4.65254
16 0.746491 0.441787 2.14169
16 0.724925 -0.982454 0.628414
16 -0.782676 -0.191727 4.65579
16 -0.636734 0.924942 3.39747
16 -0.0240648 -0.97987 5.95961
16 -1.0373 0.687423 2.83754
16 -0.599866 0.18343 4.19908
16 -0.269232 1.20569 2.40389
16 -0.439964 0.234765 3.98496
16 -1.15243 -0.047452 4.4478
16 0.890188 0.867447 1.46367
16 0.946804 0.373588 1.43764
16 0.0375793 1.0776 2.75614
16 -0.210535 -0.772046 5.67498
16 -0.848431 0.211765 4.24909
16 0.83468 -0.185091 0.890166
16 1.27017 0.342887 1.71359
16 -0.812527 0.261042 4.23616
16 -0.520118 0.971158 3.3888
16 0.255928 1.06359 2.6332
16 0.15491 0.991277 2.83416
16 0.502928 -0.999997 0.258665
16 -0.732207 -0.218337 4.67468
16 -0.324769 0.447604 3.60222
16 -1.13401 0.16032 4.26067
16 -0.383238 0.721054 3.52267
16 0.122877 0.465332 2.74965
16 1.02693 -0.00360576 0.95941
16 0.575153 -1.01962 1.54941
16 -0.999351 0.356234 4.19609
16 -0.955859 0.396938 4.12436
16 -0.660787 0.172931 4.23238
16 1.20662 0.0357492 1.26425
16 -0.0451561 -1.03114 5.95095
16 -0.0164994 0.574282 0.906581
16 0.0860232 -1.02078 6.08558
16 1.11724 0.0997872 1.38548
16 1.04341 -0.193207 0.810298
16 0.859071 -0.180886 0.832988
16 0.835341 0.135071 0.845342
16 0.87244 0.855767 1.9101
16 -0.516825 -0.801558 5.56626
16 1.07347 -0.18158 1.45153
16 -0.46988 -0.92314 5.52109
16 1.04704 0.570977 1.55857
16 -0.79395 -0.508322 4.96451
16 -0.232485 0.607515 3.4312
16 -1.11734 0.498659 2.6952
16 0.754397 -1.03539 0.727335
16 0.131843 1.22059 2.20892
16 -0.861937 0.505486 3.9939
16 0.0866119 1.16946 2.54873
16 -0.686209 -0.721403 5.11602
16 0.688535 -0.140018 0.678801
16 0.112468 -0.756793 5.99954
16 0.45564 1.09495 1.39926
16 0.204955 1.11589 2.68274
16 1.21799 0.421925 1.40796
16 -0.855637 -0.771496 5.14501
16 -0.71826 -0.361054 4.80567
16 0.787666 1.00901 1.69586
16 0.914653 0.373752 1.90116
16 0.669762 -0.521658 0.523849
16 -0.798715 -0.233802 4.65742
16 0.42225 0.907791 2.5685
16 1.18987 0.523969 1.3856
16 -0.0425462 -0.890584 6.20517
16 0.367516 -0.575515 0.0877562
16 1.22564 -0.396833 1.166
16 -0.909686 -0.0320374 4.60823
16 -0.482198 1.00853 3.36919
16 -0.478354 -0.658476 5.29062
16 -0.289785 -0.663213 5.52368
16 0.384687 0.591662 2.61665
16 -0.0329652 -1.16146 6.09548
16 -0.894988 -0.500999 4.91982
16 -0.624961 -0.887493 5.3924
16 -0.455797 0.877474 3.43894
16 0.761569 -0.552058 0.501172
16 0.981567 -0.383594 0.898425
16 -1.05146 -0.578304 4.92391
16 -0.493911 -1.01044 5.55833
16 0.291364 -0.88037 6.24928
16 -0.176455 0.932488 3.20839
16 -0.954225 0.0710225 4.52617
16 -0.0879004 1.08745 2.78125
16 0.253121 0.94027 2.77929
16 0.0849917 -1.0849 6.21616
16 0.540315 0.340864 2.42665
16 -0.94736 -0.234063 4.50098
16 -0.875425 -0.614141 5.08279
16 -0.771266 -0.909395 5.55372
16 -0.426659 -0.902586 5.48179
16 0.628369 0.500341 2.21139
16 -0.67203 0.92597 3.26906
16 -0.747573 0.72162 3.69058
16 -0.67673 -0.0178446 4.38596
16 -0.994125 -0.186236 4.5957
16 -0.476387 -0.244797 4.85539
16 0.715821 0.268295 0.832266
16 -1.14266 0.427077 3.14627
16 1.19131 -0.0161118 1.48536
16 -0.135504 1.04792 3.03115
16 -0.608075 -0.600039 5.10941
16 -0.679349 -0.233812 4.64463
16 -0.00734508 0.707743 3.08907
16 -0.224667 0.493956 3.44967
16 0.396991 0.656727 2.57597
16 -0.147186 0.717353 3.24727
16 -0.804781 -0.91925 5.39654
16 -0.767205 -0.59639 5.16725
16 1.02624 -0.32482 0.777197
16 0.0661545 0.712323 3.03975
16 -0.700275 -0.0813169 4.47132
16 0.27599 -0.983866 0.0499029
16 0.863281 0.663106 2.07423
16 -0.841855 0.457428 3.64678
16 0.616935 -0.463221 0.397613
16 -0.709141 -0.992318 5.49826
16 0.0401494 0.677828 3.07507
16 -0.769032 -0.994282 5.48827
16 0.949031 -0.7774 0.824748
16 0.173649 1.17096 2.40155
16 0.448644 1.19489 2.35252
16 -0.342039 -0.747576 5.53305
16 -0.889467 -0.0731832 4.5416
16 -0.945106 0.24867 4.34814
16 0.382678 1.06042 2.63294
16 -1.21227 0.0353803 4.3851
16 0.797568 0.827513 1.29912
16 0.249747 -1.03503 0.0216989
16 -0.448722 0.61082 3.6419
16 0.0220121 0.777554 3.04302
16 0.969096 -0.100393 0.801032
16 0.397542 -0.889654 0.163194
16 0.272839 -1.20687 0.242865
16 0.136495 -0.536768 6.2073
16 0.0601571 1.11631 2.72325
16 0.368852 -0.716044 0.167591
16 0.0999382 0.774884 2.95512
16 0.693134 0.268422 2.16626
16 -0.897652 0.0379355 4.48179
16 -0.351335 -0.63681 5.49752
16 -0.901772 -0.133412 4.42852
16 -0.935029 0.178049 4.34984
16 -0.968103 -0.141627 4.46659
16 -0.749251 0.492007 3.87892
16 1.20696 0.601886 1.64539
16 -0.623006 0.00415296 4.43596
16 -0.19666 -0.566901 5.66958
16 -0.358313 0.551384 3.60465
16 0.317533 1.12286 2.58932
16 -0.401958 0.944114 3.23074
16 0.230093 0.801645 2.81661
16 -0.872223 0.289287 4.14649
16 0.838499 0.206283 0.884231
16 -0.408511 1.07723 3.13987
16 -0.382029 -0.574757 5.3283
16 -1.04584 -0.373424 4.6758
16 1.18389 -0.253719 1.0617
16 0.737611 -0.789804 0.693299
16 -0.2758 0.472543 3.55472
16 -0.82907 -0.943827 0.542271
16 0.473938 -0.588743 0.203819
16 -0.385823 -0.503014 5.26261
16 -0.311507 0.90452 3.31988
16 -0.708617 0.780943 3.61392
16 0.876138 0.705657 2.02781
16 -0.117161 0.999246 3.04334
16 -0.289654 -0.959045 5.87485
16 0.488235 1.08695 2.38449
16 -0.200841 0.827212 3.20527
16 -0.436979 -1.19084 0.237426
16 -0.762524 -0.951301 5.36762
16 1.08967 0.700826 1.46118
16 -1.08327 -0.419309 4.86188
16 -0.882379 0.13128 4.17919
16 1.19216 0.394981 2.00243
16 -1.05015 -0.324725 4.73757
16 1.05703 0.330496 1.77836
16 -0.0749141 0.903637 3.11439
16 -0.301803 0.857674 3.34669
16 0.787742 1.0529 1.80999
16 1.07693 0.349163 1.64418
16 -0.181766 -0.631785 5.62556
16 0.518387 -0.966938 0.232887
16 0.29302 0.556021 2.70833
16 -0.219652 0.936832 3.19557
16 -0.54176 -0.903399 5.5632
16 -0.26221 0.832637 3.27986
16 -0.745404 0.306343 4.01191
16 -0.847149 -0.0822688 4.51952
16 -0.492184 0.000542184 4.39435
16 -0.19975 -1.18705 6.02087
16 0.228006 0.945468 2.73989
16 1.32044 0.393249 1.56794
16 -0.741293 -0.341767 4.95569
16 0.734462 0.535801 1.79794
16 0.926913 -0.359624 0.893966
16 -0.501213 1.07236 3.04617
16 -0.59843 -0.394261 4.97554
16 -0.555047 -0.606643 5.13645
16 -0.498631 -0.793885 5.30726
16 0.665824 0.834221 2.31917
16 -0.609181 -0.959738 5.80206
16 -0.850132 -0.684577 4.99955
16 0.421021 -0.996733 1.55582
16 1.06976 -0.489197 1.09643
16 -0.545077 0.46943 3.85427
16 -0.443385 -0.65595 6.25448
16 -0.500862 0.727545 3.56109
16 -0.243998 -0.985693 5.78333
16 0.492798 -1.11039 0.587973
16 0.469605 0.533109 2.52111
16 0.0334521 0.991318 2.82976
16 -1.07727 -0.39227 4.92453
16 -0.208395 -1.12054 5.80208
16 -0.0893891 0.603701 3.19116
16 0.69978 -0.826951 1.61127
16 -0.836328 -0.618526 5.45677
16 1.01892 0.257123 1.89898
16 -0.418882 0.659034 3.54225
16 -0.275747 0.778555 3.35293
16 -0.685795 0.119655 4.07091
16 1.16628 -0.360063 0.980937
16 -0.66498 -0.788649 5.32189
16 -1.13785 -0.2421 0.947837
16 0.293584 0.982611 2.64975
16 -0.586734 0.615245 3.70674
16 -0.761856 -0.000632334 4.20338
16 -1.1219 0.257034 4.2474
16 0.528724 -0.671191 0.258345
16 0.171525 -1.02685 6.13719
16 -0.605894 0.256088 4.16231
16 -0.417322 0.871087 3.34854
16 1.01203 -0.440523 0.973781
16 -0.832432 0.741126 2.82137
16 -0.333668 1.03816 3.19609
16 -0.511347 0.655917 3.63735
16 0.292617 0.877552 2.77158
16 -0.166622 1.01499 2.86054
16 -0.192821 0.520892 3.42312
16 -0.976713 -0.230013 4.58753
16 0.482301 -1.12095 1.14314
16 0.267463 -0.812729 6.20293
16 -0.789667 -0.993744 5.65696
16 -1.01314 0.607168 3.57614
16 1.11996 0.176409 0.941406
16 -0.988294 0.737279 3.07464
16 -0.663251 0.669486 3.73481
16 -0.948993 0.613626 3.86974
16 0.0296657 -1.13742 6.12919
16 -0.991488 -0.402399 4.86522
16 0.448857 1.17129 2.10556
16 -0.776905 0.885377 3.57986
16 -0.196534 0.789508 3.26328
16 -0.644204 -0.164387 4.67479
16 -1.11417 -0.263711 4.5499
16 0.343995 0.799754 2.74263
16 -0.403344 0.889099 3.41527
16 -0.596416 0.777184 3.63319
16 -0.927666 0.211151 4.37016
16 0.801917 0.3737 2.16436
16 0.487159 -0.90455 0.211879
16 -0.45697 -0.688736 5.32922
16 0.602009 0.398501 2.30419
16 0.921631 0.272249 1.85181
16 -1.07569 -0.166161 4.42495
16 0.0283606 0.892051 2.99508
16 0.661745 0.415153 2.14972
16 1.22852 0.533934 1.57991
16 0.576361 0.762853 2.42878
16 -0.874101 0.556461 3.86085
16 -0.468056 -0.42037 5.20618
16 -0.686994 0.817508 3.6109
16 -0.592439 -0.757255 5.20422
16 0.255274 -0.655272 0.00831248
16 -0.229415 -0.798002 5.69575
16 -0.726113 0.509579 3.87892
16 -0.825187 0.0443638 4.42087
16 -0.630367 0.1447 4.3017
16 0.814472 1.0559 1.91301
16 1.17656 0.403259 1.8047
16 0.63819 -0.510324 0.436219
16 0.976531 -0.24101 1.22284
16 -1.16544 0.155612 1.51455
16 -0.205454 -0.643132 5.68153
16 -0.240475 0.766044 3.32175
16 0.882504 -0.0201119 0.930282
16 -0.885164 0.525373 3.83635
16 1.26347 0.45443 1.77776
16 1.08022 0.207382 1.22924
16 -0.631599 0.346636 4.04259
16 0.088616 1.15093 2.07641
16 -1.0441 -0.106162 4.60896
16 1.04418 0.360488 1.2236
16 0.123447 -0.855179 6.06659
16 0.295457 0.634347 2.71716
16 0.472261 1.22035 2.07457
16 -0.6448 -0.992134 5.37124
16 0.449861 -0.0570854 0.766078
16 -0.837866 -0.556001 4.99666
16 -0.235023 -0.515717 5.63212
16 -1.20793 -0.221904 4.56894
16 1.03658 -0.467419 1.59732
16 -0.220634 1.082 3.00874
16 0.986699 0.877379 1.9326
16 -0.394697 -1.07346 5.76701
16 0.253704 1.02587 2.61935
16 0.11704 0.209167 0.736949
16 -1.08079 0.5126 3.2994
16 -0.501734 0.140527 4.19846
16 0.00499461 1.14881 2.65154
16 0.954803 0.396442 1.98039
16 -0.772413 0.578768 3.60943
16 -0.534996 -0.701033 5.24053
16 -0.0199166 0.966368 2.95465
16 0.752085 -0.700279 1.40575
16 -0.450404 0.45487 3.72674
16 1.01752 -0.0636429 1.29936
16 -0.00817325 0.663195 3.12394
16 -1.00918 -0.703218 4.99188
16 0.072587 -0.898968 5.99122
16 0.571429 -0.677164 2.01665
16 -0.513866 -0.575175 5.29029
16 0.263924 -0.617197 6.19501
16 0.876777 0.387816 2.18056
16 1.01163 -0.396582 0.981486
16 1.05852 0.320213 2.11973
16 -0.298417 0.825353 3.16323
16 0.0551828 -1.11777 6.12246
16 -0.85665 -0.216177 4.79177
16 -1.15327 0.0591593 4.26312
16 -0.95814 -0.792175 5.09255
16 -0.812421 -0.0369725 4.29625
16 -0.0526564 -0.777031 6.07269
16 0.648208 -0.593591 0.507029
16 0.856913 0.949348 2.14604
16 -0.304706 0.714592 3.37032
16 1.01812 0.512879 1.43818
16 -0.522146 -0.00882407 4.33516
16 -0.575113 -0.47599 5.12301
16 -0.450284 0.964625 3.38256
16 0.492075 -0.968931 0.413176
16 -0.399285 -1.04019 5.62199
16 -0.588335 -0.664314 5.15133
16 -0.519613 -0.418154 4.9924
16 0.795784 0.046235 0.878669
16 -0.379051 -0.807889 5.49397
16 -0.895373 -0.822693 5.27905
16 0.467774 -0.86574 0.145707
16 -0.861873 -0.186394 4.84089
16 -1.15802 -0.328494 4.61413
16 0.624404 -0.571799 0.446886
16 0.583508 0.885689 2.37978
16 -0.396774 -0.693779 5.43655
16 0.626796 -0.339755 0.502223
16 -0.503156 0.937498 3.42535
16 -0.810649 -0.759978 5.3304
16 -0.864007 0.356795 4.18837
16 -0.67203 0.423492 3.95018
16 1.13825 0.345554 1.95891
16 0.00800873 -0.559815 6.0364
16 -0.537753 -0.358821 4.95176
16 0.735727 1.02398 2.14198
16 1.00293 -0.100628 1.91847
16 0.70403 1.01683 1.78821
16 -0.161882 -0.852993 5.6772
16 1.07683 -0.254706 1.20681
16 0.179481 -0.790923 6.09475
16 0.481404 -0.648455 0.200676
16 -0.160176 0.782956 3.25281
16 0.840328 0.5087 1.89556
16 0.951476 0.727269 1.40799
16 0.845273 0.365773 1.93579
16 1.03388 0.550752 2.03668
16 0.314223 -0.756979 0.0416003
16 0.312123 0.913142 2.68062
16 -0.930774 -0.170646 4.41263
16 1.16662 0.535068 1.33425
16 -0.51641 -0.484641 5.16521
16 0.938589 0.561685 1.92023
16 -0.863651 0.0919489 4.26719
16 0.142584 -0.722868 6.04852
16 0.123345 1.27859 2.47225
16 0.585758 -0.986093 0.349034
16 -0.69755 0.526208 3.86723
16 -0.582001 -0.0294181 4.41065
16 -0.714572 0.549333 3.93821
16 0.787343 0.857526 2.20312
16 -0.667251 -0.601468 5.11595
16 -0.459763 -0.374957 5.0621
16 0.613989 -0.90044 0.356496
16 -1.20076 0.00434974 4.18402
16 -0.646611 -0.362434 4.83668
16 -0.138524 0.943827 3.17048
16 -0.980616 -0.348625 4.86264
16 -0.903338 -0.915936 5.54954
16 -0.27073 0.65776 3.45846
16 -0.840535 -0.479438 4.80997
16 -0.766691 -0.325159 4.72887
16 -0.575271 -0.523317 5.15096
16 0.721347 -0.0210414 1.82974
16 -0.370346 -0.848467 5.6123
16 0.944674 -0.468996 0.95979
16 -0.875559 -0.439929 4.71415
16 0.992445 0.526467 1.35691
16 1.24182 0.564487 1.91241
16 -0.757363 -0.0607101 4.36467
16 0.703386 0.977946 2.19583
16 -1.18969 -0.0442392 4.16132
16 -0.796451 -0.0726821 4.327
16 0.536641 -0.616787 0.276915
16 0.319489 1.03095 2.7049
16 -0.156412 0.74322 3.31372
16 0.597594 -0.28326 0.597668
16 -0.327437 -0.986488 5.77305
16 -0.641208 0.690317 3.73118
16 -0.113949 0.820346 3.17839
16 -0.761127 0.961446 3.11217
16 0.426898 -0.83219 0.153788
16 -0.295457 -1.05141 5.66762
16 -0.449984 0.583355 3.5587
16 -0.772798 -0.231305 4.5381
16 0.947949 -0.0929746 1.1904
16 0.826017 0.302576 1.62853
16 0.812032 -0.936929 0.659271
16 0.0627059 -0.563751 6.01211
16 1.18243 0.501864 1.76069
16 0.947584 0.819735 2.13801
16 0.993101 0.498123 2.21778
16 -0.649248 0.457227 3.91243
16 -0.590734 -0.849839 5.30343
16 0.0478851 1.28578 2.30343
16 -0.621799 -0.545988 5.35692
16 0.164622 -1.05663 6.22455
16 -0.576953 -0.711908 5.18322
16 -0.891162 -0.451338 4.93783
16 0.30823 1.07774 2.188
16 0.536527 -0.820228 0.247443
16 1.224 0.158874 1.64659
16 -0.400145 -1.16005 5.79731
16 0.932841 -0.411483 0.730889
16 -0.743891 -0.011211 4.52588
16 -0.184305 -0.803719 5.68753
16 -0.667488 0.255635 4.09578
16 0.850231 -0.0716916 0.929662
16 -0.344728 0.470439 3.65774
16 0.425487 -1.18255 0.60652
16 0.58667 1.12708 1.87923
16 -0.835671 -0.141534 4.71588
16 -0.224401 -0.82298 5.73145
16 0.676992 0.562455 2.21562
16 -0.00199456 -0.388596 0.180511
16 0.962761 0.423709 1.3868
16 1.24542 0.470869 1.68932
16 -0.238992 0.841133 3.30585
16 0.555413 1.08828 2.3889
16 -0.666594 -1.02074 5.59315
16 -0.683404 -0.415067 4.88416
16 -0.833639 0.761358 3.59898
16 -0.863388 -0.0730353 4.63336
16 0.444377 0.934938 2.56376
16 0.351089 0.306644 0.927018
16 0.775773 -0.835974 0.454027
16 0.951428 0.12117 1.83317
16 0.827048 -0.900682 0.912236
16 -0.281205 0.889547 3.34382
16 0.853539 -0.833131 0.65734
16 -0.00938141 -1.23913 0.065634
16 -0.732775 -0.686691 5.22644
16 -0.891925 0.88925 3.13982
16 0.803205 -0.515218 0.695463
16 0.850897 0.437968 1.94693
16 0.515617 0.818294 2.49026
16 -0.740781 0.57007 3.88263
16 -0.854916 0.128601 4.3105
16 -0.176277 -0.844537 5.78631
16 -0.434266 0.82428 3.49186
16 -0.398494 -0.56252 5.39965
16 0.910133 -0.0526643 1.04234
16 0.590501 -0.835116 0.270807
16 1.11487 -0.54644 1.1846
16 -0.109307 0.911147 3.12086
16 0.227878 -1.05587 0.0600976
16 -0.634502 -0.485794 5.22915
16 -0.520686 0.0259957 4.41182
16 0.469895 -0.779901 0.171868
16 -0.310163 -1.10382 6.00267
16 -0.758105 -0.852915 5.36353
16 -0.113554 0.360231 2.92096
16 -0.570899 -0.114379 4.57086
16 0.630887 -0.386363 0.438672
16 -0.16616 1.04354 3.02284
16 0.216448 -0.559299 6.26045
16 -0.19632 -0.736482 5.81526
16 -0.652158 0.270592 4.17752
16 -0.50087 -0.624517 5.22987
16 1.00128 0.355668 0.962664
16 1.00336 -0.222286 1.61989
16 -0.582519 -0.794304 5.22886
16 -0.707742 -0.350779 5.00951
16 -1.12037 0.00998229 4.45372
16 0.942599 0.257631 1.93133
16 0.393441 -0.700405 0.119939
16 -0.775334 -0.12402 4.56929
16 -0.790198 0.476315 2.98381
16 -0.310084 1.16696 2.8313
16 -1.06706 -0.043124 4.6183
16 -0.70986 -0.622553 5.18251
16 1.13449 -0.243053 1.14862
16 0.588611 -0.502358 0.445487
16 -0.357139 0.518342 3.5907
16 -1.10237 -0.0253672 4.40854
16 1.20277 0.41124 1.57385
16 0.465448 -0.262957 0.450145
16 -0.720397 0.367196 4.10309
16 -0.628469 -0.325757 4.97992
16 0.907118 -0.347842 0.744366
16 -0.862043 -0.416878 4.83143
16 0.404089 -1.02872 0.0970247
16 -0.860516 0.852702 3.24312
16 0.953549 -0.752393 0.650024
16 -0.560188 -1.08839 5.84678
16 -0.946055 -0.620919 1.60373
16 -0.249543 -1.04413 5.71608
16 -0.94217 0.154204 4.3438
16 0.343349 1.1023 1.94061
16 0.889321 -0.112776 1.18443
16 -0.812395 0.468762 4.0066
16 -1.05646 0.274235 4.24386
16 0.230174 -0.823518 0.182318
16 1.1085 -0.301362 1.08898
16 -0.33417 0.615143 3.51194
16 -0.0852024 -0.793937 5.78633
16 -0.478825 -0.277522 4.88816
16 1.01562 0.78984 1.7852
16 -1.15608 -0.15299 4.66474
16 1.20513 0.498811 1.42179
16 -0.78506 -0.727081 5.07942
16 0.978181 0.23449 1.1966
16 -0.68835 0.473042 3.91356
16 0.547376 -0.991935 1.11406
16 -0.691288 1.02769 3.0397
16 0.703358 -0.899007 1.2272
16 0.649033 1.10125 2.07189
16 -0.393576 -0.424478 5.23356
16 -0.696984 0.159733 4.31041
16 -0.743671 0.0814892 4.3593
16 0.841022 -0.459334 0.60701
16 0.138001 1.06017 2.68194
16 0.536436 1.01921 2.36152
16 1.13329 0.155557 1.05317
16 -0.727011 -0.505863 5.03705
16 0.558412 -0.482571 0.422825
16 -0.166857 0.615973 3.2888
16 0.760247 -1.01458 0.571745
16 -0.628043 -0.844114 5.36632
16 -0.850818 0.651959 3.67457
16 -0.708144 0.448634 3.90781
16 0.25283 0.745519 2.79241
16 1.22097 0.000636323 1.75017
16 -0.00262581 -0.732603 5.8605
16 -0.257881 -0.704373 5.62631
16 0.384375 0.742063 2.55943
16 0.770984 -0.488059 1.88678
16 -0.637736 -0.416764 4.94792
16 0.980109 0.560354 1.24836
16 -0.497472 0.603309 3.6116
16 1.23653 0.0228532 1.68349
16 1.05597 0.800729 1.77327
16 -0.350982 -0.931556 5.8205
16 -0.0400746 -1.05017 1.77314
16 -0.178013 0.834883 3.25067
16 0.211118 -0.917893 6.12906
16 -0.176466 -0.735223 5.71149
16 -0.395002 0.692665 3.53888
16 -0.235718 -1.12851 5.84297
16 0.570758 -0.24706 0.661863
16 -0.685248 -0.274536 4.91973
16 -0.962256 -0.380575 4.60658
16 0.380461 -1.14116 0.294154
16 -0.550203 0.733873 3.63196
16 -0.694277 -0.931643 5.76477
16 -1.18847 0.210864 4.08395
16 -0.620651 0.563942 3.7973
16 -0.406605 0.746902 3.45085
16 1.05168 -0.0197037 1.0353
16 0.636766 -0.868992 0.304292
16 0.750457 -0.396268 0.600937
16 0.697303 -0.371671 0.6321
16 -0.485462 -0.208217 4.81283
16 0.81133 -0.333004 0.592
16 0.958573 0.753531 1.78435
16 -0.418843 -0.744458 5.35387
16 0.525438 1.05902 2.3458
16 -0.596753 0.15219 0.726815
16 -0.380326 1.02278 2.27017
16 0.350383 -0.37696 0.230014
16 0.37311 -1.01176 0.224456
16 -0.675923 0.378884 4.02664
16 0.660307 0.768275 2.32085
16 1.09272 -0.184406 1.23616
16 0.448992 -0.557185 0.200873
16 0.331867 0.896071 2.75387
16 0.82453 0.429448 2.17176
16 -0.431821 -1.15834 5.84827
16 0.532885 0.753944 1.8789
16 1.09062 0.490111 1.46656
16 0.138142 0.603617 2.93465
16 0.527564 -0.549132 0.294125
16 -0.480831 0.77364 3.46015
16 -0.630896 -0.103433 4.60777
16 0.199868 0.861712 2.88746
16 -1.0609 0.0703197 4.26748
16 0.0144322 -0.922028 5.91548
16 0.408142 0.992602 2.5836
16 1.07373 -0.457022 0.859299
16 0.0702609 -0.823474 5.98773
16 0.155968 1.03363 2.85764
16 -0.262401 1.07298 3.04928
16 -0.320688 0.249616 0.871455
16 -0.569418 0.0449602 4.3917
16 0.305757 -0.498647 0.114333
16 -0.556004 1.1362 2.95153
16 -0.0216505 0.513272 3.00429
16 0.281776 0.714587 2.72005
16 0.665091 -0.364558 0.435461
16 0.464935 -0.689525 0.177154
16 -1.02097 0.283566 4.26598
16 1.13588 0.573654 1.37174
16 -0.778791 0.234727 4.26165
16 -0.0403467 0.588666 3.12325
16 0.39333 -1.07349 0.128271
16 -0.849411 0.805764 1.70916
16 -0.351671 0.916175 3.34729
16 -0.0688881 -1.2296 0.0340183
16 -0.934069 -0.653121 5.12006
16 -0.736929 0.0593275 4.23568
16 -0.983069 -0.494013 5.00205
16 -0.707718 -0.840297 5.4047
16 0.895176 0.660452 1.74404
16 1.13898 -0.340712 1.16255
16 -1.02659 -0.673865 5.00376
16 0.728672 -0.890948 0.405834
16 0.228228 0.76501 2.79279
16 0.355206 0.557475 2.64752
16 0.724997 -1.02397 0.841504
16 1.05807 0.695461 1.76643
16 -0.275797 -0.483925 5.53662
16 -1.15413 0.115978 2.53725
16 -0.402745 -1.20088 0.115215
16 1.03044 -0.458095 1.27482
16 0.505346 0.747219 2.45292
16 0.353697 -0.761908 0.0649761
16 0.955469 -0.498429 1.80481
16 0.708603 -0.196818 0.631665
16 0.805479 -0.74658 0.545886
16 0.975599 0.415441 1.67574
16 -0.433277 -0.46018 5.14624
16 -0.0385615 1.19846 2.45116
16 0.622112 0.968423 2.32376
16 -0.152382 -1.18293 6.03516
16 1.0464 -0.536079 1.08278
16 0.833637 -0.42294 0.622843
16 0.325184 0.725619 2.71172
16 0.14635 -0.671011 6.06828
16 -0.709765 0.827861 3.53086
16 -1.00255 -0.225206 4.64309
16 -0.193153 -0.68471 5.6901
16 -0.155058 -0.568623 5.66891
16 1.04124 -0.398055 0.94386
16 0.7961 -0.417947 0.522691
16 -0.219735 -0.914974 5.84643
16 -0.981741 -0.0440446 4.58174
16 -0.0681658 0.833511 3.12701
16 0.13382 0.979115 2.75708
16 -0.0431304 -0.536258 5.92485
16 -1.04961 0.321403 4.14894
16 -0.624336 0.475377 3.93902
16 -0.179949 -0.937227 5.72135
16 -0.227016 0.576913 3.41617
16 -0.401561 0.360466 0.795658
16 0.50465 -0.417141 0.310984
16 -1.0296 -0.14727 4.28591
16 -0.00230611 -0.615609 5.87676
16 -0.808034 0.104277 4.43131
16 0.468984 1.01886 2.47571
16 -0.169465 1.20342 2.7217
16 -0.865133 -0.528727 4.95436
16 -0.37677 0.59294 3.60718
16 -0.339817 0.373785 3.66415
16 0.101222 1.00762 2.87278
16 0.675897 0.714241 2.27393
16 0.597062 -0.179355 0.507264
16 -0.152387 -1.23649 0.884949
16 1.03291 -0.216231 0.891099
16 1.32599 -0.101256 1.24092
16 -0.81872 -0.290604 4.6915
16 -1.15925 -0.289549 4.6013
16 -0.766021 0.657194 3.7397
16 0.288904 -0.937787 6.21523
16 -0.707149 -0.965617 5.57539
16 -0.371296 -1.15864 5.7592
16 1.27125 0.175297 1.81133
16 -0.963304 0.2267 4.26671
16 -0.485513 -0.737733 6.26195
16 0.170136 -0.846564 6.08921
16 -0.514333 0.684562 3.65452
16 -0.937049 -0.419715 4.83462
16 0.866416 0.577341 1.49447
16 0.256151 1.25609 2.39296
16 -0.992124 0.530264 3.96859
16 -0.916381 -0.294647 4.89255
16 -0.746273 -0.527501 5.30302
16 0.142073 0.714355 2.883
16 0.921079 -0.482705 1.2397
16 -1.08989 0.194247 4.07729
16 -0.261653 -0.937083 5.6445
16 -0.184181 0.742121 3.23764
16 1.00485 0.741904 2.06344
16 0.255992 -0.5091 0.217362
16 -0.835445 0.0216287 4.3387
16 0.162573 -0.601758 6.15495
16 -1.15742 0.224992 4.08259
16 -0.488596 0.634669 3.63135
16 -1.0193 -0.478273 4.82739
16 -0.616515 -0.297297 4.9665
16 -0.615209 0.320609 4.03015
16 -0.0497427 1.05917 2.94195
16 -0.583409 0.820433 3.55005
16 -0.371203 0.939954 3.31433
16 -0.538805 -0.294513 4.87056
16 -0.640459 -0.572286 5.08078
16 -1.11222 0.123836 4.26771
16 1.12983 -0.590405 1.0407
16 0.551179 -0.786943 0.702776
16 0.189966 -0.628057 6.13694
16 -0.0362531 -0.906115 6.01652
16 -0.421358 0.311939 3.83738
16 -0.559398 0.780584 3.63353
16 0.852575 -0.249496 0.761727
16 -0.581058 0.712336 3.5686
16 -0.414119 -0.762749 5.98831
16 0.636673 -0.728484 0.322044
16 -0.80596 0.877378 3.47486
16 -0.627303 1.04587 2.75216
16 -0.272251 -0.15808 0.595361
16 1.17352 0.318575 1.57541
16 0.807773 -0.863428 0.604629
16 -0.952681 0.786294 3.2109
16 0.973166 0.500195 1.86585
16 -0.657786 0.102535 4.29031
16 0.921756 0.466794 1.94804
16 -0.964021 0.371968 4.06419
16 1.11332 0.493561 1.62242
16 0.713935 -0.454102 0.455985
16 -0.563933 0.428751 3.87921
16 0.714517 0.857308 2.25235
16 -1.24052 0.00352233 4.31251
16 0.701118 -0.938237 0.405659
16 0.652294 -0.483114 0.376624
16 -0.670924 0.535254 3.90394
16 -0.517851 0.424444 3.74492
16 -1.14539 0.101015 4.27703
16 -0.731952 -0.86824 5.25915
16 0.684514 0.968102 1.4089
16 1.22869 0.0287816 1.31219
16 -0.440869 -1.21214 6.04157
16 -1.23285 0.197888 4.11771
16 -1.09763 -0.128533 4.49073
16 0.890645 -0.473123 0.603343
16 1 0.0653493 1.23114
16 0.019155 -0.988971 5.95423
16 1.24992 0.146477 1.09391
16 -0.623158 0.440898 3.73731
16 -1.07635 0.0874916 4.42611
16 -0.911294 0.352037 4.19153
16 -0.714716 0.0780293 4.44547
16 -0.307546 -0.766237 5.59358
16 -0.484543 -0.530514 5.15362
16 -1.00608 -0.335987 4.91135
16 -0.85829 0.678926 3.85894
16 -0.93289 -0.331193 4.6619
16 -0.481705 1.07421 3.2091
16 0.0228332 -0.700279 5.94442
16 -0.0161718 1.18406 2.73057
16 -0.331633 -1.14694 6.06658
16 -0.540956 -0.191236 4.69826
16 -0.732258 -0.170638 4.66719
16 -0.713158 0.628253 3.80789
16 -0.638647 -0.966963 5.51959
16 1.30331 0.196553 1.72665
16 -0.317756 -0.813834 5.59878
16 -0.435627 -1.09933 5.80076
16 -0.863428 0.236249 4.28936
16 1.03629 -0.0468389 1.85198
16 0.410471 -0.588125 0.155201
16 -0.202108 -1.08498 5.90475
16 1.30697 0.265618 1.66054
16 -0.414127 0.48646 3.72625
16 1.22239 -0.167769 1.3683
16 0.289958 1.06568 2.67121
16 1.33961 0.17622 1.26233
16 0.228015 1.26113 2.33397
16 0.147265 0.948267 2.89091
16 -0.579114 -0.22908 4.85483
16 -0.791339 0.707558 3.67538
16 -0.60645 -0.80508 5.297
16 0.134401 -1.0865 6.16706
16 -0.498434 0.888135 3.41778
16 0.0541235 0.964441 2.88069
16 0.0849278 1.25101 1.98241
16 -0.70126 -0.827205 6.24251
16 -0.8835 -0.361655 4.82127
16 -0.143555 0.598434 3.31747
16 1.15489 -0.022599 1.24868
16 -0.0741223 1.10124 2.90426
16 -0.971194 0.473916 3.853
16 -0.370864 1.1582 2.25459
16 -0.784818 0.0623855 4.35734
16 -0.700989 0.854587 1.55207
16 0.0720399 -0.941122 6.0877
16 1.0941 0.415733 1.55717
16 -1.04877 -0.430691 4.66686
16 0.663579 -0.257181 0.576589
16 0.488361 -1.05991 0.422198
16 0.514955 -0.50277 0.383741
16 0.181417 -0.703932 6.13441
16 -0.606584 0.643597 3.67947
16 0.071317 0.756301 2.97749
16 -0.020918 0.895565 3.04229
16 -0.699481 0.607984 3.75773
16 -0.741601 -0.2694 4.9096
16 -1.09982 0.559057 3.63247
16 -0.515684 1.06613 2.80706
16 -0.679797 0.0636235 4.41575
16 0.895846 0.920513 2.1347
16 0.949113 -0.27911 0.785151
16 -0.102439 -0.609725 5.79848
16 -0.512157 0.553848 3.74792
16 1.18987 -0.456065 1.38589
16 1.19897 -0.32693 0.966988
16 0.28345 0.847146 2.76778
16 -0.890303 -0.334406 4.86242
16 0.536336 0.791239 2.5198
16 0.921886 0.191314 1.82761
16 -0.830414 -0.411979 4.80797
16 0.51953 0.6036 2.44987
16 -0.0920772 1.2541 2.58191
16 -0.937303 -0.525829 5.00138
16 0.893863 0.289846 1.80877
16 0.232569 -0.741827 6.14705
16 0.45451 0.838606 2.52551
16 -0.990103 0.0558465 4.46925
16 -0.918501 0.48514 3.98632
16 -0.0618295 -1.18088 6.16338
16 -0.562071 -0.630083 5.33955
16 0.205149 0.595789 2.85547
16 -0.682272 -0.558198 5.15213
16 -0.16565 0.687204 3.29564
16 0.0981374 -1.18835 6.24327
16 -0.549475 -0.49105 5.03148
16 -0.507888 0.79704 3.526
16 -0.815254 -0.642048 5.41142
16 -0.912552 0.594963 3.91984
16 0.224854 0.672833 2.79918
16 0.691438 -0.548597 0.512088
16 -0.0339774 0.807949 3.08043
16 -1.16389 0.311306 4.09981
16 0.054954 -1.25539 0.615083
16 -0.969629 0.0709053 4.18265
16 -0.558413 0.87909 3.29453
16 -0.59382 -0.120371 4.67767
16 1.13604 0.681454 1.87205
16 0.0520574 -1.05963 6.07568
16 -0.716117 1.03338 2.86102
16 -0.663361 -0.538141 5.06539
16 -0.65365 -0.180296 4.59169
16 -0.377173 -0.650973 5.42621
16 -0.213512 -0.992352 5.78509
16 -1.0854 0.307033 4.00988
16 -0.38082 -0.970734 5.61546
16 0.861315 0.671044 1.33109
16 -0.814949 0.645081 3.81618
16 0.637246 -0.639524 0.464426
16 0.37208 0.626613 2.5905
16 0.820201 0.586199 1.15403
16 0.9124 0.754261 1.46436
16 -1.02467 0.54913 3.64698
16 -0.936518 -0.770513 5.26645
16 -0.618356 -0.67507 5.14941
16 -0.405996 0.541814 3.64655
16 0.352666 -1.1056 0.1429
16 1.01768 0.367344 1.53672
16 -0.939041 -0.564232 4.90025
16 0.458801 -0.934125 0.15226
16 -0.58951 1.00515 3.12998
16 -1.17094 -0.106183 4.67304
16 1.3312 0.114124 1.24115
16 0.940614 0.103712 1.98762
16 -0.281675 -0.878011 5.69466
16 -0.711299 0.0362855 4.38758
16 -0.344463 0.719965 3.49258
16 -0.00613226 -0.886296 5.94258
16 0.822883 0.76776 2.01205
16 -0.0546045 1.24045 2.67713
16 0.97762 0.00893995 0.986915
16 -1.03182 -0.0123515 4.55568
16 -0.842802 -0.307086 4.63323
16 1.17847 0.65745 1.68399
16 -0.616953 -0.144054 4.58165
16 0.798672 0.41223 1.91387
16 -0.590586 -0.286373 4.8952
16 -0.0300132 0.766507 3.08927
16 1.33596 0.095158 1.37893
16 0.513193 -1.04854 0.315838
16 -0.718273 -0.555604 5.04939
16 0.505857 -1.1174 0.376595
16 0.352705 1.13565 2.47647
16 -0.354613 -1.02843 5.72353
16 -0.896257 0.287479 4.29469
16 0.616067 -0.424619 0.522232
16 -0.565702 0.513526 3.81931
16 0.226733 1.21507 1.73004
16 0.836953 -0.781099 0.507635
16 0.423803 -0.706317 2.02859
16 -0.4962 0.445465 3.81886
16 1.0496 0.0674645 1.54416
16 -0.432598 -0.812938 5.43384
16 -0.545141 -1.00486 5.5507
16 0.194738 0.711869 2.88167
16 0.705631 0.283906 1.98242
16 1.15424 -0.28778 1.203
16 0.333958 -1.04397 0.213725
16 -0.187779 0.972555 3.18431
16 -0.783955 -0.349359 4.71334
16 0.536985 -0.698078 0.302648
16 0.156936 0.859864 2.83444
16 0.441737 -0.914368 0.26794
16 0.979932 -0.520749 0.836145
16 0.398752 0.733327 2.68963
16 -0.92402 0.318669 4.20168
16 -0.850814 -0.281189 4.81265
16 0.439979 0.610928 2.53403
16 1.16267 -0.0900665 0.977223
16 -0.494509 0.285033 3.99378
16 0.422511 0.384617 2.38459
16 -1.19987 -0.197319 4.69071
16 0.891119 -0.580937 0.666474
16 -1.03738 -0.177551 4.80321
16 -0.210849 -1.21275 6.17829
16 0.336375 -0.824425 0.0526883
16 -1.25108 -0.149305 4.42662
16 -0.0809182 -1.13583 6.00122
16 1.29759 -0.0973299 1.37499
16 -0.812711 -0.607939 5.09673
16 -0.647786 -1.07156 5.80305
16 -0.771814 -0.757607 5.72136
16 0.853377 0.480024 1.92255
16 0.905716 -0.117542 0.903534
16 -0.366652 0.980906 3.2841
16 -0.0757745 -1.04346 5.96538
16 0.947565 -0.174072 1.09434
16 0.324802 -1.15794 0.260519
16 -1.16262 0.495892 3.59506
16 -0.816901 0.927504 2.127
16 -0.566455 0.964711 3.33682
16 -0.58476 -0.251191 4.74072
16 1.12438 0.734124 1.77583
16 0.835311 -0.67912 0.502396
16 1.23732 0.443095 1.9159
16 -0.828168 0.173338 4.24193
16 -0.437057 0.407373 3.76084
16 1.09067 0.0670181 1.13911
16 -0.659002 0.624733 3.77846
16 0.11483 1.1303 2.70414
16 0.555879 0.995383 2.38361
16 0.489344 0.577663 2.53491
16 1.02562 0.0393196 0.908328
16 -1.03835 0.62158 3.74704
16 0.224554 -0.957226 6.20416
16 -0.858798 0.577747 3.91904
16 -0.774559 0.18887 4.07842
16 -0.540216 0.591968 3.68321
16 0.375519 1.17035 2.4156
16 1.11645 0.0172944 1.36992
16 0.772224 0.935015 2.1348
16 0.466062 1.04637 1.77628
16 -1.00426 -0.161562 4.6057
16 0.0444652 -0.785939 5.90571
16 0.274329 -1.03165 6.25909
16 -0.794779 0.73694 3.70649
16 -0.436593 -0.919549 5.8813
16 0.750943 -0.272218 0.646603
16 -0.217748 -1.02758 5.74315
16 -0.422757 1.16901 2.82377
16 0.324582 -0.545172 0.087561
16 -0.923275 -0.725222 5.36808
16 -0.594795 -1.09587 5.7184
16 -1.11008 0.385325 4.00734
16 -0.568706 0.295059 4.01336
16 -0.229049 1.15283 2.15741
16 -0.00738236 1.21218 2.54534
16 -0.947912 -0.856538 5.57397
16 -0.888765 -0.272571 4.53413
16 -0.0578905 0.55658 3.17287
16 1.29528 -0.14031 1.41114
16 -0.057021 0.684994 3.168
16 0.198142 -0.946316 6.23868
16 -1.16045 0.299451 3.7841
16 1.07243 -0.396272 1.2166
16 -0.463579 -0.755354 5.36945
16 -0.291064 -0.55324 5.45256
16 -0.00932887 -1.06649 6.07164
16 1.22996 -0.327937 1.12715
16 -0.820802 -0.378268 4.8069
16 -0.8625 -0.0188735 4.54716
16 -0.580205 -0.434725 5.01738
16 -0.0930428 -0.670954 5.81568
16 -0.549426 0.853003 3.51312
16 -0.191477 1.16155 2.69599
16 -1.06554 -0.5544 5.22483
16 -0.868806 -0.731757 0.309729
16 -0.233842 -0.835569 5.88513
16 0.484104 0.685295 2.53669
16 0.702368 -0.295218 0.554925
16 -0.928453 0.531869 3.9532
16 0.319344 0.828251 2.76926
16 -0.702507 -0.00214668 4.25522
16 -1.00681 0.734986 2.83619
16 0.849811 -0.745886 0.471281
16 -0.516624 -0.310672 4.85481
16 -0.360852 -0.790947 5.62759
16 -0.684303 0.712062 3.71234
16 0.647816 1.01755 2.19824
16 0.23509 1.23682 1.93892
16 -0.175916 0.873132 3.23364
16 -0.948154 -0.492346 4.98953
16 0.649149 0.931845 2.05055
16 -0.833744 0.814152 3.50789
16 0.357018 -0.853907 0.0767138
16 -0.705133 -0.411836 5.00702
16 -0.627002 0.0507246 4.41034
16 0.118493 -0.989604 6.15454
16 -0.605507 0.528065 3.84987
16 1.26363 -0.234045 1.4787
16 -0.716912 0.221779 4.16256
16 0.082951 -0.962383 6.026
16 0.756123 -0.690174 0.400285
16 -0.647766 0.0443531 4.28611
16 0.419099 0.68707 2.54995
16 -0.159801 -0.776131 5.73019
16 -0.670759 0.317906 4.09667
16 -1.12036 -0.158412 4.40384
16 -0.629431 -0.749977 5.22333
16 0.645719 -0.297846 0.577189
16 -0.161853 1.25557 2.37619
16 1.3397 0.308514 1.76631
16 -1.07091 0.192986 4.24418
16 -0.332726 -1.05829 5.72486
16 -0.605365 -0.728223 5.30113
16 0.606858 0.324566 2.28608
16 -0.265517 0.6218 3.46966
16 -0.815886 -0.32091 4.61923
16 0.0739327 0.81743 2.9595
16 0.385445 -0.808347 0.0925449
16 -0.0558168 -0.835683 6.02097
16 -0.0983502 1.11564 1.56132
16 -0.625269 -0.697015 5.4215
16 -0.131528 -0.794043 5.7298
16 0.997753 0.135009 1.99838
16 0.0449368 0.835487 0.93005
16 -0.45465 -0.45576 5.2393
16 -0.338263 -0.516299 5.43464
16 -0.0642507 -0.67993 5.80219
16 0.299546 1.02779 2.6087
16 1.14267 0.521802 1.58438
16 -0.536229 0.0927949 4.27575
16 0.157323 1.14565 2.28462
16 0.62597 -0.675844 0.290308
16 -0.0402065 -0.761888 5.83525
16 -0.706104 -0.139256 4.49399
16 -0.461626 0.752817 3.5606
16 0.111281 1.21661 2.05305
16 0.638658 0.889107 2.2574
16 1.05441 0.342571 1.36015
16 -0.951501 0.471717 3.98051
16 0.738214 -0.372462 0.511628
16 -0.728279 0.855769 3.61241
16 0.898281 0.696506 1.1072
16 0.0794138 1.19995 2.5727
16 1.15324 -0.242228 0.975688
16 -0.849187 0.335147 4.16067
16 1.16144 0.192539 1.99177
16 -0.601156 -1.11955 6.1737
16 -0.64701 0.777882 3.58668
16 0.586266 0.814856 2.51228
16 0.522687 1.04314 1.34029
16 1.04385 0.167801 1.00077
16 0.471764 -1.15956 0.449827
16 -0.770689 -0.677502 5.1221
16 1.13544 0.277148 1.97022
16 0.710372 -0.767478 0.454043
16 -0.536709 0.140549 4.21683
16 -0.0408214 -0.613179 5.84918
16 -0.745038 0.805017 3.50931
16 -1.01771 0.0876154 4.44844
16 0.205695 -1.10324 0.0821932
16 -0.753497 -0.735239 5.04252
16 0.893442 0.0610721 1.13318
16 -0.813307 0.212359 4.28351
16 -0.539514 0.99771 3.28728
16 0.890398 0.268206 2.12501
16 1.16999 -0.424735 1.30831
16 -1.21974 -0.250042 4.44961
16 0.126412 0.808886 2.88086
16 -0.845685 0.468312 3.99246
16 -0.833327 0.1218 4.07392
16 -0.689003 0.280748 4.10091
16 0.851638 1.0178 1.95094
16 -0.0362603 -0.830145 5.89895
16 -0.39685 0.995641 3.26908
16 -0.501587 0.336919 3.9312
16 -0.748526 -0.715004 5.159
16 0.846142 -0.599051 0.718091
16 0.644728 0.217853 0.804515
16 -0.562234 0.327011 4.01205
16 -0.797565 0.574651 3.94359
16 1.14043 -0.186764 1.05317
16 -0.0275097 -0.667163 5.84081
16 0.718948 1.00817 1.95251
16 0.684322 0.522247 2.25795
16 0.993639 -0.0824245 1.39056
16 -0.353676 0.877003 3.36692
16 1.13698 0.234997 1.98602
16 -0.749909 0.393618 4.04143
16 0.676883 -1.06411 1.08705
16 -1.12436 -0.133652 4.48512
16 -0.368374 0.398053 3.68347
16 -0.42666 -0.653813 5.32575
16 0.804745 -0.255406 0.755854
16 1.30282 0.0535588 1.417
16 0.855398 -0.780658 1.06938
16 -0.514949 -0.672408 5.19833
16 0.706506 -0.522978 0.439928
16 1.13944 -0.365187 1.25745
16 -0.873319 0.671617 3.71345
16 0.392771 -0.931966 0.220726
16 0.662844 0.881042 2.31614
16 1.1683 0.412174 1.44538
16 1.00816 -0.189087 1.55203
16 -0.248187 1.24263 2.11451
16 0.673398 0.954373 1.87566
16 -0.210195 1.21114 2.67293
16 0.591013 0.480043 2.34804
16 0.557475 -0.645332 0.295634
16 0.209806 -0.889889 0.0284227
16 0.779603 -0.314758 0.658914
16 -0.585105 -0.624284 0.205946
16 -0.360158 1.05555 3.15464
16 0.306233 0.496799 2.6689
16 -0.184672 1.08015 3.01613
16 0.620992 -0.69798 0.392733
16 0.770789 0.656282 2.15128
16 -0.134801 -0.720996 5.82247
16 -0.858837 0.189887 4.15821
16 0.586599 0.607324 2.35685
16 0.912402 -0.301941 0.858305
16 0.306461 0.76709 2.74463
16 0.875603 0.603528 1.3612
16 -0.619664 0.240941 4.09462
16 -0.884073 -0.770436 5.17307
16 0.782118 0.523833 2.12806
16 0.533916 -0.143712 0.522146
16 1.04885 -0.745088 1.01067
16 -0.481234 0.802616 3.56392
16 -0.578775 0.901733 3.48738
16 -0.305048 0.669404 3.50125
16 -0.787692 -0.976239 6.0125
16 -0.558106 -0.179686 4.76638
16 0.710185 -0.679957 0.42178
16 -0.38993 -0.952406 5.75103
16 -1.10291 -0.427419 5.05922
16 -0.782929 -0.870896 5.25161
16 -0.97515 0.266859 4.26226
16 -1.05048 0.534854 3.47799
16 1.05102 -0.618349 0.808743
16 -0.836165 -0.811032 5.1868
16 -1.10418 0.364916 3.58506
16 -1.08939 0.537968 3.5569
16 -0.397894 1.15808 2.06243
16 0.16988 0.917219 2.88157
16 1.20787 -0.206916 1.47214
16 0.804511 -0.979986 0.578776
16 0.290317 -1.08392 1.56268
16 0.797726 0.314902 2.23528
16 -0.199237 0.673825 3.29125
16 -0.553087 0.666876 3.62047
16 -0.632846 0.950867 3.45527
16 -1.08139 -0.308373 4.92371
16 1.22998 0.285258 1.16804
16 -1.06336 -0.63135 5.27676
16 -0.300409 -0.905478 5.69419
16 0.0882975 -0.691692 5.98424
16 -0.0249242 1.11691 1.64048
16 -0.778628 0.348889 3.9953
16 0.391146 -0.990661 0.0811922
16 -0.856447 -0.855466 5.28361
16 0.0473016 0.850069 2.99375
16 1.11503 0.378251 1.88696
16 -1.13976 -0.455241 4.93439
16 0.538155 -1.0957 0.378435
16 0.254212 -0.628086 0.168158
16 0.662111 1.1439 1.97747
16 0.0958833 1.28653 2.39072
16 -0.336702 0.775591 3.47032
16 0.656079 1.06528 1.81466
16 -0.386493 -0.443392 5.17908
16 0.938759 0.280054 1.57598
16 -0.495212 -0.497099 5.1344
16 -0.290106 -0.616202 5.52326
16 0.110629 -0.618492 6.03379
16 -0.830811 0.544679 4.00329
16 0.14961 0.673111 2.88703
16 1.2563 -0.138118 1.32554
16 0.546441 -1.14961 0.486855
16 -0.2935 -0.930013 5.64773
16 0.763332 -0.489925 0.486313
16 -0.998096 0.495409 3.80758
16 1.24459 -0.226231 1.13102
16 0.494226 0.797259 2.42455
16 -0.549349 0.0122218 4.35939
16 -1.12775 -0.494336 4.93202
16 0.269705 -1.14752 0.335257
16 -1.20732 -0.180683 1.62906
16 -0.403758 -0.868491 5.52398
16 1.11033 -0.0337771 1.34062
16 0.455451 -0.872935 0.296549
16 0.277448 0.683282 2.7702
16 -1.052 -0.549552 4.93967
16 0.675711 -0.753524 0.497925
16 -0.932925 0.58215 3.79931
16 -0.693259 0.68042 3.64265
16 0.0810885 -1.21703 0.0609324
16 0.376398 0.975502 2.54723
16 -0.715009 0.2935 4.05843
16 -0.590078 0.0279869 4.34513
16 0.68096 -0.775238 1.12745
16 -0.746486 -0.425501 4.80016
16 -0.223652 0.546081 3.42797
16 0.312887 -0.796901 6.26817
16 1.00211 0.145038 1.24072
16 -0.919634 -0.424966 4.71956
16 0.843979 -0.569187 0.545857
16 0.56415 0.688194 2.41701
16 -0.897746 -0.576142 5.06506
16 -0.833769 -0.157846 4.63137
16 -0.321482 -1.21946 6.2458
16 -0.823686 0.522986 3.91783
16 0.862288 0.183667 1.68925
16 0.915397 0.858509 1.93289
16 -0.938506 -0.366871 4.9453
16 0.96873 -0.545857 0.930312
16 -0.668609 -0.133244 4.62176
16 0.928761 0.219581 2.10976
16 0.148846 1.21997 2.61907
16 0.725697 0.357973 2.05328
16 -0.552004 -0.0744285 4.56334
16 -1.09247 0.282648 3.92698
16 0.274569 0.904188 2.69145
16 -0.830155 -0.268101 4.91517
16 0.50338 0.974329 2.37689
16 -0.690373 0.929482 2.48726
16 0.399155 0.946991 2.53868
16 -0.0535671 1.00482 2.97994
16 -0.753156 0.340938 4.01086
16 1.17058 0.248245 1.73029
16 -0.0692521 0.966925 3.0102
16 -0.168878 -0.896131 5.82328
16 -0.00114835 -1.02437 5.99057
16 0.187865 0.771829 2.79459
16 0.0132623 0.732545 3.08213
16 -0.310697 -0.653967 5.60905
16 1.25278 0.580183 1.72681
16 0.881655 -0.822887 0.58503
16 -0.66192 0.498653 3.9205
16 -0.468879 -0.837679 5.62941
16 -1.05852 0.128948 4.45118
16 0.987918 -0.606854 0.702114
16 -0.530559 0.77907 3.28344
16 0.728923 0.785788 2.24785
16 0.0260196 -0.880382 5.93183
16 1.2021 -0.156126 1.09313
16 -0.249733 -0.57215 5.53481
16 -1.02954 0.489696 3.65819
16 -0.106128 1.2493 2.32947
16 -0.570317 0.238198 4.08736
16 -0.171329 -0.671427 5.62859
16 0.0236641 0.815309 2.998
16 0.678491 0.926943 2.3415
16 -0.28819 0.565661 3.49654
16 -0.69314 -0.3295 4.87053
16 0.928365 0.707317 1.54506
16 -0.451889 0.706473 3.55492
16 0.796397 -0.081034 1.12834
16 -0.809414 0.389143 4.10445
16 -0.752476 0.176829 4.27662
16 -0.395233 0.620282 3.55498
16 0.528061 0.66842 2.52455
16 -0.708367 -0.689626 5.10584
16 -0.143365 1.21017 2.79384
16 -1.08052 -0.325056 4.82939
16 1.29631 -0.0200855 1.58802
16 0.455433 -0.474636 0.266512
16 -0.919934 0.696486 3.73117
16 -0.154887 -0.987633 5.74795
16 1.01738 -0.727522 1.12679
16 1.1362 0.381137 1.62298
16 0.456371 -0.617925 0.204951
16 -0.991877 -0.676655 0.5309
16 -1.01463 -0.375769 4.9303
16 -0.547356 -0.382809 4.92413
16 -0.0106398 -1.12143 6.14099
16 -0.503629 -0.604678 5.29569
16 0.35307 1.005 2.59469
16 -0.623751 1.01776 3.30539
16 0.730212 0.00857824 0.8525
16 -0.66482 -0.700958 5.18437
16 0.465739 0.707123 2.50266
16 0.822041 -0.503719 0.635605
16 -0.173703 0.908779 3.13814
16 -1.03826 -0.281761 4.85542
16 -0.991965 0.764535 3.13488
16 0.0338178 -0.588884 5.97032
16 -0.746925 0.263752 4.06917
16 0.0227163 -0.651538 5.90905
16 1.05706 -0.0508272 1.53866
16 0.134838 -0.942908 6.14156
16 0.753038 0.73221 1.40584
16 0.417156 -0.668061 0.1256
16 1.25334 -0.0834786 1.22675
16 -0.146857 -1.0693 5.83121
16 1.00652 -0.0423814 1.19224
16 0.687263 -0.726114 0.407117
16 0.738348 0.571132 2.12295
16 -0.479011 -0.32133 4.98068
16 -0.0252351 0.850062 3.09491
16 -1.06823 0.592162 3.71707
16 -0.649248 0.847547 3.5043
16 -0.315556 -1.16113 5.80762
16 -0.73064 -0.111638 4.68984
16 -0.760014 -0.468869 5.00638
16 -0.456602 0.664382 3.60892
16 0.485581 0.887764 2.57845
16 1.3183 0.31457 1.60211
16 0.491537 -0.7328 0.188236
16 0.528809 0.859548 2.40601
16 1.331 0.352215 1.59811
16 -0.816566 -0.788776 5.58638
16 0.0288483 -0.822708 5.97917
16 -0.827939 0.299654 3.74192
16 0.770724 0.868928 1.24089
16 -0.601168 -0.344183 4.88484
16 0.316132 1.19539 1.85624
16 -0.906884 -0.0460823 4.46173
16 1.06168 0.607594 1.36169
16 -0.659074 -0.10343 4.67052
16 0.214025 -0.596005 6.17418
16 -0.733248 0.335738 4.1289
16 1.04293 0.430638 1.37702
16 -0.621799 -0.0327491 4.35897
16 -0.55205 0.701369 3.60327
16 0.192364 0.811159 2.82701
16 0.0026851 0.934867 2.9551
16 1.27174 -0.0309179 1.20865
16 -0.367855 0.811739 3.39529
16 1.00859 0.283527 1.63847
16 -0.576136 -0.325419 4.92255
16 -0.549114 0.624404 3.58443
16 -0.815066 -0.445734 4.81555
16 0.26466 1.10237 2.52093
16 -0.388726 -0.716874 5.38979
16 0.410055 1.1579 2.45384
16 -0.236803 -0.609802 5.58267
16 0.620595 0.636975 2.47349
16 -0.40701 -0.52542 5.38865
16 -0.329664 -0.704346 5.50371
16 -0.479527 0.219653 4.05955
16 0.0518925 -0.689188 5.94101
16 0.440862 -1.0361 0.437954
16 -1.22394 -0.10724 4.57849
16 0.906323 -0.395466 0.874741
16 0.406914 -0.485814 0.280421
16 -0.112478 -0.941442 5.8096
16 1.06083 0.236411 1.69537
16 -0.430866 -0.60823 5.27883
16 1.1566 0.0342367 1.19605
16 -0.393186 -1.00666 5.66709
16 0.8351 0.120343 1.2194
16 -0.97153 -0.368426 4.77833
16 -0.577707 -0.976943 5.57055
16 -0.93866 -0.61229 5.06923
16 -0.820649 -0.224387 4.69889
16 0.177984 0.737084 2.83021
16 0.662876 -0.958705 0.407778
16 0.613974 0.675287 2.35413
16 0.0495102 -0.748038 5.97053
16 -0.443748 0.359722 3.76509
16 -0.103757 -1.00732 5.85396
16 0.0167909 -0.78235 5.94343
16 0.755839 -0.718036 0.496084
16 0.110843 1.08093 2.82141
16 -0.0891707 0.716775 3.2463
16 -0.783222 0.487926 3.94805
16 -0.944727 0.129718 4.32069
16 1.05983 0.457664 1.30808
16 -0.516224 -0.758409 5.36118
16 -0.930527 -0.0431914 4.36285
16 0.215004 1.01259 2.73715
