141 -0.38848 1.04696 3.21296
141 -0.131848 -0.722337 5.81221
141 0.524573 0.764541 2.30155
141 -0.483692 -0.972202 5.5797
141 -0.981398 0.421415 4.04036
141 0.827651 0.302711 1.64216
141 1.33204 0.256288 1.49259
141 0.433294 1.02359 2.48302
141 -0.349305 -1.04925 5.70438
141 0.917251 -0.776995 0.588934
141 -0.81353 0.988932 3.55016
141 -0.111511 -1.21969 5.93258
141 0.541367 1.09346 2.40785
141 -0.205077 -0.773693 5.751
141 -0.0433148 1.0061 2.88296
141 -0.445173 -0.612362 5.40305
141 -0.938478 0.500559 3.94994
141 0.0965065 -1.12794 6.08463
141 -1.12249 -0.0494572 4.48721
141 0.997212 0.054002 1.3558
141 1.07187 -0.16449 1.1691
141 -0.125459 -1.0678 5.88226
141 0.562406 -0.548421 0.484021
141 0.763674 1.05663 2.23783
141 -0.9883 0.575457 3.91215
141 0.0238408 0.871595 2.82385
141 0.921651 -1.03628 0.465499
141 -0.548611 -1.17155 5.60332
141 -0.830054 -0.607085 5.09212
141 -0.998059 -0.469331 4.90515
141 -0.307045 0.904125 3.18637
141 0.872473 -0.807832 0.524701
141 0.824594 -0.877519 0.470316
141 0.540449 -1.07309 0.209741
141 -0.417086 -1.11666 5.67556
141 0.673253 -0.814205 0.426059
141 0.0925021 1.22608 2.77862
141 -0.163305 0.83784 3.04983
141 -1.06697 -0.262162 4.67707
141 -0.587941 -1.04241 5.53313
141 -0.651969 -0.50068 5.12405
141 0.738224 -0.76344 0.48812
141 -0.966927 0.0462268 4.39524
141 -0.858938 -0.492497 4.97956
141 0.74672 0.690855 2.04252
141 0.507106 -0.600078 0.421776
141 -0.847532 0.163326 4.26297
141 0.17449 -1.02534 6.16863
141 0.501612 -0.681524 0.346102
141 -0.777755 -0.789717 5.24403
141 0.348724 0.837495 2.49687
141 1.24472 -0.63976 0.829717
141 0.478386 1.17638 2.4804
141 -1.08047 -0.760921 5.07789
141 -0.91581 -0.779661 5.16285
141 -0.417609 1.18952 3.20077
141 -1.13959 -0.383097 4.79498
141 1.20555 -0.235254 1.13466
141 -0.965466 -0.945153 5.2237
141 -0.784368 -0.965611 5.36114
141 -1.00567 -0.132299 4.59371
141 0.567585 0.869451 2.31378
141 -0.66751 -0.657587 5.23058
141 -0.494757 0.612094 3.55638
141 0.733279 -1.11844 0.341004
141 0.487968 -0.808118 0.261514
141 0.390456 1.31232 2.56786
141 0.388729 -0.977787 0.117037
141 0.85852 0.999948 2.15813
141 -1.16046 -0.0760527 4.5092
141 -0.0902501 1.02463 2.92958
141 -0.624606 0.477369 3.77378
141 1.34177 -0.199372 1.1804
141 -1.17503 -0.2338 4.63843
141 -0.937935 -0.163971 4.63819
141 -1.21295 -0.281591 4.65573
141 0.75541 -0.313049 0.904721
141 0.943708 -0.963349 0.498075
141 -0.0749131 -0.942973 5.91619
141 -0.662995 1.13449 3.38741
141 -1.11656 0.100172 4.35775
141 -0.386057 -1.28677 5.74482
141 0.0596575 -0.90903 6.06042
141 1.28244 0.255921 1.49257
141 -0.365545 -1.24544 5.74232
141 1.40746 -0.0302157 1.28454
141 -0.260068 0.874914 3.16185
141 1.23019 0.386553 1.59101
141 -0.606092 -0.534259 5.16898
141 0.628279 -1.05234 0.276796
141 1.40935 -0.133573 1.22484
141 1.32342 0.133842 1.3844
141 0.0909931 -1.34514 6.08376
141 -0.423901 -1.07159 5.66622
141 0.605222 -0.835149 0.35591
141 -1.24996 0.162655 4.31368
141 -0.30606 0.863453 3.19919
141 0.224036 -0.953951 6.22519
141 -1.09184 -0.147807 4.5991
141 -0.211725 -0.913085 5.7845
141 -0.10685 1.36107 2.91063
141 0.935947 -0.731044 0.615897
141 -0.821333 1.02758 3.5385
141 0.833628 1.08899 2.2085
141 1.29901 -0.238134 1.13457
141 -1.21445 -0.244755 4.64034
141 1.02618 0.399916 1.66739
141 -1.36231 0.297463 4.24373
141 1.16878 0.536745 1.73581
141 -0.766755 0.478291 3.88644
141 -1.04251 0.925187 3.68065
141 0.471468 0.863452 2.403
141 1.35557 0.200068 1.42544
141 -0.217007 -1.15972 5.82282
141 0.130488 1.31705 2.75771
141 0.910074 -0.875228 0.515033
141 0.666908 -0.678493 0.479203
141 0.567211 1.23683 2.45079
141 -0.38842 -0.989715 5.66674
141 -0.46717 1.19164 3.2269
141 0.916737 0.460844 1.77036
141 -0.549281 -1.21885 5.61082
141 -0.73093 -0.968995 5.38108
141 1.14028 -0.333485 1.02316
141 -0.521893 0.842925 3.41934
141 -0.30504 -1.24391 5.78776
141 1.30282 -0.508386 0.9395
141 -1.07631 0.33183 4.16041
141 -0.312349 -0.676056 5.62001
141 0.855208 -0.0414166 1.2436
141 -0.151082 1.27384 2.95625
141 -0.523906 -1.13859 5.60935
141 -1.27574 0.338251 4.19253
141 0.0329476 -1.00414 6.03373
141 0.339124 -0.880552 0.097497
141 0.810315 -0.539456 0.686018
141 -0.561605 -0.763952 5.40254
141 -0.756588 -0.937555 5.36136
141 -0.166068 1.34995 2.96545
141 0.927703 0.13168 1.43016
141 0.715533 0.874031 2.18091
141 1.02024 -0.181797 1.13687
141 1.25929 0.0182714 1.32416
141 -0.183607 -1.08097 5.82824
141 -0.366659 -0.654807 5.54591
141 -0.0963172 1.06656 2.92797
141 -0.867875 0.838344 3.64114
141 1.2776 0.117803 1.37914
141 -1.30488 0.0867545 4.37871
141 -1.08491 -0.0220417 4.46615
141 -0.434187 1.27586 3.18364
141 0.378984 -1.29206 0.0357403
141 0.0588574 -1.15176 6.06149
141 -0.581761 1.09421 3.35082
141 0.612865 1.03276 2.34734
141 0.433623 0.758294 2.38787
141 -0.03293 -1.2712 6.00485
141 -0.502631 -1.01741 5.58053
141 -0.951449 -0.268587 4.71991
141 1.01075 0.011502 1.33234
141 -0.98573 -0.892063 5.17499
141 0.670147 -0.481313 0.622373
141 -0.247542 -0.94339 5.76258
141 1.18393 0.0324725 1.33915
141 0.51441 1.14084 2.45431
141 0.427396 -1.28024 0.0674514
141 1.18252 0.115971 1.39421
141 0.805443 0.081944 1.3927
141 0.00363226 1.12522 2.82967
141 -0.345134 -0.855524 5.66725
141 1.1092 0.489849 1.71779
141 0.823458 0.370092 1.73061
141 0.246103 0.93472 2.60618
141 -1.14494 0.0651049 4.38022
141 0.804057 -0.705676 0.54786
141 0.973849 -0.595084 0.743101
141 0.810967 -0.227606 1.0301
141 -0.950991 0.678513 3.79673
141 1.39052 -0.181454 1.19264
141 -0.713339 1.03721 3.46738
141 0.0767597 -0.78956 6.08028
141 0.842234 0.861515 2.11054
141 0.86972 -0.575445 0.694708
141 -1.17243 0.518271 4.02397
141 -0.719244 -0.865907 5.34097
141 -0.720273 -0.581512 5.13813
141 -0.591198 0.81879 3.4829
141 0.971957 0.787183 1.97389
141 -0.638524 -1.04405 5.49656
141 0.437198 -0.957376 0.170356
141 0.277329 -1.10994 6.23902
141 0.765106 0.854364 2.13941
141 -1.18042 -0.120003 4.55674
141 0.811429 -0.0483595 1.23962
141 1.06643 0.59255 1.80296
141 0.428387 0.928927 2.45184
141 0.0474768 1.08772 2.80886
141 -1.02076 0.600248 3.90411
141 -0.488465 1.15342 3.25113
141 0.781075 0.715945 2.04256
141 -0.281671 -1.13305 5.78426
141 -0.675875 -0.87771 5.37724
141 1.00714 -0.788752 0.618608
141 0.218832 -1.20922 6.18526
141 0.282129 0.736114 2.52052
141 -0.958491 -0.588918 4.99301
141 -1.10953 0.479363 4.03385
141 -0.668508 1.18828 3.35898
141 -0.734183 -0.49644 5.04743
141 -0.174726 1.14894 2.99565
141 -0.832204 -0.221709 4.71221
141 1.14062 -0.573155 0.848206
141 1.15156 0.447686 1.67703
141 0.900521 0.288982 1.61194
141 -0.176789 -1.1546 5.85704
141 0.0199261 1.22072 2.82252
141 -0.605047 1.12756 3.34829
141 0.531579 0.99808 2.39081
141 0.450139 -1.0822 0.139103
141 0.00960095 -1.18444 6.01195
141 1.26911 -0.0251385 1.2789
141 1.32685 -0.450212 0.975092
141 -0.146741 0.779183 3.04034
141 0.489841 1.03908 2.4354
141 1.13779 -0.121993 1.20283
141 -1.0052 -0.798528 5.12689
141 1.15537 -0.711231 0.73526
141 1.17949 -0.114559 1.21292
141 0.483618 -1.03325 0.178777
141 0.504707 -1.15912 0.153339
141 0.128436 -1.01471 6.12962
141 1.07562 -0.343622 0.98912
141 -1.12817 0.259635 4.23422
141 -0.346983 1.32259 3.11359
141 -0.683086 -1.07182 5.48684
141 1.27369 -0.577757 0.888301
141 -0.209577 1.34494 2.98493
141 0.654946 -0.854675 0.391983
141 0.801036 -0.955415 0.432993
141 0.390712 0.896212 2.4736
141 1.24806 -0.374953 1.01558
141 -1.0029 0.912644 3.66801
141 -0.417783 -0.805438 5.57442
141 0.789652 -0.447635 0.7609
141 0.965577 -0.252197 1.06552
141 1.11619 -0.157826 1.18018
141 -1.20004 0.374197 4.14523
141 0.12982 -1.26033 6.11288
141 0.951427 0.828998 2.00279
141 -0.349097 0.918074 3.22503
141 -1.17034 0.268712 4.23167
141 0.244508 -0.992412 6.23564
141 -0.344146 1.18265 3.13252
141 1.40532 0.0674084 1.35885
141 0.656314 1.04483 2.32825
141 0.941396 -0.203099 1.10932
141 1.14468 0.030591 1.33849
141 -0.416846 1.10545 3.21837
141 0.914227 0.58089 1.87882
141 -1.01707 0.210831 4.25415
141 1.09305 -0.451245 0.904823
141 0.892041 -0.199687 1.09895
141 -1.06477 -0.110653 4.56108
141 -0.706303 0.337199 4.0103
141 -1.08989 -0.717611 5.04532
141 -0.362037 0.875047 3.25453
141 -0.531369 0.924421 3.37085
141 0.46747 -1.1817 0.126655
141 -0.640636 0.897908 3.47316
141 0.365593 -0.839216 0.13522
141 -0.667645 1.01296 3.44012
141 0.942489 0.609419 1.88699
141 -0.0815853 0.84795 2.9392
141 -0.735989 0.273323 4.10879
141 0.806946 -0.100775 1.18385
141 -0.271903 -0.811664 5.70657
141 -0.837153 0.75019 3.67283
141 -0.387078 0.847848 3.27311
141 -0.413776 -1.1663 5.70395
141 -0.388658 -1.05764 5.6889
141 0.576075 -0.931585 0.278623
141 1.24472 -0.477733 0.94872
141 -1.33962 -0.275527 4.63438
141 -1.23386 0.286921 4.22614
141 1.12554 0.36036 1.60282
141 1.01129 -0.293435 1.01857
141 -0.112017 -1.28789 5.93757
141 -1.26533 -0.0930538 4.5166
141 -0.458734 -0.825059 5.53949
141 0.566078 0.670674 2.18229
141 -1.17723 0.427412 4.09904
141 0.49414 1.21476 2.47475
141 0.422012 1.21313 2.54209
141 -1.02116 0.260308 4.21192
141 -1.38815 0.121007 4.35742
141 1.33136 -0.305164 1.10423
141 1.10948 -0.695563 0.727814
141 0.857633 -0.226281 1.05378
141 -0.447077 1.02325 3.26597
141 0.0526532 1.30241 2.8135
141 0.587332 0.6195 2.14073
141 -0.416379 -1.23377 5.71559
141 -0.73536 -0.167946 4.6755
141 -0.853411 -0.707693 5.15183
141 1.0943 -0.206176 1.14001
141 -0.0612919 -1.3474 5.98205
141 -0.877283 -0.345994 4.84686
141 -0.538471 -0.921363 5.51726
141 -0.737119 -1.08731 5.43644
141 1.07854 0.00903138 1.3243
141 -0.63829 -0.88995 5.40159
141 0.844497 -0.285725 0.961032
141 -1.01814 -0.743845 5.08559
141 -1.27171 -0.0500219 4.4652
141 0.891826 -0.0151773 1.28214
141 -0.130449 -1.33929 5.91865
141 0.302412 -1.19101 6.25923
141 0.935986 -0.627929 0.696961
141 -0.164075 0.922934 3.03008
141 -0.884791 -0.424554 4.90414
141 -1.1888 0.0536889 4.39338
141 0.233393 0.889083 2.60202
141 0.537291 -0.920803 0.257878
141 -1.22238 -0.33086 4.69791
141 0.704745 -1.08043 0.338538
141 0.242751 0.760155 2.55962
141 -1.31491 0.332107 4.19771
141 1.29066 -0.283842 1.11036
141 0.87084 1.04954 2.16395
141 0.867345 -0.848335 0.507683
141 0.932689 -0.4927 0.817064
141 1.02048 0.800097 1.96073
141 -0.872737 -0.634137 5.0787
141 -0.810095 0.618187 3.75973
141 -1.14184 0.56335 3.98588
141 -1.31529 0.166234 4.32083
141 0.0149083 0.781178 2.8338
141 -0.983922 -0.652844 5.04204
141 -0.802743 0.57003 3.81563
141 0.829108 -0.986546 0.43333
141 -1.13681 -0.21981 4.64006
141 -0.459712 -1.02801 5.61828
141 1.26142 0.318578 1.55
141 0.30463 -1.0454 0.000540071
141 0.858518 -0.703153 0.605372
141 1.01978 0.467937 1.73968
141 0.203368 -0.915114 6.22179
141 0.744813 -0.446876 0.730277
141 -1.34891 0.0862049 4.37546
141 -1.29064 -0.17533 4.59263
141 -0.459427 -1.24176 5.69473
141 -0.965038 0.909538 3.65864
141 0.632493 -0.65055 0.475865
141 0.662692 -0.937609 0.344112
141 0.518 -1.00618 0.20607
141 -0.45765 1.12498 3.23901
141 0.880895 -0.75368 0.584453
141 0.227124 0.974562 2.64257
141 0.267112 -0.760316 0.0407114
141 0.727192 0.472952 1.89585
141 1.02732 -0.710966 0.68366
141 0.521652 -0.964663 0.219773
141 0.88774 -0.283779 0.983053
141 -0.575691 0.928477 3.40683
141 -0.12461 -0.902678 5.84798
141 -1.15196 0.474253 4.0545
141 1.17373 0.0748815 1.37041
141 0.570413 -1.20062 0.194695
141 0.616099 0.865436 2.26704
141 -1.17631 -0.302319 4.68375
141 0.804536 -0.175118 1.10024
141 -1.21122 -0.4341 4.81317
141 0.959617 0.0415479 1.34844
141 -0.923997 -0.000315358 4.43174
141 0.975415 -0.747378 0.615135
141 1.36108 -0.0397305 1.27296
141 -1.04439 -0.707318 5.05773
141 -1.12929 -0.115826 4.55985
141 -0.989693 -0.572094 4.99078
141 -0.276727 1.19328 3.0815
141 -1.02603 -0.892322 5.17256
141 0.147883 -1.34047 6.11674
141 -0.204628 -1.11363 5.82053
141 -0.938851 0.0826533 4.36825
141 -0.599762 0.731786 3.54987
141 0.949256 0.749508 1.96187
141 -1.04253 -0.148442 4.60676
141 1.05317 0.434522 1.69819
141 -1.12953 -0.667278 4.99801
141 -1.2495 0.542945 4.00861
141 -0.61082 -1.00319 5.50336
141 0.884079 -0.331295 0.937964
141 -0.811073 0.18745 4.22723
141 0.436781 1.11405 2.49521
141 -0.80814 0.133694 4.29306
141 -0.0734521 1.11742 2.9022
141 -0.816168 0.404919 3.99739
141 -0.982347 -0.723519 5.08274
141 0.897927 -0.92932 0.488827
141 0.741482 -0.862303 0.443143
141 0.260028 -1.29366 6.20573
141 0.798605 0.814757 2.11012
141 0.325329 -1.08542 0.0266698
141 -0.690511 -0.956639 5.39773
141 -0.828931 0.659525 3.74199
141 -1.36339 -0.113585 4.528
141 -0.914042 0.9489 3.61108
141 0.831115 -0.918643 0.465357
141 -0.231294 1.06823 3.07219
141 -0.832318 0.539142 3.86322
141 0.890141 -0.50811 0.762179
141 0.846078 -1.0908 0.413045
141 -0.404808 0.771441 3.32309
141 -1.20452 -0.0107356 4.45186
141 0.346034 -1.19293 0.011367
141 0.129201 0.998608 2.74164
141 -1.19275 0.0937592 4.36936
141 1.13319 0.236429 1.51354
141 -1.28761 0.389951 4.15224
141 0.989895 0.886896 2.0288
141 -1.16753 0.0201946 4.42144
141 1.1469 -0.785987 0.693591
141 -0.730803 0.432543 3.90045
141 1.14645 0.31775 1.5634
141 1.10439 -0.512428 0.87842
141 -0.0856044 1.31966 2.89619
141 0.0725173 1.00378 2.78553
141 0.198059 0.922773 2.65656
141 0.444431 1.24907 2.53596
141 0.924909 0.205411 1.53827
141 -0.705699 1.13354 3.40548
141 0.900101 -0.984373 0.46374
141 -0.959072 0.954508 3.63169
141 1.36033 -0.0836461 1.25146
141 -0.30592 -1.012 5.7389
141 -0.716716 0.640989 3.68639
141 1.04287 0.848045 1.96946
141 -0.622263 0.591986 3.65315
141 -0.206958 -0.873239 5.77735
141 0.431793 -0.754344 0.22756
141 -0.0842863 -0.749723 5.8647
141 0.589864 -0.612948 0.462187
141 1.094 0.335689 1.58862
141 1.31983 0.335046 1.54601
141 -0.804196 0.348492 4.05083
141 0.99056 0.578547 1.82565
141 -0.272816 0.83029 3.18247
141 0.223759 -0.838912 6.25954
141 -0.646865 -0.981324 5.46726
141 -1.10261 -0.322012 4.70609
141 -0.49892 -0.89474 5.53942
141 -1.15496 0.310774 4.1868
141 1.19058 0.262816 1.52665
141 0.775924 -0.844494 0.455163
141 -0.653751 0.512383 3.75786
141 1.23603 0.281004 1.52493
141 0.6234 0.73261 2.1647
141 -0.944094 0.808578 3.69796
141 1.3461 0.0548619 1.35585
141 -1.12254 -0.61355 4.9458
141 -1.05498 0.0701544 4.36929
141 -0.590615 0.969488 3.39777
141 0.435474 0.881417 2.4343
141 0.586631 0.773885 2.23256
141 0.198354 1.35602 2.716
141 -0.75454 -0.897791 5.34076
141 -1.2668 0.429694 4.12131
141 -0.236755 -0.692188 5.69134
141 -0.554886 -0.65318 5.33225
141 0.32382 0.744914 2.49341
141 -0.136849 -1.0051 5.85926
141 0.0492295 1.19058 2.80505
141 0.14467 -0.91895 6.14574
141 0.325237 1.1103 2.57118
141 0.399202 1.26175 2.55135
141 0.818226 0.0156809 1.32974
141 -0.501438 -1.18965 5.64467
141 0.602964 -0.745005 0.404459
141 -0.031233 -1.16204 5.98358
141 0.103352 -0.938043 6.108
141 -0.114257 1.10585 2.94241
141 0.546187 -1.14624 0.184757
141 -0.616523 -0.949425 5.47409
141 -1.17815 -0.548923 4.90664
141 -0.932295 0.441263 4.01554
141 -1.12595 0.727688 3.85506
141 0.183155 1.23146 2.71815
141 1.09734 0.0911743 1.37446
141 0.70388 0.653092 2.05653
141 1.16753 -0.156395 1.19719
141 -1.03523 0.346384 4.13721
141 0.361924 0.705042 2.43152
141 1.07563 0.685037 1.88315
141 0.99767 0.672922 1.90027
141 1.0473 0.227977 1.53192
141 -0.469942 1.07625 3.27153
141 0.944529 0.54673 1.82876
141 0.369763 1.10809 2.54156
141 -1.29777 -0.420277 4.77984
141 0.906201 0.968873 2.12295
141 -1.04331 -0.56919 4.95494
141 0.851064 0.406606 1.75854
141 -1.27182 -0.454847 4.80914
141 -0.982669 -0.428913 4.87782
141 0.745464 -1.08084 0.335843
141 -0.159915 -1.31005 5.90202
141 1.00785 -0.67477 0.691605
141 0.644733 0.955705 2.29046
141 0.462534 -1.12996 0.134117
141 -0.900206 0.24448 4.19083
141 -1.00278 0.0250264 4.41073
141 -0.64129 0.697102 3.6111
141 -0.991244 0.655395 3.84848
141 0.321627 1.25627 2.59668
141 0.848076 0.0886725 1.39304
141 -0.952189 -0.124584 4.59231
141 1.30344 0.296925 1.52837
141 0.278595 -0.866687 0.0163276
141 -0.6311 1.21456 3.32772
141 0.886881 -0.665618 0.62595
141 -1.02698 -0.432716 4.86708
141 1.10893 0.286879 1.55122
141 -1.03317 -0.661465 5.02717
141 1.19139 0.152419 1.40032
141 0.164577 1.1504 2.72729
141 0.180834 -0.957553 6.18852
141 -0.722891 0.59481 3.74107
141 0.310668 1.01165 2.56461
141 -0.128634 0.883566 2.99499
141 -1.10613 -0.244552 4.65103
141 1.01346 0.755918 1.94117
141 0.406657 0.807915 2.4351
141 0.696986 0.779342 2.1401
141 0.889306 -0.113102 1.19028
141 0.229847 -0.880327 6.24787
141 0.757293 0.650261 2.00728
141 -1.3005 -0.247994 4.6183
141 -0.517371 -0.65648 5.36304
141 -1.32977 0.210808 4.27837
141 -0.259222 -1.23644 5.80391
141 1.09445 0.636555 1.83309
141 0.225736 -1.26178 6.1844
141 -0.699141 -0.75585 5.2842
141 0.752706 0.901072 2.17522
141 0.126153 1.19666 2.75823
141 -0.885631 0.277232 4.16863
141 -0.421705 1.15102 3.20531
141 -0.325224 -1.13275 5.74859
141 -0.715241 -0.534905 5.10389
141 -0.0723957 1.24493 2.8885
141 0.0012829 0.999602 2.84348
141 1.11249 -0.0476543 1.25026
141 1.15813 -0.667676 0.771999
141 1.3626 0.308822 1.52768
141 1.20981 -0.515354 0.907193
141 -0.578907 0.577467 3.64354
141 1.2084 -0.655609 0.833474
141 0.856273 -0.531903 0.731176
141 -1.12932 0.680387 3.88464
141 0.0561711 1.24817 2.81339
141 -0.90577 -0.564419 5.00665
141 0.0126831 -0.952077 6.01433
141 -0.241191 -0.733337 5.69653
141 -1.16242 0.614709 3.95444
141 0.0696018 -1.10004 6.07229
141 1.09563 0.407146 1.65891
141 1.10556 -0.647091 0.764075
141 0.175996 -1.12088 6.14601
141 0.637471 -0.900659 0.338095
141 0.105633 -0.892083 6.11537
141 -0.855394 0.616831 3.79998
141 1.29176 -0.132091 1.21412
141 -0.697995 0.992985 3.46168
141 1.14442 -0.534507 0.864808
141 0.363877 1.16246 2.55015
141 -0.504539 0.709132 3.4848
141 -0.808581 -0.263461 4.77255
141 1.17002 -0.4986 0.902226
141 0.683114 -0.967928 0.352996
141 -0.997575 -0.218493 4.65254
141 0.662639 0.728108 2.14169
141 1.10005 -0.852516 0.628414
141 -0.964061 -0.198934 4.65579
141 -0.718219 1.17597 3.39747
141 -0.0742933 -1.19619 5.95961
141 -0.0118124 1.37243 2.83754
141 -0.823769 0.226436 4.19908
141 0.591199 1.18784 2.40389
141 -0.734288 0.37586 3.98496
141 -1.34407 -0.027449 4.4478
141 1.16439 0.200873 1.46367
141 0.867088 0.129445 1.43764
141 0.131697 1.248 2.75614
141 -0.352158 -0.902673 5.67498
141 -1.05213 0.226577 4.24909
141 0.936844 -0.406985 0.890166
141 1.15164 0.497007 1.71359
141 -0.982925 0.231767 4.23616
141 -0.643395 1.0947 3.3888
141 0.271679 1.17615 2.6332
141 0.00397692 1.1734 2.83416
141 0.63768 -1.09641 0.258665
141 -0.942966 -0.227689 4.67468
141 -0.525676 0.572063 3.60222
141 -1.35575 0.254236 4.26067
141 -0.684706 0.887538 3.52267
141 0.095228 0.782577 2.74965
141 1.04678 -0.372412 0.95941
141 1.0531 0.268911 1.54941
141 -1.23655 0.330083 4.19609
141 -1.15537 0.391831 4.12436
141 -0.867567 0.204893 4.23238
141 1.22899 -0.0447578 1.26425
141 -0.0809055 -1.25014 5.95095
141 0.841141 -0.347126 0.906581
141 0.0956258 -1.22189 6.08558
141 1.13791 0.0989416 1.38548
141 1.04559 -0.550527 0.810298
141 0.975956 -0.487733 0.832988
141 0.941315 -0.454376 0.845342
141 1.0278 0.700744 1.9101
141 -0.48949 -0.933781 5.56626
141 1.01036 0.16526 1.45153
141 -0.573109 -0.990416 5.52109
141 1.01149 0.273409 1.55857
141 -0.914826 -0.510729 4.96451
141 -0.502603 0.79822 3.4312
141 0.213308 1.18619 2.6952
141 1.18128 -0.74145 0.727335
141 0.80836 1.0548 2.20892
141 -1.08734 0.538127 3.9939
141 0.38295 1.20133 2.54873
141 -0.93298 -0.7351 5.11602
141 0.765708 -0.509141 0.678801
141 0.00515244 -0.908843 5.99954
141 1.06121 0.119702 1.39926
141 0.232712 1.22924 2.68274
141 1.2742 0.161826 1.40796
141 -1.01801 -0.841566 5.14501
141 -0.866347 -0.305558 4.80567
141 1.10222 0.449455 1.69586
141 0.819562 0.548763 1.90116
141 0.753642 -0.688568 0.523849
141 -1.04309 -0.230345 4.65742
141 0.289081 0.944927 2.5685
141 1.23203 0.124099 1.3856
141 0.218457 -1.05158 6.20517
141 0.311725 -0.785752 0.0877562
141 1.38601 -0.227291 1.166
141 -1.12035 -0.177916 4.60823
141 -0.607684 1.0612 3.36919
141 -0.671323 -0.727594 5.29062
141 -0.45765 -0.778057 5.52368
141 0.201625 0.788343 2.61665
141 0.111276 -1.30303 6.09548
141 -1.04251 -0.511029 4.91982
141 -0.669095 -0.92113 5.3924
141 -0.641515 0.972145 3.43894
141 0.789391 -0.785995 0.501172
141 1.12395 -0.478796 0.898425
141 -1.13951 -0.57121 4.92391
141 -0.545435 -1.0271 5.55833
141 0.265391 -1.02439 6.24928
141 -0.363089 1.01477 3.20839
141 -1.209 -0.0899932 4.52617
141 0.0966019 1.28199 2.78125
141 0.0862131 1.17636 2.77929
141 0.254669 -1.18683 6.21616
141 0.387418 0.745502 2.42665
141 -1.06941 -0.0608248 4.50098
141 -0.920758 -0.664917 5.08279
141 -0.626504 -1.13772 5.55372
141 -0.58828 -0.918107 5.48179
141 0.570184 0.728448 2.21139
141 -0.546594 1.22519 3.26906
141 -0.901159 0.798717 3.69058
141 -1.01101 0.0622444 4.38596
141 -1.20288 -0.164108 4.5957
141 -0.706599 -0.274078 4.85539
141 0.804959 -0.398919 0.832266
141 -0.399159 1.30597 3.14627
141 1.23901 0.233096 1.48536
141 -0.230802 1.21435 3.03115
141 -0.793524 -0.603836 5.10941
141 -0.843957 -0.151231 4.64463
141 -0.217319 0.907866 3.08907
141 -0.433341 0.65275 3.44967
141 0.259425 0.858403 2.57597
141 -0.296068 0.739929 3.24727
141 -0.786579 -1.08559 5.39654
141 -0.845355 -0.744226 5.16725
141 1.06206 -0.60287 0.777197
141 -0.182647 0.974885 3.03975
141 -0.848413 -0.020446 4.47132
141 0.362085 -1.10762 0.0499029
141 0.791489 0.761744 2.07423
141 -0.819339 0.786311 3.64678
141 0.550683 -0.691455 0.397613
141 -0.680868 -1.12231 5.49826
141 -0.18885 0.876636 3.07507
141 -0.717643 -1.13607 5.48827
141 1.16079 -0.61793 0.824748
141 0.533231 1.04235 2.40155
141 0.677994 1.18643 2.35252
141 -0.480627 -0.858284 5.53305
141 -1.02752 -0.0873934 4.5416
141 -1.28926 0.131477 4.34814
141 0.279884 1.22048 2.63294
141 -1.38594 0.0689167 4.3851
141 1.11784 -0.00579495 1.29912
141 0.333732 -1.14117 0.0216989
141 -0.671286 0.662034 3.6419
141 -0.197143 1.02786 3.04302
141 0.983728 -0.528573 0.801032
141 0.504892 -1.11388 0.163194
141 0.639014 -1.16413 0.242865
141 0.174214 -0.776817 6.2073
141 0.16966 1.19244 2.72325
141 0.404437 -0.849134 0.167591
141 -0.0936568 0.936933 2.95512
141 0.535976 0.629282 2.16626
141 -1.0385 -0.0368803 4.48179
141 -0.497873 -0.798807 5.49752
141 -1.08009 0.0181107 4.42852
141 -1.15533 0.110222 4.34984
141 -1.22573 -0.0480793 4.46659
141 -0.942288 0.597929 3.87892
141 1.21463 0.439039 1.64539
141 -0.798158 -0.00300246 4.43596
141 -0.297953 -0.761693 5.66958
141 -0.583458 0.636396 3.60465
141 0.326241 1.20282 2.58932
141 -0.423594 1.06513 3.23074
141 0.0366999 1.02727 2.81661
141 -1.11264 0.353956 4.14649
141 0.895169 -0.39529 0.884231
141 -0.335497 1.13169 3.13987
141 -0.501009 -0.584983 5.3283
141 -1.27116 -0.337737 4.6758
141 1.22355 -0.333738 1.0617
141 1.07604 -0.733694 0.693299
141 -0.537395 0.66417 3.55472
141 0.998882 -0.927426 0.542271
141 0.44204 -0.824626 0.203819
141 -0.554231 -0.571443 5.26261
141 -0.498387 0.99218 3.31988
141 -0.882002 0.925994 3.61392
141 0.87861 0.773916 2.02781
141 -0.237832 1.14068 3.04334
141 -0.154867 -1.19294 5.87485
141 0.572486 1.05124 2.38449
141 -0.34538 0.97004 3.20527
141 0.655073 -1.2027 0.237426
141 -0.798353 -1.04004 5.36762
141 1.28393 0.213521 1.46118
141 -1.25108 -0.541145 4.86188
141 -0.978058 0.285031 4.17919
141 0.921187 0.789545 2.00243
141 -1.22727 -0.374474 4.73757
141 0.947728 0.488027 1.77836
141 -0.288546 1.12423 3.11439
141 -0.488025 0.893623 3.34669
141 1.20197 0.679919 1.80999
141 1.01341 0.361751 1.64418
141 -0.346882 -0.75914 5.62556
141 0.602693 -1.11891 0.232887
141 0.137209 0.82118 2.70833
141 -0.376219 1.09453 3.19557
141 -0.520646 -0.979125 5.5632
141 -0.432124 0.943981 3.27986
141 -1.01324 0.459476 4.01191
141 -0.982742 -0.0592988 4.51952
141 -0.792448 0.0465516 4.39435
141 0.017222 -1.27297 6.02087
141 0.135355 1.06759 2.73989
141 1.35461 0.369138 1.56794
141 -0.896427 -0.477116 4.95569
141 0.876766 0.467042 1.79794
141 1.05071 -0.457047 0.893966
141 -0.268216 1.29828 3.04617
141 -0.732188 -0.413696 4.97554
141 -0.754043 -0.60033 5.13645
141 -0.73094 -0.823978 5.30726
141 0.585043 0.912649 2.31917
141 -0.256871 -1.16718 5.80206
141 -1.07305 -0.637829 4.99955
141 0.847275 0.206176 1.55582
141 1.14808 -0.265377 1.09643
141 -0.791111 0.523466 3.85427
141 0.217615 -0.793998 6.25448
141 -0.732711 0.876598 3.56109
141 -0.233633 -1.00022 5.78333
141 1.06344 -0.905052 0.587973
141 0.316964 0.794229 2.52111
141 0.00852544 1.08586 2.82976
141 -1.19109 -0.586975 4.92453
141 -0.244061 -1.11721 5.80208
141 -0.267479 0.789984 3.19116
141 0.9734 0.308699 1.61127
141 -0.673852 -1.01883 5.45677
141 0.868177 0.588985 1.89898
141 -0.633991 0.802465 3.54225
141 -0.469923 0.848223 3.35293
141 -0.964974 0.382915 4.07091
141 1.16447 -0.375256 0.980937
141 -0.832308 -0.961686 5.32189
141 0.784041 -0.273588 0.947837
141 0.234029 1.04202 2.64975
141 -0.79806 0.684705 3.70674
141 -0.946018 0.252302 4.20338
141 -1.31757 0.280353 4.2474
141 0.520132 -0.877862 0.258345
141 0.146936 -1.15071 6.13719
141 -0.785756 0.250817 4.16231
141 -0.538864 1.00956 3.34854
141 1.1778 -0.410665 0.973781
141 0.0195242 1.26622 2.82137
141 -0.429282 1.2298 3.19609
141 -0.721692 0.720288 3.63735
141 0.0843295 1.13026 2.77158
141 -0.0302697 1.25322 2.86054
141 -0.425259 0.694745 3.42312
141 -1.14981 -0.149587 4.58753
141 1.16455 -0.218673 1.14314
141 0.204451 -1.00131 6.20293
141 -0.505518 -1.24419 5.65696
141 -0.908555 1.04233 3.57614
141 1.08058 -0.406223 0.941406
141 -0.294726 1.26003 3.07464
141 -0.963197 0.765629 3.73481
141 -1.17738 0.717273 3.86974
141 0.161084 -1.2909 6.12919
141 -1.12817 -0.483123 4.86522
141 0.888447 0.906089 2.10556
141 -0.869004 0.983142 3.57986
141 -0.40233 0.900065 3.26328
141 -0.864417 -0.19149 4.67479
141 -1.29568 -0.12492 4.5499
141 0.112171 0.959462 2.74263
141 -0.626862 1.01423 3.41527
141 -0.885128 0.874212 3.63319
141 -1.23099 0.0818985 4.37016
141 0.607415 0.692197 2.16436
141 0.543004 -1.03253 0.211879
141 -0.627197 -0.737351 5.32922
141 0.484646 0.71855 2.30419
141 0.855717 0.509728 1.85181
141 -1.28673 0.0142675 4.42495
141 -0.147346 1.04343 2.99508
141 0.551772 0.590074 2.14972
141 1.27327 0.364341 1.57991
141 0.483294 0.997276 2.42878
141 -1.06774 0.670045 3.86085
141 -0.660171 -0.618345 5.20618
141 -0.819176 0.869764 3.6109
141 -0.80154 -0.747881 5.20422
141 0.261863 -0.818671 0.00831248
141 -0.317696 -0.923722 5.69575
141 -0.904927 0.57376 3.87892
141 -1.0438 0.0217206 4.42087
141 -0.879298 0.133559 4.3017
141 1.13836 0.790941 1.91301
141 0.983571 0.536268 1.8047
141 0.647266 -0.761143 0.436219
141 1.00053 -0.0877654 1.22284
141 0.822575 0.165086 1.51455
141 -0.31307 -0.807367 5.68153
141 -0.451892 0.900937 3.32175
141 0.96361 -0.361653 0.930282
141 -1.02308 0.681624 3.83635
141 1.23587 0.640071 1.77776
141 1.10527 -0.0844125 1.22924
141 -0.889702 0.379125 4.04259
141 0.840142 0.81287 2.07641
141 -1.3108 -0.211987 4.60896
141 1.0516 -0.088875 1.2236
141 0.0629147 -1.05742 6.06659
141 0.133883 0.863557 2.71716
141 0.942616 0.925177 2.07457
141 -0.768766 -1.00437 5.37124
141 0.855144 -0.482823 0.766078
141 -0.941274 -0.55683 4.99666
141 -0.329941 -0.719548 5.63212
141 -1.33087 -0.150534 4.56894
141 1.02384 0.320807 1.59732
141 -0.216042 1.30152 3.00874
141 1.06325 0.77168 1.9326
141 -0.345472 -1.30194 5.76701
141 0.266703 1.08746 2.61935
141 0.810367 -0.489213 0.736949
141 -0.590964 1.23523 3.2994
141 -0.738217 0.211663 4.19846
141 0.272011 1.27018 2.65154
141 0.781836 0.620409 1.98039
141 -0.788139 0.842687 3.60943
141 -0.752765 -0.755946 5.24053
141 -0.131808 1.18933 2.95465
141 1.01979 0.120492 1.40575
141 -0.776048 0.643483 3.72674
141 0.964402 -0.00812095 1.29936
141 -0.221324 0.839445 3.12394
141 -1.17393 -0.68409 4.99188
141 -0.0223691 -1.12222 5.99122
141 0.617893 0.528445 2.01665
141 -0.638474 -0.694452 5.29029
141 0.176939 -0.877877 6.19501
141 0.676354 0.824858 2.18056
141 1.11067 -0.368458 0.981486
141 0.695592 0.709403 2.11973
141 -0.311073 1.008 3.16323
141 0.140093 -1.2184 6.12246
141 -1.05245 -0.354969 4.79177
141 -1.29807 0.23908 4.26312
141 -1.09194 -0.806742 5.09255
141 -1.03616 0.147315 4.29625
141 0.0748233 -1.01695 6.07269
141 0.753668 -0.728657 0.507029
141 0.801308 0.918242 2.14604
141 -0.44875 0.80268 3.37032
141 0.968721 0.150498 1.43818
141 -0.761886 0.0949079 4.33516
141 -0.675395 -0.529285 5.12301
141 -0.585218 1.01078 3.38256
141 0.72858 -0.905577 0.413176
141 -0.497307 -1.11223 5.62199
141 -0.789834 -0.658578 5.15133
141 -0.685512 -0.40809 4.9924
141 0.855676 -0.386869 0.878669
141 -0.550303 -0.881748 5.49397
141 -0.894077 -0.959095 5.27905
141 0.438082 -1.04187 0.145707
141 -0.9793 -0.38475 4.84089
141 -1.36478 -0.241613 4.61413
141 0.717696 -0.80989 0.446886
141 0.510164 0.892993 2.37978
141 -0.547804 -0.80445 5.43655
141 0.649542 -0.612516 0.502223
141 -0.698762 1.08661 3.42535
141 -0.866507 -1.01111 5.3304
141 -1.11625 0.307564 4.18837
141 -0.896447 0.480445 3.95018
141 0.918324 0.722711 1.95891
141 0.0410964 -0.763139 6.0364
141 -0.687476 -0.359415 4.95176
141 0.906399 1.02483 2.14198
141 0.676287 0.477919 1.91847
141 1.18045 0.633606 1.78821
141 -0.362334 -0.945942 5.6772
141 1.0887 -0.118921 1.20681
141 0.0930454 -0.979423 6.09475
141 0.484394 -0.942418 0.200676
141 -0.389799 0.937027 3.25281
141 0.763782 0.498462 1.89556
141 1.14547 0.141499 1.40799
141 0.720321 0.523906 1.93579
141 0.839799 0.76164 2.03668
141 0.306924 -0.914157 0.0416003
141 0.203402 1.01015 2.68062
141 -1.22319 0.0292698 4.41263
141 1.29659 0.0431153 1.33425
141 -0.712125 -0.626504 5.16521
141 0.927758 0.655301 1.92023
141 -1.08751 0.192348 4.26719
141 0.0513118 -0.956836 6.04852
141 0.527679 1.2496 2.47225
141 0.710719 -1.03089 0.349034
141 -0.971931 0.622629 3.86723
141 -0.836199 0.0278394 4.41065
141 -0.977453 0.529801 3.93821
141 0.725024 0.932757 2.20312
141 -0.835774 -0.650699 5.11595
141 -0.633411 -0.435207 5.0621
141 0.710551 -0.99246 0.356496
141 -1.34518 0.359219 4.18402
141 -0.927705 -0.359592 4.83668
141 -0.339122 1.05285 3.17048
141 -1.16952 -0.503617 4.86264
141 -0.65142 -1.1771 5.54954
141 -0.546826 0.808321 3.45846
141 -1.11331 -0.411465 4.80997
141 -0.984102 -0.292502 4.72887
141 -0.755162 -0.641093 5.15096
141 0.731554 0.411125 1.82974
141 -0.446127 -0.980034 5.6123
141 1.12825 -0.409162 0.95979
141 -1.14337 -0.331356 4.71415
141 0.892982 0.0451991 1.35691
141 1.11004 0.759848 1.91241
141 -1.02365 0.0978517 4.36467
141 0.777251 0.987663 2.19583
141 -1.32873 0.401674 4.16132
141 -1.08498 0.137629 4.327
141 0.518793 -0.835637 0.276915
141 0.17991 1.07628 2.7049
141 -0.42904 0.853394 3.31372
141 0.67594 -0.531148 0.597668
141 -0.25996 -1.03479 5.77305
141 -0.887251 0.734904 3.73118
141 -0.308268 0.955514 3.17839
141 -0.333795 1.28194 3.11217
141 0.435589 -1.00041 0.153788
141 -0.459379 -1.19228 5.66762
141 -0.630122 0.758173 3.5587
141 -0.860681 -0.0650478 4.5381
141 1.04437 -0.132559 1.1904
141 0.865971 0.304858 1.62853
141 1.10347 -0.803894 0.659271
141 0.0187759 -0.814784 6.01211
141 1.115 0.537222 1.76069
141 0.799182 0.873357 2.13801
141 0.669338 0.872587 2.21778
141 -0.814063 0.477728 3.91243
141 -0.790796 -0.879346 5.30343
141 0.728348 1.11285 2.30343
141 -0.58434 -0.73008 5.35692
141 0.268903 -1.23487 6.22455
141 -0.782978 -0.710023 5.18322
141 -0.98877 -0.508842 4.93783
141 0.765191 0.95075 2.188
141 0.58726 -1.0549 0.247443
141 1.26012 0.45824 1.64659
141 -0.304626 -1.28602 5.79731
141 1.04514 -0.646495 0.730889
141 -0.937534 -0.0629769 4.52588
141 -0.310843 -0.882754 5.68753
141 -0.865063 0.323632 4.09578
141 1.00279 -0.380785 0.929662
141 -0.670839 0.620464 3.65774
141 1.02015 -0.827739 0.60652
141 1.11179 0.710601 1.87923
141 -1.02798 -0.296175 4.71588
141 -0.26715 -0.904691 5.73145
141 0.633011 0.817178 2.21562
141 0.353775 -0.697333 0.180511
141 0.943224 0.0838221 1.3868
141 1.27704 0.525993 1.68932
141 -0.464463 0.968009 3.30585
141 0.584031 1.09447 2.3889
141 -0.594483 -1.21099 5.59315
141 -0.897688 -0.391778 4.88416
141 -0.916216 0.990395 3.59898
141 -0.987206 -0.167677 4.63336
141 0.319668 1.06744 2.56376
141 0.920659 -0.356836 0.927018
141 0.870118 -1.00779 0.454027
141 0.907279 0.520671 1.83317
141 1.26179 -0.52723 0.912236
141 -0.496481 0.940304 3.34382
141 1.02967 -0.751152 0.65734
141 0.423543 -1.23649 0.065634
141 -0.885118 -0.862887 5.22644
141 -0.372713 1.21952 3.13982
141 0.910901 -0.596156 0.695463
141 0.763051 0.574037 1.94693
141 0.40605 0.981867 2.49026
141 -1.0383 0.635947 3.88263
141 -1.12174 0.150431 4.3105
141 -0.211853 -0.958424 5.78631
141 -0.683338 0.942191 3.49186
141 -0.526637 -0.706802 5.39965
141 0.917032 -0.25024 1.04234
141 0.593214 -1.01034 0.270807
141 1.29453 -0.186374 1.1846
141 -0.306778 1.16521 3.12086
141 0.382482 -1.15265 0.0600976
141 -0.728456 -0.71954 5.22915
141 -0.75643 0.0256975 4.41182
141 0.494897 -1.07354 0.171868
141 -0.0181118 -1.3074 6.00267
141 -0.817687 -1.00532 5.36353
141 -0.0599485 0.787146 2.92096
141 -0.802867 -0.0747277 4.57086
141 0.582824 -0.655808 0.438672
141 -0.217647 1.17222 3.02284
141 0.216317 -0.744021 6.26045
141 -0.170792 -0.922794 5.81526
141 -0.848428 0.256247 4.17752
141 -0.698554 -0.683036 5.22987
141 0.929964 -0.31358 0.962664
141 0.928184 0.317074 1.61989
141 -0.820128 -0.793369 5.22886
141 -0.77957 -0.489178 5.00951
141 -1.30456 -0.027099 4.45372
141 0.818975 0.593285 1.93133
141 0.383096 -0.93844 0.119939
141 -0.914213 -0.0981245 4.56929
141 -0.157688 1.11006 2.98381
141 0.00693513 1.30777 2.8313
141 -1.2136 -0.204809 4.6183
141 -0.869346 -0.781044 5.18251
141 1.13329 -0.1985 1.14862
141 0.638229 -0.711759 0.445487
141 -0.544548 0.616696 3.5907
141 -1.26092 0.0452222 4.40854
141 1.22253 0.345216 1.57385
141 0.549606 -0.590129 0.450145
141 -1.06138 0.381017 4.10309
141 -0.810431 -0.462719 4.97992
141 1.01446 -0.613573 0.744366
141 -1.13926 -0.441918 4.83143
141 0.418014 -1.12121 0.0970247
141 -0.525832 1.26238 3.24312
141 1.06182 -0.785809 0.650024
141 -0.220389 -1.33014 5.84678
141 0.805556 0.24967 1.60373
141 -0.359784 -1.0928 5.71608
141 -1.34189 0.132733 4.3438
141 0.889533 0.668296 1.94061
141 0.960457 -0.127646 1.18443
141 -1.03908 0.494806 4.0066
141 -1.27524 0.280257 4.24386
141 0.440941 -0.918313 0.182318
141 1.06779 -0.254795 1.08898
141 -0.553203 0.73496 3.51194
141 -0.187959 -0.834802 5.78633
141 -0.706983 -0.315404 4.88816
141 1.10051 0.576812 1.7852
141 -1.25695 -0.297255 4.66474
141 1.31689 0.18217 1.42179
141 -1.04639 -0.772858 5.07942
141 0.92855 -0.103662 1.1966
141 -0.948056 0.553768 3.91356
141 1.22897 -0.274912 1.11406
141 -0.273042 1.33917 3.0397
141 1.2163 -0.0972589 1.2272
141 0.976566 0.95775 2.07189
141 -0.543393 -0.529667 5.23356
141 -0.991009 0.134071 4.31041
141 -0.975626 0.0941412 4.3593
141 0.84054 -0.667711 0.60701
141 0.218233 1.09019 2.68194
141 0.580802 1.00059 2.36152
141 1.11128 -0.300554 1.05317
141 -0.837233 -0.551518 5.03705
141 0.538248 -0.638616 0.422825
141 -0.329858 0.709384 3.2888
141 0.991388 -0.86728 0.571745
141 -0.714011 -0.912912 5.36632
141 -0.922021 0.841725 3.67457
141 -0.907914 0.532322 3.90781
141 0.0659116 0.878955 2.79241
141 0.944146 0.433769 1.75017
141 -0.122359 -0.947017 5.8605
141 -0.393155 -0.876539 5.62631
141 0.288001 0.901692 2.55943
141 0.688253 0.435741 1.88678
141 -0.850989 -0.448197 4.94792
141 0.992012 -0.0434753 1.24836
141 -0.700871 0.756396 3.6116
141 1.19249 0.477898 1.68349
141 1.17827 0.58816 1.77327
141 -0.200596 -1.03274 5.8205
141 0.742598 0.361557 1.77314
141 -0.419654 0.99907 3.25067
141 0.135307 -1.10405 6.12906
141 -0.249744 -0.775917 5.71149
141 -0.670127 0.839701 3.53888
141 -0.212217 -1.25328 5.84297
141 0.7176 -0.489421 0.661863
141 -0.824144 -0.410889 4.91973
141 -1.16899 -0.186572 4.60658
141 0.704335 -1.16381 0.294154
141 -0.783327 0.795107 3.63196
141 -0.331977 -1.2131 5.76477
141 -1.29642 0.501205 4.08395
141 -0.916124 0.658624 3.7973
141 -0.595051 0.892968 3.45085
141 1.06083 -0.300875 1.0353
141 0.649722 -1.00952 0.304292
141 0.77831 -0.613683 0.600937
141 0.770663 -0.567686 0.6321
141 -0.75464 -0.258068 4.81283
141 0.796778 -0.656652 0.592
141 1.02606 0.524559 1.78435
141 -0.631503 -0.776891 5.35387
141 0.631899 1.08622 2.3458
141 0.70062 -0.422165 0.726815
141 0.697854 1.01378 2.27017
141 0.400697 -0.674398 0.230014
141 0.595669 -1.16156 0.224456
141 -0.923241 0.403782 4.02664
141 0.536325 0.813276 2.32085
141 1.1522 -0.0758947 1.23616
141 0.41452 -0.793462 0.200873
141 0.114727 1.03311 2.75387
141 0.649816 0.773585 2.17176
141 -0.205209 -1.29195 5.84827
141 0.869381 0.550412 1.8789
141 1.08847 0.192201 1.46656
141 -0.0797814 0.896087 2.93465
141 0.500991 -0.737806 0.294125
141 -0.634429 0.933865 3.46015
141 -0.771682 -0.114854 4.60777
141 -0.0476884 1.04859 2.88746
141 -1.22846 0.212296 4.26748
141 -0.111088 -1.1655 5.91548
141 0.320498 1.15716 2.5836
141 1.18436 -0.566332 0.859299
141 -0.0257496 -1.08287 5.98773
141 -0.0243172 1.20686 2.85764
141 -0.259196 1.24328 3.04928
141 0.783696 -0.355441 0.871455
141 -0.871292 0.0566438 4.3917
141 0.311527 -0.730631 0.114333
141 -0.146603 1.3128 2.95153
141 -0.120608 0.817523 3.00429
141 0.14881 0.903287 2.72005
141 0.603145 -0.692886 0.435461
141 0.425082 -0.884479 0.177154
141 -1.15337 0.220545 4.26598
141 1.26453 0.0792665 1.37174
141 -0.962987 0.192694 4.26165
141 -0.206197 0.79309 3.12325
141 0.482558 -1.22253 0.128271
141 0.787436 0.336928 1.70916
141 -0.562691 1.05194 3.34729
141 0.370274 -1.24722 0.0340183
141 -1.05928 -0.836305 5.12006
141 -0.928035 0.211192 4.23568
141 -1.09067 -0.670114 5.00205
141 -0.742311 -1.04297 5.4047
141 0.896882 0.415863 1.74404
141 1.20123 -0.192738 1.16255
141 -1.1449 -0.712648 5.00376
141 0.760088 -0.977034 0.405834
141 0.0635831 0.923364 2.79279
141 0.189592 0.857571 2.64752
141 1.20884 -0.607752 0.841504
141 1.06904 0.529208 1.76643
141 -0.394745 -0.681665 5.53662
141 0.36631 1.0676 2.53725
141 0.480612 -1.26652 0.115215
141 1.16067 -0.026574 1.27482
141 0.447319 0.97243 2.45292
141 0.336572 -0.949251 0.0649761
141 0.83466 0.446293 1.80481
141 0.732176 -0.539801 0.631665
141 0.952572 -0.876888 0.545886
141 0.972352 0.38831 1.67574
141 -0.577559 -0.476215 5.14624
141 0.494285 1.08806 2.45116
141 0.724607 1.16008 2.32376
141 0.0309263 -1.22788 6.03516
141 1.35818 -0.341993 1.08278
141 0.830137 -0.626473 0.622843
141 0.154273 0.947323 2.71172
141 0.0692113 -0.839901 6.06828
141 -0.864738 1.0753 3.53086
141 -1.25875 -0.256099 4.64309
141 -0.297911 -0.846179 5.6901
141 -0.281204 -0.715921 5.66891
141 1.20272 -0.458964 0.94386
141 0.79329 -0.744072 0.522691
141 -0.1603 -1.04221 5.84643
141 -1.2501 -0.162077 4.58174
141 -0.271212 0.984172 3.12701
141 0.121981 1.14737 2.75708
141 -0.0485569 -0.789093 5.92485
141 -1.24283 0.380723 4.14894
141 -0.789733 0.439431 3.93902
141 -0.294684 -0.953088 5.72135
141 -0.468238 0.762496 3.41617
141 0.740403 -0.387247 0.795658
141 0.45591 -0.65053 0.310984
141 -1.27786 0.195388 4.28591
141 -0.0882115 -0.845209 5.87676
141 -1.12096 0.0191981 4.43131
141 0.452475 1.06532 2.47571
141 0.182645 1.31805 2.7217
141 -0.951561 -0.513436 4.95436
141 -0.612484 0.67053 3.60718
141 -0.569001 0.530683 3.66415
141 -0.0376465 1.14592 2.87278
141 0.633024 0.908984 2.27393
141 0.625627 -0.579453 0.507264
141 1.23044 -0.561057 0.884949
141 1.00299 -0.447527 0.891099
141 1.40544 -0.0864532 1.24092
141 -1.00715 -0.25828 4.6915
141 -1.35245 -0.20207 4.6013
141 -1.02647 0.803422 3.7397
141 0.231473 -1.09843 6.21523
141 -0.596137 -1.16747 5.57539
141 -0.317358 -1.17351 5.7592
141 1.033 0.57112 1.81133
141 -1.18869 0.215052 4.26671
141 0.257105 -0.914823 6.26195
141 0.100969 -1.0647 6.08921
141 -0.758832 0.714755 3.65452
141 -1.17843 -0.461796 4.83462
141 0.894696 0.171361 1.49447
141 0.627352 1.21702 2.39296
141 -1.23645 0.628383 3.96859
141 -1.04368 -0.472096 4.89255
141 -0.714376 -0.793082 5.30302
141 -0.0344792 0.927123 2.883
141 1.03042 -0.0503526 1.2397
141 -1.22707 0.472227 4.07729
141 -0.420027 -1.01903 5.6445
141 -0.332973 0.829257 3.23764
141 0.899331 0.859825 2.06344
141 0.404419 -0.721329 0.217362
141 -1.22521 0.128788 4.3387
141 0.129602 -0.756039 6.15495
141 -1.26102 0.482039 4.08259
141 -0.692591 0.693975 3.63135
141 -1.22898 -0.473712 4.82739
141 -0.77795 -0.433255 4.9665
141 -0.84507 0.373113 4.03015
141 -0.120491 1.22967 2.94195
141 -0.784737 0.96208 3.55005
141 -0.522463 1.05853 3.31433
141 -0.782435 -0.330042 4.87056
141 -0.760232 -0.543067 5.08078
141 -1.25597 0.235745 4.26771
141 1.33791 -0.387121 1.0407
141 0.974065 -0.644129 0.702776
141 0.121239 -0.807444 6.13694
141 0.0181657 -1.09289 6.01652
141 -0.670099 0.453622 3.83738
141 -0.831267 0.826733 3.63353
141 0.952695 -0.558373 0.761727
141 -0.768958 0.885041 3.5686
141 -0.0117253 -0.998134 5.98831
141 0.60227 -0.880107 0.322044
141 -0.794945 1.12637 3.47486
141 0.13737 1.36322 2.75216
141 0.631396 -0.492652 0.595361
141 1.06432 0.309963 1.57541
141 0.959062 -0.783041 0.604629
141 -0.475618 1.23666 3.2109
141 1.04815 0.64636 1.86585
141 -0.921148 0.142773 4.29031
141 0.83926 0.634052 1.94804
141 -1.19145 0.475051 4.06419
141 1.18613 0.40365 1.62242
141 0.675944 -0.733609 0.455985
141 -0.718951 0.466272 3.87921
141 0.737894 1.01673 2.25235
141 -1.37232 0.17268 4.31251
141 0.798961 -1.05958 0.405659
141 0.58361 -0.781342 0.376624
141 -0.87019 0.520538 3.90394
141 -0.764753 0.603639 3.74492
141 -1.3782 0.219548 4.27703
141 -0.809864 -0.835425 5.25915
141 1.099 0.137995 1.4089
141 1.31097 0.00264646 1.31219
141 0.0363768 -1.33468 6.04157
141 -1.2203 0.420466 4.11771
141 -1.31831 -0.0775707 4.49073
141 0.896171 -0.716807 0.603343
141 0.957896 -0.0684719 1.23114
141 -0.0695339 -1.14455 5.95423
141 1.1854 -0.280755 1.09391
141 -0.858092 0.702803 3.73731
141 -1.33892 0.0169619 4.42611
141 -1.19688 0.31907 4.19153
141 -0.96513 -0.00811808 4.44547
141 -0.437218 -0.878169 5.59358
141 -0.679392 -0.576454 5.15362
141 -1.12389 -0.533074 4.91135
141 -1.08997 0.703196 3.85894
141 -1.15133 -0.266874 4.6619
141 -0.48025 1.28337 3.2091
141 -0.0412593 -0.907956 5.94442
141 0.164059 1.27642 2.73057
141 0.0634608 -1.29977 6.06658
141 -0.781518 -0.20705 4.69826
141 -0.910076 -0.193925 4.66719
141 -1.00335 0.716118 3.80789
141 -0.642005 -1.09289 5.51959
141 1.2632 0.571228 1.72665
141 -0.447222 -0.923031 5.59878
141 -0.274975 -1.20074 5.80076
141 -1.14936 0.177855 4.28936
141 0.81643 0.49104 1.85198
141 0.368352 -0.792844 0.155201
141 -0.14461 -1.2569 5.90475
141 1.3002 0.486682 1.66054
141 -0.676513 0.56856 3.72625
141 1.36584 0.0926236 1.3683
141 0.234527 1.14762 2.67121
141 1.31516 -0.0508268 1.26233
141 0.678957 1.13376 2.33397
141 -0.0747948 1.16605 2.89091
141 -0.82489 -0.326745 4.85483
141 -0.864659 0.783338 3.67538
141 -0.815801 -0.913592 5.297
141 0.197531 -1.16371 6.16706
141 -0.66198 1.05605 3.41778
141 -0.0651053 1.20269 2.88069
141 0.997549 0.838785 1.98241
141 0.28268 -1.15015 6.24251
141 -1.06533 -0.411023 4.82127
141 -0.372654 0.720924 3.31747
141 1.1912 -0.0603816 1.24868
141 -0.094739 1.27978 2.90426
141 -1.15949 0.758766 3.853
141 0.780102 1.11163 2.25459
141 -1.07184 0.101749 4.35734
141 0.789435 0.198586 1.55207
141 0.103455 -1.17198 6.0877
141 1.19674 0.310354 1.55717
141 -1.30208 -0.305196 4.66686
141 0.691446 -0.571545 0.576589
141 0.83529 -1.0391 0.422198
141 0.560654 -0.733068 0.383741
141 0.123382 -0.857373 6.13441
141 -0.808184 0.723396 3.67947
141 -0.1298 0.952489 2.97749
141 -0.211655 1.10676 3.04229
141 -1.00664 0.766078 3.75773
141 -0.923911 -0.442442 4.9096
141 -0.994217 0.975198 3.63247
141 0.0608977 1.3717 2.80706
141 -0.9271 0.0351515 4.41575
141 0.840237 0.908657 2.1347
141 1.01023 -0.564853 0.785151
141 -0.169263 -0.739721 5.79848
141 -0.869159 0.669976 3.74792
141 1.36682 0.140082 1.38589
141 1.287 -0.459423 0.966988
141 0.0953374 1.09263 2.76778
141 -1.0856 -0.455805 4.86242
141 0.390841 1.03148 2.5198
141 0.786608 0.448491 1.82761
141 -1.00241 -0.348187 4.80797
141 0.371478 0.786023 2.44987
141 0.351274 1.30471 2.58191
141 -1.00286 -0.612253 5.00138
141 0.779677 0.409042 1.80877
141 0.143124 -0.972982 6.14705
141 0.361429 0.984216 2.52551
141 -1.17733 -0.0390969 4.46925
141 -1.18038 0.573349 3.98632
141 0.187532 -1.24231 6.16338
141 -0.668222 -0.794794 5.33955
141 0.00188783 0.83107 2.85547
141 -0.819173 -0.689618 5.15213
141 -0.359295 0.763827 3.29564
141 0.30573 -1.27569 6.24327
141 -0.687429 -0.4539 5.03148
141 -0.720456 0.920806 3.526
141 -0.714405 -1.00931 5.41142
141 -1.16972 0.658836 3.91984
141 0.0516644 0.809797 2.79918
141 0.831552 -0.795942 0.512088
141 -0.242219 1.02914 3.08043
141 -1.30874 0.455913 4.09981
141 1.05776 -0.843886 0.615083
141 -1.04622 0.294381 4.18265
141 -0.538883 1.11542 3.29453
141 -0.771916 -0.165624 4.67767
141 1.1692 0.739161 1.87205
141 0.0659508 -1.19675 6.07568
141 -0.0488695 1.3465 2.86102
141 -0.796718 -0.55478 5.06539
141 -0.872349 -0.111345 4.59169
141 -0.521559 -0.75065 5.42621
141 -0.265182 -1.08147 5.78509
141 -1.20923 0.538454 4.00988
141 -0.478707 -1.06544 5.61546
141 0.925266 0.0183766 1.33109
141 -1.04723 0.725751 3.81618
141 0.755995 -0.809006 0.464426
141 0.229826 0.823552 2.5905
141 0.83348 -0.133356 1.15403
141 1.0521 0.175278 1.46436
141 -0.922354 0.894636 3.64698
141 -0.841251 -0.875599 5.26645
141 -0.890103 -0.737058 5.14941
141 -0.633391 0.629366 3.64655
141 0.532391 -1.25131 0.1429
141 1.00758 0.222803 1.53672
141 -1.0876 -0.501593 4.90025
141 0.525205 -1.20354 0.15226
141 -0.331444 1.22404 3.12998
141 -1.33946 -0.330038 4.67304
141 1.31584 -0.0950218 1.24115
141 0.665883 0.531368 1.98762
141 -0.337396 -0.975236 5.69466
141 -1.09957 0.0597074 4.38758
141 -0.62896 0.855759 3.49258
141 -0.0687952 -1.06888 5.94258
141 0.829381 0.720762 2.01205
141 0.241528 1.30618 2.67713
141 1.01526 -0.33401 0.986915
141 -1.23465 -0.125936 4.55568
141 -1.08737 -0.20993 4.63323
141 1.23332 0.499283 1.68399
141 -0.828103 -0.103041 4.58165
141 0.778617 0.537103 1.91387
141 -0.80921 -0.368957 4.8952
141 -0.231081 0.985764 3.08927
141 1.40938 0.119075 1.37893
141 0.672437 -1.05113 0.315838
141 -0.868578 -0.585554 5.04939
141 0.798744 -1.10941 0.376595
141 0.473433 1.12988 2.47647
141 -0.389256 -1.20353 5.72353
141 -1.20343 0.175118 4.29469
141 0.689485 -0.628833 0.522232
141 -0.898797 0.622762 3.81931
141 1.06189 0.48179 1.73004
141 0.99267 -0.972661 0.507635
141 0.642483 0.572554 2.02859
141 -0.742639 0.519552 3.81886
141 0.965441 0.214709 1.54416
141 -0.576575 -0.840575 5.43384
141 -0.597458 -1.08562 5.5507
141 -0.0298494 0.883382 2.88167
141 0.704988 0.568799 1.98242
141 1.25402 -0.153141 1.203
141 0.607317 -1.22256 0.213725
141 -0.380535 1.14752 3.18431
141 -1.06498 -0.304839 4.71334
141 0.557614 -0.829037 0.302648
141 0.00264345 1.04657 2.83444
141 0.570226 -0.973845 0.26794
141 1.08869 -0.555064 0.836145
141 0.177114 0.980245 2.68963
141 -1.08322 0.282913 4.20168
141 -1.0875 -0.380453 4.81265
141 0.278091 0.796631 2.53403
141 1.21544 -0.405957 0.977223
141 -0.77473 0.386426 3.99378
141 0.416827 0.702666 2.38459
141 -1.30838 -0.363441 4.69071
141 0.971408 -0.69404 0.666474
141 -1.17608 -0.408782 4.80321
141 0.231337 -1.33431 6.17829
141 0.340474 -1.01056 0.0526883
141 -1.38323 0.0201769 4.42662
141 -0.0143486 -1.23471 6.00122
141 1.31508 0.0914227 1.37499
141 -0.941301 -0.697403 5.09673
141 -0.28255 -1.32331 5.80305
141 -0.372998 -1.12987 5.72136
141 0.886343 0.627393 1.92255
141 0.978104 -0.413712 0.903534
141 -0.502543 1.10191 3.2841
141 -0.0745291 -1.306 5.96538
141 1.02349 -0.244012 1.09434
141 0.665512 -1.13097 0.260519
141 -0.949689 1.01701 3.59506
141 0.870456 0.94655 2.127
141 -0.619399 1.16735 3.33682
141 -0.905747 -0.270012 4.74072
141 1.13914 0.58559 1.77583
141 0.940802 -0.923717 0.502396
141 1.0592 0.730841 1.9159
141 -1.08688 0.241539 4.24193
141 -0.735903 0.562022 3.76084
141 0.972268 -0.171449 1.13911
141 -0.96069 0.718744 3.77846
141 0.210379 1.27168 2.70414
141 0.531124 0.925625 2.38361
141 0.300104 0.838017 2.53491
141 1.03388 -0.41944 0.908328
141 -1.06486 0.8212 3.74704
141 0.232894 -1.1407 6.20416
141 -1.0782 0.615932 3.91904
141 -1.01056 0.386857 4.07842
141 -0.74505 0.672054 3.68321
141 0.56027 1.14734 2.4156
141 1.22071 0.0842254 1.36992
141 0.755868 0.81509 2.1348
141 0.98562 0.494478 1.77628
141 -1.25818 -0.207252 4.6057
141 -0.0917361 -0.985536 5.90571
141 0.318389 -1.23687 6.25909
141 -1.04116 0.877843 3.70649
141 -0.14298 -1.13717 5.8813
141 0.819323 -0.586091 0.646603
141 -0.314562 -1.09077 5.74315
141 0.0233548 1.34714 2.82377
141 0.320069 -0.833535 0.087561
141 -0.838854 -1.05642 5.36808
141 -0.432456 -1.2799 5.7184
141 -1.26569 0.577791 4.00734
141 -0.856702 0.415647 4.01336
141 0.825036 0.962283 2.15741
141 0.437141 1.29724 2.54534
141 -0.551631 -1.08778 5.57397
141 -1.10236 -0.088874 4.53413
141 -0.237772 0.754169 3.17287
141 1.39537 0.179765 1.41114
141 -0.275287 0.924456 3.168
141 0.262772 -1.06823 6.23868
141 -1.11723 0.816733 3.7841
141 1.36432 -0.135023 1.2166
141 -0.633375 -0.825596 5.36945
141 -0.481865 -0.721235 5.45256
141 0.0722648 -1.25781 6.07164
141 1.25565 -0.245323 1.12715
141 -0.961407 -0.337348 4.8069
141 -0.982669 -0.0945737 4.54716
141 -0.732596 -0.458518 5.01738
141 -0.137813 -0.771538 5.81568
141 -0.731894 0.962104 3.51312
141 0.198209 1.12642 2.69599
141 -0.937513 -0.913291 5.22483
141 0.616499 -0.938786 0.309729
141 -0.132978 -1.10289 5.88513
141 0.321382 0.879572 2.53669
141 0.744222 -0.6425 0.554925
141 -1.10818 0.586885 3.9532
141 0.0793636 1.05183 2.76926
141 -0.900066 0.180935 4.25522
141 -0.0287044 1.29818 2.83619
141 0.862574 -0.950013 0.471281
141 -0.757176 -0.301357 4.85481
141 -0.402705 -0.91529 5.62759
141 -0.920084 0.762369 3.71234
141 0.810339 1.01456 2.19824
141 0.948729 0.694245 1.93892
141 -0.387256 0.979301 3.23364
141 -1.04376 -0.612181 4.98953
141 0.886249 0.822473 2.05055
141 -0.827516 1.09492 3.50789
141 0.366333 -1.05187 0.0767138
141 -0.820254 -0.508374 5.00702
141 -0.883854 0.0218065 4.41034
141 0.178348 -1.07926 6.15454
141 -0.860718 0.573301 3.84987
141 1.37689 0.251549 1.4787
141 -0.932456 0.29313 4.16256
141 0.0210561 -1.13922 6.026
141 0.689783 -0.895748 0.400285
141 -0.955249 0.154227 4.28611
141 0.324606 0.962451 2.54995
141 -0.253759 -0.865696 5.73019
141 -0.902952 0.334496 4.09667
141 -1.31531 0.0482665 4.40384
141 -0.85557 -0.825574 5.22333
141 0.728194 -0.597487 0.577189
141 0.635519 1.16145 2.37619
141 1.22315 0.599276 1.76631
141 -1.20783 0.256741 4.24418
141 -0.36601 -1.16946 5.72486
141 -0.764693 -0.842872 5.30113
141 0.47167 0.668402 2.28608
141 -0.519165 0.756799 3.46966
141 -1.0659 -0.180568 4.61923
141 -0.10488 0.986647 2.9595
141 0.38745 -1.01965 0.0925449
141 0.0185118 -1.04774 6.02097
141 0.934833 0.254223 1.56132
141 -0.606797 -0.867688 5.4215
141 -0.234895 -0.824057 5.7298
141 0.726763 0.607987 1.99838
141 0.811485 -0.311638 0.93005
141 -0.614098 -0.610924 5.2393
141 -0.460623 -0.675838 5.43464
141 -0.162507 -0.805853 5.80219
141 0.282638 1.1269 2.6087
141 1.1765 0.35329 1.58438
141 -0.757164 0.143498 4.27575
141 0.714639 1.06439 2.28462
141 0.562975 -0.879835 0.290308
141 -0.159007 -0.964504 5.83525
141 -0.898943 -0.0379372 4.49399
141 -0.710962 0.845534 3.5606
141 1.01001 0.930747 2.05305
141 0.696944 0.97211 2.2574
141 1.11304 0.0538221 1.36015
141 -1.21446 0.59543 3.98051
141 0.708936 -0.6709 0.511628
141 -0.851366 0.895743 3.61241
141 0.988882 -0.215446 1.1072
141 0.360204 1.24232 2.5727
141 1.25204 -0.429837 0.975688
141 -1.16077 0.350635 4.16067
141 0.804383 0.667951 1.99177
141 0.203078 -1.30709 6.1737
141 -0.813123 0.915013 3.58668
141 0.410028 1.07916 2.51228
141 1.04468 0.0283449 1.34029
141 0.969824 -0.302843 1.00077
141 0.884144 -1.05673 0.449827
141 -0.968888 -0.767704 5.1221
141 0.881978 0.715272 1.97022
141 0.784098 -0.88469 0.454043
141 -0.771947 0.193598 4.21683
141 -0.106175 -0.801398 5.84918
141 -0.756294 0.997755 3.50931
141 -1.14168 -0.0132821 4.44844
141 0.42393 -1.17473 0.0821932
141 -0.949088 -0.631376 5.04252
141 0.864874 -0.161044 1.13318
141 -1.05387 0.178573 4.28351
141 -0.540968 1.15466 3.28728
141 0.622271 0.644682 2.12501
141 1.3539 0.0061018 1.30831
141 -1.38858 -0.027087 4.44961
141 -0.0403614 0.965977 2.88086
141 -1.1251 0.527421 3.99246
141 -1.07936 0.421112 4.07392
141 -0.940509 0.345775 4.10091
141 1.07365 0.812705 1.95094
141 -0.101068 -1.03414 5.89895
141 -0.519242 1.19239 3.26908
141 -0.686577 0.395882 3.9312
141 -0.954049 -0.810338 5.159
141 1.06606 -0.683074 0.718091
141 0.84278 -0.439457 0.804515
141 -0.890414 0.432016 4.01205
141 -1.05738 0.572059 3.94359
141 1.18325 -0.3246 1.05317
141 -0.129871 -0.847869 5.84081
141 1.10356 0.842556 1.95251
141 0.588152 0.818931 2.25795
141 0.899181 0.0886829 1.39056
141 -0.544159 0.967127 3.36692
141 0.845219 0.684398 1.98602
141 -1.06692 0.457146 4.04143
141 1.26084 -0.313379 1.08705
141 -1.37057 -0.0719133 4.48512
141 -0.616634 0.546866 3.68347
141 -0.581779 -0.689817 5.32575
141 0.915739 -0.542984 0.755854
141 1.23255 0.172203 1.417
141 1.29848 -0.344671 1.06938
141 -0.743154 -0.68389 5.19833
141 0.689333 -0.776857 0.439928
141 1.27025 -0.0663654 1.25745
141 -0.982425 0.819187 3.71345
141 0.567964 -1.10151 0.220726
141 0.642584 0.998424 2.31614
141 1.12734 0.179817 1.44538
141 0.974382 0.256328 1.55203
141 0.944577 0.996921 2.11451
141 1.0102 0.626002 1.87566
141 0.26088 1.34377 2.67293
141 0.476389 0.768787 2.34804
141 0.526885 -0.784157 0.295634
141 0.30921 -0.985117 0.0284227
141 0.877685 -0.623345 0.658914
141 0.465382 -0.861839 0.205946
141 -0.325966 1.0894 3.15464
141 0.157861 0.776843 2.6689
141 -0.212908 1.26074 3.01613
141 0.627825 -0.80201 0.392733
141 0.71797 0.824922 2.15128
141 -0.158629 -0.878337 5.82247
141 -1.01038 0.312723 4.15821
141 0.487639 0.81194 2.35685
141 1.02321 -0.496444 0.858305
141 0.108526 0.909312 2.74463
141 0.849538 0.0439242 1.3612
141 -0.829898 0.309402 4.09462
141 -0.973276 -0.850201 5.17307
141 0.716992 0.74602 2.12806
141 0.60861 -0.540763 0.522146
141 1.29292 -0.400378 1.01067
141 -0.772093 0.923968 3.56392
141 -0.756231 1.03761 3.48738
141 -0.57784 0.776602 3.50125
141 -0.00708567 -1.34838 6.0125
141 -0.851862 -0.26734 4.76638
141 0.70121 -0.852614 0.42178
141 -0.273465 -0.987343 5.75103
141 -1.12662 -0.762088 5.05922
141 -0.895154 -0.907803 5.25161
141 -1.1172 0.211694 4.26226
141 -0.752887 1.0797 3.47799
141 1.1082 -0.602239 0.808743
141 -0.933594 -0.859295 5.1868
141 -0.840833 0.949744 3.58506
141 -0.864895 1.02771 3.5569
141 0.937448 0.882327 2.06243
141 -0.0425231 1.08981 2.88157
141 1.20183 0.213711 1.47214
141 1.02653 -0.89016 0.578776
141 0.892899 0.234287 1.56268
141 0.526562 0.694077 2.23528
141 -0.381879 0.80821 3.29125
141 -0.740902 0.771776 3.62047
141 -0.753967 1.1265 3.45527
141 -1.23149 -0.596365 4.92371
141 1.25023 -0.19944 1.16804
141 -0.860556 -0.927074 5.27676
141 -0.35724 -1.01223 5.69419
141 -0.00845887 -0.863004 5.98424
141 1.06414 0.374647 1.64048
141 -0.995799 0.492774 3.9953
141 0.396238 -1.07986 0.0811922
141 -0.915901 -0.991737 5.28361
141 -0.169052 1.07294 2.99375
141 0.971662 0.637335 1.88696
141 -1.20666 -0.639477 4.93439
141 0.753688 -1.02965 0.378435
141 0.364621 -0.749522 0.168158
141 1.05999 0.884557 1.97747
141 0.603059 1.13356 2.39072
141 -0.581278 0.854175 3.47032
141 1.13621 0.643005 1.81466
141 -0.634271 -0.566611 5.17908
141 0.853536 0.247706 1.57598
141 -0.614799 -0.488 5.1344
141 -0.437316 -0.742605 5.52326
141 0.0377263 -0.869476 6.03379
141 -1.07436 0.504413 4.00329
141 -0.0372017 0.83119 2.88703
141 1.39939 0.0214041 1.32554
141 0.956869 -1.00781 0.486855
141 -0.456465 -1.10341 5.64773
141 0.710714 -0.718128 0.486313
141 -1.10637 0.774325 3.80758
141 1.34116 -0.255911 1.13102
141 0.469956 0.921564 2.42455
141 -0.81343 0.0820014 4.35939
141 -1.16557 -0.618686 4.93202
141 0.760941 -1.14813 0.335257
141 0.777277 0.277391 1.62906
141 -0.558761 -0.95607 5.52398
141 1.22741 0.0422601 1.34062
141 0.621782 -0.979026 0.296549
141 0.0849132 0.840912 2.7702
141 -1.09303 -0.582271 4.93967
141 0.821126 -0.832894 0.497925
141 -1.06475 0.762968 3.79931
141 -0.77634 0.753604 3.64265
141 0.393756 -1.20472 0.0609324
141 0.393693 1.14254 2.54723
141 -1.03314 0.421344 4.05843
141 -0.852348 0.0975027 4.34513
141 1.05157 -0.208071 1.12745
141 -0.91829 -0.316186 4.80016
141 -0.45547 0.72333 3.42797
141 0.273399 -0.957062 6.26817
141 0.918309 -0.0532955 1.24072
141 -1.18302 -0.350358 4.71956
141 0.917074 -0.828132 0.545857
141 0.438257 0.830505 2.41701
141 -0.90639 -0.620116 5.06506
141 -1.0256 -0.18889 4.63137
141 0.313933 -1.31555 6.2458
141 -1.11819 0.636152 3.91783
141 0.876443 0.356777 1.68925
141 0.986182 0.721572 1.93289
141 -1.01346 -0.538113 4.9453
141 1.15467 -0.45087 0.930312
141 -0.896921 -0.146436 4.62176
141 0.659932 0.67305 2.10976
141 0.308664 1.31403 2.61907
141 0.667546 0.61356 2.05328
141 -0.759428 -0.0689075 4.56334
141 -1.21014 0.671038 3.92698
141 0.177914 1.03662 2.69145
141 -0.953869 -0.466607 4.91517
141 0.550032 0.961851 2.37689
141 0.493212 1.27179 2.48726
141 0.348643 1.02605 2.53868
141 -0.169114 1.23542 2.97994
141 -0.965673 0.45919 4.01086
141 0.987429 0.438467 1.73029
141 -0.187257 1.19625 3.0102
141 -0.183535 -0.994873 5.82328
141 -0.035089 -1.20499 5.99057
141 0.0609119 0.965883 2.79459
141 -0.219325 0.945775 3.08213
141 -0.395312 -0.837414 5.60905
141 1.21439 0.543921 1.72681
141 0.966423 -0.825067 0.58503
141 -0.850292 0.48235 3.9205
141 -0.413966 -0.954039 5.62941
141 -1.25158 -0.0126769 4.45118
141 1.11795 -0.748409 0.702114
141 -0.483594 1.03597 3.28344
141 0.67856 0.923798 2.24785
141 -0.0857898 -1.10867 5.93183
141 1.10924 -0.254153 1.09313
141 -0.405697 -0.717224 5.53481
141 -0.95839 0.869567 3.65819
141 0.673617 1.09139 2.32947
141 -0.789671 0.302064 4.08736
141 -0.360275 -0.80653 5.62859
141 -0.149952 1.00306 2.998
141 0.596084 0.960112 2.3415
141 -0.483642 0.664828 3.49654
141 -0.9432 -0.404542 4.87053
141 1.15238 0.277802 1.54506
141 -0.667147 0.790785 3.55492
141 0.91697 -0.163541 1.12834
141 -1.11106 0.395692 4.10445
141 -1.00168 0.175118 4.27662
141 -0.571265 0.694329 3.55498
141 0.342212 0.916812 2.52455
141 -0.885868 -0.68112 5.10584
141 0.0856029 1.33764 2.79384
141 -1.27629 -0.497632 4.82939
141 1.3151 0.393232 1.58802
141 0.474254 -0.766929 0.266512
141 -1.08242 0.863669 3.73117
141 -0.301813 -1.05228 5.74795
141 1.37986 -0.283528 1.12679
141 1.14439 0.396709 1.62298
141 0.481331 -0.902475 0.204951
141 0.833695 -0.754439 0.5309
141 -1.07812 -0.543853 4.9303
141 -0.771178 -0.384776 4.92413
141 0.165609 -1.19063 6.14099
141 -0.607293 -0.659682 5.29569
141 0.278782 1.04203 2.59469
141 -0.576672 1.1796 3.30539
141 0.896787 -0.439333 0.8525
141 -0.9058 -0.819211 5.18437
141 0.378843 0.941502 2.50266
141 0.926645 -0.681921 0.635605
141 -0.292257 1.04748 3.13814
141 -1.21578 -0.515263 4.85542
141 -0.374957 1.26362 3.13488
141 -0.0101526 -0.763586 5.97032
141 -1.12633 0.43867 4.06917
141 -0.0759573 -0.889134 5.90905
141 1.09081 0.24902 1.53866
141 0.145303 -1.05676 6.14156
141 0.979043 0.107192 1.40584
141 0.376764 -0.899097 0.1256
141 1.25514 -0.106266 1.22675
141 -0.218809 -1.20307 5.83121
141 1.00433 -0.129945 1.19224
141 0.732742 -0.943574 0.407117
141 0.746597 0.774731 2.12295
141 -0.648046 -0.374155 4.98068
141 -0.266896 1.08978 3.09491
141 -1.01242 0.847878 3.71707
141 -0.795692 1.06146 3.5043
141 -0.259431 -1.28152 5.80762
141 -0.890932 -0.226875 4.68984
141 -0.875107 -0.534162 5.00638
141 -0.66726 0.729997 3.60892
141 0.277174 0.989132 2.57845
141 1.32573 0.435056 1.60211
141 0.477797 -0.985947 0.188236
141 0.497703 0.954628 2.40601
141 1.27224 0.412047 1.59811
141 -0.520781 -1.06382 5.58638
141 -0.0275102 -1.04049 5.97917
141 -0.912179 0.710073 3.74192
141 1.068 -0.0485204 1.24089
141 -0.853596 -0.379834 4.88484
141 1.15153 0.694615 1.85624
141 -1.00661 -0.0186923 4.46173
141 1.06803 0.0619976 1.36169
141 -0.812826 -0.173885 4.67052
141 0.162128 -0.832604 6.17418
141 -0.981291 0.337588 4.1289
141 1.02913 0.080383 1.37702
141 -0.902521 0.0890218 4.35897
141 -0.752025 0.822564 3.60327
141 0.0176573 0.961505 2.82701
141 -0.125895 1.14951 2.9551
141 1.32846 -0.152656 1.20865
141 -0.534555 0.882814 3.39529
141 0.963799 0.346758 1.63847
141 -0.734878 -0.359344 4.92255
141 -0.709859 0.802868 3.58443
141 -1.025 -0.384801 4.81555
141 0.430673 1.16934 2.52093
141 -0.595605 -0.797203 5.38979
141 0.53474 1.19068 2.45384
141 -0.390265 -0.765701 5.58267
141 0.385057 0.856744 2.47349
141 -0.481682 -0.635081 5.38865
141 -0.519384 -0.846235 5.50371
141 -0.752924 0.321433 4.05955
141 -0.0398763 -0.834219 5.94101
141 0.777102 -0.922511 0.437954
141 -1.3757 -0.165304 4.57849
141 1.06615 -0.49761 0.874741
141 0.4572 -0.703939 0.280421
141 -0.224466 -1.06665 5.8096
141 0.91874 0.376106 1.69537
141 -0.567796 -0.609019 5.27883
141 1.21308 -0.149987 1.19605
141 -0.459052 -1.15066 5.66709
141 0.867421 -0.0787969 1.2194
141 -1.25083 -0.409324 4.77833
141 -0.575657 -1.12434 5.57055
141 -0.996298 -0.690228 5.06923
141 -1.11468 -0.289688 4.69889
141 0.0166684 0.918281 2.83021
141 0.792489 -1.01113 0.407778
141 0.521256 0.853726 2.35413
141 -0.0312503 -0.959306 5.97053
141 -0.693092 0.528251 3.76509
141 -0.181773 -1.22512 5.85396
141 -0.058521 -1.01004 5.94343
141 0.872161 -0.891717 0.496084
141 0.0381829 1.14055 2.82141
141 -0.319165 0.786128 3.2463
141 -1.02426 0.5449 3.94805
141 -1.17815 0.143615 4.32069
141 1.20645 -0.00332793 1.30808
141 -0.673298 -0.838781 5.36118
141 -1.26482 0.0993017 4.36285
141 0.143075 1.10804 2.73715
