535 0.0908896 0.353985 4.94157
535 -0.375326 -0.161262 4.94157
535 0.28987 -0.371682 -1.34161
535 -0.240899 -0.206702 4.94157
535 -0.337874 0.0671087 -1.34161
535 0.02737 -0.119586 4.94157
535 0.0122882 0.181924 4.94157
535 -0.143038 -0.121809 4.94157
535 -0.0577365 0.256909 4.94157
535 -0.0480485 -0.0855232 4.94157
535 -0.248245 0.269202 4.94157
535 0.0925005 0.49426 4.94157
535 -0.0980186 -0.394987 -1.34161
535 -0.274843 0.140064 4.94157
535 0.0698205 -0.24431 4.94157
535 -0.398134 -0.306496 4.94157
535 -0.245083 -0.0908953 4.94157
535 0.130839 -0.433543 -1.34161
535 0.174855 0.244186 4.94157
535 -0.0728413 0.387204 4.94157
535 -0.226051 0.193425 4.94157
535 -0.32153 -0.45954 -1.34161
535 0.304085 -0.320836 -1.34161
535 -0.0547936 -0.0280639 4.94157
535 0.102517 0.277194 4.94157
535 -0.0713914 0.441492 4.94157
535 -0.511257 -0.228068 4.94157
535 0.311618 0.230726 4.94157
535 0.00206775 -0.108349 4.94157
535 -0.165042 0.384766 4.94157
535 -0.200612 0.120306 4.94157
535 -0.315163 0.0177861 4.94157
535 -0.144704 -0.0940365 4.94157
535 0.282446 -0.486544 -1.34161
535 -0.0103807 0.562974 4.94157
535 -0.163624 -0.192358 4.94157
535 -0.196088 -0.0356919 4.94157
535 -0.10372 -0.517287 -1.34161
535 -0.443768 0.0496447 4.94157
535 -0.318073 0.314216 4.94157
535 -0.0935264 -0.118642 4.94157
535 -0.310686 -0.421642 4.94157
535 0.211491 0.340274 4.94157
535 -0.348344 -0.145959 4.94157
535 -0.351303 -0.313389 4.94157
535 -0.161577 -0.220851 4.94157
535 -0.451799 -0.145178 4.94157
535 -0.170469 -0.080349 4.94157
535 0.126132 0.487839 4.94157
535 0.256316 -0.253801 4.94157
535 0.251669 0.47203 -1.34161
535 0.204066 0.238937 4.94157
535 0.157716 0.221572 4.94157
535 -0.43273 -0.167682 4.94157
535 -0.500258 -0.0728133 4.94157
535 0.358414 -0.390197 -1.34161
535 -0.00606613 0.134063 4.94157
535 -0.213771 0.0660739 4.94157
535 0.0458032 -0.42502 -1.34161
535 0.203574 0.108496 4.94157
535 0.270347 -0.14602 4.94157
535 0.163777 -0.200728 -1.34161
535 -0.26625 -0.0159242 4.94157
535 -0.175639 -0.440625 -1.34161
535 0.519021 0.120619 -1.34161
535 0.0468852 -0.261447 -1.34161
535 -0.292299 0.238539 4.94157
535 0.363122 0.386706 -1.34161
535 0.077328 0.382724 -1.34161
535 -0.0838515 0.0123477 4.94157
535 0.00184916 0.360869 4.94157
535 0.530352 -0.0519785 -1.34161
535 0.496452 -0.186159 -1.34161
535 -0.346239 -0.439405 4.94157
535 0.125329 -0.266142 -1.34161
535 0.141855 -0.21933 -1.34161
535 -0.125892 -0.0216285 4.94157
535 -0.32176 -0.131709 4.94157
535 0.0923305 -0.226834 -1.34161
535 0.281087 -0.342018 -1.34161
535 0.521649 0.212217 -1.34161
535 0.413684 -0.0611593 4.94157
535 -0.512291 -0.12299 4.94157
535 -0.0655807 -0.158559 4.94157
535 0.209604 -0.0335394 -1.34161
535 0.180717 -0.153692 4.94157
535 -0.26414 -0.250503 4.94157
535 -0.400357 -0.114297 -1.34161
535 0.40416 0.108028 4.94157
535 -0.0278643 0.361141 4.94157
535 0.237933 -0.144126 -1.34161
535 0.198417 -0.238385 -1.34161
535 -0.407971 0.305114 4.94157
535 0.079571 -0.301482 -1.34161
535 0.299525 0.366526 4.94157
535 -0.281454 0.387267 4.94157
535 0.14595 0.425917 4.94157
535 0.252825 -0.494323 -1.34161
535 -0.510903 0.151451 -1.34161
535 0.25987 -0.0407783 4.94157
535 0.0364224 -0.364812 -1.34161
535 0.220572 -0.218455 4.94157
535 -0.0293406 0.257358 4.94157
535 0.385879 -0.227448 -1.34161
535 -0.0580543 0.308743 4.94157
535 -0.305292 0.368966 4.94157
535 0.0708017 -0.406218 -1.34161
535 0.306802 -0.432982 -1.34161
535 0.284781 0.092874 4.94157
535 0.246827 0.0633513 -1.34161
535 0.296267 -0.0902712 4.94157
535 0.0569955 0.254876 4.94157
535 0.276891 -0.231272 -1.34161
535 -0.321496 -0.101964 4.94157
535 0.21796 -0.0894976 4.94157
535 0.431262 0.0314997 -1.34161
535 0.377964 -0.173961 -1.34161
535 0.280182 0.0148688 4.94157
535 -0.115079 -0.162395 4.94157
535 -0.00164554 0.206726 4.94157
535 -0.228516 -0.512752 4.94157
535 0.0216278 0.443245 -1.34161
535 -0.0796753 0.558376 4.94157
535 0.386944 0.133153 -1.34161
535 0.371572 -0.0226539 4.94157
535 0.27158 -0.198478 -1.34161
535 0.149497 0.0686135 -1.34161
535 0.10667 0.150888 4.94157
535 0.137438 0.149505 4.94157
535 0.0475463 0.385695 4.94157
535 -0.00882122 -0.0225505 4.94157
535 0.0745682 -0.272831 4.94157
535 0.159684 0.478779 4.94157
535 -0.544835 0.142693 4.94157
535 0.530079 0.0546985 -1.34161
535 0.0195977 -0.249994 -1.34161
535 0.177773 0.41358 4.94157
535 0.0644394 0.411984 4.94157
535 -0.0772797 -0.317487 -1.34161
535 -0.137927 0.0322393 4.94157
535 0.322109 0.344652 4.94157
535 0.353679 -0.224974 -1.34161
535 0.0658342 -0.376538 4.94157
535 -0.320908 -0.191858 4.94157
535 0.110744 -0.483847 -1.34161
535 0.125567 -0.401994 -1.34161
535 -0.396974 -0.207607 4.94157
535 -0.100425 -0.364679 -1.34161
535 -0.415188 0.0615144 4.94157
535 -0.0917556 0.526829 4.94157
535 0.313738 -0.0335265 4.94157
535 0.450077 -0.224162 -1.34161
535 0.0862057 0.253125 4.94157
535 0.39764 -0.119818 -1.34161
535 0.0042232 0.4155 4.94157
535 -0.219848 0.518718 4.94157
535 -0.389904 0.110408 4.94157
535 0.296283 -0.210029 -1.34161
535 -0.336632 0.378 4.94157
535 -0.104438 -0.305506 4.94157
535 0.100394 -0.12391 4.94157
535 0.135933 0.45682 4.94157
535 -0.347088 0.176261 4.94157
535 -0.123226 0.179349 -1.34161
535 -0.498616 -0.257358 4.94157
535 0.150657 0.510232 4.94157
535 0.435474 0.109348 4.94157
535 0.19241 0.467994 4.94157
535 0.382588 -0.367014 -1.34161
535 -0.354944 0.226926 4.94157
535 0.503136 -0.0321951 -1.34161
535 -0.0990369 0.230401 4.94157
535 0.0343738 0.414367 4.94157
535 0.019962 -0.0625656 4.94157
535 0.437958 0.193519 4.94157
535 0.000373409 0.308324 4.94157
535 -0.263743 -0.429747 4.94157
535 -0.00620579 0.501907 4.94157
535 0.180316 0.293861 4.94157
535 -0.0706878 0.178853 4.94157
535 0.254993 0.0899153 4.94157
535 -0.0997728 0.1254 4.94157
535 -0.0425481 -0.142126 4.94157
535 -0.187257 0.532266 4.94157
535 0.0842862 -0.0107603 4.94157
535 0.253329 0.0117076 4.94157
535 -0.108471 -0.247381 4.94157
535 -0.0759713 -0.0452502 4.94157
535 0.227669 -0.246207 -1.34161
535 -0.295046 -0.147251 4.94157
535 0.0223233 0.0956654 4.94157
535 0.194703 0.19056 4.94157
535 0.374184 -0.101837 -1.34161
535 -0.222009 0.324987 4.94157
535 0.36233 0.075854 4.94157
535 0.24545 -0.0691642 4.94157
535 -0.213873 0.00961414 4.94157
535 0.147191 0.095685 4.94157
535 0.522104 -0.205524 -1.34161
535 0.0683984 0.179845 4.94157
535 0.131933 0.274616 4.94157
535 0.124692 0.403287 4.94157
535 -0.134992 -0.234423 4.94157
535 -0.000360643 -0.295205 -1.34161
535 -0.139849 0.203579 4.94157
535 0.354362 -0.000614235 4.94157
535 -0.0210592 0.0630875 4.94157
535 -0.0369258 -0.198487 4.94157
535 -0.331305 0.287822 4.94157
535 0.0750417 -0.436673 -1.34161
535 0.185461 0.500142 -1.34161
535 0.0776422 0.0454465 4.94157
535 0.342228 -0.186503 4.94157
535 -0.562868 -0.00151422 4.94157
535 0.322243 -0.161623 -1.34161
535 0.0683306 0.128465 4.94157
535 0.0608179 -0.347386 -1.34161
535 -0.17165 -0.0523437 4.94157
535 -0.151865 0.413819 4.94157
535 0.417103 -0.375634 -1.34161
535 0.406312 -0.0912787 4.94157
535 0.153433 -0.144345 4.94157
535 0.370499 0.0221707 -1.34161
535 0.0295892 0.307228 -1.34161
535 -0.0795839 -0.288539 4.94157
535 -0.202933 -0.459181 4.94157
535 0.54401 0.14428 -1.34161
535 0.31214 0.469307 -1.34161
535 -0.447679 -0.0459334 4.94157
535 -0.53106 0.0489261 4.94157
535 0.0236988 -0.0911034 4.94157
535 -0.291233 -0.444488 4.94157
535 0.0347544 -0.176357 4.94157
535 -0.0720118 0.0867515 4.94157
535 0.401158 0.161051 4.94157
535 -0.348114 -0.20747 -1.34161
535 -0.375239 -0.228274 4.94157
535 0.131422 -0.16254 -1.34161
535 0.266317 -0.0133198 4.94157
535 0.0973531 -0.255361 -1.34161
535 -0.370098 -0.0384561 4.94157
535 -0.129662 -0.322417 4.94157
535 0.216275 0.520414 4.94157
535 -0.0246878 -0.312107 -1.34161
535 0.0314509 0.359674 4.94157
535 -0.0290873 0.121086 4.94157
535 0.24993 0.29771 4.94157
535 0.279375 -0.454983 -1.34161
535 0.399977 0.0254766 -1.34161
535 0.451408 0.138471 -1.34161
535 0.10557 -0.451408 -1.34161
535 0.099671 0.0629825 -1.34161
535 0.373678 0.104378 4.94157
535 -0.487941 0.12689 4.94157
535 -0.0422007 0.0463314 4.94157
535 -0.499147 0.182967 4.94157
535 0.369023 0.157373 4.94157
535 -0.343401 -0.0249643 4.94157
535 -0.313003 0.0475634 4.94157
535 0.0336507 0.011463 4.94157
535 -0.264477 0.165201 4.94157
535 -0.179703 0.173464 4.94157
535 -0.192021 -0.149927 4.94157
535 0.193084 -0.458747 -1.34161
535 -0.269852 -0.0747384 4.94157
535 0.120405 0.103715 4.94157
535 -0.114598 0.050104 4.94157
535 -0.452075 0.33796 4.94157
535 0.0180552 0.124024 4.94157
535 -0.128209 -0.352439 -1.34161
535 -0.104151 0.4959 4.94157
535 0.0512978 -0.49222 -1.34161
535 0.402999 0.247884 4.94157
535 -0.0422257 0.387804 4.94157
535 -0.397517 -0.0523882 4.94157
535 0.0559521 -0.318564 -1.34161
535 -0.457458 -0.192796 4.94157
535 0.0202766 -0.503013 4.94157
535 0.176251 -0.257706 4.94157
535 -0.473015 0.0391359 4.94157
535 -0.11832 0.360313 4.94157
535 0.475586 -0.013317 -1.34161
535 0.0399937 0.471026 4.94157
535 0.0717313 0.468186 4.94157
535 -0.558741 0.070892 4.94157
535 0.0299854 0.0396604 4.94157
535 0.198024 0.0807837 4.94157
535 -0.262949 0.0422615 4.94157
535 -0.238805 0.0252786 4.94157
535 0.226793 -0.355413 -1.34161
535 0.470557 0.250641 -1.34161
535 0.0875633 -0.198385 4.94157
535 0.003371 -0.323802 -1.34161
535 -0.057313 0.530007 4.94157
535 -0.173541 0.0998374 4.94157
535 0.465764 -0.252858 -1.34161
535 0.191797 0.135381 4.94157
535 0.165198 0.142876 4.94157
535 0.260408 0.03861 4.94157
535 -0.157821 -0.278971 4.94157
535 -0.374784 -0.288282 4.94157
535 -0.209259 0.17048 4.94157
535 -0.151229 -0.401174 -1.34161
535 -0.195948 -0.0649412 4.94157
535 0.203853 -0.375859 -1.34161
535 -0.0232738 0.531575 4.94157
535 0.199785 0.048796 4.94157
535 0.498537 -0.0646243 -1.34161
535 0.478278 -0.293101 -1.34161
535 0.266146 0.359614 4.94157
535 -0.185286 0.22487 4.94157
535 0.147635 -0.247949 -1.34161
535 -0.339314 0.0367059 4.94157
535 -0.0704555 -0.102304 4.94157
535 0.234447 -0.275129 -1.34161
535 -0.532748 0.0143251 4.94157
535 -0.319109 -0.221626 4.94157
535 -0.410288 -0.338323 4.94157
535 0.479541 0.018396 -1.34161
535 0.13931 0.198162 4.94157
535 0.0787004 -0.141581 4.94157
535 -0.119597 0.0783644 4.94157
535 -0.0401065 0.443105 4.94157
535 0.319587 0.0458263 4.94157
535 -0.14324 0.254152 4.94157
535 0.195416 -0.526936 4.94157
535 0.0201854 -0.441629 -1.34161
535 -0.385753 0.13994 4.94157
535 0.0568713 -0.15909 4.94157
535 0.431421 -0.196873 -1.34161
535 -0.375591 -0.131191 4.94157
535 0.188218 -0.0524031 4.94157
535 -0.267412 -0.191885 4.94157
535 0.302593 -0.062209 -1.34161
535 0.0880598 0.555623 4.94157
535 0.40839 0.18979 4.94157
535 -0.273146 0.215231 4.94157
535 0.227673 0.0101711 4.94157
535 0.323816 -0.0861825 4.94157
535 -0.260837 -0.497695 4.94157
535 -0.53012 -0.0561573 4.94157
535 -0.00347481 0.158985 4.94157
535 0.230182 0.317828 4.94157
535 -0.131153 -0.292637 4.94157
535 0.467014 -0.0744632 -1.34161
535 -0.164522 -0.535783 4.94157
535 -0.107147 0.153077 4.94157
535 -0.294574 -0.177008 4.94157
535 -0.304086 -0.39047 4.94157
535 0.0609916 -0.187482 4.94157
535 0.183163 0.346894 4.94157
535 0.300153 -0.143546 4.94157
535 0.234187 -0.0432496 4.94157
535 -0.188032 0.0232962 4.94157
535 -0.188855 -0.00361288 4.94157
535 -0.165325 -0.50213 4.94157
535 -0.399362 0.192901 4.94157
535 -0.172339 0.251756 4.94157
535 -0.356083 0.147143 4.94157
535 0.037398 -0.0168682 -1.34161
535 -0.321869 -0.253278 4.94157
535 -0.190378 -0.178271 4.94157
535 0.506969 0.245294 -1.34161
535 -0.122726 -0.0504161 4.94157
535 0.259257 0.328173 4.94157
535 0.0798557 0.524817 4.94157
535 0.148736 -0.11666 4.94157
535 -0.0377655 0.0177303 4.94157
535 0.227237 -0.51308 -1.34161
535 -0.161564 0.14918 4.94157
535 0.0157616 0.333912 4.94157
535 -0.374159 0.250463 4.94157
535 0.412996 0.381007 -1.34161
535 -0.0230555 -0.0969902 4.94157
535 -0.440677 0.306066 4.94157
535 -0.0567532 0.414586 4.94157
535 0.155592 -0.413412 -1.34161
535 -0.119288 0.465363 -1.34161
535 0.494133 0.0975586 -1.34161
535 -0.502747 0.0280548 4.94157
535 -0.010655 -0.210129 4.94157
535 -0.184748 -0.264473 4.94157
535 -0.0577523 -0.243233 4.94157
535 0.154716 0.0132963 4.94157
535 0.371861 0.242525 4.94157
535 -0.264596 0.0129635 4.94157
535 0.380847 -0.281941 -1.34161
535 0.128156 0.224385 4.94157
535 0.170216 -0.0988147 4.94157
535 -0.0435499 0.282913 4.94157
535 -0.0121113 0.388073 4.94157
535 0.0967559 0.091803 4.94157
535 0.10615 0.00660935 4.94157
535 0.0235018 -0.278413 -1.34161
535 0.0809251 0.151478 4.94157
535 0.451028 0.0107875 4.94157
535 -0.386953 -0.362371 4.94157
535 0.208247 -0.162015 4.94157
535 0.167195 0.321941 4.94157
535 0.26518 -0.393619 -1.34161
535 0.136464 -0.190857 -1.34161
535 -0.136216 0.155049 4.94157
535 -0.343437 -0.282319 4.94157
535 -0.141524 -0.470309 -1.34161
535 -0.252499 0.504324 4.94157
535 -0.289476 -0.298052 4.94157
535 -0.0306766 -0.526177 -1.34161
535 0.453572 0.331749 -1.34161
535 -0.503101 -0.0382037 4.94157
535 -0.196209 -0.525447 -1.34161
535 0.417885 -0.226732 -1.34161
535 -0.00392461 -0.266757 4.94157
535 -0.254131 0.191576 4.94157
535 0.281678 0.224655 4.94157
535 -0.2835 0.452297 4.94157
535 0.0831175 0.203834 4.94157
535 -0.0169564 -0.15366 4.94157
535 0.47161 -0.0438379 -1.34161
535 0.517646 -0.119656 -1.34161
535 -0.391899 -0.256757 4.94157
535 0.435209 0.16425 4.94157
535 -0.0073486 -0.238409 4.94157
535 0.0888802 0.302826 4.94157
535 0.506678 0.000899508 -1.34161
535 0.494684 -0.264696 4.94157
535 0.151365 0.542045 -1.34161
535 -0.374726 0.42172 4.94157
535 -0.0968118 0.0971051 4.94157
535 -0.293591 -0.236931 4.94157
535 -0.47407 0.306137 -1.34161
535 -0.0678298 0.0582347 4.94157
535 -0.394165 0.363884 4.94157
535 -0.299931 -0.358559 4.94157
535 0.279534 0.143586 4.94157
535 0.386923 0.361806 -1.34161
535 -0.440318 0.245491 4.94157
535 0.447333 -0.284996 -1.34161
535 0.0177661 0.387448 4.94157
535 -0.311539 0.262509 4.94157
535 0.0626137 -0.0280694 4.94157
535 0.563257 0.00122663 -1.34161
535 0.281611 0.488795 -1.34161
535 0.341535 0.236805 4.94157
535 0.376437 0.329631 4.94157
535 -0.230444 -0.478866 -1.34161
535 -0.346517 -0.085594 4.94157
535 0.314428 0.0965164 4.94157
535 0.490376 0.276468 -1.34161
535 -0.194276 0.46559 4.94157
535 0.0589479 0.000108835 4.94157
535 -0.478338 -0.220784 4.94157
535 -0.376793 -0.328858 4.94157
535 0.102883 0.0346278 -1.34161
535 -0.561501 -0.0375934 4.94157
535 -0.0357792 -0.446 -1.34161
535 0.405665 -0.342115 -1.34161
535 -0.22321 0.484463 4.94157
535 -0.000673304 0.257221 4.94157
535 0.1374 -0.323737 -1.34161
535 -0.318666 -0.0419512 4.94157
535 0.50945 0.154107 -1.34161
535 0.0122588 -0.193363 4.94157
535 0.167552 0.195182 4.94157
535 0.180287 -0.395247 -1.34161
535 -0.304904 0.133734 4.94157
535 -0.209667 -0.309068 4.94157
535 -0.336429 0.0962677 4.94157
535 0.0559269 0.55978 4.94157
535 0.153927 -0.276522 -1.34161
535 -0.119044 -0.106566 4.94157
535 -0.178703 -0.410857 4.94157
535 0.272395 -0.424174 -1.34161
535 0.123409 0.174292 4.94157
535 0.0832707 0.438156 4.94157
535 -0.0568822 0.20471 4.94157
535 -0.311446 0.401473 4.94157
535 -0.315796 0.182708 4.94157
535 -0.12287 0.104985 4.94157
535 0.115209 0.51861 4.94157
535 0.151682 0.0414316 4.94157
535 0.311934 -0.187508 4.94157
535 0.131283 -0.294807 -1.34161
535 0.257499 -0.363484 -1.34161
535 0.343905 0.10032 4.94157
535 -0.102577 0.334166 4.94157
535 -0.0436101 0.231574 4.94157
535 0.00307473 -0.530573 -1.34161
535 -0.183486 0.410134 4.94157
535 0.338431 0.152954 4.94157
535 -0.0299334 -0.0397032 4.94157
535 -0.00707342 -0.561404 4.94157
535 -0.43136 0.18863 4.94157
535 -0.0137676 -0.399597 -1.34161
535 0.249523 -0.333754 -1.34161
535 0.39024 0.21672 4.94157
535 -0.0958365 0.176952 4.94157
535 0.364118 -0.13034 -1.34161
535 0.453953 0.222645 4.94157
535 -0.0254729 0.0916255 4.94157
535 -0.0168468 0.0346854 4.94157
535 0.176881 0.376141 4.94157
535 0.217874 0.264564 4.94157
535 0.301908 0.201425 4.94157
535 0.383119 -0.0726861 -1.34161
535 -0.0279029 -0.28352 4.94157
535 -0.434046 0.112858 4.94157
535 0.0432969 0.280831 4.94157
535 -0.194946 -0.0934153 4.94157
535 -0.127274 0.229407 4.94157
535 0.242821 -0.197308 -1.34161
535 -0.0712508 0.499191 4.94157
535 -0.188723 0.0786387 4.94157
535 0.280744 0.306519 4.94157
535 0.492575 -0.0968332 -1.34161
535 0.319625 0.176991 4.94157
535 0.0280481 0.25624 4.94157
535 0.135567 -0.0321827 4.94157
535 -0.137723 0.488753 4.94157
535 -0.0288244 0.308708 -1.34161
535 -0.292518 -0.479824 -1.34161
535 -0.156261 -0.308746 4.94157
535 -0.117148 -0.134462 4.94157
535 -0.290772 0.000224037 4.94157
535 -0.0866726 -0.202864 4.94157
535 -0.500504 0.0610179 4.94157
535 0.0310207 -0.147999 4.94157
535 0.0704942 -0.0848088 4.94157
535 -0.439703 0.15908 4.94157
535 0.0830217 -0.169981 4.94157
535 0.205327 -0.266686 -1.34161
535 -0.284645 0.487007 4.94157
535 -0.00502263 -0.462121 -1.34161
535 0.249215 0.50603 -1.34161
535 0.111173 0.200798 4.94157
535 0.292709 0.253867 4.94157
535 0.147963 0.121729 -1.34161
535 -0.482138 -0.132712 4.94157
535 0.223784 0.453509 4.94157
535 0.0227519 0.154408 4.94157
535 -0.168866 0.201304 4.94157
535 -0.244743 -0.0614817 4.94157
535 0.561759 0.0384631 4.94157
535 -0.542102 -0.137828 4.94157
535 0.0701398 0.229078 4.94157
535 0.155677 0.395514 -1.34161
535 -0.314585 -0.280985 4.94157
535 0.26952 -0.0935293 -1.34161
535 -0.320067 -0.0718287 4.94157
535 0.337921 0.410394 -1.34161
535 0.533763 -0.174078 -1.34161
535 -0.0465669 0.074595 4.94157
535 0.475143 -0.160712 -1.34161
535 -0.126965 0.52079 4.94157
535 0.197239 0.315317 4.94157
535 -0.13368 -0.542034 4.94157
535 -0.0864827 0.468693 4.94157
535 -0.121263 0.415143 4.94157
535 -0.345503 -0.236726 4.94157
535 -0.415293 0.133858 4.94157
535 -0.371994 -0.0691224 4.94157
535 -0.399502 -0.0831814 4.94157
535 -0.279888 0.265864 4.94157
535 0.00541982 -0.136753 4.94157
535 -0.0858508 0.256304 -1.34161
535 -0.326345 0.154708 4.94157
535 0.0275904 -0.306968 -1.34161
535 -0.361083 0.35339 4.94157
535 -0.137082 -0.205878 4.94157
535 0.168035 0.446771 4.94157
535 0.173233 0.0881443 4.94157
535 0.131753 -0.0043166 4.94157
535 0.23722 0.113473 -1.34161
535 -0.165655 -0.164199 4.94157
535 -0.112844 -0.482502 -1.34161
535 -0.0709207 -0.556725 -1.34161
535 0.23375 0.239467 4.94157
535 0.275226 0.387137 4.94157
535 -0.495889 0.0941116 4.94157
535 0.281365 0.420375 4.94157
535 -0.0050401 -0.0511997 4.94157
535 0.128833 0.0233132 4.94157
535 0.0807857 0.0173726 4.94157
535 -0.425947 -0.066686 4.94157
535 -0.493297 -0.19132 4.94157
535 -0.066024 -0.436416 -1.34161
535 -0.172806 -0.0236082 4.94157
535 -0.403919 -0.147186 4.94157
535 -0.0337346 -0.0109763 4.94157
535 -0.141225 -0.14967 4.94157
535 -0.139168 0.443567 4.94157
535 0.205318 -0.136172 4.94157
535 -0.120835 -0.0786189 4.94157
535 -0.388196 0.0752769 4.94157
535 0.433886 0.356973 -1.34161
535 -0.206656 -0.426612 -1.34161
535 0.211111 -0.407241 -1.34161
535 -0.213399 -0.220903 4.94157
535 -0.455595 -0.0814268 4.94157
535 0.311543 0.433145 -1.34161
535 0.115527 0.25088 4.94157
535 -0.286077 0.058667 4.94157
535 -0.104247 0.387781 4.94157
535 -0.169472 0.440881 4.94157
535 -0.101023 0.281847 -1.34161
535 -0.170864 -0.470691 -1.34161
535 0.0664749 -0.0564282 4.94157
535 -0.229855 0.114861 4.94157
535 -0.389895 0.0431946 4.94157
535 -0.10081 -0.0335273 4.94157
535 0.149735 -0.382974 -1.34161
535 -0.367301 -0.00688816 4.94157
535 -0.440642 0.0810285 4.94157
535 -0.293137 -0.206487 4.94157
535 0.28972 0.0421603 4.94157
535 0.176815 0.0315127 4.94157
535 0.22547 0.0900914 4.94157
535 -0.134797 -0.506673 4.94157
535 -0.392938 0.27569 4.94157
535 -0.074852 -0.346617 -1.34161
535 -0.119977 -0.447338 -1.34161
535 0.341912 -0.0289063 4.94157
535 -0.345106 -0.055299 4.94157
535 -0.421486 -0.371475 4.94157
535 -0.0127392 0.00609548 4.94157
535 0.409439 0.0546343 4.94157
535 0.427349 -0.314889 -1.34161
535 -0.432274 -0.254714 -1.34161
535 0.460932 -0.105758 -1.34161
535 -0.219538 -0.106565 4.94157
535 -0.237398 -0.265359 4.94157
535 0.452543 -0.136465 -1.34161
535 0.333378 0.291592 4.94157
535 -0.123471 -0.414272 -1.34161
535 0.104843 -0.152239 -1.34161
535 -0.237141 -0.32581 4.94157
535 0.393111 -0.400466 -1.34161
535 -0.00917239 0.443776 4.94157
535 -0.112893 -0.190485 4.94157
535 -0.0722556 -0.376065 -1.34161
535 -0.0495472 -0.328977 -1.34161
535 -0.485123 -0.0996116 4.94157
535 -0.0309911 -0.255074 4.94157
535 0.0653034 -0.215874 4.94157
535 0.238329 0.351467 4.94157
535 -0.0497763 -0.501263 -1.34161
535 -0.226263 0.45079 4.94157
535 0.175548 0.060383 4.94157
535 0.149834 0.298231 4.94157
535 0.21939 0.487102 4.94157
535 -0.139736 0.0602744 4.94157
535 0.179617 0.166119 4.94157
535 0.55185 0.10938 -1.34161
535 -0.236092 0.298101 4.94157
535 0.031891 -0.33573 -1.34161
535 -0.110669 -0.218798 4.94157
535 -0.159316 0.278894 4.94157
535 0.169637 -0.229338 -1.34161
535 0.0607236 -0.558431 -1.34161
535 0.0524152 0.441399 -1.34161
535 -0.00367697 0.106382 -1.34161
535 0.0957704 -0.389268 -1.34161
535 -0.373335 -0.0998306 4.94157
535 0.30307 0.284379 -1.34161
535 0.0114756 -0.381708 -1.34161
535 0.25154 0.218204 4.94157
535 -0.244387 -0.119879 4.94157
535 0.392483 0.0796846 4.94157
535 0.0489938 -0.10223 4.94157
535 -0.310726 0.0765476 4.94157
535 -0.132285 0.332918 4.94157
535 -0.464629 -0.315787 4.94157
535 0.0721994 -0.526741 -1.34161
535 -0.152327 0.543414 4.94157
535 0.119791 0.301279 4.94157
535 -0.0166066 0.181616 4.94157
535 -0.341257 0.255359 4.94157
535 -0.426959 -0.129518 4.94157
535 -0.455008 0.134407 4.94157
535 -0.0936135 0.0688977 4.94157
535 -0.0386813 0.501218 4.94157
535 0.143597 -0.353096 -1.34161
535 -0.284225 0.187866 4.94157
535 -0.193619 -0.121696 4.94157
535 0.224357 0.417704 4.94157
535 0.0123085 -0.00551039 4.94157
535 0.367463 -0.200273 -1.34161
535 0.296912 0.120166 4.94157
535 -0.354735 -0.350889 4.94157
535 -0.146072 0.306029 4.94157
535 -0.503536 -0.00489705 4.94157
535 -0.00139471 -0.0798202 4.94157
535 0.25062 0.138559 4.94157
535 0.205817 0.159597 -1.34161
535 -0.218578 0.273442 4.94157
535 -0.147805 -0.0381832 4.94157
535 0.139152 -0.0602171 4.94157
535 0.2341 -0.170025 4.94157
535 0.391062 -0.00337083 4.94157
535 0.0944849 0.4083 4.94157
535 0.0411485 -0.394431 -1.34161
535 0.267556 0.115803 4.94157
535 -0.0546367 0.471032 4.94157
535 0.302985 0.0694281 4.94157
535 0.482326 -0.219511 -1.34161
535 -0.463576 0.185551 4.94157
535 -0.474637 -0.0583199 4.94157
535 -0.387673 0.221933 -1.34161
535 -0.0722619 0.282581 4.94157
535 -0.393765 -0.0200799 4.94157
535 -0.255311 0.373996 4.94157
535 -0.252416 0.435418 4.94157
535 0.49976 0.185188 -1.34161
535 0.207798 0.369413 4.94157
535 -0.220116 -0.0484451 -1.34161
535 0.441239 -0.0504509 -1.34161
535 -0.200763 0.434228 4.94157
535 0.0941338 0.121568 4.94157
535 0.0142751 0.282215 4.94157
535 -0.0810258 0.147091 4.94157
535 0.220022 0.185316 4.94157
535 -0.238234 0.0544179 4.94157
535 -0.0883116 0.361046 4.94157
535 -0.505205 -0.157493 4.94157
535 0.0227068 -0.473427 -1.34161
535 0.0107531 0.531311 4.94157
535 -0.043204 0.334753 4.94157
535 0.324082 -0.00516252 4.94157
535 -0.261325 0.242313 4.94157
535 0.219426 -0.32518 -1.34161
535 -0.0136608 0.334636 -1.34161
535 -0.0421541 0.17962 4.94157
535 -0.149397 0.11897 4.94157
535 0.0961318 -0.0956536 4.94157
535 -0.00944986 -0.429996 -1.34161
535 -0.111306 0.204255 4.94157
535 -0.35926 0.279278 4.94157
535 0.0747201 0.0735338 4.94157
535 0.484907 -0.128976 -1.34161
535 0.0521857 0.0557685 4.94157
535 -0.401693 0.396514 4.94157
535 -0.126129 -0.382768 -1.34161
535 0.410487 -0.170948 -1.34161
535 -0.219993 0.14216 4.94157
535 -0.524674 -0.198885 4.94157
535 -0.0872317 0.308301 4.94157
535 -0.283188 0.0871688 4.94157
535 -0.103629 0.439529 4.94157
535 -0.473054 -0.166401 4.94157
535 0.00843484 0.0228791 4.94157
535 0.306702 0.398895 4.94157
535 0.198535 -0.491618 -1.34161
535 -0.197011 0.19703 4.94157
535 0.472513 0.161028 -1.34161
535 -0.28965 -0.26542 4.94157
535 -0.0230703 0.472346 4.94157
535 0.0158574 -0.411267 4.94157
535 -0.218364 -0.135154 4.94157
535 0.00459235 0.0510264 4.94157
535 -0.254472 0.469869 4.94157
535 -0.349159 0.318383 4.94157
535 -0.237172 0.164619 4.94157
535 -0.430828 -0.310129 4.94157
535 -0.420338 0.217986 4.94157
535 -0.139196 -0.177645 4.94157
535 -0.186438 -0.235397 4.94157
535 -0.333425 0.125559 4.94157
535 0.0848369 -0.33032 -1.34161
535 0.533958 0.0192755 -1.34161
535 0.187005 -0.426536 -1.34161
535 -0.520418 0.118035 4.94157
535 0.0158551 -0.221657 4.94157
535 -0.523446 -0.0927422 4.94157
535 -0.268772 -0.162719 4.94157
535 -0.238031 -0.412376 4.94157
535 0.249904 -0.224183 4.94157
535 -0.448635 -0.2826 4.94157
535 0.335226 -0.247661 -1.34161
535 -0.259694 0.0731557 4.94157
535 -0.465984 -0.252135 4.94157
535 0.0902795 -0.359509 -1.34161
535 -0.0693815 -0.405944 -1.34161
535 0.294211 -0.291289 -1.34161
535 -0.236855 -0.29556 4.94157
535 -0.464965 0.103094 4.94157
535 -0.348177 -0.116126 4.94157
535 0.136677 -0.504245 -1.34161
535 0.359492 -0.30601 -1.34161
535 0.137291 0.325459 4.94157
535 0.0231338 0.562295 -1.34161
535 0.183146 -0.0242035 -1.34161
535 0.0722848 0.101502 4.94157
535 -0.295732 -0.117819 4.94157
535 -0.155277 -0.339151 4.94157
535 0.388119 -0.147283 -1.34161
535 0.157692 -0.0141179 4.94157
535 -0.341217 0.00587071 4.94157
535 -0.22036 -0.0778088 4.94157
535 0.102661 -0.284001 -1.34161
535 -0.321013 -0.310242 4.94157
535 0.114506 -0.209011 4.94157
535 0.0130712 0.231603 4.94157
535 0.314004 -0.35046 -1.34161
535 -0.0433598 -0.386925 -1.34161
535 0.0450527 0.529049 4.94157
535 0.21962 0.213446 4.94157
535 -0.205177 0.300557 4.94157
535 0.414239 -0.284614 -1.34161
535 -0.0843443 0.204442 4.94157
535 -0.368189 0.387224 4.94157
535 0.0610706 0.357371 4.94157
535 0.0455411 0.109153 4.94157
535 -0.209753 -0.338712 4.94157
535 -0.159632 -0.24971 4.94157
535 0.160369 -0.305378 -1.34161
535 0.0959079 -0.552959 -1.34161
535 -0.0629347 0.0294862 4.94157
535 0.218303 -0.440059 -1.34161
535 -0.315422 0.467754 4.94157
535 -0.182286 -0.35305 4.94157
535 0.0879171 -0.0389844 4.94157
535 0.353303 -0.15835 -1.34161
535 0.243359 -0.0963463 4.94157
535 -0.0697009 -0.525313 -1.34161
535 -0.251289 0.405213 4.94157
535 0.295041 -0.00949911 4.94157
535 -0.561944 0.0346169 4.94157
535 -0.0890451 -0.17469 4.94157
535 0.327111 -0.214103 -1.34161
535 -0.0818947 -0.259766 4.94157
535 -0.345864 0.445916 4.94157
535 -0.272288 -0.37301 4.94157
535 0.337231 -0.328769 -1.34161
535 0.0417139 0.23056 4.94157
535 -0.240137 -0.00308009 4.94157
535 0.154652 0.350837 4.94157
535 0.50423 0.0367995 -1.34161
535 0.40071 -0.255537 -1.34161
535 0.161191 0.270904 4.94157
535 -0.230735 0.245366 4.94157
535 0.331235 0.376796 -1.34161
535 -0.0300395 0.151257 4.94157
535 0.341146 -0.445501 4.94157
535 0.196747 -0.345337 -1.34161
535 -0.473825 0.243866 4.94157
535 -0.272992 0.349931 4.94157
535 -0.411617 -0.232775 4.94157
535 -0.102552 -0.334968 4.94157
535 -0.342608 0.411798 4.94157
535 -0.201742 0.248845 4.94157
535 0.390819 -0.0426921 4.94157
535 0.119905 -0.371526 -1.34161
535 0.114056 -0.341879 -1.34161
535 -0.261641 -0.46367 -1.34161
535 0.312898 -0.115212 -1.34161
535 0.348929 0.181777 -1.34161
535 0.282082 0.453831 -1.34161
535 0.343931 0.322035 4.94157
535 0.298364 -0.401906 -1.34161
535 -0.198222 -0.492088 -1.34161
535 -0.1098 0.0233244 4.94157
535 0.152441 0.171758 4.94157
535 -0.188656 0.276037 4.94157
535 -0.071171 0.230436 4.94157
535 -0.23334 -0.445086 4.94157
535 -0.243863 -0.384304 4.94157
535 -0.0550821 -0.271698 4.94157
535 -0.0604095 -0.214901 4.94157
535 0.285934 -0.260707 -1.34161
535 -0.282138 0.41952 4.94157
535 -0.183278 -0.293807 4.94157
535 0.125596 0.0506159 4.94157
535 -0.14652 0.0905378 4.94157
535 -0.474668 -0.0249697 4.94157
535 0.273587 0.276868 -1.34161
535 0.207282 -0.0072859 4.94157
535 -0.19214 0.329207 4.94157
535 -0.0565576 0.156545 4.94157
535 -0.18223 -0.32339 4.94157
535 0.414862 -0.027664 -1.34161
535 -0.163973 0.0695745 4.94157
535 -0.0680483 -0.130461 4.94157
535 0.332794 -0.135581 -1.34161
535 -0.428023 0.368272 -1.34161
535 0.418905 0.136512 4.94157
535 0.138127 0.373685 4.94157
535 0.557822 -0.072397 -1.34161
535 -0.18179 -0.381882 -1.34161
535 0.167693 -0.506289 -1.34161
535 -0.169057 -0.10824 4.94157
535 -0.326352 -0.339763 4.94157
535 -0.0397782 -0.170298 4.94157
535 0.100924 -0.419881 -1.34161
535 -0.270189 -0.104226 4.94157
535 -0.535317 -0.168761 4.94157
535 0.235951 0.381406 -1.34161
535 -0.0586914 0.000733714 -1.34161
535 0.203015 0.397328 4.94157
535 0.183543 0.53253 4.94157
535 0.343464 -0.108397 -1.34161
535 0.333137 -0.411959 -1.34161
535 -0.0881761 0.413463 4.94157
535 0.197612 -0.108806 4.94157
535 0.23108 0.0372757 4.94157
535 0.234047 0.160181 4.94157
535 -0.216863 -0.163668 4.94157
535 0.122183 -0.106259 4.94157
535 -0.12654 0.131479 4.94157
535 -0.241992 -0.17761 4.94157
535 -0.397283 -0.396221 4.94157
535 -0.295759 0.161374 4.94157
535 0.390721 0.4042 -1.34161
535 0.23752 -0.0160277 4.94157
535 0.244393 0.270307 4.94157
535 0.356235 0.128915 -1.34161
535 -0.0446092 0.561675 4.94157
535 -0.0619321 -0.467913 -1.34161
535 0.262042 0.167095 4.94157
535 -0.255852 0.104772 4.94157
535 -0.269546 -0.133432 4.94157
535 -0.0823133 -0.492638 4.94157
535 0.56198 -0.0362798 4.94157
535 0.37862 0.186052 4.94157
535 0.0748697 0.32959 4.94157
535 0.261157 -0.171391 -1.34161
535 0.451343 0.280198 -1.34161
535 0.486626 0.131878 -1.34161
535 0.307011 -0.238425 -1.34161
535 0.284492 -0.119147 -1.34161
535 -0.243049 0.218552 4.94157
535 0.187962 0.217109 4.94157
535 -0.445484 0.0183385 4.94157
535 -0.226035 0.382073 4.94157
535 -0.263819 -0.312974 4.94157
535 -0.363734 0.0561987 4.94157
535 -0.0452653 -0.1139 4.94157
535 -0.411869 0.0936253 4.94157
535 -0.0315376 -0.476635 -1.34161
535 0.353007 -0.0801749 4.94157
535 -0.330607 -0.373028 4.94157
535 0.121453 0.35007 4.94157
535 0.122982 0.0774376 4.94157
535 -0.115822 0.552577 -1.34161
535 -0.213498 0.0375399 4.94157
535 0.3844 0.273506 -1.34161
535 -0.210491 -0.279489 4.94157
535 -0.162749 0.0136165 4.94157
535 -0.210561 -0.396247 4.94157
535 0.0263688 0.501024 4.94157
535 -0.0842728 -0.231211 4.94157
535 -0.508362 0.241706 4.94157
535 0.225451 -0.474526 -1.34161
535 0.234332 -0.386428 -1.34161
535 0.0414456 0.135137 4.94157
535 -0.527149 0.0835912 4.94157
535 -0.418825 -0.00111753 4.94157
535 0.176276 -0.126623 4.94157
535 -0.288907 0.029423 4.94157
535 0.397458 0.304441 4.94157
535 -0.402814 -0.176723 4.94157
535 -0.114442 0.255673 4.94157
535 0.245546 0.1912 4.94157
535 -0.407477 0.247038 4.94157
535 0.0161535 -0.0340222 4.94157
535 -0.13454 0.386898 4.94157
535 -0.532681 -0.0204927 4.94157
535 0.109703 -0.0215844 4.94157
535 0.189701 -0.315581 -1.34161
535 0.119753 0.549847 4.94157
535 -0.426839 -0.199249 4.94157
535 -0.322573 0.232435 4.94157
535 0.0726926 0.278934 4.94157
535 -0.34695 -0.17591 4.94157
535 0.220564 0.0634531 4.94157
535 0.467688 0.0456543 4.94157
535 -0.280808 0.114389 4.94157
535 -0.156121 0.227661 4.94157
535 -0.23504 0.0853339 4.94157
535 -0.331772 0.345183 4.94157
535 0.308769 0.148215 -1.34161
535 -0.104991 -0.00465123 4.94157
535 0.107282 0.378572 4.94157
535 -0.303579 0.210009 4.94157
535 0.182942 -0.286352 -1.34161
535 0.190914 0.268497 4.94157
535 -0.05237 -0.300279 4.94157
535 0.161155 -0.444248 -1.34161
535 -0.148432 0.358731 4.94157
535 0.045114 -0.0737749 4.94157
535 0.289422 0.336917 4.94157
535 -0.0913607 -0.458448 -1.34161
535 -0.361711 0.117548 4.94157
535 0.126635 -0.134361 -1.34161
535 -0.221087 0.412826 4.94157
535 0.0783197 -0.467488 -1.34161
535 -0.0260947 0.415489 4.94157
535 0.0389727 0.17972 -1.34161
535 0.117619 -0.0780233 4.94157
535 0.441286 0.0589251 -1.34161
535 -0.21388 0.22079 4.94157
535 -0.298632 0.289802 4.94157
535 -0.0263407 -0.0684163 4.94157
535 -0.453122 0.215578 4.94157
535 0.347931 -0.35893 -1.34161
535 -0.0630286 -0.186687 4.94157
535 -0.0797189 -0.0163423 4.94157
535 0.347453 -0.276873 -1.34161
535 0.337802 0.0224794 4.94157
535 0.108275 -0.312778 -1.34161
535 0.0954039 0.176971 4.94157
535 0.191254 -0.0802758 4.94157
535 -0.470347 0.071044 4.94157
535 0.114338 0.433336 4.94157
535 0.0592247 0.498499 4.94157
535 -0.0339934 -0.226735 4.94157
535 0.509163 -0.235691 -1.34161
535 -0.295427 -0.0882255 4.94157
535 -0.0729612 0.334756 4.94157
535 0.366671 0.426594 -1.34161
535 0.409602 0.335747 -1.34161
535 0.360846 -0.051863 4.94157
535 0.290749 0.171913 4.94157
535 0.160286 -0.537728 -1.34161
535 0.429589 -0.112784 -1.34161
535 0.439534 -0.349176 -1.34161
535 0.185784 -0.18173 -1.34161
535 0.367791 -0.423721 -1.34161
535 0.350545 0.0477445 4.94157
535 -0.372595 -0.419348 4.94157
535 -0.162372 0.331587 -1.34161
535 0.487155 0.218435 4.94157
535 0.364926 0.298328 4.94157
535 -0.29242 -0.0289694 4.94157
535 0.274248 0.0660246 4.94157
535 -0.276119 -0.403395 4.94157
535 0.0513085 -0.289939 -1.34161
535 -0.372701 -0.191966 4.94157
535 -0.320868 -0.161403 4.94157
535 -0.0176921 -0.370013 -1.34161
535 -0.019992 -0.125383 4.94157
535 -0.167413 -0.136154 4.94157
535 -0.0578773 0.360928 4.94157
535 -0.211734 -0.250043 4.94157
535 -0.420632 -0.0332054 4.94157
535 -0.283267 0.316481 4.94157
535 0.308209 0.0187156 -1.34161
535 -0.552186 -0.107065 4.94157
535 0.241966 -0.304135 -1.34161
535 0.00730536 -0.352607 -1.34161
535 0.21953 0.13339 4.94157
535 0.109547 -0.180587 -1.34161
535 0.0263518 0.067733 4.94157
535 0.272246 -0.312582 -1.34161
535 0.442605 -0.166765 -1.34161
535 0.315264 -0.26986 -1.34161
535 0.0412378 -0.0452995 4.94157
535 -0.179234 0.35768 4.94157
535 0.120303 0.128749 4.94157
535 0.367806 -0.253411 -1.34161
535 -0.0913419 -0.146642 4.94157
535 0.323647 -0.380709 -1.34161
535 -0.265844 0.292814 -1.34161
535 0.424663 0.0829184 4.94157
535 0.433368 -0.255294 -1.34161
535 0.107831 -0.519278 -1.34161
535 0.191445 -0.210346 -1.34161
535 0.437099 -0.0824144 -1.34161
535 0.273515 0.196074 4.94157
535 -0.522127 0.209821 4.94157
535 0.11345 -0.0496675 4.94157
535 0.360302 0.211879 4.94157
535 0.165225 -0.070258 4.94157
535 -0.534408 0.177016 4.94157
535 0.000565804 0.0788386 4.94157
535 0.0401761 -0.527323 -1.34161
535 0.215584 0.292163 -1.34161
535 -0.47651 0.157885 4.94157
535 -0.266852 -0.221559 4.94157
535 0.251738 0.405527 4.94157
535 -0.238907 0.349462 4.94157
535 -0.367512 0.198542 4.94157
535 -0.335475 0.204488 4.94157
535 0.463701 -0.192382 -1.34161
535 0.311662 0.314627 4.94157
535 0.33088 0.206721 4.94157
535 -0.263349 -0.281426 4.94157
535 -0.212183 -0.367762 -1.34161
535 -0.365294 0.0246264 4.94157
535 -0.162483 0.471575 4.94157
535 0.143741 -0.0884837 4.94157
535 0.543703 -0.141298 -1.34161
535 -0.0511814 -0.0568857 4.94157
535 0.144814 0.247547 4.94157
535 0.493662 0.0662851 4.94157
535 0.166932 -0.334736 -1.34161
535 -0.553027 0.107118 4.94157
535 0.103694 0.463682 4.94157
535 -0.152506 0.17792 4.94157
535 -0.174666 0.126057 4.94157
535 0.0554571 0.0281068 4.94157
535 0.393379 -0.311414 -1.34161
535 0.462638 0.0795297 -1.34161
535 0.00879026 -0.165076 4.94157
535 0.212168 -0.295728 -1.34161
535 0.0267551 -0.559056 -1.34161
535 -0.0754146 0.116341 4.94157
535 -0.300979 0.339843 4.94157
535 -0.191027 0.496975 4.94157
535 0.0386244 -0.204696 4.94157
535 -0.106366 -0.276277 4.94157
535 0.340797 0.448567 -1.34161
535 0.524911 -0.0860492 -1.34161
535 -0.482393 -0.286492 4.94157
535 0.262893 0.247069 4.94157
535 0.0819864 -0.497688 -1.34161
535 -0.0146859 0.282856 4.94157
535 0.322601 0.260846 4.94157
535 0.467691 0.190598 -1.34161
535 -0.175576 0.303862 4.94157
535 0.326393 0.124477 -1.34161
535 0.158419 -0.1724 4.94157
535 -0.0537346 0.131155 4.94157
535 -0.313519 0.434151 4.94157
535 -0.377941 0.169487 4.94157
535 0.0539532 0.157354 4.94157
535 0.286402 -0.0374331 4.94157
535 -0.0398056 -0.41627 -1.34161
535 0.508232 -0.153014 -1.34161
535 0.135849 -0.466649 -1.34161
535 -0.130126 0.280794 4.94157
535 0.181325 0.00380155 4.94157
535 0.248726 -0.453923 -1.34161
535 -0.0138556 -0.181892 4.94157
535 -0.191826 0.148503 4.94157
535 -0.248371 0.135644 4.94157
535 0.420583 -0.142173 -1.34161
535 -0.444082 -0.344007 4.94157
535 -0.391711 0.0116882 4.94157
535 -0.455775 -0.112567 4.94157
535 -0.0392454 -0.557041 -1.34161
535 0.313125 -0.466465 -1.34161
535 -0.412342 -0.279067 4.94157
535 -0.0504446 0.103007 4.94157
535 0.420559 0.00156005 4.94157
535 -0.361988 -0.259656 4.94157
535 -0.254122 0.323378 4.94157
535 -0.408843 0.163436 4.94157
535 -0.243396 -0.148787 4.94157
535 0.129162 -0.544315 -1.34161
535 0.417174 0.278179 4.94157
535 0.472314 0.305022 -1.34161
535 0.399524 -0.1994 -1.34161
535 0.459987 -0.321421 -1.34161
535 -0.154083 -0.369858 -1.34161
535 -0.309006 0.105127 4.94157
535 -0.0465685 -0.357846 -1.34161
535 -0.0152718 0.232127 4.94157
535 0.105218 0.326471 -1.34161
535 0.420948 0.221442 -1.34161
535 -0.375146 0.303751 4.94157
535 0.43603 0.251027 -1.34161
535 -0.557463 -0.0731408 4.94157
535 -0.240158 -0.355153 4.94157
535 0.161508 -0.0424784 4.94157
535 -0.293914 -0.058356 4.94157
535 -0.425621 0.275438 4.94157
535 -0.146201 -0.0662366 4.94157
535 -0.14749 -0.434554 -1.34161
535 -0.363741 0.0881324 4.94157
535 0.464797 0.10902 4.94157
535 -0.0729482 -0.0739508 4.94157
535 -0.20916 0.354953 4.94157
535 -0.446498 -0.0132958 4.94157
535 0.558081 0.074586 -1.34161
535 0.252175 0.438122 4.94157
535 0.444852 -0.0203972 -1.34161
535 0.225846 -0.118919 -1.34161
535 -0.317068 -0.0121471 4.94157
535 -0.116502 0.307325 4.94157
535 0.175284 0.113831 4.94157
535 0.0589732 0.305252 4.94157
535 -0.486618 0.212919 4.94157
535 -0.474281 0.00723834 4.94157
535 -0.418188 0.336166 4.94157
535 -0.0296307 0.206826 4.94157
535 0.354335 0.353687 4.94157
535 -0.18835 -0.206641 4.94157
535 0.0992887 0.227349 4.94157
535 0.371169 -0.335929 -1.34161
535 -0.492651 0.273871 4.94157
535 -0.131402 0.0069633 4.94157
535 -0.103017 -0.550536 4.94157
535 0.0745294 -0.113191 4.94157
535 0.255902 -0.122204 4.94157
535 0.0267313 0.206288 4.94157
535 -0.241965 -0.0314795 4.94157
535 0.289279 -0.171473 -1.34161
535 0.215198 -0.0630191 -1.34161
535 -0.0956166 -0.0905694 4.94157
535 -0.208462 0.0957101 4.94157
535 -0.215736 -0.0178464 4.94157
535 0.332738 0.0723576 -1.34161
535 0.274093 -0.0659064 4.94157
535 -0.151749 -0.00935573 4.94157
535 0.213235 -0.191015 -1.34161
535 0.198464 0.435026 4.94157
535 -0.163043 0.0409803 4.94157
535 0.551765 -0.107371 -1.34161
535 -0.0213049 -0.340905 -1.34161
535 0.431082 0.30851 4.94157
535 -0.0951438 -0.426141 -1.34161
535 0.353036 0.267423 4.94157
535 -0.238711 -0.23551 4.94157
535 -0.215438 -0.19233 4.94157
535 0.0492864 -0.457504 -1.34161
535 -0.338092 -0.406013 4.94157
535 0.524485 0.0863835 -1.34161
535 0.534251 0.178501 -1.34161
535 -0.188379 0.050796 4.94157
535 -0.267923 -0.0449136 4.94157
535 0.241581 -0.418945 -1.34161
535 0.53423 -0.0171544 -1.34161
535 0.173633 -0.364643 -1.34161
535 -0.445425 -0.224517 4.94157
535 0.119755 -0.237525 4.94157
535 -0.161576 0.50948 4.94157
535 -0.267946 -0.343022 4.94157
535 -0.362995 -0.384934 4.94157
535 -0.0105084 -0.498346 -1.34161
535 0.0490664 0.08293 4.94157
535 0.0919343 -0.067301 4.94157
535 0.0544502 0.204441 4.94157
535 -0.38432 0.332577 4.94157
535 -0.417271 0.0302572 4.94157
535 0.008426 0.472395 4.94157
535 0.0528918 -0.13068 4.94157
535 -0.294631 -0.328195 4.94157
535 0.165174 -0.475757 -1.34161
535 0.379727 0.0505596 4.94157
535 -0.458647 0.274892 4.94157
535 -0.0978156 -0.0622729 4.94157
535 0.326236 -0.299309 -1.34161
535 0.203703 0.0224591 4.94157
535 0.0426636 -0.233046 4.94157
535 0.0452129 0.33224 4.94157
535 0.264336 -0.282811 -1.34161
535 0.33131 -0.0578128 4.94157
535 -0.19719 0.384654 4.94157
535 -0.427614 -0.097529 4.94157
535 -0.132985 -0.263321 4.94157
535 -0.0883433 0.0407208 4.94157
