35 0.161588 -0.557888 2.45031
35 -0.384658 0.653451 2.45031
35 -0.455162 -0.628106 8.73349
35 0.967006 -0.108435 2.45031
35 -0.165982 -0.55287 2.45031
35 0.952494 0.262609 8.73349
35 -0.344268 0.189481 2.45031
35 -0.386278 -0.219819 2.45031
35 -0.191269 -0.369343 8.73349
35 -0.144338 -0.0168184 2.45031
35 0.923435 -0.071802 2.45031
35 0.165862 -0.819346 2.45031
35 -0.342983 0.605883 2.45031
35 0.499866 0.906085 8.73349
35 -0.013143 0.156773 2.45031
35 0.665369 0.311365 2.45031
35 -0.843673 0.388478 2.45031
35 0.705304 0.13593 2.45031
35 -0.770793 -0.5485 2.45031
35 -0.457051 -0.359549 2.45031
35 -0.910383 0.488691 2.45031
35 -0.6477 0.0761308 2.45031
35 -0.209529 -0.27364 2.45031
35 0.67566 0.440882 2.45031
35 -1.02975 -0.0180509 2.45031
35 -0.916106 -0.445425 2.45031
35 0.339255 -0.586275 2.45031
35 -0.365423 0.467247 2.45031
35 0.804764 0.359517 2.45031
35 -0.321191 0.987168 2.45031
35 0.0322091 -0.651919 2.45031
35 -0.0164148 0.0297908 2.45031
35 0.422584 -0.153384 2.45031
35 0.442443 0.428775 8.73349
35 0.123302 -0.432829 2.45031
35 0.0937666 0.721768 2.45031
35 0.246258 -0.242859 2.45031
35 0.536946 -0.602268 2.45031
35 0.143489 0.815623 2.45031
35 0.605568 -0.509592 2.45031
35 0.0789875 -0.411616 2.45031
35 -0.787211 0.416287 2.45031
35 -0.265334 0.807668 2.45031
35 -0.729445 0.352365 2.45031
35 -0.647699 0.197278 2.45031
35 0.00671915 -0.462179 2.45031
35 -0.0606242 -0.454423 2.45031
35 0.194799 -0.327817 2.45031
35 0.327144 -0.524926 8.73349
35 0.689791 0.23622 2.45031
35 -0.821585 -0.520968 2.45031
35 -0.0382701 1.03419 8.73349
35 0.434283 0.68318 2.45031
35 0.661124 0.642164 2.45031
35 0.6251 -0.181472 2.45031
35 0.859708 0.455921 2.45031
35 0.374678 -0.176374 2.45031
35 0.707542 0.534616 2.45031
35 0.106745 -0.897741 2.45031
35 0.351157 0.802546 2.45031
35 -0.447673 0.0886959 2.45031
35 0.542316 -0.445539 2.45031
35 -0.829233 0.32653 8.73349
35 0.393196 0.548118 2.45031
35 0.551342 -0.494588 2.45031
35 0.624024 -0.391762 2.45031
35 -0.962848 0.367358 2.45031
35 -0.353769 -0.471808 2.45031
35 -0.635428 -0.463809 2.45031
35 -0.447892 0.416686 2.45031
35 -0.501491 0.212076 2.45031
35 0.477032 0.279678 2.45031
35 -0.553499 -0.0852687 2.45031
35 0.713074 0.408651 2.45031
35 -0.243522 -0.916143 2.45031
35 0.0373973 0.156787 2.45031
35 0.237115 -0.158855 2.45031
35 -0.569184 -0.84712 2.45031
35 0.683339 -0.00923259 2.45031
35 -0.228303 0.43177 2.45031
35 0.717224 -0.0481521 2.45031
35 0.490788 0.420654 2.45031
35 -0.731417 -0.327933 2.45031
35 -0.47588 0.687397 2.45031
35 0.795156 0.00585191 2.45031
35 0.485014 0.733206 2.45031
35 -0.311526 0.156892 2.45031
35 -0.993972 -0.0619346 2.45031
35 -0.632643 0.254242 2.45031
35 0.54058 0.741853 2.45031
35 -0.220472 -0.5544 2.45031
35 -0.408853 -0.315672 2.45031
35 -0.044606 0.79712 2.45031
35 -0.249769 0.295895 2.45031
35 0.799353 -0.0943118 2.45031
35 -0.854122 0.226973 2.45031
35 0.183727 -0.235891 2.45031
35 0.0723334 0.824357 2.45031
35 0.119561 -0.298507 2.45031
35 0.401349 0.635787 2.45031
35 0.196934 0.873257 8.73349
35 0.190583 -0.463966 2.45031
35 0.0773465 0.568705 2.45031
35 0.0530618 -0.307122 2.45031
35 -0.0934357 -0.0219701 2.45031
35 -0.87975 -0.318345 2.45031
35 -0.345446 0.752578 2.45031
35 -0.436936 0.807807 2.45031
35 0.195332 -0.131771 2.45031
35 -0.537862 -0.669837 2.45031
35 -0.44626 0.936593 2.45031
35 -0.416358 0.255412 2.45031
35 -0.0633007 -0.0625048 8.73349
35 0.39919 -0.302444 2.45031
35 0.542714 0.198019 2.45031
35 0.214414 -0.79154 2.45031
35 -0.72952 0.408952 2.45031
35 -0.0280912 0.909261 2.45031
35 -0.408657 -0.538407 2.45031
35 0.853086 0.125524 2.45031
35 0.379179 0.163517 2.45031
35 0.14221 0.750809 2.45031
35 0.528287 0.0706591 2.45031
35 -0.772318 -0.0258262 2.45031
35 -0.0228126 0.243537 2.45031
35 -0.529042 -0.187063 2.45031
35 -1.03054 0.0429596 2.45031
35 0.216067 0.0121899 2.45031
35 0.306818 0.602976 2.45031
35 0.441382 0.884825 2.45031
35 0.140644 -0.772491 2.45031
35 0.120927 0.975859 2.45031
35 0.120483 0.468311 2.45031
35 -0.140191 -0.755408 2.45031
35 0.393021 0.419741 2.45031
35 0.613641 -0.679682 2.45031
35 -0.0925836 0.836142 2.45031
35 0.132029 -0.24758 2.45031
35 -0.143327 -0.384359 2.45031
35 0.863766 0.206268 2.45031
35 -0.155186 0.138047 2.45031
35 0.655219 -0.277614 8.73349
35 -0.491111 -0.699114 2.45031
35 -0.618474 0.61703 8.73349
35 0.222931 -0.205306 2.45031
35 0.690621 -0.743278 8.73349
35 -0.227311 0.195008 2.45031
35 -0.0287685 -0.497349 2.45031
35 0.276724 -0.375843 2.45031
35 -0.0187648 -0.643254 2.45031
35 0.0715658 -0.685324 2.45031
35 -0.113788 -0.15268 2.45031
35 0.0488692 -0.560214 2.45031
35 -0.470841 0.462987 2.45031
35 -0.74283 0.460666 2.45031
35 0.378188 0.90768 8.73349
35 0.159696 0.644668 8.73349
35 0.869407 -0.157048 2.45031
35 -0.00527161 0.760461 2.45031
35 0.247849 -0.666746 2.45031
35 0.0256442 -0.507638 2.45031
35 0.719471 0.646165 2.45031
35 0.724602 0.47959 2.45031
35 0.30255 -0.898628 2.45031
35 0.120044 -0.533518 2.45031
35 0.791219 -0.630907 2.45031
35 0.383233 -0.74254 2.45031
35 -0.373705 0.803586 2.45031
35 0.0296525 -0.0494404 2.45031
35 0.535175 -0.217039 2.45031
35 -0.522548 -0.767074 2.45031
35 0.724136 0.591626 2.45031
35 -0.727329 0.630653 2.45031
35 0.891993 -0.473239 2.45031
35 0.369706 0.593239 8.73349
35 0.460978 0.149491 2.45031
35 0.880053 -0.0410272 2.45031
35 0.196288 0.426786 2.45031
35 -0.72765 0.282415 2.45031
35 -0.715353 -0.653572 2.45031
35 -0.252674 0.938796 2.45031
35 0.474481 -0.152656 2.45031
35 0.429161 -0.708374 2.45031
35 -0.548513 -0.0336824 2.45031
35 0.183564 0.335457 2.45031
35 0.0172437 -0.273437 2.45031
35 0.0210738 -0.600584 2.45031
35 -0.418547 0.378361 2.45031
35 -0.158992 0.687131 2.45031
35 0.141245 0.419175 2.45031
35 -0.171578 0.768553 2.45031
35 -0.593097 -0.434433 2.45031
35 -0.504837 -0.09209 2.45031
35 -0.625472 0.311752 2.45031
35 -0.673029 0.0267099 2.45031
35 1.00481 0.162284 2.45031
35 0.187572 0.774374 2.45031
35 -0.488036 -0.217307 2.45031
35 -0.788525 0.649985 2.45031
35 0.473252 -0.251405 2.45031
35 0.455895 0.832584 2.45031
35 0.734382 -0.0978733 2.45031
35 0.744938 0.101622 2.45031
35 0.226397 -0.978153 2.45031
35 -0.0608556 -0.918046 2.45031
35 -0.0459738 0.575452 2.45031
35 0.918058 -0.133764 2.45031
35 -0.509118 -0.352423 8.73349
35 -0.0514956 0.280459 2.45031
35 0.484946 0.787434 2.45031
35 0.475434 0.373965 2.45031
35 0.740089 0.00387323 8.73349
35 -0.0521068 0.966799 2.45031
35 -0.171222 -0.649788 2.45031
35 -0.403692 0.605254 2.45031
35 -0.0669406 -0.972915 2.45031
35 0.0387767 0.715848 2.45031
35 0.48576 -0.354807 2.45031
35 0.214995 0.0617644 2.45031
35 0.0311565 -0.418177 2.45031
35 0.900768 0.164238 2.45031
35 -0.741893 -0.247687 2.45031
35 -0.503684 -0.628659 2.45031
35 0.112823 0.670178 2.45031
35 -0.486746 0.841224 2.45031
35 0.381852 0.501412 2.45031
35 0.0776542 -0.0602238 2.45031
35 0.272376 -0.840296 2.45031
35 0.539288 0.560218 2.45031
35 -0.642101 -0.529822 2.45031
35 0.040273 -1.00691 2.45031
35 -0.291054 -0.623516 2.45031
35 -0.602663 -0.0989308 2.45031
35 0.281211 -0.499021 2.45031
35 0.758236 -0.453719 2.45031
35 0.540971 0.406705 2.45031
35 0.401402 -0.855084 2.45031
35 0.571277 -0.401829 2.45031
35 0.065401 -0.012092 2.45031
35 -0.150142 -0.334943 2.45031
35 -0.0878149 0.372957 2.45031
35 -0.774522 -0.117298 2.45031
35 -0.206759 0.887422 8.73349
35 0.145073 -0.701646 2.45031
35 -0.675221 0.605534 2.45031
35 -0.280443 -0.401253 2.45031
35 -0.900821 -0.119256 2.45031
35 0.169538 0.0497368 2.45031
35 0.0108217 0.0705317 2.45031
35 -0.143998 0.449137 2.45031
35 0.079884 0.24924 2.45031
35 -0.0672978 -0.399253 2.45031
35 0.245652 0.781151 2.45031
35 -0.354841 -0.524999 2.45031
35 -0.446064 0.879962 2.45031
35 0.459864 -0.105255 2.45031
35 -0.37321 -0.579072 8.73349
35 -0.197213 0.945148 2.45031
35 -0.0331351 -0.594908 2.45031
35 -0.124989 0.336973 2.45031
35 -0.548334 0.868526 2.45031
35 0.213791 -0.627265 2.45031
35 -0.560911 -0.225168 2.45031
35 -0.385037 0.0891845 2.45031
35 0.734964 -0.503745 2.45031
35 0.0373362 0.0284734 2.45031
35 0.700798 -0.450586 2.45031
35 -0.128993 0.733001 2.45031
35 -0.682355 0.47839 2.45031
35 0.159801 0.200889 2.45031
35 1.01089 -0.142327 8.73349
35 -0.613878 0.0420349 2.45031
35 -0.139208 0.805892 2.45031
35 0.0360521 0.112001 2.45031
35 -0.379955 0.905713 2.45031
35 0.277114 0.125415 8.73349
35 0.0184002 0.866153 2.45031
35 0.0956374 -0.163643 2.45031
35 -1.02872 -0.10653 2.45031
35 -0.158937 -0.893529 2.45031
35 -0.432796 -0.582282 2.45031
35 -0.403953 -0.779833 2.45031
35 0.10898 0.381888 2.45031
35 -0.584435 0.268495 2.45031
35 0.784572 -0.248569 2.45031
35 0.963833 -0.0275436 2.45031
35 -0.0923574 0.69479 2.45031
35 0.236012 0.40359 2.45031
35 0.0867178 0.109635 2.45031
35 0.321659 -0.275523 2.45031
35 -0.264231 0.560456 2.45031
35 -0.470425 0.0437551 8.73349
35 0.848884 0.575382 2.45031
35 0.331348 0.504187 2.45031
35 0.743157 -0.585003 8.73349
35 -0.784421 -0.480822 2.45031
35 -0.23024 -0.986109 8.73349
35 -0.926455 0.0952378 2.45031
35 0.256431 0.309461 2.45031
35 0.0494339 -0.186877 2.45031
35 -0.395513 0.85273 2.45031
35 -0.641876 0.125865 8.73349
35 -0.552716 -0.721724 2.45031
35 -0.202543 -0.753993 2.45031
35 -0.635368 -0.192782 2.45031
35 0.516646 0.636828 2.45031
35 0.487391 0.681241 2.45031
35 0.375586 0.110548 2.45031
35 0.162264 -0.875743 2.45031
35 0.34867 -0.698315 2.45031
35 0.0301747 0.453947 2.45031
35 0.39391 -0.668498 2.45031
35 0.251739 -0.59226 2.45031
35 0.424161 -0.573448 2.45031
35 0.360611 0.45491 2.45031
35 -0.456524 0.341222 2.45031
35 0.338547 -0.850144 2.45031
35 -0.733367 -0.483353 2.45031
35 0.675447 -0.182267 2.45031
35 -0.22113 0.380082 2.45031
35 0.681397 -0.384191 2.45031
35 -0.547477 -0.40463 2.45031
35 -0.966705 0.253376 8.73349
35 -0.0911942 1.01545 8.73349
35 0.858732 -0.209873 2.45031
35 -0.691731 0.224382 2.45031
35 0.0144786 0.812605 2.45031
35 -0.191693 -0.601305 2.45031
35 -0.0401818 0.490873 2.45031
35 0.694644 -0.533196 8.73349
35 0.649941 -0.340002 2.45031
35 0.711167 0.186615 2.45031
35 -0.237825 0.104974 2.45031
35 -0.630882 0.830106 2.45031
35 0.33801 -0.955645 2.45031
35 -0.870003 0.0740788 2.45031
35 -0.235914 0.626632 2.45031
35 0.818947 -0.147543 2.45031
35 -0.286035 -0.968364 2.45031
35 0.592107 -0.349202 2.45031
35 0.59794 0.290998 2.45031
35 -0.219088 0.582386 2.45031
35 -0.507139 0.906024 2.45031
35 -0.0496559 -0.152605 2.45031
35 -0.124716 -0.94433 2.45031
35 0.813231 0.305893 2.45031
35 0.515338 -0.118516 2.45031
35 -0.189847 0.468606 2.45031
35 0.181454 0.247915 2.45031
35 0.206809 0.20171 2.45031
35 0.810494 0.624315 8.73349
35 -0.134867 -0.203864 2.45031
35 0.0484085 -0.740009 2.45031
35 -0.379649 0.288857 2.45031
35 -0.867819 0.440326 2.45031
35 0.328019 -0.750789 2.45031
35 -0.18362 -0.70512 2.45031
35 0.779494 -0.549753 2.45031
35 -0.329173 0.423188 2.45031
35 -0.76447 0.699962 8.73349
35 -0.300333 -0.480422 2.45031
35 -0.587648 -0.180526 2.45031
35 -0.989833 0.309256 2.45031
35 -0.241645 -0.61162 2.45031
35 -0.169063 0.18437 2.45031
35 0.0898463 -0.339083 2.45031
35 -0.729261 -0.0718833 2.45031
35 0.953093 -0.354696 8.73349
35 -0.133857 -0.698842 2.45031
35 0.360815 -0.489876 2.45031
35 -0.243327 0.239427 2.45031
35 -0.332323 0.0913696 2.45031
35 -0.970285 -0.124499 2.45031
35 0.51542 -0.870319 2.45031
35 -0.389681 0.17136 2.45031
35 0.622986 0.440416 2.45031
35 -0.207129 1.00967 2.45031
35 -0.63323 -0.799456 2.45031
35 -0.111948 -0.464676 2.45031
35 1.01528 0.092519 8.73349
35 0.349152 -0.317302 2.45031
35 -0.287697 0.60892 2.45031
35 -0.00370959 -0.548716 2.45031
35 0.647637 -0.625772 2.45031
35 -0.727355 -0.712003 2.45031
35 -0.46823 0.599222 2.45031
35 -0.303939 -0.52764 2.45031
35 0.558288 -0.093468 2.45031
35 0.73216 0.709235 2.45031
35 -0.508288 0.160786 2.45031
35 -0.587478 0.347361 2.45031
35 0.630456 0.113387 2.45031
35 -0.116147 0.165593 2.45031
35 0.985082 -0.242615 2.45031
35 0.523264 -0.263019 2.45031
35 0.916855 -0.248631 2.45031
35 0.764989 0.443997 2.45031
35 -0.848303 -0.46307 8.73349
35 -0.709719 -0.594009 2.45031
35 -0.289532 0.756703 2.45031
35 0.171419 -0.99431 2.45031
35 0.3354 0.55416 2.45031
35 -0.700057 -0.274347 2.45031
35 -0.616326 0.769318 2.45031
35 0.0118203 -0.775759 2.45031
35 -0.601968 -0.322147 2.45031
35 -0.100891 -0.360124 2.45031
35 -0.0173826 0.444075 8.73349
35 0.344053 -0.639608 2.45031
35 -0.262803 0.996716 8.73349
35 0.136149 0.0171317 2.45031
35 0.595582 0.657284 2.45031
35 0.573269 0.0440497 2.45031
35 -0.0242661 -0.303028 2.45031
35 -0.164181 0.307159 2.45031
35 0.356994 0.300058 2.45031
35 0.976826 -0.186807 2.45031
35 0.325001 0.351509 2.45031
35 -0.261881 -0.191618 2.45031
35 -0.57593 -0.790067 2.45031
35 -0.906207 -0.361724 2.45031
35 -0.768015 -0.367476 2.45031
35 0.523257 0.0152759 8.73349
35 0.765997 0.526242 2.45031
35 0.41301 -0.432707 2.45031
35 -0.0805348 -0.504156 2.45031
35 0.387108 0.250299 8.73349
35 -0.673693 0.533485 2.45031
35 0.520824 0.464115 2.45031
35 -0.678979 0.155188 2.45031
35 0.270302 -0.0176419 2.45031
35 -0.130617 -0.252593 2.45031
35 0.25942 0.0277549 2.45031
35 0.0756264 -0.622601 2.45031
35 0.442497 -0.472553 8.73349
35 0.392597 0.328965 2.45031
35 0.742015 0.233391 2.45031
35 0.197536 0.539662 2.45031
35 -0.416393 0.207732 2.45031
35 0.582954 -0.732982 2.45031
35 0.6066 0.708796 2.45031
35 0.22703 -0.372457 2.45031
35 -0.604551 -0.245012 2.45031
35 0.671264 -0.0729435 2.45031
35 0.217299 -0.849993 2.45031
35 -0.0790158 0.465525 2.45031
35 0.547155 0.687625 2.45031
35 -0.40375 0.755231 2.45031
35 -0.0859437 -0.232359 2.45031
35 0.203355 -0.575978 8.73349
35 0.785855 0.208486 2.45031
35 -0.863025 0.281496 2.45031
35 -0.505851 0.421912 2.45031
35 0.27883 -0.963079 8.73349
35 0.640328 0.535473 2.45031
35 -0.598234 -0.0438727 2.45031
35 -0.240927 0.0424737 2.45031
35 0.76035 0.388327 2.45031
35 -0.723022 -0.0158098 2.45031
35 -0.202941 -0.860685 2.45031
35 -0.530465 0.260069 2.45031
35 0.246446 -0.535331 2.45031
35 0.126459 0.60871 2.45031
35 0.406315 -0.505477 2.45031
35 -0.39822 -0.629637 2.45031
35 -0.332736 -0.38111 2.45031
35 0.131186 0.244915 8.73349
35 0.574606 -0.00434613 2.45031
35 -0.409465 -0.372255 2.45031
35 0.426897 -0.258555 2.45031
35 0.183419 -0.178734 2.45031
35 -0.260694 0.348593 2.45031
35 -0.465514 -0.264115 2.45031
35 -0.084696 0.247498 2.45031
35 0.199809 -0.920867 2.45031
35 -0.935772 -0.0729605 2.45031
35 -0.679741 -0.0356568 2.45031
35 -0.00401612 -0.95944 2.45031
35 -0.651167 -0.410836 2.45031
35 0.0906659 0.0282411 2.45031
35 0.589812 0.770494 2.45031
35 -0.136777 -0.511027 2.45031
35 0.712763 0.289115 2.45031
35 0.448277 -0.309075 2.45031
35 -0.870635 -0.263066 2.45031
35 0.769961 -0.0476456 2.45031
35 -0.457141 -0.0670325 2.45031
35 -0.146101 0.906924 2.45031
35 0.649673 -0.435698 2.45031
35 -0.173211 0.513738 2.45031
35 -0.821544 0.559232 2.45031
35 -0.0255591 -1.01595 2.45031
35 0.00633395 0.285224 8.73349
35 0.497273 -0.499883 8.73349
35 0.82589 -0.0452225 2.45031
35 -0.51334 -0.303412 2.45031
35 -0.155595 -0.0640981 2.45031
35 0.435815 -0.363237 2.45031
35 -0.188341 0.106787 2.45031
35 0.212973 0.729619 2.45031
35 -0.372997 0.562899 2.45031
35 0.446132 -0.820713 2.45031
35 -0.363388 0.38304 2.45031
35 0.202222 -0.517271 8.73349
35 0.000292114 0.389853 2.45031
35 0.297441 -0.328264 2.45031
35 -0.375941 -0.826517 2.45031
35 0.617415 0.606588 2.45031
35 0.591971 0.556151 2.45031
35 -0.0777695 0.624783 2.45031
35 0.432458 0.745396 2.45031
35 0.108938 0.290163 2.45031
35 -0.919636 0.0399656 2.45031
35 0.43985 -0.200428 2.45031
35 0.497995 0.326053 2.45031
35 -0.10122 0.423926 2.45031
35 -0.456879 -0.90409 8.73349
35 0.68405 -0.122388 2.45031
35 0.572342 0.44717 2.45031
35 0.41883 0.134483 8.73349
35 -0.0878141 0.202553 8.73349
35 -0.318927 0.230724 2.45031
35 -0.132522 0.542215 2.45031
35 -0.80048 0.272767 2.45031
35 0.4577 0.629367 2.45031
35 -0.363382 -0.733416 2.45031
35 -0.506474 0.636654 2.45031
35 0.000438678 -0.379584 2.45031
35 -0.413464 -0.265203 2.45031
35 0.0127628 -0.33236 2.45031
35 0.135063 0.11321 2.45031
35 0.306964 0.30613 2.45031
35 -0.459166 -0.311229 2.45031
35 -0.251219 -0.508169 2.45031
35 0.861209 -0.0978737 2.45031
35 0.429939 0.941449 8.73349
35 -0.677554 0.7818 2.45031
35 -0.553586 0.435123 2.45031
35 -0.64397 -0.0697501 2.45031
35 -1.02196 0.103186 8.73349
35 -0.679613 -0.490238 2.45031
35 -0.257943 -0.273898 2.45031
35 0.303718 0.0346944 2.45031
35 -0.84193 -0.210081 2.45031
35 0.283047 0.497446 2.45031
35 -0.484665 -0.56626 2.45031
35 -0.454168 -0.809305 2.45031
35 -0.724657 0.127351 2.45031
35 -0.53496 0.682881 2.45031
35 0.721537 -0.161275 2.45031
35 -0.695504 0.0859409 2.45031
35 0.390508 -0.351264 2.45031
35 -0.0952697 0.067968 2.45031
35 0.732401 -0.400349 2.45031
35 0.0797261 1.0317 8.73349
35 0.512992 -0.399574 2.45031
35 -0.509187 0.794803 2.45031
35 -0.679089 0.324146 2.45031
35 0.336791 0.69481 2.45031
35 0.624805 0.0643343 2.45031
35 -0.281129 0.200885 2.45031
35 -0.630288 0.564548 2.45031
35 -0.0228683 0.322265 2.45031
35 0.580895 -0.252855 2.45031
35 -0.217091 -0.464694 2.45031
35 0.440673 0.240392 2.45031
35 -0.824995 -0.367537 2.45031
35 -0.331966 -0.082076 2.45031
35 0.867585 0.29192 2.45031
35 0.0881235 0.427927 2.45031
35 0.157287 0.514164 2.45031
35 0.617566 -0.0883853 2.45031
35 -0.0609315 0.736414 2.45031
35 -0.807161 -0.422441 2.45031
35 0.211408 0.624416 8.73349
35 -0.4041 -0.441225 2.45031
35 -0.426643 -0.856902 2.45031
35 -0.491058 0.289163 2.45031
35 0.215969 0.480353 2.45031
35 -0.0392769 -0.800524 2.45031
35 0.184202 0.969617 2.45031
35 -0.487669 0.377181 2.45031
35 0.330541 0.125503 2.45031
35 -0.422103 -0.727831 2.45031
35 -0.906197 0.389964 2.45031
35 0.148361 1.02587 2.45031
35 -0.915 -0.226212 2.45031
35 -0.851857 0.0216003 2.45031
35 -0.440701 0.646435 2.45031
35 -0.289149 0.115924 2.45031
35 0.167134 -0.42223 2.45031
35 0.226744 0.918357 2.45031
35 -0.415883 0.0511124 2.45031
35 0.282254 -0.72357 2.45031
35 -0.177053 -0.231313 2.45031
35 -0.676782 0.274292 2.45031
35 -0.883963 -0.176161 2.45031
35 0.915832 0.324313 2.45031
35 0.822143 0.170085 2.45031
35 -0.547839 0.112601 2.45031
35 0.924209 0.442431 8.73349
35 0.890636 -0.296537 2.45031
35 0.0869012 0.15558 2.45031
35 -0.0840495 -0.186534 2.45031
35 0.726193 0.0529324 8.73349
35 -0.458334 0.139565 2.45031
35 -0.71971 0.567812 2.45031
35 0.280968 0.172019 2.45031
35 0.103092 0.519099 2.45031
35 0.285988 0.40323 2.45031
35 -0.609607 -0.738711 2.45031
35 -0.316479 0.0449596 2.45031
35 -0.0879976 -0.763558 2.45031
35 0.538861 -0.352389 2.45031
35 -0.545409 0.520888 2.45031
35 0.83054 -0.578217 2.45031
35 -0.46712 -0.173375 2.45031
35 -0.794334 -0.165365 2.45031
35 0.175594 -0.376662 2.45031
35 -0.580372 0.479192 2.45031
35 -0.563763 0.0586636 2.45031
35 -0.966151 0.127212 2.45031
35 0.47857 -0.693829 2.45031
35 -0.258902 0.155342 2.45031
35 0.101038 0.922725 2.45031
35 -0.383664 -0.0838975 2.45031
35 0.601619 0.239861 2.45031
35 0.899171 0.247702 2.45031
35 -0.153238 0.856208 2.45031
35 0.42215 0.475692 8.73349
35 -0.881263 -0.0565473 2.45031
35 0.629095 -0.232915 2.45031
35 0.0617138 -0.462179 2.45031
35 -0.372264 -0.408117 2.45031
35 -0.427633 0.00437622 2.45031
35 0.284714 0.554977 2.45031
35 -0.142472 -0.836185 2.45031
35 -0.730176 0.513252 2.45031
35 0.89277 0.505585 2.45031
35 -0.659205 -0.706927 2.45031
35 -0.0948959 0.775509 2.45031
35 -0.281858 0.0104406 2.45031
35 -0.812967 -0.261026 2.45031
35 -0.312162 0.372586 2.45031
35 0.627046 0.342796 2.45031
35 -0.99408 -0.27168 2.45031
35 -0.135246 0.605337 8.73349
35 0.275506 0.355544 2.45031
35 -0.566989 -0.622604 8.73349
35 -0.775483 0.171505 2.45031
35 0.456423 -0.0532176 2.45031
35 -0.767012 0.313747 2.45031
35 -0.903278 -0.0100136 2.45031
35 0.583455 -0.0515622 2.45031
35 0.230146 0.25356 2.45031
35 0.630889 0.815343 2.45031
35 0.694809 -0.310148 2.45031
35 0.169437 0.467259 2.45031
35 0.898497 -0.353848 2.45031
35 0.111288 -0.838038 2.45031
35 0.836604 0.0687933 2.45031
35 -0.517397 0.480631 2.45031
35 -0.295085 -0.350511 2.45031
35 -0.718969 0.740361 2.45031
35 0.792907 -0.40881 8.73349
35 0.0188871 1.028 8.73349
35 -0.493238 0.541687 2.45031
35 0.416978 -0.924743 2.45031
35 -0.439766 0.297185 2.45031
35 -0.156618 0.0333632 2.45031
35 -0.144834 0.0794401 2.45031
35 0.0603587 0.973284 2.45031
35 0.471682 -0.596095 2.45031
35 -0.703376 0.68041 2.45031
35 -0.45877 -0.520066 2.45031
35 -0.433755 0.561089 2.45031
35 -0.510857 0.732437 2.45031
35 -0.594414 -0.50143 2.45031
35 -0.121883 0.65369 2.45031
35 -0.224619 -0.41307 2.45031
35 0.645258 0.754366 2.45031
35 0.748463 0.332585 2.45031
35 -0.782196 -0.216237 2.45031
35 -0.777272 -0.666518 8.73349
35 -0.201725 -0.187693 2.45031
35 -0.724242 -0.128314 8.73349
35 0.0524264 -0.367494 2.45031
35 -0.550297 0.212758 2.45031
35 -0.418551 0.468415 2.45031
35 0.688091 -0.592538 2.45031
35 0.668617 0.695389 2.45031
35 0.00309458 -0.840598 2.45031
35 -0.112139 0.023654 2.45031
35 0.405802 -0.0573302 8.73349
35 -0.288132 -0.095109 2.45031
35 0.261874 0.627608 2.45031
35 0.549341 0.506708 2.45031
35 0.367694 -0.0282393 8.73349
35 0.387696 0.0237128 2.45031
35 0.0313465 0.24433 2.45031
35 -0.239464 0.483608 2.45031
35 -0.441972 -0.677552 2.45031
35 0.598848 -0.454077 2.45031
35 -0.229622 -0.228536 2.45031
35 0.578941 -0.195675 2.45031
35 0.960818 0.129372 2.45031
35 -0.072247 -0.32253 2.45031
35 0.240295 -0.472386 2.45031
35 0.109283 -1.00921 8.73349
35 -0.329207 0.654265 2.45031
35 0.00738599 -0.0106662 2.45031
35 0.182442 -0.744135 2.45031
35 -0.318599 0.809659 2.45031
35 0.00902918 0.20049 2.45031
35 -0.386575 0.96322 2.45031
35 0.308216 0.451825 2.45031
35 0.861754 -0.412182 2.45031
35 0.997002 0.225617 8.73349
35 -0.403233 -0.931764 8.73349
35 -0.748351 0.234021 8.73349
35 -0.799924 0.219717 2.45031
35 0.329537 0.17208 8.73349
35 0.777937 0.579781 2.45031
35 0.111025 -0.476672 8.73349
35 0.559481 0.610886 2.45031
35 0.317678 -0.801568 2.45031
35 0.315107 -0.0319144 2.45031
35 -0.191501 -0.937534 2.45031
35 -0.329455 -0.679932 2.45031
35 0.469141 0.200179 2.45031
35 -0.173921 0.358815 2.45031
35 -0.260424 -0.318733 2.45031
35 0.249103 -0.901091 2.45031
35 -0.369118 0.234328 2.45031
35 0.243107 -0.108027 2.45031
35 0.904431 0.107198 2.45031
35 0.154978 -0.105538 2.45031
35 -0.675228 0.427055 2.45031
35 -0.356463 0.133024 2.45031
35 0.495309 0.529128 2.45031
35 -0.497381 0.108402 2.45031
35 -0.315433 0.475638 2.45031
35 -0.515016 0.0637103 2.45031
35 0.946413 0.0679226 2.45031
35 0.625159 0.0138135 2.45031
35 0.473176 0.480564 2.45031
35 0.332926 -0.365517 2.45031
35 0.593327 0.192312 2.45031
35 -0.0952619 -0.814683 2.45031
35 -0.246527 -0.0570767 2.45031
35 -0.0646462 0.02199 2.45031
35 -0.605716 0.160392 2.45031
35 0.121536 0.068094 8.73349
35 -0.34441 -0.952485 8.73349
35 0.459985 -0.884486 2.45031
35 0.656015 0.156151 2.45031
35 0.260216 -0.0653756 2.45031
35 -0.835012 0.171508 2.45031
35 -0.133246 0.218568 2.45031
35 0.860576 -0.523964 2.45031
35 -0.147115 1.03003 8.73349
35 0.500104 -0.643655 2.45031
35 -0.56249 0.614645 2.45031
35 0.0353236 0.918601 2.45031
35 0.922062 -0.417274 8.73349
35 0.0511273 -0.237993 2.45031
35 0.675125 0.039805 2.45031
35 0.841786 -0.255609 2.45031
35 -0.0274369 -0.250518 2.45031
35 0.232311 -0.728413 2.45031
35 0.828774 -0.456499 8.73349
35 -0.083561 -0.600207 2.45031
35 0.47913 -0.00864467 2.45031
35 -0.65231 0.720939 2.45031
35 -0.0217021 0.617444 2.45031
35 -0.160839 -0.164285 2.45031
35 0.739702 -0.210474 2.45031
35 0.163013 -0.0514664 2.45031
35 -0.367423 -0.887138 2.45031
35 0.225733 0.357027 2.45031
35 0.310903 -0.461621 2.45031
35 -0.631213 0.373855 8.73349
35 0.0538507 0.294846 2.45031
35 -0.038196 -0.202821 2.45031
35 -0.779629 0.119806 2.45031
35 -0.332806 0.28101 2.45031
35 0.489074 -0.756622 2.45031
35 0.265259 -0.780386 2.45031
35 0.920375 -0.194229 2.45031
35 0.443822 0.530151 2.45031
35 -0.551866 -0.466978 2.45031
35 0.0895701 -0.783239 2.45031
35 0.258598 0.841921 2.45031
35 0.769981 -0.301707 2.45031
35 0.498068 0.109537 2.45031
35 -0.196337 0.723176 2.45031
35 -0.975956 0.0497635 2.45031
35 -0.162596 -0.466251 2.45031
35 0.282143 -0.134831 2.45031
35 -0.193358 -0.129717 2.45031
35 0.145839 -0.940837 2.45031
35 0.0442906 -0.927419 8.73349
35 0.309847 0.0833799 2.45031
35 -0.557213 -0.345304 2.45031
35 -0.951175 -0.393724 8.73349
35 -0.264086 -0.448828 8.73349
35 -0.868903 -0.404964 2.45031
35 -0.111652 0.115936 2.45031
35 0.0498487 0.767117 2.45031
35 0.59786 -0.576439 2.45031
35 0.268863 -0.427866 2.45031
35 -0.412201 0.129595 2.45031
35 0.29942 -0.674274 2.45031
35 0.483646 0.0489929 2.45031
35 -0.24334 -0.105995 2.45031
35 -0.203995 0.273819 2.45031
35 -0.0130345 -0.0669572 2.45031
35 -0.0049633 -0.897377 2.45031
35 -0.822585 -0.316546 2.45031
35 -0.380573 -0.00126141 8.73349
35 -0.390628 0.424111 2.45031
35 -0.566003 -0.285016 2.45031
35 0.698624 0.759242 2.45031
35 0.0837277 -0.269419 2.45031
35 0.411587 0.799441 2.45031
35 0.502024 -0.0710919 8.73349
35 -0.274706 0.663216 2.45031
35 -0.189371 0.227393 2.45031
35 0.290773 -0.621991 2.45031
35 0.0937501 -0.115385 2.45031
35 0.00808004 0.66384 2.45031
35 0.385249 0.852273 8.73349
35 0.576959 0.855128 2.45031
35 0.386707 0.695543 2.45031
35 -0.277989 0.446941 2.45031
35 -0.587275 0.717463 2.45031
35 -0.42532 -0.108327 2.45031
35 -0.929573 0.306015 2.45031
35 0.65752 -0.49006 2.45031
35 0.424542 -0.0112057 2.45031
35 -0.460526 0.755138 2.45031
35 0.362083 0.967402 2.45031
35 -0.0388484 0.365609 2.45031
35 0.115405 -0.656711 2.45031
35 -0.637308 -0.288499 2.45031
35 -0.168501 -0.995057 2.45031
35 0.369016 -0.261943 2.45031
35 -0.19469 -0.0333218 8.73349
35 0.304113 -0.0788781 2.45031
35 -0.648692 0.664794 2.45031
35 -0.228926 -0.808355 2.45031
35 0.497379 -0.305309 2.45031
35 -0.0189863 0.538045 2.45031
35 -0.284522 0.263426 2.45031
35 0.132669 0.559462 2.45031
35 -0.107157 -0.552914 8.73349
35 -0.0546479 -0.54737 2.45031
35 -0.211997 0.326872 2.45031
35 -0.340953 -0.235726 2.45031
35 -0.0647501 0.111771 2.45031
35 0.502058 0.237701 2.45031
35 -0.770487 -0.297555 2.45031
35 0.279816 0.262848 2.45031
35 -0.557692 0.161375 2.45031
35 0.795735 -0.196814 2.45031
35 0.272151 -0.284174 2.45031
35 -0.0165208 0.709292 2.45031
35 0.918693 0.00368935 2.45031
35 0.72925 -0.641261 2.45031
35 0.452861 -0.530768 2.45031
35 -0.321383 -0.577497 8.73349
35 0.507341 0.167024 2.45031
35 0.553607 -0.780742 2.45031
35 -0.281084 0.512338 2.45031
35 -0.657274 -0.240005 2.45031
35 -0.150676 0.260831 2.45031
35 -0.886332 0.338392 2.45031
35 -0.35763 -0.0429557 2.45031
35 -0.596322 0.409214 2.45031
35 -0.59778 -0.381529 2.45031
35 -0.0442669 0.0689456 2.45031
35 -0.849798 0.499985 2.45031
35 -0.679659 0.375706 2.45031
35 0.665319 0.490935 2.45031
35 -0.308667 -0.276804 2.45031
35 0.739039 -0.694997 2.45031
35 -0.508521 -0.822979 2.45031
35 0.531541 -0.164027 8.73349
35 0.0571741 -0.870516 8.73349
35 -0.932083 -0.281955 2.45031
35 0.324545 0.855587 2.45031
35 0.536382 0.294233 2.45031
35 -0.147219 0.972223 2.45031
35 0.00869567 -0.215888 2.45031
35 -0.334336 -0.131648 2.45031
35 -0.0241163 -0.423199 2.45031
35 -0.634164 -0.00727064 2.45031
35 0.455986 -0.407395 2.45031
35 -0.771486 0.587424 2.45031
35 0.2204 -0.419731 2.45031
35 -0.103814 -0.880932 2.45031
35 -0.403407 -0.490019 2.45031
35 0.686649 -0.232845 2.45031
35 -0.195067 -0.508969 2.45031
35 0.201779 0.676216 2.45031
35 -0.752673 -0.422593 2.45031
35 -0.699192 -0.433456 2.45031
35 -0.0520657 -0.857259 2.45031
35 -0.784977 0.0226526 2.45031
35 0.221561 1.01451 2.45031
35 0.178252 0.585873 2.45031
35 0.201751 -0.0809498 2.45031
35 -0.0755626 0.323332 2.45031
35 0.0486181 0.52784 2.45031
35 0.530659 -0.0359458 2.45031
35 -0.507237 -0.505292 2.45031
35 0.423302 0.376212 8.73349
35 -0.325546 0.932078 2.45031
35 -0.321825 -0.849327 2.45031
35 -0.366512 -0.280046 2.45031
35 -0.783622 0.517015 2.45031
35 0.380028 -0.799688 2.45031
35 0.727467 -0.267174 2.45031
35 0.860831 0.352859 2.45031
35 -0.327811 -0.00554331 2.45031
35 -0.30606 -0.728899 2.45031
35 -0.337637 -0.781214 2.45031
35 0.273705 0.733839 2.45031
35 -0.138153 -0.597104 2.45031
35 -0.315101 -0.189942 2.45031
35 -0.289283 -0.146321 2.45031
35 -0.697197 -0.209312 2.45031
35 0.318396 -0.411285 2.45031
35 0.948028 0.376512 8.73349
35 0.178218 0.0987049 2.45031
35 0.0648534 0.0689323 2.45031
35 0.441722 -0.642468 2.45031
35 -0.286797 -0.232706 2.45031
35 -0.545974 0.37775 2.45031
35 -0.807691 0.462854 2.45031
35 -0.811617 0.0660847 2.45031
35 -0.836367 0.616692 2.45031
35 -0.628778 0.450321 2.45031
35 0.503023 -0.813535 8.73349
35 0.88917 0.0507366 2.45031
35 0.296636 0.66674 2.45031
35 0.377187 0.750984 2.45031
35 0.245612 -0.326584 2.45031
35 0.139996 -0.149016 2.45031
35 -0.180943 0.413787 2.45031
35 0.391587 -0.611707 2.45031
35 -0.240829 -0.711468 2.45031
35 -0.136504 0.389907 2.45031
35 0.0102026 0.497613 2.45031
35 0.255886 0.213813 2.45031
35 -0.0411794 0.201666 2.45031
35 -0.26298 -0.759373 2.45031
35 -0.114913 -0.299602 2.45031
35 0.0476247 -0.140901 2.45031
35 -0.0786306 0.524006 2.45031
35 -0.219822 0.529188 2.45031
35 0.0856799 0.331279 8.73349
35 -0.833764 0.118423 2.45031
35 -0.363856 0.0433138 2.45031
35 0.488225 -0.201191 2.45031
35 0.45212 0.0923929 2.45031
35 0.800753 -0.501152 2.45031
35 -0.253285 0.716975 2.45031
35 -0.242007 -0.365767 2.45031
35 0.593023 0.147171 2.45031
35 -0.566549 -0.137103 2.45031
35 -0.764178 -0.606892 2.45031
35 0.184332 0.150024 2.45031
35 0.766664 -0.141688 2.45031
35 0.157614 0.29173 2.45031
35 -0.201678 0.82406 2.45031
35 -0.47036 -0.752768 2.45031
35 0.769232 0.278238 2.45031
35 -0.416413 -0.168629 2.45031
35 0.224868 0.113774 2.45031
35 0.100752 0.781337 2.45031
35 -0.197893 0.0126873 2.45031
35 -0.368419 -0.343599 2.45031
35 0.32099 0.919702 2.45031
35 -0.173592 0.572726 2.45031
35 0.197068 -0.686302 2.45031
35 0.43479 -0.765915 2.45031
35 0.0953729 -0.57765 2.45031
35 0.000476356 -0.117453 2.45031
35 -0.840422 -0.141957 2.45031
35 -0.145953 -0.112106 2.45031
35 0.0132739 -0.702791 8.73349
35 -0.724024 0.182977 2.45031
35 0.988274 0.0378805 8.73349
35 -0.595718 0.101427 2.45031
35 0.40695 0.0734814 2.45031
35 -0.521204 0.0138499 2.45031
35 -0.227338 0.77069 2.45031
35 0.828731 -0.306014 2.45031
35 -0.466365 -0.12629 2.45031
35 -0.51629 -0.141401 2.45031
35 -0.455371 0.511771 2.45031
35 -0.680317 -0.100958 2.45031
35 -0.398731 0.334404 2.45031
35 -0.496303 -0.401317 2.45031
35 -0.069426 -0.274078 2.45031
35 0.942791 0.197448 2.45031
35 -0.682282 -0.758744 8.73349
35 0.729492 -0.345584 2.45031
35 0.166788 -0.642545 2.45031
35 -0.0397398 -0.0207575 2.45031
35 0.578839 -0.139566 2.45031
35 -0.294323 -0.0428204 8.73349
35 -0.0405614 -0.3571 2.45031
35 -1.01502 0.163977 2.45031
35 -0.329559 -0.316442 2.45031
35 0.238856 0.578446 2.45031
35 0.575525 0.0948995 2.45031
35 0.647381 0.264177 2.45031
35 0.54341 0.803504 2.45031
35 -0.738346 -0.179648 2.45031
35 1.01145 -0.0682887 8.73349
35 -0.471369 -0.0076924 2.45031
35 -0.645518 -0.358943 2.45031
35 -0.0864782 -0.711067 2.45031
35 0.326264 -0.120972 8.73349
35 0.303102 0.985064 2.45031
35 -0.556869 0.30836 2.45031
35 -0.322741 -0.432765 2.45031
35 0.959508 -0.295808 8.73349
35 0.307615 0.218029 2.45031
35 0.635428 -0.0346849 2.45031
35 -0.858124 -0.560262 8.73349
35 0.0947521 -0.213057 2.45031
35 0.346188 0.639776 2.45031
35 0.439575 0.0348083 2.45031
35 0.488296 -0.448597 2.45031
35 -0.508443 -0.878345 2.45031
35 0.160262 0.918087 2.45031
35 -0.556896 0.767305 2.45031
35 0.376656 -0.550008 2.45031
35 -0.579694 0.555946 2.45031
35 -0.199417 0.0636162 2.45031
35 0.575433 0.335081 2.45031
35 -0.712822 -0.537822 2.45031
35 -0.344335 -0.629062 2.45031
35 -0.659232 -0.579747 2.45031
35 0.142071 -0.199992 2.45031
35 -0.575559 0.826061 2.45031
35 -0.456784 0.185983 2.45031
35 0.355915 -0.0767598 2.45031
35 -0.524224 0.580725 2.45031
35 -0.549897 -0.530951 2.45031
35 -0.96313 -0.0115256 2.45031
35 0.276387 -0.189265 2.45031
35 -0.120034 -0.646587 2.45031
35 -0.368848 0.702952 2.45031
35 0.0222348 0.338628 2.45031
35 -0.0358608 0.851101 2.45031
35 -0.0990981 0.941486 2.45031
35 -0.660507 -0.651421 2.45031
35 0.0434245 -0.094994 2.45031
35 0.369496 0.370779 2.45031
35 -0.705781 -0.378419 2.45031
35 0.138817 -0.603542 2.45031
35 -0.533662 -0.580228 8.73349
35 0.0796196 0.619527 2.45031
35 -0.272035 0.398941 2.45031
35 -0.595001 -0.564753 2.45031
35 0.550993 -0.66758 2.45031
35 0.296705 0.799392 2.45031
35 -0.966169 -0.33033 8.73349
35 0.555159 -0.30336 2.45031
35 0.363312 -0.443298 2.45031
35 0.824602 0.247294 2.45031
35 0.295392 -0.232677 2.45031
35 0.175373 -0.00778952 2.45031
35 -0.792355 -0.0715128 2.45031
35 -0.382315 -0.133846 2.45031
35 0.242345 0.522308 2.45031
35 -0.424951 0.70386 2.45031
35 -0.753153 0.0741888 2.45031
35 0.155785 0.703382 2.45031
35 0.251071 0.686591 2.45031
35 0.68023 0.0914912 2.45031
35 0.0778936 0.874136 2.45031
35 0.797792 0.114688 8.73349
35 0.322506 0.746135 2.45031
35 0.070863 0.47972 2.45031
35 0.341113 -0.218216 2.45031
35 -0.122599 0.49215 8.73349
35 -0.503474 -0.450442 8.73349
35 -0.242 -0.0114429 2.45031
35 -0.0451627 -0.106982 2.45031
35 -0.466068 0.244061 2.45031
35 -0.416138 -0.0445903 2.45031
35 0.13465 0.865309 2.45031
35 0.503301 -0.554365 2.45031
35 -0.501779 -0.0421096 2.45031
35 0.529166 -0.717929 2.45031
35 -0.952958 0.185886 2.45031
35 0.210966 0.296673 2.45031
35 -0.399489 0.51723 8.73349
35 0.835204 0.524572 8.73349
35 -0.889867 0.136233 2.45031
35 -0.0843854 0.888386 2.45031
35 0.0862997 -0.959744 2.45031
35 -0.110634 0.287074 2.45031
35 0.433015 0.583322 2.45031
35 0.676957 -0.676763 2.45031
35 -0.8806 0.552355 2.45031
35 -0.347289 0.334272 2.45031
35 0.322734 -0.171781 2.45031
35 -0.25227 0.856503 2.45031
35 -0.2758 0.0711271 2.45031
35 -0.208851 0.151136 2.45031
35 0.255304 0.451032 2.45031
35 0.54372 0.134726 2.45031
35 0.340007 0.0105873 2.45031
35 0.167524 -0.284206 2.45031
35 0.0422619 0.410267 2.45031
35 0.802517 0.481078 2.45031
35 -0.598097 0.214071 2.45031
35 -0.941082 0.434004 8.73349
35 0.643253 -0.553244 2.45031
35 0.232867 0.161066 2.45031
35 0.173171 0.382251 2.45031
35 0.785297 -0.355443 2.45031
35 -1.0112 0.224101 2.45031
35 -0.344792 0.517139 2.45031
35 -0.173106 -0.797948 2.45031
35 -0.599852 -0.67794 2.45031
35 -0.679118 -0.32307 2.45031
35 -0.454995 -0.467168 2.45031
35 -0.630604 -0.138196 2.45031
35 0.417261 0.194926 8.73349
35 0.13523 0.341502 2.45031
35 0.0596142 0.201268 2.45031
35 -0.286384 0.894229 2.45031
35 -0.108898 -1.00968 8.73349
35 -0.619438 -0.617763 2.45031
35 0.490233 0.584441 2.45031
35 0.888258 0.398053 8.73349
35 0.335289 0.406296 2.45031
35 -0.000413489 -0.165565 2.45031
35 0.608938 -0.298996 2.45031
35 -0.199729 -0.0822691 2.45031
35 0.0191251 0.570054 2.45031
35 0.136542 0.159105 2.45031
35 0.821702 0.414661 8.73349
35 0.0617456 0.66927 2.45031
35 0.107649 0.202209 2.45031
35 -0.38385 -0.681447 2.45031
35 0.638499 -0.734325 2.45031
35 -0.576066 0.00804315 2.45031
35 -0.110848 -0.0683714 2.45031
35 -0.207199 -0.322988 2.45031
35 0.144874 -0.338648 2.45031
35 0.216295 -0.280349 2.45031
35 0.419221 0.285287 8.73349
35 0.601623 0.494632 2.45031
35 -0.0151137 0.111868 2.45031
35 1.0217 -0.00306116 8.73349
35 -0.911564 0.245279 2.45031
35 0.102146 -0.728574 2.45031
35 -0.0640841 0.156613 2.45031
35 -0.092167 -0.113158 2.45031
35 0.120567 -0.0758734 2.45031
35 0.411298 -0.103199 2.45031
35 -0.298649 0.318515 2.45031
35 0.842494 -0.359377 2.45031
35 -0.276794 -0.67376 2.45031
35 -0.819693 -0.606796 2.45031
35 -0.268833 -0.565588 2.45031
35 -0.623174 0.507236 2.45031
35 -0.0370951 -0.693463 2.45031
35 0.254427 0.965481 8.73349
35 -0.435031 -0.217383 2.45031
35 -0.787664 0.365009 2.45031
35 0.446134 0.327439 2.45031
35 0.594592 0.389866 8.73349
35 -0.678286 -0.15784 2.45031
35 0.00140881 0.9673 2.45031
35 0.0744474 -0.514612 2.45031
35 -0.842166 -0.0905876 2.45031
35 -0.174699 -0.421914 2.45031
35 -0.216985 0.674613 2.45031
35 -0.0714563 -0.652652 2.45031
35 0.533942 0.360021 2.45031
35 -0.892088 -0.502388 2.45031
35 0.377706 -0.395957 8.73349
35 -0.587326 0.664952 2.45031
35 0.0510739 -0.815126 2.45031
35 -0.260191 -0.860104 2.45031
35 0.116081 -0.0250057 8.73349
35 -0.51462 0.333111 2.45031
35 0.203712 0.824025 2.45031
35 0.515635 0.853807 2.45031
35 0.551301 0.24904 2.45031
35 0.773876 0.667303 2.45031
35 0.571954 -0.834636 2.45031
35 0.220272 -0.0367141 2.45031
35 0.975299 0.313247 2.45031
35 -0.723692 0.0342972 2.45031
35 0.652606 0.388365 2.45031
35 -0.0947118 0.573998 8.73349
35 -0.89784 0.18772 2.45031
35 0.78322 0.0569473 2.45031
35 0.155709 -0.496275 2.45031
35 0.371763 -0.129125 2.45031
35 -0.237484 -0.152373 2.45031
35 -0.941735 -0.170842 2.45031
35 0.0305905 0.616438 2.45031
35 -0.0487448 0.666771 2.45031
35 0.261 0.0779162 2.45031
35 0.275482 0.892822 2.45031
35 0.697641 0.354358 2.45031
35 -1.01456 -0.174547 8.73349
35 0.364364 -0.904209 2.45031
35 -0.0322002 -0.745147 2.45031
35 0.647533 0.203292 2.45031
35 0.633201 -0.132971 8.73349
35 0.293353 -0.561331 2.45031
35 -0.979093 -0.219086 2.45031
35 -0.31101 0.704693 2.45031
35 0.555505 -0.545846 2.45031
35 -0.303652 -0.906128 2.45031
35 0.589725 -0.628135 2.45031
35 0.624417 -0.793467 2.45031
35 -0.315178 0.558443 2.45031
35 0.0584982 0.368198 8.73349
35 -0.446127 -0.413215 2.45031
35 0.668732 0.581782 2.45031
35 0.363195 0.211247 8.73349
35 -0.830674 -0.0253806 2.45031
35 0.849774 0.0102118 2.45031
35 -0.36083 -0.178667 2.45031
35 0.354571 0.063581 2.45031
35 -0.165361 -0.28818 2.45031
35 0.395749 -0.218979 2.45031
35 -0.332495 0.861759 2.45031
35 -0.288433 -0.805717 2.45031
35 -0.520549 -0.255116 2.45031
35 -0.0519415 0.41475 2.45031
35 0.760648 0.158833 2.45031
35 0.333725 0.257993 2.45031
35 -0.222405 -0.6596 2.45031
35 -0.179978 0.633592 2.45031
35 -0.111926 -0.41934 2.45031
35 0.118235 -0.380995 2.45031
