875 0.197428 -0.539091 2.45031
875 -0.356298 0.644813 2.45031
875 -0.448959 -0.606992 8.73349
875 0.950995 -0.0923694 2.45031
875 -0.167338 -0.539604 2.45031
875 0.928971 0.264499 8.73349
875 -0.359914 0.184479 2.45031
875 -0.413726 -0.233119 2.45031
875 -0.182983 -0.354291 8.73349
875 -0.160556 0.00369607 2.45031
875 0.899522 -0.067727 2.45031
875 0.167768 -0.829246 2.45031
875 -0.342249 0.593624 2.45031
875 0.488445 0.906056 8.73349
875 -0.0283103 0.163161 2.45031
875 0.678931 0.33384 2.45031
875 -0.841918 0.369112 2.45031
875 0.690272 0.132279 2.45031
875 -0.787688 -0.555994 2.45031
875 -0.460592 -0.363461 2.45031
875 -0.921603 0.469432 2.45031
875 -0.664587 0.0919145 2.45031
875 -0.218636 -0.256262 2.45031
875 0.6473 0.473777 2.45031
875 -1.02872 -0.022508 2.45031
875 -0.918066 -0.455314 2.45031
875 0.333107 -0.605218 2.45031
875 -0.354983 0.454172 2.45031
875 0.791277 0.340886 2.45031
875 -0.333319 0.98004 2.45031
875 0.0398737 -0.662892 2.45031
875 -0.0282823 0.0276615 2.45031
875 0.40775 -0.16716 2.45031
875 0.441638 0.424893 8.73349
875 0.098995 -0.442293 2.45031
875 0.0854222 0.712577 2.45031
875 0.236775 -0.238428 2.45031
875 0.540233 -0.581917 2.45031
875 0.150561 0.802715 2.45031
875 0.614058 -0.493774 2.45031
875 0.0741063 -0.397645 2.45031
875 -0.808144 0.416061 2.45031
875 -0.253025 0.827091 2.45031
875 -0.722705 0.350912 2.45031
875 -0.658637 0.190895 2.45031
875 0.0108776 -0.47719 2.45031
875 -0.0434246 -0.468984 2.45031
875 0.1969 -0.332494 2.45031
875 0.348048 -0.51168 8.73349
875 0.676294 0.246506 2.45031
875 -0.819295 -0.509441 2.45031
875 -0.013089 1.03413 8.73349
875 0.451896 0.695061 2.45031
875 0.664832 0.631878 2.45031
875 0.617352 -0.177951 2.45031
875 0.859941 0.442342 2.45031
875 0.356383 -0.176361 2.45031
875 0.734916 0.538339 2.45031
875 0.0856507 -0.904677 2.45031
875 0.353672 0.803848 2.45031
875 -0.459986 0.0650759 2.45031
875 0.53332 -0.437291 2.45031
875 -0.811025 0.31746 8.73349
875 0.39975 0.55197 2.45031
875 0.555836 -0.487061 2.45031
875 0.62448 -0.398366 2.45031
875 -0.970154 0.355175 2.45031
875 -0.349569 -0.457397 2.45031
875 -0.646328 -0.470098 2.45031
875 -0.446357 0.431204 2.45031
875 -0.51843 0.211862 2.45031
875 0.478981 0.266275 2.45031
875 -0.553998 -0.0875526 2.45031
875 0.677017 0.427569 2.45031
875 -0.246569 -0.923879 2.45031
875 0.0499304 0.135957 2.45031
875 0.225168 -0.148184 2.45031
875 -0.580319 -0.835303 2.45031
875 0.675434 -0.0237326 2.45031
875 -0.247461 0.42811 2.45031
875 0.715128 -0.0598985 2.45031
875 0.500525 0.425709 2.45031
875 -0.742042 -0.330814 2.45031
875 -0.457409 0.690703 2.45031
875 0.788477 -0.00819986 2.45031
875 0.50418 0.713512 2.45031
875 -0.307282 0.173435 2.45031
875 -0.970538 -0.0466407 2.45031
875 -0.624224 0.232507 2.45031
875 0.53583 0.756672 2.45031
875 -0.2217 -0.53019 2.45031
875 -0.417573 -0.331825 2.45031
875 -0.0763046 0.81756 2.45031
875 -0.253119 0.294977 2.45031
875 0.801756 -0.100035 2.45031
875 -0.836777 0.211885 2.45031
875 0.185628 -0.245017 2.45031
875 0.0373315 0.815472 2.45031
875 0.112899 -0.300563 2.45031
875 0.405127 0.648566 2.45031
875 0.183865 0.84872 8.73349
875 0.217359 -0.461692 2.45031
875 0.086005 0.572924 2.45031
875 0.062615 -0.308864 2.45031
875 -0.109467 -0.00783007 2.45031
875 -0.863999 -0.302222 2.45031
875 -0.344447 0.75804 2.45031
875 -0.465482 0.807258 2.45031
875 0.196217 -0.109053 2.45031
875 -0.510588 -0.68163 2.45031
875 -0.458526 0.931032 2.45031
875 -0.431182 0.242506 2.45031
875 -0.0567756 -0.061359 8.73349
875 0.404601 -0.300321 2.45031
875 0.542206 0.183088 2.45031
875 0.199967 -0.788516 2.45031
875 -0.744265 0.405876 2.45031
875 -0.0137514 0.923051 2.45031
875 -0.371305 -0.539762 2.45031
875 0.844188 0.1252 2.45031
875 0.384155 0.153088 2.45031
875 0.117797 0.757344 2.45031
875 0.537009 0.0808364 2.45031
875 -0.768614 -0.0261323 2.45031
875 -0.0507782 0.248231 2.45031
875 -0.538045 -0.184966 2.45031
875 -1.02941 0.0411595 2.45031
875 0.200589 0.0245161 2.45031
875 0.31979 0.607468 2.45031
875 0.437781 0.874284 2.45031
875 0.141226 -0.776028 2.45031
875 0.138145 0.966696 2.45031
875 0.11456 0.470011 2.45031
875 -0.148355 -0.730392 2.45031
875 0.384518 0.421458 2.45031
875 0.582528 -0.686259 2.45031
875 -0.103151 0.868403 2.45031
875 0.133693 -0.252787 2.45031
875 -0.130841 -0.363651 2.45031
875 0.835833 0.182774 2.45031
875 -0.156029 0.138802 2.45031
875 0.669378 -0.264391 8.73349
875 -0.46728 -0.712782 2.45031
875 -0.63846 0.5943 8.73349
875 0.205555 -0.197235 2.45031
875 0.708532 -0.718345 8.73349
875 -0.222103 0.198441 2.45031
875 -0.0225424 -0.517026 2.45031
875 0.279695 -0.371881 2.45031
875 -0.0169638 -0.653532 2.45031
875 0.0951842 -0.670413 2.45031
875 -0.112343 -0.144105 2.45031
875 0.0542297 -0.571197 2.45031
875 -0.46259 0.484119 2.45031
875 -0.752762 0.459886 2.45031
875 0.378314 0.904961 8.73349
875 0.163486 0.648623 8.73349
875 0.895461 -0.137804 2.45031
875 0.00599488 0.76581 2.45031
875 0.259652 -0.690934 2.45031
875 0.033061 -0.523796 2.45031
875 0.725739 0.643578 2.45031
875 0.705073 0.483193 2.45031
875 0.288934 -0.906229 2.45031
875 0.14364 -0.534418 2.45031
875 0.790846 -0.626305 2.45031
875 0.389555 -0.777644 2.45031
875 -0.364781 0.806671 2.45031
875 0.0365055 -0.0486928 2.45031
875 0.522505 -0.218698 2.45031
875 -0.518465 -0.744833 2.45031
875 0.763049 0.595214 2.45031
875 -0.752284 0.628601 2.45031
875 0.893138 -0.472455 2.45031
875 0.373408 0.601295 8.73349
875 0.446037 0.156661 2.45031
875 0.894995 -0.012931 2.45031
875 0.197507 0.430248 2.45031
875 -0.699948 0.296516 2.45031
875 -0.710275 -0.651462 2.45031
875 -0.28405 0.931088 2.45031
875 0.452397 -0.146633 2.45031
875 0.427231 -0.725433 2.45031
875 -0.539695 -0.0357759 2.45031
875 0.158475 0.338227 2.45031
875 0.0302085 -0.275045 2.45031
875 0.0193436 -0.612988 2.45031
875 -0.429467 0.379959 2.45031
875 -0.157901 0.671236 2.45031
875 0.139433 0.423836 2.45031
875 -0.165235 0.772814 2.45031
875 -0.596531 -0.450945 2.45031
875 -0.503268 -0.0811746 2.45031
875 -0.610951 0.326194 2.45031
875 -0.662644 0.0404264 2.45031
875 1.00093 0.184293 2.45031
875 0.173776 0.747507 2.45031
875 -0.507601 -0.224981 2.45031
875 -0.814466 0.639877 2.45031
875 0.481905 -0.246828 2.45031
875 0.481553 0.836871 2.45031
875 0.746665 -0.108284 2.45031
875 0.7402 0.106035 2.45031
875 0.218412 -0.983505 2.45031
875 -0.0336662 -0.90041 2.45031
875 -0.0480828 0.569542 2.45031
875 0.948764 -0.150626 2.45031
875 -0.509768 -0.338898 8.73349
875 -0.0601073 0.294849 2.45031
875 0.482187 0.776511 2.45031
875 0.475326 0.380707 2.45031
875 0.732886 -0.00619985 8.73349
875 -0.0434863 0.977962 2.45031
875 -0.186885 -0.62888 2.45031
875 -0.398468 0.610698 2.45031
875 -0.068798 -0.952805 2.45031
875 0.0295773 0.7145 2.45031
875 0.487687 -0.340189 2.45031
875 0.216552 0.0727573 2.45031
875 0.0432987 -0.437772 2.45031
875 0.892736 0.162311 2.45031
875 -0.731068 -0.241036 2.45031
875 -0.49457 -0.629612 2.45031
875 0.109544 0.662399 2.45031
875 -0.519852 0.835111 2.45031
875 0.371328 0.509241 2.45031
875 0.0849682 -0.0404039 2.45031
875 0.239301 -0.850589 2.45031
875 0.52561 0.556896 2.45031
875 -0.629544 -0.52139 2.45031
875 0.0246662 -1.01219 2.45031
875 -0.300431 -0.607378 2.45031
875 -0.606536 -0.0956117 2.45031
875 0.293228 -0.508308 2.45031
875 0.76852 -0.462938 2.45031
875 0.557588 0.421503 2.45031
875 0.40093 -0.859149 2.45031
875 0.566101 -0.391535 2.45031
875 0.0513419 -0.00129618 2.45031
875 -0.150778 -0.315603 2.45031
875 -0.0897199 0.391564 2.45031
875 -0.754857 -0.134579 2.45031
875 -0.192612 0.913034 8.73349
875 0.150345 -0.678104 2.45031
875 -0.693714 0.612806 2.45031
875 -0.269512 -0.383196 2.45031
875 -0.909566 -0.12619 2.45031
875 0.167434 0.0643219 2.45031
875 -0.00782633 0.0786093 2.45031
875 -0.158258 0.454672 2.45031
875 0.0758371 0.231372 2.45031
875 -0.0599607 -0.41763 2.45031
875 0.262135 0.776013 2.45031
875 -0.332136 -0.505161 2.45031
875 -0.465591 0.869597 2.45031
875 0.460553 -0.0922872 2.45031
875 -0.356015 -0.59284 8.73349
875 -0.232126 0.953924 2.45031
875 -0.0370125 -0.604698 2.45031
875 -0.12828 0.356693 2.45031
875 -0.576177 0.862183 2.45031
875 0.238859 -0.639169 2.45031
875 -0.555963 -0.243965 2.45031
875 -0.374307 0.0992995 2.45031
875 0.735059 -0.510374 2.45031
875 0.0209697 0.0376376 2.45031
875 0.707732 -0.456062 2.45031
875 -0.133782 0.721336 2.45031
875 -0.698352 0.447373 2.45031
875 0.162655 0.201198 2.45031
875 1.00725 -0.12517 8.73349
875 -0.610353 0.0419058 2.45031
875 -0.135088 0.817918 2.45031
875 0.039433 0.0871736 2.45031
875 -0.405033 0.898805 2.45031
875 0.281237 0.131072 8.73349
875 0.0124986 0.868932 2.45031
875 0.0714404 -0.175681 2.45031
875 -1.02453 -0.0855612 2.45031
875 -0.149257 -0.886849 2.45031
875 -0.410543 -0.573366 2.45031
875 -0.41077 -0.786464 2.45031
875 0.120193 0.379714 2.45031
875 -0.59086 0.274141 2.45031
875 0.787629 -0.257143 2.45031
875 0.954266 -0.0327378 2.45031
875 -0.0759499 0.721082 2.45031
875 0.229217 0.392211 2.45031
875 0.0865608 0.0963541 2.45031
875 0.317336 -0.271345 2.45031
875 -0.236657 0.572727 2.45031
875 -0.472603 0.0177852 8.73349
875 0.861696 0.550598 2.45031
875 0.315341 0.5111 2.45031
875 0.726647 -0.612861 8.73349
875 -0.791846 -0.459059 2.45031
875 -0.229346 -0.98621 8.73349
875 -0.916891 0.065209 2.45031
875 0.244611 0.305591 2.45031
875 0.0191012 -0.185115 2.45031
875 -0.413804 0.839869 2.45031
875 -0.637493 0.138905 8.73349
875 -0.564129 -0.70829 2.45031
875 -0.186347 -0.77363 2.45031
875 -0.641539 -0.193919 2.45031
875 0.492046 0.599942 2.45031
875 0.510858 0.659591 2.45031
875 0.365737 0.103768 2.45031
875 0.134591 -0.879317 2.45031
875 0.37544 -0.709921 2.45031
875 0.0341453 0.451044 2.45031
875 0.410796 -0.665704 2.45031
875 0.275888 -0.598545 2.45031
875 0.42445 -0.568663 2.45031
875 0.349707 0.464316 2.45031
875 -0.466108 0.341929 2.45031
875 0.296642 -0.849853 2.45031
875 -0.748798 -0.494962 2.45031
875 0.672343 -0.167995 2.45031
875 -0.231998 0.379663 2.45031
875 0.682117 -0.403093 2.45031
875 -0.548611 -0.424254 2.45031
875 -0.948163 0.244736 8.73349
875 -0.0777127 1.03229 8.73349
875 0.876538 -0.197995 2.45031
875 -0.679523 0.240927 2.45031
875 -0.0190215 0.817925 2.45031
875 -0.205158 -0.579695 2.45031
875 -0.0168868 0.464182 2.45031
875 0.700241 -0.556364 8.73349
875 0.658111 -0.351871 2.45031
875 0.69141 0.186941 2.45031
875 -0.242371 0.113078 2.45031
875 -0.630033 0.823369 2.45031
875 0.337042 -0.950501 2.45031
875 -0.869809 0.0315331 2.45031
875 -0.241368 0.622559 2.45031
875 0.838212 -0.152871 2.45031
875 -0.290873 -0.970857 2.45031
875 0.600348 -0.349659 2.45031
875 0.582665 0.291267 2.45031
875 -0.190369 0.557608 2.45031
875 -0.519612 0.898445 2.45031
875 -0.0599473 -0.14984 2.45031
875 -0.128711 -0.946152 2.45031
875 0.811888 0.291402 2.45031
875 0.500616 -0.129112 2.45031
875 -0.21056 0.46682 2.45031
875 0.177377 0.248928 2.45031
875 0.212658 0.209799 2.45031
875 0.826688 0.60341 8.73349
875 -0.134199 -0.226935 2.45031
875 0.0612515 -0.71444 2.45031
875 -0.395248 0.280659 2.45031
875 -0.87551 0.417156 2.45031
875 0.340797 -0.751459 2.45031
875 -0.205429 -0.720009 2.45031
875 0.763227 -0.566739 2.45031
875 -0.338816 0.404113 2.45031
875 -0.772644 0.689745 8.73349
875 -0.292669 -0.470104 2.45031
875 -0.585991 -0.190705 2.45031
875 -0.990782 0.293554 2.45031
875 -0.244172 -0.619427 2.45031
875 -0.171741 0.187341 2.45031
875 0.0976985 -0.352057 2.45031
875 -0.706022 -0.0558779 2.45031
875 0.949962 -0.356482 8.73349
875 -0.167452 -0.678838 2.45031
875 0.381087 -0.46723 2.45031
875 -0.236835 0.246906 2.45031
875 -0.328044 0.0838363 2.45031
875 -0.965533 -0.107123 2.45031
875 0.503907 -0.871315 2.45031
875 -0.394658 0.146888 2.45031
875 0.617674 0.422905 2.45031
875 -0.210889 1.01491 2.45031
875 -0.632075 -0.797754 2.45031
875 -0.0948045 -0.4589 2.45031
875 1.00952 0.121361 8.73349
875 0.348312 -0.310002 2.45031
875 -0.295732 0.626241 2.45031
875 -0.00131396 -0.564532 2.45031
875 0.624046 -0.643694 2.45031
875 -0.727708 -0.713677 2.45031
875 -0.450122 0.632706 2.45031
875 -0.276391 -0.519286 2.45031
875 0.546559 -0.107738 2.45031
875 0.746461 0.704022 2.45031
875 -0.501791 0.159708 2.45031
875 -0.574603 0.366513 2.45031
875 0.639155 0.106145 2.45031
875 -0.122289 0.176089 2.45031
875 0.981328 -0.25148 2.45031
875 0.550873 -0.25843 2.45031
875 0.910038 -0.257786 2.45031
875 0.734787 0.436844 2.45031
875 -0.854025 -0.457121 8.73349
875 -0.693546 -0.588861 2.45031
875 -0.278078 0.773793 2.45031
875 0.158326 -0.99865 2.45031
875 0.34244 0.556025 2.45031
875 -0.702499 -0.28621 2.45031
875 -0.621759 0.759946 2.45031
875 0.0236338 -0.753579 2.45031
875 -0.598475 -0.340882 2.45031
875 -0.0777765 -0.370693 2.45031
875 -0.00422027 0.412717 8.73349
875 0.353839 -0.656234 2.45031
875 -0.274577 0.998239 8.73349
875 0.150859 0.0161421 2.45031
875 0.624203 0.67684 2.45031
875 0.584533 0.0440847 2.45031
875 -0.0166997 -0.284462 2.45031
875 -0.164335 0.320138 2.45031
875 0.347343 0.322173 2.45031
875 0.996865 -0.19042 2.45031
875 0.312911 0.363634 2.45031
875 -0.283744 -0.195527 2.45031
875 -0.573699 -0.771736 2.45031
875 -0.90644 -0.346039 2.45031
875 -0.769865 -0.375686 2.45031
875 0.533666 0.0275702 8.73349
875 0.766172 0.490441 2.45031
875 0.420122 -0.432817 2.45031
875 -0.0774187 -0.50861 2.45031
875 0.384551 0.281286 8.73349
875 -0.660025 0.491339 2.45031
875 0.530027 0.468802 2.45031
875 -0.691317 0.148079 2.45031
875 0.285324 -0.00639669 2.45031
875 -0.118112 -0.2768 2.45031
875 0.250402 0.0329069 2.45031
875 0.0746559 -0.620016 2.45031
875 0.440367 -0.478715 8.73349
875 0.399043 0.330413 2.45031
875 0.7286 0.227292 2.45031
875 0.194838 0.541239 2.45031
875 -0.413318 0.194322 2.45031
875 0.601765 -0.742392 2.45031
875 0.576483 0.717683 2.45031
875 0.225659 -0.37441 2.45031
875 -0.608804 -0.23641 2.45031
875 0.658449 -0.0740826 2.45031
875 0.193336 -0.877792 2.45031
875 -0.0674134 0.477505 2.45031
875 0.563911 0.666092 2.45031
875 -0.411594 0.778157 2.45031
875 -0.0871621 -0.235093 2.45031
875 0.218178 -0.588659 8.73349
875 0.777771 0.208047 2.45031
875 -0.840276 0.267491 2.45031
875 -0.499898 0.445624 2.45031
875 0.278112 -0.970239 8.73349
875 0.641734 0.575678 2.45031
875 -0.590092 -0.0462141 2.45031
875 -0.261268 0.0255623 2.45031
875 0.764019 0.389617 2.45031
875 -0.723449 -0.00211649 2.45031
875 -0.206387 -0.87612 2.45031
875 -0.537327 0.263046 2.45031
875 0.256198 -0.551078 2.45031
875 0.127586 0.610377 2.45031
875 0.402835 -0.517437 2.45031
875 -0.397002 -0.630129 2.45031
875 -0.320377 -0.372079 2.45031
875 0.126521 0.240437 8.73349
875 0.575026 -0.00643995 2.45031
875 -0.41085 -0.386095 2.45031
875 0.427871 -0.253873 2.45031
875 0.174816 -0.157333 2.45031
875 -0.269077 0.343052 2.45031
875 -0.46624 -0.258157 2.45031
875 -0.100185 0.259971 2.45031
875 0.175395 -0.934087 2.45031
875 -0.915947 -0.0638701 2.45031
875 -0.673937 -0.0105829 2.45031
875 -0.0077463 -0.956991 2.45031
875 -0.658581 -0.418949 2.45031
875 0.101297 0.00744783 2.45031
875 0.593066 0.777894 2.45031
875 -0.130576 -0.499367 2.45031
875 0.709863 0.286395 2.45031
875 0.460407 -0.294759 2.45031
875 -0.883576 -0.245719 2.45031
875 0.770348 -0.0558064 2.45031
875 -0.453117 -0.0729068 2.45031
875 -0.131596 0.920206 2.45031
875 0.648679 -0.449499 2.45031
875 -0.174183 0.504876 2.45031
875 -0.829353 0.529586 2.45031
875 -0.0409926 -1.01087 2.45031
875 -0.00850928 0.267775 8.73349
875 0.498119 -0.48238 8.73349
875 0.835021 -0.0441785 2.45031
875 -0.553118 -0.309867 2.45031
875 -0.14889 -0.0443564 2.45031
875 0.433307 -0.342025 2.45031
875 -0.193331 0.101725 2.45031
875 0.228273 0.733182 2.45031
875 -0.384396 0.557938 2.45031
875 0.451195 -0.83801 2.45031
875 -0.375803 0.367289 2.45031
875 0.236947 -0.505395 8.73349
875 0.0166863 0.361041 2.45031
875 0.301425 -0.325461 2.45031
875 -0.378626 -0.829925 2.45031
875 0.605088 0.621173 2.45031
875 0.583926 0.566293 2.45031
875 -0.072076 0.623247 2.45031
875 0.436869 0.745746 2.45031
875 0.0931886 0.279986 2.45031
875 -0.918508 -0.000165575 2.45031
875 0.445034 -0.205882 2.45031
875 0.499608 0.322787 2.45031
875 -0.105248 0.440491 2.45031
875 -0.474069 -0.898157 8.73349
875 0.693583 -0.114324 2.45031
875 0.589119 0.468193 2.45031
875 0.41782 0.118027 8.73349
875 -0.0817539 0.211178 8.73349
875 -0.324812 0.221591 2.45031
875 -0.135555 0.538232 2.45031
875 -0.787922 0.257327 2.45031
875 0.458876 0.642235 2.45031
875 -0.363612 -0.739692 2.45031
875 -0.502549 0.654081 2.45031
875 0.0191321 -0.390891 2.45031
875 -0.419341 -0.281874 2.45031
875 0.00586062 -0.328466 2.45031
875 0.134393 0.104701 2.45031
875 0.29675 0.313278 2.45031
875 -0.467634 -0.309789 2.45031
875 -0.238117 -0.480997 2.45031
875 0.854916 -0.09659 2.45031
875 0.429748 0.938153 8.73349
875 -0.680681 0.781499 2.45031
875 -0.553409 0.460472 2.45031
875 -0.648213 -0.0578131 2.45031
875 -1.02605 0.105552 8.73349
875 -0.685096 -0.517756 2.45031
875 -0.269705 -0.245047 2.45031
875 0.299903 0.0423716 2.45031
875 -0.841358 -0.206968 2.45031
875 0.268485 0.492488 2.45031
875 -0.480049 -0.563596 2.45031
875 -0.46732 -0.829766 2.45031
875 -0.751168 0.147219 2.45031
875 -0.55645 0.675415 2.45031
875 0.726549 -0.16181 2.45031
875 -0.716134 0.103237 2.45031
875 0.377467 -0.347511 2.45031
875 -0.0978343 0.0806125 2.45031
875 0.741511 -0.409214 2.45031
875 0.114216 1.02675 8.73349
875 0.510955 -0.388351 2.45031
875 -0.51723 0.773555 2.45031
875 -0.665874 0.338902 2.45031
875 0.339657 0.709974 2.45031
875 0.638072 0.0564877 2.45031
875 -0.272616 0.210376 2.45031
875 -0.67672 0.551128 2.45031
875 -0.0271119 0.328565 2.45031
875 0.605804 -0.255527 2.45031
875 -0.20109 -0.44208 2.45031
875 0.424221 0.243242 2.45031
875 -0.843848 -0.358033 2.45031
875 -0.314149 -0.094498 2.45031
875 0.870432 0.278893 2.45031
875 0.0872266 0.426937 2.45031
875 0.153276 0.511943 2.45031
875 0.600715 -0.0907732 2.45031
875 -0.0485256 0.767814 2.45031
875 -0.815677 -0.406856 2.45031
875 0.215691 0.635081 8.73349
875 -0.401258 -0.44002 2.45031
875 -0.423281 -0.863664 2.45031
875 -0.502302 0.303292 2.45031
875 0.213006 0.49003 2.45031
875 -0.0727139 -0.791316 2.45031
875 0.198051 0.956256 2.45031
875 -0.483223 0.392963 2.45031
875 0.331634 0.141445 2.45031
875 -0.41663 -0.728458 2.45031
875 -0.906833 0.365768 2.45031
875 0.17729 1.01734 2.45031
875 -0.943594 -0.228507 2.45031
875 -0.818686 0.00199507 2.45031
875 -0.405825 0.668561 2.45031
875 -0.292931 0.123072 2.45031
875 0.152249 -0.44347 2.45031
875 0.21833 0.895811 2.45031
875 -0.408367 0.0654489 2.45031
875 0.281254 -0.744286 2.45031
875 -0.183443 -0.217776 2.45031
875 -0.645717 0.284529 2.45031
875 -0.898505 -0.186294 2.45031
875 0.911939 0.325959 2.45031
875 0.789629 0.150145 2.45031
875 -0.53449 0.113378 2.45031
875 0.923913 0.437607 8.73349
875 0.879559 -0.305347 2.45031
875 0.0985829 0.144797 2.45031
875 -0.0893872 -0.188939 2.45031
875 0.739309 0.0490668 8.73349
875 -0.449472 0.156264 2.45031
875 -0.732138 0.567836 2.45031
875 0.297639 0.17989 2.45031
875 0.100981 0.522288 2.45031
875 0.279086 0.405226 2.45031
875 -0.620889 -0.734021 2.45031
875 -0.310505 0.0379801 2.45031
875 -0.0916752 -0.738884 2.45031
875 0.541213 -0.341622 2.45031
875 -0.531285 0.557076 2.45031
875 0.827705 -0.577364 2.45031
875 -0.48827 -0.170651 2.45031
875 -0.798269 -0.168597 2.45031
875 0.171436 -0.37977 2.45031
875 -0.569322 0.517119 2.45031
875 -0.561643 0.066081 2.45031
875 -0.966268 0.128243 2.45031
875 0.464829 -0.680193 2.45031
875 -0.257293 0.161117 2.45031
875 0.102853 0.915659 2.45031
875 -0.366579 -0.0938858 2.45031
875 0.612735 0.250285 2.45031
875 0.882259 0.221111 2.45031
875 -0.163259 0.866839 2.45031
875 0.406759 0.467206 8.73349
875 -0.863172 -0.0897115 2.45031
875 0.643641 -0.220067 2.45031
875 0.0666884 -0.483329 2.45031
875 -0.360587 -0.405599 2.45031
875 -0.419783 0.0205678 2.45031
875 0.289408 0.561954 2.45031
875 -0.111007 -0.838319 2.45031
875 -0.714245 0.506404 2.45031
875 0.89404 0.495653 2.45031
875 -0.666757 -0.694565 2.45031
875 -0.106719 0.768725 2.45031
875 -0.295702 -0.0139602 2.45031
875 -0.822654 -0.263931 2.45031
875 -0.322323 0.354962 2.45031
875 0.615349 0.334252 2.45031
875 -0.989086 -0.273452 2.45031
875 -0.126454 0.630423 8.73349
875 0.262666 0.353477 2.45031
875 -0.553674 -0.645319 8.73349
875 -0.80271 0.167698 2.45031
875 0.465607 -0.0419744 2.45031
875 -0.755918 0.306063 2.45031
875 -0.868024 -0.0292207 2.45031
875 0.561003 -0.0561133 2.45031
875 0.228138 0.257851 2.45031
875 0.651822 0.796286 2.45031
875 0.695773 -0.309469 2.45031
875 0.167798 0.466997 2.45031
875 0.891789 -0.35927 2.45031
875 0.109262 -0.822612 2.45031
875 0.846445 0.0682446 2.45031
875 -0.516295 0.500059 2.45031
875 -0.283325 -0.331915 2.45031
875 -0.72817 0.736922 2.45031
875 0.800591 -0.4122 8.73349
875 0.0507824 1.03234 8.73349
875 -0.478452 0.538403 2.45031
875 0.394212 -0.927286 2.45031
875 -0.448504 0.291948 2.45031
875 -0.177426 0.0523652 2.45031
875 -0.14495 0.0909522 2.45031
875 0.07799 0.973795 2.45031
875 0.481432 -0.575561 2.45031
875 -0.711368 0.674553 2.45031
875 -0.435165 -0.528483 2.45031
875 -0.439299 0.575321 2.45031
875 -0.511564 0.7129 2.45031
875 -0.579863 -0.502273 2.45031
875 -0.100554 0.675216 2.45031
875 -0.217668 -0.393396 2.45031
875 0.638507 0.734487 2.45031
875 0.73894 0.330727 2.45031
875 -0.783353 -0.221582 2.45031
875 -0.772469 -0.667646 8.73349
875 -0.195105 -0.170058 2.45031
875 -0.710566 -0.10832 8.73349
875 0.0464099 -0.352897 2.45031
875 -0.570961 0.221761 2.45031
875 -0.40902 0.468635 2.45031
875 0.663225 -0.600546 2.45031
875 0.684658 0.690403 2.45031
875 -0.0151358 -0.79755 2.45031
875 -0.128273 0.0407888 2.45031
875 0.411375 -0.0632649 8.73349
875 -0.263492 -0.108272 2.45031
875 0.269714 0.619578 2.45031
875 0.559494 0.514309 2.45031
875 0.372067 -0.0328342 8.73349
875 0.386019 0.0168874 2.45031
875 0.0226734 0.22545 2.45031
875 -0.262849 0.477221 2.45031
875 -0.44247 -0.664442 2.45031
875 0.590124 -0.44205 2.45031
875 -0.233446 -0.207458 2.45031
875 0.576495 -0.20865 2.45031
875 0.950146 0.143137 2.45031
875 -0.0450471 -0.329337 2.45031
875 0.27343 -0.461963 2.45031
875 0.0925359 -1.00767 8.73349
875 -0.313946 0.67571 2.45031
875 0.00023739 -0.00996875 2.45031
875 0.17271 -0.731597 2.45031
875 -0.310589 0.816562 2.45031
875 0.0180618 0.17648 2.45031
875 -0.395819 0.958956 2.45031
875 0.300009 0.454096 2.45031
875 0.860208 -0.414907 2.45031
875 0.988787 0.24759 8.73349
875 -0.415132 -0.92751 8.73349
875 -0.732142 0.251368 8.73349
875 -0.769149 0.206813 2.45031
875 0.350385 0.189466 8.73349
875 0.797267 0.545691 2.45031
875 0.122239 -0.487606 8.73349
875 0.547315 0.61078 2.45031
875 0.309244 -0.796131 2.45031
875 0.320955 -0.0447446 2.45031
875 -0.187889 -0.936543 2.45031
875 -0.32587 -0.697472 2.45031
875 0.460897 0.209788 2.45031
875 -0.179816 0.368638 2.45031
875 -0.255279 -0.292561 2.45031
875 0.235044 -0.919854 2.45031
875 -0.377861 0.232302 2.45031
875 0.248472 -0.0995564 2.45031
875 0.899013 0.102998 2.45031
875 0.144809 -0.118641 2.45031
875 -0.644479 0.433724 2.45031
875 -0.341521 0.136496 2.45031
875 0.496948 0.511219 2.45031
875 -0.483056 0.111965 2.45031
875 -0.316436 0.490567 2.45031
875 -0.511199 0.0653555 2.45031
875 0.955385 0.0830402 2.45031
875 0.63004 0.0075286 2.45031
875 0.467371 0.468829 2.45031
875 0.332909 -0.370226 2.45031
875 0.591341 0.19588 2.45031
875 -0.129602 -0.783587 2.45031
875 -0.231238 -0.071225 2.45031
875 -0.0794725 0.0288229 2.45031
875 -0.581333 0.128501 2.45031
875 0.118562 0.0558325 8.73349
875 -0.352816 -0.952003 8.73349
875 0.450254 -0.9033 2.45031
875 0.638692 0.155977 2.45031
875 0.268136 -0.0532996 2.45031
875 -0.858131 0.152928 2.45031
875 -0.134053 0.223498 2.45031
875 0.861862 -0.526129 2.45031
875 -0.1438 1.02653 8.73349
875 0.500795 -0.626819 2.45031
875 -0.544636 0.615741 2.45031
875 0.0447261 0.92095 2.45031
875 0.922375 -0.416484 8.73349
875 0.0526177 -0.223281 2.45031
875 0.687027 0.0264244 2.45031
875 0.849294 -0.252405 2.45031
875 -0.0413389 -0.238955 2.45031
875 0.226798 -0.739055 2.45031
875 0.829966 -0.468299 8.73349
875 -0.0933788 -0.596841 2.45031
875 0.480407 0.00757555 2.45031
875 -0.667998 0.718381 2.45031
875 -0.0200488 0.61349 2.45031
875 -0.143716 -0.180632 2.45031
875 0.757603 -0.208944 2.45031
875 0.164933 -0.0709164 2.45031
875 -0.364584 -0.890715 2.45031
875 0.209743 0.345358 2.45031
875 0.327666 -0.463134 2.45031
875 -0.629439 0.379605 8.73349
875 0.0439513 0.26949 2.45031
875 -0.0349647 -0.191873 2.45031
875 -0.810913 0.115234 2.45031
875 -0.341998 0.269596 2.45031
875 0.483412 -0.739183 2.45031
875 0.252513 -0.796972 2.45031
875 0.933422 -0.206462 2.45031
875 0.433294 0.510454 2.45031
875 -0.535369 -0.476977 2.45031
875 0.0844939 -0.767743 2.45031
875 0.240367 0.835592 2.45031
875 0.756229 -0.307813 2.45031
875 0.486963 0.116859 2.45031
875 -0.18792 0.722748 2.45031
875 -0.971444 0.0707176 2.45031
875 -0.147752 -0.450934 2.45031
875 0.275109 -0.13962 2.45031
875 -0.163011 -0.132633 2.45031
875 0.120377 -0.949777 2.45031
875 0.0252042 -0.904153 8.73349
875 0.315264 0.0919961 2.45031
875 -0.5537 -0.369498 2.45031
875 -0.945603 -0.395617 8.73349
875 -0.254502 -0.432171 8.73349
875 -0.882073 -0.403594 2.45031
875 -0.105025 0.127496 2.45031
875 0.0612716 0.763111 2.45031
875 0.60102 -0.590164 2.45031
875 0.251297 -0.417386 2.45031
875 -0.430427 0.110419 2.45031
875 0.316728 -0.698893 2.45031
875 0.492232 0.0588895 2.45031
875 -0.213135 -0.12051 2.45031
875 -0.201171 0.283488 2.45031
875 -0.0114477 -0.0552946 2.45031
875 0.00462936 -0.850086 2.45031
875 -0.802251 -0.323585 2.45031
875 -0.385272 -0.0136165 8.73349
875 -0.39256 0.417401 2.45031
875 -0.596446 -0.284541 2.45031
875 0.700259 0.750999 2.45031
875 0.0819073 -0.26107 2.45031
875 0.426787 0.802678 2.45031
875 0.508095 -0.0731103 8.73349
875 -0.260884 0.674161 2.45031
875 -0.185529 0.235119 2.45031
875 0.296116 -0.647759 2.45031
875 0.0934095 -0.128335 2.45031
875 0.00484695 0.65823 2.45031
875 0.389923 0.844319 8.73349
875 0.597118 0.838913 2.45031
875 0.393799 0.701855 2.45031
875 -0.301149 0.440537 2.45031
875 -0.611014 0.697483 2.45031
875 -0.418165 -0.109309 2.45031
875 -0.929654 0.305467 2.45031
875 0.673995 -0.502199 2.45031
875 0.42486 -0.014855 2.45031
875 -0.463577 0.747882 2.45031
875 0.366379 0.965611 2.45031
875 -0.0367155 0.376663 2.45031
875 0.129657 -0.626849 2.45031
875 -0.644863 -0.308173 2.45031
875 -0.167425 -0.997998 2.45031
875 0.371567 -0.262359 2.45031
875 -0.196936 -0.0334967 8.73349
875 0.302127 -0.0901438 2.45031
875 -0.653551 0.656089 2.45031
875 -0.224912 -0.817486 2.45031
875 0.513889 -0.292426 2.45031
875 -0.0317274 0.516893 2.45031
875 -0.289113 0.258413 2.45031
875 0.140141 0.560412 2.45031
875 -0.112886 -0.548452 8.73349
875 -0.0573899 -0.556701 2.45031
875 -0.216324 0.331497 2.45031
875 -0.364445 -0.247143 2.45031
875 -0.0524603 0.118236 2.45031
875 0.508953 0.224655 2.45031
875 -0.766985 -0.280626 2.45031
875 0.280016 0.266006 2.45031
875 -0.551073 0.169865 2.45031
875 0.815626 -0.205688 2.45031
875 0.268748 -0.281178 2.45031
875 -0.0216966 0.714551 2.45031
875 0.955397 0.0241277 2.45031
875 0.687574 -0.657134 2.45031
875 0.460943 -0.526256 2.45031
875 -0.315842 -0.556016 8.73349
875 0.494075 0.16856 2.45031
875 0.553063 -0.782908 2.45031
875 -0.276445 0.527399 2.45031
875 -0.657361 -0.256574 2.45031
875 -0.150341 0.271874 2.45031
875 -0.872169 0.316818 2.45031
875 -0.340249 -0.0503099 2.45031
875 -0.59066 0.419934 2.45031
875 -0.601355 -0.399287 2.45031
875 -0.0529044 0.0709727 2.45031
875 -0.861666 0.471962 2.45031
875 -0.68591 0.392562 2.45031
875 0.674755 0.529593 2.45031
875 -0.309985 -0.278797 2.45031
875 0.751202 -0.67327 2.45031
875 -0.522062 -0.805627 2.45031
875 0.539395 -0.16739 8.73349
875 0.0649866 -0.853981 8.73349
875 -0.92667 -0.288098 2.45031
875 0.33228 0.864619 2.45031
875 0.528194 0.280616 2.45031
875 -0.168539 0.969835 2.45031
875 0.00462658 -0.232016 2.45031
875 -0.340111 -0.137377 2.45031
875 -0.0112101 -0.429451 2.45031
875 -0.622545 -0.00814304 2.45031
875 0.456144 -0.3875 2.45031
875 -0.791483 0.580542 2.45031
875 0.195673 -0.420086 2.45031
875 -0.0917305 -0.8948 2.45031
875 -0.391727 -0.493041 2.45031
875 0.700503 -0.214401 2.45031
875 -0.184196 -0.490666 2.45031
875 0.195083 0.6911 2.45031
875 -0.746392 -0.427513 2.45031
875 -0.701805 -0.459856 2.45031
875 -0.0536137 -0.845037 2.45031
875 -0.768519 0.0326686 2.45031
875 0.240134 1.00408 2.45031
875 0.181139 0.593747 2.45031
875 0.216056 -0.0619244 2.45031
875 -0.077145 0.343551 2.45031
875 0.0493011 0.541519 2.45031
875 0.520323 -0.0228771 2.45031
875 -0.485052 -0.506095 2.45031
875 0.418487 0.379403 8.73349
875 -0.343379 0.920695 2.45031
875 -0.320358 -0.847715 2.45031
875 -0.371466 -0.294574 2.45031
875 -0.769624 0.521247 2.45031
875 0.359073 -0.823303 2.45031
875 0.728537 -0.260661 2.45031
875 0.85256 0.337284 2.45031
875 -0.341395 -0.000904205 2.45031
875 -0.301764 -0.747779 2.45031
875 -0.341092 -0.788864 2.45031
875 0.282684 0.718848 2.45031
875 -0.149444 -0.588629 2.45031
875 -0.33686 -0.186489 2.45031
875 -0.293591 -0.147432 2.45031
875 -0.688397 -0.212976 2.45031
875 0.305738 -0.416323 2.45031
875 0.950195 0.375717 8.73349
875 0.182927 0.112947 2.45031
875 0.0699454 0.0467612 2.45031
875 0.44571 -0.622089 2.45031
875 -0.320456 -0.23169 2.45031
875 -0.536994 0.406287 2.45031
875 -0.806132 0.47127 2.45031
875 -0.818654 0.0589441 2.45031
875 -0.85421 0.586801 2.45031
875 -0.606627 0.475871 2.45031
875 0.499479 -0.801385 8.73349
875 0.900062 0.0443882 2.45031
875 0.300862 0.664593 2.45031
875 0.380981 0.756975 2.45031
875 0.249644 -0.328325 2.45031
875 0.123598 -0.166129 2.45031
875 -0.194847 0.417344 2.45031
875 0.389562 -0.612337 2.45031
875 -0.263943 -0.708054 2.45031
875 -0.142534 0.40534 2.45031
875 0.0174642 0.502877 2.45031
875 0.263346 0.218717 2.45031
875 -0.0247512 0.210173 2.45031
875 -0.243476 -0.761382 2.45031
875 -0.0982985 -0.324547 2.45031
875 0.0422266 -0.137683 2.45031
875 -0.0826688 0.527808 2.45031
875 -0.225753 0.517932 2.45031
875 0.0604826 0.321224 8.73349
875 -0.865953 0.0929851 2.45031
875 -0.364372 0.0430156 2.45031
875 0.488123 -0.182866 2.45031
875 0.450944 0.0843811 2.45031
875 0.797715 -0.518839 2.45031
875 -0.242092 0.724563 2.45031
875 -0.233905 -0.343612 2.45031
875 0.586472 0.143773 2.45031
875 -0.572191 -0.139057 2.45031
875 -0.752445 -0.607505 2.45031
875 0.19718 0.161485 2.45031
875 0.782103 -0.15553 2.45031
875 0.143493 0.288327 2.45031
875 -0.197709 0.826565 2.45031
875 -0.465365 -0.772399 2.45031
875 0.763128 0.2709 2.45031
875 -0.432416 -0.164442 2.45031
875 0.231805 0.12167 2.45031
875 0.0938405 0.810562 2.45031
875 -0.210847 0.0150696 2.45031
875 -0.371264 -0.35207 2.45031
875 0.317741 0.92551 2.45031
875 -0.151839 0.588078 2.45031
875 0.204869 -0.684879 2.45031
875 0.441568 -0.783005 2.45031
875 0.109401 -0.577386 2.45031
875 0.0154011 -0.0977365 2.45031
875 -0.853361 -0.148028 2.45031
875 -0.132253 -0.0945679 2.45031
875 0.0031102 -0.703279 8.73349
875 -0.716276 0.195283 2.45031
875 1.01371 0.0588645 8.73349
875 -0.611457 0.0903048 2.45031
875 0.39999 0.0667285 2.45031
875 -0.522813 0.0169837 2.45031
875 -0.220621 0.775202 2.45031
875 0.817391 -0.304442 2.45031
875 -0.467705 -0.12361 2.45031
875 -0.521263 -0.130887 2.45031
875 -0.424303 0.521555 2.45031
875 -0.660176 -0.107137 2.45031
875 -0.412373 0.329931 2.45031
875 -0.503914 -0.394241 2.45031
875 -0.0674654 -0.284122 2.45031
875 0.940862 0.203701 2.45031
875 -0.681054 -0.757259 8.73349
875 0.717965 -0.357733 2.45031
875 0.184189 -0.633084 2.45031
875 -0.05489 -0.0146797 2.45031
875 0.583158 -0.142667 2.45031
875 -0.282851 -0.0594093 8.73349
875 -0.0258596 -0.374593 2.45031
875 -1.01603 0.168737 2.45031
875 -0.331453 -0.320786 2.45031
875 0.234016 0.583099 2.45031
875 0.587392 0.0938149 2.45031
875 0.646393 0.291718 2.45031
875 0.537349 0.815179 2.45031
875 -0.737074 -0.183439 2.45031
875 1.01116 -0.0632309 8.73349
875 -0.439202 -0.0254085 2.45031
875 -0.645464 -0.367649 2.45031
875 -0.110734 -0.687655 2.45031
875 0.323921 -0.13198 8.73349
875 0.302978 0.986907 2.45031
875 -0.556175 0.314632 2.45031
875 -0.308392 -0.422156 2.45031
875 0.953254 -0.301281 8.73349
875 0.315811 0.227227 2.45031
875 0.616919 -0.0413277 2.45031
875 -0.851459 -0.565334 8.73349
875 0.103606 -0.213233 2.45031
875 0.352145 0.654704 2.45031
875 0.43889 0.0338671 2.45031
875 0.476981 -0.434512 2.45031
875 -0.526072 -0.867313 2.45031
875 0.160738 0.907292 2.45031
875 -0.565663 0.73673 2.45031
875 0.368669 -0.561279 2.45031
875 -0.584414 0.575748 2.45031
875 -0.227016 0.0634963 2.45031
875 0.553276 0.332504 2.45031
875 -0.730973 -0.54711 2.45031
875 -0.341407 -0.645749 2.45031
875 -0.64176 -0.572747 2.45031
875 0.154736 -0.205174 2.45031
875 -0.572415 0.798969 2.45031
875 -0.467119 0.203467 2.45031
875 0.357263 -0.0810003 2.45031
875 -0.491757 0.595619 2.45031
875 -0.529633 -0.535154 2.45031
875 -0.97247 0.0127478 2.45031
875 0.25537 -0.188885 2.45031
875 -0.130117 -0.637657 2.45031
875 -0.359249 0.705848 2.45031
875 0.01474 0.310318 2.45031
875 -0.0451887 0.86957 2.45031
875 -0.105237 0.975819 2.45031
875 -0.652382 -0.633174 2.45031
875 0.0647649 -0.0893425 2.45031
875 0.36524 0.371719 2.45031
875 -0.707392 -0.391261 2.45031
875 0.16396 -0.582971 2.45031
875 -0.532637 -0.590634 8.73349
875 0.0734276 0.621254 2.45031
875 -0.285191 0.391499 2.45031
875 -0.580962 -0.55907 2.45031
875 0.519778 -0.677833 2.45031
875 0.29624 0.819829 2.45031
875 -0.969524 -0.335011 8.73349
875 0.57564 -0.302899 2.45031
875 0.358739 -0.417622 2.45031
875 0.822765 0.23797 2.45031
875 0.286278 -0.230231 2.45031
875 0.183891 -0.0231356 2.45031
875 -0.758817 -0.0775689 2.45031
875 -0.386595 -0.147096 2.45031
875 0.24677 0.534449 2.45031
875 -0.407813 0.72579 2.45031
875 -0.765536 0.0879824 2.45031
875 0.141678 0.704235 2.45031
875 0.248143 0.676085 2.45031
875 0.690775 0.0788862 2.45031
875 0.0697375 0.865142 2.45031
875 0.792265 0.0955951 8.73349
875 0.318427 0.761306 2.45031
875 0.0671897 0.485006 2.45031
875 0.337947 -0.223534 2.45031
875 -0.119941 0.489305 8.73349
875 -0.493229 -0.448261 8.73349
875 -0.245816 -0.0226754 2.45031
875 -0.0330923 -0.105632 2.45031
875 -0.484236 0.253204 2.45031
875 -0.399114 -0.0594562 2.45031
875 0.126837 0.858513 2.45031
875 0.519361 -0.531398 2.45031
875 -0.490562 -0.030558 2.45031
875 0.53791 -0.729239 2.45031
875 -0.952475 0.185384 2.45031
875 0.193301 0.29745 2.45031
875 -0.370678 0.505189 8.73349
875 0.829315 0.494955 8.73349
875 -0.911061 0.130161 2.45031
875 -0.0724129 0.922562 2.45031
875 0.0552069 -0.958355 2.45031
875 -0.112709 0.307892 2.45031
875 0.429674 0.595394 2.45031
875 0.646022 -0.700134 2.45031
875 -0.890853 0.529128 2.45031
875 -0.359004 0.318066 2.45031
875 0.305651 -0.181571 2.45031
875 -0.236798 0.881475 2.45031
875 -0.276342 0.075283 2.45031
875 -0.20643 0.150199 2.45031
875 0.245017 0.446103 2.45031
875 0.5361 0.130404 2.45031
875 0.335521 0.00392794 2.45031
875 0.165192 -0.291987 2.45031
875 0.0444416 0.403255 2.45031
875 0.796543 0.441689 2.45031
875 -0.604166 0.180002 2.45031
875 -0.945083 0.413678 8.73349
875 0.638423 -0.546495 2.45031
875 0.246988 0.170411 2.45031
875 0.173923 0.384944 2.45031
875 0.776153 -0.358162 2.45031
875 -1.00631 0.229507 2.45031
875 -0.33095 0.541251 2.45031
875 -0.167996 -0.829229 2.45031
875 -0.608583 -0.671887 2.45031
875 -0.690252 -0.340193 2.45031
875 -0.442929 -0.47328 2.45031
875 -0.625409 -0.146536 2.45031
875 0.40924 0.194583 8.73349
875 0.110383 0.328708 2.45031
875 0.0643194 0.185279 2.45031
875 -0.294604 0.873871 2.45031
875 -0.104763 -1.00618 8.73349
875 -0.596348 -0.611217 2.45031
875 0.463304 0.553119 2.45031
875 0.888446 0.386463 8.73349
875 0.332026 0.412745 2.45031
875 -0.00849943 -0.14711 2.45031
875 0.632645 -0.303508 2.45031
875 -0.18132 -0.0830475 2.45031
875 0.00191224 0.55829 2.45031
875 0.147848 0.152884 2.45031
875 0.825929 0.391156 8.73349
875 0.0529689 0.666742 2.45031
875 0.113395 0.192728 2.45031
875 -0.384838 -0.683373 2.45031
875 0.66255 -0.761992 2.45031
875 -0.570282 0.00917812 2.45031
875 -0.101701 -0.0540009 2.45031
875 -0.202683 -0.304735 2.45031
875 0.144514 -0.339738 2.45031
875 0.217542 -0.285841 2.45031
875 0.437773 0.290937 8.73349
875 0.617216 0.520193 2.45031
875 0.00108825 0.125122 2.45031
875 1.01432 -0.00236346 8.73349
875 -0.892412 0.252407 2.45031
875 0.116865 -0.722499 2.45031
875 -0.0737396 0.165462 2.45031
875 -0.0835897 -0.104745 2.45031
875 0.114555 -0.0802334 2.45031
875 0.414277 -0.110648 2.45031
875 -0.30584 0.306494 2.45031
875 0.833304 -0.358085 2.45031
875 -0.284357 -0.658583 2.45031
875 -0.813996 -0.616783 2.45031
875 -0.260422 -0.569245 2.45031
875 -0.622586 0.534223 2.45031
875 -0.0541201 -0.69537 2.45031
875 0.25783 0.942428 8.73349
875 -0.455193 -0.207763 2.45031
875 -0.780019 0.364144 2.45031
875 0.452809 0.336753 2.45031
875 0.585767 0.377168 8.73349
875 -0.686573 -0.157182 2.45031
875 0.0174641 0.977466 2.45031
875 0.0886913 -0.529607 2.45031
875 -0.807438 -0.111137 2.45031
875 -0.165197 -0.40289 2.45031
875 -0.208987 0.671525 2.45031
875 -0.0736197 -0.645627 2.45031
875 0.526565 0.375393 2.45031
875 -0.88524 -0.511636 2.45031
875 0.400252 -0.388684 8.73349
875 -0.598584 0.635797 2.45031
875 0.0443033 -0.803891 2.45031
875 -0.26329 -0.862799 2.45031
875 0.134074 -0.0317905 8.73349
875 -0.520156 0.354238 2.45031
875 0.206894 0.790983 2.45031
875 0.540747 0.87457 2.45031
875 0.559016 0.238681 2.45031
875 0.788414 0.654537 2.45031
875 0.556444 -0.842706 2.45031
875 0.23443 -0.0147891 2.45031
875 0.972081 0.311752 2.45031
875 -0.714438 0.0505381 2.45031
875 0.647522 0.378378 2.45031
875 -0.099062 0.578881 8.73349
875 -0.895703 0.194609 2.45031
875 0.791843 0.0431357 2.45031
875 0.1759 -0.490555 2.45031
875 0.371017 -0.127161 2.45031
875 -0.244692 -0.158656 2.45031
875 -0.956798 -0.168142 2.45031
875 0.0295736 0.601005 2.45031
875 -0.0464177 0.668293 2.45031
875 0.265721 0.0818145 2.45031
875 0.275459 0.881307 2.45031
875 0.707894 0.380904 2.45031
875 -1.01672 -0.148462 8.73349
875 0.346655 -0.885632 2.45031
875 -0.034658 -0.746033 2.45031
875 0.642304 0.207162 2.45031
875 0.638989 -0.125721 8.73349
875 0.312911 -0.556053 2.45031
875 -1.00495 -0.211275 2.45031
875 -0.298962 0.726167 2.45031
875 0.578273 -0.538113 2.45031
875 -0.305212 -0.908634 2.45031
875 0.56138 -0.633319 2.45031
875 0.612407 -0.804587 2.45031
875 -0.2884 0.576685 2.45031
875 0.0735238 0.367554 8.73349
875 -0.451942 -0.417604 2.45031
875 0.701504 0.585622 2.45031
875 0.371409 0.233122 8.73349
875 -0.816035 -0.0561218 2.45031
875 0.844337 0.011526 2.45031
875 -0.384761 -0.196129 2.45031
875 0.34958 0.0536006 2.45031
875 -0.168138 -0.266782 2.45031
875 0.391997 -0.215745 2.45031
875 -0.353583 0.863689 2.45031
875 -0.282199 -0.803524 2.45031
875 -0.514659 -0.278982 2.45031
875 -0.0538213 0.427075 2.45031
875 0.738908 0.163734 2.45031
875 0.33319 0.272996 2.45031
875 -0.225065 -0.668816 2.45031
875 -0.189973 0.620206 2.45031
875 -0.112265 -0.410994 2.45031
875 0.126241 -0.397477 2.45031
