595 0.194885 -0.539436 2.45031
595 -0.371042 0.662779 2.45031
595 -0.452186 -0.60575 8.73349
595 0.951328 -0.0921169 2.45031
595 -0.168247 -0.542878 2.45031
595 0.928584 0.265661 8.73349
595 -0.359201 0.183401 2.45031
595 -0.411473 -0.225438 2.45031
595 -0.183271 -0.358659 8.73349
595 -0.156867 -0.000102704 2.45031
595 0.900148 -0.0665218 2.45031
595 0.166742 -0.829707 2.45031
595 -0.346301 0.611492 2.45031
595 0.48742 0.906992 8.73349
595 -0.0170982 0.15917 2.45031
595 0.679453 0.332303 2.45031
595 -0.842061 0.372873 2.45031
595 0.690594 0.131903 2.45031
595 -0.782919 -0.553038 2.45031
595 -0.459984 -0.3603 2.45031
595 -0.920095 0.472661 2.45031
595 -0.663072 0.0857691 2.45031
595 -0.221602 -0.26431 2.45031
595 0.647618 0.468206 2.45031
595 -1.02939 -0.0225263 2.45031
595 -0.917516 -0.455839 2.45031
595 0.331682 -0.604422 2.45031
595 -0.354768 0.449314 2.45031
595 0.792676 0.343549 2.45031
595 -0.332114 0.980226 2.45031
595 0.0400703 -0.663714 2.45031
595 -0.0273394 0.0258903 2.45031
595 0.408077 -0.167262 2.45031
595 0.440089 0.429318 8.73349
595 0.0973823 -0.441195 2.45031
595 0.0850538 0.711456 2.45031
595 0.237739 -0.23945 2.45031
595 0.541865 -0.581239 2.45031
595 0.149883 0.802347 2.45031
595 0.615284 -0.493241 2.45031
595 0.0725258 -0.396437 2.45031
595 -0.808085 0.42001 2.45031
595 -0.251361 0.824704 2.45031
595 -0.723223 0.353087 2.45031
595 -0.659406 0.190817 2.45031
595 0.00966911 -0.476264 2.45031
595 -0.0442804 -0.468692 2.45031
595 0.196849 -0.332721 2.45031
595 0.346526 -0.513292 8.73349
595 0.675652 0.247145 2.45031
595 -0.820161 -0.511291 2.45031
595 -0.0127486 1.034 8.73349
595 0.44814 0.687824 2.45031
595 0.66746 0.635479 2.45031
595 0.61881 -0.178269 2.45031
595 0.859617 0.44483 2.45031
595 0.356969 -0.176056 2.45031
595 0.734121 0.538975 2.45031
595 0.0883023 -0.902502 2.45031
595 0.353526 0.803041 2.45031
595 -0.461021 0.0641897 2.45031
595 0.532681 -0.438381 2.45031
595 -0.811658 0.321068 8.73349
595 0.398699 0.54935 2.45031
595 0.55648 -0.487192 2.45031
595 0.624287 -0.39823 2.45031
595 -0.969986 0.35682 2.45031
595 -0.353494 -0.460321 2.45031
595 -0.645556 -0.465401 2.45031
595 -0.446727 0.426915 2.45031
595 -0.518089 0.210488 2.45031
595 0.478275 0.26354 2.45031
595 -0.550933 -0.085647 2.45031
595 0.677249 0.42316 2.45031
595 -0.245503 -0.924453 2.45031
595 0.0444556 0.137906 2.45031
595 0.225869 -0.148846 2.45031
595 -0.579297 -0.835974 2.45031
595 0.675038 -0.023348 2.45031
595 -0.245892 0.42813 2.45031
595 0.715408 -0.0591836 2.45031
595 0.499362 0.42739 2.45031
595 -0.742334 -0.328524 2.45031
595 -0.467285 0.69085 2.45031
595 0.788225 -0.00681882 2.45031
595 0.494573 0.71896 2.45031
595 -0.305336 0.173111 2.45031
595 -0.971411 -0.0474065 2.45031
595 -0.625047 0.231807 2.45031
595 0.533311 0.756257 2.45031
595 -0.223069 -0.534181 2.45031
595 -0.41685 -0.329088 2.45031
595 -0.0757315 0.816946 2.45031
595 -0.250729 0.292825 2.45031
595 0.802306 -0.0990445 2.45031
595 -0.837097 0.214945 2.45031
595 0.186373 -0.245794 2.45031
595 0.0370766 0.814833 2.45031
595 0.112842 -0.30001 2.45031
595 0.406064 0.644589 2.45031
595 0.183332 0.848462 8.73349
595 0.215054 -0.461251 2.45031
595 0.0877833 0.572082 2.45031
595 0.0625582 -0.308248 2.45031
595 -0.106621 -0.0139528 2.45031
595 -0.863727 -0.302813 2.45031
595 -0.333 0.76228 2.45031
595 -0.457778 0.805522 2.45031
595 0.197161 -0.109764 2.45031
595 -0.511407 -0.679502 2.45031
595 -0.454866 0.932108 2.45031
595 -0.430599 0.240128 2.45031
595 -0.0635098 -0.0591465 8.73349
595 0.404742 -0.300417 2.45031
595 0.542773 0.181568 2.45031
595 0.204467 -0.794065 2.45031
595 -0.744361 0.408931 2.45031
595 -0.0137976 0.922453 2.45031
595 -0.374147 -0.540238 2.45031
595 0.844783 0.126401 2.45031
595 0.383414 0.154338 2.45031
595 0.117242 0.756647 2.45031
595 0.536152 0.0793338 2.45031
595 -0.767901 -0.0252355 2.45031
595 -0.0446476 0.249469 2.45031
595 -0.538676 -0.185611 2.45031
595 -1.02943 0.0418309 2.45031
595 0.201262 0.0242764 2.45031
595 0.319659 0.608053 2.45031
595 0.436059 0.874915 2.45031
595 0.143262 -0.777957 2.45031
595 0.137799 0.966509 2.45031
595 0.115061 0.469804 2.45031
595 -0.148117 -0.731767 2.45031
595 0.385783 0.426937 2.45031
595 0.582841 -0.686159 2.45031
595 -0.103286 0.867878 2.45031
595 0.133852 -0.253018 2.45031
595 -0.130688 -0.366342 2.45031
595 0.836215 0.184068 2.45031
595 -0.151259 0.137916 2.45031
595 0.667949 -0.265303 8.73349
595 -0.468572 -0.712178 2.45031
595 -0.636782 0.596392 8.73349
595 0.206415 -0.198329 2.45031
595 0.710148 -0.716823 8.73349
595 -0.218043 0.197363 2.45031
595 -0.0232359 -0.516747 2.45031
595 0.279586 -0.372612 2.45031
595 -0.0165847 -0.654063 2.45031
595 0.0947504 -0.671478 2.45031
595 -0.113065 -0.1438 2.45031
595 0.0532494 -0.570888 2.45031
595 -0.460921 0.481504 2.45031
595 -0.751231 0.46331 2.45031
595 0.376973 0.905176 8.73349
595 0.16345 0.648468 8.73349
595 0.895795 -0.136586 2.45031
595 0.00597266 0.764936 2.45031
595 0.256896 -0.691767 2.45031
595 0.0319534 -0.523067 2.45031
595 0.726045 0.647468 2.45031
595 0.70399 0.481568 2.45031
595 0.291514 -0.90431 2.45031
595 0.141483 -0.534196 2.45031
595 0.792444 -0.624375 2.45031
595 0.385966 -0.76756 2.45031
595 -0.364255 0.80576 2.45031
595 0.035022 -0.0511419 2.45031
595 0.523339 -0.218248 2.45031
595 -0.518454 -0.744393 2.45031
595 0.762714 0.597301 2.45031
595 -0.74977 0.63211 2.45031
595 0.894345 -0.470134 2.45031
595 0.373063 0.599384 8.73349
595 0.445966 0.155586 2.45031
595 0.894857 -0.0118568 2.45031
595 0.197116 0.42766 2.45031
595 -0.700499 0.297837 2.45031
595 -0.711678 -0.654362 2.45031
595 -0.282488 0.931487 2.45031
595 0.452775 -0.147404 2.45031
595 0.428208 -0.723982 2.45031
595 -0.537805 -0.0346717 2.45031
595 0.159912 0.337027 2.45031
595 0.0290384 -0.275578 2.45031
595 0.0191893 -0.613236 2.45031
595 -0.429084 0.376066 2.45031
595 -0.157706 0.672672 2.45031
595 0.139456 0.42158 2.45031
595 -0.163732 0.771746 2.45031
595 -0.596036 -0.446539 2.45031
595 -0.499439 -0.0840601 2.45031
595 -0.611306 0.324558 2.45031
595 -0.66808 0.032453 2.45031
595 1.00093 0.185067 2.45031
595 0.173099 0.747189 2.45031
595 -0.505851 -0.223927 2.45031
595 -0.811906 0.643362 2.45031
595 0.482983 -0.247865 2.45031
595 0.480309 0.839248 2.45031
595 0.747198 -0.107249 2.45031
595 0.740363 0.105594 2.45031
595 0.220629 -0.983371 2.45031
595 -0.0322726 -0.901634 2.45031
595 -0.0498219 0.570326 2.45031
595 0.948778 -0.150593 2.45031
595 -0.508009 -0.334818 8.73349
595 -0.0615294 0.296063 2.45031
595 0.479115 0.780796 2.45031
595 0.473254 0.384132 2.45031
595 0.73251 -0.00576231 8.73349
595 -0.0431093 0.977515 2.45031
595 -0.187274 -0.631169 2.45031
595 -0.398804 0.60957 2.45031
595 -0.0664282 -0.953818 2.45031
595 0.0297417 0.713705 2.45031
595 0.485647 -0.342593 2.45031
595 0.216819 0.0731306 2.45031
595 0.0417711 -0.436504 2.45031
595 0.893125 0.163528 2.45031
595 -0.732445 -0.238228 2.45031
595 -0.498655 -0.626562 2.45031
595 0.109286 0.661551 2.45031
595 -0.513004 0.837011 2.45031
595 0.36886 0.509212 2.45031
595 0.0854487 -0.0433078 2.45031
595 0.246311 -0.851665 2.45031
595 0.529947 0.556868 2.45031
595 -0.632567 -0.518962 2.45031
595 0.0283605 -1.01187 2.45031
595 -0.30328 -0.609444 2.45031
595 -0.604058 -0.0961988 2.45031
595 0.290863 -0.509023 2.45031
595 0.769736 -0.461284 2.45031
595 0.554911 0.4197 2.45031
595 0.404726 -0.860669 2.45031
595 0.565189 -0.392917 2.45031
595 0.0542473 -0.00478298 2.45031
595 -0.15075 -0.319569 2.45031
595 -0.0916723 0.392812 2.45031
595 -0.762094 -0.134037 2.45031
595 -0.192523 0.91336 8.73349
595 0.14932 -0.679607 2.45031
595 -0.691292 0.616079 2.45031
595 -0.271221 -0.389447 2.45031
595 -0.910835 -0.123393 2.45031
595 0.168217 0.0639403 2.45031
595 -0.00484731 0.0716439 2.45031
595 -0.160762 0.459544 2.45031
595 0.0682204 0.229094 2.45031
595 -0.0611786 -0.417544 2.45031
595 0.261458 0.77608 2.45031
595 -0.334592 -0.507196 2.45031
595 -0.460693 0.869605 2.45031
595 0.460825 -0.0931298 2.45031
595 -0.359202 -0.593691 8.73349
595 -0.231111 0.954303 2.45031
595 -0.0368608 -0.605202 2.45031
595 -0.128938 0.358075 2.45031
595 -0.570122 0.865761 2.45031
595 0.236381 -0.639877 2.45031
595 -0.554331 -0.243083 2.45031
595 -0.374696 0.0991337 2.45031
595 0.736402 -0.50879 2.45031
595 0.0249362 0.033845 2.45031
595 0.70873 -0.454531 2.45031
595 -0.132841 0.7211 2.45031
595 -0.697587 0.449019 2.45031
595 0.162438 0.200303 2.45031
595 1.00727 -0.125211 8.73349
595 -0.61619 0.0432505 2.45031
595 -0.134374 0.817595 2.45031
595 0.0416382 0.0870185 2.45031
595 -0.402174 0.897625 2.45031
595 0.280873 0.132206 8.73349
595 0.012151 0.868161 2.45031
595 0.0715092 -0.176429 2.45031
595 -1.02481 -0.0864864 2.45031
595 -0.14864 -0.887951 2.45031
595 -0.413534 -0.572879 2.45031
595 -0.411071 -0.787459 2.45031
595 0.116348 0.379068 2.45031
595 -0.591387 0.272398 2.45031
595 0.786169 -0.255356 2.45031
595 0.9545 -0.0322039 2.45031
595 -0.0765143 0.718343 2.45031
595 0.22926 0.390206 2.45031
595 0.0865591 0.0960971 2.45031
595 0.317786 -0.271076 2.45031
595 -0.255856 0.572042 2.45031
595 -0.479239 0.0154588 8.73349
595 0.860191 0.552609 2.45031
595 0.312635 0.510689 2.45031
595 0.72819 -0.611529 8.73349
595 -0.790762 -0.462377 2.45031
595 -0.227708 -0.986722 8.73349
595 -0.915944 0.0708341 2.45031
595 0.245233 0.304995 2.45031
595 0.019156 -0.184648 2.45031
595 -0.410569 0.83699 2.45031
595 -0.641088 0.135833 8.73349
595 -0.563365 -0.707944 2.45031
595 -0.186623 -0.774521 2.45031
595 -0.641026 -0.193345 2.45031
595 0.504518 0.608793 2.45031
595 0.510864 0.668243 2.45031
595 0.364687 0.104571 2.45031
595 0.138835 -0.881145 2.45031
595 0.375224 -0.704819 2.45031
595 0.034659 0.452254 2.45031
595 0.412846 -0.664206 2.45031
595 0.273008 -0.597469 2.45031
595 0.425003 -0.569076 2.45031
595 0.349384 0.464654 2.45031
595 -0.46587 0.338418 2.45031
595 0.304354 -0.847117 2.45031
595 -0.746842 -0.495385 2.45031
595 0.672731 -0.168103 2.45031
595 -0.230463 0.379245 2.45031
595 0.682307 -0.402023 2.45031
595 -0.548238 -0.41979 2.45031
595 -0.948691 0.245309 8.73349
595 -0.0769997 1.03215 8.73349
595 0.876628 -0.196363 2.45031
595 -0.680524 0.241097 2.45031
595 -0.0191367 0.816748 2.45031
595 -0.206493 -0.583079 2.45031
595 -0.0170073 0.466806 2.45031
595 0.701824 -0.555195 8.73349
595 0.657275 -0.351451 2.45031
595 0.691289 0.186812 2.45031
595 -0.23806 0.113736 2.45031
595 -0.625087 0.827677 2.45031
595 0.338647 -0.949265 2.45031
595 -0.868861 0.036111 2.45031
595 -0.234349 0.619014 2.45031
595 0.83846 -0.151536 2.45031
595 -0.289468 -0.971319 2.45031
595 0.599099 -0.350458 2.45031
595 0.581085 0.290789 2.45031
595 -0.204346 0.565868 2.45031
595 -0.514461 0.900743 2.45031
595 -0.0589669 -0.148924 2.45031
595 -0.126947 -0.947137 2.45031
595 0.810961 0.293138 2.45031
595 0.501096 -0.129775 2.45031
595 -0.210589 0.469915 2.45031
595 0.175902 0.248175 2.45031
595 0.212188 0.210025 2.45031
595 0.825414 0.605368 8.73349
595 -0.135265 -0.225779 2.45031
595 0.0619675 -0.715963 2.45031
595 -0.394186 0.278214 2.45031
595 -0.875763 0.420437 2.45031
595 0.336057 -0.744098 2.45031
595 -0.20555 -0.721051 2.45031
595 0.764716 -0.565004 2.45031
595 -0.337152 0.400442 2.45031
595 -0.769689 0.693252 8.73349
595 -0.294755 -0.473651 2.45031
595 -0.587039 -0.186562 2.45031
595 -0.99077 0.294246 2.45031
595 -0.246113 -0.622077 2.45031
595 -0.166787 0.18605 2.45031
595 0.0967464 -0.351486 2.45031
595 -0.70941 -0.0605801 2.45031
595 0.951838 -0.354289 8.73349
595 -0.167198 -0.680473 2.45031
595 0.379602 -0.469469 2.45031
595 -0.234169 0.245269 2.45031
595 -0.325696 0.0873011 2.45031
595 -0.965666 -0.107184 2.45031
595 0.508288 -0.869111 2.45031
595 -0.394708 0.145547 2.45031
595 0.616282 0.418987 2.45031
595 -0.209652 1.01518 2.45031
595 -0.631017 -0.79851 2.45031
595 -0.0955563 -0.460642 2.45031
595 1.00958 0.121875 8.73349
595 0.348274 -0.309371 2.45031
595 -0.288307 0.621918 2.45031
595 -0.00176208 -0.564406 2.45031
595 0.625323 -0.6434 2.45031
595 -0.727525 -0.715094 2.45031
595 -0.457546 0.620882 2.45031
595 -0.278328 -0.522652 2.45031
595 0.54739 -0.108538 2.45031
595 0.743339 0.708079 2.45031
595 -0.50175 0.158174 2.45031
595 -0.574327 0.363972 2.45031
595 0.638861 0.106079 2.45031
595 -0.116532 0.174845 2.45031
595 0.981661 -0.252148 2.45031
595 0.548567 -0.25953 2.45031
595 0.908037 -0.25595 2.45031
595 0.733922 0.436409 2.45031
595 -0.85355 -0.458121 8.73349
595 -0.69514 -0.595022 2.45031
595 -0.275452 0.769603 2.45031
595 0.160746 -0.997742 2.45031
595 0.340772 0.555611 2.45031
595 -0.702327 -0.283006 2.45031
595 -0.619567 0.764508 2.45031
595 0.0240059 -0.753901 2.45031
595 -0.597608 -0.337839 2.45031
595 -0.0787811 -0.370449 2.45031
595 -0.00428782 0.416774 8.73349
595 0.353183 -0.653622 2.45031
595 -0.273527 0.998696 8.73349
595 0.151846 0.0153021 2.45031
595 0.62124 0.679273 2.45031
595 0.583387 0.0432086 2.45031
595 -0.0185146 -0.2832 2.45031
595 -0.163672 0.320065 2.45031
595 0.349077 0.323162 2.45031
595 0.996918 -0.190606 2.45031
595 0.31446 0.363353 2.45031
595 -0.279215 -0.198638 2.45031
595 -0.572941 -0.772104 2.45031
595 -0.905025 -0.347212 2.45031
595 -0.771664 -0.372927 2.45031
595 0.532248 0.0264562 8.73349
595 0.76455 0.491146 2.45031
595 0.417755 -0.433843 2.45031
595 -0.0778194 -0.50965 2.45031
595 0.386422 0.282462 8.73349
595 -0.659296 0.492005 2.45031
595 0.52961 0.469292 2.45031
595 -0.692345 0.149974 2.45031
595 0.285501 -0.00594266 2.45031
595 -0.119689 -0.27617 2.45031
595 0.250691 0.0333153 2.45031
595 0.0738921 -0.620334 2.45031
595 0.439104 -0.479424 8.73349
595 0.400052 0.331891 2.45031
595 0.727911 0.226644 2.45031
595 0.195951 0.539873 2.45031
595 -0.412981 0.19244 2.45031
595 0.601834 -0.740872 2.45031
595 0.569578 0.714817 2.45031
595 0.225224 -0.374474 2.45031
595 -0.605592 -0.233855 2.45031
595 0.658702 -0.0736019 2.45031
595 0.198538 -0.874505 2.45031
595 -0.0681469 0.47859 2.45031
595 0.563359 0.661366 2.45031
595 -0.403764 0.769307 2.45031
595 -0.0890181 -0.234564 2.45031
595 0.215626 -0.589259 8.73349
595 0.777855 0.208068 2.45031
595 -0.840975 0.270644 2.45031
595 -0.499001 0.442839 2.45031
595 0.280524 -0.969364 8.73349
595 0.645981 0.574557 2.45031
595 -0.587735 -0.0451602 2.45031
595 -0.257547 0.0288624 2.45031
595 0.764115 0.390636 2.45031
595 -0.722644 -0.00161475 2.45031
595 -0.205976 -0.87684 2.45031
595 -0.537795 0.26038 2.45031
595 0.253247 -0.550646 2.45031
595 0.128688 0.60962 2.45031
595 0.402222 -0.518862 2.45031
595 -0.400401 -0.630107 2.45031
595 -0.322372 -0.376112 2.45031
595 0.124358 0.23733 8.73349
595 0.57409 -0.00710657 2.45031
595 -0.4122 -0.384803 2.45031
595 0.428869 -0.254208 2.45031
595 0.175772 -0.158588 2.45031
595 -0.266894 0.340628 2.45031
595 -0.462342 -0.254031 2.45031
595 -0.0968606 0.260115 2.45031
595 0.1787 -0.932678 2.45031
595 -0.916991 -0.0586655 2.45031
595 -0.676026 -0.0210804 2.45031
595 -0.00473505 -0.957668 2.45031
595 -0.658584 -0.414574 2.45031
595 0.102924 0.00588906 2.45031
595 0.589495 0.776666 2.45031
595 -0.131297 -0.502073 2.45031
595 0.710129 0.285816 2.45031
595 0.460013 -0.295888 2.45031
595 -0.884689 -0.246671 2.45031
595 0.770884 -0.0547493 2.45031
595 -0.449188 -0.0767277 2.45031
595 -0.131466 0.91958 2.45031
595 0.649442 -0.448664 2.45031
595 -0.178864 0.512653 2.45031
595 -0.827661 0.533135 2.45031
595 -0.0377195 -1.01128 2.45031
595 -0.00887479 0.281 8.73349
595 0.497803 -0.482915 8.73349
595 0.835101 -0.042893 2.45031
595 -0.552036 -0.305529 2.45031
595 -0.152989 -0.048395 2.45031
595 0.431754 -0.343298 2.45031
595 -0.188798 0.101319 2.45031
595 0.227592 0.733209 2.45031
595 -0.379209 0.560457 2.45031
595 0.455922 -0.837345 2.45031
595 -0.374371 0.363755 2.45031
595 0.234101 -0.505111 8.73349
595 0.0132843 0.367897 2.45031
595 0.302253 -0.326558 2.45031
595 -0.377767 -0.830312 2.45031
595 0.611972 0.621075 2.45031
595 0.590686 0.561428 2.45031
595 -0.0736743 0.621995 2.45031
595 0.435592 0.742899 2.45031
595 0.0937924 0.273592 2.45031
595 -0.918441 0.00604416 2.45031
595 0.445772 -0.206575 2.45031
595 0.497445 0.321014 2.45031
595 -0.10686 0.441233 2.45031
595 -0.472994 -0.8988 8.73349
595 0.694187 -0.113689 2.45031
595 0.588466 0.464407 2.45031
595 0.416079 0.118533 8.73349
595 -0.0812923 0.212672 8.73349
595 -0.323175 0.220023 2.45031
595 -0.13624 0.535527 2.45031
595 -0.788551 0.26109 2.45031
595 0.461108 0.635388 2.45031
595 -0.365359 -0.739972 2.45031
595 -0.504758 0.650457 2.45031
595 0.0176482 -0.38953 2.45031
595 -0.416392 -0.276298 2.45031
595 0.00422829 -0.327474 2.45031
595 0.134648 0.103965 2.45031
595 0.298251 0.312944 2.45031
595 -0.464327 -0.30595 2.45031
595 -0.23933 -0.485397 2.45031
595 0.855454 -0.0951202 2.45031
595 0.428459 0.93872 8.73349
595 -0.67733 0.785242 2.45031
595 -0.552901 0.457213 2.45031
595 -0.643126 -0.0605129 2.45031
595 -1.02553 0.105719 8.73349
595 -0.686372 -0.510107 2.45031
595 -0.272585 -0.249152 2.45031
595 0.299914 0.0430391 2.45031
595 -0.843975 -0.206909 2.45031
595 0.266649 0.489396 2.45031
595 -0.484723 -0.562545 2.45031
595 -0.46671 -0.830358 2.45031
595 -0.751035 0.148276 2.45031
595 -0.55491 0.676502 2.45031
595 0.726458 -0.161103 2.45031
595 -0.712169 0.104703 2.45031
595 0.376392 -0.347172 2.45031
595 -0.0962207 0.0782593 2.45031
595 0.742363 -0.407898 2.45031
595 0.114011 1.02668 8.73349
595 0.508911 -0.390523 2.45031
595 -0.512739 0.777046 2.45031
595 -0.666309 0.339127 2.45031
595 0.338594 0.709491 2.45031
595 0.637049 0.0564023 2.45031
595 -0.269832 0.209141 2.45031
595 -0.674916 0.553564 2.45031
595 -0.0268214 0.331303 2.45031
595 0.603225 -0.257057 2.45031
595 -0.201996 -0.446181 2.45031
595 0.424658 0.244137 2.45031
595 -0.842024 -0.359091 2.45031
595 -0.31968 -0.0837859 2.45031
595 0.869751 0.280219 2.45031
595 0.0882872 0.427514 2.45031
595 0.154203 0.510454 2.45031
595 0.601128 -0.091094 2.45031
595 -0.0485322 0.765975 2.45031
595 -0.814994 -0.409189 2.45031
595 0.21544 0.634688 8.73349
595 -0.404791 -0.440475 2.45031
595 -0.422381 -0.864227 2.45031
595 -0.502257 0.299961 2.45031
595 0.212419 0.488189 2.45031
595 -0.072741 -0.792487 2.45031
595 0.197545 0.95611 2.45031
595 -0.483306 0.389227 2.45031
595 0.331101 0.142772 2.45031
595 -0.41841 -0.729183 2.45031
595 -0.907144 0.368411 2.45031
595 0.176889 1.01734 2.45031
595 -0.943926 -0.229518 2.45031
595 -0.818551 0.00447979 2.45031
595 -0.423212 0.660505 2.45031
595 -0.289812 0.12471 2.45031
595 0.150725 -0.442924 2.45031
595 0.217856 0.895542 2.45031
595 -0.40689 0.061127 2.45031
595 0.279015 -0.744245 2.45031
595 -0.183045 -0.227339 2.45031
595 -0.646588 0.284023 2.45031
595 -0.900135 -0.185807 2.45031
595 0.912004 0.327065 2.45031
595 0.790054 0.150977 2.45031
595 -0.535588 0.112745 2.45031
595 0.923278 0.439589 8.73349
595 0.876967 -0.303381 2.45031
595 0.0963278 0.142271 2.45031
595 -0.0872916 -0.188296 2.45031
595 0.738835 0.0490881 8.73349
595 -0.448736 0.153191 2.45031
595 -0.729849 0.571356 2.45031
595 0.297207 0.181112 2.45031
595 0.10157 0.522041 2.45031
595 0.279937 0.403869 2.45031
595 -0.619818 -0.734497 2.45031
595 -0.307969 0.0419321 2.45031
595 -0.0913204 -0.740144 2.45031
595 0.539536 -0.344329 2.45031
595 -0.534209 0.550605 2.45031
595 0.82921 -0.575266 2.45031
595 -0.488574 -0.169622 2.45031
595 -0.802678 -0.168402 2.45031
595 0.170353 -0.379243 2.45031
595 -0.570975 0.512462 2.45031
595 -0.563345 0.0652699 2.45031
595 -0.965865 0.126815 2.45031
595 0.467048 -0.680348 2.45031
595 -0.253646 0.16119 2.45031
595 0.102503 0.915347 2.45031
595 -0.368816 -0.0958891 2.45031
595 0.612054 0.250422 2.45031
595 0.882357 0.222472 2.45031
595 -0.163683 0.866493 2.45031
595 0.409023 0.47535 8.73349
595 -0.866114 -0.0855351 2.45031
595 0.641823 -0.221899 2.45031
595 0.0651482 -0.482219 2.45031
595 -0.363489 -0.408219 2.45031
595 -0.428929 0.0201994 2.45031
595 0.288602 0.562778 2.45031
595 -0.111237 -0.839576 2.45031
595 -0.712513 0.509336 2.45031
595 0.892922 0.498046 2.45031
595 -0.666084 -0.695422 2.45031
595 -0.105353 0.768114 2.45031
595 -0.295832 -0.00786273 2.45031
595 -0.823027 -0.262355 2.45031
595 -0.320339 0.351997 2.45031
595 0.613352 0.333673 2.45031
595 -0.988795 -0.275044 2.45031
595 -0.128809 0.625559 8.73349
595 0.264034 0.352507 2.45031
595 -0.556338 -0.643846 8.73349
595 -0.802146 0.170155 2.45031
595 0.464985 -0.043087 2.45031
595 -0.756439 0.309168 2.45031
595 -0.869044 -0.0245709 2.45031
595 0.560875 -0.0567574 2.45031
595 0.227665 0.25769 2.45031
595 0.648281 0.798128 2.45031
595 0.694803 -0.309495 2.45031
595 0.167668 0.46473 2.45031
595 0.893321 -0.356494 2.45031
595 0.109126 -0.824892 2.45031
595 0.846621 0.0693113 2.45031
595 -0.515518 0.49633 2.45031
595 -0.283523 -0.338427 2.45031
595 -0.724716 0.740235 2.45031
595 0.80159 -0.41036 8.73349
595 0.0508262 1.03222 8.73349
595 -0.476931 0.53394 2.45031
595 0.396362 -0.927303 2.45031
595 -0.447819 0.2892 2.45031
595 -0.173004 0.0506081 2.45031
595 -0.141457 0.0892329 2.45031
595 0.0778094 0.973494 2.45031
595 0.48255 -0.574869 2.45031
595 -0.708498 0.677971 2.45031
595 -0.439755 -0.528755 2.45031
595 -0.43616 0.56955 2.45031
595 -0.514556 0.717278 2.45031
595 -0.582973 -0.499146 2.45031
595 -0.102433 0.671705 2.45031
595 -0.218618 -0.398069 2.45031
595 0.633222 0.735947 2.45031
595 0.741155 0.328912 2.45031
595 -0.78403 -0.219369 2.45031
595 -0.77342 -0.667358 8.73349
595 -0.189967 -0.179752 2.45031
595 -0.714991 -0.113838 8.73349
595 0.0449525 -0.35153 2.45031
595 -0.572192 0.219608 2.45031
595 -0.409783 0.463412 2.45031
595 0.66484 -0.599865 2.45031
595 0.681615 0.694517 2.45031
595 -0.0152769 -0.798249 2.45031
595 -0.125719 0.0364791 2.45031
595 0.411136 -0.063456 8.73349
595 -0.271853 -0.103437 2.45031
595 0.269097 0.619845 2.45031
595 0.561527 0.512302 2.45031
595 0.372192 -0.0323787 8.73349
595 0.385981 0.0173474 2.45031
595 0.0122219 0.233354 2.45031
595 -0.262433 0.47695 2.45031
595 -0.445999 -0.663095 2.45031
595 0.590404 -0.442249 2.45031
595 -0.232072 -0.215056 2.45031
595 0.577081 -0.209143 2.45031
595 0.95039 0.143933 2.45031
595 -0.0465268 -0.32829 2.45031
595 0.27127 -0.462599 2.45031
595 0.0955508 -1.00724 8.73349
595 -0.320108 0.666023 2.45031
595 0.00233758 -0.0119417 2.45031
595 0.17267 -0.73423 2.45031
595 -0.307271 0.818337 2.45031
595 0.021334 0.186897 2.45031
595 -0.393828 0.959108 2.45031
595 0.300071 0.452887 2.45031
595 0.861373 -0.412408 2.45031
595 0.988542 0.248554 8.73349
595 -0.413908 -0.928056 8.73349
595 -0.732824 0.253737 8.73349
595 -0.770478 0.210101 2.45031
595 0.350061 0.190928 8.73349
595 0.795781 0.547072 2.45031
595 0.120375 -0.486782 8.73349
595 0.557526 0.606913 2.45031
595 0.316781 -0.794476 2.45031
595 0.321112 -0.0442682 2.45031
595 -0.186578 -0.937353 2.45031
595 -0.328506 -0.697958 2.45031
595 0.460272 0.208141 2.45031
595 -0.179448 0.369357 2.45031
595 -0.259994 -0.297413 2.45031
595 0.237488 -0.920162 2.45031
595 -0.376913 0.230459 2.45031
595 0.24917 -0.0997529 2.45031
595 0.899381 0.103971 2.45031
595 0.146009 -0.120092 2.45031
595 -0.644664 0.432257 2.45031
595 -0.34071 0.136815 2.45031
595 0.498254 0.513579 2.45031
595 -0.483097 0.111057 2.45031
595 -0.316462 0.484698 2.45031
595 -0.512189 0.0654875 2.45031
595 0.955589 0.0836158 2.45031
595 0.629194 0.0074253 2.45031
595 0.467237 0.471978 2.45031
595 0.332777 -0.37174 2.45031
595 0.591591 0.195532 2.45031
595 -0.129678 -0.784831 2.45031
595 -0.235362 -0.0694627 2.45031
595 -0.0787779 0.0272351 2.45031
595 -0.582216 0.130342 2.45031
595 0.119645 0.0551557 8.73349
595 -0.351509 -0.952487 8.73349
595 0.45399 -0.90244 2.45031
595 0.63951 0.15617 2.45031
595 0.268558 -0.0531503 2.45031
595 -0.857263 0.156559 2.45031
595 -0.131861 0.222982 2.45031
595 0.863237 -0.523891 2.45031
595 -0.142672 1.0266 8.73349
595 0.502477 -0.625873 2.45031
595 -0.54557 0.613479 2.45031
595 0.0444582 0.920432 2.45031
595 0.923238 -0.414092 8.73349
595 0.0516454 -0.223603 2.45031
595 0.686177 0.0266818 2.45031
595 0.847531 -0.250161 2.45031
595 -0.042893 -0.23734 2.45031
595 0.224903 -0.742246 2.45031
595 0.831288 -0.466073 8.73349
595 -0.0932242 -0.598155 2.45031
595 0.479224 0.00658179 2.45031
595 -0.664596 0.721566 2.45031
595 -0.0207846 0.613786 2.45031
595 -0.141166 -0.179104 2.45031
595 0.756038 -0.207939 2.45031
595 0.165774 -0.0718718 2.45031
595 -0.363563 -0.891168 2.45031
595 0.210642 0.344177 2.45031
595 0.325653 -0.464983 2.45031
595 -0.629292 0.378166 8.73349
595 0.0416512 0.270746 2.45031
595 -0.0333059 -0.190818 2.45031
595 -0.809359 0.117559 2.45031
595 -0.340417 0.267347 2.45031
595 0.48112 -0.741053 2.45031
595 0.258385 -0.797743 2.45031
595 0.934043 -0.206445 2.45031
595 0.439523 0.518812 2.45031
595 -0.537946 -0.474015 2.45031
595 0.0860275 -0.769758 2.45031
595 0.239929 0.835399 2.45031
595 0.754954 -0.306653 2.45031
595 0.48782 0.115959 2.45031
595 -0.188187 0.722029 2.45031
595 -0.97094 0.068694 2.45031
595 -0.148543 -0.45412 2.45031
595 0.275593 -0.139867 2.45031
595 -0.173872 -0.135748 2.45031
595 0.122984 -0.948981 2.45031
595 0.027071 -0.904819 8.73349
595 0.314762 0.0929498 2.45031
595 -0.552318 -0.364811 2.45031
595 -0.94481 -0.396653 8.73349
595 -0.255921 -0.437233 8.73349
595 -0.88101 -0.404179 2.45031
595 -0.101279 0.12683 2.45031
595 0.0611402 0.762408 2.45031
595 0.603087 -0.589362 2.45031
595 0.250091 -0.417648 2.45031
595 -0.429587 0.106771 2.45031
595 0.313589 -0.694148 2.45031
595 0.490711 0.0580565 2.45031
595 -0.223147 -0.119686 2.45031
595 -0.198718 0.282278 2.45031
595 -0.0153384 -0.0559266 2.45031
595 0.00402602 -0.850853 2.45031
595 -0.802987 -0.320964 2.45031
595 -0.388552 -0.00585476 8.73349
595 -0.392024 0.412799 2.45031
595 -0.597273 -0.282836 2.45031
595 0.696036 0.754535 2.45031
595 0.0812376 -0.260803 2.45031
595 0.424304 0.801201 2.45031
595 0.508328 -0.0741076 8.73349
595 -0.264294 0.670078 2.45031
595 -0.182728 0.234032 2.45031
595 0.293083 -0.645445 2.45031
595 0.0941937 -0.129632 2.45031
595 0.00404058 0.658747 2.45031
595 0.389302 0.844241 8.73349
595 0.595572 0.839092 2.45031
595 0.392371 0.699625 2.45031
595 -0.299107 0.436612 2.45031
595 -0.608071 0.700223 2.45031
595 -0.415216 -0.113385 2.45031
595 -0.930263 0.30732 2.45031
595 0.67548 -0.500941 2.45031
595 0.424705 -0.014699 2.45031
595 -0.460027 0.748831 2.45031
595 0.365255 0.96596 2.45031
595 -0.0393321 0.379707 2.45031
595 0.128263 -0.627525 2.45031
595 -0.645884 -0.306077 2.45031
595 -0.165369 -0.998551 2.45031
595 0.372334 -0.262048 2.45031
595 -0.198506 -0.0340223 8.73349
595 0.302532 -0.0899899 2.45031
595 -0.65092 0.65914 2.45031
595 -0.225281 -0.817869 2.45031
595 0.5128 -0.295177 2.45031
595 -0.0314737 0.518329 2.45031
595 -0.28702 0.256384 2.45031
595 0.141749 0.559106 2.45031
595 -0.113193 -0.550357 8.73349
595 -0.0575387 -0.557352 2.45031
595 -0.214806 0.330567 2.45031
595 -0.364721 -0.250455 2.45031
595 -0.0515518 0.118227 2.45031
595 0.509034 0.222518 2.45031
595 -0.766778 -0.278664 2.45031
595 0.280443 0.266334 2.45031
595 -0.551051 0.16977 2.45031
595 0.814638 -0.20381 2.45031
595 0.269771 -0.282207 2.45031
595 -0.0219492 0.71371 2.45031
595 0.955336 0.0246365 2.45031
595 0.688968 -0.656184 2.45031
595 0.460947 -0.526264 2.45031
595 -0.318491 -0.558136 8.73349
595 0.49428 0.167196 2.45031
595 0.554372 -0.780964 2.45031
595 -0.281473 0.526212 2.45031
595 -0.655415 -0.254229 2.45031
595 -0.14774 0.271227 2.45031
595 -0.872607 0.32022 2.45031
595 -0.346914 -0.0445381 2.45031
595 -0.590219 0.417317 2.45031
595 -0.600703 -0.395081 2.45031
595 -0.0511898 0.0710014 2.45031
595 -0.859808 0.474972 2.45031
595 -0.686278 0.39329 2.45031
595 0.675671 0.527821 2.45031
595 -0.313553 -0.278291 2.45031
595 0.752842 -0.671578 2.45031
595 -0.521483 -0.805894 2.45031
595 0.540304 -0.167414 8.73349
595 0.0637197 -0.853855 8.73349
595 -0.926649 -0.289758 2.45031
595 0.33176 0.864143 2.45031
595 0.526956 0.279194 2.45031
595 -0.167432 0.969854 2.45031
595 0.00390576 -0.232289 2.45031
595 -0.327657 -0.130714 2.45031
595 -0.0124874 -0.428434 2.45031
595 -0.624771 -0.0081945 2.45031
595 0.453404 -0.389336 2.45031
595 -0.789353 0.584137 2.45031
595 0.194279 -0.4194 2.45031
595 -0.0907558 -0.896126 2.45031
595 -0.396169 -0.494287 2.45031
595 0.698605 -0.214485 2.45031
595 -0.185146 -0.494438 2.45031
595 0.1949 0.690912 2.45031
595 -0.749398 -0.425338 2.45031
595 -0.702685 -0.453543 2.45031
595 -0.0539145 -0.846265 2.45031
595 -0.768763 0.0333066 2.45031
595 0.239535 1.00414 2.45031
595 0.18177 0.593003 2.45031
595 0.216703 -0.0622611 2.45031
595 -0.0776326 0.344597 2.45031
595 0.0491396 0.543653 2.45031
595 0.519434 -0.0239029 2.45031
595 -0.489119 -0.504744 2.45031
595 0.41752 0.382743 8.73349
595 -0.341774 0.9205 2.45031
595 -0.319743 -0.84787 2.45031
595 -0.371068 -0.298569 2.45031
595 -0.76762 0.52514 2.45031
595 0.368418 -0.820105 2.45031
595 0.72709 -0.25985 2.45031
595 0.853107 0.338631 2.45031
595 -0.341855 0.00244915 2.45031
595 -0.302695 -0.747355 2.45031
595 -0.341234 -0.788574 2.45031
595 0.281811 0.718795 2.45031
595 -0.149759 -0.590992 2.45031
595 -0.327578 -0.179299 2.45031
595 -0.281235 -0.149088 2.45031
595 -0.688835 -0.212881 2.45031
595 0.304411 -0.417561 2.45031
595 0.949873 0.377097 8.73349
595 0.182762 0.113143 2.45031
595 0.071945 0.0456555 2.45031
595 0.447512 -0.621705 2.45031
595 -0.322178 -0.228426 2.45031
595 -0.536382 0.403401 2.45031
595 -0.804177 0.475317 2.45031
595 -0.817157 0.0618399 2.45031
595 -0.852107 0.590187 2.45031
595 -0.607385 0.472806 2.45031
595 0.499823 -0.798391 8.73349
595 0.90012 0.0453294 2.45031
595 0.301066 0.664511 2.45031
595 0.380192 0.755241 2.45031
595 0.250184 -0.329013 2.45031
595 0.124209 -0.167336 2.45031
595 -0.194695 0.419271 2.45031
595 0.390129 -0.612073 2.45031
595 -0.264765 -0.708528 2.45031
595 -0.144352 0.408055 2.45031
595 0.018405 0.504502 2.45031
595 0.263105 0.219384 2.45031
595 -0.0298395 0.205208 2.45031
595 -0.24404 -0.761635 2.45031
595 -0.0992786 -0.324013 2.45031
595 0.0426283 -0.13789 2.45031
595 -0.0827612 0.528152 2.45031
595 -0.229212 0.520582 2.45031
595 0.0678624 0.31517 8.73349
595 -0.864418 0.0970797 2.45031
595 -0.361675 0.0463731 2.45031
595 0.488564 -0.183464 2.45031
595 0.450251 0.0858088 2.45031
595 0.799139 -0.516873 2.45031
595 -0.243307 0.721562 2.45031
595 -0.2349 -0.348984 2.45031
595 0.587604 0.143172 2.45031
595 -0.57098 -0.137356 2.45031
595 -0.754542 -0.606637 2.45031
595 0.196256 0.161381 2.45031
595 0.781989 -0.154458 2.45031
595 0.142667 0.286662 2.45031
595 -0.196422 0.824576 2.45031
595 -0.465791 -0.772568 2.45031
595 0.763473 0.269539 2.45031
595 -0.423307 -0.165606 2.45031
595 0.231586 0.122303 2.45031
595 0.0934251 0.810121 2.45031
595 -0.206617 0.015168 2.45031
595 -0.371117 -0.353876 2.45031
595 0.31677 0.925392 2.45031
595 -0.157744 0.579252 2.45031
595 0.203126 -0.686672 2.45031
595 0.436196 -0.78577 2.45031
595 0.107801 -0.577312 2.45031
595 0.0145128 -0.0977183 2.45031
595 -0.856829 -0.14633 2.45031
595 -0.139399 -0.10247 2.45031
595 0.00358717 -0.703829 8.73349
595 -0.718087 0.197038 2.45031
595 1.01373 0.0591917 8.73349
595 -0.609648 0.0913442 2.45031
595 0.399473 0.0672712 2.45031
595 -0.527506 0.0171321 2.45031
595 -0.219374 0.772845 2.45031
595 0.815512 -0.302831 2.45031
595 -0.463826 -0.127491 2.45031
595 -0.520472 -0.130785 2.45031
595 -0.420949 0.51949 2.45031
595 -0.664215 -0.104866 2.45031
595 -0.411351 0.326898 2.45031
595 -0.50339 -0.39055 2.45031
595 -0.0690174 -0.282995 2.45031
595 0.940991 0.204759 2.45031
595 -0.679849 -0.758084 8.73349
595 0.718015 -0.357115 2.45031
595 0.182228 -0.634171 2.45031
595 -0.0532473 -0.0149891 2.45031
595 0.584489 -0.143396 2.45031
595 -0.285157 -0.0526515 8.73349
595 -0.027416 -0.373714 2.45031
595 -1.01596 0.168382 2.45031
595 -0.328827 -0.322984 2.45031
595 0.233993 0.582055 2.45031
595 0.586857 0.092907 2.45031
595 0.645243 0.292075 2.45031
595 0.536078 0.815272 2.45031
595 -0.737396 -0.180614 2.45031
595 1.01127 -0.0630809 8.73349
595 -0.439463 -0.0279609 2.45031
595 -0.645484 -0.364173 2.45031
595 -0.110201 -0.689057 2.45031
595 0.324262 -0.13191 8.73349
595 0.302133 0.987037 2.45031
595 -0.556335 0.311941 2.45031
595 -0.311474 -0.426534 2.45031
595 0.95033 -0.299277 8.73349
595 0.315987 0.228498 2.45031
595 0.616568 -0.0414565 2.45031
595 -0.849832 -0.565967 8.73349
595 0.103409 -0.21385 2.45031
595 0.35298 0.653866 2.45031
595 0.438401 0.0346329 2.45031
595 0.475273 -0.435889 2.45031
595 -0.525032 -0.867862 2.45031
595 0.160329 0.907043 2.45031
595 -0.5654 0.741588 2.45031
595 0.368058 -0.56215 2.45031
595 -0.584687 0.574699 2.45031
595 -0.222252 0.0642158 2.45031
595 0.550674 0.33145 2.45031
595 -0.724043 -0.548292 2.45031
595 -0.344759 -0.646741 2.45031
595 -0.647588 -0.569573 2.45031
595 0.155251 -0.206145 2.45031
595 -0.567614 0.803429 2.45031
595 -0.466558 0.200583 2.45031
595 0.357322 -0.0806143 2.45031
595 -0.496122 0.58649 2.45031
595 -0.534119 -0.532866 2.45031
595 -0.973114 0.0109996 2.45031
595 0.255997 -0.189414 2.45031
595 -0.129788 -0.639351 2.45031
595 -0.358423 0.716986 2.45031
595 0.0217483 0.321068 2.45031
595 -0.045249 0.868876 2.45031
595 -0.104512 0.975331 2.45031
595 -0.651662 -0.634042 2.45031
595 0.0649615 -0.0908023 2.45031
595 0.366631 0.373967 2.45031
595 -0.709197 -0.388595 2.45031
595 0.161802 -0.583418 2.45031
595 -0.537852 -0.588256 8.73349
595 0.0743019 0.619764 2.45031
595 -0.282829 0.38864 2.45031
595 -0.586114 -0.556423 2.45031
595 0.521452 -0.676599 2.45031
595 0.296002 0.819563 2.45031
595 -0.9688 -0.33673 8.73349
595 0.573226 -0.304503 2.45031
595 0.357082 -0.420108 2.45031
595 0.822804 0.239289 2.45031
595 0.286901 -0.230448 2.45031
595 0.184368 -0.0237963 2.45031
595 -0.762006 -0.0773414 2.45031
595 -0.375889 -0.148189 2.45031
595 0.247782 0.532837 2.45031
595 -0.411569 0.715379 2.45031
595 -0.763495 0.090143 2.45031
595 0.141262 0.703671 2.45031
595 0.24793 0.675896 2.45031
595 0.690178 0.0788063 2.45031
595 0.069325 0.864717 2.45031
595 0.79271 0.0968159 8.73349
595 0.317724 0.761146 2.45031
595 0.0675356 0.486181 2.45031
595 0.338716 -0.223279 2.45031
595 -0.121306 0.488933 8.73349
595 -0.495226 -0.445919 8.73349
595 -0.245552 -0.0191632 2.45031
595 -0.0348545 -0.103064 2.45031
595 -0.483614 0.250565 2.45031
595 -0.398215 -0.05722 2.45031
595 0.126371 0.858224 2.45031
595 0.520256 -0.531155 2.45031
595 -0.489345 -0.0344345 2.45031
595 0.535548 -0.728439 2.45031
595 -0.953576 0.185453 2.45031
595 0.193171 0.29615 2.45031
595 -0.372999 0.499891 8.73349
595 0.827865 0.496814 8.73349
595 -0.910476 0.134731 2.45031
595 -0.0723202 0.921915 2.45031
595 0.0587935 -0.957326 2.45031
595 -0.113052 0.30856 2.45031
595 0.429301 0.59127 2.45031
595 0.64698 -0.699289 2.45031
595 -0.889009 0.532193 2.45031
595 -0.357366 0.315231 2.45031
595 0.306244 -0.181642 2.45031
595 -0.235013 0.879624 2.45031
595 -0.2726 0.0776704 2.45031
595 -0.201851 0.149793 2.45031
595 0.244515 0.44325 2.45031
595 0.537178 0.129158 2.45031
595 0.335584 0.00446471 2.45031
595 0.165595 -0.292173 2.45031
595 0.0474296 0.404735 2.45031
595 0.795796 0.443313 2.45031
595 -0.606733 0.178209 2.45031
595 -0.944683 0.41643 8.73349
595 0.640293 -0.545559 2.45031
595 0.246302 0.171104 2.45031
595 0.172321 0.383028 2.45031
595 0.776555 -0.356656 2.45031
595 -1.0066 0.229666 2.45031
595 -0.336114 0.533939 2.45031
595 -0.168292 -0.83016 2.45031
595 -0.608191 -0.672144 2.45031
595 -0.691131 -0.337893 2.45031
595 -0.44664 -0.47288 2.45031
595 -0.627121 -0.14349 2.45031
595 0.409273 0.195027 8.73349
595 0.113449 0.328875 2.45031
595 0.0663864 0.18245 2.45031
595 -0.292051 0.874865 2.45031
595 -0.102134 -1.00671 8.73349
595 -0.599807 -0.608571 2.45031
595 0.471991 0.562617 2.45031
595 0.888606 0.3882 8.73349
595 0.33337 0.412746 2.45031
595 -0.00826101 -0.145104 2.45031
595 0.630648 -0.303965 2.45031
595 -0.186973 -0.085634 2.45031
595 0.00115031 0.559648 2.45031
595 0.146141 0.152207 2.45031
595 0.826683 0.393628 8.73349
595 0.052713 0.665139 2.45031
595 0.112781 0.191842 2.45031
595 -0.388414 -0.683547 2.45031
595 0.664095 -0.760154 2.45031
595 -0.574777 0.0100421 2.45031
595 -0.109732 -0.0620679 2.45031
595 -0.20472 -0.31066 2.45031
595 0.143819 -0.339304 2.45031
595 0.218365 -0.286614 2.45031
595 0.439696 0.292757 8.73349
595 0.620149 0.514581 2.45031
595 0.000154389 0.1181 2.45031
595 1.01434 -0.00206725 8.73349
595 -0.893101 0.255737 2.45031
595 0.117115 -0.724313 2.45031
595 -0.0668578 0.165489 2.45031
595 -0.0846771 -0.105673 2.45031
595 0.115596 -0.0821263 2.45031
595 0.41473 -0.110935 2.45031
595 -0.303781 0.303968 2.45031
595 0.834111 -0.356317 2.45031
595 -0.286775 -0.66019 2.45031
595 -0.814273 -0.615383 2.45031
595 -0.262571 -0.572418 2.45031
595 -0.622211 0.534027 2.45031
595 -0.0535971 -0.696285 2.45031
595 0.257119 0.942309 8.73349
595 -0.454537 -0.202899 2.45031
595 -0.780365 0.36771 2.45031
595 0.452562 0.340007 2.45031
595 0.582759 0.375611 8.73349
595 -0.685016 -0.157724 2.45031
595 0.0175417 0.977091 2.45031
595 0.0870776 -0.528892 2.45031
595 -0.812746 -0.108549 2.45031
595 -0.165729 -0.406476 2.45031
595 -0.211736 0.671772 2.45031
595 -0.0731425 -0.646658 2.45031
595 0.523104 0.373858 2.45031
595 -0.885417 -0.512675 2.45031
595 0.397313 -0.389488 8.73349
595 -0.596939 0.637464 2.45031
595 0.0440277 -0.803634 2.45031
595 -0.262874 -0.863118 2.45031
595 0.134581 -0.0332409 8.73349
595 -0.520101 0.350849 2.45031
595 0.206146 0.790887 2.45031
595 0.540145 0.875043 2.45031
595 0.558637 0.237767 2.45031
595 0.787112 0.657529 2.45031
595 0.559672 -0.839839 2.45031
595 0.234817 -0.0148177 2.45031
595 0.971887 0.312755 2.45031
595 -0.716508 0.0524048 2.45031
595 0.64696 0.375487 2.45031
595 -0.102387 0.578062 8.73349
595 -0.896305 0.198067 2.45031
595 0.791609 0.0445344 2.45031
595 0.173717 -0.490463 2.45031
595 0.371304 -0.126684 2.45031
595 -0.235254 -0.164389 2.45031
595 -0.956966 -0.168346 2.45031
595 0.0293705 0.602102 2.45031
595 -0.0478151 0.667257 2.45031
595 0.265644 0.0825943 2.45031
595 0.274974 0.881025 2.45031
595 0.709176 0.377962 2.45031
595 -1.01657 -0.149609 8.73349
595 0.349898 -0.884183 2.45031
595 -0.0343442 -0.74684 2.45031
595 0.642261 0.20766 2.45031
595 0.639951 -0.125423 8.73349
595 0.31096 -0.556275 2.45031
595 -1.00471 -0.212541 2.45031
595 -0.299367 0.716352 2.45031
595 0.579794 -0.537652 2.45031
595 -0.3042 -0.90904 2.45031
595 0.563447 -0.632385 2.45031
595 0.614857 -0.802332 2.45031
595 -0.310474 0.575463 2.45031
595 0.0693474 0.363682 8.73349
595 -0.453482 -0.415813 2.45031
595 0.702883 0.587468 2.45031
595 0.372151 0.234154 8.73349
595 -0.817428 -0.0526887 2.45031
595 0.844095 0.0127346 2.45031
595 -0.37357 -0.197313 2.45031
595 0.349311 0.0542141 2.45031
595 -0.168839 -0.273333 2.45031
595 0.392826 -0.215728 2.45031
595 -0.351158 0.86294 2.45031
595 -0.282537 -0.803343 2.45031
595 -0.511013 -0.277007 2.45031
595 -0.0548908 0.42913 2.45031
595 0.738973 0.163283 2.45031
595 0.334793 0.273804 2.45031
595 -0.225669 -0.670323 2.45031
595 -0.18424 0.62346 2.45031
595 -0.112832 -0.413217 2.45031
595 0.124952 -0.396862 2.45031
