340 0.186713 -0.546031 2.45031
340 -0.381745 0.660002 2.45031
340 -0.457589 -0.606772 8.73349
340 0.953158 -0.0920801 2.45031
340 -0.169051 -0.554972 2.45031
340 0.928822 0.26688 8.73349
340 -0.356928 0.183532 2.45031
340 -0.408058 -0.221707 2.45031
340 -0.189508 -0.367646 8.73349
340 -0.157549 -0.00161063 2.45031
340 0.901516 -0.0666631 2.45031
340 0.159135 -0.831321 2.45031
340 -0.347865 0.613733 2.45031
340 0.485465 0.908218 8.73349
340 -0.018422 0.155368 2.45031
340 0.679426 0.331809 2.45031
340 -0.840479 0.379641 2.45031
340 0.691538 0.131867 2.45031
340 -0.780713 -0.551824 2.45031
340 -0.45596 -0.356412 2.45031
340 -0.916913 0.478838 2.45031
340 -0.660546 0.0798468 2.45031
340 -0.213314 -0.2683 2.45031
340 0.648271 0.462056 2.45031
340 -1.03012 -0.021878 2.45031
340 -0.916547 -0.457405 2.45031
340 0.331577 -0.600728 2.45031
340 -0.357814 0.45639 2.45031
340 0.797445 0.348378 2.45031
340 -0.326691 0.980219 2.45031
340 0.0499258 -0.652238 2.45031
340 -0.0223697 0.0276301 2.45031
340 0.407619 -0.166327 2.45031
340 0.440292 0.430563 8.73349
340 0.0995145 -0.439392 2.45031
340 0.0851206 0.712383 2.45031
340 0.238586 -0.240273 2.45031
340 0.544904 -0.580696 2.45031
340 0.149295 0.802732 2.45031
340 0.619298 -0.492227 2.45031
340 0.0718318 -0.399337 2.45031
340 -0.803433 0.423493 2.45031
340 -0.252881 0.82082 2.45031
340 -0.719964 0.352547 2.45031
340 -0.657149 0.187186 2.45031
340 0.00216778 -0.466673 2.45031
340 -0.0531384 -0.46229 2.45031
340 0.198009 -0.334022 2.45031
340 0.340299 -0.516448 8.73349
340 0.679789 0.249506 2.45031
340 -0.818217 -0.510639 2.45031
340 -0.0131327 1.03367 8.73349
340 0.447184 0.684418 2.45031
340 0.667536 0.638645 2.45031
340 0.632016 -0.183965 2.45031
340 0.859245 0.450224 2.45031
340 0.357131 -0.174214 2.45031
340 0.730454 0.540698 2.45031
340 0.0863642 -0.895593 2.45031
340 0.352168 0.802701 2.45031
340 -0.460808 0.0671533 2.45031
340 0.536393 -0.439547 2.45031
340 -0.812659 0.328467 8.73349
340 0.398587 0.547719 2.45031
340 0.560311 -0.487292 2.45031
340 0.627542 -0.393771 2.45031
340 -0.968291 0.362776 2.45031
340 -0.355697 -0.45878 2.45031
340 -0.644884 -0.46352 2.45031
340 -0.447754 0.423376 2.45031
340 -0.51582 0.209004 2.45031
340 0.478591 0.260685 2.45031
340 -0.552887 -0.0889627 2.45031
340 0.680111 0.419228 2.45031
340 -0.246167 -0.923912 2.45031
340 0.0360146 0.144925 2.45031
340 0.226539 -0.149363 2.45031
340 -0.576588 -0.838304 2.45031
340 0.671654 -0.0225052 2.45031
340 -0.242227 0.427264 2.45031
340 0.713885 -0.0568089 2.45031
340 0.498343 0.427285 2.45031
340 -0.740688 -0.330328 2.45031
340 -0.47189 0.690451 2.45031
340 0.784977 -0.00401547 2.45031
340 0.486915 0.722853 2.45031
340 -0.303358 0.17298 2.45031
340 -0.97341 -0.0497268 2.45031
340 -0.625401 0.228894 2.45031
340 0.530834 0.754506 2.45031
340 -0.223367 -0.547474 2.45031
340 -0.413697 -0.322113 2.45031
340 -0.0770924 0.814566 2.45031
340 -0.248198 0.292062 2.45031
340 0.801649 -0.0976499 2.45031
340 -0.843366 0.217983 2.45031
340 0.187009 -0.248267 2.45031
340 0.0358903 0.814678 2.45031
340 0.111121 -0.303678 2.45031
340 0.407884 0.642127 2.45031
340 0.182478 0.848828 8.73349
340 0.211671 -0.462877 2.45031
340 0.0867301 0.573647 2.45031
340 0.0577828 -0.311534 2.45031
340 -0.108758 -0.0157826 2.45031
340 -0.863689 -0.303285 2.45031
340 -0.334697 0.759784 2.45031
340 -0.449316 0.805354 2.45031
340 0.197535 -0.10993 2.45031
340 -0.514804 -0.681157 2.45031
340 -0.448909 0.934941 2.45031
340 -0.426737 0.240433 2.45031
340 -0.0721241 -0.0489396 8.73349
340 0.405913 -0.300689 2.45031
340 0.545377 0.180615 2.45031
340 0.208635 -0.804353 2.45031
340 -0.739483 0.411381 2.45031
340 -0.015211 0.921228 2.45031
340 -0.380305 -0.540212 2.45031
340 0.846697 0.127524 2.45031
340 0.381482 0.154216 2.45031
340 0.117193 0.75711 2.45031
340 0.53493 0.0777419 2.45031
340 -0.768916 -0.0234552 2.45031
340 -0.0409989 0.248098 2.45031
340 -0.537725 -0.184244 2.45031
340 -1.02907 0.0427152 2.45031
340 0.199471 0.0243765 2.45031
340 0.319806 0.607735 2.45031
340 0.433919 0.87571 2.45031
340 0.157447 -0.777179 2.45031
340 0.136477 0.966578 2.45031
340 0.116779 0.470513 2.45031
340 -0.150626 -0.737787 2.45031
340 0.387865 0.427384 2.45031
340 0.584394 -0.688509 2.45031
340 -0.104648 0.865313 2.45031
340 0.134118 -0.257226 2.45031
340 -0.136221 -0.37602 2.45031
340 0.838548 0.185787 2.45031
340 -0.152257 0.134827 2.45031
340 0.669481 -0.263697 8.73349
340 -0.471231 -0.71328 2.45031
340 -0.63417 0.600471 8.73349
340 0.207392 -0.200088 2.45031
340 0.710139 -0.717549 8.73349
340 -0.216944 0.196108 2.45031
340 -0.0284413 -0.508541 2.45031
340 0.28315 -0.372041 2.45031
340 -0.00552035 -0.650548 2.45031
340 0.0901899 -0.682649 2.45031
340 -0.10503 -0.128411 2.45031
340 0.0500089 -0.558585 2.45031
340 -0.470942 0.473009 2.45031
340 -0.747371 0.4654 2.45031
340 0.375099 0.905463 8.73349
340 0.163506 0.64839 8.73349
340 0.895483 -0.133617 2.45031
340 0.00481492 0.764732 2.45031
340 0.256585 -0.691963 2.45031
340 0.0273384 -0.510744 2.45031
340 0.724288 0.651976 2.45031
340 0.702734 0.480839 2.45031
340 0.295083 -0.9038 2.45031
340 0.136883 -0.532677 2.45031
340 0.792755 -0.624104 2.45031
340 0.391942 -0.755812 2.45031
340 -0.367638 0.803642 2.45031
340 0.0327283 -0.0552858 2.45031
340 0.532522 -0.22006 2.45031
340 -0.519295 -0.747008 2.45031
340 0.75995 0.600764 2.45031
340 -0.746603 0.634905 2.45031
340 0.893787 -0.470541 2.45031
340 0.373716 0.598501 8.73349
340 0.447867 0.152727 2.45031
340 0.892054 -0.0127124 2.45031
340 0.199979 0.429475 2.45031
340 -0.701022 0.291585 2.45031
340 -0.712851 -0.655529 2.45031
340 -0.276841 0.928586 2.45031
340 0.455966 -0.151655 2.45031
340 0.431559 -0.712953 2.45031
340 -0.538859 -0.0372122 2.45031
340 0.164132 0.337261 2.45031
340 0.027192 -0.276136 2.45031
340 0.0208528 -0.602956 2.45031
340 -0.426401 0.37549 2.45031
340 -0.160897 0.670722 2.45031
340 0.14342 0.423721 2.45031
340 -0.16493 0.768798 2.45031
340 -0.595649 -0.444582 2.45031
340 -0.501192 -0.0824761 2.45031
340 -0.613429 0.315482 2.45031
340 -0.669953 0.0264281 2.45031
340 1.00122 0.184845 2.45031
340 0.173118 0.747321 2.45031
340 -0.504344 -0.22232 2.45031
340 -0.808489 0.646965 2.45031
340 0.481158 -0.246534 2.45031
340 0.478069 0.840656 2.45031
340 0.74712 -0.105618 2.45031
340 0.74076 0.104691 2.45031
340 0.223026 -0.983859 2.45031
340 -0.0316358 -0.905041 2.45031
340 -0.0510134 0.571138 2.45031
340 0.94762 -0.150875 2.45031
340 -0.503818 -0.334098 8.73349
340 -0.0585775 0.294863 2.45031
340 0.476284 0.782924 2.45031
340 0.472272 0.384215 2.45031
340 0.729337 -0.0046083 8.73349
340 -0.0434449 0.976292 2.45031
340 -0.177521 -0.644885 2.45031
340 -0.40208 0.607136 2.45031
340 -0.0642083 -0.956814 2.45031
340 0.0291247 0.714604 2.45031
340 0.480185 -0.3545 2.45031
340 0.215302 0.0727984 2.45031
340 0.0323203 -0.426552 2.45031
340 0.894794 0.163894 2.45031
340 -0.735431 -0.234495 2.45031
340 -0.503075 -0.627999 2.45031
340 0.109298 0.662556 2.45031
340 -0.506091 0.840482 2.45031
340 0.368632 0.508417 2.45031
340 0.0870661 -0.0461424 2.45031
340 0.25363 -0.85388 2.45031
340 0.531211 0.557613 2.45031
340 -0.635506 -0.519006 2.45031
340 0.0329804 -1.01115 2.45031
340 -0.307316 -0.609129 2.45031
340 -0.60506 -0.0997761 2.45031
340 0.281529 -0.512657 2.45031
340 0.77059 -0.457975 2.45031
340 0.552867 0.417442 2.45031
340 0.404674 -0.858525 2.45031
340 0.570043 -0.394482 2.45031
340 0.0566654 -0.0112229 2.45031
340 -0.152928 -0.331206 2.45031
340 -0.0895423 0.391583 2.45031
340 -0.767867 -0.131627 2.45031
340 -0.193573 0.912362 8.73349
340 0.145622 -0.680365 2.45031
340 -0.688782 0.618702 2.45031
340 -0.274758 -0.392312 2.45031
340 -0.911713 -0.119964 2.45031
340 0.166542 0.0640867 2.45031
340 0.0103571 0.0668611 2.45031
340 -0.159561 0.458756 2.45031
340 0.0708246 0.234099 2.45031
340 -0.0732678 -0.410745 2.45031
340 0.260279 0.775724 2.45031
340 -0.340047 -0.507662 2.45031
340 -0.455567 0.872218 2.45031
340 0.462161 -0.0948499 2.45031
340 -0.364779 -0.593403 8.73349
340 -0.228547 0.95606 2.45031
340 -0.0325292 -0.602233 2.45031
340 -0.12621 0.356075 2.45031
340 -0.564251 0.869372 2.45031
340 0.235483 -0.639695 2.45031
340 -0.554166 -0.240209 2.45031
340 -0.37309 0.100256 2.45031
340 0.738094 -0.505538 2.45031
340 0.0295894 0.024914 2.45031
340 0.710234 -0.449762 2.45031
340 -0.134624 0.718618 2.45031
340 -0.693053 0.45181 2.45031
340 0.159503 0.20011 2.45031
340 1.00732 -0.126095 8.73349
340 -0.616791 0.0410673 2.45031
340 -0.135601 0.815096 2.45031
340 0.0452937 0.0991125 2.45031
340 -0.39602 0.901213 2.45031
340 0.279206 0.131335 8.73349
340 0.0106162 0.867354 2.45031
340 0.0755617 -0.179526 2.45031
340 -1.02551 -0.0876868 2.45031
340 -0.151047 -0.890085 2.45031
340 -0.419991 -0.572834 2.45031
340 -0.409508 -0.784807 2.45031
340 0.122817 0.38005 2.45031
340 -0.590252 0.267296 2.45031
340 0.787452 -0.251843 2.45031
340 0.953569 -0.0316472 2.45031
340 -0.0780292 0.716203 2.45031
340 0.232312 0.390416 2.45031
340 0.0902884 0.0981404 2.45031
340 0.319537 -0.271246 2.45031
340 -0.260341 0.571234 2.45031
340 -0.480771 0.0187481 8.73349
340 0.856738 0.557493 2.45031
340 0.3137 0.510381 2.45031
340 0.729714 -0.610525 8.73349
340 -0.788007 -0.460687 2.45031
340 -0.22773 -0.986877 8.73349
340 -0.915829 0.0787787 2.45031
340 0.247904 0.303495 2.45031
340 0.0232989 -0.187869 2.45031
340 -0.406752 0.84101 2.45031
340 -0.645311 0.132498 8.73349
340 -0.564989 -0.710243 2.45031
340 -0.190378 -0.774164 2.45031
340 -0.640819 -0.194362 2.45031
340 0.512384 0.615903 2.45031
340 0.511034 0.675169 2.45031
340 0.363257 0.103875 2.45031
340 0.144019 -0.888559 2.45031
340 0.375277 -0.697456 2.45031
340 0.0325 0.454674 2.45031
340 0.414789 -0.657779 2.45031
340 0.270704 -0.598537 2.45031
340 0.427936 -0.568263 2.45031
340 0.351552 0.463338 2.45031
340 -0.46264 0.33666 2.45031
340 0.310707 -0.84397 2.45031
340 -0.746491 -0.495074 2.45031
340 0.678301 -0.162707 2.45031
340 -0.227249 0.377989 2.45031
340 0.682937 -0.395621 2.45031
340 -0.547772 -0.418223 2.45031
340 -0.95055 0.24904 8.73349
340 -0.0763962 1.03159 8.73349
340 0.876913 -0.194233 2.45031
340 -0.68582 0.231208 2.45031
340 -0.0206585 0.815551 2.45031
340 -0.202871 -0.597482 2.45031
340 -0.0182462 0.468189 2.45031
340 0.704407 -0.552988 8.73349
340 0.65662 -0.34284 2.45031
340 0.693011 0.186831 2.45031
340 -0.236163 0.111815 2.45031
340 -0.619886 0.831823 2.45031
340 0.340772 -0.949049 2.45031
340 -0.868361 0.0424192 2.45031
340 -0.238409 0.618453 2.45031
340 0.839599 -0.148912 2.45031
340 -0.289107 -0.971043 2.45031
340 0.601285 -0.346691 2.45031
340 0.580893 0.290946 2.45031
340 -0.208257 0.566819 2.45031
340 -0.508846 0.90418 2.45031
340 -0.0554671 -0.148728 2.45031
340 -0.126862 -0.949374 2.45031
340 0.810652 0.295813 2.45031
340 0.501384 -0.131494 2.45031
340 -0.208195 0.470013 2.45031
340 0.176542 0.247292 2.45031
340 0.210292 0.208516 2.45031
340 0.8221 0.609586 8.73349
340 -0.132344 -0.209475 2.45031
340 0.0660994 -0.734941 2.45031
340 -0.390142 0.279035 2.45031
340 -0.872524 0.427205 2.45031
340 0.339375 -0.741342 2.45031
340 -0.201348 -0.713515 2.45031
340 0.765891 -0.563338 2.45031
340 -0.33699 0.406114 2.45031
340 -0.766951 0.696953 8.73349
340 -0.298796 -0.476786 2.45031
340 -0.587327 -0.191741 2.45031
340 -0.99003 0.298718 2.45031
340 -0.248277 -0.621648 2.45031
340 -0.166429 0.184093 2.45031
340 0.0957864 -0.352567 2.45031
340 -0.716006 -0.0619658 2.45031
340 0.950889 -0.355943 8.73349
340 -0.1483 -0.687721 2.45031
340 0.374891 -0.477226 2.45031
340 -0.232266 0.244447 2.45031
340 -0.323774 0.0873706 2.45031
340 -0.965625 -0.108051 2.45031
340 0.514036 -0.869654 2.45031
340 -0.393137 0.145982 2.45031
340 0.615043 0.41659 2.45031
340 -0.206271 1.016 2.45031
340 -0.629779 -0.800374 2.45031
340 -0.102367 -0.465892 2.45031
340 1.00985 0.121155 8.73349
340 0.35027 -0.310491 2.45031
340 -0.292873 0.618979 2.45031
340 -0.00390373 -0.554491 2.45031
340 0.627857 -0.643667 2.45031
340 -0.727913 -0.71552 2.45031
340 -0.459884 0.59614 2.45031
340 -0.282936 -0.525958 2.45031
340 0.550165 -0.111739 2.45031
340 0.739026 0.713063 2.45031
340 -0.500135 0.158156 2.45031
340 -0.576577 0.355248 2.45031
340 0.638937 0.108262 2.45031
340 -0.117189 0.172658 2.45031
340 0.98151 -0.251793 2.45031
340 0.52835 -0.268748 2.45031
340 0.909651 -0.256653 2.45031
340 0.734407 0.437192 2.45031
340 -0.852231 -0.459657 8.73349
340 -0.696724 -0.597533 2.45031
340 -0.277266 0.766715 2.45031
340 0.161797 -0.996876 2.45031
340 0.3408 0.555723 2.45031
340 -0.706516 -0.280902 2.45031
340 -0.616132 0.769031 2.45031
340 0.010098 -0.747518 2.45031
340 -0.597292 -0.337088 2.45031
340 -0.0908474 -0.361262 2.45031
340 -0.00441783 0.417144 8.73349
340 0.352788 -0.648436 2.45031
340 -0.270476 0.999301 8.73349
340 0.1496 0.015709 2.45031
340 0.618406 0.680122 2.45031
340 0.580701 0.0427874 2.45031
340 -0.019818 -0.287519 2.45031
340 -0.160705 0.318018 2.45031
340 0.351149 0.3206 2.45031
340 0.996457 -0.190655 2.45031
340 0.317035 0.361189 2.45031
340 -0.272627 -0.202209 2.45031
340 -0.572293 -0.775096 2.45031
340 -0.904621 -0.348573 2.45031
340 -0.773468 -0.372011 2.45031
340 0.529215 0.0249284 8.73349
340 0.76227 0.494035 2.45031
340 0.412448 -0.440929 2.45031
340 -0.0813949 -0.51158 2.45031
340 0.388042 0.280008 8.73349
340 -0.655254 0.495201 2.45031
340 0.528258 0.468837 2.45031
340 -0.697103 0.158813 2.45031
340 0.284553 -0.00582044 2.45031
340 -0.120866 -0.259775 2.45031
340 0.249354 0.0330888 2.45031
340 0.0753784 -0.609537 2.45031
340 0.441675 -0.480614 8.73349
340 0.401496 0.330204 2.45031
340 0.729604 0.22585 2.45031
340 0.195042 0.538836 2.45031
340 -0.410411 0.192655 2.45031
340 0.600562 -0.74031 2.45031
340 0.566915 0.713296 2.45031
340 0.22935 -0.372907 2.45031
340 -0.610852 -0.238489 2.45031
340 0.655722 -0.0726444 2.45031
340 0.201449 -0.870535 2.45031
340 -0.0687504 0.479038 2.45031
340 0.562672 0.657393 2.45031
340 -0.400929 0.761455 2.45031
340 -0.0832573 -0.224349 2.45031
340 0.208524 -0.593567 8.73349
340 0.779964 0.208071 2.45031
340 -0.843486 0.274969 2.45031
340 -0.504713 0.434321 2.45031
340 0.282138 -0.968196 8.73349
340 0.647325 0.573606 2.45031
340 -0.588399 -0.0472642 2.45031
340 -0.256493 0.0273859 2.45031
340 0.765086 0.392723 2.45031
340 -0.722255 -2.92415e-05 2.45031
340 -0.208509 -0.876578 2.45031
340 -0.535024 0.257548 2.45031
340 0.245443 -0.555168 2.45031
340 0.128176 0.610562 2.45031
340 0.404382 -0.519382 2.45031
340 -0.404935 -0.629839 2.45031
340 -0.324041 -0.374934 2.45031
340 0.124565 0.239206 8.73349
340 0.571003 -0.0075617 2.45031
340 -0.412095 -0.382263 2.45031
340 0.428485 -0.254168 2.45031
340 0.177469 -0.160668 2.45031
340 -0.264104 0.339731 2.45031
340 -0.460986 -0.252277 2.45031
340 -0.0935191 0.258544 2.45031
340 0.182996 -0.934506 2.45031
340 -0.919059 -0.0513732 2.45031
340 -0.67897 -0.0287187 2.45031
340 -0.000597298 -0.958146 2.45031
340 -0.658829 -0.412559 2.45031
340 0.0995129 0.00892238 2.45031
340 0.585232 0.777747 2.45031
340 -0.135434 -0.511269 2.45031
340 0.712818 0.288785 2.45031
340 0.459774 -0.296643 2.45031
340 -0.885257 -0.247323 2.45031
340 0.769739 -0.0529507 2.45031
340 -0.450648 -0.0725898 2.45031
340 -0.132371 0.916849 2.45031
340 0.652663 -0.444867 2.45031
340 -0.179122 0.513622 2.45031
340 -0.82328 0.537345 2.45031
340 -0.0334136 -1.01193 2.45031
340 -0.00687844 0.282387 8.73349
340 0.500653 -0.481969 8.73349
340 0.832339 -0.0403599 2.45031
340 -0.547571 -0.308539 2.45031
340 -0.153088 -0.0495176 2.45031
340 0.430727 -0.34535 2.45031
340 -0.186394 0.0980813 2.45031
340 0.227275 0.732591 2.45031
340 -0.371394 0.561658 2.45031
340 0.462164 -0.839657 2.45031
340 -0.371085 0.365477 2.45031
340 0.225359 -0.509803 8.73349
340 0.01752 0.369663 2.45031
340 0.304789 -0.326493 2.45031
340 -0.377902 -0.82823 2.45031
340 0.614862 0.620789 2.45031
340 0.595133 0.55525 2.45031
340 -0.0759378 0.621845 2.45031
340 0.431024 0.742365 2.45031
340 0.096272 0.279359 2.45031
340 -0.918946 0.0147522 2.45031
340 0.444566 -0.205702 2.45031
340 0.497064 0.318388 2.45031
340 -0.106205 0.440433 2.45031
340 -0.470051 -0.900116 8.73349
340 0.694142 -0.109245 2.45031
340 0.586285 0.461328 2.45031
340 0.414076 0.11915 8.73349
340 -0.0813085 0.211446 8.73349
340 -0.320677 0.220382 2.45031
340 -0.1356 0.534911 2.45031
340 -0.789973 0.27293 2.45031
340 0.464258 0.632817 2.45031
340 -0.365369 -0.737409 2.45031
340 -0.497735 0.643364 2.45031
340 0.00638455 -0.382601 2.45031
340 -0.413497 -0.271354 2.45031
340 0.00201273 -0.329527 2.45031
340 0.135501 0.105942 2.45031
340 0.300687 0.310626 2.45031
340 -0.462655 -0.302469 2.45031
340 -0.242461 -0.496403 2.45031
340 0.854396 -0.0909027 2.45031
340 0.4265 0.939534 8.73349
340 -0.673345 0.789194 2.45031
340 -0.555503 0.451774 2.45031
340 -0.641549 -0.0630291 2.45031
340 -1.02478 0.105983 8.73349
340 -0.687758 -0.505049 2.45031
340 -0.263611 -0.252029 2.45031
340 0.299104 0.0424977 2.45031
340 -0.846074 -0.206758 2.45031
340 0.268708 0.489445 2.45031
340 -0.487421 -0.561383 2.45031
340 -0.462701 -0.830756 2.45031
340 -0.751427 0.143318 2.45031
340 -0.546447 0.680726 2.45031
340 0.729278 -0.159907 2.45031
340 -0.703954 0.108362 2.45031
340 0.378461 -0.348386 2.45031
340 -0.0905004 0.0743372 2.45031
340 0.74313 -0.403795 2.45031
340 0.112746 1.02675 8.73349
340 0.509211 -0.395885 2.45031
340 -0.5063 0.782778 2.45031
340 -0.666824 0.332465 2.45031
340 0.337411 0.707942 2.45031
340 0.634783 0.0582462 2.45031
340 -0.268211 0.209228 2.45031
340 -0.67184 0.556443 2.45031
340 -0.024595 0.332412 2.45031
340 0.582392 -0.256245 2.45031
340 -0.208176 -0.456783 2.45031
340 0.425683 0.241699 2.45031
340 -0.841976 -0.359208 2.45031
340 -0.325893 -0.0909551 2.45031
340 0.869846 0.282244 2.45031
340 0.0914243 0.427603 2.45031
340 0.152114 0.511899 2.45031
340 0.600079 -0.0918127 2.45031
340 -0.049828 0.763973 2.45031
340 -0.815429 -0.410083 2.45031
340 0.214956 0.633665 8.73349
340 -0.406285 -0.43803 2.45031
340 -0.419648 -0.865808 2.45031
340 -0.499046 0.297542 2.45031
340 0.214966 0.488269 2.45031
340 -0.0722918 -0.79694 2.45031
340 0.196249 0.956385 2.45031
340 -0.48297 0.384616 2.45031
340 0.329392 0.141837 2.45031
340 -0.419684 -0.727198 2.45031
340 -0.905354 0.375245 2.45031
340 0.175514 1.01757 2.45031
340 -0.943889 -0.230462 2.45031
340 -0.819339 0.0076435 2.45031
340 -0.437813 0.647778 2.45031
340 -0.287715 0.123987 2.45031
340 0.154388 -0.440636 2.45031
340 0.216773 0.895856 2.45031
340 -0.405192 0.062858 2.45031
340 0.279561 -0.740826 2.45031
340 -0.172745 -0.236937 2.45031
340 -0.649995 0.275281 2.45031
340 -0.901349 -0.185162 2.45031
340 0.913338 0.328824 2.45031
340 0.792133 0.152383 2.45031
340 -0.537927 0.111541 2.45031
340 0.922013 0.443631 8.73349
340 0.877573 -0.302519 2.45031
340 0.0886867 0.145374 2.45031
340 -0.0912546 -0.178401 2.45031
340 0.737079 0.0491066 8.73349
340 -0.447475 0.153284 2.45031
340 -0.726686 0.573287 2.45031
340 0.295061 0.179714 2.45031
340 0.0988935 0.522682 2.45031
340 0.283154 0.402444 2.45031
340 -0.620131 -0.736512 2.45031
340 -0.306779 0.0411441 2.45031
340 -0.0972686 -0.744048 2.45031
340 0.541238 -0.351682 2.45031
340 -0.541426 0.543378 2.45031
340 0.829318 -0.574921 2.45031
340 -0.486537 -0.168911 2.45031
340 -0.806008 -0.167489 2.45031
340 0.172536 -0.380748 2.45031
340 -0.576784 0.505417 2.45031
340 -0.563766 0.0625093 2.45031
340 -0.965361 0.126787 2.45031
340 0.473384 -0.678205 2.45031
340 -0.252406 0.160266 2.45031
340 0.101144 0.915283 2.45031
340 -0.373296 -0.0915549 2.45031
340 0.611645 0.250776 2.45031
340 0.88377 0.224022 2.45031
340 -0.164985 0.864188 2.45031
340 0.411176 0.478316 8.73349
340 -0.870515 -0.080537 2.45031
340 0.629648 -0.234514 2.45031
340 0.059477 -0.469364 2.45031
340 -0.364374 -0.405891 2.45031
340 -0.430101 0.0235411 2.45031
340 0.288457 0.562358 2.45031
340 -0.114119 -0.844306 2.45031
340 -0.708636 0.511269 2.45031
340 0.890655 0.50341 2.45031
340 -0.666459 -0.696257 2.45031
340 -0.106661 0.765614 2.45031
340 -0.294579 -0.00869459 2.45031
340 -0.82335 -0.262306 2.45031
340 -0.318698 0.355879 2.45031
340 0.613921 0.33313 2.45031
340 -0.988396 -0.276583 2.45031
340 -0.132169 0.623834 8.73349
340 0.266894 0.351309 2.45031
340 -0.55953 -0.643919 8.73349
340 -0.798648 0.171159 2.45031
340 0.463811 -0.0456336 2.45031
340 -0.754053 0.313169 2.45031
340 -0.871319 -0.0184043 2.45031
340 0.559587 -0.0579103 2.45031
340 0.228499 0.256005 2.45031
340 0.643577 0.80113 2.45031
340 0.696265 -0.306083 2.45031
340 0.170264 0.467646 2.45031
340 0.89289 -0.356096 2.45031
340 0.105136 -0.837239 2.45031
340 0.846942 0.0703167 2.45031
340 -0.519036 0.493285 2.45031
340 -0.286412 -0.337925 2.45031
340 -0.720703 0.744116 2.45031
340 0.801702 -0.407022 8.73349
340 0.0498655 1.03209 8.73349
340 -0.482358 0.536786 2.45031
340 0.398298 -0.926244 2.45031
340 -0.443833 0.288774 2.45031
340 -0.171629 0.0480014 2.45031
340 -0.137964 0.0846615 2.45031
340 0.0765718 0.973232 2.45031
340 0.486522 -0.575289 2.45031
340 -0.706929 0.682055 2.45031
340 -0.442697 -0.526331 2.45031
340 -0.424848 0.556841 2.45031
340 -0.512275 0.724459 2.45031
340 -0.585893 -0.498188 2.45031
340 -0.105065 0.669836 2.45031
340 -0.224887 -0.406229 2.45031
340 0.628504 0.737924 2.45031
340 0.746708 0.328743 2.45031
340 -0.786455 -0.218351 2.45031
340 -0.774332 -0.666531 8.73349
340 -0.182365 -0.188141 2.45031
340 -0.718946 -0.115317 8.73349
340 0.0453836 -0.356914 2.45031
340 -0.570298 0.216539 2.45031
340 -0.41187 0.460632 2.45031
340 0.667697 -0.598968 2.45031
340 0.677709 0.698638 2.45031
340 -0.0134332 -0.798688 2.45031
340 -0.123425 0.0339412 2.45031
340 0.410095 -0.0658848 8.73349
340 -0.279329 -0.105743 2.45031
340 0.268718 0.618502 2.45031
340 0.560751 0.510924 2.45031
340 0.372405 -0.0323403 8.73349
340 0.385997 0.0172005 2.45031
340 0.0148727 0.23711 2.45031
340 -0.259619 0.476033 2.45031
340 -0.449227 -0.663961 2.45031
340 0.595204 -0.441924 2.45031
340 -0.223232 -0.219109 2.45031
340 0.581316 -0.202325 2.45031
340 0.951146 0.1435 2.45031
340 -0.0543189 -0.323643 2.45031
340 0.264846 -0.465671 2.45031
340 0.0981272 -1.0063 8.73349
340 -0.326846 0.665347 2.45031
340 0.00225209 -0.017536 2.45031
340 0.176463 -0.72858 2.45031
340 -0.309551 0.815179 2.45031
340 0.015879 0.191485 2.45031
340 -0.387419 0.961862 2.45031
340 0.302434 0.452168 2.45031
340 0.860985 -0.41125 2.45031
340 0.988562 0.248926 8.73349
340 -0.410869 -0.929145 8.73349
340 -0.736073 0.252158 8.73349
340 -0.785252 0.220059 2.45031
340 0.348539 0.19005 8.73349
340 0.791936 0.550707 2.45031
340 0.119287 -0.483163 8.73349
340 0.564352 0.600829 2.45031
340 0.317104 -0.789159 2.45031
340 0.320192 -0.0437403 2.45031
340 -0.187429 -0.938192 2.45031
340 -0.328444 -0.696081 2.45031
340 0.461016 0.205195 2.45031
340 -0.176574 0.367475 2.45031
340 -0.255079 -0.300582 2.45031
340 0.239372 -0.918557 2.45031
340 -0.373627 0.230912 2.45031
340 0.248822 -0.100032 2.45031
340 0.900333 0.103161 2.45031
340 0.148413 -0.121783 2.45031
340 -0.64497 0.426648 2.45031
340 -0.338583 0.136982 2.45031
340 0.498634 0.515398 2.45031
340 -0.484835 0.111743 2.45031
340 -0.313538 0.478141 2.45031
340 -0.512975 0.0655305 2.45031
340 0.955857 0.0828341 2.45031
340 0.626186 0.00891811 2.45031
340 0.467244 0.473754 2.45031
340 0.335034 -0.374166 2.45031
340 0.5946 0.195669 2.45031
340 -0.130938 -0.790908 2.45031
340 -0.241448 -0.0702667 2.45031
340 -0.0763377 0.0262113 2.45031
340 -0.58502 0.130416 2.45031
340 0.1179 0.0554107 8.73349
340 -0.349901 -0.952231 8.73349
340 0.455004 -0.90158 2.45031
340 0.641618 0.159056 2.45031
340 0.267761 -0.0529651 2.45031
340 -0.854974 0.160905 2.45031
340 -0.130815 0.221373 2.45031
340 0.863001 -0.523771 2.45031
340 -0.140538 1.02617 8.73349
340 0.507093 -0.627186 2.45031
340 -0.549193 0.622641 2.45031
340 0.042998 0.919878 2.45031
340 0.92247 -0.415128 8.73349
340 0.0542467 -0.22725 2.45031
340 0.682922 0.0275795 2.45031
340 0.84954 -0.247653 2.45031
340 -0.0400809 -0.243015 2.45031
340 0.224946 -0.747227 2.45031
340 0.831291 -0.464317 8.73349
340 -0.0876181 -0.60187 2.45031
340 0.476779 0.00470256 2.45031
340 -0.6602 0.725464 2.45031
340 -0.0221793 0.614493 2.45031
340 -0.141159 -0.159934 2.45031
340 0.753482 -0.206554 2.45031
340 0.166219 -0.0707805 2.45031
340 -0.361167 -0.889379 2.45031
340 0.214456 0.343683 2.45031
340 0.318003 -0.469877 2.45031
340 -0.630083 0.370582 8.73349
340 0.0451249 0.275524 2.45031
340 -0.0349485 -0.19387 2.45031
340 -0.808264 0.118422 2.45031
340 -0.337161 0.268388 2.45031
340 0.467353 -0.752717 2.45031
340 0.261305 -0.796483 2.45031
340 0.933259 -0.206365 2.45031
340 0.443041 0.523382 2.45031
340 -0.539999 -0.473265 2.45031
340 0.100573 -0.78313 2.45031
340 0.239081 0.835546 2.45031
340 0.755683 -0.3016 2.45031
340 0.489544 0.113982 2.45031
340 -0.190412 0.719431 2.45031
340 -0.970684 0.067191 2.45031
340 -0.15551 -0.464288 2.45031
340 0.276231 -0.139848 2.45031
340 -0.187005 -0.137937 2.45031
340 0.122782 -0.947 2.45031
340 0.0285146 -0.903058 8.73349
340 0.31345 0.0919958 2.45031
340 -0.551522 -0.364753 2.45031
340 -0.944113 -0.39838 8.73349
340 -0.259978 -0.444649 8.73349
340 -0.880456 -0.405587 2.45031
340 -0.104135 0.123628 2.45031
340 0.0606192 0.762913 2.45031
340 0.607129 -0.588136 2.45031
340 0.253701 -0.417858 2.45031
340 -0.429075 0.107884 2.45031
340 0.314293 -0.692317 2.45031
340 0.488359 0.0566756 2.45031
340 -0.232675 -0.120291 2.45031
340 -0.195982 0.280738 2.45031
340 -0.0212723 -0.0597205 2.45031
340 -0.00167643 -0.851225 2.45031
340 -0.802609 -0.320239 2.45031
340 -0.388306 -0.00142403 8.73349
340 -0.390054 0.413512 2.45031
340 -0.58891 -0.282199 2.45031
340 0.69108 0.75891 2.45031
340 0.0808869 -0.265922 2.45031
340 0.421497 0.800705 2.45031
340 0.50963 -0.0768569 8.73349
340 -0.26989 0.667213 2.45031
340 -0.181112 0.232539 2.45031
340 0.293317 -0.644588 2.45031
340 0.0974669 -0.131649 2.45031
340 0.00348745 0.659083 2.45031
340 0.387775 0.84439 8.73349
340 0.591969 0.841058 2.45031
340 0.391715 0.69748 2.45031
340 -0.29558 0.433235 2.45031
340 -0.602481 0.704496 2.45031
340 -0.418752 -0.109963 2.45031
340 -0.930426 0.313471 2.45031
340 0.678598 -0.497686 2.45031
340 0.424036 -0.0163569 2.45031
340 -0.455918 0.748712 2.45031
340 0.3636 0.966483 2.45031
340 -0.0370559 0.379574 2.45031
340 0.119709 -0.633226 2.45031
340 -0.640248 -0.301424 2.45031
340 -0.164754 -0.999243 2.45031
340 0.372739 -0.262196 2.45031
340 -0.199378 -0.0360908 8.73349
340 0.301625 -0.0899517 2.45031
340 -0.65082 0.664298 2.45031
340 -0.228691 -0.815982 2.45031
340 0.507197 -0.311771 2.45031
340 -0.0310316 0.519361 2.45031
340 -0.284984 0.257413 2.45031
340 0.139988 0.559798 2.45031
340 -0.113473 -0.557282 8.73349
340 -0.0575843 -0.55611 2.45031
340 -0.211875 0.32904 2.45031
340 -0.360159 -0.240401 2.45031
340 -0.0559777 0.116211 2.45031
340 0.509766 0.220201 2.45031
340 -0.766864 -0.278823 2.45031
340 0.281539 0.264363 2.45031
340 -0.549348 0.167056 2.45031
340 0.814749 -0.201822 2.45031
340 0.271425 -0.281507 2.45031
340 -0.0228237 0.712761 2.45031
340 0.954354 0.0242718 2.45031
340 0.69043 -0.656038 2.45031
340 0.464516 -0.526637 2.45031
340 -0.324224 -0.558605 8.73349
340 0.496488 0.16534 2.45031
340 0.553633 -0.770178 2.45031
340 -0.28228 0.524263 2.45031
340 -0.661193 -0.253992 2.45031
340 -0.144799 0.269321 2.45031
340 -0.872707 0.32629 2.45031
340 -0.34624 -0.0446243 2.45031
340 -0.591369 0.410038 2.45031
340 -0.601396 -0.393486 2.45031
340 -0.0423561 0.0700325 2.45031
340 -0.856373 0.481291 2.45031
340 -0.684937 0.391413 2.45031
340 0.673504 0.525841 2.45031
340 -0.307358 -0.282148 2.45031
340 0.753082 -0.671654 2.45031
340 -0.518752 -0.808423 2.45031
340 0.539857 -0.166025 8.73349
340 0.0516663 -0.844203 8.73349
340 -0.92651 -0.291111 2.45031
340 0.330333 0.863934 2.45031
340 0.527242 0.277257 2.45031
340 -0.165306 0.968401 2.45031
340 0.00467239 -0.231975 2.45031
340 -0.327645 -0.139433 2.45031
340 -0.0239061 -0.421743 2.45031
340 -0.627517 -0.0102098 2.45031
340 0.445079 -0.396134 2.45031
340 -0.785437 0.587126 2.45031
340 0.200741 -0.417686 2.45031
340 -0.0914713 -0.900478 2.45031
340 -0.39885 -0.491995 2.45031
340 0.690579 -0.212815 2.45031
340 -0.189409 -0.506468 2.45031
340 0.195168 0.690417 2.45031
340 -0.747875 -0.421564 2.45031
340 -0.70301 -0.449626 2.45031
340 -0.057172 -0.849804 2.45031
340 -0.767795 0.0338193 2.45031
340 0.238149 1.00448 2.45031
340 0.180866 0.592079 2.45031
340 0.216391 -0.0620166 2.45031
340 -0.0752278 0.343325 2.45031
340 0.0484811 0.54473 2.45031
340 0.516913 -0.0259144 2.45031
340 -0.49163 -0.503175 2.45031
340 0.41796 0.382404 8.73349
340 -0.335495 0.920331 2.45031
340 -0.319779 -0.843791 2.45031
340 -0.366866 -0.288085 2.45031
340 -0.763764 0.526924 2.45031
340 0.368071 -0.813139 2.45031
340 0.726954 -0.254398 2.45031
340 0.855674 0.340952 2.45031
340 -0.341156 0.0020201 2.45031
340 -0.301337 -0.743354 2.45031
340 -0.340762 -0.785378 2.45031
340 0.280918 0.717505 2.45031
340 -0.145749 -0.60159 2.45031
340 -0.324167 -0.187656 2.45031
340 -0.279262 -0.154178 2.45031
340 -0.690962 -0.20974 2.45031
340 0.304846 -0.419584 2.45031
340 0.949427 0.379668 8.73349
340 0.182098 0.113728 2.45031
340 0.0685383 0.0509591 2.45031
340 0.451609 -0.620036 2.45031
340 -0.313444 -0.234985 2.45031
340 -0.539535 0.39493 2.45031
340 -0.800899 0.478163 2.45031
340 -0.815375 0.0643036 2.45031
340 -0.848313 0.594847 2.45031
340 -0.610571 0.465972 2.45031
340 0.503918 -0.799342 8.73349
340 0.899465 0.0440041 2.45031
340 0.301155 0.663098 2.45031
340 0.376719 0.753688 2.45031
340 0.252682 -0.327813 2.45031
340 0.126829 -0.170198 2.45031
340 -0.191779 0.418052 2.45031
340 0.391122 -0.607846 2.45031
340 -0.26181 -0.704725 2.45031
340 -0.142019 0.406202 2.45031
340 0.019316 0.505924 2.45031
340 0.261959 0.217571 2.45031
340 -0.0317895 0.203063 2.45031
340 -0.242325 -0.755641 2.45031
340 -0.108656 -0.313416 2.45031
340 0.0465094 -0.141037 2.45031
340 -0.0823607 0.528556 2.45031
340 -0.229543 0.520774 2.45031
340 0.0696515 0.322738 8.73349
340 -0.863343 0.102384 2.45031
340 -0.359644 0.0475638 2.45031
340 0.491955 -0.189847 2.45031
340 0.449231 0.0869326 2.45031
340 0.79974 -0.515012 2.45031
340 -0.246059 0.718284 2.45031
340 -0.239006 -0.353995 2.45031
340 0.589862 0.143176 2.45031
340 -0.573354 -0.14173 2.45031
340 -0.755768 -0.605483 2.45031
340 0.191711 0.161103 2.45031
340 0.78363 -0.153479 2.45031
340 0.145906 0.287298 2.45031
340 -0.197073 0.820703 2.45031
340 -0.464881 -0.773182 2.45031
340 0.764877 0.268225 2.45031
340 -0.424111 -0.162117 2.45031
340 0.230091 0.122089 2.45031
340 0.0926424 0.81039 2.45031
340 -0.206908 0.0128531 2.45031
340 -0.373406 -0.35014 2.45031
340 0.315298 0.925568 2.45031
340 -0.160678 0.576821 2.45031
340 0.204527 -0.684758 2.45031
340 0.427974 -0.795375 2.45031
340 0.10336 -0.568894 2.45031
340 0.0197177 -0.100922 2.45031
340 -0.860001 -0.144952 2.45031
340 -0.149178 -0.105703 2.45031
340 0.0258048 -0.697667 8.73349
340 -0.733318 0.19691 2.45031
340 1.01373 0.0583138 8.73349
340 -0.608189 0.0900821 2.45031
340 0.399026 0.0674813 2.45031
340 -0.529366 0.0157006 2.45031
340 -0.221063 0.76939 2.45031
340 0.816528 -0.299518 2.45031
340 -0.466446 -0.124411 2.45031
340 -0.52159 -0.131131 2.45031
340 -0.436693 0.508874 2.45031
340 -0.668215 -0.103644 2.45031
340 -0.407491 0.32742 2.45031
340 -0.501731 -0.388117 2.45031
340 -0.0748124 -0.278331 2.45031
340 0.941842 0.205184 2.45031
340 -0.679505 -0.758959 8.73349
340 0.718665 -0.353139 2.45031
340 0.176829 -0.636437 2.45031
340 -0.0485963 -0.0119049 2.45031
340 0.590029 -0.147798 2.45031
340 -0.291533 -0.0551209 8.73349
340 -0.0401541 -0.369058 2.45031
340 -1.01658 0.168546 2.45031
340 -0.333499 -0.322107 2.45031
340 0.23288 0.581235 2.45031
340 0.586382 0.0925588 2.45031
340 0.645609 0.291067 2.45031
340 0.533056 0.814876 2.45031
340 -0.740094 -0.177391 2.45031
340 1.01154 -0.0630893 8.73349
340 -0.440821 -0.0239408 2.45031
340 -0.64599 -0.361791 2.45031
340 -0.0893255 -0.694254 2.45031
340 0.325281 -0.131186 8.73349
340 0.300695 0.987428 2.45031
340 -0.555219 0.30668 2.45031
340 -0.31341 -0.427268 2.45031
340 0.952023 -0.300607 8.73349
340 0.315543 0.226802 2.45031
340 0.613826 -0.0404889 2.45031
340 -0.848783 -0.565173 8.73349
340 0.105377 -0.218214 2.45031
340 0.353962 0.652653 2.45031
340 0.43722 0.0345032 2.45031
340 0.474659 -0.436715 2.45031
340 -0.521549 -0.869597 2.45031
340 0.159127 0.907282 2.45031
340 -0.562494 0.746873 2.45031
340 0.368538 -0.559235 2.45031
340 -0.582439 0.57903 2.45031
340 -0.220803 0.0623592 2.45031
340 0.549772 0.330465 2.45031
340 -0.720418 -0.547938 2.45031
340 -0.347578 -0.645696 2.45031
340 -0.650131 -0.569331 2.45031
340 0.15651 -0.209388 2.45031
340 -0.562197 0.807792 2.45031
340 -0.463584 0.200715 2.45031
340 0.356039 -0.0795828 2.45031
340 -0.510339 0.584913 2.45031
340 -0.536639 -0.531857 2.45031
340 -0.973343 0.00845248 2.45031
340 0.256591 -0.189711 2.45031
340 -0.116796 -0.646133 2.45031
340 -0.361813 0.713324 2.45031
340 0.0234513 0.323008 2.45031
340 -0.0468034 0.867114 2.45031
340 -0.103814 0.973442 2.45031
340 -0.651982 -0.634697 2.45031
340 0.0685859 -0.0924046 2.45031
340 0.36835 0.372396 2.45031
340 -0.707723 -0.383269 2.45031
340 0.151712 -0.588938 2.45031
340 -0.539886 -0.587479 8.73349
340 0.0736483 0.621438 2.45031
340 -0.279675 0.387062 2.45031
340 -0.588309 -0.555379 2.45031
340 0.5305 -0.677921 2.45031
340 0.294893 0.81921 2.45031
340 -0.968274 -0.338424 8.73349
340 0.568779 -0.305975 2.45031
340 0.35445 -0.428316 2.45031
340 0.82428 0.241485 2.45031
340 0.287969 -0.230279 2.45031
340 0.183073 -0.0232155 2.45031
340 -0.768219 -0.0762215 2.45031
340 -0.37643 -0.141652 2.45031
340 0.247693 0.532741 2.45031
340 -0.416529 0.704863 2.45031
340 -0.759418 0.0891634 2.45031
340 0.141674 0.704017 2.45031
340 0.247889 0.674411 2.45031
340 0.688932 0.0791744 2.45031
340 0.068035 0.864577 2.45031
340 0.793662 0.0990148 8.73349
340 0.315788 0.760404 2.45031
340 0.0687365 0.483995 2.45031
340 0.339209 -0.222464 2.45031
340 -0.121424 0.488554 8.73349
340 -0.496815 -0.444165 8.73349
340 -0.246666 -0.0218672 2.45031
340 -0.0256263 -0.107265 2.45031
340 -0.48015 0.249535 2.45031
340 -0.399267 -0.0513246 2.45031
340 0.125336 0.858463 2.45031
340 0.523217 -0.530328 2.45031
340 -0.490559 -0.0317754 2.45031
340 0.516869 -0.728336 2.45031
340 -0.956765 0.187338 2.45031
340 0.196173 0.295392 2.45031
340 -0.38395 0.5062 8.73349
340 0.825384 0.501503 8.73349
340 -0.909745 0.141342 2.45031
340 -0.073494 0.919823 2.45031
340 0.0620907 -0.954207 2.45031
340 -0.110052 0.30653 2.45031
340 0.429893 0.58921 2.45031
340 0.648127 -0.699914 2.45031
340 -0.885349 0.538253 2.45031
340 -0.353732 0.3169 2.45031
340 0.306708 -0.181132 2.45031
340 -0.232936 0.875205 2.45031
340 -0.2711 0.0764518 2.45031
340 -0.201536 0.147617 2.45031
340 0.248 0.44254 2.45031
340 0.539244 0.128158 2.45031
340 0.335353 0.00423475 2.45031
340 0.165733 -0.294803 2.45031
340 0.0479717 0.409264 2.45031
340 0.795251 0.447092 2.45031
340 -0.605989 0.176279 2.45031
340 -0.942127 0.42282 8.73349
340 0.644097 -0.543889 2.45031
340 0.243206 0.169928 2.45031
340 0.177093 0.383969 2.45031
340 0.776779 -0.352144 2.45031
340 -1.00723 0.231957 2.45031
340 -0.33666 0.52161 2.45031
340 -0.172264 -0.830986 2.45031
340 -0.609224 -0.67332 2.45031
340 -0.686845 -0.33058 2.45031
340 -0.44892 -0.470346 2.45031
340 -0.629361 -0.144704 2.45031
340 0.410598 0.191993 8.73349
340 0.116882 0.330489 2.45031
340 0.0620618 0.188453 2.45031
340 -0.289617 0.871864 2.45031
340 -0.0999268 -1.00782 8.73349
340 -0.601641 -0.60745 2.45031
340 0.477063 0.568853 2.45031
340 0.889181 0.391705 8.73349
340 0.335884 0.411325 2.45031
340 -0.00492548 -0.151905 2.45031
340 0.625655 -0.295752 2.45031
340 -0.193166 -0.0854122 2.45031
340 0.000414959 0.561085 2.45031
340 0.140099 0.153043 2.45031
340 0.828517 0.398722 8.73349
340 0.0522942 0.666737 2.45031
340 0.109609 0.193082 2.45031
340 -0.389682 -0.68227 2.45031
340 0.663213 -0.760965 2.45031
340 -0.576577 0.0069835 2.45031
340 -0.113999 -0.0719771 2.45031
340 -0.204348 -0.316888 2.45031
340 0.144473 -0.341176 2.45031
340 0.219159 -0.28776 2.45031
340 0.440771 0.291124 8.73349
340 0.620558 0.507387 2.45031
340 -0.00580613 0.11114 2.45031
340 1.01384 -0.00247591 8.73349
340 -0.89594 0.261686 2.45031
340 0.120069 -0.730296 2.45031
340 -0.0682989 0.163635 2.45031
340 -0.0701576 -0.0966756 2.45031
340 0.118928 -0.0832996 2.45031
340 0.418205 -0.11349 2.45031
340 -0.301598 0.306226 2.45031
340 0.833948 -0.353894 2.45031
340 -0.287883 -0.659115 2.45031
340 -0.815032 -0.614395 2.45031
340 -0.266034 -0.574141 2.45031
340 -0.61921 0.538158 2.45031
340 -0.0317651 -0.697844 2.45031
340 0.255831 0.942616 8.73349
340 -0.452118 -0.202237 2.45031
340 -0.776752 0.371464 2.45031
340 0.453256 0.339256 2.45031
340 0.581727 0.373854 8.73349
340 -0.685264 -0.156592 2.45031
340 0.0166007 0.976412 2.45031
340 0.0816367 -0.516989 2.45031
340 -0.819107 -0.1061 2.45031
340 -0.173178 -0.416279 2.45031
340 -0.215797 0.669861 2.45031
340 -0.0602474 -0.649378 2.45031
340 0.521249 0.372005 2.45031
340 -0.884535 -0.513781 2.45031
340 0.391507 -0.394345 8.73349
340 -0.597909 0.645454 2.45031
340 0.0453178 -0.790605 2.45031
340 -0.264856 -0.861016 2.45031
340 0.133016 -0.0312143 8.73349
340 -0.51919 0.345719 2.45031
340 0.205463 0.791086 2.45031
340 0.537643 0.875782 2.45031
340 0.559115 0.236469 2.45031
340 0.784098 0.662008 2.45031
340 0.562153 -0.833946 2.45031
340 0.233603 -0.0145978 2.45031
340 0.97214 0.313791 2.45031
340 -0.714888 0.0553971 2.45031
340 0.647329 0.374961 2.45031
340 -0.104279 0.578141 8.73349
340 -0.900012 0.202177 2.45031
340 0.790547 0.0472396 2.45031
340 0.170663 -0.492154 2.45031
340 0.372729 -0.123787 2.45031
340 -0.230504 -0.169477 2.45031
340 -0.956782 -0.16873 2.45031
340 0.0286483 0.603407 2.45031
340 -0.0492955 0.666564 2.45031
340 0.264237 0.0819095 2.45031
340 0.273832 0.881125 2.45031
340 0.711969 0.374456 2.45031
340 -1.01634 -0.151131 8.73349
340 0.352674 -0.883133 2.45031
340 -0.0440037 -0.747889 2.45031
340 0.645473 0.211602 2.45031
340 0.639227 -0.125673 8.73349
340 0.305849 -0.556977 2.45031
340 -1.00431 -0.213997 2.45031
340 -0.302135 0.713906 2.45031
340 0.583093 -0.537283 2.45031
340 -0.303841 -0.907403 2.45031
340 0.568305 -0.631111 2.45031
340 0.614071 -0.801608 2.45031
340 -0.315008 0.570199 2.45031
340 0.0745117 0.370245 8.73349
340 -0.454288 -0.413231 2.45031
340 0.701609 0.589807 2.45031
340 0.373696 0.231207 8.73349
340 -0.821077 -0.0488868 2.45031
340 0.841974 0.0143766 2.45031
340 -0.373026 -0.188918 2.45031
340 0.348834 0.0535889 2.45031
340 -0.161716 -0.284611 2.45031
340 0.39207 -0.215201 2.45031
340 -0.347833 0.861876 2.45031
340 -0.282536 -0.798196 2.45031
340 -0.511093 -0.274473 2.45031
340 -0.0546614 0.429174 2.45031
340 0.740488 0.162153 2.45031
340 0.336752 0.270908 2.45031
340 -0.223427 -0.666188 2.45031
340 -0.187278 0.621993 2.45031
340 -0.120341 -0.421015 2.45031
340 0.125849 -0.395723 2.45031
