115 0.163082 -0.544541 2.45031
115 -0.386558 0.654033 2.45031
115 -0.461998 -0.614549 8.73349
115 0.957904 -0.092034 2.45031
115 -0.166935 -0.557317 2.45031
115 0.935417 0.26682 8.73349
115 -0.356019 0.18521 2.45031
115 -0.392929 -0.226134 2.45031
115 -0.195967 -0.370382 8.73349
115 -0.149259 -0.00833957 2.45031
115 0.903283 -0.0749407 2.45031
115 0.163727 -0.832432 2.45031
115 -0.351077 0.609744 2.45031
115 0.483971 0.90986 8.73349
115 -0.0209849 0.156954 2.45031
115 0.67009 0.324445 2.45031
115 -0.835061 0.389851 2.45031
115 0.694479 0.13495 2.45031
115 -0.773607 -0.544186 2.45031
115 -0.449255 -0.357707 2.45031
115 -0.910923 0.485572 2.45031
115 -0.655995 0.0704572 2.45031
115 -0.211526 -0.268994 2.45031
115 0.663873 0.447048 2.45031
115 -1.03034 -0.0242718 2.45031
115 -0.916331 -0.456671 2.45031
115 0.338935 -0.588842 2.45031
115 -0.359961 0.462644 2.45031
115 0.80795 0.357149 2.45031
115 -0.319365 0.983521 2.45031
115 0.0408035 -0.663529 2.45031
115 -0.0156866 0.0247528 2.45031
115 0.41486 -0.163804 2.45031
115 0.442691 0.428299 8.73349
115 0.117845 -0.436714 2.45031
115 0.0872898 0.724889 2.45031
115 0.242622 -0.24061 2.45031
115 0.537273 -0.591356 2.45031
115 0.150733 0.808453 2.45031
115 0.611389 -0.49706 2.45031
115 0.0789183 -0.40781 2.45031
115 -0.784268 0.415442 2.45031
115 -0.259925 0.817063 2.45031
115 -0.723266 0.342103 2.45031
115 -0.650738 0.185549 2.45031
115 -0.00159971 -0.458378 2.45031
115 -0.0574375 -0.455375 2.45031
115 0.199819 -0.329781 2.45031
115 0.333546 -0.524977 8.73349
115 0.688988 0.249878 2.45031
115 -0.819051 -0.513537 2.45031
115 -0.0262275 1.03548 8.73349
115 0.441699 0.685423 2.45031
115 0.661865 0.642701 2.45031
115 0.621266 -0.174684 2.45031
115 0.861596 0.456271 2.45031
115 0.364418 -0.169277 2.45031
115 0.715752 0.542992 2.45031
115 0.101032 -0.89733 2.45031
115 0.35047 0.803579 2.45031
115 -0.463078 0.0842635 2.45031
115 0.538885 -0.442862 2.45031
115 -0.818845 0.331477 8.73349
115 0.396621 0.545808 2.45031
115 0.555479 -0.49268 2.45031
115 0.625963 -0.392159 2.45031
115 -0.963275 0.368394 2.45031
115 -0.355054 -0.465112 2.45031
115 -0.640342 -0.464194 2.45031
115 -0.449986 0.418863 2.45031
115 -0.500057 0.212554 2.45031
115 0.480459 0.270806 2.45031
115 -0.547817 -0.0876842 2.45031
115 0.703571 0.41123 2.45031
115 -0.243296 -0.91841 2.45031
115 0.0291161 0.15676 2.45031
115 0.233203 -0.154308 2.45031
115 -0.57033 -0.843739 2.45031
115 0.673846 -0.021342 2.45031
115 -0.234242 0.430512 2.45031
115 0.714626 -0.059348 2.45031
115 0.496879 0.424742 2.45031
115 -0.736581 -0.331513 2.45031
115 -0.476543 0.685585 2.45031
115 0.782918 0.00137544 2.45031
115 0.484057 0.726828 2.45031
115 -0.30643 0.169423 2.45031
115 -0.980353 -0.056122 2.45031
115 -0.628253 0.23635 2.45031
115 0.535958 0.739224 2.45031
115 -0.220666 -0.554328 2.45031
115 -0.414519 -0.318445 2.45031
115 -0.0513358 0.796711 2.45031
115 -0.249253 0.29233 2.45031
115 0.798769 -0.0967402 2.45031
115 -0.849237 0.22902 2.45031
115 0.183281 -0.238961 2.45031
115 0.0581699 0.82762 2.45031
115 0.117341 -0.302125 2.45031
115 0.40739 0.640706 2.45031
115 0.179236 0.85737 8.73349
115 0.19797 -0.465676 2.45031
115 0.081264 0.57791 2.45031
115 0.0598609 -0.30982 2.45031
115 -0.0992781 -0.0180798 2.45031
115 -0.862048 -0.305378 2.45031
115 -0.340369 0.756556 2.45031
115 -0.442104 0.804522 2.45031
115 0.20027 -0.118737 2.45031
115 -0.534763 -0.679789 2.45031
115 -0.440789 0.938469 2.45031
115 -0.421132 0.246269 2.45031
115 -0.0654435 -0.0587071 8.73349
115 0.402928 -0.304422 2.45031
115 0.545608 0.188273 2.45031
115 0.207676 -0.793399 2.45031
115 -0.72534 0.408751 2.45031
115 -0.0330053 0.916326 2.45031
115 -0.390405 -0.540034 2.45031
115 0.850375 0.12719 2.45031
115 0.378121 0.154594 2.45031
115 0.129994 0.752171 2.45031
115 0.533178 0.0809645 2.45031
115 -0.776882 -0.0198808 2.45031
115 -0.0288551 0.247226 2.45031
115 -0.536002 -0.184425 2.45031
115 -1.02818 0.0370748 2.45031
115 0.195601 0.0226123 2.45031
115 0.319604 0.604135 2.45031
115 0.433106 0.876938 2.45031
115 0.151392 -0.779928 2.45031
115 0.132188 0.971724 2.45031
115 0.118226 0.470171 2.45031
115 -0.144611 -0.758851 2.45031
115 0.390533 0.423491 2.45031
115 0.610424 -0.679432 2.45031
115 -0.09456 0.834896 2.45031
115 0.133461 -0.251086 2.45031
115 -0.145546 -0.38091 2.45031
115 0.847922 0.188737 2.45031
115 -0.153412 0.133003 2.45031
115 0.662201 -0.267241 8.73349
115 -0.484283 -0.702711 2.45031
115 -0.621787 0.613366 8.73349
115 0.213074 -0.202848 2.45031
115 0.698927 -0.735731 8.73349
115 -0.220197 0.193551 2.45031
115 -0.0323807 -0.501785 2.45031
115 0.279671 -0.375235 2.45031
115 -0.00713223 -0.644648 2.45031
115 0.0846455 -0.688308 2.45031
115 -0.110607 -0.141205 2.45031
115 0.0481099 -0.56032 2.45031
115 -0.47416 0.464523 2.45031
115 -0.743443 0.461687 2.45031
115 0.37321 0.903504 8.73349
115 0.1624 0.645511 8.73349
115 0.888051 -0.137097 2.45031
115 -0.00857363 0.760595 2.45031
115 0.25417 -0.67605 2.45031
115 0.0198798 -0.503392 2.45031
115 0.717125 0.656861 2.45031
115 0.717316 0.475046 2.45031
115 0.298856 -0.899049 2.45031
115 0.116573 -0.530842 2.45031
115 0.785074 -0.634656 2.45031
115 0.390173 -0.743504 2.45031
115 -0.373891 0.801056 2.45031
115 0.0293514 -0.0623847 2.45031
115 0.534367 -0.225602 2.45031
115 -0.515957 -0.750462 2.45031
115 0.745849 0.604868 2.45031
115 -0.740972 0.634523 2.45031
115 0.892858 -0.475987 2.45031
115 0.373174 0.597243 8.73349
115 0.452857 0.149535 2.45031
115 0.887339 -0.0197804 2.45031
115 0.200645 0.427736 2.45031
115 -0.711568 0.284811 2.45031
115 -0.717909 -0.658698 2.45031
115 -0.264285 0.930059 2.45031
115 0.465682 -0.155559 2.45031
115 0.432192 -0.709693 2.45031
115 -0.546035 -0.03401 2.45031
115 0.177847 0.337119 2.45031
115 0.01674 -0.277047 2.45031
115 0.020796 -0.601525 2.45031
115 -0.421714 0.37912 2.45031
115 -0.158951 0.678602 2.45031
115 0.14381 0.42303 2.45031
115 -0.173798 0.767426 2.45031
115 -0.594041 -0.438774 2.45031
115 -0.496929 -0.0919411 2.45031
115 -0.612321 0.301916 2.45031
115 -0.674296 0.0217387 2.45031
115 1.00315 0.176556 2.45031
115 0.184088 0.755129 2.45031
115 -0.497018 -0.215778 2.45031
115 -0.799602 0.651226 2.45031
115 0.476782 -0.253307 2.45031
115 0.475161 0.839583 2.45031
115 0.745295 -0.105578 2.45031
115 0.739662 0.103907 2.45031
115 0.231054 -0.982097 2.45031
115 -0.0522189 -0.912071 2.45031
115 -0.0400672 0.574635 2.45031
115 0.942713 -0.147177 2.45031
115 -0.499943 -0.348461 8.73349
115 -0.0525395 0.289441 2.45031
115 0.477322 0.781285 2.45031
115 0.472831 0.378835 2.45031
115 0.72804 -0.00506604 8.73349
115 -0.0476402 0.974086 2.45031
115 -0.168184 -0.652439 2.45031
115 -0.407705 0.603111 2.45031
115 -0.0623378 -0.965442 2.45031
115 0.0311817 0.719834 2.45031
115 0.477637 -0.361129 2.45031
115 0.215463 0.0673332 2.45031
115 0.0296344 -0.41695 2.45031
115 0.89954 0.160207 2.45031
115 -0.73461 -0.234523 2.45031
115 -0.506549 -0.634196 2.45031
115 0.114747 0.673547 2.45031
115 -0.497475 0.843652 2.45031
115 0.371233 0.504035 2.45031
115 0.0800381 -0.0583998 2.45031
115 0.268666 -0.843211 2.45031
115 0.536361 0.566141 2.45031
115 -0.638212 -0.524194 2.45031
115 0.037885 -1.00904 2.45031
115 -0.299137 -0.618462 2.45031
115 -0.598927 -0.0993339 2.45031
115 0.283116 -0.511492 2.45031
115 0.771229 -0.453454 2.45031
115 0.551311 0.414567 2.45031
115 0.403896 -0.852701 2.45031
115 0.570479 -0.39583 2.45031
115 0.0602189 -0.017038 2.45031
115 -0.156691 -0.333856 2.45031
115 -0.0904995 0.383403 2.45031
115 -0.775028 -0.124584 2.45031
115 -0.195965 0.900026 8.73349
115 0.144317 -0.685912 2.45031
115 -0.68322 0.621578 2.45031
115 -0.278182 -0.394748 2.45031
115 -0.907432 -0.122632 2.45031
115 0.164324 0.0630723 2.45031
115 0.0130192 0.0678369 2.45031
115 -0.157732 0.452623 2.45031
115 0.0793406 0.243822 2.45031
115 -0.0751496 -0.404332 2.45031
115 0.255341 0.775569 2.45031
115 -0.344768 -0.518522 2.45031
115 -0.449093 0.876292 2.45031
115 0.469093 -0.098313 2.45031
115 -0.371451 -0.588158 8.73349
115 -0.211268 0.954038 2.45031
115 -0.0330858 -0.597162 2.45031
115 -0.124332 0.344528 2.45031
115 -0.556607 0.874888 2.45031
115 0.223894 -0.633565 2.45031
115 -0.561052 -0.229667 2.45031
115 -0.377144 0.0966756 2.45031
115 0.738509 -0.498336 2.45031
115 0.0364248 0.0250411 2.45031
115 0.706666 -0.448546 2.45031
115 -0.135001 0.728231 2.45031
115 -0.688055 0.463668 2.45031
115 0.157862 0.199252 2.45031
115 1.00699 -0.131814 8.73349
115 -0.614676 0.0415692 2.45031
115 -0.141258 0.806462 2.45031
115 0.0424798 0.111365 2.45031
115 -0.386446 0.906218 2.45031
115 0.277819 0.122106 8.73349
115 0.00994632 0.870987 2.45031
115 0.0930569 -0.170426 2.45031
115 -1.02618 -0.0955908 2.45031
115 -0.160281 -0.899998 2.45031
115 -0.430181 -0.574845 2.45031
115 -0.404822 -0.777397 2.45031
115 0.117093 0.382696 2.45031
115 -0.58132 0.257369 2.45031
115 0.787709 -0.252615 2.45031
115 0.950233 -0.0335017 2.45031
115 -0.0945688 0.696228 2.45031
115 0.233843 0.391562 2.45031
115 0.0904185 0.111327 2.45031
115 0.320673 -0.272551 2.45031
115 -0.262612 0.569867 2.45031
115 -0.471697 0.0358648 8.73349
115 0.851335 0.571893 2.45031
115 0.317598 0.506224 2.45031
115 0.740884 -0.593658 8.73349
115 -0.788559 -0.463893 2.45031
115 -0.230727 -0.987977 8.73349
115 -0.923272 0.0890733 2.45031
115 0.254902 0.302528 2.45031
115 0.046777 -0.193252 2.45031
115 -0.402847 0.846615 2.45031
115 -0.654076 0.12356 8.73349
115 -0.567663 -0.721762 2.45031
115 -0.201178 -0.755189 2.45031
115 -0.640288 -0.195782 2.45031
115 0.51574 0.618415 2.45031
115 0.498869 0.674394 2.45031
115 0.364639 0.101944 2.45031
115 0.161152 -0.887225 2.45031
115 0.35616 -0.697837 2.45031
115 0.0237376 0.46034 2.45031
115 0.400613 -0.666799 2.45031
115 0.251634 -0.592364 2.45031
115 0.426299 -0.572394 2.45031
115 0.353698 0.458271 2.45031
115 -0.459461 0.343055 2.45031
115 0.33163 -0.846345 2.45031
115 -0.741518 -0.48959 2.45031
115 0.672033 -0.173206 2.45031
115 -0.225118 0.378165 2.45031
115 0.680786 -0.393848 2.45031
115 -0.547217 -0.410266 2.45031
115 -0.961251 0.256892 8.73349
115 -0.0865314 1.02365 8.73349
115 0.870562 -0.194852 2.45031
115 -0.688825 0.225817 2.45031
115 0.00457608 0.813347 2.45031
115 -0.194897 -0.603656 2.45031
115 -0.0267245 0.472909 2.45031
115 0.705274 -0.54106 8.73349
115 0.654643 -0.341114 2.45031
115 0.69716 0.188577 2.45031
115 -0.236157 0.108276 2.45031
115 -0.614718 0.836932 2.45031
115 0.343834 -0.951586 2.45031
115 -0.873679 0.0618735 2.45031
115 -0.241482 0.624137 2.45031
115 0.83201 -0.146913 2.45031
115 -0.28818 -0.968627 2.45031
115 0.597971 -0.346072 2.45031
115 0.587105 0.295233 2.45031
115 -0.212891 0.583188 2.45031
115 -0.501224 0.908347 2.45031
115 -0.0497825 -0.150082 2.45031
115 -0.121455 -0.94733 2.45031
115 0.816867 0.299562 2.45031
115 0.508892 -0.129365 2.45031
115 -0.204116 0.471906 2.45031
115 0.181597 0.246031 2.45031
115 0.208222 0.203302 2.45031
115 0.811201 0.620639 8.73349
115 -0.130244 -0.207498 2.45031
115 0.0618452 -0.741779 2.45031
115 -0.385256 0.285251 2.45031
115 -0.865685 0.437891 2.45031
115 0.333879 -0.748536 2.45031
115 -0.188712 -0.704857 2.45031
115 0.774236 -0.551002 2.45031
115 -0.330516 0.416878 2.45031
115 -0.763215 0.700564 8.73349
115 -0.303616 -0.47963 2.45031
115 -0.591581 -0.185347 2.45031
115 -0.989602 0.308205 2.45031
115 -0.244889 -0.615746 2.45031
115 -0.1699 0.182321 2.45031
115 0.0966948 -0.347563 2.45031
115 -0.719521 -0.0681751 2.45031
115 0.95047 -0.357437 8.73349
115 -0.136438 -0.704964 2.45031
115 0.361359 -0.482965 2.45031
115 -0.235313 0.242318 2.45031
115 -0.327555 0.0895522 2.45031
115 -0.96337 -0.114545 2.45031
115 0.516413 -0.86496 2.45031
115 -0.398335 0.151213 2.45031
115 0.616865 0.431142 2.45031
115 -0.206548 1.01495 2.45031
115 -0.625743 -0.804198 2.45031
115 -0.10595 -0.465802 2.45031
115 1.0109 0.112338 8.73349
115 0.348322 -0.312654 2.45031
115 -0.29526 0.615623 2.45031
115 -0.0039174 -0.549627 2.45031
115 0.638432 -0.628952 2.45031
115 -0.72766 -0.717062 2.45031
115 -0.467322 0.58977 2.45031
115 -0.291164 -0.527273 2.45031
115 0.550507 -0.101831 2.45031
115 0.731405 0.71656 2.45031
115 -0.506525 0.164175 2.45031
115 -0.580086 0.347805 2.45031
115 0.639439 0.113036 2.45031
115 -0.120503 0.168844 2.45031
115 0.980974 -0.249773 2.45031
115 0.524329 -0.271932 2.45031
115 0.913091 -0.254135 2.45031
115 0.756986 0.436976 2.45031
115 -0.851151 -0.459973 8.73349
115 -0.704219 -0.602058 2.45031
115 -0.283878 0.763062 2.45031
115 0.17008 -0.995443 2.45031
115 0.340656 0.552917 2.45031
115 -0.705421 -0.280164 2.45031
115 -0.61347 0.776242 2.45031
115 0.00855286 -0.768092 2.45031
115 -0.59797 -0.328143 2.45031
115 -0.101675 -0.361651 2.45031
115 -0.0107233 0.421386 8.73349
115 0.346425 -0.640723 2.45031
115 -0.263738 0.995561 8.73349
115 0.139419 0.0209385 2.45031
115 0.608984 0.662092 2.45031
115 0.578627 0.0468011 2.45031
115 -0.0267849 -0.304647 2.45031
115 -0.160809 0.310759 2.45031
115 0.354468 0.311782 2.45031
115 0.99258 -0.191766 2.45031
115 0.323899 0.355878 2.45031
115 -0.268906 -0.19301 2.45031
115 -0.567402 -0.783548 2.45031
115 -0.903089 -0.35006 2.45031
115 -0.77042 -0.372352 2.45031
115 0.528315 0.0277597 8.73349
115 0.761643 0.510446 2.45031
115 0.407131 -0.449735 2.45031
115 -0.0831832 -0.508821 2.45031
115 0.385877 0.26916 8.73349
115 -0.671363 0.515616 2.45031
115 0.520669 0.470058 2.45031
115 -0.692594 0.157278 2.45031
115 0.27978 -0.0103866 2.45031
115 -0.122057 -0.255966 2.45031
115 0.245919 0.0237341 2.45031
115 0.0695029 -0.620795 2.45031
115 0.448312 -0.476805 8.73349
115 0.400635 0.326486 2.45031
115 0.736278 0.22391 2.45031
115 0.193915 0.537934 2.45031
115 -0.405963 0.198203 2.45031
115 0.583766 -0.727476 2.45031
115 0.588822 0.714611 2.45031
115 0.231699 -0.373279 2.45031
115 -0.611224 -0.24341 2.45031
115 0.660549 -0.0736264 2.45031
115 0.215767 -0.855225 2.45031
115 -0.0751821 0.474584 2.45031
115 0.550733 0.672382 2.45031
115 -0.401777 0.753585 2.45031
115 -0.0785029 -0.228705 2.45031
115 0.198374 -0.58208 8.73349
115 0.787784 0.210839 2.45031
115 -0.86474 0.288271 2.45031
115 -0.512995 0.429327 2.45031
115 0.284597 -0.962083 8.73349
115 0.648589 0.549416 2.45031
115 -0.592897 -0.0453931 2.45031
115 -0.25011 0.0332142 2.45031
115 0.758748 0.383596 2.45031
115 -0.72511 -0.0118753 2.45031
115 -0.205581 -0.866755 2.45031
115 -0.525411 0.260505 2.45031
115 0.240718 -0.541862 2.45031
115 0.127127 0.610515 2.45031
115 0.405597 -0.509974 2.45031
115 -0.40551 -0.62931 2.45031
115 -0.327477 -0.373434 2.45031
115 0.131111 0.24313 8.73349
115 0.574633 -0.00319109 2.45031
115 -0.406262 -0.382598 2.45031
115 0.425058 -0.256713 2.45031
115 0.182231 -0.167862 2.45031
115 -0.262962 0.343361 2.45031
115 -0.467428 -0.258129 2.45031
115 -0.0853978 0.252778 2.45031
115 0.195218 -0.932718 2.45031
115 -0.925738 -0.0567143 2.45031
115 -0.677654 -0.0342452 2.45031
115 0.000461203 -0.955337 2.45031
115 -0.651737 -0.410287 2.45031
115 0.0896107 0.020402 2.45031
115 0.578209 0.780617 2.45031
115 -0.138255 -0.511641 2.45031
115 0.716419 0.292244 2.45031
115 0.454293 -0.302885 2.45031
115 -0.882441 -0.248356 2.45031
115 0.769428 -0.0500106 2.45031
115 -0.450645 -0.0671932 2.45031
115 -0.14049 0.913124 2.45031
115 0.648985 -0.443395 2.45031
115 -0.174304 0.510582 2.45031
115 -0.821661 0.552064 2.45031
115 -0.0261784 -1.01347 2.45031
115 0.00121021 0.287426 8.73349
115 0.501793 -0.491364 8.73349
115 0.828744 -0.0391212 2.45031
115 -0.527906 -0.307177 2.45031
115 -0.155443 -0.0560442 2.45031
115 0.429931 -0.353016 2.45031
115 -0.18365 0.0965543 2.45031
115 0.227975 0.728053 2.45031
115 -0.374031 0.560011 2.45031
115 0.459244 -0.833383 2.45031
115 -0.364504 0.373988 2.45031
115 0.20173 -0.515119 8.73349
115 0.0116917 0.375328 2.45031
115 0.301408 -0.328444 2.45031
115 -0.378699 -0.825248 2.45031
115 0.623114 0.600291 2.45031
115 0.59174 0.552741 2.45031
115 -0.0749271 0.622123 2.45031
115 0.427252 0.74281 2.45031
115 0.105882 0.287653 2.45031
115 -0.918879 0.0270488 2.45031
115 0.443154 -0.207939 2.45031
115 0.501299 0.323208 2.45031
115 -0.109771 0.435013 2.45031
115 -0.467101 -0.900394 8.73349
115 0.693465 -0.116452 2.45031
115 0.574578 0.461291 2.45031
115 0.413305 0.121488 8.73349
115 -0.0881557 0.207157 8.73349
115 -0.31908 0.220729 2.45031
115 -0.127663 0.539405 2.45031
115 -0.808212 0.272215 2.45031
115 0.462148 0.629477 2.45031
115 -0.364265 -0.732783 2.45031
115 -0.503739 0.635237 2.45031
115 0.00374848 -0.374321 2.45031
115 -0.419204 -0.268955 2.45031
115 0.0140676 -0.327961 2.45031
115 0.137653 0.109827 2.45031
115 0.306017 0.305223 2.45031
115 -0.468201 -0.306243 2.45031
115 -0.246109 -0.504673 2.45031
115 0.8521 -0.088312 2.45031
115 0.424312 0.939859 8.73349
115 -0.670877 0.792153 2.45031
115 -0.565475 0.440699 2.45031
115 -0.639182 -0.0675567 2.45031
115 -1.02549 0.101909 8.73349
115 -0.686133 -0.496496 2.45031
115 -0.259898 -0.256448 2.45031
115 0.298481 0.0359539 2.45031
115 -0.843872 -0.20723 2.45031
115 0.271604 0.489492 2.45031
115 -0.489428 -0.563493 2.45031
115 -0.453937 -0.82143 2.45031
115 -0.738079 0.131518 2.45031
115 -0.539576 0.680226 2.45031
115 0.723221 -0.163195 2.45031
115 -0.70186 0.091908 2.45031
115 0.378906 -0.351425 2.45031
115 -0.0877664 0.0704498 2.45031
115 0.740438 -0.403383 2.45031
115 0.103455 1.02875 8.73349
115 0.512571 -0.395875 2.45031
115 -0.499066 0.786791 2.45031
115 -0.66673 0.323439 2.45031
115 0.334523 0.708877 2.45031
115 0.631635 0.062459 2.45031
115 -0.270362 0.205352 2.45031
115 -0.655253 0.56906 2.45031
115 -0.0208681 0.331056 2.45031
115 0.585289 -0.25463 2.45031
115 -0.213008 -0.462491 2.45031
115 0.428918 0.236497 2.45031
115 -0.839709 -0.360853 2.45031
115 -0.333331 -0.0904893 2.45031
115 0.876813 0.284661 2.45031
115 0.0899999 0.42846 2.45031
115 0.153494 0.511977 2.45031
115 0.604082 -0.0905187 2.45031
115 -0.0616388 0.737362 2.45031
115 -0.812528 -0.411128 2.45031
115 0.214815 0.628575 8.73349
115 -0.404221 -0.43877 2.45031
115 -0.42082 -0.864569 2.45031
115 -0.492888 0.301276 2.45031
115 0.216136 0.485642 2.45031
115 -0.0483682 -0.794711 2.45031
115 0.191349 0.958196 2.45031
115 -0.488318 0.384202 2.45031
115 0.327373 0.135156 2.45031
115 -0.423166 -0.720838 2.45031
115 -0.903766 0.390215 2.45031
115 0.169745 1.02 2.45031
115 -0.940407 -0.232704 2.45031
115 -0.839544 0.0151824 2.45031
115 -0.444552 0.641615 2.45031
115 -0.291129 0.122478 2.45031
115 0.164866 -0.428171 2.45031
115 0.214926 0.901836 2.45031
115 -0.41435 0.059083 2.45031
115 0.28392 -0.729193 2.45031
115 -0.172232 -0.234791 2.45031
115 -0.659997 0.272425 2.45031
115 -0.897202 -0.185222 2.45031
115 0.918173 0.33217 2.45031
115 0.800021 0.158155 2.45031
115 -0.552867 0.109623 2.45031
115 0.921507 0.446019 8.73349
115 0.881482 -0.299789 2.45031
115 0.0799831 0.156705 2.45031
115 -0.0879945 -0.181378 2.45031
115 0.732606 0.0487297 8.73349
115 -0.456113 0.148072 2.45031
115 -0.715831 0.572209 2.45031
115 0.288644 0.170215 2.45031
115 0.100988 0.520974 2.45031
115 0.285306 0.4005 2.45031
115 -0.620608 -0.740974 2.45031
115 -0.308755 0.0457782 2.45031
115 -0.0920507 -0.753664 2.45031
115 0.540481 -0.350612 2.45031
115 -0.547448 0.534151 2.45031
115 0.82409 -0.5846 2.45031
115 -0.473845 -0.173394 2.45031
115 -0.803757 -0.16791 2.45031
115 0.180482 -0.379969 2.45031
115 -0.576982 0.489504 2.45031
115 -0.562441 0.0577983 2.45031
115 -0.968055 0.13062 2.45031
115 0.480029 -0.686071 2.45031
115 -0.254757 0.15609 2.45031
115 0.0974 0.923928 2.45031
115 -0.381531 -0.0793969 2.45031
115 0.604037 0.246821 2.45031
115 0.892019 0.225287 2.45031
115 -0.151431 0.859433 2.45031
115 0.413011 0.475318 8.73349
115 -0.873113 -0.0760906 2.45031
115 0.631842 -0.226703 2.45031
115 0.0548078 -0.459215 2.45031
115 -0.361968 -0.409064 2.45031
115 -0.425235 0.0133532 2.45031
115 0.288415 0.557083 2.45031
115 -0.142514 -0.845901 2.45031
115 -0.725214 0.517762 2.45031
115 0.889142 0.510316 2.45031
115 -0.665106 -0.699851 2.45031
115 -0.101496 0.770611 2.45031
115 -0.285705 -0.000544385 2.45031
115 -0.82198 -0.264861 2.45031
115 -0.314928 0.363594 2.45031
115 0.619681 0.338194 2.45031
115 -0.986608 -0.279427 2.45031
115 -0.135906 0.601635 8.73349
115 0.275113 0.351026 2.45031
115 -0.565715 -0.631777 8.73349
115 -0.778921 0.168628 2.45031
115 0.460109 -0.0493315 2.45031
115 -0.764999 0.303835 2.45031
115 -0.8867 -0.0161315 2.45031
115 0.56536 -0.0524145 2.45031
115 0.232401 0.251585 2.45031
115 0.636041 0.80967 2.45031
115 0.695819 -0.305304 2.45031
115 0.171168 0.466673 2.45031
115 0.893982 -0.353638 2.45031
115 0.108304 -0.840904 2.45031
115 0.841937 0.0712878 2.45031
115 -0.520941 0.485793 2.45031
115 -0.290951 -0.339016 2.45031
115 -0.717406 0.746488 2.45031
115 0.802759 -0.405195 8.73349
115 0.0387127 1.03348 8.73349
115 -0.48936 0.533581 2.45031
115 0.410256 -0.923952 2.45031
115 -0.438285 0.296408 2.45031
115 -0.164121 0.0431258 2.45031
115 -0.135789 0.081242 2.45031
115 0.0684247 0.975845 2.45031
115 0.476153 -0.589385 2.45031
115 -0.704648 0.683709 2.45031
115 -0.448181 -0.524348 2.45031
115 -0.429337 0.55358 2.45031
115 -0.511815 0.727705 2.45031
115 -0.590891 -0.498242 2.45031
115 -0.118224 0.649757 2.45031
115 -0.229629 -0.411066 2.45031
115 0.632287 0.748681 2.45031
115 0.759563 0.324068 2.45031
115 -0.786231 -0.221141 2.45031
115 -0.77687 -0.664185 8.73349
115 -0.189237 -0.189624 2.45031
115 -0.723488 -0.123053 8.73349
115 0.0531316 -0.364824 2.45031
115 -0.55012 0.212388 2.45031
115 -0.415919 0.459795 2.45031
115 0.675058 -0.587924 2.45031
115 0.665575 0.700478 2.45031
115 -0.00334418 -0.827765 2.45031
115 -0.117104 0.0292102 2.45031
115 0.408534 -0.067483 8.73349
115 -0.285871 -0.0961735 2.45031
115 0.269889 0.614271 2.45031
115 0.556069 0.513132 2.45031
115 0.372399 -0.0314222 8.73349
115 0.387581 0.0180526 2.45031
115 0.0260135 0.244847 2.45031
115 -0.252184 0.484447 2.45031
115 -0.445971 -0.667899 2.45031
115 0.594996 -0.445029 2.45031
115 -0.226835 -0.219664 2.45031
115 0.578696 -0.20138 2.45031
115 0.952788 0.135833 2.45031
115 -0.0703904 -0.325161 2.45031
115 0.247172 -0.478354 2.45031
115 0.10628 -1.00729 8.73349
115 -0.330062 0.660053 2.45031
115 0.00830695 -0.0175081 2.45031
115 0.177668 -0.734932 2.45031
115 -0.315919 0.812846 2.45031
115 0.0055914 0.201922 2.45031
115 -0.379204 0.965135 2.45031
115 0.303641 0.449664 2.45031
115 0.863999 -0.407693 2.45031
115 0.991345 0.243438 8.73349
115 -0.4098 -0.929811 8.73349
115 -0.747156 0.246407 8.73349
115 -0.793729 0.218132 2.45031
115 0.341207 0.184569 8.73349
115 0.783735 0.56369 2.45031
115 0.100792 -0.479441 8.73349
115 0.57009 0.614449 2.45031
115 0.308961 -0.79597 2.45031
115 0.317525 -0.042665 2.45031
115 -0.191032 -0.944563 2.45031
115 -0.327153 -0.686993 2.45031
115 0.463917 0.203956 2.45031
115 -0.175506 0.360209 2.45031
115 -0.256407 -0.30468 2.45031
115 0.243819 -0.906882 2.45031
115 -0.368786 0.236056 2.45031
115 0.24975 -0.103395 2.45031
115 0.900229 0.0970207 2.45031
115 0.155607 -0.110262 2.45031
115 -0.658401 0.42074 2.45031
115 -0.346547 0.136623 2.45031
115 0.49902 0.521519 2.45031
115 -0.501243 0.116201 2.45031
115 -0.311852 0.477836 2.45031
115 -0.514539 0.0656559 2.45031
115 0.955299 0.075698 2.45031
115 0.626932 0.0118339 2.45031
115 0.466369 0.47587 2.45031
115 0.334805 -0.371543 2.45031
115 0.59637 0.195597 2.45031
115 -0.105286 -0.808006 2.45031
115 -0.246324 -0.064471 2.45031
115 -0.068327 0.0238933 2.45031
115 -0.607627 0.145407 2.45031
115 0.11365 0.0650269 8.73349
115 -0.348713 -0.952602 8.73349
115 0.462044 -0.894343 2.45031
115 0.645848 0.164146 2.45031
115 0.26189 -0.0542909 2.45031
115 -0.838779 0.171355 2.45031
115 -0.134202 0.219612 2.45031
115 0.859846 -0.531598 2.45031
115 -0.143545 1.02648 8.73349
115 0.505323 -0.637029 2.45031
115 -0.558914 0.616374 2.45031
115 0.0283693 0.925501 2.45031
115 0.922169 -0.417997 8.73349
115 0.0467295 -0.242051 2.45031
115 0.679941 0.0302487 2.45031
115 0.849922 -0.247832 2.45031
115 -0.028593 -0.25251 2.45031
115 0.230734 -0.73303 2.45031
115 0.836112 -0.459148 8.73349
115 -0.0871574 -0.600803 2.45031
115 0.476512 -3.66919e-05 2.45031
115 -0.656955 0.728808 2.45031
115 -0.0190057 0.620141 2.45031
115 -0.150541 -0.163498 2.45031
115 0.751261 -0.20864 2.45031
115 0.167453 -0.0610645 2.45031
115 -0.363398 -0.889585 2.45031
115 0.224739 0.345318 2.45031
115 0.309031 -0.46815 2.45031
115 -0.628868 0.360929 8.73349
115 0.053625 0.286965 2.45031
115 -0.0389019 -0.198743 2.45031
115 -0.800034 0.12091 2.45031
115 -0.33353 0.273031 2.45031
115 0.469829 -0.752847 2.45031
115 0.257568 -0.783841 2.45031
115 0.928416 -0.20166 2.45031
115 0.443086 0.524516 2.45031
115 -0.546389 -0.468928 2.45031
115 0.0980827 -0.786052 2.45031
115 0.24075 0.844356 2.45031
115 0.758322 -0.303803 2.45031
115 0.492929 0.114073 2.45031
115 -0.195171 0.719044 2.45031
115 -0.974941 0.0632059 2.45031
115 -0.159019 -0.465581 2.45031
115 0.282583 -0.139943 2.45031
115 -0.188835 -0.133366 2.45031
115 0.134499 -0.945583 2.45031
115 0.0406089 -0.914005 8.73349
115 0.313868 0.0851416 2.45031
115 -0.552797 -0.354807 2.45031
115 -0.943424 -0.398829 8.73349
115 -0.262929 -0.450772 8.73349
115 -0.878463 -0.4063 2.45031
115 -0.104646 0.119447 2.45031
115 0.0490333 0.770037 2.45031
115 0.603008 -0.583122 2.45031
115 0.265532 -0.431315 2.45031
115 -0.424196 0.11112 2.45031
115 0.305769 -0.678588 2.45031
115 0.48668 0.0549014 2.45031
115 -0.238682 -0.114189 2.45031
115 -0.19785 0.277576 2.45031
115 -0.016767 -0.0621687 2.45031
115 -0.00679841 -0.883082 2.45031
115 -0.800178 -0.322154 2.45031
115 -0.380466 9.27479e-05 8.73349
115 -0.386496 0.4183 2.45031
115 -0.575186 -0.283266 2.45031
115 0.690011 0.762784 2.45031
115 0.0842461 -0.268233 2.45031
115 0.420994 0.799789 2.45031
115 0.509807 -0.0687563 8.73349
115 -0.273413 0.667351 2.45031
115 -0.184278 0.230736 2.45031
115 0.290807 -0.625689 2.45031
115 0.10048 -0.119816 2.45031
115 0.0109438 0.660922 2.45031
115 0.388064 0.843529 8.73349
115 0.583097 0.845562 2.45031
115 0.387453 0.69736 2.45031
115 -0.283943 0.440546 2.45031
115 -0.596435 0.716095 2.45031
115 -0.419746 -0.107334 2.45031
115 -0.927694 0.315603 2.45031
115 0.671178 -0.49403 2.45031
115 0.423627 -0.0168242 2.45031
115 -0.455948 0.745601 2.45031
115 0.363323 0.966684 2.45031
115 -0.0399829 0.376642 2.45031
115 0.114905 -0.641438 2.45031
115 -0.637152 -0.29335 2.45031
115 -0.163192 -0.998537 2.45031
115 0.372175 -0.262866 2.45031
115 -0.197927 -0.0363084 8.73349
115 0.299864 -0.0884497 2.45031
115 -0.647748 0.669858 2.45031
115 -0.228779 -0.813578 2.45031
115 0.501894 -0.315585 2.45031
115 -0.0284669 0.525452 2.45031
115 -0.284711 0.257402 2.45031
115 0.134811 0.559941 2.45031
115 -0.111932 -0.555776 8.73349
115 -0.0568048 -0.551906 2.45031
115 -0.212662 0.326723 2.45031
115 -0.346751 -0.239515 2.45031
115 -0.0555387 0.112166 2.45031
115 0.504986 0.228772 2.45031
115 -0.764827 -0.280891 2.45031
115 0.28274 0.259896 2.45031
115 -0.556284 0.158574 2.45031
115 0.81074 -0.201312 2.45031
115 0.272025 -0.282305 2.45031
115 -0.0199568 0.705202 2.45031
115 0.947159 0.0202297 2.45031
115 0.707578 -0.639325 2.45031
115 0.457592 -0.530579 2.45031
115 -0.324587 -0.570654 8.73349
115 0.500445 0.168057 2.45031
115 0.560924 -0.7779 2.45031
115 -0.282721 0.523414 2.45031
115 -0.664785 -0.247421 2.45031
115 -0.143109 0.264896 2.45031
115 -0.876462 0.343499 2.45031
115 -0.349139 -0.0427186 2.45031
115 -0.604853 0.407586 2.45031
115 -0.597943 -0.385675 2.45031
115 -0.0380649 0.0669771 2.45031
115 -0.849684 0.495773 2.45031
115 -0.683006 0.376576 2.45031
115 0.670214 0.501706 2.45031
115 -0.307318 -0.280259 2.45031
115 0.743869 -0.684842 2.45031
115 -0.50993 -0.811271 2.45031
115 0.534762 -0.169766 8.73349
115 0.0522198 -0.85824 8.73349
115 -0.924247 -0.292582 2.45031
115 0.328654 0.862185 2.45031
115 0.533352 0.286766 2.45031
115 -0.152614 0.970174 2.45031
115 0.00429606 -0.217021 2.45031
115 -0.330043 -0.138632 2.45031
115 -0.0265421 -0.414759 2.45031
115 -0.629527 -0.007956 2.45031
115 0.444888 -0.407019 2.45031
115 -0.772399 0.585113 2.45031
115 0.218815 -0.420073 2.45031
115 -0.102397 -0.88711 2.45031
115 -0.401281 -0.49092 2.45031
115 0.691321 -0.220063 2.45031
115 -0.192426 -0.50985 2.45031
115 0.200698 0.683152 2.45031
115 -0.747623 -0.422407 2.45031
115 -0.697857 -0.440675 2.45031
115 -0.0614018 -0.848887 2.45031
115 -0.780854 0.0296133 2.45031
115 0.233459 1.00606 2.45031
115 0.178736 0.588825 2.45031
115 0.212477 -0.0696643 2.45031
115 -0.0729276 0.334945 2.45031
115 0.0546274 0.53816 2.45031
115 0.520674 -0.0217414 2.45031
115 -0.497977 -0.505431 2.45031
115 0.421308 0.37853 8.73349
115 -0.324567 0.924064 2.45031
115 -0.323595 -0.846843 2.45031
115 -0.370717 -0.283113 2.45031
115 -0.777941 0.517965 2.45031
115 0.370691 -0.8019 2.45031
115 0.727116 -0.259123 2.45031
115 0.861722 0.344081 2.45031
115 -0.332631 0.00257035 2.45031
115 -0.303164 -0.734426 2.45031
115 -0.339647 -0.781347 2.45031
115 0.280098 0.717288 2.45031
115 -0.140586 -0.604048 2.45031
115 -0.322881 -0.186638 2.45031
115 -0.281831 -0.145671 2.45031
115 -0.695008 -0.202256 2.45031
115 0.311356 -0.41533 2.45031
115 0.946972 0.383865 8.73349
115 0.183739 0.109842 2.45031
115 0.0643962 0.0658604 2.45031
115 0.445905 -0.637107 2.45031
115 -0.300014 -0.229983 2.45031
115 -0.549199 0.388664 2.45031
115 -0.804346 0.464301 2.45031
115 -0.818593 0.0696149 2.45031
115 -0.839649 0.607382 2.45031
115 -0.626808 0.4642 2.45031
115 0.506487 -0.799793 8.73349
115 0.892832 0.0391468 2.45031
115 0.30321 0.660915 2.45031
115 0.373156 0.754357 2.45031
115 0.250213 -0.325869 2.45031
115 0.137223 -0.154229 2.45031
115 -0.187224 0.413227 2.45031
115 0.393183 -0.611403 2.45031
115 -0.247501 -0.709468 2.45031
115 -0.139908 0.395535 2.45031
115 0.0173514 0.508951 2.45031
115 0.259309 0.210229 2.45031
115 -0.0423894 0.20321 2.45031
115 -0.255382 -0.7617 2.45031
115 -0.116298 -0.307179 2.45031
115 0.047688 -0.147107 2.45031
115 -0.0770926 0.52402 2.45031
115 -0.223503 0.529219 2.45031
115 0.0822827 0.331015 8.73349
115 -0.857492 0.118424 2.45031
115 -0.363294 0.0477671 2.45031
115 0.491459 -0.19985 2.45031
115 0.450323 0.0887922 2.45031
115 0.80556 -0.506311 2.45031
115 -0.249772 0.717161 2.45031
115 -0.243611 -0.35714 2.45031
115 0.592644 0.146106 2.45031
115 -0.568225 -0.139597 2.45031
115 -0.760899 -0.599689 2.45031
115 0.184673 0.156809 2.45031
115 0.776748 -0.153708 2.45031
115 0.154906 0.289932 2.45031
115 -0.199056 0.824421 2.45031
115 -0.461106 -0.762993 2.45031
115 0.769977 0.267178 2.45031
115 -0.419212 -0.165643 2.45031
115 0.230358 0.115971 2.45031
115 0.0983056 0.794346 2.45031
115 -0.19909 0.0118624 2.45031
115 -0.373621 -0.346376 2.45031
115 0.316101 0.927806 2.45031
115 -0.171072 0.563115 2.45031
115 0.199802 -0.684545 2.45031
115 0.426413 -0.787094 2.45031
115 0.0964985 -0.57743 2.45031
115 0.00830449 -0.114053 2.45031
115 -0.854808 -0.143767 2.45031
115 -0.146036 -0.106304 2.45031
115 0.0200145 -0.711661 8.73349
115 -0.730641 0.194323 2.45031
115 1.013 0.0505085 8.73349
115 -0.603644 0.0945874 2.45031
115 0.402168 0.0681675 2.45031
115 -0.518604 0.012884 2.45031
115 -0.227701 0.771069 2.45031
115 0.819018 -0.29912 2.45031
115 -0.461082 -0.127639 2.45031
115 -0.516227 -0.138197 2.45031
115 -0.446081 0.505762 2.45031
115 -0.673097 -0.10137 2.45031
115 -0.401455 0.334019 2.45031
115 -0.498124 -0.39717 2.45031
115 -0.0729544 -0.275792 2.45031
115 0.946272 0.200033 2.45031
115 -0.67835 -0.761938 8.73349
115 0.717369 -0.352155 2.45031
115 0.171155 -0.636095 2.45031
115 -0.0439852 -0.0168049 2.45031
115 0.580289 -0.142074 2.45031
115 -0.297115 -0.0475123 8.73349
115 -0.0420756 -0.362127 2.45031
115 -1.01692 0.165754 2.45031
115 -0.335859 -0.316996 2.45031
115 0.233111 0.57849 2.45031
115 0.584982 0.0963125 2.45031
115 0.644066 0.280598 2.45031
115 0.528069 0.808272 2.45031
115 -0.744361 -0.175819 2.45031
115 1.01356 -0.0659447 8.73349
115 -0.464229 -0.0147107 2.45031
115 -0.644495 -0.358298 2.45031
115 -0.0834361 -0.700052 2.45031
115 0.33088 -0.127303 8.73349
115 0.2989 0.989097 2.45031
115 -0.554384 0.303076 2.45031
115 -0.314118 -0.428736 2.45031
115 0.955132 -0.300841 8.73349
115 0.310647 0.219335 2.45031
115 0.6194 -0.0392139 2.45031
115 -0.848669 -0.564329 8.73349
115 0.0954093 -0.217507 2.45031
115 0.353929 0.651018 2.45031
115 0.43916 0.033789 2.45031
115 0.483197 -0.43895 2.45031
115 -0.514652 -0.870331 2.45031
115 0.152617 0.909042 2.45031
115 -0.557008 0.756818 2.45031
115 0.376945 -0.552492 2.45031
115 -0.589331 0.567547 2.45031
115 -0.213454 0.0615769 2.45031
115 0.560923 0.339098 2.45031
115 -0.713829 -0.544881 2.45031
115 -0.346855 -0.636391 2.45031
115 -0.657096 -0.572713 2.45031
115 0.145632 -0.203233 2.45031
115 -0.555717 0.815516 2.45031
115 -0.453249 0.196831 2.45031
115 0.353802 -0.0773987 2.45031
115 -0.520493 0.579653 2.45031
115 -0.54339 -0.528959 2.45031
115 -0.967403 0.000978196 2.45031
115 0.265375 -0.191125 2.45031
115 -0.115545 -0.652866 2.45031
115 -0.365401 0.706252 2.45031
115 0.0311362 0.331502 2.45031
115 -0.0414565 0.854364 2.45031
115 -0.0960098 0.952266 2.45031
115 -0.657669 -0.642183 2.45031
115 0.0572301 -0.101506 2.45031
115 0.371848 0.369808 2.45031
115 -0.704399 -0.381076 2.45031
115 0.143455 -0.593507 2.45031
115 -0.537953 -0.584213 8.73349
115 0.0804594 0.630419 2.45031
115 -0.276062 0.392953 2.45031
115 -0.590586 -0.559218 2.45031
115 0.543963 -0.678821 2.45031
115 0.291499 0.818604 2.45031
115 -0.967211 -0.339806 8.73349
115 0.564665 -0.303324 2.45031
115 0.356304 -0.431409 2.45031
115 0.831923 0.245217 2.45031
115 0.293221 -0.231095 2.45031
115 0.170083 -0.0169266 2.45031
115 -0.772334 -0.0708149 2.45031
115 -0.377613 -0.133362 2.45031
115 0.245574 0.529828 2.45031
115 -0.42156 0.697666 2.45031
115 -0.759187 0.0808892 2.45031
115 0.154441 0.705635 2.45031
115 0.252038 0.669167 2.45031
115 0.685948 0.0823301 2.45031
115 0.0676142 0.879941 2.45031
115 0.792356 0.106267 8.73349
115 0.312034 0.762363 2.45031
115 0.0682572 0.479727 2.45031
115 0.342632 -0.220789 2.45031
115 -0.124278 0.489037 8.73349
115 -0.499344 -0.449449 8.73349
115 -0.24224 -0.0176368 2.45031
115 -0.0365495 -0.106083 2.45031
115 -0.47015 0.253127 2.45031
115 -0.410774 -0.0397076 2.45031
115 0.118883 0.856685 2.45031
115 0.511014 -0.543876 2.45031
115 -0.500776 -0.0428348 2.45031
115 0.520432 -0.73081 2.45031
115 -0.95508 0.191977 2.45031
115 0.20562 0.293574 2.45031
115 -0.391615 0.507809 8.73349
115 0.827772 0.518423 8.73349
115 -0.90747 0.143289 2.45031
115 -0.0868573 0.891399 2.45031
115 0.0731669 -0.958704 2.45031
115 -0.106519 0.296683 2.45031
115 0.429012 0.585938 2.45031
115 0.670112 -0.683295 2.45031
115 -0.882682 0.547708 2.45031
115 -0.349165 0.323839 2.45031
115 0.315092 -0.178794 2.45031
115 -0.236196 0.868548 2.45031
115 -0.271418 0.0768097 2.45031
115 -0.20388 0.14511 2.45031
115 0.249781 0.442359 2.45031
115 0.542055 0.133861 2.45031
115 0.335406 0.00315329 2.45031
115 0.167574 -0.288233 2.45031
115 0.0431995 0.417123 2.45031
115 0.802166 0.466957 2.45031
115 -0.597384 0.196202 2.45031
115 -0.941229 0.432255 8.73349
115 0.639644 -0.542655 2.45031
115 0.236875 0.162906 2.45031
115 0.175266 0.383817 2.45031
115 0.776293 -0.353998 2.45031
115 -1.00962 0.228665 2.45031
115 -0.340178 0.518722 2.45031
115 -0.174453 -0.805126 2.45031
115 -0.605799 -0.675475 2.45031
115 -0.681909 -0.326342 2.45031
115 -0.451441 -0.469912 2.45031
115 -0.628139 -0.140359 2.45031
115 0.414666 0.185793 8.73349
115 0.13071 0.337721 2.45031
115 0.0555468 0.200795 2.45031
115 -0.290414 0.873493 2.45031
115 -0.100387 -1.00959 8.73349
115 -0.613276 -0.608904 2.45031
115 0.479565 0.571395 2.45031
115 0.883537 0.396645 8.73349
115 0.336956 0.407476 2.45031
115 -0.000960774 -0.163363 2.45031
115 0.620595 -0.296104 2.45031
115 -0.19714 -0.085731 2.45031
115 0.0117704 0.566691 2.45031
115 0.132168 0.155912 2.45031
115 0.821154 0.410447 8.73349
115 0.0601024 0.676194 2.45031
115 0.106583 0.199382 2.45031
115 -0.384502 -0.680047 2.45031
115 0.642158 -0.743095 2.45031
115 -0.573473 0.0087714 2.45031
115 -0.112431 -0.0659404 2.45031
115 -0.206761 -0.318883 2.45031
115 0.150145 -0.339072 2.45031
115 0.217148 -0.281294 2.45031
115 0.434107 0.285283 8.73349
115 0.615343 0.496152 2.45031
115 -0.00662327 0.111869 2.45031
115 1.01036 -0.00678829 8.73349
115 -0.907531 0.251681 2.45031
115 0.117483 -0.731817 2.45031
115 -0.0706675 0.158431 2.45031
115 -0.0844933 -0.106074 2.45031
115 0.12219 -0.0746957 2.45031
115 0.426151 -0.113888 2.45031
115 -0.29932 0.310468 2.45031
115 0.834662 -0.351895 2.45031
115 -0.27884 -0.667562 2.45031
115 -0.816463 -0.611883 2.45031
115 -0.267643 -0.570417 2.45031
115 -0.618673 0.52164 2.45031
115 -0.0288032 -0.690772 2.45031
115 0.254096 0.946912 8.73349
115 -0.439463 -0.212851 2.45031
115 -0.772439 0.363945 2.45031
115 0.452762 0.331388 2.45031
115 0.593767 0.383747 8.73349
115 -0.679727 -0.153888 2.45031
115 0.00792683 0.978349 2.45031
115 0.0668621 -0.515686 2.45031
115 -0.823388 -0.0977422 2.45031
115 -0.178458 -0.420763 2.45031
115 -0.215247 0.669275 2.45031
115 -0.0627699 -0.646828 2.45031
115 0.523846 0.37145 2.45031
115 -0.885405 -0.51282 2.45031
115 0.393214 -0.398165 8.73349
115 -0.590802 0.661527 2.45031
115 0.0487612 -0.803732 2.45031
115 -0.264405 -0.860918 2.45031
115 0.117788 -0.023681 8.73349
115 -0.520528 0.343735 2.45031
115 0.207431 0.803047 2.45031
115 0.53153 0.874424 2.45031
115 0.55338 0.240817 2.45031
115 0.776155 0.669492 2.45031
115 0.569788 -0.834864 2.45031
115 0.222537 -0.0216514 2.45031
115 0.974406 0.314062 2.45031
115 -0.722926 0.0407457 2.45031
115 0.653461 0.384097 2.45031
115 -0.0913887 0.57487 8.73349
115 -0.895474 0.195057 2.45031
115 0.785922 0.0535375 2.45031
115 0.151558 -0.486915 2.45031
115 0.379266 -0.118913 2.45031
115 -0.230512 -0.16248 2.45031
115 -0.95352 -0.173262 2.45031
115 0.0342792 0.610447 2.45031
115 -0.0514405 0.666304 2.45031
115 0.264047 0.0723543 2.45031
115 0.275328 0.886893 2.45031
115 0.70923 0.35608 2.45031
115 -1.01428 -0.157915 8.73349
115 0.361095 -0.893998 2.45031
115 -0.0375974 -0.74133 2.45031
115 0.648666 0.217121 2.45031
115 0.640264 -0.125577 8.73349
115 0.295278 -0.564282 2.45031
115 -1.00229 -0.219033 2.45031
115 -0.307346 0.710629 2.45031
115 0.569108 -0.542389 2.45031
115 -0.303352 -0.907541 2.45031
115 0.574221 -0.632014 2.45031
115 0.62484 -0.796038 2.45031
115 -0.317279 0.566418 2.45031
115 0.0668109 0.375512 8.73349
115 -0.45036 -0.414365 2.45031
115 0.688673 0.591659 2.45031
115 0.375273 0.21949 8.73349
115 -0.828324 -0.0384896 2.45031
115 0.838569 0.0153813 2.45031
115 -0.370981 -0.183701 2.45031
115 0.350745 0.0518399 2.45031
115 -0.163999 -0.284385 2.45031
115 0.39253 -0.213279 2.45031
115 -0.345352 0.862332 2.45031
115 -0.288797 -0.803281 2.45031
115 -0.520071 -0.260552 2.45031
115 -0.0595314 0.425441 2.45031
115 0.746277 0.161505 2.45031
115 0.337377 0.259914 2.45031
115 -0.221122 -0.660476 2.45031
115 -0.180077 0.627643 2.45031
115 -0.121017 -0.421716 2.45031
115 0.127461 -0.386061 2.45031
