415 0.191048 -0.54275 2.45031
415 -0.380361 0.661546 2.45031
415 -0.455703 -0.606687 8.73349
415 0.952376 -0.0918946 2.45031
415 -0.169261 -0.551358 2.45031
415 0.928696 0.266629 8.73349
415 -0.357517 0.183279 2.45031
415 -0.40955 -0.221553 2.45031
415 -0.186498 -0.365872 8.73349
415 -0.157912 -0.00103106 2.45031
415 0.900967 -0.0662146 2.45031
415 0.163426 -0.832522 2.45031
415 -0.346232 0.614552 2.45031
415 0.48609 0.907876 8.73349
415 -0.0159265 0.157322 2.45031
415 0.680673 0.331925 2.45031
415 -0.842118 0.377213 2.45031
415 0.691281 0.13176 2.45031
415 -0.781055 -0.552209 2.45031
415 -0.456725 -0.357141 2.45031
415 -0.918266 0.476535 2.45031
415 -0.661797 0.080856 2.45031
415 -0.214639 -0.267735 2.45031
415 0.647632 0.464477 2.45031
415 -1.02993 -0.022 2.45031
415 -0.916848 -0.457025 2.45031
415 0.330181 -0.603791 2.45031
415 -0.357329 0.45461 2.45031
415 0.794386 0.346793 2.45031
415 -0.328573 0.980135 2.45031
415 0.0489636 -0.653438 2.45031
415 -0.0252535 0.027858 2.45031
415 0.407683 -0.166066 2.45031
415 0.440191 0.430138 8.73349
415 0.0964968 -0.439216 2.45031
415 0.0848868 0.711834 2.45031
415 0.238672 -0.240334 2.45031
415 0.544389 -0.581208 2.45031
415 0.149362 0.802402 2.45031
415 0.618358 -0.492657 2.45031
415 0.0703437 -0.396608 2.45031
415 -0.806574 0.423168 2.45031
415 -0.252348 0.821938 2.45031
415 -0.720553 0.355292 2.45031
415 -0.659058 0.189015 2.45031
415 0.00398983 -0.470202 2.45031
415 -0.0507895 -0.464017 2.45031
415 0.197615 -0.333555 2.45031
415 0.3441 -0.515752 8.73349
415 0.676779 0.248382 2.45031
415 -0.818734 -0.511078 2.45031
415 -0.012769 1.03379 8.73349
415 0.447368 0.685307 2.45031
415 0.667652 0.63791 2.45031
415 0.632176 -0.18348 2.45031
415 0.859283 0.447852 2.45031
415 0.357071 -0.174357 2.45031
415 0.732108 0.540064 2.45031
415 0.0860048 -0.894199 2.45031
415 0.352585 0.802881 2.45031
415 -0.460227 0.0658861 2.45031
415 0.534702 -0.439986 2.45031
415 -0.812938 0.326403 8.73349
415 0.398524 0.548116 2.45031
415 0.55913 -0.487534 2.45031
415 0.626252 -0.395293 2.45031
415 -0.969149 0.360072 2.45031
415 -0.355416 -0.459847 2.45031
415 -0.64487 -0.46349 2.45031
415 -0.447484 0.423589 2.45031
415 -0.517335 0.209293 2.45031
415 0.478438 0.261334 2.45031
415 -0.552648 -0.087491 2.45031
415 0.67803 0.420679 2.45031
415 -0.246077 -0.924662 2.45031
415 0.0382243 0.142407 2.45031
415 0.226343 -0.149175 2.45031
415 -0.577983 -0.837134 2.45031
415 0.672631 -0.0227391 2.45031
415 -0.243824 0.427233 2.45031
415 0.714803 -0.0567433 2.45031
415 0.498682 0.427347 2.45031
415 -0.741587 -0.329794 2.45031
415 -0.470011 0.691673 2.45031
415 0.78642 -0.00477463 2.45031
415 0.489152 0.722189 2.45031
415 -0.303814 0.172938 2.45031
415 -0.97277 -0.0489379 2.45031
415 -0.625463 0.229161 2.45031
415 0.53186 0.755254 2.45031
415 -0.224777 -0.54157 2.45031
415 -0.413761 -0.32345 2.45031
415 -0.0767671 0.815683 2.45031
415 -0.249375 0.292214 2.45031
415 0.802367 -0.0980289 2.45031
415 -0.840887 0.216074 2.45031
415 0.187275 -0.247345 2.45031
415 0.0362567 0.814734 2.45031
415 0.112534 -0.301868 2.45031
415 0.407347 0.642857 2.45031
415 0.182635 0.848525 8.73349
415 0.215065 -0.461658 2.45031
415 0.0872747 0.57296 2.45031
415 0.0609479 -0.309396 2.45031
415 -0.109406 -0.0157178 2.45031
415 -0.8638 -0.302912 2.45031
415 -0.333903 0.760561 2.45031
415 -0.452012 0.80563 2.45031
415 0.197487 -0.109944 2.45031
415 -0.51268 -0.67979 2.45031
415 -0.450753 0.934068 2.45031
415 -0.428621 0.239602 2.45031
415 -0.0730373 -0.0496656 8.73349
415 0.405447 -0.300334 2.45031
415 0.544371 0.1806 2.45031
415 0.208168 -0.801688 2.45031
415 -0.742137 0.411415 2.45031
415 -0.0147681 0.921699 2.45031
415 -0.378449 -0.540326 2.45031
415 0.845969 0.127447 2.45031
415 0.38212 0.154498 2.45031
415 0.117038 0.756748 2.45031
415 0.53515 0.0778434 2.45031
415 -0.768186 -0.0239374 2.45031
415 -0.0436764 0.248558 2.45031
415 -0.538158 -0.185154 2.45031
415 -1.02918 0.0425546 2.45031
415 0.200421 0.0247187 2.45031
415 0.319765 0.607918 2.45031
415 0.43455 0.875533 2.45031
415 0.152287 -0.779113 2.45031
415 0.136999 0.966451 2.45031
415 0.115955 0.469969 2.45031
415 -0.148341 -0.733094 2.45031
415 0.387274 0.427415 2.45031
415 0.580472 -0.690197 2.45031
415 -0.104465 0.866392 2.45031
415 0.134546 -0.255131 2.45031
415 -0.13285 -0.373008 2.45031
415 0.837463 0.185519 2.45031
415 -0.151636 0.135937 2.45031
415 0.669732 -0.26518 8.73349
415 -0.470049 -0.713247 2.45031
415 -0.634555 0.599043 8.73349
415 0.207335 -0.199552 2.45031
415 0.710926 -0.716005 8.73349
415 -0.217047 0.196502 2.45031
415 -0.0272537 -0.511202 2.45031
415 0.281144 -0.372795 2.45031
415 -0.00807388 -0.650989 2.45031
415 0.0911173 -0.680139 2.45031
415 -0.105807 -0.129529 2.45031
415 0.0524824 -0.561871 2.45031
415 -0.468778 0.474544 2.45031
415 -0.74879 0.46554 2.45031
415 0.375619 0.905409 8.73349
415 0.163381 0.648437 8.73349
415 0.895994 -0.134749 2.45031
415 0.00518285 0.76489 2.45031
415 0.254676 -0.693227 2.45031
415 0.0288222 -0.515126 2.45031
415 0.725217 0.650146 2.45031
415 0.702312 0.481901 2.45031
415 0.294234 -0.904125 2.45031
415 0.140482 -0.531828 2.45031
415 0.793163 -0.6234 2.45031
415 0.387277 -0.760454 2.45031
415 -0.366529 0.804093 2.45031
415 0.0328663 -0.0530925 2.45031
415 0.532206 -0.217765 2.45031
415 -0.519071 -0.745564 2.45031
415 0.761366 0.599237 2.45031
415 -0.747514 0.634142 2.45031
415 0.8942 -0.469864 2.45031
415 0.373483 0.598822 8.73349
415 0.447224 0.153618 2.45031
415 0.893236 -0.0119437 2.45031
415 0.199078 0.428819 2.45031
415 -0.700434 0.29549 2.45031
415 -0.712476 -0.655282 2.45031
415 -0.278641 0.929411 2.45031
415 0.455371 -0.150733 2.45031
415 0.429014 -0.719147 2.45031
415 -0.538441 -0.0355939 2.45031
415 0.162224 0.337071 2.45031
415 0.0277452 -0.277025 2.45031
415 0.0212432 -0.604969 2.45031
415 -0.427624 0.374679 2.45031
415 -0.160008 0.671372 2.45031
415 0.141857 0.422727 2.45031
415 -0.16453 0.769742 2.45031
415 -0.595402 -0.444957 2.45031
415 -0.501332 -0.0825535 2.45031
415 -0.613261 0.31896 2.45031
415 -0.669201 0.027438 2.45031
415 1.00107 0.18518 2.45031
415 0.172955 0.747122 2.45031
415 -0.505089 -0.22338 2.45031
415 -0.809723 0.645711 2.45031
415 0.482219 -0.246277 2.45031
415 0.478862 0.840417 2.45031
415 0.747776 -0.105739 2.45031
415 0.740627 0.105181 2.45031
415 0.221407 -0.984669 2.45031
415 -0.0307093 -0.903375 2.45031
415 -0.0504343 0.570931 2.45031
415 0.948372 -0.15071 2.45031
415 -0.504754 -0.333859 8.73349
415 -0.060509 0.295655 2.45031
415 0.477211 0.782572 2.45031
415 0.472661 0.384229 2.45031
415 0.730676 -0.0044971 8.73349
415 -0.0432113 0.976744 2.45031
415 -0.181683 -0.636368 2.45031
415 -0.39981 0.608657 2.45031
415 -0.0640164 -0.955614 2.45031
415 0.0292531 0.714216 2.45031
415 0.481515 -0.350264 2.45031
415 0.215694 0.0733858 2.45031
415 0.0361812 -0.431722 2.45031
415 0.89406 0.164101 2.45031
415 -0.734206 -0.235763 2.45031
415 -0.502109 -0.626288 2.45031
415 0.109095 0.662036 2.45031
415 -0.508135 0.839314 2.45031
415 0.368615 0.50867 2.45031
415 0.0863944 -0.0452014 2.45031
415 0.251677 -0.853814 2.45031
415 0.530762 0.557021 2.45031
415 -0.635036 -0.518481 2.45031
415 0.0313453 -1.01091 2.45031
415 -0.306062 -0.609903 2.45031
415 -0.604446 -0.0987626 2.45031
415 0.286802 -0.511202 2.45031
415 0.770114 -0.459204 2.45031
415 0.553458 0.418417 2.45031
415 0.406437 -0.859407 2.45031
415 0.568254 -0.394933 2.45031
415 0.0562563 -0.00884845 2.45031
415 -0.151103 -0.328568 2.45031
415 -0.0902974 0.392393 2.45031
415 -0.766422 -0.1326 2.45031
415 -0.193499 0.912958 8.73349
415 0.145899 -0.680371 2.45031
415 -0.689064 0.618207 2.45031
415 -0.273858 -0.391588 2.45031
415 -0.911507 -0.120695 2.45031
415 0.167027 0.0642714 2.45031
415 0.00671314 0.0675684 2.45031
415 -0.159797 0.459328 2.45031
415 0.0689384 0.2314 2.45031
415 -0.0688917 -0.412564 2.45031
415 0.260624 0.77582 2.45031
415 -0.338306 -0.508173 2.45031
415 -0.457027 0.871432 2.45031
415 0.461847 -0.0945119 2.45031
415 -0.363098 -0.593427 8.73349
415 -0.229516 0.955751 2.45031
415 -0.0334527 -0.603562 2.45031
415 -0.127561 0.357339 2.45031
415 -0.565943 0.86835 2.45031
415 0.234414 -0.640453 2.45031
415 -0.554389 -0.241846 2.45031
415 -0.373006 0.0992969 2.45031
415 0.737328 -0.506743 2.45031
415 0.0269376 0.0264445 2.45031
415 0.709582 -0.451002 2.45031
415 -0.134079 0.719533 2.45031
415 -0.695088 0.450988 2.45031
415 0.16073 0.200637 2.45031
415 1.00736 -0.125448 8.73349
415 -0.616246 0.0424044 2.45031
415 -0.135353 0.81615 2.45031
415 0.0446396 0.0955092 2.45031
415 -0.397969 0.899898 2.45031
415 0.279773 0.132053 8.73349
415 0.0110716 0.867689 2.45031
415 0.0733627 -0.178518 2.45031
415 -1.02531 -0.0872313 2.45031
415 -0.149794 -0.890348 2.45031
415 -0.418184 -0.572707 2.45031
415 -0.4105 -0.786728 2.45031
415 0.121039 0.379222 2.45031
415 -0.591544 0.268935 2.45031
415 0.786642 -0.253098 2.45031
415 0.953985 -0.0316544 2.45031
415 -0.0776253 0.717227 2.45031
415 0.231393 0.390344 2.45031
415 0.0894396 0.0954078 2.45031
415 0.318658 -0.270595 2.45031
415 -0.258683 0.571447 2.45031
415 -0.480179 0.0177837 8.73349
415 0.858293 0.555235 2.45031
415 0.313277 0.510532 2.45031
415 0.729268 -0.610505 8.73349
415 -0.789088 -0.461296 2.45031
415 -0.22761 -0.987086 8.73349
415 -0.915673 0.0762631 2.45031
415 0.246744 0.304214 2.45031
415 0.0209728 -0.187683 2.45031
415 -0.407866 0.839332 2.45031
415 -0.645187 0.133385 8.73349
415 -0.563823 -0.708654 2.45031
415 -0.188379 -0.774257 2.45031
415 -0.640721 -0.193757 2.45031
415 0.510381 0.614101 2.45031
415 0.51052 0.673446 2.45031
415 0.363592 0.104319 2.45031
415 0.142772 -0.888635 2.45031
415 0.374948 -0.69993 2.45031
415 0.0341631 0.453536 2.45031
415 0.415007 -0.661433 2.45031
415 0.270679 -0.598115 2.45031
415 0.426292 -0.5693 2.45031
415 0.350875 0.463787 2.45031
415 -0.464324 0.336126 2.45031
415 0.309159 -0.845315 2.45031
415 -0.74668 -0.495112 2.45031
415 0.679106 -0.163306 2.45031
415 -0.228728 0.378353 2.45031
415 0.682209 -0.397182 2.45031
415 -0.547577 -0.418069 2.45031
415 -0.949314 0.247314 8.73349
415 -0.0763854 1.0318 8.73349
415 0.876732 -0.195407 2.45031
415 -0.683962 0.235271 2.45031
415 -0.020187 0.816139 2.45031
415 -0.206027 -0.590675 2.45031
415 -0.017061 0.467521 2.45031
415 0.703305 -0.554225 8.73349
415 0.65595 -0.34495 2.45031
415 0.692425 0.186871 2.45031
415 -0.236394 0.112563 2.45031
415 -0.621453 0.830616 2.45031
415 0.340158 -0.949125 2.45031
415 -0.868117 0.0403783 2.45031
415 -0.236851 0.618483 2.45031
415 0.839881 -0.150316 2.45031
415 -0.289527 -0.971214 2.45031
415 0.60039 -0.348144 2.45031
415 0.580951 0.29034 2.45031
415 -0.206721 0.566364 2.45031
415 -0.510502 0.903088 2.45031
415 -0.0558374 -0.148179 2.45031
415 -0.126094 -0.949067 2.45031
415 0.810859 0.295391 2.45031
415 0.501304 -0.131092 2.45031
415 -0.209 0.469778 2.45031
415 0.175766 0.247872 2.45031
415 0.211055 0.209611 2.45031
415 0.823667 0.607631 8.73349
415 -0.132856 -0.210969 2.45031
415 0.0645553 -0.731109 2.45031
415 -0.392047 0.278024 2.45031
415 -0.875163 0.424474 2.45031
415 0.336152 -0.740612 2.45031
415 -0.203237 -0.71844 2.45031
415 0.765574 -0.563533 2.45031
415 -0.337694 0.404217 2.45031
415 -0.767957 0.695735 8.73349
415 -0.297815 -0.476698 2.45031
415 -0.587161 -0.190628 2.45031
415 -0.990389 0.296552 2.45031
415 -0.246962 -0.624838 2.45031
415 -0.166064 0.184665 2.45031
415 0.0960639 -0.352149 2.45031
415 -0.714234 -0.0617802 2.45031
415 0.951436 -0.354933 8.73349
415 -0.157472 -0.68275 2.45031
415 0.377685 -0.473344 2.45031
415 -0.232975 0.244642 2.45031
415 -0.323974 0.0871241 2.45031
415 -0.965667 -0.10767 2.45031
415 0.513582 -0.869466 2.45031
415 -0.393112 0.14552 2.45031
415 0.615593 0.416801 2.45031
415 -0.20739 1.01583 2.45031
415 -0.630356 -0.799425 2.45031
415 -0.100623 -0.464524 2.45031
415 1.00971 0.121692 8.73349
415 0.349188 -0.308752 2.45031
415 -0.291067 0.619909 2.45031
415 -0.00294709 -0.557467 2.45031
415 0.625341 -0.644998 2.45031
415 -0.727731 -0.715507 2.45031
415 -0.456929 0.599154 2.45031
415 -0.281324 -0.526356 2.45031
415 0.550465 -0.111429 2.45031
415 0.740857 0.710962 2.45031
415 -0.500799 0.158068 2.45031
415 -0.576234 0.358212 2.45031
415 0.638752 0.106598 2.45031
415 -0.11617 0.17337 2.45031
415 0.981593 -0.251815 2.45031
415 0.532039 -0.265737 2.45031
415 0.908848 -0.256257 2.45031
415 0.733161 0.437589 2.45031
415 -0.852775 -0.459403 8.73349
415 -0.696269 -0.596948 2.45031
415 -0.276501 0.76751 2.45031
415 0.1595 -0.997375 2.45031
415 0.340743 0.555747 2.45031
415 -0.704959 -0.281723 2.45031
415 -0.617119 0.767716 2.45031
415 0.00952335 -0.746109 2.45031
415 -0.597014 -0.337555 2.45031
415 -0.0857799 -0.363761 2.45031
415 -0.00409115 0.416878 8.73349
415 0.352409 -0.651016 2.45031
415 -0.271699 0.999083 8.73349
415 0.151118 0.0153179 2.45031
415 0.619059 0.680657 2.45031
415 0.581224 0.0425366 2.45031
415 -0.0197975 -0.285826 2.45031
415 -0.162207 0.319077 2.45031
415 0.350498 0.321704 2.45031
415 0.996744 -0.19053 2.45031
415 0.316142 0.362079 2.45031
415 -0.273502 -0.202347 2.45031
415 -0.572706 -0.773393 2.45031
415 -0.904774 -0.348096 2.45031
415 -0.773344 -0.372285 2.45031
415 0.529807 0.0249766 8.73349
415 0.762795 0.492713 2.45031
415 0.414822 -0.436874 2.45031
415 -0.0804929 -0.511154 2.45031
415 0.387611 0.280984 8.73349
415 -0.656873 0.493691 2.45031
415 0.528738 0.469067 2.45031
415 -0.696233 0.156367 2.45031
415 0.284965 -0.00548335 2.45031
415 -0.120399 -0.262611 2.45031
415 0.249935 0.0336333 2.45031
415 0.0766928 -0.611592 2.45031
415 0.438911 -0.480873 8.73349
415 0.401085 0.330838 2.45031
415 0.728465 0.226472 2.45031
415 0.19541 0.539239 2.45031
415 -0.411345 0.192142 2.45031
415 0.60348 -0.740051 2.45031
415 0.56741 0.71359 2.45031
415 0.226692 -0.374203 2.45031
415 -0.609374 -0.237197 2.45031
415 0.656585 -0.0727229 2.45031
415 0.201485 -0.873346 2.45031
415 -0.0679159 0.478984 2.45031
415 0.562158 0.658418 2.45031
415 -0.401674 0.763484 2.45031
415 -0.0852157 -0.225606 2.45031
415 0.211611 -0.591618 8.73349
415 0.778779 0.208363 2.45031
415 -0.841049 0.271819 2.45031
415 -0.503203 0.43606 2.45031
415 0.281484 -0.96888 8.73349
415 0.646551 0.575247 2.45031
415 -0.587839 -0.0458617 2.45031
415 -0.256408 0.0279523 2.45031
415 0.764491 0.392806 2.45031
415 -0.721872 -0.000565094 2.45031
415 -0.207579 -0.877686 2.45031
415 -0.537302 0.257756 2.45031
415 0.249316 -0.552744 2.45031
415 0.128397 0.610125 2.45031
415 0.402167 -0.520626 2.45031
415 -0.403454 -0.629931 2.45031
415 -0.323663 -0.376144 2.45031
415 0.123395 0.238383 8.73349
415 0.571538 -0.00778099 2.45031
415 -0.412179 -0.382698 2.45031
415 0.428954 -0.253797 2.45031
415 0.176918 -0.159974 2.45031
415 -0.265484 0.339801 2.45031
415 -0.460448 -0.252943 2.45031
415 -0.0956813 0.259329 2.45031
415 0.181201 -0.935721 2.45031
415 -0.918316 -0.0533624 2.45031
415 -0.677724 -0.02742 2.45031
415 -0.00130515 -0.957177 2.45031
415 -0.658748 -0.412752 2.45031
415 0.101297 0.00748863 2.45031
415 0.586778 0.777235 2.45031
415 -0.134509 -0.509159 2.45031
415 0.711742 0.28636 2.45031
415 0.459583 -0.295841 2.45031
415 -0.885213 -0.247011 2.45031
415 0.770653 -0.0532984 2.45031
415 -0.450864 -0.0737573 2.45031
415 -0.13228 0.917872 2.45031
415 0.651703 -0.445989 2.45031
415 -0.178711 0.513221 2.45031
415 -0.825166 0.535999 2.45031
415 -0.0342523 -1.01155 2.45031
415 -0.00877611 0.282102 8.73349
415 0.499375 -0.48366 8.73349
415 0.833805 -0.0411922 2.45031
415 -0.548753 -0.306809 2.45031
415 -0.153177 -0.0491729 2.45031
415 0.43029 -0.344448 2.45031
415 -0.186597 0.0993304 2.45031
415 0.227316 0.732778 2.45031
415 -0.370776 0.562122 2.45031
415 0.461889 -0.838244 2.45031
415 -0.372563 0.364086 2.45031
415 0.229962 -0.507434 8.73349
415 0.0162436 0.368367 2.45031
415 0.304017 -0.327046 2.45031
415 -0.376957 -0.828902 2.45031
415 0.613613 0.622137 2.45031
415 0.593902 0.557235 2.45031
415 -0.0751343 0.622039 2.45031
415 0.432523 0.742536 2.45031
415 0.0944473 0.277002 2.45031
415 -0.918598 0.0121859 2.45031
415 0.444962 -0.205622 2.45031
415 0.497139 0.319051 2.45031
415 -0.106162 0.44095 2.45031
415 -0.471129 -0.899571 8.73349
415 0.694914 -0.109438 2.45031
415 0.587302 0.462138 2.45031
415 0.414536 0.119035 8.73349
415 -0.0810943 0.211922 8.73349
415 -0.321518 0.220086 2.45031
415 -0.135602 0.535163 2.45031
415 -0.787758 0.271721 2.45031
415 0.463168 0.633127 2.45031
415 -0.36567 -0.738855 2.45031
415 -0.498442 0.645875 2.45031
415 0.0116283 -0.386228 2.45031
415 -0.413033 -0.2721 2.45031
415 0.00168981 -0.329177 2.45031
415 0.13518 0.105224 2.45031
415 0.299823 0.311641 2.45031
415 -0.462092 -0.30343 2.45031
415 -0.242507 -0.491715 2.45031
415 0.855111 -0.092704 2.45031
415 0.427052 0.93932 8.73349
415 -0.674559 0.78802 2.45031
415 -0.553562 0.454427 2.45031
415 -0.640956 -0.062228 2.45031
415 -1.02497 0.105944 8.73349
415 -0.687586 -0.505853 2.45031
415 -0.265261 -0.251919 2.45031
415 0.299433 0.0430666 2.45031
415 -0.845529 -0.206848 2.45031
415 0.267897 0.489486 2.45031
415 -0.486719 -0.561703 2.45031
415 -0.465082 -0.831117 2.45031
415 -0.751707 0.145859 2.45031
415 -0.548493 0.678807 2.45031
415 0.729976 -0.160066 2.45031
415 -0.706444 0.107253 2.45031
415 0.37621 -0.347091 2.45031
415 -0.0915614 0.0755924 2.45031
415 0.742815 -0.4053 2.45031
415 0.113355 1.02668 8.73349
415 0.508396 -0.395168 2.45031
415 -0.508468 0.780724 2.45031
415 -0.666348 0.336071 2.45031
415 0.337845 0.708555 2.45031
415 0.635226 0.056817 2.45031
415 -0.268666 0.209201 2.45031
415 -0.672553 0.555786 2.45031
415 -0.0259477 0.332375 2.45031
415 0.585349 -0.256733 2.45031
415 -0.206166 -0.453444 2.45031
415 0.425384 0.242521 2.45031
415 -0.842118 -0.358996 2.45031
415 -0.324686 -0.0901827 2.45031
415 0.869749 0.281659 2.45031
415 0.0902079 0.427231 2.45031
415 0.153061 0.511067 2.45031
415 0.600653 -0.0924376 2.45031
415 -0.0494751 0.764997 2.45031
415 -0.815671 -0.409847 2.45031
415 0.215149 0.634149 8.73349
415 -0.406055 -0.438828 2.45031
415 -0.420556 -0.864492 2.45031
415 -0.501118 0.297385 2.45031
415 0.213874 0.488215 2.45031
415 -0.0745498 -0.796892 2.45031
415 0.196688 0.95617 2.45031
415 -0.483255 0.385114 2.45031
415 0.329943 0.14248 2.45031
415 -0.419225 -0.728784 2.45031
415 -0.906277 0.371428 2.45031
415 0.176086 1.01743 2.45031
415 -0.943974 -0.230067 2.45031
415 -0.818687 0.00676665 2.45031
415 -0.436404 0.649822 2.45031
415 -0.288034 0.124204 2.45031
415 0.151606 -0.441372 2.45031
415 0.217043 0.895597 2.45031
415 -0.405026 0.0615379 2.45031
415 0.278161 -0.742784 2.45031
415 -0.173483 -0.236505 2.45031
415 -0.64894 0.27841 2.45031
415 -0.901059 -0.185195 2.45031
415 0.912409 0.328288 2.45031
415 0.79132 0.152192 2.45031
415 -0.535685 0.112386 2.45031
415 0.922532 0.441947 8.73349
415 0.877048 -0.302689 2.45031
415 0.0914111 0.142465 2.45031
415 -0.0908574 -0.179317 2.45031
415 0.737593 0.0494198 8.73349
415 -0.447482 0.152957 2.45031
415 -0.727417 0.573376 2.45031
415 0.295866 0.180649 2.45031
415 0.100295 0.522532 2.45031
415 0.282112 0.403063 2.45031
415 -0.619733 -0.735349 2.45031
415 -0.306925 0.0411961 2.45031
415 -0.0959841 -0.743298 2.45031
415 0.540213 -0.350947 2.45031
415 -0.537424 0.546876 2.45031
415 0.829696 -0.574347 2.45031
415 -0.487977 -0.168846 2.45031
415 -0.805289 -0.167935 2.45031
415 0.17092 -0.379976 2.45031
415 -0.573171 0.509104 2.45031
415 -0.563696 0.0647049 2.45031
415 -0.965459 0.126486 2.45031
415 0.470432 -0.680864 2.45031
415 -0.252578 0.160648 2.45031
415 0.101597 0.915207 2.45031
415 -0.372064 -0.0943125 2.45031
415 0.612724 0.250786 2.45031
415 0.883133 0.223675 2.45031
415 -0.164935 0.865116 2.45031
415 0.410597 0.477593 8.73349
415 -0.869077 -0.08187 2.45031
415 0.631662 -0.233911 2.45031
415 0.0616714 -0.475523 2.45031
415 -0.364528 -0.406856 2.45031
415 -0.429455 0.0220055 2.45031
415 0.288479 0.562546 2.45031
415 -0.113504 -0.84335 2.45031
415 -0.709821 0.5113 2.45031
415 0.891607 0.50101 2.45031
415 -0.666287 -0.695926 2.45031
415 -0.106308 0.766719 2.45031
415 -0.294265 -0.00831432 2.45031
415 -0.82316 -0.26212 2.45031
415 -0.319848 0.354414 2.45031
415 0.612903 0.333385 2.45031
415 -0.988559 -0.276059 2.45031
415 -0.130917 0.62453 8.73349
415 0.265841 0.351781 2.45031
415 -0.558372 -0.64383 8.73349
415 -0.799251 0.171437 2.45031
415 0.464312 -0.0452529 2.45031
415 -0.754099 0.314826 2.45031
415 -0.870352 -0.0202127 2.45031
415 0.559974 -0.0580758 2.45031
415 0.22791 0.257047 2.45031
415 0.64538 0.800094 2.45031
415 0.69571 -0.308066 2.45031
415 0.169168 0.466217 2.45031
415 0.893156 -0.355942 2.45031
415 0.108809 -0.834664 2.45031
415 0.846762 0.070208 2.45031
415 -0.516535 0.495353 2.45031
415 -0.285058 -0.338491 2.45031
415 -0.721955 0.742942 2.45031
415 0.80155 -0.408137 8.73349
415 0.0504156 1.03211 8.73349
415 -0.479341 0.538092 2.45031
415 0.398129 -0.926648 2.45031
415 -0.445882 0.287997 2.45031
415 -0.172084 0.049118 2.45031
415 -0.138399 0.0861177 2.45031
415 0.0771147 0.973259 2.45031
415 0.484533 -0.573958 2.45031
415 -0.707553 0.680993 2.45031
415 -0.442108 -0.527043 2.45031
415 -0.423576 0.558073 2.45031
415 -0.513417 0.721695 2.45031
415 -0.585111 -0.498289 2.45031
415 -0.104306 0.67066 2.45031
415 -0.222452 -0.404212 2.45031
415 0.630357 0.737533 2.45031
415 0.743814 0.328667 2.45031
415 -0.785471 -0.218635 2.45031
415 -0.773987 -0.666859 8.73349
415 -0.183199 -0.18812 2.45031
415 -0.717963 -0.115196 8.73349
415 0.0442514 -0.352577 2.45031
415 -0.572406 0.216712 2.45031
415 -0.410939 0.460443 2.45031
415 0.665991 -0.600126 2.45031
415 0.679264 0.697188 2.45031
415 -0.0160132 -0.798079 2.45031
415 -0.124463 0.0348297 2.45031
415 0.410397 -0.0651376 8.73349
415 -0.27863 -0.105749 2.45031
415 0.268884 0.619079 2.45031
415 0.561247 0.511112 2.45031
415 0.372489 -0.0320432 8.73349
415 0.386172 0.0173977 2.45031
415 0.0125725 0.236637 2.45031
415 -0.260535 0.475898 2.45031
415 -0.448347 -0.66371 2.45031
415 0.593657 -0.442459 2.45031
415 -0.224326 -0.218891 2.45031
415 0.581773 -0.203175 2.45031
415 0.950804 0.143938 2.45031
415 -0.0521564 -0.324857 2.45031
415 0.269386 -0.46443 2.45031
415 0.0958804 -1.00634 8.73349
415 -0.325651 0.666179 2.45031
415 0.00134326 -0.0164025 2.45031
415 0.174221 -0.731433 2.45031
415 -0.308764 0.816129 2.45031
415 0.0198388 0.191239 2.45031
415 -0.389503 0.960889 2.45031
415 0.301648 0.452556 2.45031
415 0.861173 -0.411405 2.45031
415 0.988526 0.249052 8.73349
415 -0.412352 -0.928443 8.73349
415 -0.734102 0.254194 8.73349
415 -0.780696 0.218676 2.45031
415 0.349121 0.190634 8.73349
415 0.793649 0.548957 2.45031
415 0.120044 -0.483408 8.73349
415 0.562499 0.602234 2.45031
415 0.318765 -0.790951 2.45031
415 0.320512 -0.0435548 2.45031
415 -0.186839 -0.938634 2.45031
415 -0.329295 -0.696894 2.45031
415 0.460981 0.206113 2.45031
415 -0.177908 0.368477 2.45031
415 -0.255389 -0.300351 2.45031
415 0.238961 -0.92034 2.45031
415 -0.375006 0.230312 2.45031
415 0.24907 -0.0998736 2.45031
415 0.89995 0.103828 2.45031
415 0.147558 -0.121347 2.45031
415 -0.643802 0.430368 2.45031
415 -0.338931 0.136695 2.45031
415 0.498396 0.514704 2.45031
415 -0.482856 0.11147 2.45031
415 -0.314491 0.479325 2.45031
415 -0.512317 0.0657573 2.45031
415 0.955747 0.0833911 2.45031
415 0.626751 0.00776615 2.45031
415 0.467148 0.473125 2.45031
415 0.333654 -0.373453 2.45031
415 0.593239 0.195467 2.45031
415 -0.132391 -0.788779 2.45031
415 -0.241126 -0.0700405 2.45031
415 -0.077988 0.0267542 2.45031
415 -0.582916 0.12952 2.45031
415 0.11859 0.0543535 8.73349
415 -0.350864 -0.952248 8.73349
415 0.455486 -0.901513 2.45031
415 0.640926 0.156979 2.45031
415 0.268168 -0.052795 2.45031
415 -0.855478 0.158964 2.45031
415 -0.131161 0.221781 2.45031
415 0.863392 -0.523182 2.45031
415 -0.141083 1.02638 8.73349
415 0.504302 -0.624719 2.45031
415 -0.549289 0.619917 2.45031
415 0.0434933 0.920044 2.45031
415 0.922918 -0.41429 8.73349
415 0.0530508 -0.226179 2.45031
415 0.683887 0.0271562 2.45031
415 0.848428 -0.248587 2.45031
415 -0.0412787 -0.240739 2.45031
415 0.22362 -0.746916 2.45031
415 0.831287 -0.464595 8.73349
415 -0.08868 -0.601876 2.45031
415 0.477418 0.00500061 2.45031
415 -0.661377 0.724447 2.45031
415 -0.0217537 0.614416 2.45031
415 -0.141105 -0.16154 2.45031
415 0.75314 -0.207361 2.45031
415 0.166406 -0.0712788 2.45031
415 -0.362337 -0.890143 2.45031
415 0.212903 0.343852 2.45031
415 0.323061 -0.468018 2.45031
415 -0.629394 0.374494 8.73349
415 0.0436619 0.273467 2.45031
415 -0.0351701 -0.192863 2.45031
415 -0.808263 0.118395 2.45031
415 -0.338575 0.267628 2.45031
415 0.472019 -0.750799 2.45031
415 0.261773 -0.79773 2.45031
415 0.933597 -0.206282 2.45031
415 0.442129 0.522193 2.45031
415 -0.539434 -0.473099 2.45031
415 0.0955275 -0.781118 2.45031
415 0.239228 0.83538 2.45031
415 0.755024 -0.303247 2.45031
415 0.489099 0.114498 2.45031
415 -0.189698 0.720104 2.45031
415 -0.970663 0.0674192 2.45031
415 -0.153297 -0.461603 2.45031
415 0.276034 -0.139789 2.45031
415 -0.186855 -0.138343 2.45031
415 0.120782 -0.94699 2.45031
415 0.0286575 -0.901545 8.73349
415 0.313794 0.0926325 2.45031
415 -0.551172 -0.364148 2.45031
415 -0.944332 -0.397868 8.73349
415 -0.259391 -0.441785 8.73349
415 -0.88073 -0.405163 2.45031
415 -0.103186 0.124914 2.45031
415 0.060709 0.76263 2.45031
415 0.606165 -0.588665 2.45031
415 0.251361 -0.417784 2.45031
415 -0.428183 0.107058 2.45031
415 0.312273 -0.692251 2.45031
415 0.488892 0.056937 2.45031
415 -0.232105 -0.120147 2.45031
415 -0.197282 0.281317 2.45031
415 -0.0216813 -0.058517 2.45031
415 0.00139152 -0.84927 2.45031
415 -0.80292 -0.320148 2.45031
415 -0.388 -0.00342732 8.73349
415 -0.390759 0.412401 2.45031
415 -0.592299 -0.283022 2.45031
415 0.693155 0.757207 2.45031
415 0.0815832 -0.263246 2.45031
415 0.422408 0.80092 2.45031
415 0.509655 -0.0767931 8.73349
415 -0.268576 0.667899 2.45031
415 -0.181673 0.232946 2.45031
415 0.290987 -0.645383 2.45031
415 0.0960903 -0.131109 2.45031
415 0.00338684 0.659238 2.45031
415 0.388262 0.844384 8.73349
415 0.593296 0.840278 2.45031
415 0.391937 0.698211 2.45031
415 -0.297247 0.433722 2.45031
415 -0.603717 0.703219 2.45031
415 -0.418334 -0.110898 2.45031
415 -0.930491 0.310541 2.45031
415 0.677879 -0.498704 2.45031
415 0.424445 -0.015916 2.45031
415 -0.457001 0.749317 2.45031
415 0.364041 0.96634 2.45031
415 -0.0377568 0.379873 2.45031
415 0.122861 -0.631459 2.45031
415 -0.642558 -0.30298 2.45031
415 -0.164367 -0.999267 2.45031
415 0.372983 -0.261494 2.45031
415 -0.199321 -0.0357462 8.73349
415 0.301984 -0.0897544 2.45031
415 -0.650965 0.663215 2.45031
415 -0.227149 -0.816725 2.45031
415 0.508576 -0.307351 2.45031
415 -0.0309092 0.518967 2.45031
415 -0.285876 0.25702 2.45031
415 0.140956 0.559462 2.45031
415 -0.112832 -0.555546 8.73349
415 -0.0573573 -0.556974 2.45031
415 -0.213249 0.329643 2.45031
415 -0.361705 -0.242931 2.45031
415 -0.0550682 0.118127 2.45031
415 0.509911 0.220859 2.45031
415 -0.766636 -0.278681 2.45031
415 0.281102 0.265417 2.45031
415 -0.550576 0.168279 2.45031
415 0.814009 -0.202813 2.45031
415 0.271098 -0.282601 2.45031
415 -0.0226707 0.7134 2.45031
415 0.954732 0.0246461 2.45031
415 0.689891 -0.655478 2.45031
415 0.462201 -0.526288 2.45031
415 -0.32216 -0.559091 8.73349
415 0.495699 0.165786 2.45031
415 0.555387 -0.77088 2.45031
415 -0.281242 0.524663 2.45031
415 -0.659487 -0.253805 2.45031
415 -0.146422 0.270129 2.45031
415 -0.872437 0.322561 2.45031
415 -0.346767 -0.0454006 2.45031
415 -0.590332 0.413549 2.45031
415 -0.600844 -0.393905 2.45031
415 -0.0443463 0.0715066 2.45031
415 -0.857476 0.478467 2.45031
415 -0.684487 0.393732 2.45031
415 0.674182 0.527889 2.45031
415 -0.308086 -0.282066 2.45031
415 0.753675 -0.670722 2.45031
415 -0.52044 -0.807189 2.45031
415 0.540548 -0.165086 8.73349
415 0.055386 -0.8425 8.73349
415 -0.92665 -0.290648 2.45031
415 0.330746 0.864009 2.45031
415 0.527053 0.277576 2.45031
415 -0.165976 0.969055 2.45031
415 0.00440461 -0.233157 2.45031
415 -0.328436 -0.138633 2.45031
415 -0.0198902 -0.423965 2.45031
415 -0.62644 -0.00906758 2.45031
415 0.449343 -0.393795 2.45031
415 -0.786943 0.586417 2.45031
415 0.196248 -0.419045 2.45031
415 -0.0905081 -0.899284 2.45031
415 -0.398334 -0.492906 2.45031
415 0.691204 -0.213522 2.45031
415 -0.188456 -0.502722 2.45031
415 0.19499 0.690584 2.45031
415 -0.748715 -0.422795 2.45031
415 -0.702932 -0.450347 2.45031
415 -0.0554192 -0.849242 2.45031
415 -0.767842 0.0337748 2.45031
415 0.238632 1.00432 2.45031
415 0.181315 0.592542 2.45031
415 0.216808 -0.062072 2.45031
415 -0.0765332 0.344243 2.45031
415 0.0487651 0.544471 2.45031
415 0.517467 -0.0258948 2.45031
415 -0.491085 -0.503497 2.45031
415 0.417842 0.382539 8.73349
415 -0.337505 0.920292 2.45031
415 -0.319371 -0.845754 2.45031
415 -0.366757 -0.290904 2.45031
415 -0.764952 0.527339 2.45031
415 0.369156 -0.817004 2.45031
415 0.726729 -0.255868 2.45031
415 0.854053 0.340347 2.45031
415 -0.340814 0.00120846 2.45031
415 -0.301813 -0.744328 2.45031
415 -0.340493 -0.786394 2.45031
415 0.281234 0.718008 2.45031
415 -0.14609 -0.59771 2.45031
415 -0.324086 -0.186869 2.45031
415 -0.279797 -0.153863 2.45031
415 -0.69029 -0.21034 2.45031
415 0.30433 -0.419209 2.45031
415 0.949579 0.37863 8.73349
415 0.182278 0.113915 2.45031
415 0.0686683 0.0481805 2.45031
415 0.449858 -0.621114 2.45031
415 -0.315403 -0.234622 2.45031
415 -0.538794 0.397196 2.45031
415 -0.80171 0.478105 2.45031
415 -0.815414 0.0637532 2.45031
415 -0.849897 0.593102 2.45031
415 -0.60795 0.469845 2.45031
415 0.504991 -0.799404 8.73349
415 0.899708 0.0449246 2.45031
415 0.301206 0.663661 2.45031
415 0.377917 0.754278 2.45031
415 0.251738 -0.32913 2.45031
415 0.125665 -0.169069 2.45031
415 -0.192975 0.418642 2.45031
415 0.390729 -0.611156 2.45031
415 -0.262816 -0.705691 2.45031
415 -0.142951 0.407339 2.45031
415 0.0191465 0.505345 2.45031
415 0.262406 0.218742 2.45031
415 -0.0299968 0.203875 2.45031
415 -0.243651 -0.75851 2.45031
415 -0.105634 -0.315705 2.45031
415 0.0450193 -0.139954 2.45031
415 -0.0822279 0.528509 2.45031
415 -0.228995 0.520462 2.45031
415 0.0682497 0.320321 8.73349
415 -0.863377 0.100377 2.45031
415 -0.35971 0.046384 2.45031
415 0.491448 -0.188576 2.45031
415 0.449514 0.0867822 2.45031
415 0.799608 -0.515328 2.45031
415 -0.245122 0.718996 2.45031
415 -0.237127 -0.35352 2.45031
415 0.589118 0.142915 2.45031
415 -0.572936 -0.140817 2.45031
415 -0.755359 -0.605825 2.45031
415 0.193495 0.161667 2.45031
415 0.784032 -0.153879 2.45031
415 0.144099 0.286725 2.45031
415 -0.196882 0.821806 2.45031
415 -0.465609 -0.773401 2.45031
415 0.764708 0.268931 2.45031
415 -0.424785 -0.163177 2.45031
415 0.230579 0.122648 2.45031
415 0.0928274 0.810168 2.45031
415 -0.206932 0.0135269 2.45031
415 -0.37277 -0.35121 2.45031
415 0.315677 0.925479 2.45031
415 -0.159483 0.577686 2.45031
415 0.202376 -0.6861 2.45031
415 0.43028 -0.792408 2.45031
415 0.1074 -0.571257 2.45031
415 0.0192548 -0.0986167 2.45031
415 -0.859238 -0.145251 2.45031
415 -0.149487 -0.106497 2.45031
415 0.0218865 -0.696503 8.73349
415 -0.728735 0.198058 2.45031
415 1.01371 0.0589106 8.73349
415 -0.609811 0.0914056 2.45031
415 0.399171 0.0675517 2.45031
415 -0.528847 0.0170623 2.45031
415 -0.220466 0.770259 2.45031
415 0.815818 -0.300775 2.45031
415 -0.466402 -0.125088 2.45031
415 -0.522037 -0.13078 2.45031
415 -0.433285 0.509719 2.45031
415 -0.667235 -0.103389 2.45031
415 -0.409336 0.326327 2.45031
415 -0.501764 -0.388368 2.45031
415 -0.0734171 -0.279099 2.45031
415 0.941479 0.205275 2.45031
415 -0.679483 -0.758586 8.73349
415 0.718363 -0.354934 2.45031
415 0.178222 -0.635565 2.45031
415 -0.0503245 -0.0121322 2.45031
415 0.590582 -0.148066 2.45031
415 -0.291032 -0.0545456 8.73349
415 -0.0347229 -0.370717 2.45031
415 -1.01639 0.168464 2.45031
415 -0.331739 -0.323605 2.45031
415 0.233369 0.581589 2.45031
415 0.586353 0.0923103 2.45031
415 0.645595 0.292675 2.45031
415 0.53418 0.815103 2.45031
415 -0.739241 -0.178398 2.45031
415 1.01142 -0.0628338 8.73349
415 -0.440039 -0.0254372 2.45031
415 -0.645541 -0.362358 2.45031
415 -0.0966872 -0.69261 2.45031
415 0.324894 -0.131276 8.73349
415 0.30111 0.987283 2.45031
415 -0.556369 0.308116 2.45031
415 -0.313378 -0.427807 2.45031
415 0.951201 -0.299779 8.73349
415 0.315792 0.227784 2.45031
415 0.614232 -0.0413495 2.45031
415 -0.848933 -0.565589 8.73349
415 0.104711 -0.216043 2.45031
415 0.353714 0.653121 2.45031
415 0.437609 0.0346189 2.45031
415 0.474608 -0.4384 2.45031
415 -0.523281 -0.868985 2.45031
415 0.159486 0.907052 2.45031
415 -0.563362 0.74532 2.45031
415 0.367584 -0.562816 2.45031
415 -0.583277 0.576797 2.45031
415 -0.220979 0.0632412 2.45031
415 0.549918 0.330405 2.45031
415 -0.721097 -0.547964 2.45031
415 -0.347142 -0.646173 2.45031
415 -0.649671 -0.56903 2.45031
415 0.156333 -0.207975 2.45031
415 -0.563832 0.806598 2.45031
415 -0.465053 0.200123 2.45031
415 0.356414 -0.0794779 2.45031
415 -0.5061 0.587739 2.45031
415 -0.536037 -0.53183 2.45031
415 -0.973274 0.00914827 2.45031
415 0.256442 -0.189591 2.45031
415 -0.120976 -0.644704 2.45031
415 -0.360833 0.714825 2.45031
415 0.0221793 0.321564 2.45031
415 -0.0464194 0.867885 2.45031
415 -0.103968 0.974133 2.45031
415 -0.65183 -0.634334 2.45031
415 0.0679257 -0.0915083 2.45031
415 0.367821 0.373098 2.45031
415 -0.708581 -0.38493 2.45031
415 0.156717 -0.586536 2.45031
415 -0.540045 -0.587096 8.73349
415 0.0738642 0.620585 2.45031
415 -0.281281 0.387164 2.45031
415 -0.5883 -0.555279 2.45031
415 0.525539 -0.673793 2.45031
415 0.295178 0.819332 2.45031
415 -0.968451 -0.337908 8.73349
415 0.569358 -0.30644 2.45031
415 0.35587 -0.423847 2.45031
415 0.823564 0.240935 2.45031
415 0.287514 -0.230324 2.45031
415 0.183971 -0.0234761 2.45031
415 -0.766462 -0.076758 2.45031
415 -0.377318 -0.144573 2.45031
415 0.247669 0.532764 2.45031
415 -0.415001 0.707141 2.45031
415 -0.760318 0.0900102 2.45031
415 0.141333 0.703752 2.45031
415 0.247937 0.675013 2.45031
415 0.689195 0.0789139 2.45031
415 0.0684188 0.864569 2.45031
415 0.79336 0.0985281 8.73349
415 0.31645 0.760715 2.45031
415 0.0684185 0.485298 2.45031
415 0.339172 -0.222374 2.45031
415 -0.120869 0.488784 8.73349
415 -0.496374 -0.444388 8.73349
415 -0.246343 -0.0214159 2.45031
415 -0.0262223 -0.105748 2.45031
415 -0.482148 0.249225 2.45031
415 -0.398971 -0.0539725 2.45031
415 0.125602 0.858236 2.45031
415 0.522622 -0.531174 2.45031
415 -0.490118 -0.032187 2.45031
415 0.521545 -0.726688 2.45031
415 -0.955771 0.186471 2.45031
415 0.194604 0.295827 2.45031
415 -0.381253 0.505301 8.73349
415 0.826324 0.49938 8.73349
415 -0.909895 0.1391 2.45031
415 -0.0732132 0.920637 2.45031
415 0.0606277 -0.95341 2.45031
415 -0.111787 0.307728 2.45031
415 0.429581 0.589592 2.45031
415 0.647667 -0.698567 2.45031
415 -0.886774 0.535657 2.45031
415 -0.355411 0.315688 2.45031
415 0.30656 -0.181241 2.45031
415 -0.233615 0.876556 2.45031
415 -0.271295 0.0768528 2.45031
415 -0.201358 0.14843 2.45031
415 0.246821 0.442883 2.45031
415 0.53865 0.128137 2.45031
415 0.335534 0.00462063 2.45031
415 0.166134 -0.293672 2.45031
415 0.0475406 0.407102 2.45031
415 0.795213 0.445692 2.45031
415 -0.607583 0.174963 2.45031
415 -0.943378 0.419922 8.73349
415 0.643283 -0.54454 2.45031
415 0.244416 0.17084 2.45031
415 0.175682 0.383595 2.45031
415 0.776629 -0.353599 2.45031
415 -1.00685 0.231052 2.45031
415 -0.335257 0.523862 2.45031
415 -0.17127 -0.8319 2.45031
415 -0.608852 -0.672733 2.45031
415 -0.688512 -0.33334 2.45031
415 -0.448459 -0.471033 2.45031
415 -0.628898 -0.143993 2.45031
415 0.410309 0.193109 8.73349
415 0.115179 0.329139 2.45031
415 0.065276 0.184508 2.45031
415 -0.290383 0.872733 2.45031
415 -0.0998238 -1.00753 8.73349
415 -0.601175 -0.607658 2.45031
415 0.475796 0.56722 2.45031
415 0.888891 0.390291 8.73349
415 0.335079 0.411909 2.45031
415 -0.00526861 -0.149983 2.45031
415 0.626253 -0.297344 2.45031
415 -0.192845 -0.0852098 2.45031
415 0.0007747 0.560633 2.45031
415 0.142479 0.152729 2.45031
415 0.827579 0.396584 8.73349
415 0.0522346 0.665888 2.45031
415 0.111448 0.192151 2.45031
415 -0.389942 -0.683041 2.45031
415 0.665201 -0.7598 2.45031
415 -0.575862 0.00893283 2.45031
415 -0.114903 -0.0726006 2.45031
415 -0.203849 -0.316128 2.45031
415 0.144079 -0.340364 2.45031
415 0.219369 -0.287618 2.45031
415 0.440552 0.291704 8.73349
415 0.620749 0.51019 2.45031
415 -0.00536919 0.112959 2.45031
415 1.01405 -0.00205743 8.73349
415 -0.894091 0.259329 2.45031
415 0.118469 -0.729404 2.45031
415 -0.0664955 0.165029 2.45031
415 -0.0712158 -0.0972432 2.45031
415 0.118129 -0.0829652 2.45031
415 0.417375 -0.112724 2.45031
415 -0.302798 0.305345 2.45031
415 0.834 -0.35477 2.45031
415 -0.287994 -0.660073 2.45031
415 -0.814693 -0.614786 2.45031
415 -0.264557 -0.575922 2.45031
415 -0.620449 0.536039 2.45031
415 -0.0372922 -0.69701 2.45031
415 0.25619 0.942413 8.73349
415 -0.454039 -0.202444 2.45031
415 -0.779143 0.371477 2.45031
415 0.453099 0.339576 2.45031
415 0.58157 0.374593 8.73349
415 -0.685001 -0.156668 2.45031
415 0.0170577 0.976634 2.45031
415 0.0852896 -0.521431 2.45031
415 -0.817326 -0.106863 2.45031
415 -0.169827 -0.413654 2.45031
415 -0.214769 0.670274 2.45031
415 -0.063889 -0.649806 2.45031
415 0.521827 0.372476 2.45031
415 -0.884732 -0.513671 2.45031
415 0.394429 -0.391061 8.73349
415 -0.598133 0.643311 2.45031
415 0.0420107 -0.789673 2.45031
415 -0.263669 -0.861983 2.45031
415 0.133865 -0.0322176 8.73349
415 -0.519964 0.346694 2.45031
415 0.20557 0.790867 2.45031
415 0.538583 0.875573 2.45031
415 0.559484 0.236856 2.45031
415 0.785502 0.660052 2.45031
415 0.562553 -0.834399 2.45031
415 0.23425 -0.0143791 2.45031
415 0.971866 0.313615 2.45031
415 -0.715561 0.0543276 2.45031
415 0.647242 0.374084 2.45031
415 -0.103456 0.578194 8.73349
415 -0.89863 0.200473 2.45031
415 0.790824 0.0465575 2.45031
415 0.173266 -0.490118 2.45031
415 0.372189 -0.124076 2.45031
415 -0.231355 -0.169259 2.45031
415 -0.956827 -0.168471 2.45031
415 0.0287663 0.603098 2.45031
415 -0.0490132 0.667071 2.45031
415 0.264601 0.0825924 2.45031
415 0.274111 0.881001 2.45031
415 0.71093 0.376674 2.45031
415 -1.01642 -0.15059 8.73349
415 0.352598 -0.883746 2.45031
415 -0.0438773 -0.747332 2.45031
415 0.643848 0.208809 2.45031
415 0.640264 -0.125709 8.73349
415 0.308401 -0.557113 2.45031
415 -1.00445 -0.213459 2.45031
415 -0.301121 0.714592 2.45031
415 0.582448 -0.537467 2.45031
415 -0.304062 -0.908078 2.45031
415 0.56731 -0.631963 2.45031
415 0.615154 -0.801426 2.45031
415 -0.313387 0.571628 2.45031
415 0.0732669 0.368014 8.73349
415 -0.453978 -0.413817 2.45031
415 0.702347 0.589098 2.45031
415 0.373258 0.232411 8.73349
415 -0.819686 -0.0499041 2.45031
415 0.842757 0.0140209 2.45031
415 -0.372336 -0.191623 2.45031
415 0.349041 0.0540259 2.45031
415 -0.162557 -0.283264 2.45031
415 0.392466 -0.214836 2.45031
415 -0.3489 0.862096 2.45031
415 -0.282621 -0.800428 2.45031
415 -0.510085 -0.275393 2.45031
415 -0.0544284 0.429359 2.45031
415 0.739891 0.162748 2.45031
415 0.336164 0.272217 2.45031
415 -0.221758 -0.669547 2.45031
415 -0.186118 0.622439 2.45031
415 -0.117245 -0.418614 2.45031
415 0.124441 -0.396319 2.45031
