100 0.229068 0.387296 4.06547
100 0.00536231 0.878009 4.06547
100 -0.858558 0.156631 4.06547
100 0.803255 -0.227117 4.06547
100 0.646435 0.0391965 4.06547
100 0.940728 0.234626 4.06547
100 -0.397703 -0.144647 4.06547
100 0.145575 -0.53939 4.06547
100 0.206868 0.343507 4.06547
100 -0.131848 -0.252886 -2.21772
100 -0.969702 -0.301731 4.06547
100 0.212361 0.0395005 4.06547
100 -0.506079 -0.413179 4.06547
100 0.51381 0.581661 4.06547
100 -0.0545988 0.685337 -2.21772
100 0.554399 0.690911 4.06547
100 -0.6437 0.520684 4.06547
100 0.0309214 -0.731001 4.06547
100 0.161232 0.590125 4.06547
100 -0.638805 -0.196752 4.06547
100 0.0941208 -0.423352 4.06547
100 0.180086 -0.482576 4.06547
100 0.161849 -0.899646 4.06547
100 0.542087 0.524229 4.06547
100 0.334192 -0.0532612 4.06547
100 -0.0680911 -0.0768136 4.06547
100 -0.0676161 0.43815 4.06547
100 0.131691 0.105479 4.06547
100 -0.141002 0.520487 4.06547
100 -0.156135 -0.506227 4.06547
100 0.745382 0.151496 4.06547
100 0.193272 -0.174433 4.06547
100 -0.263801 -0.994233 4.06547
100 -0.445993 0.746345 4.06547
100 0.220338 -0.660396 -2.21772
100 0.660525 -0.314285 4.06547
100 0.301296 0.303632 4.06547
100 -0.653919 0.301988 4.06547
100 -0.0156537 0.74899 4.06547
100 0.313917 0.201128 4.06547
100 0.370853 -0.458135 4.06547
100 -0.391938 0.260631 4.06547
100 -0.339854 0.296267 4.06547
100 0.0335508 -0.213466 4.06547
100 -0.657443 0.110045 4.06547
100 0.17855 0.118119 4.06547
100 0.173041 -1.0135 4.06547
100 0.568993 0.568675 4.06547
100 0.876823 -0.538479 4.06547
100 -0.0831438 -0.448297 4.06547
100 0.575959 0.766786 4.06547
100 -0.695901 0.489095 4.06547
100 0.188724 0.635981 4.06547
100 0.191062 -0.61999 4.06547
100 -0.649933 0.461115 4.06547
100 0.659735 -0.73483 4.06547
100 -0.028664 -0.108416 4.06547
100 0.210276 0.92082 4.06547
100 0.371562 -0.826652 4.06547
100 -0.570413 0.0776723 4.06547
100 -0.056812 0.48763 4.06547
100 -0.399961 -0.287404 4.06547
100 0.381569 0.413792 4.06547
100 0.165918 -0.0325518 -2.21772
100 0.654593 -0.0213218 4.06547
100 0.591596 -0.258643 4.06547
100 -0.257424 0.194157 4.06547
100 -0.327651 0.630111 -2.21772
100 0.217539 -0.339077 4.06547
100 -0.780812 0.0642269 -2.21772
100 -0.99726 0.221513 4.06547
100 -0.795966 -0.545849 4.06547
100 -0.41621 -0.622311 -2.21772
100 0.790227 -0.0340886 4.06547
100 0.820519 -0.277199 -2.21772
100 -0.139779 0.130789 4.06547
100 -0.888999 0.201599 -2.21772
100 0.736119 0.336119 4.06547
100 0.0124592 -0.139734 -2.21772
100 -0.444534 -0.117797 4.06547
100 -0.569082 -0.0190803 4.06547
100 -0.0967042 0.85558 4.06547
100 0.482418 -0.776844 4.06547
100 0.777982 -0.58651 4.06547
100 0.24985 0.130738 4.06547
100 0.706042 -0.269343 4.06547
100 -0.681112 -0.676821 4.06547
100 0.470975 0.615655 4.06547
100 0.457289 -0.504385 4.06547
100 -0.645567 -0.141592 4.06547
100 -0.29479 0.864168 -2.21772
100 -0.194561 -0.00557653 -2.21772
100 -0.318133 0.200943 4.06547
100 0.332818 -0.20955 4.06547
100 0.938669 -0.12936 4.06547
100 0.189898 -0.426891 4.06547
100 0.356486 -0.509799 4.06547
100 -0.239483 0.856919 4.06547
100 0.559763 -0.0777532 4.06547
100 0.304556 -0.0110907 -2.21772
100 0.760597 -0.128791 4.06547
100 -0.398795 0.445597 4.06547
100 0.295656 0.653566 4.06547
100 0.814661 0.085195 4.06547
100 0.347953 -0.962686 -2.21772
100 0.819413 -0.429453 4.06547
100 -0.3097 -0.0583533 4.06547
100 -0.428917 0.117924 4.06547
100 -0.41301 -0.468678 4.06547
100 0.52725 -0.615125 4.06547
100 -0.00267455 -0.184593 4.06547
100 -0.739983 0.528182 4.06547
100 0.396057 0.320276 4.06547
100 -0.29867 0.0434869 4.06547
100 -0.560228 -0.419159 -2.21772
100 -0.103563 -0.967799 -2.21772
100 -0.456067 0.854069 4.06547
100 0.157772 -0.21606 4.06547
100 0.422255 0.720337 4.06547
100 0.26483 -0.490027 -2.21772
100 -0.213704 0.808476 4.06547
100 0.0152983 -0.827269 4.06547
100 -0.107718 -0.597242 -2.21772
100 0.741389 0.609136 4.06547
100 0.170937 0.820701 -2.21772
100 0.695928 0.175589 4.06547
100 -0.327199 0.960783 4.06547
100 -0.167436 0.339619 4.06547
100 -0.0748549 0.0685446 4.06547
100 -0.277228 -0.701903 4.06547
100 0.0351252 0.351946 -2.21772
100 0.3166 -0.471702 4.06547
100 -0.047943 -0.207568 -2.21772
100 -0.545438 0.711996 4.06547
100 -0.767038 0.664642 4.06547
100 0.136601 0.652458 4.06547
100 -0.0533643 -0.919219 -2.21772
100 0.736903 0.437004 4.06547
100 -1.01913 -0.00871456 -2.21772
100 0.115013 0.603001 4.06547
100 -0.595985 -0.518572 -2.21772
100 0.508552 -0.896043 4.06547
100 0.0549656 0.131908 4.06547
100 -0.811343 -0.0980896 4.06547
100 -0.91102 -0.292014 4.06547
100 0.0866287 -0.46988 4.06547
100 0.53652 0.861295 4.06547
100 -0.210472 0.0431517 -2.21772
100 0.526058 0.737226 4.06547
100 -0.713005 -0.270894 4.06547
100 0.601486 0.130149 4.06547
100 -0.136093 -0.364911 4.06547
100 0.155635 0.942683 4.06547
100 -0.624514 0.0682253 4.06547
100 0.381295 -0.238411 4.06547
100 -0.0992045 0.216233 4.06547
100 0.354946 0.122387 4.06547
100 -0.263826 0.65276 4.06547
100 -0.0788624 0.585112 4.06547
100 -0.22827 -0.742407 4.06547
100 -1.00378 -0.191325 4.06547
100 0.794058 0.294473 -2.21772
100 0.204484 -0.227651 -2.21772
100 0.5199 -0.113685 4.06547
100 0.122865 0.0562658 4.06547
100 0.603488 -0.756007 4.06547
100 0.993566 -0.23558 -2.21772
100 -0.603488 -0.831552 4.06547
100 0.206797 -0.00895945 4.06547
100 -0.374308 0.214 4.06547
100 -0.162564 0.717701 4.06547
100 0.543435 -0.166497 4.06547
100 -0.704109 -0.581614 4.06547
100 0.438322 0.509885 4.06547
100 0.18117 0.253218 4.06547
100 -0.215868 0.34344 4.06547
100 -0.633443 0.157812 4.06547
100 -0.258649 -0.593006 4.06547
100 -0.767557 -0.266118 4.06547
100 -0.405015 0.165421 4.06547
100 0.604493 0.23639 4.06547
100 0.572021 -0.705432 4.06547
100 -0.0802103 0.165843 4.06547
100 -0.804278 0.32529 4.06547
100 -0.722934 0.716602 -2.21772
100 0.0130118 -0.680609 4.06547
100 -0.937166 -0.412243 4.06547
100 -0.998472 0.160758 -2.21772
100 -0.764095 -0.368461 4.06547
100 0.511462 0.119921 4.06547
100 0.350484 0.170469 4.06547
100 0.682334 -0.622655 4.06547
100 -0.378213 -0.957388 4.06547
100 0.232141 -0.587314 4.06547
100 0.0886812 0.364322 4.06547
100 -0.134856 0.894959 4.06547
100 0.298778 -0.28522 -2.21772
100 -0.0526098 0.629737 -2.21772
100 -0.704672 -0.748793 4.06547
100 0.844332 -0.191487 4.06547
100 -0.0395698 0.796539 4.06547
100 0.372754 0.744734 4.06547
100 -0.749283 -0.163518 4.06547
100 -0.245498 -0.385385 4.06547
100 -0.413086 0.352152 4.06547
100 0.32511 0.410128 4.06547
100 -0.890743 0.366354 4.06547
100 -0.210476 0.490056 4.06547
100 -0.249255 0.0132104 -2.21772
100 -0.566927 -0.564494 4.06547
100 -0.203732 0.388845 4.06547
100 0.0281445 0.60266 -2.21772
100 -0.538892 0.653793 4.06547
100 -0.234328 -0.545023 4.06547
100 -0.340534 -0.555635 4.06547
100 0.273659 0.81263 4.06547
100 0.461826 0.365267 4.06547
100 -0.319297 -0.976053 4.06547
100 -0.181272 0.254046 -2.21772
100 -0.209939 0.741452 4.06547
100 -0.255072 0.0640511 4.06547
100 -0.35051 -0.130918 4.06547
100 0.0550456 0.0567422 4.06547
100 -0.561245 -0.6677 4.06547
100 0.186624 -0.564332 -2.21772
100 0.414275 0.222974 4.06547
100 0.140788 0.444295 4.06547
100 0.345542 -0.364188 4.06547
100 -0.144802 -1.01461 4.06547
100 0.326418 0.844755 4.06547
100 -0.440263 -0.0658598 4.06547
100 -0.692451 0.1527 4.06547
100 0.165045 0.880961 4.06547
100 0.937676 0.403558 4.06547
100 0.313027 0.737555 4.06547
100 -0.579365 -0.0728015 -2.21772
100 0.464152 -0.851517 4.06547
100 0.370028 -0.604929 4.06547
100 0.463906 -0.345232 4.06547
100 0.899304 0.35309 4.06547
100 0.659006 0.692483 4.06547
100 -0.776719 0.276698 4.06547
100 0.17666 0.690204 4.06547
100 -0.118045 0.43273 -2.21772
100 -0.679577 -0.229145 4.06547
100 0.142107 -0.738398 4.06547
100 0.51887 -0.674391 4.06547
100 0.225931 0.198155 4.06547
100 -0.00919773 0.930996 4.06547
100 -0.547312 -0.212682 -2.21772
100 0.425183 -0.607255 4.06547
100 -0.857265 0.410634 4.06547
100 0.380292 -0.771392 4.06547
100 0.302597 -0.336312 4.06547
100 0.907511 0.0277428 4.06547
100 -0.349493 -0.288769 4.06547
100 -0.0899445 -0.230582 4.06547
100 -0.571817 0.245696 4.06547
100 -0.379569 0.119096 4.06547
100 0.21912 0.725632 4.06547
100 -0.836427 -0.442537 4.06547
100 -0.0995229 0.642914 4.06547
100 -0.0499575 0.968975 -2.21772
100 -0.838694 0.464367 4.06547
100 0.362826 -0.896934 4.06547
100 -0.821196 -0.613642 -2.21772
100 -0.5093 0.0746744 4.06547
100 0.0198392 0.547019 -2.21772
100 -0.461803 -0.385627 4.06547
100 0.607601 -0.466454 4.06547
100 0.848783 0.038727 4.06547
100 0.296739 -0.988621 4.06547
100 0.252867 -0.539913 4.06547
100 -0.306042 0.494496 4.06547
100 0.251985 0.623077 4.06547
100 0.408042 -0.495196 4.06547
100 0.312252 0.253595 4.06547
100 -0.184261 0.866081 4.06547
100 0.414017 -0.102754 4.06547
100 -0.517553 0.817646 4.06547
100 0.692392 -0.680797 -2.21772
100 -0.0179617 -1.03204 4.06547
100 0.0860913 -0.738831 -2.21772
100 -0.186256 -0.653616 -2.21772
100 0.0396749 0.00723063 4.06547
100 -0.108739 0.949634 4.06547
100 -0.347056 0.836176 -2.21772
100 -0.367808 -0.787383 4.06547
100 -0.186022 0.132079 4.06547
100 0.000393718 -0.50802 4.06547
100 -0.943087 0.178776 4.06547
100 -0.107395 -0.908449 4.06547
100 -0.810465 0.377675 4.06547
100 0.558911 0.202939 4.06547
100 -0.144397 -0.818045 4.06547
100 0.0494026 -1.03203 -2.21772
100 0.457253 -0.453078 4.06547
100 -0.490381 0.38476 4.06547
100 0.635866 0.791004 4.06547
100 -0.42745 -0.518393 4.06547
100 -0.743436 0.165952 4.06547
100 0.121398 0.549235 4.06547
100 -0.253169 0.307192 4.06547
100 0.229671 0.669651 4.06547
100 -0.368516 -0.389794 4.06547
100 -0.0470237 0.119359 4.06547
100 0.398443 -0.340418 4.06547
100 0.689525 0.249729 4.06547
100 0.405932 0.270782 4.06547
100 0.0413918 0.665159 -2.21772
100 0.694231 0.580685 4.06547
100 -0.227746 -0.0398825 4.06547
100 -0.873181 -0.40061 -2.21772
100 -0.136883 -0.418496 -2.21772
100 -0.445015 0.558977 4.06547
100 -0.183532 0.581853 4.06547
100 0.2622 0.758611 4.06547
100 -0.430918 0.039252 4.06547
100 -0.254792 0.767929 4.06547
100 -0.0815776 -0.554092 4.06547
100 0.173199 -0.320092 4.06547
100 0.24918 -0.0951196 4.06547
100 1.01117 -0.119477 4.06547
100 -0.241006 -0.46451 4.06547
100 0.509542 0.481211 4.06547
100 0.925542 -0.294787 4.06547
100 0.476886 0.0783372 4.06547
100 0.0757393 0.524341 4.06547
100 0.526131 0.799749 4.06547
100 -0.0382102 -0.537161 4.06547
100 -0.021028 0.586549 4.06547
100 -0.83691 0.059023 -2.21772
100 -0.274828 0.919171 4.06547
100 -0.00531331 0.698889 4.06547
100 0.285483 -0.0586555 -2.21772
100 -0.258919 0.124068 -2.21772
100 0.188629 -0.37611 4.06547
100 -0.937184 -0.231392 4.06547
100 -0.0190125 -0.0595766 -2.21772
100 0.983605 -0.292774 4.06547
100 0.269631 0.174613 4.06547
100 -0.5982 -0.294096 -2.21772
100 -0.545717 -0.737245 4.06547
100 0.453937 -0.920262 -2.21772
100 -0.496413 0.548554 4.06547
100 0.735318 0.281631 4.06547
100 -0.0657251 0.90652 4.06547
100 0.515562 -0.347744 -2.21772
100 -0.20971 0.988821 -2.21772
100 -0.211551 0.683335 4.06547
100 0.0686983 0.57326 4.06547
100 -0.353756 -0.183213 4.06547
100 -0.0274896 -0.716601 4.06547
100 -0.0879399 -0.855006 4.06547
100 0.666878 -0.465386 4.06547
100 0.00361703 0.399422 4.06547
100 0.550992 0.626801 4.06547
100 0.643528 0.485469 4.06547
100 -1.01565 0.0494726 -2.21772
100 0.33402 -0.422909 4.06547
100 -0.898541 -0.188045 4.06547
100 0.590972 -0.595235 4.06547
100 -0.351528 0.355881 4.06547
100 0.747263 -0.00491264 4.06547
100 -0.0774029 -0.691948 4.06547
100 0.609709 0.00457299 4.06547
100 0.246464 0.436875 4.06547
100 0.393008 -0.288989 4.06547
100 -0.0937312 0.799183 -2.21772
100 0.96725 -0.0773589 4.06547
100 0.0784059 -0.283733 -2.21772
100 -0.85558 -0.148051 4.06547
100 -0.24587 -0.868372 4.06547
100 1.01637 0.152148 4.06547
100 -0.849456 0.00868527 4.06547
100 0.256812 0.337253 4.06547
100 0.724469 0.715431 4.06547
100 0.0768997 -0.0250185 -2.21772
100 0.120261 -0.246999 4.06547
100 0.0318223 0.7699 4.06547
100 -0.48201 0.20925 4.06547
100 -0.501985 -0.243052 4.06547
100 -0.1154 0.260404 4.06547
100 0.830637 0.249863 4.06547
100 1.02356 -0.0584235 4.06547
100 0.166083 -0.789906 4.06547
100 -0.495375 0.436022 4.06547
100 0.579154 0.354485 4.06547
100 0.172422 0.537653 4.06547
100 -0.733246 0.0464002 4.06547
100 -0.618751 -0.441955 4.06547
100 0.772598 0.476885 4.06547
100 0.59123 0.292602 4.06547
100 -0.711369 0.0995879 4.06547
100 -0.453001 -0.218087 4.06547
100 -0.443173 0.608503 4.06547
100 0.722454 -0.477672 4.06547
100 -0.624748 -0.568728 4.06547
100 0.883938 0.249423 4.06547
100 -0.655926 -0.792197 4.06547
100 -0.445075 -0.870337 4.06547
100 0.626228 0.389646 4.06547
100 0.108256 -0.886953 4.06547
100 0.330196 -0.1509 4.06547
100 -0.195321 -0.782153 4.06547
100 -0.395478 0.0709756 4.06547
100 -0.146102 0.826581 -2.21772
100 0.0282467 -0.0418501 4.06547
100 -0.126979 -0.467203 4.06547
100 0.068279 -0.686185 4.06547
100 -0.408616 -0.418382 -2.21772
100 -0.482844 -0.536356 4.06547
100 -0.161345 0.47502 4.06547
100 -0.419731 -0.76131 4.06547
100 -0.546064 0.291361 4.06547
100 -0.260336 0.463934 4.06547
100 -0.328668 -0.91487 4.06547
100 -0.0813016 -0.639718 4.06547
100 -0.442294 -0.320813 4.06547
100 -0.351269 0.468507 4.06547
100 0.74984 -0.071348 4.06547
100 -0.960526 -0.0929253 4.06547
100 -0.722188 -0.639291 4.06547
100 0.891441 -0.0230584 4.06547
100 0.219735 -0.801727 4.06547
100 -0.814875 0.113677 4.06547
100 -0.759159 0.115019 4.06547
100 0.417837 -0.20399 -2.21772
100 0.609349 -0.826569 4.06547
100 -0.455517 0.166063 4.06547
100 -0.595168 -0.233917 4.06547
100 -0.365894 -0.658425 4.06547
100 0.36226 0.22252 4.06547
100 -0.772706 0.220037 4.06547
100 0.210532 0.585914 4.06547
100 0.676663 -0.368789 4.06547
100 -0.130845 -0.198992 -2.21772
100 0.529995 -0.741169 4.06547
100 -0.303338 0.739158 4.06547
100 0.257564 -0.762257 4.06547
100 -0.36353 -0.607899 4.06547
100 -0.406445 -0.828347 4.06547
100 0.50162 0.170917 4.06547
100 -0.201809 -1.01057 -2.21772
100 0.45142 0.56853 4.06547
100 -0.0880156 -0.176448 4.06547
100 0.653495 0.21155 4.06547
100 -0.132692 -0.548639 4.06547
100 -0.00532302 0.643854 4.06547
100 0.552291 0.153941 -2.21772
100 -0.676924 -0.0933191 4.06547
100 0.271397 0.227485 4.06547
100 1.02509 0.0675936 4.06547
100 0.87774 0.518537 -2.21772
100 0.0017263 -0.568817 4.06547
100 -0.829431 0.26666 -2.21772
100 0.875418 0.0866217 4.06547
100 -0.480464 -0.0351485 4.06547
100 -0.746811 0.46429 4.06547
100 0.870805 -0.244399 4.06547
100 0.810046 0.518443 4.06547
100 -0.534734 -0.515579 4.06547
100 -0.087855 0.299806 4.06547
100 -0.0920457 -0.39688 4.06547
100 0.340775 0.694439 4.06547
100 0.246086 -0.0377471 4.06547
100 -0.0425762 -0.818971 4.06547
100 0.907915 -0.359001 4.06547
100 -0.0967912 -0.797647 4.06547
100 -1.0183 -0.0690701 4.06547
100 0.389226 -0.551881 4.06547
100 -0.580992 -0.344669 4.06547
100 -0.173852 -0.22144 4.06547
100 -0.303025 0.438694 -2.21772
100 -1.01135 -0.130096 4.06547
100 -0.293589 -0.371096 4.06547
100 -0.7169 0.211685 4.06547
100 -0.217131 -0.300129 4.06547
100 -0.172688 0.0821432 4.06547
100 0.0953532 0.685095 4.06547
100 0.954164 -0.0219512 4.06547
100 0.0733052 -0.234826 -2.21772
100 -0.481461 0.0281362 4.06547
100 -0.00712972 0.213029 4.06547
100 -0.213968 -0.423867 4.06547
100 -0.54094 0.205517 4.06547
100 0.519751 -0.0434068 4.06547
100 0.572783 0.406697 4.06547
100 -0.751751 0.337831 4.06547
100 -0.258752 0.707384 4.06547
100 0.908679 -0.0761752 4.06547
100 0.0689932 -0.0735579 4.06547
100 0.29124 -0.234519 4.06547
100 0.00577794 -0.923429 4.06547
100 0.128672 0.783661 4.06547
100 -0.641492 -0.491244 4.06547
100 -0.140057 0.613773 4.06547
100 0.234013 -0.151207 4.06547
100 0.60587 0.0726605 4.06547
100 0.207163 -0.0656605 -2.21772
100 0.286786 0.0996236 4.06547
100 -0.762905 -0.595329 4.06547
100 0.840896 -0.593015 4.06547
100 -0.539263 -0.314751 4.06547
100 0.397093 0.176934 4.06547
100 0.0965103 0.960403 4.06547
100 -0.256137 0.515477 4.06547
100 0.000490172 -0.399563 4.06547
100 0.604915 0.609656 4.06547
100 -0.411309 0.706244 4.06547
100 -0.495143 0.49179 4.06547
100 0.0896674 -0.378125 4.06547
100 -0.669493 -0.538711 -2.21772
100 -0.519232 -0.463928 4.06547
100 0.669211 0.428416 -2.21772
100 -0.953637 -0.164246 4.06547
100 0.483292 -0.253245 4.06547
100 0.217841 0.85596 4.06547
100 0.4855 0.0273567 4.06547
100 0.663846 -0.0749886 4.06547
100 -0.325629 -0.411412 4.06547
100 0.379613 0.878644 4.06547
100 0.0440795 -0.42632 -2.21772
100 -0.745467 0.598461 4.06547
100 0.410968 0.61566 4.06547
100 0.176594 0.756759 4.06547
100 0.0151135 0.304994 4.06547
100 -0.599542 0.440101 4.06547
100 0.485606 0.887206 4.06547
100 -0.106962 0.481114 4.06547
100 0.561052 -0.505232 4.06547
100 0.178891 0.394288 4.06547
100 0.259786 -0.942813 4.06547
100 -0.728288 0.26863 4.06547
100 0.709487 0.388847 4.06547
100 -0.386361 -0.894117 4.06547
100 0.58812 0.829321 -2.21772
100 0.297758 -0.39117 -2.21772
100 -0.796501 0.499705 -2.21772
100 0.796241 0.34433 -2.21772
100 -0.00549053 0.260259 4.06547
100 0.341477 0.0289501 4.06547
100 -0.0842099 -1.02836 -2.21772
100 0.178049 -0.694126 4.06547
100 0.607429 -0.307655 4.06547
100 -0.598453 -0.7704 4.06547
100 0.153473 0.158564 4.06547
100 0.544749 -0.562995 4.06547
100 -0.249455 -0.80814 -2.21772
100 0.295671 0.0399682 4.06547
100 0.275086 -0.814979 4.06547
100 -0.50886 0.757509 4.06547
100 -0.806442 0.61827 4.06547
100 -0.189989 0.533752 4.06547
100 0.391671 -0.707898 4.06547
100 -0.658243 -0.613934 -2.21772
100 0.287897 -0.580499 4.06547
100 0.381456 0.504206 4.06547
100 0.662655 -0.177174 4.06547
100 0.148881 -0.649433 4.06547
100 -0.310576 0.680102 4.06547
100 0.372015 -0.184381 4.06547
100 -0.0144058 0.349946 4.06547
100 0.012819 0.820671 4.06547
100 0.695488 0.0123327 4.06547
100 -0.159867 -0.599836 4.06547
100 -0.36139 -0.450968 4.06547
100 0.432682 -0.15726 4.06547
100 0.100915 -0.147187 4.06547
100 0.855386 0.30766 4.06547
100 0.426944 0.0824323 4.06547
100 -0.449609 -0.268215 4.06547
100 0.337304 -0.564907 4.06547
100 -0.930127 0.411545 4.06547
100 -0.215102 0.439536 4.06547
100 0.733605 -0.3734 4.06547
100 0.0596356 -0.121226 -2.21772
100 0.823655 -0.140003 4.06547
100 0.328524 0.787265 4.06547
100 -0.457558 0.078641 4.06547
100 -0.395945 0.499616 4.06547
100 -0.600776 0.198709 4.06547
100 0.854469 -0.37775 4.06547
100 0.774575 0.242675 4.06547
100 -0.483727 0.655011 -2.21772
100 -0.723578 -0.0604237 4.06547
100 -0.219455 0.0967112 4.06547
100 -0.324738 -0.505447 4.06547
100 -0.62464 0.799711 4.06547
100 -0.858606 0.32241 4.06547
100 -0.0354764 0.302744 4.06547
100 0.0710668 1.01671 4.06547
100 -0.396027 0.874523 4.06547
100 -0.390701 -0.560737 -2.21772
100 0.427496 -0.381085 4.06547
100 -0.369972 0.662578 4.06547
100 -0.0524391 -0.0256596 4.06547
100 -0.212845 0.214971 4.06547
100 0.791355 0.0324388 4.06547
100 -0.793237 0.0102451 -2.21772
100 -0.86579 -0.0914602 4.06547
100 -0.511432 0.164918 4.06547
100 -0.0365721 0.541179 4.06547
100 -0.786666 -0.212057 4.06547
100 0.910221 0.463795 4.06547
100 -0.00551979 -0.347984 4.06547
100 -0.350241 0.032075 4.06547
100 0.934539 0.0775413 -2.21772
100 0.561294 -0.863581 -2.21772
100 0.273112 0.700209 4.06547
100 -0.580449 0.335427 4.06547
100 -0.390398 0.39418 4.06547
100 -0.198793 -0.899586 4.06547
100 0.0239226 0.172901 4.06547
100 0.409486 0.461818 -2.21772
100 0.323626 0.495407 -2.21772
100 -0.116506 -0.0974404 4.06547
100 -0.494538 -0.139598 4.06547
100 -0.258719 -0.33193 4.06547
100 -0.402734 -0.239769 4.06547
100 -0.402142 -0.192782 4.06547
100 -0.309347 -0.207995 4.06547
100 0.517552 -0.21024 4.06547
100 0.348369 0.640492 4.06547
100 0.0429782 -0.537442 4.06547
100 -0.483833 0.122514 4.06547
100 -0.149316 1.00238 -2.21772
100 -0.961583 -0.0306653 -2.21772
100 0.627531 -0.688661 4.06547
100 0.47909 -0.587838 4.06547
100 0.117796 -0.0532156 4.06547
100 -0.0934514 -0.505243 4.06547
100 0.0842667 -0.331407 4.06547
100 0.202456 -0.116181 -2.21772
100 0.306884 0.598699 4.06547
100 0.6067 0.182325 4.06547
100 -0.306609 0.384404 4.06547
100 -0.277457 -0.758192 4.06547
100 -0.308019 -0.258498 4.06547
100 -0.0266915 -0.871204 4.06547
100 0.758159 -0.694753 4.06547
100 -0.348587 0.525308 4.06547
100 0.0765243 0.631374 4.06547
100 -0.0518208 -0.76286 4.06547
100 0.535066 -0.394091 4.06547
100 -0.105661 0.698421 4.06547
100 0.759867 0.0973726 -2.21772
100 -0.800245 -0.15321 4.06547
100 0.510736 -0.488653 -2.21772
100 -0.0421972 0.851425 4.06547
100 -0.211848 -0.144834 4.06547
100 -0.0462605 -0.483395 -2.21772
100 0.505932 -0.437011 -2.21772
100 -0.747262 0.392423 4.06547
100 0.513413 -0.824846 4.06547
100 -0.0984502 -0.739303 4.06547
100 -0.281544 0.233901 4.06547
100 -0.147186 0.294296 -2.21772
100 -0.0437083 -0.976435 4.06547
100 0.31849 0.965474 4.06547
100 -0.416751 -0.678097 4.06547
100 0.234583 -1.00329 4.06547
100 0.35667 0.368846 4.06547
100 0.192336 -0.956197 4.06547
100 -0.134466 -0.647315 4.06547
100 -0.0021008 -0.453555 4.06547
100 -0.544458 0.526697 4.06547
100 0.137172 0.240194 4.06547
100 -0.178372 0.181119 4.06547
100 1.00029 0.219406 4.06547
100 0.512971 0.222752 -2.21772
100 0.125146 0.497354 4.06547
100 -0.548344 0.585859 4.06547
100 -0.744622 -0.0107751 4.06547
100 -0.0877756 0.00637606 4.06547
100 0.472884 -0.640986 -2.21772
100 -0.627445 0.243369 4.06547
100 -0.979089 0.288008 -2.21772
100 0.843646 0.571068 4.06547
100 -0.907905 -0.056434 4.06547
100 -0.309524 -0.00093172 4.06547
100 0.7283 0.214518 4.06547
100 -0.483497 0.291191 4.06547
100 -0.18 -0.714648 4.06547
100 0.200405 -0.84982 4.06547
100 0.0988111 -0.571644 4.06547
100 0.347867 0.545073 4.06547
100 0.698915 -0.420176 4.06547
100 -0.382164 0.313228 4.06547
100 0.802854 -0.0904521 4.06547
100 0.648763 -0.263186 4.06547
100 0.142828 -0.840438 4.06547
100 0.560328 0.0994637 4.06547
100 0.44621 0.313718 4.06547
100 0.0360853 -0.320536 4.06547
100 -0.840714 -0.0420897 4.06547
100 0.626256 -0.215919 4.06547
100 0.141367 -0.59609 4.06547
100 0.600178 0.517785 4.06547
100 -0.498382 -0.190846 4.06547
100 -0.514429 0.331019 4.06547
100 0.0374563 0.494672 -2.21772
100 0.687756 -0.220706 4.06547
100 -0.393893 0.555627 -2.21772
100 -0.689872 0.551009 4.06547
100 -0.593205 0.552125 4.06547
100 0.25852 -0.362926 4.06547
100 -0.225745 -0.686753 -2.21772
100 -0.442281 0.402129 4.06547
100 -0.873015 0.102227 4.06547
100 -0.758829 -0.101717 4.06547
100 -0.538443 0.118005 4.06547
100 0.0680857 0.314381 4.06547
100 0.954883 -0.182594 4.06547
100 -0.350976 -0.0252575 -2.21772
100 0.220011 -0.902978 4.06547
100 -0.235305 0.609959 4.06547
100 -0.776164 -0.48422 4.06547
100 0.349994 -0.314248 4.06547
100 0.911228 -0.480987 -2.21772
100 0.254717 0.0633168 4.06547
100 -0.417627 -0.365641 4.06547
100 -0.738835 -0.533458 4.06547
100 0.475609 -0.396447 4.06547
100 0.321764 -0.784904 4.06547
100 -0.163438 0.0335627 -2.21772
100 -0.157941 -0.946202 4.06547
100 0.304964 0.355339 4.06547
100 -0.402178 0.814635 4.06547
100 -0.957233 0.0290684 4.06547
100 -0.100556 -0.0408133 -2.21772
100 -0.587319 0.622125 4.06547
100 0.13483 -0.348784 4.06547
100 -0.693433 0.36957 4.06547
100 0.525806 0.0638355 4.06547
100 0.13273 -0.952804 4.06547
100 0.390431 0.0306863 4.06547
100 0.260438 0.282562 4.06547
100 0.486682 0.410323 4.06547
100 -0.458645 -0.438171 -2.21772
100 0.126614 -0.297971 4.06547
100 -0.440499 -0.571616 4.06547
100 0.0937129 0.424081 4.06547
100 0.544419 0.315717 4.06547
100 -0.610481 0.736936 4.06547
100 -0.291631 0.159336 4.06547
100 -0.540615 -0.109833 4.06547
100 0.629984 -0.634277 -2.21772
100 -0.483707 0.705097 4.06547
100 -0.266042 0.977616 4.06547
100 0.256612 -0.307161 4.06547
100 -0.703511 0.317386 4.06547
100 -0.00884558 0.498124 4.06547
100 0.0869138 0.231824 -2.21772
100 0.0794497 -0.976756 4.06547
100 0.239404 -0.707266 4.06547
100 0.173115 0.487305 4.06547
100 0.294011 -0.726281 4.06547
100 0.363063 -0.0143935 4.06547
100 0.429192 -0.805319 4.06547
100 0.386846 -0.0590216 4.06547
100 0.613179 0.443525 4.06547
100 0.438424 0.0324085 4.06547
100 0.58879 -0.406752 4.06547
100 0.0248826 0.0909092 4.06547
100 0.691601 -0.527254 4.06547
100 -0.170779 -0.167522 4.06547
100 -0.214364 -0.0964323 4.06547
100 -0.64186 0.64484 4.06547
100 -0.568419 0.159646 4.06547
100 -0.305001 -0.10825 -2.21772
100 -0.488808 -0.0889704 4.06547
100 0.740625 0.0506871 4.06547
100 -0.920451 0.130561 4.06547
100 0.598256 -0.541358 4.06547
100 -0.445403 0.508123 4.06547
100 -0.518669 -0.00528181 4.06547
100 0.0385955 0.223504 4.06547
100 0.100804 -0.196784 4.06547
100 0.57155 -0.127346 4.06547
100 -0.534936 -0.37045 4.06547
100 0.850952 -0.0700954 4.06547
100 -0.0407809 -0.155795 4.06547
100 0.717138 -0.742671 4.06547
100 0.465456 0.215344 4.06547
100 0.0347053 0.445393 4.06547
100 0.159763 0.296272 4.06547
100 0.456982 0.264301 4.06547
100 -0.437262 -0.93257 4.06547
100 -0.784526 -0.0477204 4.06547
100 -0.902925 0.0560686 4.06547
100 0.111022 -0.789679 4.06547
100 -0.0425201 -0.423938 -2.21772
100 0.957648 0.173417 4.06547
100 0.208547 -0.518991 -2.21772
100 0.270257 0.868857 4.06547
100 -0.0257962 0.0780631 -2.21772
100 0.143811 -0.172143 4.06547
100 0.255239 0.983262 4.06547
100 -0.0587745 0.258882 4.06547
100 0.417168 -0.0145266 4.06547
100 0.604093 0.665869 4.06547
100 0.471014 -0.0197711 4.06547
100 0.486604 -0.0757426 4.06547
100 0.429039 0.850281 4.06547
100 -0.513979 0.877958 -2.21772
100 0.633634 0.561944 4.06547
100 -0.390782 0.0104723 4.06547
100 -0.0928535 -0.343544 4.06547
100 0.0548669 -0.171045 4.06547
100 0.471322 0.759915 4.06547
100 -0.271941 -0.028521 4.06547
100 0.434988 0.916741 4.06547
100 0.662054 -0.12931 4.06547
100 0.378457 0.814236 4.06547
100 -0.90377 -0.458264 4.06547
100 0.657106 0.626158 4.06547
100 0.276274 -0.437289 4.06547
100 0.118386 -0.689537 4.06547
100 -0.217877 -0.247279 4.06547
100 0.265729 0.925418 4.06547
100 -0.786536 -0.419428 4.06547
100 0.212454 0.297748 4.06547
100 -0.345318 0.078654 4.06547
100 -0.397107 -0.0949871 4.06547
100 0.0417988 -0.372457 4.06547
100 0.390717 0.674235 4.06547
100 0.876267 -0.125908 4.06547
100 -0.634296 -0.338984 4.06547
100 0.651843 0.152216 -2.21772
100 0.13033 0.391039 4.06547
100 0.378577 0.0778191 4.06547
100 -0.25661 0.408913 4.06547
100 0.0684896 -0.923333 4.06547
100 -0.286418 0.5994 4.06547
100 0.160268 -0.0812307 4.06547
100 0.420209 0.780983 4.06547
100 -0.68975 -0.173737 4.06547
100 0.124886 -0.00362889 4.06547
100 -0.274118 -0.425731 4.06547
100 -0.389909 0.937683 -2.21772
100 0.258779 0.570015 -2.21772
100 0.197813 0.989437 4.06547
100 -0.351503 -0.847398 4.06547
100 0.307492 0.142909 4.06547
100 -0.992203 -0.2497 4.06547
100 -0.659181 0.700111 4.06547
100 0.691569 0.0676402 4.06547
100 -0.439455 -0.00998674 4.06547
100 0.355765 -0.10018 -2.21772
100 -0.00952349 -0.295284 -2.21772
100 -0.0482841 -0.372794 4.06547
100 -0.526969 -0.628581 4.06547
100 0.0466706 0.71741 4.06547
100 0.403332 -0.947073 4.06547
100 -0.499837 0.603736 -2.21772
100 -0.594059 0.681319 -2.21772
100 -0.151132 0.667487 4.06547
100 -0.468858 -0.660436 4.06547
100 0.438755 -0.678763 4.06547
100 -0.424544 0.212267 4.06547
100 -0.783264 -0.661273 4.06547
100 -0.374131 -0.504996 4.06547
100 0.480174 0.702875 4.06547
100 -0.328734 0.128152 4.06547
100 -0.553377 -0.867083 -2.21772
100 -0.69324 -0.349227 4.06547
100 0.755604 -0.429779 4.06547
100 0.0604591 0.860501 -2.21772
100 -0.447738 0.455593 4.06547
100 -0.890255 -0.512389 4.06547
100 -0.303941 0.331977 4.06547
100 0.717076 -0.577438 4.06547
100 -0.336358 -0.348866 4.06547
100 -0.130304 -0.307166 4.06547
100 -0.0131873 1.01849 4.06547
100 -0.628078 -0.0867693 4.06547
100 -0.310738 -0.60279 4.06547
100 -0.958472 -0.357039 4.06547
100 0.50746 0.655505 4.06547
100 -0.44855 -0.167652 4.06547
100 0.735634 0.525471 4.06547
100 0.442272 -0.303193 4.06547
100 0.0842473 0.469985 4.06547
100 0.480547 -0.713918 4.06547
100 0.608399 -0.164125 4.06547
100 -0.295919 0.0932833 -2.21772
100 -0.388527 0.761795 4.06547
100 0.171224 0.0692371 -2.21772
100 -0.305813 -0.651858 4.06547
100 -0.603679 -0.390474 4.06547
100 -0.0923524 0.118908 4.06547
100 0.115986 -1.02326 4.06547
100 -0.169407 0.941788 -2.21772
100 0.343462 -0.729941 4.06547
100 -0.542517 0.372092 4.06547
100 0.142737 -0.395614 -2.21772
100 -0.148404 -0.873836 4.06547
100 0.135155 0.719906 -2.21772
100 -0.306696 -0.158231 4.06547
100 -0.216836 -0.953184 4.06547
100 0.434684 0.414932 4.06547
100 -0.307899 -0.461135 4.06547
100 0.248765 -0.253057 4.06547
100 0.981593 0.282904 4.06547
100 -0.87159 0.515136 4.06547
100 -0.824625 -0.370178 4.06547
100 -0.0673968 0.741266 4.06547
100 -0.543942 -0.79959 4.06547
100 -0.634599 0.584576 4.06547
100 0.460282 0.126301 4.06547
100 -0.732133 -0.215556 -2.21772
100 0.286684 -0.673697 -2.21772
100 -0.573631 0.839201 4.06547
100 -0.261969 -0.278605 4.06547
100 0.741376 -0.215754 4.06547
100 -0.354795 0.168284 4.06547
100 -0.544364 -0.160249 4.06547
100 -0.150005 0.221905 4.06547
100 -0.171387 -0.328365 -2.21772
100 0.415419 -0.433633 -2.21772
100 -0.353909 0.716563 4.06547
100 0.304952 -0.524199 4.06547
100 0.159046 0.347357 4.06547
100 -0.116792 0.0379523 4.06547
100 -0.638015 -0.260723 4.06547
100 -0.193288 0.635891 4.06547
100 0.780069 -0.177471 4.06547
100 -0.517109 -0.574813 -2.21772
100 0.525888 0.372711 4.06547
100 0.0888594 0.747741 4.06547
100 1.01255 -0.176358 -2.21772
100 -0.427938 0.658689 4.06547
100 0.928143 -0.237014 4.06547
100 -0.737472 -0.319419 -2.21772
100 0.341517 -0.67277 4.06547
100 0.379338 -0.397245 4.06547
100 -0.00861514 -0.00672616 4.06547
100 0.307644 -0.101749 4.06547
100 -0.343126 0.579184 4.06547
100 -0.0788151 -0.126215 4.06547
100 -0.59284 -0.127262 4.06547
100 -0.339725 0.900958 4.06547
100 -0.573207 -0.471383 4.06547
100 0.13913 1.00618 -2.21772
100 0.346905 0.320022 4.06547
100 -0.167345 -0.112169 4.06547
100 0.767607 -0.321175 4.06547
100 0.474257 0.820516 4.06547
100 -0.430084 0.297157 4.06547
100 -1.01397 0.108144 4.06547
100 -0.597434 0.386886 4.06547
100 0.74041 -0.636864 4.06547
100 0.278024 -0.1371 -2.21772
100 0.218919 0.0936081 4.06547
100 -0.177561 -0.455187 4.06547
100 -0.0646134 0.346012 4.06547
100 0.378756 0.942222 4.06547
100 0.167333 -0.266412 4.06547
100 -0.83036 0.212001 4.06547
100 0.329229 0.0795254 4.06547
100 -0.643894 0.0137279 4.06547
100 -0.512827 0.249865 4.06547
100 -0.877356 -0.24778 4.06547
100 0.835786 -0.0124108 4.06547
100 -0.702806 0.427885 4.06547
100 -0.545064 0.472468 4.06547
100 0.918747 0.296531 4.06547
100 -0.671272 -0.0409469 4.06547
100 0.678075 0.752815 4.06547
100 -0.168043 0.778866 4.06547
100 0.199668 -0.744542 4.06547
100 -0.596024 0.494066 4.06547
100 0.70646 -0.0435575 4.06547
100 0.442515 0.662292 4.06547
100 0.322043 -0.849462 4.06547
100 -0.541908 0.0367447 4.06547
100 0.568685 0.47274 4.06547
100 -0.650573 0.405459 4.06547
100 -0.0477453 -0.596345 4.06547
100 -0.677981 0.0570728 4.06547
100 -0.565946 0.774028 -2.21772
100 0.611402 0.725508 4.06547
100 -0.455657 -0.719059 4.06547
100 0.117391 0.325245 4.06547
100 -0.0863841 0.53219 4.06547
100 -0.33759 0.247775 -2.21772
100 -0.707764 0.658439 4.06547
100 -0.128253 0.175305 4.06547
100 -0.352627 -0.079104 4.06547
100 0.121533 0.19363 4.06547
100 0.0527729 -0.588997 4.06547
100 0.433788 -0.253461 4.06547
100 0.701605 0.476517 4.06547
100 -0.458109 -0.801658 4.06547
100 -0.603318 0.291287 4.06547
100 0.319946 -0.62439 4.06547
100 0.207866 0.155752 4.06547
100 -0.383758 -0.721424 -2.21772
100 0.807767 0.423694 4.06547
100 0.0718149 0.182355 4.06547
100 -0.675867 -0.442844 4.06547
100 0.896005 0.190209 4.06547
100 0.111745 -0.1014 4.06547
100 0.256678 0.00907081 4.06547
100 0.553444 0.25757 4.06547
100 -0.832713 -0.497717 -2.21772
100 -0.957125 0.0900605 4.06547
100 0.752849 -0.528976 4.06547
100 -0.0532723 0.212352 4.06547
100 -0.127933 0.567114 4.06547
100 -0.00879392 -0.239203 4.06547
100 0.83891 0.194171 -2.21772
100 -0.90284 -0.00146211 4.06547
100 -0.000315392 -0.773647 4.06547
100 -0.919113 0.306655 4.06547
100 0.783447 0.190435 4.06547
100 -0.650599 -0.726478 4.06547
100 -0.897508 -0.350118 4.06547
100 0.0547648 -0.785985 4.06547
100 -0.000469925 -0.619444 4.06547
100 0.226389 0.246364 4.06547
100 0.403164 0.554972 4.06547
100 0.649482 0.100356 4.06547
100 -0.258667 -0.130074 4.06547
100 0.235807 -0.405568 4.06547
100 -0.292233 0.279602 4.06547
100 0.705569 0.655768 4.06547
100 0.410325 0.367011 4.06547
100 -0.788865 0.55676 4.06547
100 -0.497337 -0.902684 -2.21772
100 0.223255 0.531774 4.06547
100 0.616175 -0.106328 4.06547
100 -0.741789 -0.703319 4.06547
100 -0.839675 -0.203632 4.06547
100 -0.288575 -0.549756 -2.21772
100 -0.116415 0.338932 4.06547
100 -0.147198 -0.759149 4.06547
100 0.0848146 0.0928647 4.06547
100 -0.167503 0.426426 -2.21772
100 0.00136194 0.129811 -2.21772
100 0.462478 -0.117975 4.06547
100 0.847523 -0.482838 4.06547
100 0.571604 -0.352801 -2.21772
100 -0.0508877 -0.319903 4.06547
100 0.569316 -0.0252901 4.06547
100 0.00465698 0.0418408 4.06547
100 -0.143038 -0.0111999 4.06547
100 -0.4598 0.798181 4.06547
100 0.940769 -0.416007 4.06547
100 0.640304 -0.416411 4.06547
100 -0.206847 -0.500613 4.06547
100 0.497817 -0.29923 4.06547
100 -0.201281 0.295931 4.06547
100 0.660436 -0.793424 -2.21772
100 -0.0871899 1.01318 -2.21772
100 -0.210051 -0.605102 4.06547
100 -0.717119 -0.397304 4.06547
100 0.49576 0.328279 4.06547
100 0.685601 0.308282 4.06547
100 0.307338 -0.910662 4.06547
100 -0.387952 0.610647 4.06547
100 0.627142 0.329646 4.06547
100 -0.269413 -0.926229 4.06547
100 0.0380135 -0.875508 -2.21772
100 -0.912666 -0.124466 4.06547
100 -0.474096 -0.609498 4.06547
100 -0.330435 -0.750869 -2.21772
100 0.571754 -0.648915 4.06547
100 0.962225 0.343815 -2.21772
100 0.131901 -0.494013 4.06547
100 0.768266 0.668888 4.06547
100 0.802689 0.13854 4.06547
100 -0.45114 0.251275 -2.21772
100 -0.19787 -0.837497 4.06547
100 0.761133 -0.267417 4.06547
100 0.289471 -0.183532 4.06547
100 -0.696116 0.0041358 4.06547
100 0.709661 -0.108084 4.06547
100 0.96539 -0.353522 4.06547
100 0.193379 0.438309 4.06547
100 0.896803 -0.181494 4.06547
100 0.243676 -0.199855 4.06547
100 -0.128446 -0.145336 -2.21772
100 -0.297885 -0.864965 -2.21772
100 0.57351 -0.208001 -2.21772
100 -0.494522 -0.760073 -2.21772
100 0.46382 0.462136 4.06547
100 -0.854961 -0.563582 4.06547
100 -0.593189 -0.178089 4.06547
100 -0.60017 0.118687 -2.21772
100 -0.798207 0.166484 4.06547
100 0.774982 0.564288 4.06547
100 -0.88343 0.260403 4.06547
100 -0.284435 0.80977 4.06547
100 0.872359 -0.30662 4.06547
100 -0.619172 -0.0325508 4.06547
100 -0.956715 0.352904 4.06547
100 -0.396154 -0.0419768 -2.21772
100 1.02212 0.000342019 4.06547
100 -0.347387 0.415029 4.06547
100 0.0519015 0.920309 4.06547
100 -0.663321 0.199836 4.06547
100 0.103396 0.144284 4.06547
100 -0.852329 -0.314551 4.06547
100 -0.21586 -0.195449 4.06547
100 0.0197626 -0.0907747 4.06547
100 0.0801719 -0.837376 4.06547
100 0.0286393 0.978264 4.06547
100 0.611474 -0.0553858 4.06547
100 0.642395 0.273807 4.06547
100 0.117328 0.84239 4.06547
100 -0.225806 0.159211 4.06547
100 0.530223 0.433415 4.06547
100 -0.0493678 -0.263075 4.06547
100 0.276766 0.394408 4.06547
100 -0.331826 -0.698685 4.06547
100 -0.46111 0.342363 4.06547
100 -0.657372 -0.391988 4.06547
100 0.917109 0.133406 4.06547
100 -0.0443632 0.394687 -2.21772
100 0.802501 -0.645772 4.06547
100 0.842663 0.369657 -2.21772
100 0.0177258 -0.978153 -2.21772
100 -0.638192 0.350194 4.06547
100 0.226953 -0.461114 4.06547
100 -0.146043 0.382839 4.06547
100 -0.789556 0.430145 4.06547
100 0.362971 0.593098 4.06547
100 -0.218692 0.916817 4.06547
100 0.405711 0.128331 4.06547
100 0.391828 -0.651173 4.06547
100 0.639326 -0.51169 4.06547
100 -0.939562 0.240882 4.06547
100 -0.673447 0.759756 -2.21772
100 0.882493 -0.428118 4.06547
100 0.0473637 -0.63876 4.06547
100 0.717199 -0.165113 4.06547
100 -0.678555 0.254199 4.06547
100 -0.0338277 -0.658272 4.06547
100 0.491336 -0.159081 4.06547
100 0.164059 0.0215603 4.06547
100 0.141832 -0.444731 -2.21772
100 -0.493504 -0.292811 4.06547
100 -0.510209 -0.693759 4.06547
100 -0.252349 -0.64397 4.06547
100 0.0886457 -0.522403 4.06547
100 0.813627 -0.535285 4.06547
100 0.263304 -0.867985 4.06547
100 0.411446 -0.871126 4.06547
100 -0.795128 -0.318264 -2.21772
100 0.108743 0.90009 4.06547
100 -0.0305047 0.167142 4.06547
100 0.219109 0.794337 4.06547
100 -0.336148 0.781771 4.06547
100 0.0733157 0.805184 -2.21772
100 -0.269344 -0.502351 4.06547
100 -0.551231 -0.265983 4.06547
100 0.106567 0.277873 4.06547
100 -0.587517 -0.614568 4.06547
100 0.324726 0.904358 4.06547
100 0.874741 0.415712 4.06547
100 0.211448 -0.284027 4.06547
100 0.857556 0.139509 4.06547
100 0.15668 -0.128775 4.06547
100 0.552509 -0.304066 4.06547
100 0.766486 0.38862 4.06547
100 -0.178234 -0.391382 4.06547
100 -0.354554 -0.235974 4.06547
100 -0.30384 -0.311519 4.06547
100 0.383126 -0.139664 4.06547
100 -0.903014 0.463634 4.06547
100 0.677634 0.528622 4.06547
100 0.352895 0.455604 4.06547
100 -0.261019 0.360406 -2.21772
100 0.788733 -0.381031 4.06547
100 0.439329 -0.0599398 4.06547
100 -0.489324 -0.34451 4.06547
100 0.340724 -0.263199 4.06547
100 0.466613 -0.2031 4.06547
100 0.0883601 0.0254982 4.06547
100 0.570545 0.0374549 4.06547
100 -0.472569 -0.486578 4.06547
100 0.70404 0.117722 4.06547
100 0.0979754 -0.630872 4.06547
100 0.437857 -0.55266 4.06547
100 -0.450612 0.911938 4.06547
100 -0.238036 0.560221 4.06547
100 -0.624758 -0.657853 4.06547
100 0.52895 0.00678304 4.06547
100 0.293957 0.451428 4.06547
100 0.432937 -0.745293 4.06547
100 -0.0947848 0.387714 4.06547
100 -0.381634 -0.33246 4.06547
100 -0.21064 -0.353198 4.06547
100 0.821155 -0.333478 -2.21772
100 -0.12509 0.0832493 4.06547
100 0.262452 -0.629077 4.06547
100 0.176294 0.202414 4.06547
100 0.972524 0.0325087 4.06547
100 -0.297215 0.549296 4.06547
100 -0.596992 -0.709487 4.06547
100 0.041404 -0.481006 4.06547
100 -0.260839 -0.0804472 -2.21772
100 -0.59364 0.0252173 4.06547
100 0.713743 -0.32123 4.06547
100 -0.823212 -0.263717 4.06547
100 0.446575 0.170874 4.06547
100 0.0527134 0.398778 4.06547
100 0.982505 0.107752 4.06547
100 0.223359 0.481532 -2.21772
100 -0.688808 0.60573 4.06547
100 -0.711745 -0.126129 4.06547
100 0.504223 0.276423 4.06547
100 0.487683 0.530546 4.06547
100 -0.0165836 0.446867 4.06547
100 -0.529846 -0.0577038 -2.21772
100 0.6702 0.359171 4.06547
100 -0.845545 0.56548 4.06547
100 -0.736467 -0.447131 -2.21772
100 -0.262869 -0.227454 4.06547
100 -0.143052 -0.0609516 4.06547
100 -0.174434 -0.274703 4.06547
100 0.785318 -0.479487 -2.21772
100 0.557696 -0.450213 4.06547
100 -0.133084 -0.696351 4.06547
100 0.297922 0.542998 -2.21772
100 0.5386 -0.255677 4.06547
100 0.650344 -0.572681 -2.21772
100 -0.120368 0.753318 4.06547
100 0.499646 -0.539569 4.06547
100 0.0314812 -0.268561 4.06547
100 0.624073 -0.360989 4.06547
100 -0.260913 -0.178345 4.06547
100 -0.547065 0.42148 4.06547
100 -0.703053 -0.492389 4.06547
100 0.050541 0.269426 4.06547
100 -0.0451601 0.0294669 -2.21772
100 -0.669475 -0.30073 -2.21772
100 -0.307232 -0.807688 4.06547
100 -0.18537 -0.0574486 4.06547
100 -0.500104 -0.838256 4.06547
100 0.84184 0.468139 -2.21772
100 0.806971 0.620341 4.06547
100 -0.089635 -0.285916 4.06547
100 -0.185736 -0.553568 4.06547
100 0.356946 0.271475 4.06547
100 0.558571 -0.791019 4.06547
100 0.269305 0.499469 4.06547
100 -0.237388 0.257453 4.06547
