905 0.236685 0.401234 4.06547
905 0.0153587 0.854387 4.06547
905 -0.863282 0.140224 4.06547
905 0.782034 -0.222623 4.06547
905 0.65464 0.0278447 4.06547
905 0.937678 0.229677 4.06547
905 -0.394544 -0.150989 4.06547
905 0.132274 -0.554381 4.06547
905 0.215269 0.35316 4.06547
905 -0.13132 -0.255787 -2.21772
905 -0.981761 -0.284103 4.06547
905 0.187879 0.0366118 4.06547
905 -0.511093 -0.40229 4.06547
905 0.520073 0.570232 4.06547
905 -0.0492834 0.693238 -2.21772
905 0.565696 0.695768 4.06547
905 -0.645663 0.531551 4.06547
905 0.0362527 -0.730531 4.06547
905 0.161253 0.576846 4.06547
905 -0.633815 -0.187858 4.06547
905 0.101407 -0.45512 4.06547
905 0.208697 -0.479016 4.06547
905 0.15891 -0.906108 4.06547
905 0.549883 0.521756 4.06547
905 0.34014 -0.0480202 4.06547
905 -0.0658651 -0.0845905 4.06547
905 -0.0844472 0.445214 4.06547
905 0.129828 0.115764 4.06547
905 -0.154017 0.527603 4.06547
905 -0.128462 -0.504037 4.06547
905 0.753952 0.142759 4.06547
905 0.189796 -0.157571 4.06547
905 -0.272722 -0.992684 4.06547
905 -0.4582 0.703743 4.06547
905 0.218829 -0.668063 -2.21772
905 0.651105 -0.313881 4.06547
905 0.296226 0.312479 4.06547
905 -0.684833 0.312727 4.06547
905 0.0195023 0.751209 4.06547
905 0.283661 0.218598 4.06547
905 0.353479 -0.461855 4.06547
905 -0.407661 0.256916 4.06547
905 -0.365008 0.280795 4.06547
905 0.0519956 -0.223678 4.06547
905 -0.661241 0.115711 4.06547
905 0.182316 0.124594 4.06547
905 0.172046 -1.01352 4.06547
905 0.573756 0.574741 4.06547
905 0.880186 -0.532696 4.06547
905 -0.0911213 -0.452576 4.06547
905 0.576675 0.762898 4.06547
905 -0.694405 0.50896 4.06547
905 0.180133 0.625804 4.06547
905 0.202575 -0.61661 4.06547
905 -0.655293 0.468236 4.06547
905 0.658739 -0.716598 4.06547
905 -0.0271535 -0.115649 4.06547
905 0.196366 0.941179 4.06547
905 0.40187 -0.831441 4.06547
905 -0.574211 0.084379 4.06547
905 -0.0675089 0.495631 4.06547
905 -0.408959 -0.303892 4.06547
905 0.394328 0.410788 4.06547
905 0.167651 -0.0179303 -2.21772
905 0.668803 -0.0228387 4.06547
905 0.57841 -0.257656 4.06547
905 -0.250615 0.218143 4.06547
905 -0.320336 0.63737 -2.21772
905 0.216822 -0.343025 4.06547
905 -0.787785 0.0474859 -2.21772
905 -0.991316 0.235268 4.06547
905 -0.797306 -0.557872 4.06547
905 -0.42088 -0.63245 -2.21772
905 0.81434 -0.0506985 4.06547
905 0.817892 -0.264001 -2.21772
905 -0.151141 0.12612 4.06547
905 -0.894394 0.189248 -2.21772
905 0.728111 0.339052 4.06547
905 0.0147688 -0.144946 -2.21772
905 -0.439633 -0.117878 4.06547
905 -0.556578 -0.00810478 4.06547
905 -0.100356 0.84261 4.06547
905 0.493539 -0.750109 4.06547
905 0.780114 -0.580952 4.06547
905 0.234567 0.130284 4.06547
905 0.690442 -0.269095 4.06547
905 -0.66863 -0.670747 4.06547
905 0.490458 0.614499 4.06547
905 0.461728 -0.48168 4.06547
905 -0.633724 -0.132989 4.06547
905 -0.304561 0.849553 -2.21772
905 -0.169669 -0.0117332 -2.21772
905 -0.303428 0.207658 4.06547
905 0.315998 -0.226346 4.06547
905 0.961178 -0.13183 4.06547
905 0.193453 -0.430383 4.06547
905 0.371297 -0.512353 4.06547
905 -0.248574 0.866332 4.06547
905 0.595632 -0.0657799 4.06547
905 0.317018 -8.63783e-05 -2.21772
905 0.76218 -0.130321 4.06547
905 -0.411805 0.463035 4.06547
905 0.329714 0.666461 4.06547
905 0.813181 0.0647264 4.06547
905 0.351401 -0.966124 -2.21772
905 0.818298 -0.425335 4.06547
905 -0.288243 -0.0525251 4.06547
905 -0.413972 0.120574 4.06547
905 -0.421291 -0.462073 4.06547
905 0.516234 -0.640167 4.06547
905 0.00960314 -0.193736 4.06547
905 -0.750358 0.515469 4.06547
905 0.398672 0.316379 4.06547
905 -0.295664 0.0497753 4.06547
905 -0.558797 -0.427009 -2.21772
905 -0.110172 -0.967741 -2.21772
905 -0.461238 0.847006 4.06547
905 0.13932 -0.227063 4.06547
905 0.417059 0.744134 4.06547
905 0.262623 -0.48999 -2.21772
905 -0.211911 0.820279 4.06547
905 0.0127317 -0.823836 4.06547
905 -0.0960028 -0.602188 -2.21772
905 0.755803 0.595565 4.06547
905 0.198052 0.824478 -2.21772
905 0.696361 0.156222 4.06547
905 -0.332539 0.958077 4.06547
905 -0.167111 0.331417 4.06547
905 -0.0711638 0.0798745 4.06547
905 -0.272766 -0.711248 4.06547
905 0.0319806 0.371084 -2.21772
905 0.299703 -0.451208 4.06547
905 -0.0394403 -0.213238 -2.21772
905 -0.556561 0.720611 4.06547
905 -0.755093 0.681232 4.06547
905 0.128841 0.624494 4.06547
905 -0.0709702 -0.917122 -2.21772
905 0.732111 0.436744 4.06547
905 -1.01975 0.0126705 -2.21772
905 0.109061 0.571626 4.06547
905 -0.613275 -0.513211 -2.21772
905 0.519798 -0.882181 4.06547
905 0.0490167 0.144108 4.06547
905 -0.787932 -0.110125 4.06547
905 -0.919114 -0.294728 4.06547
905 0.116457 -0.504435 4.06547
905 0.533388 0.865563 4.06547
905 -0.196197 0.0413629 -2.21772
905 0.523816 0.73735 4.06547
905 -0.706565 -0.279063 4.06547
905 0.598881 0.132298 4.06547
905 -0.137841 -0.359735 4.06547
905 0.134328 0.953065 4.06547
905 -0.626568 0.0729279 4.06547
905 0.368028 -0.232806 4.06547
905 -0.115328 0.210055 4.06547
905 0.340292 0.13519 4.06547
905 -0.264905 0.649753 4.06547
905 -0.0856949 0.588863 4.06547
905 -0.219703 -0.729016 4.06547
905 -1.00738 -0.165133 4.06547
905 0.754067 0.289195 -2.21772
905 0.200531 -0.205739 -2.21772
905 0.510911 -0.106873 4.06547
905 0.109201 0.0681549 4.06547
905 0.61354 -0.758501 4.06547
905 0.998488 -0.232445 -2.21772
905 -0.606448 -0.829164 4.06547
905 0.214213 -0.00243776 4.06547
905 -0.373621 0.216932 4.06547
905 -0.140887 0.729387 4.06547
905 0.533627 -0.157167 4.06547
905 -0.708258 -0.572192 4.06547
905 0.441086 0.51062 4.06547
905 0.179118 0.254051 4.06547
905 -0.248368 0.35936 4.06547
905 -0.641516 0.169347 4.06547
905 -0.28606 -0.598095 4.06547
905 -0.760069 -0.271573 4.06547
905 -0.392368 0.168153 4.06547
905 0.608239 0.229748 4.06547
905 0.59461 -0.703222 4.06547
905 -0.0785934 0.169537 4.06547
905 -0.796423 0.306281 4.06547
905 -0.708222 0.727027 -2.21772
905 0.0210043 -0.676388 4.06547
905 -0.941446 -0.399635 4.06547
905 -1.01007 0.171768 -2.21772
905 -0.772208 -0.373131 4.06547
905 0.496019 0.133273 4.06547
905 0.312656 0.178106 4.06547
905 0.67811 -0.617945 4.06547
905 -0.390883 -0.951598 4.06547
905 0.241176 -0.578013 4.06547
905 0.0822527 0.379085 4.06547
905 -0.135176 0.89155 4.06547
905 0.282676 -0.265932 -2.21772
905 -0.069061 0.640803 -2.21772
905 -0.706993 -0.748807 4.06547
905 0.8416 -0.208627 4.06547
905 -0.0120474 0.800464 4.06547
905 0.364178 0.767489 4.06547
905 -0.736313 -0.160703 4.06547
905 -0.23177 -0.410134 4.06547
905 -0.432861 0.35591 4.06547
905 0.341551 0.40787 4.06547
905 -0.891787 0.358335 4.06547
905 -0.220071 0.464387 4.06547
905 -0.217284 0.000211897 -2.21772
905 -0.568012 -0.544878 4.06547
905 -0.199732 0.371663 4.06547
905 0.0198293 0.603871 -2.21772
905 -0.529426 0.630412 4.06547
905 -0.242548 -0.564282 4.06547
905 -0.331295 -0.571102 4.06547
905 0.255534 0.809114 4.06547
905 0.476394 0.368053 4.06547
905 -0.332538 -0.9739 4.06547
905 -0.183166 0.278353 -2.21772
905 -0.194323 0.717748 4.06547
905 -0.247235 0.0449552 4.06547
905 -0.345072 -0.132385 4.06547
905 0.0564691 0.0582508 4.06547
905 -0.560605 -0.661773 4.06547
905 0.186389 -0.566301 -2.21772
905 0.393858 0.223817 4.06547
905 0.153244 0.436847 4.06547
905 0.37145 -0.371864 4.06547
905 -0.149429 -1.01924 4.06547
905 0.316901 0.843974 4.06547
905 -0.432806 -0.0673214 4.06547
905 -0.694936 0.159991 4.06547
905 0.157546 0.894353 4.06547
905 0.942229 0.391622 4.06547
905 0.316831 0.72886 4.06547
905 -0.571867 -0.0618022 -2.21772
905 0.466819 -0.849659 4.06547
905 0.351781 -0.603473 4.06547
905 0.458117 -0.338026 4.06547
905 0.901813 0.339042 4.06547
905 0.675922 0.691382 4.06547
905 -0.760988 0.255807 4.06547
905 0.185054 0.675474 4.06547
905 -0.134831 0.43541 -2.21772
905 -0.676135 -0.238792 4.06547
905 0.144154 -0.752253 4.06547
905 0.533227 -0.693822 4.06547
905 0.228124 0.214578 4.06547
905 -0.0184384 0.904814 4.06547
905 -0.537815 -0.202866 -2.21772
905 0.406876 -0.617632 4.06547
905 -0.866087 0.413647 4.06547
905 0.398065 -0.769942 4.06547
905 0.300643 -0.31372 4.06547
905 0.915051 0.0116211 4.06547
905 -0.359908 -0.281144 4.06547
905 -0.0856932 -0.234482 4.06547
905 -0.569013 0.228622 4.06547
905 -0.359661 0.129765 4.06547
905 0.226746 0.70847 4.06547
905 -0.851522 -0.458837 4.06547
905 -0.103502 0.68507 4.06547
905 -0.051424 0.95729 -2.21772
905 -0.838315 0.467126 4.06547
905 0.363878 -0.903772 4.06547
905 -0.821318 -0.616886 -2.21772
905 -0.488111 0.0589082 4.06547
905 0.00185164 0.553752 -2.21772
905 -0.46142 -0.37967 4.06547
905 0.607993 -0.457939 4.06547
905 0.86421 0.0394268 4.06547
905 0.295551 -0.987353 4.06547
905 0.27934 -0.539629 4.06547
905 -0.308275 0.491578 4.06547
905 0.283918 0.63993 4.06547
905 0.425834 -0.52359 4.06547
905 0.321349 0.265913 4.06547
905 -0.192213 0.880405 4.06547
905 0.408879 -0.0986355 4.06547
905 -0.498009 0.804468 4.06547
905 0.701564 -0.673509 -2.21772
905 -0.0211223 -1.0316 4.06547
905 0.0898035 -0.741963 -2.21772
905 -0.186147 -0.634181 -2.21772
905 0.0352133 0.0109121 4.06547
905 -0.111885 0.950999 4.06547
905 -0.360942 0.83075 -2.21772
905 -0.361863 -0.783327 4.06547
905 -0.196607 0.135417 4.06547
905 0.0133335 -0.484711 4.06547
905 -0.951169 0.182229 4.06547
905 -0.128694 -0.909118 4.06547
905 -0.832266 0.359308 4.06547
905 0.525378 0.180863 4.06547
905 -0.155111 -0.79646 4.06547
905 0.0460769 -1.03119 -2.21772
905 0.442921 -0.430641 4.06547
905 -0.524872 0.373651 4.06547
905 0.636015 0.794269 4.06547
905 -0.423887 -0.516929 4.06547
905 -0.749481 0.152991 4.06547
905 0.14139 0.527437 4.06547
905 -0.264212 0.307573 4.06547
905 0.232428 0.646208 4.06547
905 -0.367824 -0.384507 4.06547
905 -0.0493743 0.127742 4.06547
905 0.405529 -0.330471 4.06547
905 0.678351 0.203331 4.06547
905 0.423859 0.270665 4.06547
905 0.0366977 0.654862 -2.21772
905 0.695207 0.584752 4.06547
905 -0.239904 -0.041435 4.06547
905 -0.875205 -0.405365 -2.21772
905 -0.139888 -0.409794 -2.21772
905 -0.442376 0.553812 4.06547
905 -0.190289 0.568483 4.06547
905 0.265512 0.751043 4.06547
905 -0.403057 0.0351668 4.06547
905 -0.23064 0.761326 4.06547
905 -0.0627854 -0.557644 4.06547
905 0.167007 -0.33176 4.06547
905 0.251728 -0.0877496 4.06547
905 1.02021 -0.105381 4.06547
905 -0.231085 -0.464825 4.06547
905 0.524152 0.471322 4.06547
905 0.923377 -0.303598 4.06547
905 0.467984 0.0860851 4.06547
905 0.0890573 0.520711 4.06547
905 0.529655 0.80087 4.06547
905 -0.0260277 -0.520557 4.06547
905 -0.0332057 0.596848 4.06547
905 -0.845485 0.0348662 -2.21772
905 -0.287659 0.912816 4.06547
905 0.00614121 0.699786 4.06547
905 0.291445 -0.0455365 -2.21772
905 -0.246839 0.13219 -2.21772
905 0.179717 -0.38167 4.06547
905 -0.935466 -0.235252 4.06547
905 -0.0157855 -0.0657207 -2.21772
905 0.983721 -0.292944 4.06547
905 0.258458 0.175396 4.06547
905 -0.591999 -0.282264 -2.21772
905 -0.555971 -0.726905 4.06547
905 0.471021 -0.917531 -2.21772
905 -0.495783 0.535473 4.06547
905 0.717483 0.24553 4.06547
905 -0.0773068 0.899704 4.06547
905 0.511122 -0.345517 -2.21772
905 -0.211148 0.991606 -2.21772
905 -0.210693 0.662739 4.06547
905 0.0549328 0.561095 4.06547
905 -0.350055 -0.181184 4.06547
905 -0.0179081 -0.717227 4.06547
905 -0.0864987 -0.860817 4.06547
905 0.665263 -0.466981 4.06547
905 -0.000428505 0.412395 4.06547
905 0.544078 0.631125 4.06547
905 0.640272 0.480871 4.06547
905 -1.01828 0.072581 -2.21772
905 0.336064 -0.412117 4.06547
905 -0.890499 -0.193202 4.06547
905 0.555748 -0.596458 4.06547
905 -0.383472 0.372804 4.06547
905 0.76278 -0.0240971 4.06547
905 -0.0712287 -0.707511 4.06547
905 0.599917 0.0316137 4.06547
905 0.258287 0.44981 4.06547
905 0.387016 -0.281319 4.06547
905 -0.0673837 0.794179 -2.21772
905 0.96523 -0.0734103 4.06547
905 0.081207 -0.299069 -2.21772
905 -0.84129 -0.151495 4.06547
905 -0.242701 -0.884656 4.06547
905 1.01182 0.147489 4.06547
905 -0.859746 -0.0236575 4.06547
905 0.267147 0.357546 4.06547
905 0.735865 0.705806 4.06547
905 0.0694481 -0.0235629 -2.21772
905 0.140857 -0.280109 4.06547
905 0.0727795 0.757345 4.06547
905 -0.480155 0.19645 4.06547
905 -0.496578 -0.239566 4.06547
905 -0.101557 0.256861 4.06547
905 0.813611 0.281086 4.06547
905 1.02345 -0.041717 4.06547
905 0.165032 -0.806073 4.06547
905 -0.516868 0.427633 4.06547
905 0.60907 0.336717 4.06547
905 0.195312 0.536764 4.06547
905 -0.732932 0.0528149 4.06547
905 -0.608306 -0.450606 4.06547
905 0.762632 0.488634 4.06547
905 0.583581 0.277582 4.06547
905 -0.714841 0.106408 4.06547
905 -0.448111 -0.220545 4.06547
905 -0.428903 0.607681 4.06547
905 0.725 -0.473857 4.06547
905 -0.619674 -0.572333 4.06547
905 0.870815 0.267658 4.06547
905 -0.656395 -0.791349 4.06547
905 -0.452364 -0.85899 4.06547
905 0.640607 0.385735 4.06547
905 0.0988776 -0.903349 4.06547
905 0.329183 -0.137945 4.06547
905 -0.209784 -0.784376 4.06547
905 -0.381662 0.0829295 4.06547
905 -0.156453 0.832793 -2.21772
905 0.0215695 -0.0379316 4.06547
905 -0.139216 -0.457522 4.06547
905 0.073719 -0.687819 4.06547
905 -0.416399 -0.409404 -2.21772
905 -0.471798 -0.545227 4.06547
905 -0.169584 0.476065 4.06547
905 -0.413418 -0.756723 4.06547
905 -0.549184 0.277467 4.06547
905 -0.270322 0.451971 4.06547
905 -0.343426 -0.909035 4.06547
905 -0.0833446 -0.654698 4.06547
905 -0.457541 -0.325747 4.06547
905 -0.359963 0.478125 4.06547
905 0.76095 -0.0760157 4.06547
905 -0.953356 -0.112139 4.06547
905 -0.716408 -0.641929 4.06547
905 0.91374 -0.0524929 4.06547
905 0.231625 -0.825608 4.06547
905 -0.827127 0.0906872 4.06547
905 -0.769692 0.100005 4.06547
905 0.399776 -0.190482 -2.21772
905 0.62676 -0.819346 4.06547
905 -0.446792 0.158268 4.06547
905 -0.584101 -0.220612 4.06547
905 -0.373726 -0.662121 4.06547
905 0.339209 0.221437 4.06547
905 -0.782139 0.200796 4.06547
905 0.216875 0.588828 4.06547
905 0.67327 -0.367087 4.06547
905 -0.126716 -0.20381 -2.21772
905 0.549162 -0.746698 4.06547
905 -0.285314 0.74616 4.06547
905 0.253555 -0.776537 4.06547
905 -0.376127 -0.601894 4.06547
905 -0.406675 -0.820473 4.06547
905 0.47277 0.180254 4.06547
905 -0.211619 -1.00782 -2.21772
905 0.462501 0.565713 4.06547
905 -0.0810397 -0.183381 4.06547
905 0.631233 0.181042 4.06547
905 -0.114261 -0.551089 4.06547
905 -0.0163125 0.648199 4.06547
905 0.547409 0.132875 -2.21772
905 -0.675013 -0.0857538 4.06547
905 0.272759 0.264064 4.06547
905 1.01957 0.084884 4.06547
905 0.886661 0.502259 -2.21772
905 -0.0101924 -0.570894 4.06547
905 -0.816527 0.251565 -2.21772
905 0.859537 0.100675 4.06547
905 -0.470623 -0.0309302 4.06547
905 -0.777027 0.463718 4.06547
905 0.878516 -0.250758 4.06547
905 0.822949 0.496463 4.06547
905 -0.519312 -0.516277 4.06547
905 -0.085635 0.305336 4.06547
905 -0.0946834 -0.395987 4.06547
905 0.366475 0.70918 4.06547
905 0.243597 -0.0419843 4.06547
905 -0.0444447 -0.814293 4.06547
905 0.903137 -0.36249 4.06547
905 -0.100122 -0.80581 4.06547
905 -1.01937 -0.046923 4.06547
905 0.389249 -0.564066 4.06547
905 -0.602416 -0.334969 4.06547
905 -0.172043 -0.226449 4.06547
905 -0.320824 0.439255 -2.21772
905 -1.01347 -0.106552 4.06547
905 -0.275469 -0.384207 4.06547
905 -0.727459 0.206768 4.06547
905 -0.223521 -0.304464 4.06547
905 -0.174869 0.0841281 4.06547
905 0.0897065 0.661558 4.06547
905 0.967687 -0.0128205 4.06547
905 0.0957321 -0.253193 -2.21772
905 -0.454668 0.0213169 4.06547
905 -0.0159105 0.225018 4.06547
905 -0.187522 -0.43571 4.06547
905 -0.535243 0.186782 4.06547
905 0.54276 -0.0614877 4.06547
905 0.582465 0.381022 4.06547
905 -0.774277 0.360021 4.06547
905 -0.248161 0.704272 4.06547
905 0.908146 -0.119614 4.06547
905 0.0610663 -0.0730612 4.06547
905 0.262768 -0.219247 4.06547
905 -0.0122617 -0.923868 4.06547
905 0.156849 0.783067 4.06547
905 -0.655186 -0.477112 4.06547
905 -0.121638 0.631831 4.06547
905 0.230426 -0.13054 4.06547
905 0.617165 0.0805248 4.06547
905 0.199095 -0.0558068 -2.21772
905 0.263081 0.0891215 4.06547
905 -0.758423 -0.603512 4.06547
905 0.844795 -0.587059 4.06547
905 -0.550019 -0.315481 4.06547
905 0.36678 0.179272 4.06547
905 0.0720874 0.957758 4.06547
905 -0.256962 0.504386 4.06547
905 -0.00807752 -0.391694 4.06547
905 0.596697 0.625772 4.06547
905 -0.402995 0.719584 4.06547
905 -0.506676 0.480117 4.06547
905 0.0880382 -0.405942 4.06547
905 -0.665907 -0.536932 -2.21772
905 -0.515474 -0.459341 4.06547
905 0.671339 0.434611 -2.21772
905 -0.94824 -0.174086 4.06547
905 0.471972 -0.245206 4.06547
905 0.210906 0.877867 4.06547
905 0.494906 0.0372924 4.06547
905 0.650318 -0.0714884 4.06547
905 -0.322325 -0.411032 4.06547
905 0.367886 0.88514 4.06547
905 0.0498949 -0.438989 -2.21772
905 -0.737712 0.621569 4.06547
905 0.42831 0.612374 4.06547
905 0.173422 0.729637 4.06547
905 0.014376 0.321917 4.06547
905 -0.616424 0.432386 4.06547
905 0.477418 0.897381 4.06547
905 -0.118692 0.486494 4.06547
905 0.572928 -0.501206 4.06547
905 0.184336 0.394907 4.06547
905 0.254213 -0.942807 4.06547
905 -0.70629 0.260278 4.06547
905 0.700574 0.387458 4.06547
905 -0.39871 -0.885642 4.06547
905 0.585529 0.829704 -2.21772
905 0.318974 -0.362739 -2.21772
905 -0.809677 0.520583 -2.21772
905 0.788318 0.335471 -2.21772
905 -0.0017877 0.273249 4.06547
905 0.342139 0.0447703 4.06547
905 -0.0861454 -1.02713 -2.21772
905 0.181038 -0.710856 4.06547
905 0.597853 -0.307554 4.06547
905 -0.602649 -0.760842 4.06547
905 0.151549 0.162382 4.06547
905 0.5362 -0.543721 4.06547
905 -0.254102 -0.825587 -2.21772
905 0.291444 0.0465838 4.06547
905 0.296095 -0.807869 4.06547
905 -0.50174 0.744561 4.06547
905 -0.798764 0.630194 4.06547
905 -0.205624 0.516503 4.06547
905 0.382794 -0.714147 4.06547
905 -0.665059 -0.606959 -2.21772
905 0.296333 -0.590211 4.06547
905 0.386375 0.505641 4.06547
905 0.638987 -0.168798 4.06547
905 0.164642 -0.657255 4.06547
905 -0.303297 0.690185 4.06547
905 0.34806 -0.185129 4.06547
905 -0.0182916 0.363069 4.06547
905 0.0443861 0.806102 4.06547
905 0.71464 -0.00243125 4.06547
905 -0.147217 -0.591372 4.06547
905 -0.370208 -0.437067 4.06547
905 0.430847 -0.147082 4.06547
905 0.107105 -0.154241 4.06547
905 0.847176 0.328062 4.06547
905 0.417424 0.0878496 4.06547
905 -0.453269 -0.272889 4.06547
905 0.334265 -0.551598 4.06547
905 -0.929499 0.413032 4.06547
905 -0.233994 0.411955 4.06547
905 0.728907 -0.374066 4.06547
905 0.0632356 -0.124673 -2.21772
905 0.804523 -0.167903 4.06547
905 0.310697 0.788093 4.06547
905 -0.435683 0.0722667 4.06547
905 -0.400665 0.516195 4.06547
905 -0.589092 0.177682 4.06547
905 0.845118 -0.368079 4.06547
905 0.777092 0.237042 4.06547
905 -0.470803 0.646016 -2.21772
905 -0.711379 -0.046841 4.06547
905 -0.22359 0.0882665 4.06547
905 -0.329822 -0.514622 4.06547
905 -0.613805 0.809653 4.06547
905 -0.853791 0.304008 4.06547
905 -0.0354953 0.314101 4.06547
905 0.0424857 1.01412 4.06547
905 -0.402714 0.872918 4.06547
905 -0.377077 -0.544 -2.21772
905 0.42425 -0.38028 4.06547
905 -0.360928 0.678106 4.06547
905 -0.0499483 -0.0361542 4.06547
905 -0.200169 0.226517 4.06547
905 0.814383 0.00651834 4.06547
905 -0.802994 -0.00516873 -2.21772
905 -0.849726 -0.0976778 4.06547
905 -0.501578 0.147652 4.06547
905 -0.0504613 0.54612 4.06547
905 -0.779506 -0.216978 4.06547
905 0.915905 0.447828 4.06547
905 -0.00474374 -0.344112 4.06547
905 -0.349208 0.0450184 4.06547
905 0.911841 0.0751108 -2.21772
905 0.571792 -0.858167 -2.21772
905 0.276084 0.691931 4.06547
905 -0.62918 0.321458 4.06547
905 -0.422895 0.409738 4.06547
905 -0.18594 -0.898681 4.06547
905 0.0187363 0.18432 4.06547
905 0.417408 0.460148 -2.21772
905 0.331873 0.501561 -2.21772
905 -0.114183 -0.0998847 4.06547
905 -0.488779 -0.134165 4.06547
905 -0.271533 -0.332012 4.06547
905 -0.404379 -0.252371 4.06547
905 -0.399366 -0.201442 4.06547
905 -0.305706 -0.205401 4.06547
905 0.503456 -0.201631 4.06547
905 0.378876 0.647516 4.06547
905 0.0276431 -0.53303 4.06547
905 -0.468384 0.10968 4.06547
905 -0.149169 1.00294 -2.21772
905 -0.961945 -0.0524989 -2.21772
905 0.637454 -0.660961 4.06547
905 0.498441 -0.586819 4.06547
905 0.107606 -0.0579456 4.06547
905 -0.0783722 -0.505545 4.06547
905 0.078986 -0.355654 4.06547
905 0.193342 -0.101846 -2.21772
905 0.324607 0.604885 4.06547
905 0.578131 0.181406 4.06547
905 -0.333321 0.387017 4.06547
905 -0.264022 -0.767925 4.06547
905 -0.310639 -0.255907 4.06547
905 -0.0293748 -0.868567 4.06547
905 0.765923 -0.687067 4.06547
905 -0.347646 0.530661 4.06547
905 0.0738095 0.610663 4.06547
905 -0.0583075 -0.760686 4.06547
905 0.531462 -0.396683 4.06547
905 -0.0874747 0.73873 4.06547
905 0.760853 0.0857172 -2.21772
905 -0.787514 -0.162947 4.06547
905 0.516708 -0.491284 -2.21772
905 -0.0433042 0.849715 4.06547
905 -0.206212 -0.149033 4.06547
905 -0.0405111 -0.471104 -2.21772
905 0.497116 -0.439507 -2.21772
905 -0.743676 0.411155 4.06547
905 0.510322 -0.811224 4.06547
905 -0.112546 -0.75168 4.06547
905 -0.28218 0.257091 4.06547
905 -0.135879 0.29148 -2.21772
905 -0.0495494 -0.974722 4.06547
905 0.30093 0.969618 4.06547
905 -0.418342 -0.69395 4.06547
905 0.233454 -1.00455 4.06547
905 0.371065 0.362248 4.06547
905 0.194406 -0.953253 4.06547
905 -0.13497 -0.644802 4.06547
905 0.00112433 -0.437809 4.06547
905 -0.548776 0.512068 4.06547
905 0.131229 0.246621 4.06547
905 -0.17107 0.185235 4.06547
905 1.00062 0.209555 4.06547
905 0.501089 0.227313 -2.21772
905 0.121269 0.478101 4.06547
905 -0.537449 0.571929 4.06547
905 -0.748795 -0.00118889 4.06547
905 -0.0743261 0.000758979 4.06547
905 0.461177 -0.632129 -2.21772
905 -0.620381 0.223612 4.06547
905 -0.974091 0.295835 -2.21772
905 0.854226 0.55506 4.06547
905 -0.900477 -0.0747339 4.06547
905 -0.316033 0.00566409 4.06547
905 0.738075 0.195545 4.06547
905 -0.493434 0.284618 4.06547
905 -0.176439 -0.687802 4.06547
905 0.186309 -0.855782 4.06547
905 0.0950897 -0.593086 4.06547
905 0.352908 0.550118 4.06547
905 0.697887 -0.421328 4.06547
905 -0.397461 0.318262 4.06547
905 0.813379 -0.107593 4.06547
905 0.63419 -0.26236 4.06547
905 0.127119 -0.853187 4.06547
905 0.567918 0.0827279 4.06547
905 0.45096 0.318962 4.06547
905 0.0392911 -0.327862 4.06547
905 -0.816177 -0.0584974 4.06547
905 0.609897 -0.213739 4.06547
905 0.148387 -0.605217 4.06547
905 0.607568 0.527018 4.06547
905 -0.490692 -0.185682 4.06547
905 -0.531555 0.323789 4.06547
905 0.0361957 0.511536 -2.21772
905 0.666178 -0.216993 4.06547
905 -0.387992 0.569253 -2.21772
905 -0.706623 0.563542 4.06547
905 -0.588625 0.548951 4.06547
905 0.267072 -0.352169 4.06547
905 -0.228765 -0.674415 -2.21772
905 -0.474054 0.392154 4.06547
905 -0.884961 0.0871651 4.06547
905 -0.732576 -0.104085 4.06547
905 -0.521607 0.0970985 4.06547
905 0.0641205 0.329634 4.06547
905 0.95047 -0.188187 4.06547
905 -0.333147 -0.0379509 -2.21772
905 0.225471 -0.894738 4.06547
905 -0.227359 0.609192 4.06547
905 -0.768709 -0.475046 4.06547
905 0.353146 -0.322581 4.06547
905 0.912167 -0.475206 -2.21772
905 0.239097 0.0438466 4.06547
905 -0.412951 -0.356309 4.06547
905 -0.74818 -0.53146 4.06547
905 0.477536 -0.388496 4.06547
905 0.352094 -0.807229 4.06547
905 -0.148588 0.0349412 -2.21772
905 -0.169822 -0.958317 4.06547
905 0.319067 0.360025 4.06547
905 -0.419346 0.810351 4.06547
905 -0.963495 0.0152652 4.06547
905 -0.100672 -0.0499109 -2.21772
905 -0.581417 0.610276 4.06547
905 0.128985 -0.372995 4.06547
905 -0.717018 0.363966 4.06547
905 0.518164 0.0843888 4.06547
905 0.133183 -0.959445 4.06547
905 0.39274 0.0424489 4.06547
905 0.245475 0.31013 4.06547
905 0.500879 0.41809 4.06547
905 -0.46673 -0.433491 -2.21772
905 0.120071 -0.323711 4.06547
905 -0.423213 -0.573324 4.06547
905 0.101413 0.428687 4.06547
905 0.557532 0.324815 4.06547
905 -0.605589 0.747279 4.06547
905 -0.273659 0.171219 4.06547
905 -0.532434 -0.0987336 4.06547
905 0.615806 -0.607145 -2.21772
905 -0.513835 0.6835 4.06547
905 -0.272216 0.976644 4.06547
905 0.247853 -0.302133 4.06547
905 -0.740001 0.309966 4.06547
905 -0.0159232 0.503802 4.06547
905 0.0823039 0.239507 -2.21772
905 0.0783331 -0.975437 4.06547
905 0.234977 -0.720986 4.06547
905 0.174147 0.486368 4.06547
905 0.290141 -0.737843 4.06547
905 0.366773 -0.00266855 4.06547
905 0.451389 -0.792094 4.06547
905 0.389778 -0.0508526 4.06547
905 0.611675 0.430918 4.06547
905 0.443612 0.039898 4.06547
905 0.585908 -0.405117 4.06547
905 0.0275187 0.0959425 4.06547
905 0.690692 -0.519883 4.06547
905 -0.16607 -0.173195 4.06547
905 -0.200298 -0.0999818 4.06547
905 -0.629684 0.64655 4.06547
905 -0.555395 0.136291 4.06547
905 -0.295141 -0.104196 -2.21772
905 -0.482371 -0.0829397 4.06547
905 0.763843 0.0314725 4.06547
905 -0.925536 0.12933 4.06547
905 0.59415 -0.554086 4.06547
905 -0.453479 0.499579 4.06547
905 -0.505648 0.00661238 4.06547
905 0.0331226 0.232296 4.06547
905 0.0974962 -0.201892 4.06547
905 0.561907 -0.111272 4.06547
905 -0.555717 -0.368992 4.06547
905 0.864473 -0.0822522 4.06547
905 -0.0332466 -0.164465 4.06547
905 0.722457 -0.733127 4.06547
905 0.447647 0.225643 4.06547
905 0.0177476 0.461935 4.06547
905 0.145758 0.296204 4.06547
905 0.476612 0.273085 4.06547
905 -0.44761 -0.925888 4.06547
905 -0.762572 -0.0566113 4.06547
905 -0.901872 0.0347687 4.06547
905 0.108064 -0.797198 4.06547
905 -0.051341 -0.421261 -2.21772
905 0.950237 0.171439 4.06547
905 0.224719 -0.528116 -2.21772
905 0.264377 0.863509 4.06547
905 -0.0219679 0.0867661 -2.21772
905 0.149505 -0.181258 4.06547
905 0.239002 0.987394 4.06547
905 -0.0513142 0.265623 4.06547
905 0.416776 -0.00552161 4.06547
905 0.616508 0.676473 4.06547
905 0.467049 -0.00856556 4.06547
905 0.49102 -0.0577111 4.06547
905 0.423221 0.861584 4.06547
905 -0.512319 0.876172 -2.21772
905 0.633608 0.578074 4.06547
905 -0.369871 -0.00179098 4.06547
905 -0.0937873 -0.339322 4.06547
905 0.0569631 -0.173058 4.06547
905 0.474539 0.773092 4.06547
905 -0.269485 -0.00112118 4.06547
905 0.419711 0.92501 4.06547
905 0.664336 -0.120939 4.06547
905 0.369724 0.823916 4.06547
905 -0.917187 -0.455731 4.06547
905 0.658503 0.631528 4.06547
905 0.283206 -0.401796 4.06547
905 0.126878 -0.698285 4.06547
905 -0.218341 -0.252025 4.06547
905 0.254643 0.924901 4.06547
905 -0.808061 -0.423581 4.06547
905 0.195046 0.304478 4.06547
905 -0.327704 0.0908447 4.06547
905 -0.390224 -0.101564 4.06547
905 0.0391888 -0.385794 4.06547
905 0.415659 0.685745 4.06547
905 0.857406 -0.145334 4.06547
905 -0.64815 -0.361515 4.06547
905 0.650751 0.130899 -2.21772
905 0.13293 0.387461 4.06547
905 0.366528 0.0896159 4.06547
905 -0.283388 0.399618 4.06547
905 0.0492948 -0.927435 4.06547
905 -0.281106 0.597024 4.06547
905 0.152301 -0.0710041 4.06547
905 0.422446 0.80087 4.06547
905 -0.684646 -0.185373 4.06547
905 0.121737 -0.0143856 4.06547
905 -0.27683 -0.437753 4.06547
905 -0.392636 0.935993 -2.21772
905 0.267793 0.591965 -2.21772
905 0.174307 1.00106 4.06547
905 -0.353381 -0.845375 4.06547
905 0.287295 0.134022 4.06547
905 -0.996327 -0.224749 4.06547
905 -0.640107 0.703308 4.06547
905 0.710614 0.0488809 4.06547
905 -0.420516 -0.0158136 4.06547
905 0.35751 -0.0948908 -2.21772
905 -0.00171938 -0.293464 -2.21772
905 -0.0530278 -0.367323 4.06547
905 -0.515583 -0.631278 4.06547
905 0.0639117 0.705855 4.06547
905 0.411865 -0.946855 4.06547
905 -0.484692 0.591806 -2.21772
905 -0.578653 0.670594 -2.21772
905 -0.157128 0.674825 4.06547
905 -0.466168 -0.662687 4.06547
905 0.423042 -0.673775 4.06547
905 -0.425555 0.206559 4.06547
905 -0.781469 -0.665567 4.06547
905 -0.375417 -0.488852 4.06547
905 0.468357 0.715513 4.06547
905 -0.306926 0.136877 4.06547
905 -0.555592 -0.864587 -2.21772
905 -0.687775 -0.329785 4.06547
905 0.757377 -0.425937 4.06547
905 0.0787261 0.851297 -2.21772
905 -0.463749 0.445692 4.06547
905 -0.887184 -0.510179 4.06547
905 -0.347941 0.334397 4.06547
905 0.716483 -0.573224 4.06547
905 -0.319713 -0.358416 4.06547
905 -0.135452 -0.307663 4.06547
905 -0.0221259 1.01435 4.06547
905 -0.623062 -0.0781528 4.06547
905 -0.329751 -0.63019 4.06547
905 -0.963367 -0.342689 4.06547
905 0.512842 0.676434 4.06547
905 -0.442962 -0.168451 4.06547
905 0.729936 0.537344 4.06547
905 0.439064 -0.288186 4.06547
905 0.0694705 0.470554 4.06547
905 0.478426 -0.689153 4.06547
905 0.585762 -0.162855 4.06547
905 -0.275778 0.0941302 -2.21772
905 -0.380361 0.770666 4.06547
905 0.160167 0.0780308 -2.21772
905 -0.28055 -0.654992 4.06547
905 -0.602532 -0.393292 4.06547
905 -0.0986675 0.122184 4.06547
905 0.112454 -1.02542 4.06547
905 -0.171346 0.941463 -2.21772
905 0.339474 -0.754558 4.06547
905 -0.578862 0.338748 4.06547
905 0.14095 -0.420693 -2.21772
905 -0.142787 -0.852096 4.06547
905 0.134069 0.683317 -2.21772
905 -0.300531 -0.154961 4.06547
905 -0.228735 -0.945509 4.06547
905 0.447454 0.414281 4.06547
905 -0.323247 -0.463785 4.06547
905 0.229721 -0.252618 4.06547
905 0.9859 0.271645 4.06547
905 -0.871823 0.524487 4.06547
905 -0.831843 -0.366799 4.06547
905 -0.0340087 0.745851 4.06547
905 -0.553976 -0.796137 4.06547
905 -0.633496 0.584163 4.06547
905 0.444482 0.133826 4.06547
905 -0.728161 -0.219618 -2.21772
905 0.274432 -0.681735 -2.21772
905 -0.56035 0.842503 4.06547
905 -0.266639 -0.281013 4.06547
905 0.720751 -0.226343 4.06547
905 -0.339992 0.177005 4.06547
905 -0.537821 -0.150465 4.06547
905 -0.152987 0.238108 4.06547
905 -0.181346 -0.331531 -2.21772
905 0.407504 -0.472101 -2.21772
905 -0.341773 0.730569 4.06547
905 0.316808 -0.500997 4.06547
905 0.16399 0.34601 4.06547
905 -0.0992132 0.0395168 4.06547
905 -0.627902 -0.244139 4.06547
905 -0.174281 0.621111 4.06547
905 0.745593 -0.179718 4.06547
905 -0.519677 -0.574 -2.21772
905 0.529899 0.371571 4.06547
905 0.119268 0.734434 4.06547
905 1.01235 -0.170101 -2.21772
905 -0.415829 0.66338 4.06547
905 0.935319 -0.244832 4.06547
905 -0.741438 -0.328245 -2.21772
905 0.329197 -0.696291 4.06547
905 0.38934 -0.421666 4.06547
905 -0.0144435 -0.00262685 4.06547
905 0.305278 -0.0917646 4.06547
905 -0.334462 0.583795 4.06547
905 -0.0752071 -0.133738 4.06547
905 -0.583177 -0.114634 4.06547
905 -0.344978 0.894028 4.06547
905 -0.564994 -0.485289 4.06547
905 0.107964 1.01013 -2.21772
905 0.347137 0.314173 4.06547
905 -0.158837 -0.118543 4.06547
905 0.757889 -0.323247 4.06547
905 0.477668 0.834006 4.06547
905 -0.442305 0.297237 4.06547
905 -0.989754 0.120092 4.06547
905 -0.615248 0.379491 4.06547
905 0.742011 -0.628396 4.06547
905 0.278627 -0.134305 -2.21772
905 0.211007 0.084315 4.06547
905 -0.182949 -0.488489 4.06547
905 -0.068568 0.354623 4.06547
905 0.361061 0.949015 4.06547
905 0.180342 -0.248095 4.06547
905 -0.837469 0.195808 4.06547
905 0.315285 0.0909361 4.06547
905 -0.643148 0.019847 4.06547
905 -0.514086 0.235708 4.06547
905 -0.875926 -0.252732 4.06547
905 0.865061 -0.0210082 4.06547
905 -0.716674 0.457583 4.06547
905 -0.563019 0.456353 4.06547
905 0.922705 0.285435 4.06547
905 -0.658235 -0.0334799 4.06547
905 0.686912 0.752573 4.06547
905 -0.176432 0.774674 4.06547
905 0.200288 -0.76702 4.06547
905 -0.603823 0.491841 4.06547
905 0.707613 -0.0605277 4.06547
905 0.458847 0.656764 4.06547
905 0.333236 -0.858425 4.06547
905 -0.539929 0.0450301 4.06547
905 0.581247 0.475966 4.06547
905 -0.67714 0.416342 4.06547
905 -0.045461 -0.610732 4.06547
905 -0.679453 0.0621479 4.06547
905 -0.552835 0.782791 -2.21772
905 0.625578 0.733256 4.06547
905 -0.462867 -0.726677 4.06547
905 0.113898 0.337759 4.06547
905 -0.102328 0.537531 4.06547
905 -0.333734 0.244087 -2.21772
905 -0.691299 0.670362 4.06547
905 -0.128397 0.165696 4.06547
905 -0.339843 -0.0847458 4.06547
905 0.119773 0.199948 4.06547
905 0.0428307 -0.583055 4.06547
905 0.419874 -0.239027 4.06547
905 0.70117 0.484711 4.06547
905 -0.458228 -0.792246 4.06547
905 -0.598531 0.279283 4.06547
905 0.313252 -0.642155 4.06547
905 0.205008 0.170336 4.06547
905 -0.368881 -0.722458 -2.21772
905 0.793012 0.43793 4.06547
905 0.0684256 0.192182 4.06547
905 -0.700655 -0.440783 4.06547
905 0.889139 0.203465 4.06547
905 0.10781 -0.104795 4.06547
905 0.267051 0.00254602 4.06547
905 0.554565 0.228913 4.06547
905 -0.817815 -0.503612 -2.21772
905 -0.950382 0.0730174 4.06547
905 0.752669 -0.526486 4.06547
905 -0.0650451 0.217639 4.06547
905 -0.137958 0.57937 4.06547
905 0.00213835 -0.242025 4.06547
905 0.834803 0.223451 -2.21772
905 -0.914624 -0.0194275 4.06547
905 -0.00311752 -0.770583 4.06547
905 -0.912599 0.301249 4.06547
905 0.795521 0.181905 4.06547
905 -0.654477 -0.72556 4.06547
905 -0.898191 -0.35144 4.06547
905 0.0534401 -0.785978 4.06547
905 0.00623178 -0.623168 4.06547
905 0.225762 0.260967 4.06547
905 0.410185 0.555588 4.06547
905 0.666216 0.0786925 4.06547
905 -0.251828 -0.134649 4.06547
905 0.231253 -0.392221 4.06547
905 -0.314562 0.295763 4.06547
905 0.718057 0.643938 4.06547
905 0.423472 0.36496 4.06547
905 -0.770857 0.571274 4.06547
905 -0.502577 -0.89686 -2.21772
905 0.247652 0.541861 4.06547
905 0.612902 -0.116252 4.06547
905 -0.735556 -0.70082 4.06547
905 -0.834728 -0.208036 4.06547
905 -0.285395 -0.539905 -2.21772
905 -0.118652 0.343516 4.06547
905 -0.166231 -0.741803 4.06547
905 0.0784921 0.105297 4.06547
905 -0.184663 0.424182 -2.21772
905 -0.000560451 0.135843 -2.21772
905 0.45993 -0.102672 4.06547
905 0.849182 -0.477993 4.06547
905 0.564698 -0.352732 -2.21772
905 -0.0480943 -0.315492 4.06547
905 0.568157 -0.0148841 4.06547
905 0.00535641 0.0470977 4.06547
905 -0.123669 -0.00987315 4.06547
905 -0.447128 0.762445 4.06547
905 0.940219 -0.415665 4.06547
905 0.641322 -0.413325 4.06547
905 -0.225272 -0.517975 4.06547
905 0.491422 -0.294966 4.06547
905 -0.215122 0.31888 4.06547
905 0.676128 -0.776886 -2.21772
905 -0.0861849 1.01068 -2.21772
905 -0.196435 -0.579699 4.06547
905 -0.707848 -0.381721 4.06547
905 0.503979 0.321851 4.06547
905 0.693569 0.293275 4.06547
905 0.30505 -0.917034 4.06547
905 -0.374593 0.623453 4.06547
905 0.633837 0.292533 4.06547
905 -0.286695 -0.929045 4.06547
905 0.0299755 -0.87674 -2.21772
905 -0.898883 -0.13496 4.06547
905 -0.469079 -0.602514 4.06547
905 -0.317239 -0.74718 -2.21772
905 0.575274 -0.649523 4.06547
905 0.966094 0.333144 -2.21772
905 0.170462 -0.516984 4.06547
905 0.779295 0.6565 4.06547
905 0.806682 0.123066 4.06547
905 -0.459158 0.245291 -2.21772
905 -0.198675 -0.840805 4.06547
905 0.754078 -0.27099 4.06547
905 0.295739 -0.179948 4.06547
905 -0.69587 0.00819879 4.06547
905 0.713004 -0.113259 4.06547
905 0.964458 -0.354868 4.06547
905 0.205419 0.443491 4.06547
905 0.895631 -0.186933 4.06547
905 0.24141 -0.177838 4.06547
905 -0.121692 -0.151618 -2.21772
905 -0.298629 -0.866831 -2.21772
905 0.556066 -0.207581 -2.21772
905 -0.507741 -0.760766 -2.21772
905 0.471209 0.464771 4.06547
905 -0.85763 -0.562162 4.06547
905 -0.586736 -0.166838 4.06547
905 -0.608419 0.125609 -2.21772
905 -0.805821 0.145485 4.06547
905 0.790808 0.546606 4.06547
905 -0.873185 0.247436 4.06547
905 -0.267073 0.805213 4.06547
905 0.866033 -0.308264 4.06547
905 -0.607418 -0.0228672 4.06547
905 -0.953842 0.355081 4.06547
905 -0.383465 -0.052036 -2.21772
905 1.02353 0.0216806 4.06547
905 -0.371749 0.425573 4.06547
905 0.0420885 0.904593 4.06547
905 -0.673417 0.213871 4.06547
905 0.0993505 0.1533 4.06547
905 -0.856496 -0.310318 4.06547
905 -0.212458 -0.200056 4.06547
905 0.0206841 -0.0960574 4.06547
905 0.0724825 -0.843451 4.06547
905 0.010252 0.959164 4.06547
905 0.618666 -0.0186298 4.06547
905 0.656969 0.248251 4.06547
905 0.141542 0.84243 4.06547
905 -0.220402 0.178138 4.06547
905 0.554034 0.425722 4.06547
905 -0.0440948 -0.264138 4.06547
905 0.288933 0.405014 4.06547
905 -0.324457 -0.688799 4.06547
905 -0.479767 0.337317 4.06547
905 -0.654313 -0.414945 4.06547
905 0.9032 0.139071 4.06547
905 -0.0510825 0.404221 -2.21772
905 0.806683 -0.638437 4.06547
905 0.821109 0.384659 -2.21772
905 0.0131035 -0.978907 -2.21772
905 -0.664231 0.36579 4.06547
905 0.246455 -0.440982 4.06547
905 -0.150957 0.383818 4.06547
905 -0.804749 0.41257 4.06547
905 0.375539 0.597198 4.06547
905 -0.229893 0.928715 4.06547
905 0.392629 0.13453 4.06547
905 0.368705 -0.657311 4.06547
905 0.630712 -0.511163 4.06547
905 -0.931054 0.242878 4.06547
905 -0.66369 0.767591 -2.21772
905 0.878378 -0.421225 4.06547
905 0.0585639 -0.63483 4.06547
905 0.694521 -0.168845 4.06547
905 -0.651461 0.267579 4.06547
905 -0.0315713 -0.663968 4.06547
905 0.482039 -0.152006 4.06547
905 0.140824 0.0298156 4.06547
905 0.155134 -0.468523 -2.21772
905 -0.501895 -0.293342 4.06547
905 -0.510853 -0.694113 4.06547
905 -0.237089 -0.620124 4.06547
905 0.079307 -0.541676 4.06547
905 0.815948 -0.530985 4.06547
905 0.274369 -0.864628 4.06547
905 0.417802 -0.883816 4.06547
905 -0.797777 -0.318552 -2.21772
905 0.101073 0.90118 4.06547
905 -0.030176 0.176812 4.06547
905 0.213245 0.768543 4.06547
905 -0.322671 0.78825 4.06547
905 0.105593 0.799892 -2.21772
905 -0.275316 -0.490986 4.06547
905 -0.54486 -0.259051 4.06547
905 0.096755 0.288219 4.06547
905 -0.569338 -0.602632 4.06547
905 0.312178 0.906319 4.06547
905 0.878239 0.392305 4.06547
905 0.196439 -0.293806 4.06547
905 0.849606 0.162061 4.06547
905 0.15071 -0.126105 4.06547
905 0.544285 -0.301647 4.06547
905 0.761039 0.387118 4.06547
905 -0.18523 -0.383408 4.06547
905 -0.355056 -0.230824 4.06547
905 -0.315468 -0.306759 4.06547
905 0.379929 -0.142379 4.06547
905 -0.901869 0.469088 4.06547
905 0.66825 0.531545 4.06547
905 0.363853 0.456383 4.06547
905 -0.297837 0.347468 -2.21772
905 0.787338 -0.374976 4.06547
905 0.440071 -0.0541603 4.06547
905 -0.505716 -0.347926 4.06547
905 0.335038 -0.274082 4.06547
905 0.451458 -0.195975 4.06547
905 0.0879781 0.0226212 4.06547
905 0.546883 0.0346622 4.06547
905 -0.47027 -0.488983 4.06547
905 0.710761 0.105799 4.06547
905 0.111081 -0.645262 4.06547
905 0.44392 -0.576734 4.06547
905 -0.453442 0.90982 4.06547
905 -0.242837 0.556785 4.06547
905 -0.616349 -0.63536 4.06547
905 0.517551 -0.0116478 4.06547
905 0.310543 0.452997 4.06547
905 0.439653 -0.730576 4.06547
905 -0.101472 0.39462 4.06547
905 -0.364339 -0.33235 4.06547
905 -0.228334 -0.35692 4.06547
905 0.810617 -0.317612 -2.21772
905 -0.12505 0.0807229 4.06547
905 0.257839 -0.629031 4.06547
905 0.173167 0.207589 4.06547
905 0.966211 0.0488754 4.06547
905 -0.295174 0.544176 4.06547
905 -0.60665 -0.693702 4.06547
905 0.063943 -0.490553 4.06547
905 -0.247066 -0.0876962 -2.21772
905 -0.591551 0.0313444 4.06547
905 0.705465 -0.318861 4.06547
905 -0.817397 -0.264107 4.06547
905 0.420016 0.179756 4.06547
905 0.0504287 0.420672 4.06547
905 0.960185 0.110744 4.06547
905 0.226573 0.492419 -2.21772
905 -0.679747 0.61251 4.06547
905 -0.686074 -0.13474 4.06547
905 0.529913 0.27554 4.06547
905 0.493973 0.518788 4.06547
905 -0.0335285 0.453962 4.06547
905 -0.520982 -0.0463254 -2.21772
905 0.667878 0.339918 4.06547
905 -0.83557 0.578207 4.06547
905 -0.750202 -0.423237 -2.21772
905 -0.261761 -0.231034 4.06547
905 -0.148091 -0.0639517 4.06547
905 -0.17725 -0.279051 4.06547
905 0.786768 -0.477491 -2.21772
905 0.552038 -0.448687 4.06547
905 -0.124061 -0.698096 4.06547
905 0.301711 0.551188 -2.21772
905 0.524647 -0.251462 4.06547
905 0.654323 -0.564223 -2.21772
905 -0.122097 0.785637 4.06547
905 0.480358 -0.533734 4.06547
905 0.0427232 -0.271775 4.06547
905 0.618505 -0.3602 4.06547
905 -0.256757 -0.182285 4.06547
905 -0.567881 0.400631 4.06547
905 -0.70892 -0.495514 4.06547
905 0.0475543 0.280648 4.06547
905 -0.0432676 0.038123 -2.21772
905 -0.646259 -0.296582 -2.21772
905 -0.30863 -0.806343 4.06547
905 -0.193102 -0.0535924 4.06547
905 -0.504193 -0.829146 4.06547
905 0.852087 0.444969 -2.21772
905 0.818484 0.606353 4.06547
905 -0.089889 -0.286371 4.06547
905 -0.170389 -0.537513 4.06547
905 0.371897 0.268198 4.06547
905 0.565588 -0.800293 4.06547
905 0.279989 0.499506 4.06547
905 -0.231654 0.267382 4.06547
