725 0.235511 0.398484 4.06547
725 0.0137843 0.854877 4.06547
725 -0.864283 0.143387 4.06547
725 0.785949 -0.222358 4.06547
725 0.657062 0.0313886 4.06547
725 0.937364 0.230667 4.06547
725 -0.395518 -0.151548 4.06547
725 0.130734 -0.552858 4.06547
725 0.213507 0.350861 4.06547
725 -0.13169 -0.254756 -2.21772
725 -0.980592 -0.286401 4.06547
725 0.190352 0.0345003 4.06547
725 -0.511691 -0.404669 4.06547
725 0.518692 0.571408 4.06547
725 -0.0473754 0.692784 -2.21772
725 0.564412 0.695545 4.06547
725 -0.646904 0.530558 4.06547
725 0.037567 -0.728906 4.06547
725 0.164012 0.575645 4.06547
725 -0.635691 -0.186743 4.06547
725 0.100299 -0.453772 4.06547
725 0.207203 -0.476611 4.06547
725 0.155826 -0.904391 4.06547
725 0.548699 0.522597 4.06547
725 0.341007 -0.0478158 4.06547
725 -0.0661011 -0.0826373 4.06547
725 -0.0820784 0.445666 4.06547
725 0.132298 0.114603 4.06547
725 -0.151746 0.529969 4.06547
725 -0.130338 -0.505101 4.06547
725 0.750794 0.146107 4.06547
725 0.189464 -0.15883 4.06547
725 -0.271282 -0.992966 4.06547
725 -0.45866 0.704462 4.06547
725 0.217884 -0.666419 -2.21772
725 0.652511 -0.314365 4.06547
725 0.294693 0.310468 4.06547
725 -0.682099 0.311911 4.06547
725 0.0170166 0.750432 4.06547
725 0.285977 0.217593 4.06547
725 0.353851 -0.46294 4.06547
725 -0.407111 0.258273 4.06547
725 -0.363172 0.280869 4.06547
725 0.0502468 -0.222057 4.06547
725 -0.661144 0.114627 4.06547
725 0.184635 0.123714 4.06547
725 0.17065 -1.01375 4.06547
725 0.572417 0.575266 4.06547
725 0.880331 -0.532726 4.06547
725 -0.0917731 -0.451332 4.06547
725 0.575591 0.762073 4.06547
725 -0.695098 0.504727 4.06547
725 0.184159 0.623492 4.06547
725 0.201163 -0.614802 4.06547
725 -0.652597 0.46775 4.06547
725 0.657669 -0.718173 4.06547
725 -0.0272081 -0.113143 4.06547
725 0.198062 0.941447 4.06547
725 0.39347 -0.8308 4.06547
725 -0.574496 0.0836859 4.06547
725 -0.0647449 0.495516 4.06547
725 -0.407966 -0.304978 4.06547
725 0.393652 0.409976 4.06547
725 0.168594 -0.0202867 -2.21772
725 0.66827 -0.0195998 4.06547
725 0.580125 -0.259345 4.06547
725 -0.251521 0.215488 4.06547
725 -0.32022 0.63774 -2.21772
725 0.217553 -0.343235 4.06547
725 -0.788001 0.0495973 -2.21772
725 -0.991135 0.237832 4.06547
725 -0.793591 -0.5547 4.06547
725 -0.421331 -0.631858 -2.21772
725 0.813028 -0.0483719 4.06547
725 0.821446 -0.262979 -2.21772
725 -0.148543 0.129079 4.06547
725 -0.89429 0.192004 -2.21772
725 0.726377 0.336375 4.06547
725 0.013779 -0.142587 -2.21772
725 -0.441133 -0.118799 4.06547
725 -0.558495 -0.00941807 4.06547
725 -0.101183 0.84311 4.06547
725 0.490769 -0.75367 4.06547
725 0.780302 -0.581686 4.06547
725 0.236632 0.129237 4.06547
725 0.693549 -0.269646 4.06547
725 -0.669674 -0.674833 4.06547
725 0.48833 0.615553 4.06547
725 0.462703 -0.482838 4.06547
725 -0.636077 -0.132694 4.06547
725 -0.304764 0.849925 -2.21772
725 -0.172422 -0.0101275 -2.21772
725 -0.304075 0.206736 4.06547
725 0.318953 -0.226143 4.06547
725 0.960392 -0.131454 4.06547
725 0.19235 -0.427767 4.06547
725 0.371953 -0.513134 4.06547
725 -0.248776 0.86669 4.06547
725 0.59602 -0.0724592 4.06547
725 0.317977 -0.000315209 -2.21772
725 0.755989 -0.129349 4.06547
725 -0.408647 0.463105 4.06547
725 0.323765 0.666467 4.06547
725 0.809575 0.0664304 4.06547
725 0.351897 -0.967527 -2.21772
725 0.819233 -0.424873 4.06547
725 -0.289769 -0.0537234 4.06547
725 -0.416651 0.121734 4.06547
725 -0.422516 -0.463275 4.06547
725 0.516535 -0.641987 4.06547
725 0.0080039 -0.191642 4.06547
725 -0.749527 0.514538 4.06547
725 0.397966 0.316057 4.06547
725 -0.298697 0.0494138 4.06547
725 -0.561346 -0.428426 -2.21772
725 -0.109233 -0.967237 -2.21772
725 -0.461964 0.846342 4.06547
725 0.139328 -0.226489 4.06547
725 0.412778 0.742369 4.06547
725 0.261846 -0.489179 -2.21772
725 -0.212473 0.820525 4.06547
725 0.0140113 -0.822298 4.06547
725 -0.0964477 -0.602121 -2.21772
725 0.754222 0.596673 4.06547
725 0.196695 0.828023 -2.21772
725 0.693622 0.16811 4.06547
725 -0.333022 0.958051 4.06547
725 -0.173192 0.340428 4.06547
725 -0.0717692 0.0805003 4.06547
725 -0.27296 -0.711301 4.06547
725 0.0300586 0.367573 -2.21772
725 0.299559 -0.451579 4.06547
725 -0.0403481 -0.211337 -2.21772
725 -0.557107 0.720266 4.06547
725 -0.755765 0.680229 4.06547
725 0.132704 0.624642 4.06547
725 -0.0695161 -0.916109 -2.21772
725 0.731144 0.43734 4.06547
725 -1.01955 0.00409764 -2.21772
725 0.112395 0.570651 4.06547
725 -0.615403 -0.514569 -2.21772
725 0.518704 -0.882628 4.06547
725 0.0509977 0.141423 4.06547
725 -0.790029 -0.107217 4.06547
725 -0.918842 -0.293101 4.06547
725 0.114966 -0.502968 4.06547
725 0.533765 0.865179 4.06547
725 -0.196805 0.0413636 -2.21772
725 0.522019 0.736816 4.06547
725 -0.707366 -0.283086 4.06547
725 0.601598 0.123879 4.06547
725 -0.137705 -0.359548 4.06547
725 0.13608 0.952099 4.06547
725 -0.626867 0.0719533 4.06547
725 0.369813 -0.232973 4.06547
725 -0.102114 0.21719 4.06547
725 0.342402 0.134165 4.06547
725 -0.264526 0.650327 4.06547
725 -0.083019 0.589265 4.06547
725 -0.219601 -0.72941 4.06547
725 -1.007 -0.170945 4.06547
725 0.760071 0.294139 -2.21772
725 0.193923 -0.208385 -2.21772
725 0.510842 -0.109533 4.06547
725 0.111572 0.0673594 4.06547
725 0.611631 -0.759792 4.06547
725 0.999168 -0.2314 -2.21772
725 -0.604714 -0.830484 4.06547
725 0.215302 -0.00531212 4.06547
725 -0.373959 0.218117 4.06547
725 -0.141039 0.729467 4.06547
725 0.533902 -0.160319 4.06547
725 -0.704747 -0.578265 4.06547
725 0.44043 0.510814 4.06547
725 0.177286 0.253681 4.06547
725 -0.242937 0.353046 4.06547
725 -0.64109 0.167828 4.06547
725 -0.286399 -0.597669 4.06547
725 -0.760795 -0.271095 4.06547
725 -0.394266 0.169509 4.06547
725 0.598816 0.226608 4.06547
725 0.59369 -0.704834 4.06547
725 -0.0765854 0.170214 4.06547
725 -0.793991 0.307385 4.06547
725 -0.709241 0.725773 -2.21772
725 0.0211876 -0.675146 4.06547
725 -0.940862 -0.400154 4.06547
725 -1.00801 0.174096 -2.21772
725 -0.772023 -0.377169 4.06547
725 0.498579 0.133042 4.06547
725 0.314842 0.176884 4.06547
725 0.678353 -0.619114 4.06547
725 -0.389087 -0.952253 4.06547
725 0.239479 -0.574838 4.06547
725 0.0802915 0.376227 4.06547
725 -0.135305 0.892136 4.06547
725 0.28463 -0.267278 -2.21772
725 -0.0667235 0.640788 -2.21772
725 -0.705304 -0.748973 4.06547
725 0.843016 -0.204714 4.06547
725 -0.0135731 0.800701 4.06547
725 0.360493 0.766911 4.06547
725 -0.73779 -0.161877 4.06547
725 -0.231376 -0.409971 4.06547
725 -0.429509 0.356826 4.06547
725 0.340765 0.406088 4.06547
725 -0.890195 0.35993 4.06547
725 -0.219768 0.467974 4.06547
725 -0.220366 0.000872208 -2.21772
725 -0.570493 -0.545297 4.06547
725 -0.202835 0.378142 4.06547
725 0.0221709 0.602321 -2.21772
725 -0.52986 0.631011 4.06547
725 -0.242543 -0.564205 4.06547
725 -0.331896 -0.570824 4.06547
725 0.252917 0.809234 4.06547
725 0.475733 0.368273 4.06547
725 -0.330895 -0.974356 4.06547
725 -0.17742 0.266818 -2.21772
725 -0.194379 0.717969 4.06547
725 -0.250407 0.0430756 4.06547
725 -0.346249 -0.132644 4.06547
725 0.0573152 0.0575151 4.06547
725 -0.559267 -0.662371 4.06547
725 0.184804 -0.564549 -2.21772
725 0.394592 0.223602 4.06547
725 0.15284 0.4345 4.06547
725 0.372296 -0.373297 4.06547
725 -0.148519 -1.01922 4.06547
725 0.319813 0.841835 4.06547
725 -0.434475 -0.068294 4.06547
725 -0.694645 0.159498 4.06547
725 0.160914 0.893421 4.06547
725 0.941741 0.394023 4.06547
725 0.313506 0.729207 4.06547
725 -0.573951 -0.0629625 -2.21772
725 0.464938 -0.849645 4.06547
725 0.352922 -0.602733 4.06547
725 0.459161 -0.339397 4.06547
725 0.902666 0.341364 4.06547
725 0.674886 0.691798 4.06547
725 -0.759452 0.258023 4.06547
725 0.174259 0.673256 4.06547
725 -0.132954 0.438621 -2.21772
725 -0.679088 -0.24076 4.06547
725 0.148098 -0.750656 4.06547
725 0.532773 -0.695017 4.06547
725 0.230626 0.213755 4.06547
725 -0.0182382 0.905664 4.06547
725 -0.538362 -0.203744 -2.21772
725 0.40901 -0.61802 4.06547
725 -0.865522 0.414962 4.06547
725 0.393179 -0.771588 4.06547
725 0.302868 -0.315219 4.06547
725 0.913808 0.0122969 4.06547
725 -0.359188 -0.281923 4.06547
725 -0.0863338 -0.232819 4.06547
725 -0.567981 0.22946 4.06547
725 -0.362707 0.130233 4.06547
725 0.221174 0.706389 4.06547
725 -0.8517 -0.4565 4.06547
725 -0.101784 0.685204 4.06547
725 -0.0507071 0.957905 -2.21772
725 -0.83644 0.467765 4.06547
725 0.364598 -0.905408 4.06547
725 -0.821093 -0.615097 -2.21772
725 -0.489725 0.0583399 4.06547
725 0.00441753 0.552279 -2.21772
725 -0.461605 -0.381602 4.06547
725 0.608971 -0.458942 4.06547
725 0.861729 0.0401792 4.06547
725 0.2944 -0.987603 4.06547
725 0.278666 -0.538314 4.06547
725 -0.307425 0.491313 4.06547
725 0.278457 0.637889 4.06547
725 0.426962 -0.524632 4.06547
725 0.320593 0.264896 4.06547
725 -0.192399 0.880847 4.06547
725 0.409166 -0.0985977 4.06547
725 -0.499653 0.804594 4.06547
725 0.701033 -0.674889 -2.21772
725 -0.0214129 -1.03133 4.06547
725 0.0921184 -0.740152 -2.21772
725 -0.186617 -0.635456 -2.21772
725 0.0363265 0.0106768 4.06547
725 -0.111542 0.951557 4.06547
725 -0.36112 0.831206 -2.21772
725 -0.361105 -0.783268 4.06547
725 -0.197981 0.128675 4.06547
725 0.0118902 -0.483771 4.06547
725 -0.951123 0.184918 4.06547
725 -0.127178 -0.908732 4.06547
725 -0.830258 0.360481 4.06547
725 0.529424 0.179059 4.06547
725 -0.154132 -0.796648 4.06547
725 0.045284 -1.0313 -2.21772
725 0.443709 -0.431942 4.06547
725 -0.521119 0.375988 4.06547
725 0.63535 0.794486 4.06547
725 -0.4257 -0.517377 4.06547
725 -0.749148 0.154072 4.06547
725 0.14323 0.525943 4.06547
725 -0.259902 0.304451 4.06547
725 0.228997 0.649709 4.06547
725 -0.367902 -0.385458 4.06547
725 -0.0492944 0.12661 4.06547
725 0.406689 -0.331794 4.06547
725 0.684802 0.21987 4.06547
725 0.424003 0.270942 4.06547
725 0.0387965 0.653177 -2.21772
725 0.693598 0.585389 4.06547
725 -0.241013 -0.0416285 4.06547
725 -0.874993 -0.403822 -2.21772
725 -0.139327 -0.410287 -2.21772
725 -0.44073 0.554568 4.06547
725 -0.188621 0.570486 4.06547
725 0.261262 0.749613 4.06547
725 -0.405913 0.0346624 4.06547
725 -0.231165 0.761467 4.06547
725 -0.0641811 -0.556641 4.06547
725 0.167237 -0.32744 4.06547
725 0.250991 -0.0913068 4.06547
725 1.01981 -0.104339 4.06547
725 -0.231509 -0.464289 4.06547
725 0.522782 0.472687 4.06547
725 0.923801 -0.302767 4.06547
725 0.469484 0.0857658 4.06547
725 0.0913612 0.519073 4.06547
725 0.529555 0.800241 4.06547
725 -0.0278018 -0.519561 4.06547
725 -0.0305959 0.596182 4.06547
725 -0.845698 0.0403954 -2.21772
725 -0.287957 0.913066 4.06547
725 0.00799306 0.698664 4.06547
725 0.292215 -0.0459523 -2.21772
725 -0.248891 0.129028 -2.21772
725 0.179187 -0.378407 4.06547
725 -0.934977 -0.232541 4.06547
725 -0.0162624 -0.0632888 -2.21772
725 0.984058 -0.292233 4.06547
725 0.260652 0.174273 4.06547
725 -0.593725 -0.280334 -2.21772
725 -0.554524 -0.727658 4.06547
725 0.470115 -0.91726 -2.21772
725 -0.49382 0.536964 4.06547
725 0.726317 0.253404 4.06547
725 -0.0773217 0.900478 4.06547
725 0.512225 -0.346826 -2.21772
725 -0.2111 0.991756 -2.21772
725 -0.209864 0.663452 4.06547
725 0.0573664 0.558472 4.06547
725 -0.350665 -0.181518 4.06547
725 -0.0170879 -0.716188 4.06547
725 -0.0847996 -0.860076 4.06547
725 0.66632 -0.467777 4.06547
725 -2.26273e-05 0.409496 4.06547
725 0.542082 0.631756 4.06547
725 0.639402 0.48113 4.06547
725 -1.01837 0.0657759 -2.21772
725 0.336487 -0.413442 4.06547
725 -0.891992 -0.191387 4.06547
725 0.556455 -0.597831 4.06547
725 -0.379695 0.372369 4.06547
725 0.761109 -0.0203899 4.06547
725 -0.070664 -0.70702 4.06547
725 0.602814 0.0208794 4.06547
725 0.257603 0.446838 4.06547
725 0.388224 -0.282201 4.06547
725 -0.0684926 0.794423 -2.21772
725 0.964622 -0.072665 4.06547
725 0.0811394 -0.29797 -2.21772
725 -0.843115 -0.152931 4.06547
725 -0.241334 -0.884653 4.06547
725 1.012 0.14759 4.06547
725 -0.86146 -0.0163401 4.06547
725 0.265782 0.3551 4.06547
725 0.734835 0.706644 4.06547
725 0.0712457 -0.0236425 -2.21772
725 0.137608 -0.279844 4.06547
725 0.0690597 0.754686 4.06547
725 -0.48124 0.198847 4.06547
725 -0.496556 -0.240312 4.06547
725 -0.117532 0.261866 4.06547
725 0.818617 0.282692 4.06547
725 1.0232 -0.0412812 4.06547
725 0.16697 -0.802227 4.06547
725 -0.513699 0.429472 4.06547
725 0.607353 0.339716 4.06547
725 0.196766 0.535548 4.06547
725 -0.733332 0.0530693 4.06547
725 -0.614109 -0.447078 4.06547
725 0.761144 0.489829 4.06547
725 0.583209 0.278046 4.06547
725 -0.714793 0.106349 4.06547
725 -0.44817 -0.221305 4.06547
725 -0.428509 0.608368 4.06547
725 0.726129 -0.474326 4.06547
725 -0.623116 -0.572659 4.06547
725 0.873491 0.266102 4.06547
725 -0.655297 -0.792946 4.06547
725 -0.45036 -0.859832 4.06547
725 0.64056 0.386029 4.06547
725 0.0975751 -0.899688 4.06547
725 0.329832 -0.137933 4.06547
725 -0.209133 -0.78462 4.06547
725 -0.38505 0.0833945 4.06547
725 -0.157119 0.83315 -2.21772
725 0.0230492 -0.0375809 4.06547
725 -0.139397 -0.458391 4.06547
725 0.0742136 -0.686433 4.06547
725 -0.416928 -0.410855 -2.21772
725 -0.474487 -0.544913 4.06547
725 -0.167876 0.479632 4.06547
725 -0.412621 -0.756649 4.06547
725 -0.549602 0.281318 4.06547
725 -0.270223 0.452695 4.06547
725 -0.34174 -0.909367 4.06547
725 -0.0834111 -0.654453 4.06547
725 -0.456274 -0.327106 4.06547
725 -0.357206 0.476799 4.06547
725 0.761844 -0.0743792 4.06547
725 -0.951213 -0.104887 4.06547
725 -0.717556 -0.644651 4.06547
725 0.91246 -0.0508438 4.06547
725 0.231362 -0.822492 4.06547
725 -0.827081 0.0947391 4.06547
725 -0.769525 0.10164 4.06547
725 0.399746 -0.190491 -2.21772
725 0.625348 -0.82026 4.06547
725 -0.448553 0.160134 4.06547
725 -0.584827 -0.220936 4.06547
725 -0.373905 -0.661523 4.06547
725 0.340796 0.220888 4.06547
725 -0.781205 0.203036 4.06547
725 0.2209 0.588132 4.06547
725 0.674338 -0.367995 4.06547
725 -0.127303 -0.202496 -2.21772
725 0.546526 -0.747723 4.06547
725 -0.285797 0.746294 4.06547
725 0.265676 -0.774083 4.06547
725 -0.376879 -0.601369 4.06547
725 -0.405365 -0.820711 4.06547
725 0.475549 0.179728 4.06547
725 -0.210418 -1.00796 -2.21772
725 0.460987 0.567172 4.06547
725 -0.0817925 -0.181515 4.06547
725 0.636337 0.18898 4.06547
725 -0.115528 -0.551394 4.06547
725 -0.014039 0.647379 4.06547
725 0.550089 0.130904 -2.21772
725 -0.67792 -0.0863841 4.06547
725 0.271185 0.262277 4.06547
725 1.01969 0.08471 4.06547
725 0.885146 0.504723 -2.21772
725 -0.0115061 -0.569736 4.06547
725 -0.815357 0.253348 -2.21772
725 0.85749 0.0998439 4.06547
725 -0.472683 -0.0321801 4.06547
725 -0.773972 0.463681 4.06547
725 0.87986 -0.247445 4.06547
725 0.821145 0.498205 4.06547
725 -0.523501 -0.515848 4.06547
725 -0.0919156 0.305478 4.06547
725 -0.0946833 -0.394314 4.06547
725 0.362731 0.708163 4.06547
725 0.245026 -0.0450105 4.06547
725 -0.043141 -0.813237 4.06547
725 0.90356 -0.361805 4.06547
725 -0.0989454 -0.805342 4.06547
725 -1.02016 -0.0561797 4.06547
725 0.390496 -0.564541 4.06547
725 -0.59571 -0.332509 4.06547
725 -0.172317 -0.225576 4.06547
725 -0.317424 0.436448 -2.21772
725 -1.01011 -0.113842 4.06547
725 -0.275099 -0.384285 4.06547
725 -0.726837 0.207299 4.06547
725 -0.223074 -0.304345 4.06547
725 -0.173297 0.0841035 4.06547
725 0.0920786 0.655875 4.06547
725 0.966964 -0.0125029 4.06547
725 0.0940744 -0.251114 -2.21772
725 -0.456942 0.0204164 4.06547
725 -0.00968495 0.223475 4.06547
725 -0.187203 -0.435717 4.06547
725 -0.53499 0.187931 4.06547
725 0.542343 -0.0659079 4.06547
725 0.58093 0.383226 4.06547
725 -0.771837 0.360056 4.06547
725 -0.24829 0.704519 4.06547
725 0.907927 -0.115918 4.06547
725 0.0635489 -0.0722563 4.06547
725 0.267603 -0.221561 4.06547
725 -0.0110157 -0.922439 4.06547
725 0.157132 0.787468 4.06547
725 -0.655549 -0.478704 4.06547
725 -0.119493 0.632594 4.06547
725 0.233738 -0.138977 4.06547
725 0.614926 0.0697738 4.06547
725 0.200118 -0.0582917 -2.21772
725 0.264865 0.0878185 4.06547
725 -0.758846 -0.603146 4.06547
725 0.844733 -0.58749 4.06547
725 -0.5467 -0.313893 4.06547
725 0.368816 0.178502 4.06547
725 0.0738289 0.957672 4.06547
725 -0.25659 0.506224 4.06547
725 -0.00859998 -0.390617 4.06547
725 0.594788 0.626422 4.06547
725 -0.40363 0.72018 4.06547
725 -0.503689 0.481902 4.06547
725 0.0875965 -0.404704 4.06547
725 -0.669938 -0.535936 -2.21772
725 -0.51836 -0.46077 4.06547
725 0.670779 0.434661 -2.21772
725 -0.94855 -0.169132 4.06547
725 0.472734 -0.246663 4.06547
725 0.215506 0.879275 4.06547
725 0.498147 0.0361057 4.06547
725 0.654806 -0.0736878 4.06547
725 -0.322495 -0.411366 4.06547
725 0.36978 0.883793 4.06547
725 0.0488868 -0.437544 -2.21772
725 -0.737736 0.620125 4.06547
725 0.426215 0.614393 4.06547
725 0.172798 0.729633 4.06547
725 0.00961992 0.318024 4.06547
725 -0.611554 0.434328 4.06547
725 0.478214 0.896681 4.06547
725 -0.116078 0.488375 4.06547
725 0.573879 -0.502333 4.06547
725 0.182913 0.392381 4.06547
725 0.252522 -0.943118 4.06547
725 -0.705451 0.260382 4.06547
725 0.700772 0.38738 4.06547
725 -0.396868 -0.886207 4.06547
725 0.585354 0.829374 -2.21772
725 0.319874 -0.364237 -2.21772
725 -0.808857 0.520469 -2.21772
725 0.790703 0.339443 -2.21772
725 -0.0109774 0.270449 4.06547
725 0.344022 0.0443279 4.06547
725 -0.0856932 -1.02686 -2.21772
725 0.182163 -0.710256 4.06547
725 0.599536 -0.308384 4.06547
725 -0.600101 -0.763083 4.06547
725 0.153985 0.161516 4.06547
725 0.537145 -0.54505 4.06547
725 -0.253104 -0.825632 -2.21772
725 0.292807 0.0453223 4.06547
725 0.290006 -0.819979 4.06547
725 -0.50247 0.744854 4.06547
725 -0.798863 0.629682 4.06547
725 -0.204376 0.519333 4.06547
725 0.382375 -0.714745 4.06547
725 -0.662983 -0.612597 -2.21772
725 0.296028 -0.588152 4.06547
725 0.38593 0.505294 4.06547
725 0.641461 -0.172419 4.06547
725 0.164116 -0.656026 4.06547
725 -0.303517 0.690381 4.06547
725 0.347685 -0.184583 4.06547
725 -0.0199743 0.359661 4.06547
725 0.0424127 0.805287 4.06547
725 0.71314 0.00689359 4.06547
725 -0.147797 -0.59189 4.06547
725 -0.370816 -0.437868 4.06547
725 0.431124 -0.147463 4.06547
725 0.105057 -0.152564 4.06547
725 0.849041 0.330033 4.06547
725 0.419342 0.0875896 4.06547
725 -0.451654 -0.273465 4.06547
725 0.334666 -0.551364 4.06547
725 -0.928912 0.414495 4.06547
725 -0.235132 0.415206 4.06547
725 0.730198 -0.374612 4.06547
725 0.0619896 -0.123275 -2.21772
725 0.804498 -0.163949 4.06547
725 0.306676 0.787606 4.06547
725 -0.438057 0.0722261 4.06547
725 -0.398365 0.516081 4.06547
725 -0.588214 0.177241 4.06547
725 0.845889 -0.366878 4.06547
725 0.783321 0.238501 4.06547
725 -0.470901 0.646757 -2.21772
725 -0.714919 -0.0479119 4.06547
725 -0.225275 0.0844179 4.06547
725 -0.330514 -0.514749 4.06547
725 -0.615155 0.808526 4.06547
725 -0.851875 0.30587 4.06547
725 -0.0409084 0.310697 4.06547
725 0.0442187 1.01413 4.06547
725 -0.403467 0.87308 4.06547
725 -0.378162 -0.543997 -2.21772
725 0.425083 -0.381685 4.06547
725 -0.361235 0.678451 4.06547
725 -0.0506563 -0.0337849 4.06547
725 -0.200673 0.22033 4.06547
725 0.811837 0.00869109 4.06547
725 -0.8038 -0.00278334 -2.21772
725 -0.849587 -0.0989372 4.06547
725 -0.502143 0.148619 4.06547
725 -0.0476383 0.545677 4.06547
725 -0.780815 -0.214667 4.06547
725 0.914626 0.450412 4.06547
725 -0.00489022 -0.342798 4.06547
725 -0.352901 0.045119 4.06547
725 0.910897 0.0742455 -2.21772
725 0.57073 -0.858868 -2.21772
725 0.272567 0.692227 4.06547
725 -0.624667 0.320363 4.06547
725 -0.419073 0.410238 4.06547
725 -0.18449 -0.898597 4.06547
725 0.0219285 0.181211 4.06547
725 0.416725 0.45996 -2.21772
725 0.332252 0.499564 -2.21772
725 -0.114831 -0.0986048 4.06547
725 -0.490274 -0.135283 4.06547
725 -0.270881 -0.332251 4.06547
725 -0.403466 -0.252963 4.06547
725 -0.399659 -0.202022 4.06547
725 -0.305969 -0.205825 4.06547
725 0.503573 -0.203664 4.06547
725 0.373066 0.647544 4.06547
725 0.026105 -0.531838 4.06547
725 -0.469893 0.110205 4.06547
725 -0.148799 1.00317 -2.21772
725 -0.963125 -0.0466011 -2.21772
725 0.637314 -0.66244 4.06547
725 0.499378 -0.588547 4.06547
725 0.11142 -0.0571431 4.06547
725 -0.0802894 -0.504454 4.06547
725 0.0780331 -0.35484 4.06547
725 0.197901 -0.105616 -2.21772
725 0.323966 0.605339 4.06547
725 0.583889 0.174367 4.06547
725 -0.329145 0.385082 4.06547
725 -0.263661 -0.767975 4.06547
725 -0.310295 -0.256455 4.06547
725 -0.0275378 -0.867287 4.06547
725 0.76523 -0.688113 4.06547
725 -0.3465 0.530456 4.06547
725 0.0760337 0.607059 4.06547
725 -0.0573863 -0.759882 4.06547
725 0.532517 -0.397793 4.06547
725 -0.0880364 0.738576 4.06547
725 0.755723 0.090048 -2.21772
725 -0.788857 -0.159935 4.06547
725 0.517769 -0.492401 -2.21772
725 -0.044397 0.850372 4.06547
725 -0.206903 -0.148313 4.06547
725 -0.0418381 -0.470282 -2.21772
725 0.498071 -0.440667 -2.21772
725 -0.744066 0.410518 4.06547
725 0.508245 -0.812368 4.06547
725 -0.111801 -0.751476 4.06547
725 -0.280391 0.255799 4.06547
725 -0.145504 0.301218 -2.21772
725 -0.0491252 -0.97372 4.06547
725 0.303133 0.969205 4.06547
725 -0.41828 -0.693288 4.06547
725 0.232376 -1.00472 4.06547
725 0.370142 0.361186 4.06547
725 0.191427 -0.954631 4.06547
725 -0.135191 -0.645132 4.06547
725 0.000124786 -0.436968 4.06547
725 -0.546677 0.513735 4.06547
725 0.130554 0.245768 4.06547
725 -0.173944 0.175559 4.06547
725 1.00038 0.209875 4.06547
725 0.49932 0.226674 -2.21772
725 0.122207 0.476113 4.06547
725 -0.53697 0.572783 4.06547
725 -0.749834 -0.00073941 4.06547
725 -0.0773583 0.0012806 4.06547
725 0.462273 -0.634792 -2.21772
725 -0.619856 0.221468 4.06547
725 -0.973207 0.2982 -2.21772
725 0.852649 0.557073 4.06547
725 -0.897798 -0.0697057 4.06547
725 -0.319423 0.00615754 4.06547
725 0.740786 0.19955 4.06547
725 -0.492982 0.286535 4.06547
725 -0.176431 -0.688677 4.06547
725 0.186585 -0.852957 4.06547
725 0.093891 -0.5916 4.06547
725 0.352821 0.550031 4.06547
725 0.699065 -0.422009 4.06547
725 -0.395097 0.3185 4.06547
725 0.810174 -0.106501 4.06547
725 0.637213 -0.262931 4.06547
725 0.128219 -0.849735 4.06547
725 0.567225 0.0789232 4.06547
725 0.450528 0.319186 4.06547
725 0.0389249 -0.326189 4.06547
725 -0.822203 -0.0550443 4.06547
725 0.611628 -0.216152 4.06547
725 0.147145 -0.603753 4.06547
725 0.606416 0.527382 4.06547
725 -0.491312 -0.186631 4.06547
725 -0.529067 0.32659 4.06547
725 0.0383169 0.509256 -2.21772
725 0.669902 -0.21731 4.06547
725 -0.387018 0.569546 -2.21772
725 -0.706058 0.560867 4.06547
725 -0.588428 0.549293 4.06547
725 0.267768 -0.352433 4.06547
725 -0.229214 -0.674923 -2.21772
725 -0.470273 0.39373 4.06547
725 -0.886013 0.0917826 4.06547
725 -0.735226 -0.104311 4.06547
725 -0.52228 0.0969021 4.06547
725 0.0600638 0.326474 4.06547
725 0.951129 -0.188037 4.06547
725 -0.334487 -0.0380885 -2.21772
725 0.218581 -0.89687 4.06547
725 -0.226336 0.610455 4.06547
725 -0.772596 -0.48077 4.06547
725 0.354733 -0.32379 4.06547
725 0.912373 -0.47491 -2.21772
725 0.240616 0.0421685 4.06547
725 -0.412745 -0.357803 4.06547
725 -0.740835 -0.53466 4.06547
725 0.478448 -0.389811 4.06547
725 0.34196 -0.802897 4.06547
725 -0.148704 0.0360706 -2.21772
725 -0.168622 -0.958158 4.06547
725 0.317893 0.358057 4.06547
725 -0.419354 0.810658 4.06547
725 -0.964407 0.0219116 4.06547
725 -0.101514 -0.0490091 -2.21772
725 -0.581672 0.610474 4.06547
725 0.12934 -0.372287 4.06547
725 -0.713035 0.366537 4.06547
725 0.518787 0.0832372 4.06547
725 0.130851 -0.95773 4.06547
725 0.395148 0.0422271 4.06547
725 0.243575 0.308066 4.06547
725 0.499949 0.418509 4.06547
725 -0.467924 -0.435378 -2.21772
725 0.119559 -0.324792 4.06547
725 -0.424645 -0.572886 4.06547
725 0.101131 0.426266 4.06547
725 0.556879 0.325075 4.06547
725 -0.606864 0.745869 4.06547
725 -0.276231 0.168691 4.06547
725 -0.534341 -0.0999897 4.06547
725 0.616486 -0.608258 -2.21772
725 -0.514311 0.683727 4.06547
725 -0.272438 0.976708 4.06547
725 0.250588 -0.30154 4.06547
725 -0.73663 0.312352 4.06547
725 -0.0134906 0.502308 4.06547
725 0.0832386 0.238249 -2.21772
725 0.0774241 -0.975809 4.06547
725 0.234736 -0.720307 4.06547
725 0.174688 0.484445 4.06547
725 0.289309 -0.728255 4.06547
725 0.368112 -0.00254799 4.06547
725 0.446049 -0.795 4.06547
725 0.390558 -0.0507009 4.06547
725 0.611173 0.431437 4.06547
725 0.446468 0.0395444 4.06547
725 0.587002 -0.406053 4.06547
725 0.0280386 0.0939322 4.06547
725 0.691654 -0.520564 4.06547
725 -0.166578 -0.17205 4.06547
725 -0.201309 -0.0992566 4.06547
725 -0.630796 0.645341 4.06547
725 -0.555172 0.136247 4.06547
725 -0.296528 -0.104954 -2.21772
725 -0.484145 -0.0841653 4.06547
725 0.761041 0.0358436 4.06547
725 -0.929191 0.133011 4.06547
725 0.59501 -0.555213 4.06547
725 -0.450763 0.500512 4.06547
725 -0.507607 0.00539868 4.06547
725 0.0363218 0.230716 4.06547
725 0.0965163 -0.200922 4.06547
725 0.562519 -0.116035 4.06547
725 -0.553138 -0.369942 4.06547
725 0.861927 -0.080345 4.06547
725 -0.0342678 -0.162114 4.06547
725 0.721418 -0.734381 4.06547
725 0.447387 0.22551 4.06547
725 0.0192549 0.459513 4.06547
725 0.141732 0.295043 4.06547
725 0.476868 0.273574 4.06547
725 -0.44573 -0.926748 4.06547
725 -0.766958 -0.0552716 4.06547
725 -0.903076 0.0393679 4.06547
725 0.109759 -0.794206 4.06547
725 -0.0518508 -0.42009 -2.21772
725 0.950939 0.171155 4.06547
725 0.223049 -0.525526 -2.21772
725 0.268338 0.862158 4.06547
725 -0.0224457 0.0849715 -2.21772
725 0.146542 -0.179243 4.06547
725 0.240605 0.987247 4.06547
725 -0.0633851 0.264257 4.06547
725 0.418275 -0.00545748 4.06547
725 0.615465 0.676948 4.06547
725 0.468506 -0.00895613 4.06547
725 0.491255 -0.0590128 4.06547
725 0.424339 0.859736 4.06547
725 -0.513247 0.875633 -2.21772
725 0.631976 0.578642 4.06547
725 -0.372537 -0.00250976 4.06547
725 -0.0939698 -0.337786 4.06547
725 0.0554779 -0.171918 4.06547
725 0.473828 0.772194 4.06547
725 -0.273045 -0.00288042 4.06547
725 0.421195 0.92396 4.06547
725 0.666201 -0.125548 4.06547
725 0.37147 0.821777 4.06547
725 -0.916741 -0.455648 4.06547
725 0.656834 0.631904 4.06547
725 0.283272 -0.402213 4.06547
725 0.127726 -0.697089 4.06547
725 -0.21824 -0.25161 4.06547
725 0.257509 0.925159 4.06547
725 -0.805781 -0.425032 4.06547
725 0.192287 0.303235 4.06547
725 -0.331061 0.0904786 4.06547
725 -0.391727 -0.102159 4.06547
725 0.0384598 -0.384607 4.06547
725 0.411844 0.683611 4.06547
725 0.857329 -0.14194 4.06547
725 -0.642479 -0.351884 4.06547
725 0.648073 0.139629 -2.21772
725 0.131189 0.385022 4.06547
725 0.368492 0.089052 4.06547
725 -0.279047 0.395109 4.06547
725 0.0500086 -0.927246 4.06547
725 -0.280589 0.597857 4.06547
725 0.154937 -0.073921 4.06547
725 0.42264 0.798057 4.06547
725 -0.686381 -0.18683 4.06547
725 0.12294 -0.0132716 4.06547
725 -0.277079 -0.437516 4.06547
725 -0.393439 0.935863 -2.21772
725 0.271117 0.588664 -2.21772
725 0.175482 1.00084 4.06547
725 -0.352084 -0.845506 4.06547
725 0.289304 0.132799 4.06547
725 -0.994453 -0.228441 4.06547
725 -0.641689 0.702179 4.06547
725 0.706869 0.059338 4.06547
725 -0.422795 -0.0168052 4.06547
725 0.357743 -0.094701 -2.21772
725 -0.00232667 -0.291939 -2.21772
725 -0.0530569 -0.365743 4.06547
725 -0.516197 -0.630472 4.06547
725 0.0652994 0.70318 4.06547
725 0.412818 -0.945917 4.06547
725 -0.484192 0.592817 -2.21772
725 -0.580003 0.670589 -2.21772
725 -0.155802 0.675393 4.06547
725 -0.466372 -0.661949 4.06547
725 0.424033 -0.675924 4.06547
725 -0.426365 0.208346 4.06547
725 -0.782496 -0.66443 4.06547
725 -0.376429 -0.489427 4.06547
725 0.464379 0.716168 4.06547
725 -0.310125 0.135846 4.06547
725 -0.553744 -0.865782 -2.21772
725 -0.68971 -0.334832 4.06547
725 0.758674 -0.426123 4.06547
725 0.0752739 0.852873 -2.21772
725 -0.460503 0.446852 4.06547
725 -0.888198 -0.510593 4.06547
725 -0.344653 0.333486 4.06547
725 0.716995 -0.57408 4.06547
725 -0.31935 -0.358978 4.06547
725 -0.135605 -0.306965 4.06547
725 -0.0208829 1.01463 4.06547
725 -0.625469 -0.0785795 4.06547
725 -0.330158 -0.629612 4.06547
725 -0.962382 -0.343938 4.06547
725 0.51088 0.677537 4.06547
725 -0.443744 -0.169274 4.06547
725 0.72837 0.538232 4.06547
725 0.440005 -0.289447 4.06547
725 0.070749 0.46838 4.06547
725 0.478216 -0.693043 4.06547
725 0.587441 -0.165736 4.06547
725 -0.278582 0.0929424 -2.21772
725 -0.380707 0.770899 4.06547
725 0.162921 0.0769467 -2.21772
725 -0.281196 -0.654929 4.06547
725 -0.60133 -0.391614 4.06547
725 -0.0988703 0.125334 4.06547
725 0.111758 -1.02526 4.06547
725 -0.171268 0.941893 -2.21772
725 0.335908 -0.751547 4.06547
725 -0.57665 0.340621 4.06547
725 0.140513 -0.419524 -2.21772
725 -0.141273 -0.851995 4.06547
725 0.126168 0.691451 -2.21772
725 -0.301463 -0.155484 4.06547
725 -0.227364 -0.945512 4.06547
725 0.446681 0.414343 4.06547
725 -0.323903 -0.463955 4.06547
725 0.229546 -0.249484 4.06547
725 0.985872 0.271875 4.06547
725 -0.871264 0.524897 4.06547
725 -0.830942 -0.367634 4.06547
725 -0.0353656 0.745448 4.06547
725 -0.551498 -0.797646 4.06547
725 -0.633326 0.58301 4.06547
725 0.446912 0.133776 4.06547
725 -0.729846 -0.221406 -2.21772
725 0.2728 -0.675682 -2.21772
725 -0.561754 0.842018 4.06547
725 -0.266189 -0.281165 4.06547
725 0.723518 -0.226448 4.06547
725 -0.341883 0.17731 4.06547
725 -0.539287 -0.151566 4.06547
725 -0.151402 0.222698 4.06547
725 -0.180999 -0.331388 -2.21772
725 0.408244 -0.473302 -2.21772
725 -0.342215 0.730728 4.06547
725 0.316778 -0.501145 4.06547
725 0.161396 0.343992 4.06547
725 -0.10013 0.0407029 4.06547
725 -0.63013 -0.241581 4.06547
725 -0.172621 0.622372 4.06547
725 0.749718 -0.180789 4.06547
725 -0.521528 -0.573668 -2.21772
725 0.529068 0.371937 4.06547
725 0.11987 0.743502 4.06547
725 1.01256 -0.168465 -2.21772
725 -0.415999 0.663995 4.06547
725 0.935904 -0.244161 4.06547
725 -0.744266 -0.328708 -2.21772
725 0.330791 -0.691669 4.06547
725 0.389963 -0.423035 4.06547
725 -0.0139729 -0.00247614 4.06547
725 0.305333 -0.0915239 4.06547
725 -0.333959 0.58413 4.06547
725 -0.075649 -0.131636 4.06547
725 -0.585221 -0.115547 4.06547
725 -0.345485 0.894267 4.06547
725 -0.570489 -0.484096 4.06547
725 0.109635 1.00971 -2.21772
725 0.346027 0.313031 4.06547
725 -0.159632 -0.117412 4.06547
725 0.758541 -0.323102 4.06547
725 0.478028 0.833012 4.06547
725 -0.440995 0.298534 4.06547
725 -0.998883 0.119251 4.06547
725 -0.613111 0.381242 4.06547
725 0.741868 -0.629461 4.06547
725 0.279944 -0.13455 -2.21772
725 0.213162 0.0830224 4.06547
725 -0.183902 -0.488588 4.06547
725 -0.0699802 0.353279 4.06547
725 0.363047 0.94814 4.06547
725 0.178578 -0.253895 4.06547
725 -0.836958 0.198103 4.06547
725 0.317019 0.0898025 4.06547
725 -0.644327 0.0188033 4.06547
725 -0.514838 0.23863 4.06547
725 -0.876012 -0.252042 4.06547
725 0.863416 -0.0193598 4.06547
725 -0.712699 0.452533 4.06547
725 -0.559501 0.458284 4.06547
725 0.923342 0.2876 4.06547
725 -0.661058 -0.0344945 4.06547
725 0.686187 0.753154 4.06547
725 -0.177045 0.774847 4.06547
725 0.207786 -0.76742 4.06547
725 -0.60198 0.4935 4.06547
725 0.710062 -0.0516159 4.06547
725 0.457388 0.658432 4.06547
725 0.333737 -0.859935 4.06547
725 -0.541111 0.044086 4.06547
725 0.580335 0.4766 4.06547
725 -0.671339 0.414363 4.06547
725 -0.0460482 -0.609861 4.06547
725 -0.679914 0.0612906 4.06547
725 -0.554454 0.782191 -2.21772
725 0.624848 0.733644 4.06547
725 -0.461871 -0.726602 4.06547
725 0.110503 0.335443 4.06547
725 -0.0995209 0.538535 4.06547
725 -0.332655 0.244003 -2.21772
725 -0.692244 0.668586 4.06547
725 -0.125651 0.173319 4.06547
725 -0.341382 -0.0849346 4.06547
725 0.1225 0.198583 4.06547
725 0.0416451 -0.581713 4.06547
725 0.420935 -0.23977 4.06547
725 0.699899 0.485258 4.06547
725 -0.456856 -0.792591 4.06547
725 -0.598333 0.276746 4.06547
725 0.313546 -0.639046 4.06547
725 0.207239 0.169579 4.06547
725 -0.368845 -0.722073 -2.21772
725 0.790966 0.438982 4.06547
725 0.0714107 0.18991 4.06547
725 -0.692669 -0.43759 4.06547
725 0.891349 0.199652 4.06547
725 0.107994 -0.104102 4.06547
725 0.267476 0.000929155 4.06547
725 0.5502 0.226358 4.06547
725 -0.822635 -0.50505 -2.21772
725 -0.951525 0.0796737 4.06547
725 0.753424 -0.527041 4.06547
725 -0.0553973 0.218016 4.06547
725 -0.13559 0.580827 4.06547
725 0.00125014 -0.240468 4.06547
725 0.838527 0.221496 -2.21772
725 -0.916612 -0.0156335 4.06547
725 -0.00207838 -0.769158 4.06547
725 -0.91118 0.303484 4.06547
725 0.796411 0.181452 4.06547
725 -0.651536 -0.728394 4.06547
725 -0.897819 -0.350126 4.06547
725 0.0545586 -0.78339 4.06547
725 0.00562028 -0.62201 4.06547
725 0.223662 0.259673 4.06547
725 0.409791 0.555649 4.06547
725 0.660234 0.0881798 4.06547
725 -0.252758 -0.134754 4.06547
725 0.231125 -0.392015 4.06547
725 -0.311707 0.294798 4.06547
725 0.716543 0.644602 4.06547
725 0.422759 0.364724 4.06547
725 -0.770392 0.570522 4.06547
725 -0.500687 -0.89791 -2.21772
725 0.248317 0.539196 4.06547
725 0.615618 -0.119599 4.06547
725 -0.737656 -0.702897 4.06547
725 -0.835615 -0.208703 4.06547
725 -0.28577 -0.539837 -2.21772
725 -0.120731 0.347443 4.06547
725 -0.165735 -0.742309 4.06547
725 0.0803666 0.103531 4.06547
725 -0.184352 0.429281 -2.21772
725 0.000516474 0.133016 -2.21772
725 0.460088 -0.10337 4.06547
725 0.849724 -0.477841 4.06547
725 0.565971 -0.353741 -2.21772
725 -0.0483359 -0.313926 4.06547
725 0.568485 -0.021107 4.06547
725 0.0050944 0.0459436 4.06547
725 -0.126491 -0.00976321 4.06547
725 -0.447996 0.763304 4.06547
725 0.94045 -0.415248 4.06547
725 0.642359 -0.414268 4.06547
725 -0.226559 -0.517557 4.06547
725 0.49246 -0.296382 4.06547
725 -0.209055 0.310228 4.06547
725 0.674715 -0.778096 -2.21772
725 -0.0854087 1.01094 -2.21772
725 -0.197035 -0.581374 4.06547
725 -0.712166 -0.38316 4.06547
725 0.503654 0.322033 4.06547
725 0.689881 0.289602 4.06547
725 0.306032 -0.919262 4.06547
725 -0.374402 0.62385 4.06547
725 0.633049 0.297202 4.06547
725 -0.285165 -0.929192 4.06547
725 0.0317848 -0.875402 -2.21772
725 -0.899995 -0.131641 4.06547
725 -0.470009 -0.601913 4.06547
725 -0.31709 -0.747026 -2.21772
725 0.57567 -0.650782 4.06547
725 0.966428 0.334514 -2.21772
725 0.168975 -0.515377 4.06547
725 0.777924 0.657745 4.06547
725 0.803574 0.123278 4.06547
725 -0.459309 0.247181 -2.21772
725 -0.197436 -0.840897 4.06547
725 0.757135 -0.270686 4.06547
725 0.293968 -0.179567 4.06547
725 -0.69717 0.00731971 4.06547
725 0.710564 -0.10418 4.06547
725 0.9647 -0.354317 4.06547
725 0.204785 0.440891 4.06547
725 0.896686 -0.182995 4.06547
725 0.237818 -0.186332 4.06547
725 -0.122254 -0.15016 -2.21772
725 -0.297314 -0.866881 -2.21772
725 0.557069 -0.209757 -2.21772
725 -0.506235 -0.761194 -2.21772
725 0.47036 0.465159 4.06547
725 -0.856378 -0.563318 4.06547
725 -0.588152 -0.167535 4.06547
725 -0.608039 0.12476 -2.21772
725 -0.805563 0.148298 4.06547
725 0.789226 0.548151 4.06547
725 -0.872322 0.249826 4.06547
725 -0.267564 0.805417 4.06547
725 0.8672 -0.306706 4.06547
725 -0.609624 -0.0239169 4.06547
725 -0.952781 0.356908 4.06547
725 -0.385019 -0.0526672 -2.21772
725 1.02337 0.0216313 4.06547
725 -0.367999 0.424619 4.06547
725 0.0424815 0.905737 4.06547
725 -0.672959 0.21294 4.06547
725 0.101707 0.151478 4.06547
725 -0.856295 -0.309884 4.06547
725 -0.212713 -0.199413 4.06547
725 0.0209276 -0.0932086 4.06547
725 0.0733335 -0.839959 4.06547
725 0.011391 0.959869 4.06547
725 0.620382 -0.0280524 4.06547
725 0.644962 0.249228 4.06547
725 0.137913 0.844104 4.06547
725 -0.223472 0.173503 4.06547
725 0.55256 0.427334 4.06547
725 -0.0447204 -0.262415 4.06547
725 0.288004 0.402523 4.06547
725 -0.324764 -0.688528 4.06547
725 -0.476847 0.338924 4.06547
725 -0.654528 -0.403829 4.06547
725 0.903806 0.136427 4.06547
725 -0.0500991 0.402541 -2.21772
725 0.806317 -0.639203 4.06547
725 0.820929 0.388084 -2.21772
725 0.0126336 -0.978254 -2.21772
725 -0.660514 0.36227 4.06547
725 0.245857 -0.440509 4.06547
725 -0.15119 0.389143 4.06547
725 -0.80439 0.413471 4.06547
725 0.375382 0.596903 4.06547
725 -0.230016 0.929037 4.06547
725 0.394915 0.134142 4.06547
725 0.371015 -0.656015 4.06547
725 0.631661 -0.512097 4.06547
725 -0.930532 0.245583 4.06547
725 -0.664924 0.766604 -2.21772
725 0.878806 -0.420615 4.06547
725 0.0580322 -0.633478 4.06547
725 0.69939 -0.167482 4.06547
725 -0.65076 0.266396 4.06547
725 -0.0315669 -0.663113 4.06547
725 0.482057 -0.153638 4.06547
725 0.143558 0.0293522 4.06547
725 0.154034 -0.467103 -2.21772
725 -0.499404 -0.293529 4.06547
725 -0.509785 -0.694295 4.06547
725 -0.237924 -0.620599 4.06547
725 0.0777688 -0.540127 4.06547
725 0.81641 -0.531346 4.06547
725 0.269241 -0.872745 4.06547
725 0.417024 -0.880798 4.06547
725 -0.798594 -0.319709 -2.21772
725 0.102917 0.901221 4.06547
725 -0.027324 0.173972 4.06547
725 0.211116 0.7695 4.06547
725 -0.3231 0.788487 4.06547
725 0.101645 0.801388 -2.21772
725 -0.276155 -0.490646 4.06547
725 -0.545069 -0.25943 4.06547
725 0.0915413 0.28645 4.06547
725 -0.571111 -0.602339 4.06547
725 0.314578 0.905283 4.06547
725 0.877931 0.394748 4.06547
725 0.201692 -0.294212 4.06547
725 0.849536 0.159537 4.06547
725 0.151639 -0.125765 4.06547
725 0.54557 -0.303017 4.06547
725 0.759071 0.386591 4.06547
725 -0.184531 -0.383547 4.06547
725 -0.354766 -0.231262 4.06547
725 -0.314875 -0.307427 4.06547
725 0.380422 -0.142269 4.06547
725 -0.900872 0.470191 4.06547
725 0.666819 0.532104 4.06547
725 0.363522 0.45497 4.06547
725 -0.293424 0.344907 -2.21772
725 0.788506 -0.374485 4.06547
725 0.440689 -0.0543155 4.06547
725 -0.504233 -0.349049 4.06547
725 0.336707 -0.274716 4.06547
725 0.451409 -0.19689 4.06547
725 0.0892444 0.0229419 4.06547
725 0.550252 0.0308028 4.06547
725 -0.472771 -0.489967 4.06547
725 0.705036 0.1158 4.06547
725 0.110588 -0.643922 4.06547
725 0.445553 -0.577927 4.06547
725 -0.454476 0.909298 4.06547
725 -0.241983 0.558502 4.06547
725 -0.61478 -0.637815 4.06547
725 0.51864 -0.0136037 4.06547
725 0.310163 0.450616 4.06547
725 0.437512 -0.733942 4.06547
725 -0.100337 0.396182 4.06547
725 -0.36388 -0.333353 4.06547
725 -0.227654 -0.356974 4.06547
725 0.811348 -0.316636 -2.21772
725 -0.124341 0.0830155 4.06547
725 0.256214 -0.624769 4.06547
725 0.17582 0.207052 4.06547
725 0.965905 0.0486597 4.06547
725 -0.294641 0.544904 4.06547
725 -0.605418 -0.695093 4.06547
725 0.062457 -0.489028 4.06547
725 -0.248223 -0.0878837 -2.21772
725 -0.592608 0.0303233 4.06547
725 0.7064 -0.319739 4.06547
725 -0.816916 -0.264197 4.06547
725 0.422214 0.17937 4.06547
725 0.0504014 0.417878 4.06547
725 0.960589 0.110062 4.06547
725 0.226517 0.489899 -2.21772
725 -0.680293 0.610305 4.06547
725 -0.688644 -0.135632 4.06547
725 0.530165 0.275426 4.06547
725 0.492705 0.520206 4.06547
725 -0.0315091 0.452346 4.06547
725 -0.522978 -0.0476862 -2.21772
725 0.669152 0.340335 4.06547
725 -0.835363 0.578133 4.06547
725 -0.747691 -0.430925 -2.21772
725 -0.261739 -0.231064 4.06547
725 -0.149256 -0.0629935 4.06547
725 -0.177241 -0.278516 4.06547
725 0.787728 -0.477683 -2.21772
725 0.553066 -0.449721 4.06547
725 -0.123753 -0.698187 4.06547
725 0.302691 0.547627 -2.21772
725 0.52577 -0.253137 4.06547
725 0.655142 -0.565114 -2.21772
725 -0.122897 0.78585 4.06547
725 0.481581 -0.534923 4.06547
725 0.0421505 -0.270607 4.06547
725 0.619745 -0.361001 4.06547
725 -0.257222 -0.182313 4.06547
725 -0.564755 0.401489 4.06547
725 -0.712256 -0.489687 4.06547
725 0.0406771 0.278245 4.06547
725 -0.0444297 0.037134 -2.21772
725 -0.647911 -0.29482 -2.21772
725 -0.307793 -0.806324 4.06547
725 -0.194106 -0.0527717 4.06547
725 -0.501989 -0.830302 4.06547
725 0.850676 0.447588 -2.21772
725 0.817024 0.608058 4.06547
725 -0.0902517 -0.284859 4.06547
725 -0.172534 -0.538267 4.06547
725 0.371745 0.267943 4.06547
725 0.563742 -0.801074 4.06547
725 0.279907 0.496232 4.06547
725 -0.228508 0.26321 4.06547
