695 0.235301 0.397977 4.06547
695 0.0134046 0.854925 4.06547
695 -0.864097 0.144082 4.06547
695 0.786376 -0.222258 4.06547
695 0.658173 0.0322034 4.06547
695 0.937326 0.23097 4.06547
695 -0.395734 -0.151685 4.06547
695 0.130364 -0.552423 4.06547
695 0.213281 0.350447 4.06547
695 -0.131765 -0.25457 -2.21772
695 -0.980455 -0.286699 4.06547
695 0.190733 0.0342787 4.06547
695 -0.511784 -0.405327 4.06547
695 0.518441 0.571622 4.06547
695 -0.0470632 0.692618 -2.21772
695 0.564229 0.695467 4.06547
695 -0.648146 0.530125 4.06547
695 0.0376629 -0.728566 4.06547
695 0.16482 0.575448 4.06547
695 -0.636015 -0.186841 4.06547
695 0.100049 -0.453388 4.06547
695 0.206856 -0.476179 4.06547
695 0.155456 -0.904153 4.06547
695 0.5485 0.522715 4.06547
695 0.341006 -0.0477007 4.06547
695 -0.0660752 -0.0822972 4.06547
695 -0.0818031 0.445491 4.06547
695 0.132631 0.114466 4.06547
695 -0.151256 0.530122 4.06547
695 -0.130872 -0.505436 4.06547
695 0.749921 0.146288 4.06547
695 0.189645 -0.159374 4.06547
695 -0.270983 -0.993038 4.06547
695 -0.458721 0.704674 4.06547
695 0.217742 -0.666009 -2.21772
695 0.652683 -0.314319 4.06547
695 0.294514 0.310061 4.06547
695 -0.681103 0.311619 4.06547
695 0.0164214 0.750287 4.06547
695 0.286396 0.217369 4.06547
695 0.353917 -0.463326 4.06547
695 -0.407176 0.258531 4.06547
695 -0.363005 0.280824 4.06547
695 0.0498074 -0.22165 4.06547
695 -0.661032 0.114137 4.06547
695 0.184967 0.123633 4.06547
695 0.170549 -1.01377 4.06547
695 0.572171 0.575323 4.06547
695 0.880308 -0.532787 4.06547
695 -0.0917964 -0.450995 4.06547
695 0.575455 0.761932 4.06547
695 -0.696414 0.502726 4.06547
695 0.184885 0.623203 4.06547
695 0.200898 -0.614389 4.06547
695 -0.652184 0.467958 4.06547
695 0.657537 -0.718374 4.06547
695 -0.0271899 -0.112756 4.06547
695 0.198226 0.941338 4.06547
695 0.392303 -0.830802 4.06547
695 -0.574335 0.083334 4.06547
695 -0.0643563 0.49537 4.06547
695 -0.407872 -0.305167 4.06547
695 0.393542 0.409919 4.06547
695 0.168682 -0.0207753 -2.21772
695 0.667819 -0.0188571 4.06547
695 0.580297 -0.259418 4.06547
695 -0.25162 0.215081 4.06547
695 -0.320125 0.637743 -2.21772
695 0.217784 -0.343429 4.06547
695 -0.787934 0.0500277 -2.21772
695 -0.991135 0.238112 4.06547
695 -0.793226 -0.554364 4.06547
695 -0.421308 -0.631794 -2.21772
695 0.812965 -0.0480245 4.06547
695 0.821757 -0.262903 -2.21772
695 -0.148463 0.128865 4.06547
695 -0.89421 0.192619 -2.21772
695 0.726448 0.336139 4.06547
695 0.0136871 -0.142201 -2.21772
695 -0.441453 -0.119058 4.06547
695 -0.55873 -0.00987767 4.06547
695 -0.101431 0.843156 4.06547
695 0.490393 -0.754403 4.06547
695 0.780298 -0.581785 4.06547
695 0.236985 0.129126 4.06547
695 0.693894 -0.269581 4.06547
695 -0.669801 -0.675285 4.06547
695 0.487981 0.615783 4.06547
695 0.462814 -0.483066 4.06547
695 -0.636633 -0.132937 4.06547
695 -0.304786 0.849961 -2.21772
695 -0.173069 -0.0101116 -2.21772
695 -0.304163 0.206428 4.06547
695 0.319313 -0.226049 4.06547
695 0.960387 -0.131397 4.06547
695 0.192102 -0.427202 4.06547
695 0.372037 -0.513464 4.06547
695 -0.248823 0.866713 4.06547
695 0.594804 -0.0739483 4.06547
695 0.318054 -0.000282908 -2.21772
695 0.756021 -0.129098 4.06547
695 -0.408043 0.463224 4.06547
695 0.32233 0.666108 4.06547
695 0.809239 0.0667317 4.06547
695 0.351883 -0.967499 -2.21772
695 0.819294 -0.424856 4.06547
695 -0.290125 -0.0536779 4.06547
695 -0.417101 0.122024 4.06547
695 -0.422621 -0.463441 4.06547
695 0.516625 -0.642176 4.06547
695 0.0076769 -0.191229 4.06547
695 -0.749824 0.51487 4.06547
695 0.397852 0.316014 4.06547
695 -0.299234 0.0494956 4.06547
695 -0.56208 -0.428843 -2.21772
695 -0.108969 -0.967188 -2.21772
695 -0.462066 0.84622 4.06547
695 0.139328 -0.226517 4.06547
695 0.411904 0.742029 4.06547
695 0.261647 -0.489215 -2.21772
695 -0.212633 0.820496 4.06547
695 0.0142713 -0.822042 4.06547
695 -0.0965442 -0.602137 -2.21772
695 0.753941 0.59684 4.06547
695 0.196154 0.828576 -2.21772
695 0.693432 0.169595 4.06547
695 -0.333084 0.95805 4.06547
695 -0.173817 0.340886 4.06547
695 -0.0717367 0.0802494 4.06547
695 -0.273032 -0.711344 4.06547
695 0.0298085 0.367159 -2.21772
695 0.299551 -0.451941 4.06547
695 -0.0405459 -0.210992 -2.21772
695 -0.557235 0.720186 4.06547
695 -0.755805 0.680094 4.06547
695 0.133334 0.624156 4.06547
695 -0.0691488 -0.915974 -2.21772
695 0.73106 0.437474 4.06547
695 -1.01958 0.00368496 -2.21772
695 0.112996 0.570347 4.06547
695 -0.615383 -0.515096 -2.21772
695 0.518602 -0.882978 4.06547
695 0.0511402 0.141022 4.06547
695 -0.790655 -0.106696 4.06547
695 -0.918815 -0.292878 4.06547
695 0.114607 -0.502556 4.06547
695 0.53381 0.865142 4.06547
695 -0.197076 0.041294 -2.21772
695 0.521792 0.736717 4.06547
695 -0.707552 -0.283597 4.06547
695 0.602134 0.121825 4.06547
695 -0.137638 -0.359523 4.06547
695 0.136339 0.951891 4.06547
695 -0.626743 0.0715369 4.06547
695 0.370026 -0.233032 4.06547
695 -0.101853 0.21728 4.06547
695 0.342853 0.133979 4.06547
695 -0.26438 0.650334 4.06547
695 -0.0825337 0.589223 4.06547
695 -0.219622 -0.729539 4.06547
695 -1.007 -0.171535 4.06547
695 0.760913 0.294679 -2.21772
695 0.193014 -0.209249 -2.21772
695 0.510503 -0.109674 4.06547
695 0.111974 0.0672574 4.06547
695 0.611382 -0.759927 4.06547
695 0.999237 -0.231305 -2.21772
695 -0.604478 -0.830668 4.06547
695 0.215259 -0.00569772 4.06547
695 -0.374167 0.218306 4.06547
695 -0.141148 0.729371 4.06547
695 0.533649 -0.160771 4.06547
695 -0.704807 -0.578868 4.06547
695 0.440257 0.511062 4.06547
695 0.177001 0.253521 4.06547
695 -0.242347 0.352464 4.06547
695 -0.64101 0.167111 4.06547
695 -0.286409 -0.597497 4.06547
695 -0.760964 -0.271049 4.06547
695 -0.394634 0.169745 4.06547
695 0.597022 0.224948 4.06547
695 0.59358 -0.705034 4.06547
695 -0.0764453 0.170222 4.06547
695 -0.793175 0.307619 4.06547
695 -0.709373 0.725536 -2.21772
695 0.0211479 -0.674866 4.06547
695 -0.940788 -0.400261 4.06547
695 -1.00787 0.17428 -2.21772
695 -0.772501 -0.37739 4.06547
695 0.499178 0.133553 4.06547
695 0.3153 0.176645 4.06547
695 0.678392 -0.619238 4.06547
695 -0.38878 -0.952379 4.06547
695 0.239161 -0.574424 4.06547
695 0.080023 0.37585 4.06547
695 -0.135384 0.89221 4.06547
695 0.284976 -0.267326 -2.21772
695 -0.0662052 0.640702 -2.21772
695 -0.7051 -0.749029 4.06547
695 0.84329 -0.204434 4.06547
695 -0.013999 0.800707 4.06547
695 0.359856 0.766727 4.06547
695 -0.738214 -0.162074 4.06547
695 -0.231202 -0.409882 4.06547
695 -0.428912 0.357075 4.06547
695 0.340643 0.405769 4.06547
695 -0.889763 0.360045 4.06547
695 -0.21941 0.46839 4.06547
695 -0.220979 0.00102378 -2.21772
695 -0.570527 -0.545528 4.06547
695 -0.203103 0.378806 4.06547
695 0.0226323 0.60206 -2.21772
695 -0.530121 0.631309 4.06547
695 -0.242428 -0.564119 4.06547
695 -0.331947 -0.570703 4.06547
695 0.252363 0.809579 4.06547
695 0.475512 0.368775 4.06547
695 -0.330585 -0.974456 4.06547
695 -0.177209 0.266066 -2.21772
695 -0.194423 0.717885 4.06547
695 -0.250966 0.0431197 4.06547
695 -0.346513 -0.132664 4.06547
695 0.0574219 0.0575096 4.06547
695 -0.559106 -0.662569 4.06547
695 0.18447 -0.564156 -2.21772
695 0.394752 0.223494 4.06547
695 0.152734 0.434155 4.06547
695 0.37251 -0.373659 4.06547
695 -0.148272 -1.01923 4.06547
695 0.320437 0.841713 4.06547
695 -0.434814 -0.068544 4.06547
695 -0.694596 0.159244 4.06547
695 0.161338 0.893167 4.06547
695 0.941679 0.39445 4.06547
695 0.312964 0.729308 4.06547
695 -0.574314 -0.0634441 -2.21772
695 0.46482 -0.849907 4.06547
695 0.353052 -0.602854 4.06547
695 0.459389 -0.339597 4.06547
695 0.902733 0.341895 4.06547
695 0.674716 0.691838 4.06547
695 -0.759044 0.258852 4.06547
695 0.17305 0.673041 4.06547
695 -0.132632 0.438632 -2.21772
695 -0.679558 -0.240718 4.06547
695 0.148388 -0.750258 4.06547
695 0.532789 -0.695063 4.06547
695 0.231019 0.213546 4.06547
695 -0.0182865 0.905786 4.06547
695 -0.538476 -0.204103 -2.21772
695 0.409292 -0.618262 4.06547
695 -0.865671 0.415093 4.06547
695 0.392671 -0.771939 4.06547
695 0.303565 -0.315566 4.06547
695 0.913762 0.0125668 4.06547
695 -0.359108 -0.281999 4.06547
695 -0.086481 -0.232504 4.06547
695 -0.56776 0.229371 4.06547
695 -0.363176 0.130345 4.06547
695 0.22053 0.707175 4.06547
695 -0.851593 -0.456238 4.06547
695 -0.101461 0.685114 4.06547
695 -0.0506141 0.958002 -2.21772
695 -0.83596 0.46779 4.06547
695 0.364484 -0.905348 4.06547
695 -0.821139 -0.614906 -2.21772
695 -0.489867 0.0581475 4.06547
695 0.00485509 0.552062 -2.21772
695 -0.461638 -0.38197 4.06547
695 0.60909 -0.458992 4.06547
695 0.861548 0.0404237 4.06547
695 0.294446 -0.987596 4.06547
695 0.278485 -0.53827 4.06547
695 -0.307128 0.491373 4.06547
695 0.276743 0.637154 4.06547
695 0.427099 -0.524927 4.06547
695 0.320536 0.26464 4.06547
695 -0.192468 0.880888 4.06547
695 0.409071 -0.0985157 4.06547
695 -0.499978 0.804664 4.06547
695 0.700967 -0.675066 -2.21772
695 -0.0213461 -1.03127 4.06547
695 0.0922995 -0.739738 -2.21772
695 -0.186736 -0.635825 -2.21772
695 0.0365803 0.0107002 4.06547
695 -0.111506 0.951645 4.06547
695 -0.361116 0.831286 -2.21772
695 -0.360968 -0.783337 4.06547
695 -0.198054 0.128263 4.06547
695 0.0115801 -0.483632 4.06547
695 -0.951102 0.185372 4.06547
695 -0.126823 -0.908723 4.06547
695 -0.82961 0.360732 4.06547
695 0.530677 0.179598 4.06547
695 -0.153944 -0.796758 4.06547
695 0.0452446 -1.03132 -2.21772
695 0.443823 -0.432205 4.06547
695 -0.520484 0.376507 4.06547
695 0.63526 0.794494 4.06547
695 -0.425931 -0.517407 4.06547
695 -0.749017 0.154393 4.06547
695 0.143583 0.525743 4.06547
695 -0.259656 0.304044 4.06547
695 0.228151 0.651176 4.06547
695 -0.367874 -0.385503 4.06547
695 -0.0492806 0.126421 4.06547
695 0.406974 -0.332061 4.06547
695 0.684844 0.222295 4.06547
695 0.424051 0.271029 4.06547
695 0.0394635 0.652792 -2.21772
695 0.693343 0.585439 4.06547
695 -0.24129 -0.0415186 4.06547
695 -0.87499 -0.403751 -2.21772
695 -0.139158 -0.410404 -2.21772
695 -0.440397 0.554857 4.06547
695 -0.188188 0.570676 4.06547
695 0.260891 0.749921 4.06547
695 -0.406362 0.0346222 4.06547
695 -0.231314 0.761388 4.06547
695 -0.0645262 -0.556416 4.06547
695 0.167687 -0.326099 4.06547
695 0.250796 -0.0916867 4.06547
695 1.01981 -0.104179 4.06547
695 -0.231547 -0.46406 4.06547
695 0.52269 0.472834 4.06547
695 0.923863 -0.302727 4.06547
695 0.469702 0.0859508 4.06547
695 0.0917052 0.518805 4.06547
695 0.5296 0.800174 4.06547
695 -0.0282521 -0.519371 4.06547
695 -0.0301257 0.596043 4.06547
695 -0.845621 0.0413647 -2.21772
695 -0.287994 0.913097 4.06547
695 0.00821245 0.698379 4.06547
695 0.292159 -0.0458759 -2.21772
695 -0.249024 0.128723 -2.21772
695 0.179116 -0.37757 4.06547
695 -0.934975 -0.232193 4.06547
695 -0.0162532 -0.0629618 -2.21772
695 0.984092 -0.292188 4.06547
695 0.261057 0.174078 4.06547
695 -0.594166 -0.280719 -2.21772
695 -0.554309 -0.727836 4.06547
695 0.469737 -0.917367 -2.21772
695 -0.493407 0.537507 4.06547
695 0.727498 0.254103 4.06547
695 -0.0773948 0.90059 4.06547
695 0.512414 -0.34696 -2.21772
695 -0.211086 0.99178 -2.21772
695 -0.209647 0.663457 4.06547
695 0.057842 0.558199 4.06547
695 -0.350822 -0.181557 4.06547
695 -0.017027 -0.715991 4.06547
695 -0.0844663 -0.859992 4.06547
695 0.666434 -0.467797 4.06547
695 -3.92012e-05 0.409156 4.06547
695 0.541766 0.631863 4.06547
695 0.63924 0.481153 4.06547
695 -1.01845 0.0656368 -2.21772
695 0.336608 -0.413873 4.06547
695 -0.892255 -0.191015 4.06547
695 0.55658 -0.597946 4.06547
695 -0.379078 0.372376 4.06547
695 0.761075 -0.0199303 4.06547
695 -0.0706204 -0.70696 4.06547
695 0.6046 0.0180442 4.06547
695 0.257409 0.446237 4.06547
695 0.388425 -0.282358 4.06547
695 -0.0688349 0.794416 -2.21772
695 0.964646 -0.0725181 4.06547
695 0.0811732 -0.297939 -2.21772
695 -0.843537 -0.152761 4.06547
695 -0.241051 -0.884711 4.06547
695 1.012 0.147819 4.06547
695 -0.86177 -0.0151353 4.06547
695 0.265604 0.354636 4.06547
695 0.734655 0.706784 4.06547
695 0.0715669 -0.0236234 -2.21772
695 0.136655 -0.27948 4.06547
695 0.0683598 0.75424 4.06547
695 -0.481612 0.19953 4.06547
695 -0.496733 -0.240626 4.06547
695 -0.118197 0.261816 4.06547
695 0.819134 0.282609 4.06547
695 1.02321 -0.0411237 4.06547
695 0.16726 -0.801767 4.06547
695 -0.513015 0.430006 4.06547
695 0.607415 0.339612 4.06547
695 0.197079 0.535509 4.06547
695 -0.733314 0.0530821 4.06547
695 -0.615533 -0.446443 4.06547
695 0.760946 0.489987 4.06547
695 0.583673 0.277954 4.06547
695 -0.714697 0.10625 4.06547
695 -0.448302 -0.221545 4.06547
695 -0.428444 0.608577 4.06547
695 0.72623 -0.474335 4.06547
695 -0.623252 -0.57306 4.06547
695 0.873698 0.265612 4.06547
695 -0.655142 -0.793148 4.06547
695 -0.450069 -0.859995 4.06547
695 0.640552 0.385959 4.06547
695 0.0975004 -0.899022 4.06547
695 0.329898 -0.137962 4.06547
695 -0.209022 -0.784728 4.06547
695 -0.385586 0.083545 4.06547
695 -0.157323 0.833156 -2.21772
695 0.0233827 -0.0375689 4.06547
695 -0.139263 -0.458631 4.06547
695 0.0742112 -0.686075 4.06547
695 -0.416959 -0.411034 -2.21772
695 -0.474798 -0.544875 4.06547
695 -0.167421 0.479864 4.06547
695 -0.412468 -0.756714 4.06547
695 -0.550422 0.282487 4.06547
695 -0.270017 0.452961 4.06547
695 -0.34144 -0.90947 4.06547
695 -0.0834607 -0.654434 4.06547
695 -0.456179 -0.327427 4.06547
695 -0.356657 0.476675 4.06547
695 0.761788 -0.0739406 4.06547
695 -0.951253 -0.103936 4.06547
695 -0.717727 -0.644946 4.06547
695 0.912478 -0.050463 4.06547
695 0.231064 -0.82182 4.06547
695 -0.826797 0.095563 4.06547
695 -0.769341 0.102024 4.06547
695 0.399674 -0.190509 -2.21772
695 0.625146 -0.820404 4.06547
695 -0.44892 0.160621 4.06547
695 -0.584874 -0.221375 4.06547
695 -0.373865 -0.661415 4.06547
695 0.341119 0.220711 4.06547
695 -0.780983 0.203771 4.06547
695 0.221991 0.588531 4.06547
695 0.674466 -0.367992 4.06547
695 -0.127437 -0.20224 -2.21772
695 0.546068 -0.747764 4.06547
695 -0.285908 0.746227 4.06547
695 0.266561 -0.773868 4.06547
695 -0.376936 -0.601245 4.06547
695 -0.405145 -0.820824 4.06547
695 0.476371 0.179859 4.06547
695 -0.21014 -1.008 -2.21772
695 0.460739 0.567451 4.06547
695 -0.0819643 -0.181157 4.06547
695 0.637169 0.190006 4.06547
695 -0.115828 -0.551491 4.06547
695 -0.0134699 0.647189 4.06547
695 0.550457 0.131028 -2.21772
695 -0.678416 -0.0864273 4.06547
695 0.270985 0.261904 4.06547
695 1.01969 0.0848968 4.06547
695 0.884888 0.505159 -2.21772
695 -0.0118206 -0.569488 4.06547
695 -0.815102 0.253854 -2.21772
695 0.857242 0.0999322 4.06547
695 -0.473016 -0.0325223 4.06547
695 -0.772816 0.46387 4.06547
695 0.88003 -0.247225 4.06547
695 0.820868 0.49852 4.06547
695 -0.524079 -0.515781 4.06547
695 -0.0924611 0.305328 4.06547
695 -0.0946113 -0.393985 4.06547
695 0.36183 0.707779 4.06547
695 0.24506 -0.0452894 4.06547
695 -0.0428857 -0.813089 4.06547
695 0.9036 -0.361795 4.06547
695 -0.0987171 -0.805306 4.06547
695 -1.02025 -0.0568585 4.06547
695 0.390657 -0.564816 4.06547
695 -0.594294 -0.332829 4.06547
695 -0.172371 -0.225414 4.06547
695 -0.316795 0.436136 -2.21772
695 -1.00987 -0.114444 4.06547
695 -0.274966 -0.384207 4.06547
695 -0.726784 0.207484 4.06547
695 -0.222993 -0.304312 4.06547
695 -0.173348 0.0838791 4.06547
695 0.092997 0.655339 4.06547
695 0.966977 -0.0123199 4.06547
695 0.0934224 -0.250627 -2.21772
695 -0.457261 0.020198 4.06547
695 -0.00936469 0.223127 4.06547
695 -0.187002 -0.43571 4.06547
695 -0.534835 0.188097 4.06547
695 0.541527 -0.0661337 4.06547
695 0.581005 0.383221 4.06547
695 -0.771061 0.359784 4.06547
695 -0.248313 0.704449 4.06547
695 0.908042 -0.115437 4.06547
695 0.0640142 -0.0721545 4.06547
695 0.268243 -0.221674 4.06547
695 -0.010653 -0.92221 4.06547
695 0.156823 0.787987 4.06547
695 -0.655483 -0.479691 4.06547
695 -0.11902 0.632603 4.06547
695 0.234299 -0.14015 4.06547
695 0.613969 0.0670675 4.06547
695 0.200236 -0.0588519 -2.21772
695 0.265174 0.0876698 4.06547
695 -0.759035 -0.603093 4.06547
695 0.84469 -0.587582 4.06547
695 -0.546014 -0.314003 4.06547
695 0.36931 0.178308 4.06547
695 0.0740854 0.957672 4.06547
695 -0.256275 0.506496 4.06547
695 -0.00838383 -0.390458 4.06547
695 0.594488 0.626465 4.06547
695 -0.403726 0.720289 4.06547
695 -0.503035 0.482505 4.06547
695 0.0876267 -0.404319 4.06547
695 -0.670257 -0.536375 -2.21772
695 -0.5189 -0.461046 4.06547
695 0.67065 0.434652 -2.21772
695 -0.948691 -0.168538 4.06547
695 0.472794 -0.246859 4.06547
695 0.216223 0.879344 4.06547
695 0.499291 0.0362161 4.06547
695 0.655633 -0.0743346 4.06547
695 -0.322477 -0.41129 4.06547
695 0.370128 0.883618 4.06547
695 0.0486959 -0.43707 -2.21772
695 -0.737657 0.61987 4.06547
695 0.425931 0.614832 4.06547
695 0.17229 0.729695 4.06547
695 0.0092111 0.317588 4.06547
695 -0.610284 0.435269 4.06547
695 0.478301 0.896577 4.06547
695 -0.11564 0.488369 4.06547
695 0.573998 -0.502417 4.06547
695 0.182681 0.391975 4.06547
695 0.252427 -0.943299 4.06547
695 -0.705403 0.260474 4.06547
695 0.700903 0.387515 4.06547
695 -0.396573 -0.886342 4.06547
695 0.585353 0.829336 -2.21772
695 0.320165 -0.364678 -2.21772
695 -0.808998 0.520372 -2.21772
695 0.791183 0.33987 -2.21772
695 -0.0115456 0.270053 4.06547
695 0.344393 0.0442658 4.06547
695 -0.0855069 -1.02683 -2.21772
695 0.182213 -0.709792 4.06547
695 0.599718 -0.308411 4.06547
695 -0.5998 -0.763381 4.06547
695 0.154273 0.161388 4.06547
695 0.537269 -0.545179 4.06547
695 -0.252918 -0.825703 -2.21772
695 0.293044 0.0451822 4.06547
695 0.289114 -0.820959 4.06547
695 -0.502617 0.74497 4.06547
695 -0.798893 0.629709 4.06547
695 -0.203943 0.519624 4.06547
695 0.382539 -0.714718 4.06547
695 -0.662958 -0.613153 -2.21772
695 0.295905 -0.588004 4.06547
695 0.385742 0.505519 4.06547
695 0.641642 -0.172669 4.06547
695 0.163949 -0.655573 4.06547
695 -0.303539 0.69033 4.06547
695 0.347549 -0.184531 4.06547
695 -0.020212 0.359296 4.06547
695 0.0419008 0.805108 4.06547
695 0.71323 0.00757997 4.06547
695 -0.147914 -0.59201 4.06547
695 -0.370865 -0.437896 4.06547
695 0.43106 -0.14745 4.06547
695 0.10488 -0.152354 4.06547
695 0.84935 0.329964 4.06547
695 0.419678 0.0875682 4.06547
695 -0.451441 -0.273628 4.06547
695 0.334697 -0.551574 4.06547
695 -0.928978 0.414494 4.06547
695 -0.235074 0.41579 4.06547
695 0.73032 -0.374588 4.06547
695 0.0619511 -0.123033 -2.21772
695 0.804874 -0.163551 4.06547
695 0.306153 0.787866 4.06547
695 -0.438389 0.0722451 4.06547
695 -0.397887 0.51617 4.06547
695 -0.5879 0.176806 4.06547
695 0.845958 -0.366827 4.06547
695 0.783871 0.238345 4.06547
695 -0.470953 0.646998 -2.21772
695 -0.715521 -0.0480923 4.06547
695 -0.225538 0.0841735 4.06547
695 -0.330558 -0.5147 4.06547
695 -0.615396 0.808338 4.06547
695 -0.851301 0.306333 4.06547
695 -0.0413362 0.310395 4.06547
695 0.0445127 1.01414 4.06547
695 -0.403573 0.873128 4.06547
695 -0.378281 -0.543934 -2.21772
695 0.425259 -0.38197 4.06547
695 -0.361263 0.678464 4.06547
695 -0.0506348 -0.033375 4.06547
695 -0.200674 0.219787 4.06547
695 0.81167 0.00905228 4.06547
695 -0.803989 -0.00229896 -2.21772
695 -0.849958 -0.0987155 4.06547
695 -0.502112 0.148813 4.06547
695 -0.0471853 0.545547 4.06547
695 -0.781064 -0.214332 4.06547
695 0.914408 0.45086 4.06547
695 -0.00496553 -0.342534 4.06547
695 -0.353488 0.0452173 4.06547
695 0.910811 0.0743758 -2.21772
695 0.57055 -0.858874 -2.21772
695 0.272151 0.692296 4.06547
695 -0.622832 0.319841 4.06547
695 -0.418424 0.410421 4.06547
695 -0.184171 -0.89864 4.06547
695 0.0220947 0.180756 4.06547
695 0.416535 0.460218 -2.21772
695 0.332409 0.49909 -2.21772
695 -0.114957 -0.0984182 4.06547
695 -0.490602 -0.135629 4.06547
695 -0.270751 -0.332208 4.06547
695 -0.403368 -0.253077 4.06547
695 -0.399789 -0.202165 4.06547
695 -0.306042 -0.205793 4.06547
695 0.50345 -0.203929 4.06547
695 0.372044 0.647815 4.06547
695 0.0257541 -0.531591 4.06547
695 -0.470042 0.110324 4.06547
695 -0.148734 1.00321 -2.21772
695 -0.963434 -0.0457457 -2.21772
695 0.63732 -0.662614 4.06547
695 0.499515 -0.588758 4.06547
695 0.112037 -0.0569959 4.06547
695 -0.0808108 -0.504198 4.06547
695 0.0781823 -0.354461 4.06547
695 0.198405 -0.106424 -2.21772
695 0.323843 0.605623 4.06547
695 0.585019 0.172879 4.06547
695 -0.328477 0.384885 4.06547
695 -0.263607 -0.768041 4.06547
695 -0.310263 -0.256443 4.06547
695 -0.0271824 -0.867096 4.06547
695 0.76512 -0.688271 4.06547
695 -0.346181 0.530487 4.06547
695 0.0765178 0.606698 4.06547
695 -0.0572397 -0.759777 4.06547
695 0.532661 -0.397915 4.06547
695 -0.0882665 0.738468 4.06547
695 0.755148 0.090712 -2.21772
695 -0.78923 -0.159438 4.06547
695 0.517889 -0.492542 -2.21772
695 -0.0446967 0.850455 4.06547
695 -0.20715 -0.148354 4.06547
695 -0.0421366 -0.470157 -2.21772
695 0.49819 -0.440839 -2.21772
695 -0.745147 0.410233 4.06547
695 0.508099 -0.81276 4.06547
695 -0.111685 -0.751485 4.06547
695 -0.280383 0.255484 4.06547
695 -0.146142 0.301483 -2.21772
695 -0.048933 -0.973563 4.06547
695 0.303349 0.96922 4.06547
695 -0.418171 -0.693247 4.06547
695 0.232354 -1.00476 4.06547
695 0.369996 0.361007 4.06547
695 0.191065 -0.954854 4.06547
695 -0.135263 -0.645223 4.06547
695 -3.77827e-05 -0.436894 4.06547
695 -0.546264 0.514525 4.06547
695 0.13041 0.245502 4.06547
695 -0.173942 0.174994 4.06547
695 1.00032 0.210166 4.06547
695 0.498884 0.22694 -2.21772
695 0.122328 0.475834 4.06547
695 -0.537012 0.573205 4.06547
695 -0.750028 -0.000625296 4.06547
695 -0.0779664 0.00116899 4.06547
695 0.462504 -0.635243 -2.21772
695 -0.619904 0.220397 4.06547
695 -0.973085 0.29847 -2.21772
695 0.852367 0.557446 4.06547
695 -0.897847 -0.0688847 4.06547
695 -0.319995 0.00628547 4.06547
695 0.740519 0.199932 4.06547
695 -0.493161 0.286824 4.06547
695 -0.17647 -0.688938 4.06547
695 0.186799 -0.852794 4.06547
695 0.0935974 -0.59117 4.06547
695 0.352691 0.550379 4.06547
695 0.699183 -0.422007 4.06547
695 -0.394846 0.318522 4.06547
695 0.810115 -0.106123 4.06547
695 0.637467 -0.262933 4.06547
695 0.128512 -0.849155 4.06547
695 0.566747 0.078721 4.06547
695 0.450393 0.319418 4.06547
695 0.0388458 -0.325914 4.06547
695 -0.823125 -0.054389 4.06547
695 0.611746 -0.216254 4.06547
695 0.146848 -0.603306 4.06547
695 0.606207 0.527417 4.06547
695 -0.491459 -0.186943 4.06547
695 -0.528394 0.327016 4.06547
695 0.0386411 0.509014 -2.21772
695 0.670189 -0.217387 4.06547
695 -0.386777 0.569665 -2.21772
695 -0.705969 0.559964 4.06547
695 -0.588708 0.549475 4.06547
695 0.268121 -0.352917 4.06547
695 -0.229359 -0.675061 -2.21772
695 -0.469639 0.394084 4.06547
695 -0.885824 0.0925112 4.06547
695 -0.73592 -0.104315 4.06547
695 -0.522197 0.0967432 4.06547
695 0.0596587 0.326047 4.06547
695 0.951209 -0.188011 4.06547
695 -0.334844 -0.0380571 -2.21772
695 0.217866 -0.897331 4.06547
695 -0.226021 0.61057 4.06547
695 -0.772852 -0.481077 4.06547
695 0.355166 -0.324065 4.06547
695 0.912363 -0.474947 -2.21772
695 0.240828 0.0420036 4.06547
695 -0.412717 -0.358003 4.06547
695 -0.74023 -0.534635 4.06547
695 0.478601 -0.39001 4.06547
695 0.340586 -0.802376 4.06547
695 -0.148879 0.0359503 -2.21772
695 -0.168333 -0.95817 4.06547
695 0.317735 0.357676 4.06547
695 -0.419304 0.810741 4.06547
695 -0.964632 0.0228379 4.06547
695 -0.10161 -0.0489627 -2.21772
695 -0.581946 0.610549 4.06547
695 0.129612 -0.372032 4.06547
695 -0.711669 0.367853 4.06547
695 0.518671 0.0834487 4.06547
695 0.130555 -0.957437 4.06547
695 0.395703 0.0422246 4.06547
695 0.243362 0.307647 4.06547
695 0.499844 0.41883 4.06547
695 -0.46803 -0.435742 -2.21772
695 0.12 -0.324884 4.06547
695 -0.424785 -0.572806 4.06547
695 0.10105 0.425933 4.06547
695 0.557052 0.325253 4.06547
695 -0.607135 0.745625 4.06547
695 -0.276372 0.168327 4.06547
695 -0.534755 -0.100427 4.06547
695 0.616618 -0.608334 -2.21772
695 -0.514395 0.683862 4.06547
695 -0.272462 0.976719 4.06547
695 0.251732 -0.301968 4.06547
695 -0.735281 0.313361 4.06547
695 -0.0131499 0.50209 4.06547
695 0.0832509 0.237891 -2.21772
695 0.0773583 -0.975903 4.06547
695 0.234802 -0.719971 4.06547
695 0.17474 0.484191 4.06547
695 0.289196 -0.727599 4.06547
695 0.36829 -0.00244809 4.06547
695 0.445385 -0.795655 4.06547
695 0.390494 -0.0505648 4.06547
695 0.611118 0.431441 4.06547
695 0.447283 0.0396655 4.06547
695 0.587142 -0.406108 4.06547
695 0.0280208 0.0937239 4.06547
695 0.691758 -0.520592 4.06547
695 -0.166707 -0.171828 4.06547
695 -0.201703 -0.0993581 4.06547
695 -0.631179 0.6449 4.06547
695 -0.554911 0.136042 4.06547
695 -0.296876 -0.104915 -2.21772
695 -0.484505 -0.0845351 4.06547
695 0.760818 0.036434 4.06547
695 -0.929096 0.133642 4.06547
695 0.595132 -0.555289 4.06547
695 -0.4502 0.500832 4.06547
695 -0.507852 0.00502364 4.06547
695 0.0365046 0.230305 4.06547
695 0.0964276 -0.200702 4.06547
695 0.562154 -0.116887 4.06547
695 -0.552904 -0.37077 4.06547
695 0.861889 -0.0799663 4.06547
695 -0.0344702 -0.161693 4.06547
695 0.721262 -0.734568 4.06547
695 0.447311 0.225546 4.06547
695 0.019427 0.459237 4.06547
695 0.141312 0.294801 4.06547
695 0.476885 0.273956 4.06547
695 -0.445436 -0.926897 4.06547
695 -0.767688 -0.0549548 4.06547
695 -0.903202 0.0401597 4.06547
695 0.110022 -0.793688 4.06547
695 -0.0517768 -0.419806 -2.21772
695 0.951027 0.171304 4.06547
695 0.222691 -0.525133 -2.21772
695 0.269057 0.862069 4.06547
695 -0.0225387 0.0846641 -2.21772
695 0.146314 -0.179139 4.06547
695 0.240701 0.987221 4.06547
695 -0.064002 0.264107 4.06547
695 0.418518 -0.00524441 4.06547
695 0.61531 0.676962 4.06547
695 0.468768 -0.00860888 4.06547
695 0.490845 -0.0587427 4.06547
695 0.424498 0.859368 4.06547
695 -0.513385 0.875561 -2.21772
695 0.63171 0.578684 4.06547
695 -0.373 -0.00255398 4.06547
695 -0.0939291 -0.337569 4.06547
695 0.0553034 -0.171664 4.06547
695 0.473826 0.772089 4.06547
695 -0.273624 -0.00288438 4.06547
695 0.42142 0.923785 4.06547
695 0.667002 -0.126243 4.06547
695 0.371858 0.821338 4.06547
695 -0.916655 -0.455692 4.06547
695 0.656576 0.631911 4.06547
695 0.283367 -0.402636 4.06547
695 0.127754 -0.696707 4.06547
695 -0.218243 -0.251582 4.06547
695 0.257834 0.92523 4.06547
695 -0.805381 -0.425242 4.06547
695 0.191994 0.30297 4.06547
695 -0.331576 0.0905412 4.06547
695 -0.392055 -0.10229 4.06547
695 0.0385629 -0.384163 4.06547
695 0.411234 0.683387 4.06547
695 0.857524 -0.141491 4.06547
695 -0.641467 -0.349818 4.06547
695 0.647671 0.14065 -2.21772
695 0.130933 0.384665 4.06547
695 0.368851 0.0889374 4.06547
695 -0.278332 0.394657 4.06547
695 0.0503278 -0.927167 4.06547
695 -0.280355 0.597939 4.06547
695 0.155293 -0.0745028 4.06547
695 0.422733 0.797461 4.06547
695 -0.686726 -0.186757 4.06547
695 0.123099 -0.0130301 4.06547
695 -0.277082 -0.437348 4.06547
695 -0.393555 0.935852 -2.21772
695 0.272324 0.587616 -2.21772
695 0.175632 1.00077 4.06547
695 -0.35185 -0.845601 4.06547
695 0.2897 0.132613 4.06547
695 -0.994282 -0.228869 4.06547
695 -0.641952 0.701903 4.06547
695 0.70674 0.0607009 4.06547
695 -0.423176 -0.0169951 4.06547
695 0.357715 -0.0946621 -2.21772
695 -0.0024547 -0.29165 -2.21772
695 -0.0529136 -0.365523 4.06547
695 -0.516139 -0.630553 4.06547
695 0.0652349 0.702697 4.06547
695 0.412658 -0.945846 4.06547
695 -0.484181 0.593207 -2.21772
695 -0.580436 0.670624 -2.21772
695 -0.155517 0.675364 4.06547
695 -0.466282 -0.661958 4.06547
695 0.424331 -0.676256 4.06547
695 -0.426625 0.2087 4.06547
695 -0.782605 -0.664337 4.06547
695 -0.376514 -0.489457 4.06547
695 0.463705 0.716411 4.06547
695 -0.310585 0.135873 4.06547
695 -0.553486 -0.865953 -2.21772
695 -0.689956 -0.335818 4.06547
695 0.758776 -0.426109 4.06547
695 0.0745828 0.853111 -2.21772
695 -0.459876 0.447184 4.06547
695 -0.88826 -0.510599 4.06547
695 -0.344299 0.33337 4.06547
695 0.717047 -0.574164 4.06547
695 -0.319241 -0.358954 4.06547
695 -0.135587 -0.30687 4.06547
695 -0.0206748 1.01467 4.06547
695 -0.625877 -0.0789326 4.06547
695 -0.330178 -0.62945 4.06547
695 -0.962252 -0.344114 4.06547
695 0.510556 0.677741 4.06547
695 -0.443925 -0.169513 4.06547
695 0.728117 0.538316 4.06547
695 0.440156 -0.289641 4.06547
695 0.0708893 0.468085 4.06547
695 0.478305 -0.693752 4.06547
695 0.587611 -0.165805 4.06547
695 -0.279054 0.0929937 -2.21772
695 -0.380763 0.770926 4.06547
695 0.163323 0.0768379 -2.21772
695 -0.281355 -0.65491 4.06547
695 -0.601785 -0.391754 4.06547
695 -0.0987299 0.125218 4.06547
695 0.111763 -1.02522 4.06547
695 -0.171269 0.941956 -2.21772
695 0.336022 -0.750915 4.06547
695 -0.575908 0.341625 4.06547
695 0.140465 -0.419224 -2.21772
695 -0.140974 -0.852043 4.06547
695 0.125409 0.692426 -2.21772
695 -0.30168 -0.155456 4.06547
695 -0.227066 -0.945554 4.06547
695 0.446471 0.414699 4.06547
695 -0.323992 -0.463865 4.06547
695 0.229679 -0.249197 4.06547
695 0.985728 0.272134 4.06547
695 -0.871354 0.524743 4.06547
695 -0.831094 -0.367635 4.06547
695 -0.0357649 0.745326 4.06547
695 -0.551173 -0.797858 4.06547
695 -0.633507 0.582454 4.06547
695 0.44748 0.133894 4.06547
695 -0.730151 -0.221645 -2.21772
695 0.272643 -0.675124 -2.21772
695 -0.561992 0.841943 4.06547
695 -0.266132 -0.281112 4.06547
695 0.723923 -0.226345 4.06547
695 -0.342253 0.177392 4.06547
695 -0.539618 -0.151958 4.06547
695 -0.151255 0.221911 4.06547
695 -0.180901 -0.331343 -2.21772
695 0.408343 -0.473627 -2.21772
695 -0.342298 0.730699 4.06547
695 0.316758 -0.501434 4.06547
695 0.161077 0.343661 4.06547
695 -0.10032 0.0406623 4.06547
695 -0.630334 -0.241416 4.06547
695 -0.172216 0.622463 4.06547
695 0.750392 -0.180636 4.06547
695 -0.521581 -0.57375 -2.21772
695 0.529062 0.372242 4.06547
695 0.119536 0.744514 4.06547
695 1.0126 -0.168298 -2.21772
695 -0.416021 0.664132 4.06547
695 0.935987 -0.244103 4.06547
695 -0.744538 -0.328725 -2.21772
695 0.330822 -0.691226 4.06547
695 0.390083 -0.42339 4.06547
695 -0.0137231 -0.00250401 4.06547
695 0.305365 -0.091319 4.06547
695 -0.333757 0.584185 4.06547
695 -0.0757494 -0.131252 4.06547
695 -0.585697 -0.116023 4.06547
695 -0.345548 0.89431 4.06547
695 -0.57146 -0.483863 4.06547
695 0.10992 1.00963 -2.21772
695 0.345891 0.312775 4.06547
695 -0.159864 -0.117194 4.06547
695 0.758625 -0.323034 4.06547
695 0.478082 0.832876 4.06547
695 -0.440952 0.298766 4.06547
695 -0.999223 0.119361 4.06547
695 -0.612559 0.381803 4.06547
695 0.741838 -0.629597 4.06547
695 0.280182 -0.134236 -2.21772
695 0.213499 0.0829265 4.06547
695 -0.184075 -0.48855 4.06547
695 -0.070258 0.352995 4.06547
695 0.363338 0.948062 4.06547
695 0.17827 -0.255292 4.06547
695 -0.836818 0.198725 4.06547
695 0.317343 0.0896302 4.06547
695 -0.644402 0.0184457 4.06547
695 -0.515365 0.239512 4.06547
695 -0.876092 -0.251777 4.06547
695 0.863329 -0.019034 4.06547
695 -0.711394 0.449979 4.06547
695 -0.558648 0.459324 4.06547
695 0.923104 0.288044 4.06547
695 -0.66143 -0.0347445 4.06547
695 0.686068 0.753236 4.06547
695 -0.177245 0.774784 4.06547
695 0.208247 -0.76689 4.06547
695 -0.601872 0.494318 4.06547
695 0.709953 -0.0507058 4.06547
695 0.457161 0.658834 4.06547
695 0.33338 -0.859896 4.06547
695 -0.541155 0.0437292 4.06547
695 0.580204 0.476651 4.06547
695 -0.669082 0.413645 4.06547
695 -0.0461936 -0.609677 4.06547
695 -0.679887 0.0609449 4.06547
695 -0.554775 0.78207 -2.21772
695 0.624736 0.733658 4.06547
695 -0.461666 -0.726657 4.06547
695 0.110113 0.335098 4.06547
695 -0.0990392 0.538515 4.06547
695 -0.332614 0.243831 -2.21772
695 -0.692357 0.668204 4.06547
695 -0.125404 0.17312 4.06547
695 -0.341742 -0.084923 4.06547
695 0.122741 0.198299 4.06547
695 0.0413743 -0.581399 4.06547
695 0.421056 -0.23988 4.06547
695 0.699687 0.485304 4.06547
695 -0.456632 -0.792709 4.06547
695 -0.598728 0.275338 4.06547
695 0.313506 -0.638765 4.06547
695 0.207563 0.169463 4.06547
695 -0.368805 -0.722071 -2.21772
695 0.790779 0.43911 4.06547
695 0.0716106 0.189493 4.06547
695 -0.690979 -0.437533 4.06547
695 0.891583 0.19929 4.06547
695 0.108192 -0.104007 4.06547
695 0.267415 0.000807843 4.06547
695 0.549194 0.227496 4.06547
695 -0.823002 -0.50512 -2.21772
695 -0.951496 0.0805407 4.06547
695 0.753483 -0.527093 4.06547
695 -0.0550737 0.21798 4.06547
695 -0.135108 0.580911 4.06547
695 0.0010618 -0.240194 4.06547
695 0.838671 0.220971 -2.21772
695 -0.916939 -0.0149134 4.06547
695 -0.00191594 -0.768925 4.06547
695 -0.910856 0.30382 4.06547
695 0.795928 0.181195 4.06547
695 -0.651204 -0.728715 4.06547
695 -0.897802 -0.34998 4.06547
695 0.0547355 -0.782945 4.06547
695 0.00546026 -0.621753 4.06547
695 0.223359 0.259346 4.06547
695 0.409624 0.555858 4.06547
695 0.658668 0.0888641 4.06547
695 -0.253032 -0.134628 4.06547
695 0.231108 -0.392151 4.06547
695 -0.311515 0.294612 4.06547
695 0.716288 0.644692 4.06547
695 0.422603 0.364819 4.06547
695 -0.770508 0.570701 4.06547
695 -0.500412 -0.898073 -2.21772
695 0.248223 0.538841 4.06547
695 0.61628 -0.119851 4.06547
695 -0.737842 -0.703138 4.06547
695 -0.835804 -0.208489 4.06547
695 -0.28576 -0.539766 -2.21772
695 -0.121095 0.347371 4.06547
695 -0.165666 -0.742487 4.06547
695 0.0806149 0.103282 4.06547
695 -0.184046 0.429633 -2.21772
695 0.000504492 0.132713 -2.21772
695 0.459896 -0.103256 4.06547
695 0.849744 -0.47787 4.06547
695 0.566142 -0.353811 -2.21772
695 -0.0484116 -0.313635 4.06547
695 0.568515 -0.0217298 4.06547
695 0.00506892 0.0458069 4.06547
695 -0.127099 -0.00995452 4.06547
695 -0.448154 0.763521 4.06547
695 0.940452 -0.415267 4.06547
695 0.642484 -0.41429 4.06547
695 -0.226862 -0.517341 4.06547
695 0.492641 -0.296512 4.06547
695 -0.208708 0.309483 4.06547
695 0.674504 -0.778275 -2.21772
695 -0.085277 1.01098 -2.21772
695 -0.197142 -0.581873 4.06547
695 -0.713297 -0.383673 4.06547
695 0.503461 0.32275 4.06547
695 0.689754 0.289144 4.06547
695 0.305964 -0.919213 4.06547
695 -0.374324 0.62392 4.06547
695 0.633787 0.297626 4.06547
695 -0.284864 -0.929262 4.06547
695 0.0321272 -0.875163 -2.21772
695 -0.900373 -0.131086 4.06547
695 -0.47002 -0.601901 4.06547
695 -0.317064 -0.74706 -2.21772
695 0.575802 -0.650875 4.06547
695 0.966396 0.334743 -2.21772
695 0.168641 -0.515012 4.06547
695 0.777678 0.657963 4.06547
695 0.803101 0.123398 4.06547
695 -0.459517 0.247565 -2.21772
695 -0.197198 -0.840976 4.06547
695 0.757451 -0.2706 4.06547
695 0.293568 -0.179385 4.06547
695 -0.697352 0.00706286 4.06547
695 0.710884 -0.103516 4.06547
695 0.964715 -0.35431 4.06547
695 0.204616 0.440468 4.06547
695 0.896836 -0.182607 4.06547
695 0.237166 -0.187502 4.06547
695 -0.122412 -0.149881 -2.21772
695 -0.297059 -0.866956 -2.21772
695 0.557189 -0.20984 -2.21772
695 -0.505984 -0.761311 -2.21772
695 0.470218 0.465464 4.06547
695 -0.856265 -0.563345 4.06547
695 -0.588444 -0.167974 4.06547
695 -0.607788 0.124303 -2.21772
695 -0.805296 0.149045 4.06547
695 0.788945 0.548409 4.06547
695 -0.872159 0.25042 4.06547
695 -0.267685 0.80538 4.06547
695 0.86732 -0.306627 4.06547
695 -0.609893 -0.0243447 4.06547
695 -0.952582 0.356999 4.06547
695 -0.385369 -0.0527653 -2.21772
695 1.02337 0.0217997 4.06547
695 -0.367342 0.424555 4.06547
695 0.0424369 0.90593 4.06547
695 -0.673024 0.212511 4.06547
695 0.10193 0.151188 4.06547
695 -0.856357 -0.309668 4.06547
695 -0.212823 -0.199403 4.06547
695 0.0210564 -0.0928265 4.06547
695 0.073548 -0.839375 4.06547
695 0.0115454 0.95999 4.06547
695 0.620668 -0.031268 4.06547
695 0.642586 0.249103 4.06547
695 0.137105 0.844326 4.06547
695 -0.223558 0.173109 4.06547
695 0.552544 0.427397 4.06547
695 -0.0448657 -0.262093 4.06547
695 0.287857 0.402047 4.06547
695 -0.324823 -0.688496 4.06547
695 -0.476273 0.33928 4.06547
695 -0.655273 -0.401435 4.06547
695 0.90378 0.136353 4.06547
695 -0.050089 0.402238 -2.21772
695 0.806244 -0.639328 4.06547
695 0.821015 0.3884 -2.21772
695 0.0126849 -0.978107 -2.21772
695 -0.659352 0.360779 4.06547
695 0.245707 -0.440604 4.06547
695 -0.151201 0.389227 4.06547
695 -0.804712 0.413866 4.06547
695 0.3754 0.597175 4.06547
695 -0.230038 0.929079 4.06547
695 0.395427 0.134065 4.06547
695 0.371265 -0.656037 4.06547
695 0.631776 -0.512141 4.06547
695 -0.930473 0.246034 4.06547
695 -0.66515 0.766421 -2.21772
695 0.878831 -0.42062 4.06547
695 0.0578824 -0.633141 4.06547
695 0.7 -0.167709 4.06547
695 -0.650844 0.26586 4.06547
695 -0.0316196 -0.662938 4.06547
695 0.481878 -0.153726 4.06547
695 0.144045 0.0292556 4.06547
695 0.153788 -0.466767 -2.21772
695 -0.499005 -0.293705 4.06547
695 -0.509597 -0.694416 4.06547
695 -0.238139 -0.620705 4.06547
695 0.077397 -0.539675 4.06547
695 0.816423 -0.531411 4.06547
695 0.268381 -0.873283 4.06547
695 0.41676 -0.880433 4.06547
695 -0.798785 -0.319629 -2.21772
695 0.103074 0.901241 4.06547
695 -0.0272395 0.173738 4.06547
695 0.210619 0.769919 4.06547
695 -0.323185 0.788476 4.06547
695 0.100805 0.801573 -2.21772
695 -0.276318 -0.490458 4.06547
695 -0.545325 -0.259839 4.06547
695 0.0910668 0.286101 4.06547
695 -0.571136 -0.602573 4.06547
695 0.314955 0.905312 4.06547
695 0.877846 0.395164 4.06547
695 0.203455 -0.294174 4.06547
695 0.849301 0.159381 4.06547
695 0.151873 -0.126053 4.06547
695 0.545742 -0.303098 4.06547
695 0.758998 0.386574 4.06547
695 -0.184337 -0.383555 4.06547
695 -0.354758 -0.231296 4.06547
695 -0.314775 -0.307426 4.06547
695 0.380433 -0.142278 4.06547
695 -0.90076 0.470155 4.06547
695 0.666586 0.532152 4.06547
695 0.363508 0.454735 4.06547
695 -0.292949 0.344616 -2.21772
695 0.788601 -0.374431 4.06547
695 0.440501 -0.0540738 4.06547
695 -0.504127 -0.349523 4.06547
695 0.336975 -0.274802 4.06547
695 0.451315 -0.196966 4.06547
695 0.0894468 0.023086 4.06547
695 0.551776 0.0303756 4.06547
695 -0.473142 -0.490113 4.06547
695 0.703705 0.116689 4.06547
695 0.110426 -0.64352 4.06547
695 0.445761 -0.578228 4.06547
695 -0.454634 0.909212 4.06547
695 -0.241639 0.558703 4.06547
695 -0.61472 -0.63819 4.06547
695 0.51886 -0.0133393 4.06547
695 0.310078 0.450151 4.06547
695 0.437313 -0.734539 4.06547
695 -0.100313 0.396002 4.06547
695 -0.363796 -0.333432 4.06547
695 -0.227489 -0.356943 4.06547
695 0.811447 -0.316572 -2.21772
695 -0.124344 0.0829541 4.06547
695 0.255967 -0.624296 4.06547
695 0.176141 0.206907 4.06547
695 0.965901 0.0488339 4.06547
695 -0.294365 0.545028 4.06547
695 -0.605254 -0.695329 4.06547
695 0.062103 -0.488565 4.06547
695 -0.248597 -0.0877372 -2.21772
695 -0.592636 0.0299073 4.06547
695 0.706511 -0.319714 4.06547
695 -0.816987 -0.263982 4.06547
695 0.422809 0.179291 4.06547
695 0.0503425 0.417528 4.06547
695 0.960603 0.110203 4.06547
695 0.226412 0.489489 -2.21772
695 -0.68054 0.609665 4.06547
695 -0.689315 -0.135542 4.06547
695 0.530144 0.276471 4.06547
695 0.492541 0.520442 4.06547
695 -0.0312901 0.452086 4.06547
695 -0.52331 -0.0481271 -2.21772
695 0.669629 0.340526 4.06547
695 -0.835478 0.578059 4.06547
695 -0.747024 -0.431604 -2.21772
695 -0.261766 -0.230989 4.06547
695 -0.14952 -0.0629267 4.06547
695 -0.17721 -0.278422 4.06547
695 0.787791 -0.477705 -2.21772
695 0.55319 -0.449818 4.06547
695 -0.123743 -0.69824 4.06547
695 0.302884 0.546397 -2.21772
695 0.525929 -0.253228 4.06547
695 0.655258 -0.565165 -2.21772
695 -0.123164 0.785817 4.06547
695 0.481717 -0.535125 4.06547
695 0.0420328 -0.270446 4.06547
695 0.619904 -0.361012 4.06547
695 -0.257358 -0.182211 4.06547
695 -0.564033 0.402292 4.06547
695 -0.712442 -0.489085 4.06547
695 0.040151 0.27782 4.06547
695 -0.0445663 0.0367224 -2.21772
695 -0.648526 -0.294267 -2.21772
695 -0.307642 -0.806391 4.06547
695 -0.194427 -0.0528947 4.06547
695 -0.501689 -0.830487 4.06547
695 0.850459 0.448009 -2.21772
695 0.816753 0.608364 4.06547
695 -0.090336 -0.284591 4.06547
695 -0.17314 -0.538464 4.06547
695 0.371777 0.267835 4.06547
695 0.563552 -0.801017 4.06547
695 0.279721 0.495486 4.06547
695 -0.228458 0.262663 4.06547
