770 -0.594838 0.78673 -8.42639
770 0.410343 0.331941 -63.7326
770 0.773288 -0.629295 -137.915
770 1.26069 -0.15281 87.9175
770 0.347183 -0.717445 51.761
770 -0.644063 0.149681 129.579
770 0.253977 -0.711583 -168.774
770 0.394918 0.442307 163.025
770 -1.04086 0.33775 103.368
770 0.363683 1.15889 -144.887
770 0.332992 -0.770902 171.827
770 -1.15538 0.346433 65.9844
770 0.291551 0.817925 -102.744
770 0.775822 -0.351675 -131.64
770 0.905972 -0.510057 -81.1271
770 -0.954047 -0.279307 -136.415
770 -0.0823395 -1.00274 84.0968
770 0.639243 0.424017 -101.398
770 -0.732445 0.895163 -83.218
770 0.373964 0.764279 24.42
770 0.171472 0.74841 17.3222
770 0.734677 -0.235399 57.3545
770 0.746648 -0.252001 31.5614
770 1.06893 0.42017 125.784
770 -0.707652 -0.219508 135.131
770 0.83896 0.44884 -37.0161
770 -0.0761485 -1.19229 14.6945
770 0.686581 -0.601122 -55.7128
770 -0.405489 1.14409 112.35
770 -0.311484 -0.362055 9.06311
770 -0.370483 1.17494 -114.081
770 1.04306 -0.50848 -23.6794
770 1.24408 -0.477708 -30.8753
770 0.45622 0.359415 -44.1228
770 0.240864 -0.994199 -16.8908
770 0.598393 0.272038 -57.1158
770 0.0988491 0.708282 87.1266
770 0.799845 0.246358 -69.39
770 0.556926 1.08306 -69.5481
770 0.447674 0.408354 -127.106
770 0.631494 0.667514 113.415
770 -0.990718 0.353444 -90.9654
770 0.707903 -0.560101 159.058
770 -0.251372 -0.455789 -40.6582
770 1.08472 -0.671621 32.32
770 0.591029 -0.883178 119.421
770 -0.167781 0.916916 -128.47
770 0.583002 -0.565394 -156.68
770 -1.1399 0.583172 10.1933
770 0.35145 -1.1088 83.08
770 -0.357294 1.02929 73.8658
770 -0.0753057 0.739086 -114.819
770 0.161842 -1.06539 101.478
770 1.0724 -0.580355 164.435
770 -0.458994 0.129546 54.4807
770 0.627473 -0.24598 -169.422
770 0.799685 -0.615937 -74.7854
770 -0.295823 -0.92764 147.905
770 -0.588172 -1.06652 52.0281
770 0.458126 -0.350703 46.1355
770 -1.12386 0.042864 21.9174
770 -0.858562 -0.259861 -40.4245
770 -0.589881 0.264816 -40.6814
770 0.322445 -0.884183 -37.1246
770 -0.650294 -0.834433 -47.4529
770 -0.691109 0.316576 2.68425
770 0.658609 -0.688219 76.6767
770 -0.260954 0.749716 -78.1427
770 -0.144888 -0.897917 46.9698
770 -0.605006 -0.198777 9.16542
770 0.564561 0.409665 -57.2979
770 -0.193293 0.677121 -27.5324
770 -0.80231 -0.163513 109.79
770 -0.537822 0.709611 -8.55711
770 0.0658796 -0.738954 51.6302
770 -0.155205 1.08123 79.889
770 -0.547837 0.537075 -109.867
770 -1.29287 0.0753616 -40.4245
770 -0.434838 -1.16228 -4.01348
770 -0.798145 -0.633482 -79.466
770 -0.470014 -0.245866 3.13485
770 -0.0360792 1.03228 -95.9917
770 -0.542258 0.852152 -140.994
770 -1.13187 0.45181 -134.968
770 -0.791504 -0.597409 70.7735
770 0.688485 -0.558895 -36.5975
770 0.889362 -0.681537 83.4976
770 0.426315 -1.09181 70.5452
770 -0.95081 0.516846 -108.93
770 -0.507061 -1.09873 -17.0426
770 -1.11092 -0.145696 141.54
770 0.441404 0.784043 4.96028
770 -1.13279 0.130027 -21.1922
770 -0.571562 -0.489099 103.61
770 -0.647284 -0.0847382 -148.697
770 -0.705265 0.467008 79.4502
770 -1.24572 0.116592 110.583
770 -0.730936 -0.5876 -41.9295
770 0.706402 0.903595 150.59
770 0.353879 -0.85681 88.7362
770 0.608149 0.920735 37.2576
770 0.274152 0.634944 -46.3703
770 0.855544 -0.702133 -23.8336
770 0.880214 0.183216 151.424
770 0.113638 -0.969184 -112.41
770 -0.771899 0.789468 73.8017
770 0.815934 -0.63264 125.361
770 0.347089 -1.03577 75.8533
770 -0.0373179 -0.694896 -137.78
770 0.682571 -0.813038 32.0682
770 -0.634692 -0.67016 128.237
770 0.640974 -0.684918 -131.054
770 0.17213 0.586436 -39.5984
770 -0.572152 0.622598 -39.9509
770 0.533347 0.0990671 94.7736
770 0.437526 -0.837053 133.913
770 0.202756 -0.422284 19.6701
770 0.950702 -0.116157 131.043
770 -0.480866 1.08401 143.224
770 0.0700868 1.05854 163.453
770 -0.0941306 -0.561492 109.832
770 1.08703 0.180593 -112.029
770 -0.202459 -0.872749 122.455
770 -0.579444 -0.184249 -65.8535
770 0.881433 0.0308273 94.1708
770 -1.14824 0.431033 -71.2022
770 0.241038 -0.929528 -81.4149
770 -0.795645 -0.738027 65.6667
770 0.856846 0.80421 25.3283
770 0.700195 -0.601708 -73.7845
770 -0.110156 -0.575282 166.044
770 0.725988 0.71277 -13.4242
770 0.701817 -0.302661 25.9433
770 -0.48133 -0.544969 20.7706
770 0.448353 0.926928 86.7497
770 -0.303487 0.403372 -52.5186
770 -0.767219 0.238851 -1.81158
770 0.383843 -0.534555 -56.0135
770 0.284528 -1.12374 -55.2898
770 0.731653 0.0451166 -87.5941
770 0.767181 -0.809417 152.484
770 0.365676 -0.623667 -5.40613
770 0.981908 0.753083 -37.3825
770 -0.386417 -0.799094 91.2696
770 0.474362 -0.897956 1.34446
770 0.252443 -0.418803 70.8416
770 0.897684 -0.100844 -125.616
770 0.568758 -1.00623 101.004
770 0.801403 0.299204 -164.232
770 -1.18468 -0.416927 -41.3134
770 -0.220956 -1.24461 -129.977
770 0.373966 0.466232 138.151
770 -0.655811 -0.923498 108.662
770 -1.1675 -0.0296577 116.707
770 -0.478491 -0.564033 103.295
770 1.03454 -0.228974 6.64595
770 -0.69007 -0.4976 -60.3132
770 0.0525137 -0.705973 -61.1959
770 0.000720518 -0.681332 -161.884
770 1.12777 0.0313481 137.257
770 -0.998078 0.192949 66.7788
770 -1.08692 -0.38193 53.9925
770 0.99224 -0.21141 95.5186
770 0.668633 0.54474 -82.0835
770 -0.69316 -0.328346 -3.18631
770 0.451844 0.741142 -88.9903
770 -0.593589 0.337755 -2.45999
770 0.726838 -0.657816 -30.2711
770 -0.863054 0.428766 54.5163
770 0.635107 -0.527663 -50.9281
770 -0.489032 0.828646 -21.6706
770 0.876232 0.432393 -114.412
770 -0.791389 -0.305145 129.572
770 0.473469 -0.411207 -124.469
770 -0.863158 -0.183178 -85.6209
770 0.647278 0.194641 151.027
770 -0.509294 0.0615696 141.476
770 0.0503797 -0.834348 -105.204
770 -0.497857 -0.662257 153.817
770 -0.621788 0.789068 116.593
770 -1.22161 0.0801913 -46.0926
770 -0.0684285 0.69928 124.697
770 0.306378 0.656186 -139.316
770 0.108689 -0.954961 -98.2845
770 -0.62697 -0.902815 -11.337
770 -0.11815 0.837735 -152.627
770 -1.03551 0.630745 -114.93
770 0.31184 0.745871 -20.5143
770 -0.44022 0.807135 -45.4384
770 1.04481 -0.567453 -119.151
770 -0.224183 1.2164 124.896
770 0.659665 -0.6509 158.622
770 -0.769899 0.395544 -46.2983
770 -0.666411 -0.00638802 -96.9998
770 0.0137382 0.852435 -58.4357
770 0.558268 -0.201274 77.0834
770 1.20862 0.105339 -81.2643
770 -0.255006 1.17758 -71.0195
770 -0.641033 0.160496 66.2621
770 1.25748 -0.275484 106.658
770 1.07673 -0.244662 145.084
770 -0.619314 -1.00036 153.939
770 -0.32724 -0.883596 121.646
770 -0.575745 -0.601737 -30.2778
770 -1.01579 -0.306587 2.01142
770 -0.439034 0.835015 155.348
770 -0.901257 0.21235 -52.8615
770 1.25955 -0.19446 31.2492
770 -1.09626 -0.50414 15.4124
770 0.622283 0.981456 37.3688
770 -0.842272 -0.0857118 148.109
770 1.02202 0.346768 -74.5728
770 0.118526 -1.23586 -110.858
770 -0.829282 0.645351 98.1264
770 -0.37179 -1.14912 -55.0274
770 0.774672 0.534048 163.535
770 0.506089 -0.980637 128.219
770 0.73923 0.637458 37.2323
770 -0.272577 -1.0761 96.4745
770 0.359355 -0.522319 13.637
770 0.918829 0.856793 149.585
770 -1.07314 0.017218 -66.1195
770 -0.96573 -0.806646 122.356
770 0.69775 -0.253663 100.918
770 -0.106614 -0.769849 127.714
770 0.153844 0.453299 6.00328
770 0.462597 -1.16664 -149.679
770 0.115509 0.725239 30.0635
770 0.678966 0.317567 68.9814
770 -0.462771 -0.859124 7.31718
770 0.452084 1.0046 119.53
770 0.729134 0.56927 -30.8141
770 -1.05595 0.187664 -166.916
770 1.14217 0.050442 -118.396
770 -0.904361 -0.810796 58.6927
770 0.01626 -1.03053 40.5448
770 0.367756 0.297892 -31.4196
770 -0.232775 0.83429 43.3545
770 -0.662621 -0.758739 147.077
770 -1.1928 0.246042 72.981
770 0.332221 -1.17261 115.063
770 -0.769965 0.6628 -90.8907
770 1.21529 -0.0414242 -87.8308
770 -0.696268 -0.748314 -142.338
770 -0.375128 0.300984 92.3277
770 0.481226 0.412497 24.8065
770 0.778815 0.504061 -158.289
770 -0.080917 0.61097 81.6834
770 0.175712 0.965352 -152.188
770 -0.38279 -0.878147 -111.538
770 -0.716963 -0.961592 -97.2787
770 -1.02752 0.554322 -33.6516
770 0.961015 0.883437 43.1203
770 0.596983 -0.358619 164.682
770 -1.14331 0.550271 22.9677
770 -0.00439175 -0.768696 77.4562
770 0.224802 1.07319 -44.6893
770 -0.817669 0.113334 85.5215
770 1.01417 0.447016 -25.5393
770 -0.309862 -0.982567 -65.9015
770 1.00793 0.584141 87.8794
770 -0.220892 -0.415628 59.6475
770 0.325816 -0.659006 -156.97
770 -0.2228 -1.11039 -111.73
770 0.450768 1.08615 5.83981
770 0.449214 -0.966501 -18.5689
770 -0.642247 0.386916 -20.9252
770 -1.12274 -0.323832 66.1156
770 0.869988 0.752471 17.3383
770 0.0650153 -1.17289 139.731
770 0.0586171 1.02291 79.9315
770 -0.0365617 1.00502 123.127
770 0.471703 -0.995674 107.432
770 0.350925 -1.0154 -67.7034
770 1.10214 0.214716 -6.87316
770 -0.742952 -0.7666 -78.7086
770 -0.744732 -0.71639 2.13984
770 -0.493034 0.655864 -65.0114
770 -0.477051 0.411002 91.9108
770 -0.832489 -0.86625 2.48021
770 0.66047 -0.929765 45.5516
770 -1.12371 0.492903 -28.2573
770 0.428623 -1.06952 83.9655
770 0.0422612 -1.2049 -29.3234
770 0.553558 0.482596 169.812
770 -0.600432 0.00324937 92.0949
770 1.17671 0.0311519 -56.191
770 1.11512 0.447461 -93.7109
770 -0.941682 0.124676 -104.081
770 -0.763424 -0.60812 3.0835
770 -0.157341 1.17565 -89.7515
770 -0.499884 -0.385346 -142.045
770 -0.634879 -0.981176 128.432
770 -0.714292 -0.366113 -73.7141
770 -0.415784 -0.678285 -72.8984
770 0.905845 -0.842315 -156.445
770 0.4126 1.02231 125.941
770 0.223706 -0.459716 -55.6045
770 0.67852 -0.86492 1.67676
770 0.932447 0.46662 182.418
770 -0.262571 -0.456635 103.1
770 -1.07316 0.281107 154.819
770 -0.186048 -1.05203 -5.55018
770 -0.0611719 0.508804 61.8521
770 0.715684 -0.386006 63.4523
770 -0.114558 -0.66592 -143.579
770 0.439819 -0.626038 -61.4299
770 -0.644088 -0.121562 -22.8804
770 0.375841 -0.479733 -117.661
770 0.27546 0.879819 -126.934
770 0.612931 0.568847 131.525
770 -0.614476 -0.49963 -72.8941
770 -0.719313 -0.498312 54.0559
770 0.896062 -0.232563 -17.0042
770 -0.881081 -0.412491 -9.66073
770 -0.769305 0.109904 -154.406
770 -0.530486 -0.421398 83.4671
770 -1.10959 0.0465012 -102.58
770 -0.71811 0.75796 17.8724
770 0.584843 0.308659 151.486
770 -0.716916 0.541208 118.054
770 -0.766737 -0.0990739 -155.097
770 0.528305 0.609984 -19.3837
770 -0.593773 -0.669557 -93.2613
770 -0.756899 0.98414 -90.0011
770 0.0685638 -0.947497 -48.3551
770 -0.0492124 -0.868701 127.903
770 -1.06387 -0.651599 -60.2058
770 1.03143 -0.613849 -150.51
770 0.103207 0.880615 137.606
770 -0.538628 -0.940721 -40.6444
770 0.101136 -0.900218 -5.30108
770 0.340243 -0.423709 26.5807
770 1.09052 -0.332214 -112.791
770 -0.175258 0.706899 86.9425
770 0.166633 0.740027 137.316
770 0.663098 -1.00851 -10.4464
770 0.628073 -0.0228396 -157.323
770 -0.3336 0.702493 -27.7718
770 -0.295963 0.470894 -134.42
770 1.01153 -0.737411 50.7945
770 -0.842714 0.453469 -128.184
770 1.12067 0.520329 -94.9669
770 0.665852 -0.483386 83.8857
770 0.521782 0.952432 87.8679
770 -0.433234 -0.495439 -34.8736
770 -0.741303 -0.979623 133.643
770 0.836805 -0.432511 -75.9492
770 0.459231 0.883134 99.8229
770 0.219856 -1.25921 -111.413
770 -0.471743 -0.970099 147.334
770 0.434472 0.685369 37.0338
770 -0.295502 -0.802106 121.83
770 0.845642 -0.603159 31.8671
770 -0.494317 1.1578 104.691
770 -0.574704 -0.529815 84.198
770 0.315285 1.15815 54.7328
770 0.521719 0.493257 150.533
770 -0.437744 -0.802201 40.3647
770 1.05883 -0.047785 19.9394
770 0.81411 0.326895 -19.2617
770 0.546098 -0.265523 57.0292
770 0.626034 0.52517 106.134
770 0.379695 0.853492 -13.7677
770 0.9748 0.0913718 -126.22
770 0.282209 1.21012 49.4399
770 -0.214235 0.750965 -102.265
770 0.486789 -0.818752 -91.6847
770 -0.464832 0.495382 106.035
770 -0.755256 -0.481628 -40.2831
770 0.551884 -0.0282275 -88.1892
770 -0.0601053 -1.15554 139.81
770 -0.472344 -0.7213 -110.744
770 -0.932486 -0.440843 -117.315
770 0.97314 0.0109115 -157.64
770 -0.607293 -0.638036 160.748
770 -0.748001 0.650021 -160.334
770 -0.112149 0.656598 9.80585
770 0.0733476 0.938906 49.3701
770 -0.584606 0.638353 -38.3044
770 0.17958 -1.0247 -35.8099
770 -0.203969 1.14981 -7.97318
770 -0.0399634 0.62073 137.287
770 -0.471422 -0.508543 -28.8043
770 0.808648 0.827042 144.884
770 -0.265925 0.360813 -2.72229
770 0.149457 -0.511234 -106.289
770 0.744553 0.46339 -145.498
770 -0.611672 -0.103753 -135.535
770 0.593439 0.202485 -113.91
770 0.257907 0.966858 -126.345
770 -0.476202 -0.811345 165.783
770 0.520205 -0.994249 -143.58
770 -0.458857 -0.674238 83.8343
770 -1.1713 0.102412 34.9558
770 -0.619666 0.427229 148.688
770 0.0968253 -1.10914 95.7809
770 0.0130004 0.663394 -52.3086
770 0.393738 0.694624 49.7314
770 0.292443 -1.04478 -18.5983
770 -0.20886 -0.928531 -36.9585
770 -0.193295 1.2435 -152.047
770 -0.895558 -0.358772 -41.4816
770 0.936334 -0.0399184 -69.8522
770 1.01694 0.531915 144.374
770 0.617842 0.893337 43.3499
770 0.379265 -0.69064 -55.0327
770 -1.14488 0.0902851 -79.3031
770 0.310548 -1.02153 32.7282
770 0.958415 -0.829674 -125.034
770 0.972348 -0.260046 57.775
770 -0.431185 0.529699 -115.444
770 -0.59374 0.11353 9.72537
770 0.966169 0.456085 68.4919
770 -0.106384 -1.17562 57.9025
770 -0.527819 0.407722 34.6773
770 0.446701 -1.15583 -81.0438
770 -0.520046 0.511336 48.4507
770 -0.728116 -0.553237 -92.3264
770 0.506787 0.399844 32.4105
770 -0.757174 -0.775166 135.72
770 -1.05645 0.00652561 -58.9116
770 -0.187651 0.656475 -88.4305
770 1.05403 -0.560384 -143.761
770 1.06764 -0.269971 94.3277
770 -1.20104 -0.259094 -9.93489
770 -0.460107 -0.655967 97.6956
770 -0.904306 0.623798 -59.347
770 -0.785175 0.585885 74.2825
770 0.866846 -0.177111 -169.618
770 -0.376053 -0.779974 -29.5888
770 1.06909 -0.398081 -88.0593
770 0.746795 -0.158686 -74.6227
770 0.375709 0.924644 11.8054
770 0.262897 -1.17854 -99.9367
770 1.14817 -0.171094 63.3582
770 1.15685 0.201828 -82.6169
770 0.454932 0.148359 -151.514
770 1.11408 0.231848 -6.39718
770 -0.806054 0.465028 -140.918
770 1.00815 0.480569 17.2826
770 1.3202 0.0230816 56.746
770 -0.656742 -0.95273 96.7236
770 -0.389595 0.730265 -58.8008
770 -0.852455 -0.339215 154.344
770 0.478443 0.351175 -50.9402
770 1.27582 -0.231588 126.692
770 0.311518 0.762685 156.506
770 -0.963548 0.364194 -26.3639
770 0.695985 0.707404 -25.608
770 -0.0456269 0.661813 5.16889
770 -0.344893 -0.527524 39.6928
770 -0.242076 -1.0787 -22.5924
770 1.16432 -0.328516 -5.6117
770 0.210327 -0.657308 -30.0628
770 0.031981 -0.584319 64.8719
770 0.400316 -0.81027 1.78468
770 -0.824661 -0.472535 41.0923
770 -0.322053 -0.861881 -136.31
770 0.566278 -0.482388 -137.551
770 -0.312379 0.488373 -58.673
770 0.441331 -0.69816 -168.608
770 -1.0221 -0.318856 60.4589
770 0.269001 -0.533158 52.1158
770 0.551651 -0.573248 81.9519
770 -0.16054 0.966566 -70.7353
770 0.583012 0.483023 5.22489
770 -0.527467 -0.786583 -136.598
770 0.437222 0.964099 -63.6934
770 -1.06387 0.537332 -28.4405
770 -0.794703 0.359828 -8.16199
770 0.706727 0.4103 111.149
770 -1.06764 -0.599323 -129.694
770 -0.553877 0.334187 -72.1559
770 0.37134 0.602809 -45.0427
770 0.317623 -0.674857 64.8973
770 -1.09161 -0.204513 66.506
770 0.601288 -0.932061 -86.8685
770 -0.137624 -1.12422 1.56399
770 0.655887 -1.09281 133.49
770 0.962689 0.118274 -25.3903
770 1.10261 0.140501 87.7615
770 -0.819173 0.210904 160.949
770 -0.485991 0.861779 -12.9189
770 0.0665337 -1.05826 -98.8421
770 0.0899937 -0.986203 59.5145
770 -0.923865 0.667181 -102.013
770 -1.03987 0.212112 -54.3731
770 -0.576714 0.938574 60.4717
770 -1.0108 0.0835791 -129.183
770 -0.558285 0.557627 105.052
770 -0.65961 0.893208 -45.6314
770 0.741935 -0.361641 89.6717
770 0.158057 0.606134 -0.962255
770 0.0452849 1.21057 48.4188
770 0.482283 1.05586 29.4751
770 -0.0228699 0.676332 118.193
770 0.0278533 1.13748 -146.202
770 0.598373 0.34332 -89.4767
770 -0.977521 0.516605 149.495
770 0.743673 0.168525 -56.715
770 0.888623 -0.788963 -42.7312
770 -0.424283 -0.249393 39.861
770 0.572911 0.952304 -1.96729
770 -0.679849 0.547378 -8.67125
770 -0.373648 -0.512308 -105.298
770 0.0746262 0.563297 -76.888
770 0.595172 -0.500521 -137.33
770 -0.176853 -0.953565 -105.768
770 -1.14406 0.477315 -33.536
770 -0.186824 0.907174 -152.383
770 0.355676 0.413756 163.289
770 -0.524104 0.35176 -78.0531
770 0.0784552 -1.1294 14.9717
770 -1.24158 0.264383 -40.6382
770 1.05356 -0.668175 82.2942
770 0.226572 1.05369 -32.9142
770 -0.0993245 0.567872 -146.25
770 0.561462 1.0041 87.6492
770 0.758961 0.149345 -26.4712
770 0.70836 -0.669932 -94.1125
770 0.0238961 -0.718792 -55.4722
770 0.852165 -0.375164 -138.078
770 -0.303381 0.568992 99.1202
770 0.27494 -0.50604 63.8816
770 -0.417269 0.912786 -89.337
770 -0.944991 0.764862 97.5738
770 -0.580133 -0.174936 -129.255
770 0.174658 -0.541221 64.6174
770 0.218198 -0.906942 146.346
770 -1.03792 -0.108458 16.7317
770 0.54026 -0.236817 89.0263
770 0.792577 -0.7694 -54.6121
770 -0.408023 -1.09887 121.818
770 0.916623 0.722908 138.53
770 1.06157 -0.368315 -81.5299
770 -0.746003 -0.104657 54.3364
770 0.0291506 -0.641702 -17.6303
770 -0.777152 0.828852 -134.065
770 -0.899495 -0.0181876 155.062
770 1.05487 -0.16929 157.808
770 -0.712438 1.03273 -58.6208
770 -0.589251 -0.720634 71.6214
770 0.66163 0.552595 145.416
770 -0.206994 1.04311 62.6689
770 -1.16551 -0.233816 -54.4102
770 -0.382286 -1.00045 52.1081
770 0.868866 -0.263142 89.0679
770 -0.650359 0.778475 -20.9337
770 0.871965 0.227593 76.6607
770 -0.622465 -0.793492 -118.305
770 -0.25894 0.797061 17.8793
770 0.873327 0.346536 113.181
770 0.395157 -1.0108 20.9926
770 -0.918262 0.717734 -141.119
770 -0.197059 0.853986 -139.53
770 0.264211 -0.587886 -29.3854
770 0.511138 0.312769 -114.058
770 -0.532222 -0.110363 123.055
770 0.255366 -0.862469 13.7309
770 0.823266 0.783764 -32.7576
770 0.896192 -0.629989 126.925
770 -0.683461 -0.827719 -90.8169
770 0.751033 -0.334524 -49.5449
770 -0.532915 -0.397832 9.22054
770 -0.520382 0.911274 -71.1219
770 0.0533233 0.650891 -127.175
770 -0.974019 -0.18403 65.7288
770 0.436477 0.768185 55.8631
770 -0.847993 0.521911 117.255
770 -0.830523 -0.776128 1.46324
770 -0.648155 -0.798592 15.3364
770 -0.734683 -0.600178 -66.3811
770 -0.863613 0.742585 -3.25376
770 0.782607 0.30106 -12.6269
770 -0.192993 1.09013 -70.6782
770 -1.07478 -0.342719 -28.8346
770 0.812873 -0.729732 -30.8964
770 0.289257 0.992019 17.9763
770 0.161527 -1.01977 13.8315
770 -0.718557 0.816095 41.5286
770 0.352556 -0.585625 40.2517
770 0.119345 1.06955 55.9961
770 -0.343136 0.957072 86.6141
770 -0.366242 -0.784146 21.1895
770 0.927972 -0.274471 126.545
770 0.283959 -1.17578 -130.08
770 1.1518 -0.36125 -137.731
770 -0.165149 0.792208 -89.4037
770 0.163655 0.513507 106.015
770 -0.745582 0.0725533 9.90399
770 -0.309441 -0.454183 71.1362
770 -0.943644 0.37746 -8.86939
770 0.948668 -0.241614 130.892
770 -0.861494 0.314029 -121.958
770 -0.607682 0.559317 -16.241
770 -0.869285 -0.489957 -9.72198
770 0.985799 -0.327474 -118.877
770 -1.15707 -0.128519 110.532
770 -0.673464 0.169073 60.77
770 0.766562 0.0197111 88.2617
770 -1.02087 0.150907 91.9934
770 -1.05027 -0.292829 -28.2938
770 1.11528 -0.159681 -74.6848
770 -1.07526 0.10554 -91.2392
770 0.685224 0.467978 30.6784
770 0.232073 -0.342107 -41.7883
770 0.941178 -0.502421 -54.4953
770 -1.1937 -0.290879 166.684
770 0.520641 -0.744778 -68.1101
770 -0.307695 -0.672199 141.078
770 -0.759318 -0.398257 160.022
770 0.577689 -0.733488 -125.812
770 0.242291 -0.656918 100.686
770 -0.446416 -0.628697 -16.661
770 0.865497 0.096658 -50.0762
770 -0.727538 0.980805 29.0016
770 0.949296 -0.0378165 57.3106
770 -1.01143 0.588293 -40.3867
770 0.516372 0.605253 63.3014
770 0.413807 -0.620569 -49.3115
770 0.0319989 -0.451203 128.287
770 0.907043 -0.436813 -56.0409
770 -0.523999 -0.745462 140.806
770 -0.555663 0.75112 -78.2324
770 0.208881 1.2062 -63.2852
770 0.729348 0.448333 18.7516
770 -0.294409 1.15352 -133.154
770 0.764592 0.667743 -0.87325
770 -0.75573 0.128932 -15.2087
770 -0.77664 0.439785 117.975
770 0.654177 -0.135277 -131.289
770 0.439033 0.883488 -18.24
770 -1.11814 0.260418 154.523
770 -0.674141 -0.680197 41.3187
770 -0.32633 -1.151 -91.8255
770 -0.648585 0.4431 -84.7264
770 -0.200377 -0.739948 20.0646
770 0.917075 0.298868 163.449
770 0.727325 -0.791499 -42.9194
770 0.660854 0.761522 -81.0754
770 0.769147 0.9642 -50.9466
770 -0.175647 -0.582313 141.17
770 -0.927307 -0.611999 147.711
770 -0.063182 1.16062 123.397
770 0.167475 0.951521 -120.419
770 -0.153709 -0.57451 -92.6874
770 -0.685495 0.259263 -97.0432
770 1.04405 0.0864006 132.091
770 1.03445 0.778756 112.926
770 0.730506 1.00302 37.0084
770 -0.833233 0.155161 148.881
770 -0.827291 -0.492461 39.496
770 -1.01003 0.248194 -141.154
770 0.985085 -0.582554 -100.768
770 -0.136925 0.463167 117.427
770 0.421446 1.05969 -113.797
770 1.13492 0.372512 25.4122
770 0.878327 0.600481 38.3597
770 0.801437 0.0383759 -56.8742
770 -0.439009 -0.113683 -116.904
770 -0.403721 0.764336 92.6055
770 0.827899 0.715008 37.9919
770 -0.916029 -0.311711 64.9508
770 0.799141 -0.230841 171.414
770 -0.877772 0.629428 74.0488
770 0.72924 0.86678 80.3205
770 0.361258 0.531354 86.814
770 0.814601 0.572395 131.47
770 -0.704886 -0.87068 -86.6919
770 0.319738 1.13187 86.7066
770 -0.809113 0.140653 -70.4544
770 -0.559041 0.0564294 77.941
770 -0.220423 -0.819845 -98.5963
770 0.932094 0.10144 94.5421
770 0.190362 -0.831153 83.3882
770 0.399614 -0.540516 164.761
770 -0.568656 0.145855 -53.1822
770 -0.654413 0.681586 -21.5593
770 0.744046 -0.315149 -36.4566
770 0.24993 1.21922 99.8164
770 -0.195374 -0.749411 134.274
770 0.646669 -0.835524 -37.114
770 0.217756 0.988015 156.527
770 -0.37997 -0.309771 154.006
770 -0.221737 -0.791753 153.007
770 -0.664554 0.325487 -26.1196
770 -0.814387 0.254087 -33.9516
770 0.742725 -0.0774548 -114.265
770 -0.807891 -0.978247 2.42712
770 -0.468587 -0.275621 167.211
770 0.353658 -0.838019 -130.627
770 -0.803602 -0.79778 -29.4695
770 0.672146 0.407751 163.575
770 -1.19897 -0.14333 -90.294
770 -0.936321 0.347078 -8.60299
770 -0.17786 0.498239 67.6849
770 1.11759 -0.340208 124.95
770 -0.761331 -0.896007 15.4189
770 0.253798 -1.1419 -61.7092
770 -0.672364 -0.10682 -15.3792
770 -0.359131 -0.291847 -130.325
770 -0.551469 0.925395 -33.2629
770 -0.47342 -0.0434001 98.1172
770 0.135387 1.16387 -8.3129
770 -0.907539 0.575464 41.4828
770 -0.739186 -0.679109 -41.4446
770 0.612227 0.581624 113.084
770 0.39059 -1.16905 -87.3903
770 0.333596 -0.436018 19.0949
770 -0.510959 -0.384637 -92.7372
770 0.975927 0.249672 5.78116
770 0.706402 -0.871085 -74.339
770 0.544367 0.437056 -94.6028
770 0.71248 0.986103 -12.9507
770 0.0118885 -0.794882 66.057
770 -0.349624 -0.650225 -68.1214
770 -0.905999 0.265544 -167.028
770 0.0257955 -1.06072 -105.869
770 0.131726 0.943064 56.78
770 0.322342 1.07583 156.542
770 -0.805557 -0.720878 58.3302
770 1.12514 0.578682 75.1108
770 -0.43744 1.05968 -39.9364
770 -0.816702 0.775871 149.354
770 -0.869168 -0.369211 -79.0626
770 1.20888 0.15964 44.3738
770 -0.294975 -1.173 84.2623
770 -0.96871 0.225056 -110.688
770 0.401648 -0.568842 -80.7622
770 0.749095 -0.623354 89.2615
770 -0.325765 0.486612 -153.885
770 -1.02072 -0.215897 -121.342
770 -0.339794 0.625983 80.9263
770 -0.907042 -0.402444 -64.7304
770 -0.43752 0.617147 54.4034
770 -0.295775 -0.631874 33.2809
770 0.146592 -0.81645 -136.77
770 -0.346053 -0.459872 65.5536
770 -0.485744 -0.922808 -23.2205
770 1.21789 -0.262675 -0.416322
770 0.717663 0.545189 41.9941
770 -0.996541 -0.517021 -3.2697
770 -0.0937504 -1.00556 -168.694
770 0.9402 -0.466585 -131.261
770 0.459414 1.0216 -13.7845
770 -0.251664 0.648018 149.271
770 0.790101 -0.9712 145.224
770 -0.300481 0.89448 -76.85
770 0.761848 -1.0223 -99.1037
770 0.884845 -0.889778 -99.9736
770 -0.649957 -0.285727 65.6029
770 -0.932028 -0.000378276 -78.1463
770 0.680862 0.727772 100.244
770 -0.3965 0.724665 99.3582
770 -0.622264 -0.484051 -85.7274
770 -0.0961636 0.851782 -96.4103
770 0.929935 0.750697 93.5726
770 0.550909 0.72666 62.6277
770 -0.0355427 -0.826715 40.3761
770 0.257695 -0.772767 -122.53
770 -0.177058 -0.840166 2.31684
770 0.657882 -0.38216 -75.5449
770 -0.53303 -0.495402 9.86445
770 0.607503 1.10988 93.0288
770 0.90485 -0.557938 -104.828
770 0.815285 -0.885081 -62.4372
770 1.14936 -0.454838 -112.776
770 -0.128182 -0.708604 -4.43581
770 -0.886748 -0.820027 -16.4426
770 0.910773 0.613529 61.5428
770 0.624064 0.166965 -63.835
770 0.666415 -0.497658 -43.2913
770 1.19911 -0.484401 7.09357
770 -0.481381 -0.158069 102.919
770 0.920985 0.282507 93.8919
770 0.634707 -0.118243 -0.901716
770 -1.18437 -0.110226 72.4228
770 0.540952 0.593056 -7.12261
770 0.495697 0.850361 54.9867
770 0.97354 -0.42997 139.166
770 0.401993 0.814136 -96.532
770 -1.10021 0.648034 -140.603
770 -0.97985 0.238353 60.3681
770 -0.739839 -0.314754 -148.218
770 -0.708679 0.660999 -53.0008
770 -0.346874 -0.498723 -35.1663
770 1.01637 0.693679 100.063
770 0.489312 -0.863846 -29.1814
770 -0.128595 1.10626 35.8427
770 0.877905 -0.565852 0.376898
770 -0.32559 -0.904735 1.12682
770 0.602311 -0.617126 101.738
770 -0.758017 0.00629974 16.4186
770 -0.10056 1.16172 41.8435
770 1.15827 -0.150952 133.197
770 0.688704 -0.526797 -169.304
770 0.896898 -0.722881 25.2936
770 0.924392 -0.598137 70.543
770 -0.572635 -0.592498 166.494
770 -0.446223 0.277964 141.732
770 -0.959229 -0.0906309 -53.7658
770 -0.82045 0.40287 -129.479
770 -0.688119 -0.937152 -85.6513
770 -0.623596 -0.210004 160.573
770 0.677273 0.0860527 -87.571
770 -0.187027 -0.627741 -123.832
770 -0.701946 0.388554 -45.274
770 0.70863 -0.889631 -35.4231
770 0.509477 -1.02546 -73.1165
770 0.40592 -0.451745 -10.3566
770 -1.00327 0.691707 42.1015
770 -0.270173 1.11701 -139.896
770 0.960686 0.332497 -133.228
770 -0.466263 -0.754055 33.3767
770 0.574701 0.505801 24.3185
770 1.1051 -0.623915 101.913
770 0.318703 -0.834112 51.5076
770 -0.524089 0.93252 -71.5732
770 -0.150921 -0.639705 121.278
770 0.879335 0.911706 -88.1618
770 0.642409 0.272048 -157.784
770 -0.95702 -0.113428 84.6495
770 -0.425614 -0.927377 -34.6068
770 0.617421 -0.181996 -100.186
770 0.230453 0.936618 -153.233
770 1.15837 0.60317 75.3181
770 -0.565356 1.05377 24.0734
770 -0.182971 0.875744 -14.5452
770 1.21075 0.312962 11.4656
770 -0.540608 -0.158541 40.589
770 -1.23436 -0.128283 9.27046
770 0.54049 0.148026 -113.985
770 -0.660343 -0.215932 -60.1673
770 1.07635 0.684523 -82.3604
770 0.571006 -0.414947 -131.525
770 -0.608402 -0.85179 97.2255
770 -0.0483415 0.565528 4.43387
770 1.06766 0.263986 113.299
770 -0.434597 0.728869 156.139
770 0.71119 -0.491822 -68.0994
770 0.00128533 0.428878 68.2739
770 1.15931 -0.472709 -50.3435
770 -0.935741 -0.167727 27.0841
770 -0.83216 0.354548 116.707
770 -0.0801282 -0.802672 1.41557
770 -1.19031 0.104565 -66.1262
770 -0.628274 -0.881085 129.262
770 -0.709817 0.770784 9.37276
770 0.387624 -1.12221 65.0232
770 0.41463 -0.798308 96.6347
770 -0.961158 -0.297703 148.532
770 0.158245 -0.78167 -123.901
770 -1.23049 0.108049 -66.4083
770 0.409698 0.587157 -62.9096
770 -0.329415 0.891409 55.6335
770 -0.729099 0.121724 -59.5234
770 -0.135694 -0.966347 2.20737
770 1.14766 -0.241522 -138.471
770 -0.390284 -0.952929 22.1327
770 -0.758512 0.474538 161.626
770 0.468518 0.257894 -7.76986
770 -0.0951172 1.20244 -77.2686
770 -0.308327 0.960674 -40.367
770 0.427594 0.245693 -68.7389
770 -0.60054 -0.570711 96.7385
770 1.22577 0.453353 62.602
770 -0.243948 -0.725245 1.9559
770 0.595038 0.875235 -89.0854
770 -0.469464 0.206888 149.027
770 -0.106621 -0.521818 14.0422
770 -0.997042 -0.0500399 -2.59596
770 -0.845331 0.498653 -101.714
770 0.635481 0.632604 -120.723
770 -0.589331 -0.898919 -109.33
770 -0.28881 -0.820285 148.051
770 1.10629 -0.198799 -151.481
770 -0.40026 0.52781 30.0219
770 -0.600966 0.473178 -33.9767
770 -0.950493 -0.661485 -73.8233
770 0.482206 0.720403 -120.836
770 -0.292157 -0.831197 -23.4146
770 -1.22998 -0.353675 141.306
770 0.237969 -1.09407 -16.5904
770 -1.03037 -0.0296779 154.874
770 0.91425 -0.0421989 -18.7053
770 1.21601 -0.459736 139.383
770 -0.701291 0.490026 -2.37402
770 0.918112 0.44079 -151.595
770 0.104371 1.09941 156.954
770 0.590926 -1.11451 132.872
770 -1.15031 0.24307 -34.3715
770 -0.953059 0.6938 -59.1179
770 1.01548 0.519973 -20.0653
770 -0.823829 0.97365 36.2052
770 -1.06729 -0.180518 -129.153
770 -0.347814 -0.958679 121.744
770 0.276976 -0.816067 140.097
770 0.617858 0.865656 -120.813
770 0.996176 0.193099 -30.4528
770 -0.859004 0.460028 -147.633
770 -1.00497 -0.147477 141.884
770 -0.484702 1.04714 -140.36
770 -0.329012 0.720778 81.5447
770 0.839646 0.365787 -75.1546
770 1.09458 -0.0487074 44.6755
770 0.0758907 0.921622 61.007
770 0.00457142 -0.464647 -99.2967
770 0.903493 -0.571634 -99.9327
770 -0.304642 0.723642 -78.16
770 0.177791 -0.604212 115.233
770 1.01051 -0.381293 51.2692
770 0.58603 -1.14139 -124.081
770 -1.25861 0.0905431 110.79
770 0.0735796 0.959553 23.6515
770 0.265719 -1.25784 -23.2997
770 0.006783 -1.11009 0.616116
770 0.85869 -0.83367 82.6147
770 1.19301 -0.322609 -80.5067
770 0.520109 -0.893302 -61.1889
770 1.01204 0.317955 119.88
770 -0.0144906 0.687513 42.4628
770 1.308 -0.00400769 -100.799
770 -0.803104 -0.88596 -85.303
770 -0.664801 -0.344555 53.5908
770 1.00278 0.206672 143.122
770 -1.02212 -0.744619 84.5366
770 -0.999142 -0.335305 -45.96
770 -0.0726939 1.02976 -20.5107
770 -0.154168 0.7464 -21.7605
770 -0.553036 0.893661 -95.6251
770 -0.273877 -0.912097 120.772
770 -0.826975 -0.297312 110.442
770 -0.162545 -1.24034 -23.0285
770 -0.183724 -0.760016 -65.6743
770 0.233247 0.830604 -82.5635
770 -0.127842 1.00872 -120.47
770 -0.549454 -0.781236 9.94248
770 0.580228 -0.686112 19.7993
770 0.309356 0.604991 55.8807
770 -0.863167 -0.219983 53.6961
770 -0.491624 -0.506108 -123.419
770 0.985951 0.161185 151.313
770 0.596957 1.08529 -69.9438
770 0.488267 -0.195274 -12.932
770 -0.380662 -1.17132 102.936
770 -0.838466 -0.33821 -73.0708
770 0.136281 0.796085 -38.4071
770 0.717848 0.0894774 101.214
770 0.817159 0.593956 151.624
770 -0.0772613 -1.06151 39.0541
770 0.241713 0.792649 68.5797
770 -0.556079 0.00496831 -129.782
770 1.10043 -0.142647 32.3876
770 0.742766 0.747979 104.932
770 1.25607 0.332071 131.805
770 0.247519 0.758281 24.1997
770 1.12783 0.0887307 -151.376
770 -0.144565 0.978254 98.7001
770 0.712193 0.535091 -139.014
770 0.355209 0.582477 125.771
770 -0.801048 -0.308505 78.1781
770 -0.237384 0.79546 23.8042
770 0.959891 0.189003 -95.321
770 -1.00076 0.731972 -2.20697
770 0.723636 -0.512108 39.2416
770 -0.518662 -0.931129 -105.666
770 0.641582 0.0915572 17.8529
770 0.130503 0.576476 -77.0204
770 0.856885 -0.956024 14.1183
770 -0.44174 -1.03562 133.406
770 -0.568385 0.744459 10.8942
770 -0.317251 0.835143 16.7113
770 -0.809204 0.0248586 21.8904
770 1.21481 0.388502 -119.283
770 -0.460239 0.298144 41.9828
770 -0.816248 0.92219 67.3377
770 -0.497526 0.233767 -89.7206
770 0.155541 0.859885 -51.6266
770 1.19999 0.281958 -93.6682
770 -0.453869 0.0989517 59.4766
770 0.75522 -0.0463929 -49.1391
770 -0.917241 0.869687 130.438
770 -0.075215 0.756682 -71.5579
770 0.149335 0.651787 124.27
770 0.861718 0.708732 -69.1815
770 0.478638 -0.912405 38.4961
770 0.785584 0.187617 -145.334
770 1.27804 -0.314344 139.078
770 1.00277 0.714205 107.067
770 0.129845 0.906837 -101.465
770 -0.921664 0.0865329 -65.5003
770 0.0440248 0.907321 11.9825
770 -0.65368 0.605834 -133.927
770 0.755169 0.419837 -19.0284
770 -0.240628 -1.23118 89.689
770 -0.668854 0.134243 -116.378
770 0.967251 0.51913 50.4064
770 0.770567 -0.402182 -111.969
770 -0.0558741 -0.756724 -92.2078
770 -0.0530839 -0.789937 27.5639
770 -0.0664503 0.779444 -57.7485
770 0.0739301 -0.529935 44.6044
770 -0.693209 0.65079 4.56834
770 -0.612101 0.454181 -1.02019
770 -0.770802 -0.922048 15.7516
770 0.272899 -1.14575 121.788
770 -0.564426 0.690148 23.7116
770 -0.811771 -0.0119014 -47.1197
770 0.669944 -1.0355 101.415
770 1.03509 0.698791 -18.6595
770 -0.740695 0.817986 86.3297
770 -0.894969 0.87339 -52.7359
770 0.476742 0.0896403 -118.463
770 -0.123952 1.22128 111.324
770 -0.767951 0.0461581 -8.76615
770 0.888259 -0.27907 -31.132
770 -1.10673 0.18002 -147.876
770 -1.0392 -0.635196 97.4825
770 0.916459 -0.255403 -157.706
770 -0.58452 -0.0494693 -116.953
770 1.15041 0.221285 113.792
770 -0.438846 1.11606 -70.9686
770 -0.44843 0.767252 22.9878
770 -0.480371 0.597431 142.681
770 0.521597 -0.13673 -31.3375
770 -0.215428 0.914819 -153.178
770 -0.6925 0.196011 -115.609
770 -0.293956 0.931363 -26.774
770 -0.313312 0.738289 105.375
770 1.19885 -0.249057 114.389
770 0.734817 -0.134124 -30.1712
770 -1.0408 0.511901 130.456
770 -0.262579 0.58382 84.7411
770 0.855519 0.41312 -12.0854
770 0.689095 -0.118438 50.2516
770 -0.511806 0.535088 48.0113
770 0.459145 -0.482246 139.961
770 0.414602 -0.89782 -5.12311
770 0.39489 -0.847717 127.26
770 0.965901 0.59509 106.962
770 0.199484 -0.789209 96.2814
770 0.968074 -0.236246 -163.627
770 0.733887 0.543953 -12.2048
770 -0.456409 1.02592 43.3119
770 -0.214456 -0.583407 159.44
770 0.479171 -0.934348 45.6503
770 -0.185956 0.971747 124.186
770 -0.809938 0.7229 74.424
770 0.507934 -0.0946916 -118.231
770 1.15531 -0.426073 -61.6519
770 -0.228927 -0.869513 159.842
770 1.24064 -0.161268 158.345
770 -0.169925 1.22633 -133.397
770 0.382694 -0.88224 77.3475
770 1.0145 -0.224271 132.67
770 -1.22444 0.375521 -128.649
770 -0.272188 1.16904 -139.6
770 -0.598561 0.23791 91.5103
770 0.220825 1.02324 -95.9694
770 -0.873863 -0.936318 134.78
770 -0.251865 1.01528 -64.329
770 -0.881366 0.575531 -59.9436
770 -0.381672 0.464178 23.3219
770 -0.0732529 1.06355 -102.567
770 0.754145 0.0649005 -4.91988
770 0.407769 1.17363 11.727
770 0.444708 0.591891 -89.2679
770 0.760003 0.205535 170.64
770 -0.676003 -0.375126 148.521
770 0.847511 -0.838245 -31.0257
770 -1.07688 -0.674668 128.563
770 0.903255 0.240643 100.54
770 0.667993 0.816716 87.2111
770 0.605145 0.392261 -139.491
770 0.0984063 -0.73525 52.219
770 -0.000821361 -0.845069 -117.979
770 0.936861 0.724033 -120.965
770 -0.731351 -0.198965 104.652
770 -0.13582 -0.405567 -129.143
770 -0.557179 -0.288701 -135.544
770 0.913061 -0.228484 6.61912
770 -0.579924 1.00751 80.872
770 0.222425 0.606239 56.9137
770 0.647239 -0.233962 43.3531
770 0.265835 0.968335 -114.799
770 -0.147586 -1.20553 21.38
770 -1.05736 -0.388979 -47.6074
770 0.285618 1.05088 136.182
770 0.66952 0.120893 -133.154
770 0.876211 0.827979 118.948
770 -0.809757 -0.111246 -141.544
770 0.594378 0.139769 -132.128
770 0.465515 0.921006 -33.3918
770 -0.208744 0.407773 -82.4338
770 -0.646712 0.507921 10.2255
770 0.490231 0.280301 93.3032
770 -0.361036 -0.465857 45.4731
770 -0.736066 0.285643 53.5507
770 -0.863052 -0.67465 -54.7432
770 0.832684 0.0332281 69.1521
770 -0.629315 0.941244 -8.22285
770 0.547279 -1.12715 151.397
770 0.89914 0.112576 151.252
770 -0.623355 0.140321 17.0194
770 0.323297 0.553489 43.266
770 0.503464 -0.456928 -100.65
770 -0.41812 0.470796 -34.8899
770 -0.894675 -0.572406 -123.32
770 0.772037 -0.296131 152.505
770 0.523859 -0.185925 57.7496
770 -0.717156 -0.213513 -22.8402
770 0.526246 -0.584107 76.684
770 -0.773878 -0.340805 153.767
770 -0.493654 0.698152 -97.6947
770 -0.540328 0.212768 -2.84839
770 -0.745947 0.919784 -134.73
770 0.411111 -0.517893 121.309
770 0.0234326 -1.11833 45.458
770 -0.818254 -0.932568 90.9045
770 -0.441993 0.949635 -65.5124
770 0.570099 0.73301 162.818
770 -0.855808 -0.83253 -28.9479
770 0.846981 -0.50055 -42.9851
770 1.01398 -0.0134166 0.445717
770 -0.852355 0.255285 154.766
770 -0.12597 -0.94947 -92.6498
770 -0.710587 0.449378 148.808
770 0.290602 -1.00298 -137.361
770 1.12383 -0.187438 44.1994
770 -0.871495 0.191646 4.04848
770 -0.917558 -0.641996 33.1533
770 -0.932179 0.901803 4.14815
770 -0.441914 -0.937624 -16.5632
770 0.950535 0.329528 -44.0543
770 0.222833 -0.504622 -105.755
770 -0.759805 -0.431355 65.933
770 1.20389 -0.0457205 37.0127
770 0.996097 -0.354342 120.679
770 -0.631431 1.10328 17.1347
770 -0.510325 -1.1637 -111.088
770 0.733998 -0.446487 133.007
770 -0.239892 0.702579 -152.886
770 -0.736662 0.725209 10.6908
770 -0.997081 0.743776 35.0114
770 -0.871162 0.0103122 91.8921
770 -0.778055 0.44744 58.9367
770 -0.354071 -0.637071 -22.7159
770 -0.706919 -0.433325 116.384
770 0.216844 0.713141 -165.249
770 -0.450117 0.376736 128.918
770 0.901471 0.656591 119.345
770 0.756005 -0.921869 75.7116
770 -0.836696 -0.5394 -9.68826
770 -0.314482 -0.417937 116.315
770 0.446291 -0.723517 121.202
770 1.08571 0.69727 75.3648
770 0.778788 -0.183056 152.448
770 -1.10504 -0.272825 -108.892
770 -0.2089 0.532687 -121.95
770 -0.167195 1.06539 -6.93957
770 0.675839 0.94959 49.2496
770 -1.2075 -0.0376188 15.6035
770 -0.931001 -0.199527 122.389
770 0.360091 -0.88361 7.87868
770 0.390418 0.770744 -12.3811
770 -0.352661 -0.599449 -67.2252
770 -0.183942 0.455936 143.503
770 -1.13602 0.0673035 154.791
770 0.118115 -0.889057 -10.9655
770 1.04814 -0.750301 -48.8462
770 0.767582 -0.0292905 30.2637
770 1.19742 0.205567 38.0993
770 -0.394907 -0.525817 -28.5339
770 -0.455379 -0.444353 -124.323
770 1.03363 0.409274 -63.587
770 0.0906719 -0.665626 26.303
770 -0.931225 -0.0929952 133.828
770 0.310405 -0.936442 -49.0586
770 -0.980371 0.365055 134.444
770 0.844293 0.574925 112.325
770 -0.408803 -0.650749 60.189
770 -0.0615866 0.471825 -146.546
770 0.701791 -0.0697803 107.007
770 0.564475 -0.631948 -93.3567
770 0.152627 -0.645751 39.4612
770 0.0761853 -0.704962 -79.8072
770 0.582618 0.258622 69.1364
770 -0.934224 -0.739602 -98.3919
770 -0.862959 -0.395891 96.9763
770 0.537744 1.13158 62.0466
770 -0.872442 0.536309 -84.3984
770 -1.13683 -0.350125 129.179
770 -0.111802 0.604241 -95.5361
770 0.862753 0.166741 -164.276
770 1.2367 0.100566 -81.7263
770 0.293288 -0.794233 -68.4506
770 -0.205949 1.03461 48.4833
770 0.951965 0.201321 -76.0083
770 -0.311025 1.07905 -133.521
770 0.519508 -0.072447 -151.61
770 0.799712 0.672604 -101.898
770 -0.983937 -0.451392 15.8965
770 0.259199 -0.910058 -30.7504
770 -0.540743 1.02973 -52.2232
770 0.228788 0.689744 67.578
770 1.18694 -0.0579007 -124.38
770 0.961482 0.355672 -105.883
770 -0.360677 -0.908169 65.4994
770 -0.490284 -1.1377 127.979
770 0.412247 0.667029 -65.0922
770 1.20933 0.362619 55.9243
770 0.0513144 -0.894774 -111.621
770 0.667834 0.794742 17.8589
770 -0.412588 0.397267 85.4508
770 1.17581 0.405368 50.7438
770 -0.18732 0.844034 -121.159
770 -1.09733 0.332 -34.6931
770 -0.707171 -0.183198 134.894
770 0.270318 0.906609 -158.833
770 -0.775445 0.667423 17.3755
770 0.42607 0.557018 -26.1587
770 0.855575 0.887888 11.8016
770 0.186777 1.08617 24.9494
770 -0.62555 0.97124 -38.3763
770 -0.268259 0.885159 -127.382
770 0.0969002 0.673589 87.5362
770 0.247816 -0.381361 71.5173
770 -0.733639 -0.0399881 -148.329
770 -0.722873 0.59089 -122.05
770 0.868623 -0.607478 -132
770 -0.928187 -0.31515 -70.9575
770 0.387774 0.358734 137.942
770 1.26377 -0.013792 57.2124
770 -1.03622 0.137865 -33.1246
770 -0.644381 0.913898 29.5973
770 0.623236 0.393305 150.547
770 0.0720183 -0.933418 -137.788
770 -0.607631 -1.09283 90.3961
770 0.585398 -0.281466 120.306
770 0.5944 -1.07682 25.764
770 0.911947 -0.015762 -87.6154
770 0.365084 -0.455972 38.5026
770 1.08873 0.54905 -25.6817
770 -0.956625 0.0390928 -128.845
770 -0.242281 0.611793 36.7055
770 -1.17766 -0.377086 -96.7747
770 1.24904 0.0850051 -132.258
770 0.702779 0.315321 -31.9109
770 0.643394 0.668055 55.9824
