675 0.348068 0.234447 7.47154
675 -0.0751021 -0.227534 1.18835
675 0.391278 -0.0921267 1.18835
675 -0.242422 0.160143 1.18835
675 0.242712 -0.776772 7.47154
675 -1.01506 -0.0249712 1.18835
675 -0.46523 0.00625773 7.47154
675 -0.328855 -0.149052 1.18835
675 0.18884 0.409347 1.18835
675 0.556868 0.607246 7.47154
675 0.154195 0.494072 1.18835
675 -0.154452 0.476945 1.18835
675 0.835013 -0.382073 7.47154
675 -0.0997883 -0.896157 7.47154
675 0.110921 0.129251 1.18835
675 -0.80276 0.635712 1.18835
675 -0.911561 0.0404528 7.47154
675 -0.334222 0.741358 7.47154
675 -0.883479 -0.365542 1.18835
675 0.613025 -0.525114 7.47154
675 -1.01393 0.0410125 7.47154
675 0.156443 -0.841944 1.18835
675 0.86948 -0.431731 1.18835
675 -0.668381 -0.41839 7.47154
675 0.0198869 -0.544913 1.18835
675 1.02188 0.148924 1.18835
675 0.886139 0.247315 7.47154
675 0.336657 -0.160522 7.47154
675 0.0203092 0.475529 7.47154
675 1.01328 -0.178697 7.47154
675 0.02897 0.235571 1.18835
675 0.288806 0.943494 1.18835
675 -0.325181 -0.593091 7.47154
675 -0.274556 -0.580483 1.18835
675 -0.754705 0.241132 1.18835
675 0.875228 -0.272673 1.18835
675 0.400497 0.605442 1.18835
675 -0.365372 0.640503 1.18835
675 0.864165 0.10265 1.18835
675 -0.333053 -0.402754 1.18835
675 0.0286485 0.807912 1.18835
675 0.0275398 0.86373 1.18835
675 0.11681 0.18057 7.47154
675 -0.307199 0.484631 1.18835
675 -0.0767582 -0.276204 1.18835
675 0.599914 0.566959 1.18835
675 0.333839 -0.797347 7.47154
675 0.438863 -0.0722677 1.18835
675 -0.391192 -0.217428 1.18835
675 -0.972123 0.299481 1.18835
675 -0.95539 -0.118635 1.18835
675 0.578464 -0.162294 1.18835
675 -0.559503 0.574612 1.18835
675 0.958995 -0.365765 1.18835
675 0.030544 0.189443 1.18835
675 -0.192075 -0.626443 7.47154
675 -0.599718 -0.110404 7.47154
675 0.0617169 0.445542 1.18835
675 0.245007 -0.928422 1.18835
675 -0.121166 -0.304921 1.18835
675 0.711919 0.373556 1.18835
675 0.683017 0.208485 1.18835
675 0.756554 0.278053 1.18835
675 -0.630619 -0.696467 1.18835
675 -0.906294 0.311542 7.47154
675 -0.959985 0.00707338 1.18835
675 -0.649284 -0.266659 1.18835
675 0.214274 0.628653 1.18835
675 0.726212 -0.018057 7.47154
675 0.545236 -0.313814 1.18835
675 -0.173841 0.749247 7.47154
675 -0.593933 -0.742494 7.47154
675 0.679393 -0.166837 1.18835
675 0.368984 0.388734 7.47154
675 0.430459 0.171405 1.18835
675 -0.224717 0.345208 1.18835
675 0.805633 0.559871 1.18835
675 -0.120338 -0.839161 1.18835
675 -0.523694 -0.556993 1.18835
675 -0.741889 0.137736 7.47154
675 0.740782 -0.431167 1.18835
675 -0.648374 -0.767571 1.18835
675 0.832665 0.618261 1.18835
675 -0.569002 -0.1564 1.18835
675 -0.364495 0.846195 1.18835
675 0.235744 -0.25181 1.18835
675 0.832819 -0.591538 1.18835
675 0.419494 -0.223715 1.18835
675 0.22126 -0.607515 1.18835
675 -0.381677 0.544517 1.18835
675 0.0235843 0.53022 7.47154
675 0.216352 -0.313889 1.18835
675 -0.926593 -0.246525 1.18835
675 0.54197 -0.729502 1.18835
675 0.0709898 0.158544 1.18835
675 0.387018 -0.464876 7.47154
675 -0.216503 -0.576462 1.18835
675 -0.243247 -0.978628 1.18835
675 0.272837 1.00044 1.18835
675 0.170761 0.660262 1.18835
675 -0.359782 -0.450426 1.18835
675 -0.492118 -0.32337 7.47154
675 -0.461063 -0.651317 1.18835
675 -0.266139 -0.0777219 1.18835
675 0.338797 -0.691794 1.18835
675 -0.610549 -0.412976 1.18835
675 -0.130642 -0.539218 1.18835
675 -0.659445 0.0845766 1.18835
675 0.263366 -0.871153 1.18835
675 -0.252632 -0.216798 1.18835
675 -0.776565 0.190938 1.18835
675 -0.244889 -0.533703 1.18835
675 0.749879 -0.692232 7.47154
675 -0.417024 0.814252 1.18835
675 0.278044 0.40071 7.47154
675 0.107578 0.469976 1.18835
675 0.688877 0.530594 1.18835
675 -0.399613 0.360812 1.18835
675 0.444049 -0.0195692 7.47154
675 -0.0828691 0.201396 1.18835
675 -0.348429 0.588406 7.47154
675 0.0998101 0.0280494 7.47154
675 -0.176377 0.222051 1.18835
675 0.0205787 -0.907903 7.47154
675 0.0323092 -0.806404 7.47154
675 -0.225745 0.209717 1.18835
675 0.550325 0.812856 1.18835
675 0.412833 0.0675108 1.18835
675 -0.164819 -0.388446 7.47154
675 0.390455 0.881996 1.18835
675 -0.668435 0.281692 1.18835
675 -0.231622 -0.112966 1.18835
675 -0.500127 0.466445 7.47154
675 -0.528681 0.323891 1.18835
675 -0.307648 0.0989726 1.18835
675 0.475545 0.481234 7.47154
675 0.0228391 1.03563 7.47154
675 0.322634 -0.402429 1.18835
675 0.107542 -0.523854 1.18835
675 0.832145 -0.233213 1.18835
675 0.301443 -0.0805408 7.47154
675 -0.668001 0.488376 7.47154
675 -0.494905 -0.604835 1.18835
675 0.346969 -0.502314 7.47154
675 0.0608223 -0.000929691 7.47154
675 0.925998 0.0199975 1.18835
675 0.612505 0.389604 7.47154
675 -0.83272 0.191271 1.18835
675 0.340694 0.529736 7.47154
675 -0.686425 -0.0643283 7.47154
675 0.061549 -0.204836 1.18835
675 0.44519 -0.738819 7.47154
675 -0.304995 -0.44634 1.18835
675 0.791534 0.175909 1.18835
675 0.507742 0.342162 7.47154
675 0.846191 0.158257 1.18835
675 -0.385911 -0.500491 7.47154
675 0.180831 0.774314 1.18835
675 -0.397477 0.743081 1.18835
675 -0.890524 -0.474258 7.47154
675 -0.256439 -0.755082 7.47154
675 0.340183 0.183278 1.18835
675 -0.68456 0.0360837 7.47154
675 -0.462495 0.0545649 1.18835
675 -0.64714 0.434019 1.18835
675 0.199176 -0.503299 1.18835
675 0.226406 0.742709 1.18835
675 0.866665 0.0468803 1.18835
675 -0.152922 0.590621 7.47154
675 -0.582417 0.132825 1.18835
675 -0.0203425 0.559492 1.18835
675 -0.177225 -0.82902 1.18835
675 -0.437006 -0.316503 1.18835
675 -0.15998 -0.180703 7.47154
675 0.245605 -0.149856 7.47154
675 -0.701373 -0.270117 1.18835
675 -0.609993 -0.011107 1.18835
675 -0.625378 0.533181 7.47154
675 0.0649319 0.106438 7.47154
675 -0.80862 -0.269372 7.47154
675 -0.217662 -0.873421 7.47154
675 -0.442567 -0.5016 1.18835
675 0.313506 -0.0261961 7.47154
675 -0.791805 -0.423379 7.47154
675 -0.311165 0.632837 1.18835
675 0.50322 -0.34742 1.18835
675 0.539024 -0.663563 1.18835
675 0.918156 -0.316987 1.18835
675 -0.522364 -0.657498 7.47154
675 0.467525 -0.397197 7.47154
675 -0.25484 0.478768 1.18835
675 -0.677766 0.769568 7.47154
675 -0.769627 -0.0124579 1.18835
675 0.870088 0.566147 7.47154
675 0.68809 -0.675772 1.18835
675 0.149144 -0.199737 1.18835
675 -0.0603041 -0.69177 7.47154
675 0.424447 -0.923455 1.18835
675 -0.0639388 -0.8467 7.47154
675 -0.2806 0.719963 1.18835
675 0.443334 0.570721 7.47154
675 -0.412258 -0.548013 1.18835
675 -0.243821 0.56917 1.18835
675 -0.25319 -0.353626 7.47154
675 -0.76424 0.401557 7.47154
675 0.803155 -0.533878 1.18835
675 -0.0250051 0.214126 1.18835
675 -0.25394 0.886831 1.18835
675 -0.477193 0.140062 1.18835
675 -0.145368 -0.436659 7.47154
675 -0.57427 0.0394171 1.18835
675 -0.544174 -0.781364 7.47154
675 -0.633609 -0.0624453 1.18835
675 -0.796625 0.138208 1.18835
675 0.218852 -0.365287 1.18835
675 -0.382996 -0.59535 1.18835
675 -0.740557 -0.0640455 7.47154
675 -0.640791 -0.366925 1.18835
675 0.270997 0.709283 1.18835
675 0.471398 0.139711 1.18835
675 0.63133 0.193177 1.18835
675 -0.841239 0.583076 1.18835
675 0.434002 -0.861954 1.18835
675 -0.900454 0.159329 1.18835
675 0.999093 -0.24202 7.47154
675 0.713117 -0.262739 1.18835
675 0.654027 -0.780238 1.18835
675 -0.0777842 0.870432 1.18835
675 0.519579 0.446608 1.18835
675 -0.722434 -0.623494 1.18835
675 0.472531 -0.202195 1.18835
675 -0.278178 -0.399836 1.18835
675 -0.0645041 0.643253 1.18835
675 0.157369 0.1514 7.47154
675 -0.0677677 0.478703 1.18835
675 0.594352 -0.471757 7.47154
675 0.441715 -0.482446 1.18835
675 0.442113 -0.801217 7.47154
675 0.960392 0.171637 1.18835
675 0.271813 0.348287 7.47154
675 -0.069009 0.75179 1.18835
675 0.326404 0.421538 1.18835
675 0.383208 -0.830784 1.18835
675 0.148059 -0.486344 7.47154
675 -0.851519 0.136843 1.18835
675 -0.17009 0.426124 1.18835
675 0.146113 -0.7372 7.47154
675 0.140715 -0.053404 1.18835
675 -0.173343 0.0881056 1.18835
675 -0.507526 0.183312 7.47154
675 -0.467534 0.859538 7.47154
675 0.000211702 -0.440929 1.18835
675 0.112669 0.524878 1.18835
675 -0.641659 0.231683 7.47154
675 0.484166 -0.103227 1.18835
675 0.239529 -0.468908 7.47154
675 0.744832 0.547702 1.18835
675 -0.497704 0.0913728 1.18835
675 -0.464564 -0.274241 1.18835
675 -0.15781 0.138702 7.47154
675 0.670046 -0.376615 1.18835
675 0.116064 -0.332869 1.18835
675 0.0895754 1.03388 7.47154
675 0.0732472 0.609953 1.18835
675 -0.539893 -0.71941 1.18835
675 0.867329 -0.0622595 1.18835
675 0.525136 0.698554 7.47154
675 0.258623 0.245035 1.18835
675 -0.562213 -0.311259 1.18835
675 -0.0355691 -0.14684 1.18835
675 -0.358678 -0.258091 1.18835
675 -0.352101 -0.639866 1.18835
675 0.43988 0.221971 1.18835
675 0.177678 -0.792206 1.18835
675 0.229193 -0.0106206 7.47154
675 -0.694759 -0.568695 1.18835
675 -0.113188 -1.00306 7.47154
675 0.0164908 0.421005 1.18835
675 0.698525 0.26325 1.18835
675 0.0274894 0.639734 1.18835
675 -0.181312 0.959025 7.47154
675 0.25213 -0.100887 1.18835
675 -0.555794 0.374902 7.47154
675 0.332833 0.131655 1.18835
675 0.541522 0.554195 7.47154
675 -0.434416 -0.909396 7.47154
675 0.129581 0.746665 1.18835
675 0.980973 -0.304422 7.47154
675 -0.539657 0.668698 1.18835
675 -0.118839 -0.207114 1.18835
675 0.28588 0.111468 1.18835
675 0.321069 -0.261644 1.18835
675 -0.230664 0.431369 1.18835
675 -0.613184 0.181922 1.18835
675 -0.467982 -0.366034 7.47154
675 -0.0189721 0.725127 7.47154
675 -0.390994 0.453092 7.47154
675 0.0631066 -0.259178 1.18835
675 0.873877 -0.00621953 1.18835
675 0.675009 0.15465 7.47154
675 0.902528 -0.484527 7.47154
675 0.518235 -0.405801 1.18835
675 0.570075 -0.212586 7.47154
675 0.251192 -0.520778 1.18835
675 0.357765 0.641208 1.18835
675 -0.139594 -0.636151 1.18835
675 0.896099 -0.374283 7.47154
675 -0.697636 0.236074 1.18835
675 0.391038 0.55045 7.47154
675 -0.944008 -0.185539 1.18835
675 -0.071081 -0.0206746 1.18835
675 -0.0760697 -0.554886 1.18835
675 0.217709 0.275182 1.18835
675 -0.283768 0.434099 1.18835
675 -0.792735 0.349322 1.18835
675 0.176982 -0.640453 1.18835
675 0.631017 -0.0138117 1.18835
675 -0.137848 -0.944742 1.18835
675 -0.158885 -0.886504 1.18835
675 0.429778 -0.622549 1.18835
675 0.385346 -0.657456 1.18835
675 0.412449 0.355965 1.18835
675 0.28768 -0.68267 1.18835
675 0.892679 -0.21626 1.18835
675 0.227632 -0.417761 7.47154
675 -0.0425903 -0.744362 1.18835
675 0.0573192 -0.155195 1.18835
675 0.494319 -0.766442 1.18835
675 0.840361 0.215531 7.47154
675 -0.307182 -0.356644 1.18835
675 -0.588543 0.426675 1.18835
675 0.646045 -0.327488 1.18835
675 -0.496427 0.709299 1.18835
675 -0.490089 -0.814089 7.47154
675 0.706981 -0.574654 1.18835
675 -0.128514 0.402907 1.18835
675 0.426482 -0.430518 1.18835
675 -0.80575 -0.114639 1.18835
675 -0.676271 0.547225 1.18835
675 0.5672 0.41473 7.47154
675 0.361649 -0.300032 7.47154
675 0.916512 0.342818 1.18835
675 0.281053 -0.814033 7.47154
675 0.527679 0.500719 1.18835
675 -0.0198511 0.613704 1.18835
675 -0.243492 0.299284 7.47154
675 0.265439 0.296523 1.18835
675 -0.332556 -0.494778 1.18835
675 -0.867592 0.532652 1.18835
675 -0.41752 0.0192231 7.47154
675 -0.530042 -0.357751 1.18835
675 -0.451049 0.364799 1.18835
675 0.793615 -0.642956 7.47154
675 0.679183 0.00941712 7.47154
675 -0.558002 0.277041 1.18835
675 0.762341 0.0769976 7.47154
675 0.0832903 0.938049 7.47154
675 0.0598621 -0.508914 1.18835
675 0.103998 -0.229275 1.18835
675 0.795098 -0.33659 7.47154
675 0.44421 0.939556 1.18835
675 0.440444 -0.678594 7.47154
675 -0.698476 -0.371562 1.18835
675 0.486922 -0.892543 1.18835
675 -0.69743 -0.469963 7.47154
675 0.343021 -0.110776 7.47154
675 -0.292335 -0.180714 1.18835
675 0.375184 0.756542 1.18835
675 0.910115 0.136731 7.47154
675 0.703062 -0.737762 1.18835
675 -0.901874 -0.145291 1.18835
675 0.0127335 -0.173311 1.18835
675 -0.384955 -0.309293 7.47154
675 0.190548 0.894976 1.18835
675 0.409539 -0.379945 1.18835
675 0.788089 -0.200277 7.47154
675 -0.579347 -0.56387 7.47154
675 0.101465 0.415148 1.18835
675 -0.290201 0.282838 1.18835
675 -0.754194 -0.271944 1.18835
675 -0.631383 0.810345 1.18835
675 -0.727386 -0.16945 1.18835
675 -0.926724 0.256124 1.18835
675 -0.372547 -0.937349 7.47154
675 -0.503439 0.275589 1.18835
675 -0.162198 -0.332605 1.18835
675 -0.310348 0.233384 1.18835
675 -0.792779 -0.524878 1.18835
675 0.0818365 -0.668241 7.47154
675 -0.196847 -0.14786 7.47154
675 0.904983 -0.158459 1.18835
675 0.343604 -0.743741 1.18835
675 0.058465 0.0568279 7.47154
675 -0.0243816 -0.345511 1.18835
675 -0.680745 0.60357 1.18835
675 0.167243 -0.589491 1.18835
675 -0.0293466 -0.248046 1.18835
675 0.605122 0.0898682 1.18835
675 -0.728543 -0.422558 1.18835
675 0.277717 0.767148 1.18835
675 -0.108669 -0.404055 1.18835
675 0.320125 0.368888 1.18835
675 -0.854279 -0.0525432 1.18835
675 0.429354 0.770581 1.18835
675 -0.612469 0.278337 7.47154
675 -0.343954 -0.78489 1.18835
675 0.405575 0.304639 7.47154
675 0.486154 -0.0519071 1.18835
675 -0.629653 0.0369955 7.47154
675 0.359143 -0.00648474 1.18835
675 0.245203 0.142597 1.18835
675 -0.0309541 -0.0500252 1.18835
675 -0.199561 -0.932792 1.18835
675 0.39445 -0.71325 7.47154
675 -0.605228 0.0845751 1.18835
675 -1.01111 0.107341 7.47154
675 -0.0242974 0.901547 1.18835
675 -0.721442 0.188102 7.47154
675 0.192787 0.0714532 1.18835
675 -0.786041 0.516407 1.18835
675 -0.688337 0.135021 7.47154
675 0.99711 0.271324 7.47154
675 -0.227191 1.0081 1.18835
675 0.0415227 -0.40757 1.18835
675 -0.560107 -0.00825777 1.18835
675 -0.468947 0.511816 1.18835
675 0.480789 -0.152879 1.18835
675 0.649562 0.298888 1.18835
675 -0.00916584 0.968278 1.18835
675 -0.51569 0.762763 1.18835
675 0.330307 -0.21086 7.47154
675 -0.160396 0.526847 1.18835
675 0.0161613 -0.0268053 1.18835
675 0.320207 0.0270803 1.18835
675 0.773424 -0.0448388 1.18835
675 0.0996396 -0.469926 1.18835
675 -0.357452 0.907878 7.47154
675 -0.373695 0.313255 1.18835
675 -0.899092 -0.0164409 1.18835
675 0.291436 0.508152 1.18835
675 -0.796192 0.0393685 1.18835
675 0.0507515 -0.856597 1.18835
675 -0.440398 -0.84433 7.47154
675 0.892154 0.398856 7.47154
675 -0.796574 -0.0612541 1.18835
675 -0.155881 -0.732418 7.47154
675 0.572911 0.465986 1.18835
675 0.158006 1.02726 7.47154
675 -0.0143304 0.0514726 7.47154
675 -0.275628 0.769721 7.47154
675 -0.224347 -0.487046 1.18835
675 -0.186037 -0.532377 1.18835
675 0.231974 0.801831 1.18835
675 -0.524089 0.888201 1.18835
675 -0.413637 -0.360717 1.18835
675 0.777639 0.0136246 1.18835
675 -0.169708 0.804281 1.18835
675 0.240616 -0.199977 7.47154
675 0.815949 0.453926 1.18835
675 0.153426 -0.150832 7.47154
675 -0.141507 0.0508958 1.18835
675 1.01115 0.210926 7.47154
675 0.324449 -0.856098 7.47154
675 -0.723667 0.504711 7.47154
675 0.952625 -0.198559 1.18835
675 -0.0668516 0.5865 7.47154
675 -0.782909 -0.169173 1.18835
675 0.515017 -0.235311 1.18835
675 0.380773 0.151838 7.47154
675 -0.951286 0.131336 7.47154
675 -1.00214 0.17166 7.47154
675 0.0713591 -0.615604 7.47154
675 0.978674 -0.0131542 1.18835
675 -0.0478079 0.291974 1.18835
675 0.138992 0.918402 1.18835
675 -0.114063 0.558144 1.18835
675 -0.857945 -0.529154 1.18835
675 -0.259097 -0.266828 7.47154
675 0.275389 -0.62654 7.47154
675 -0.2345 -0.814563 7.47154
675 -0.500974 -0.406208 7.47154
675 0.0302286 0.750871 1.18835
675 -0.420611 0.646597 1.18835
675 0.0909349 -0.416822 7.47154
675 0.85824 -0.120349 1.18835
675 -0.633029 -0.567726 7.47154
675 -0.378812 0.69344 1.18835
675 0.333189 0.475184 1.18835
675 0.738917 -0.52852 1.18835
675 -0.640412 0.64345 1.18835
675 -0.111456 -0.592111 7.47154
675 0.201607 0.517667 1.18835
675 -0.701911 -0.116674 1.18835
675 -0.650834 -0.114301 1.18835
675 0.193292 -0.221585 1.18835
675 0.854364 0.352879 1.18835
675 0.707485 -0.48249 1.18835
675 0.0949241 0.36122 1.18835
675 0.537576 0.754824 1.18835
675 0.46683 0.678866 1.18835
675 0.330298 0.792184 1.18835
675 -0.236503 0.0238622 7.47154
675 -0.621125 -0.162795 1.18835
675 0.280317 -0.435108 7.47154
675 -0.289232 0.991792 7.47154
675 0.932773 -0.425927 1.18835
675 -0.336196 -0.314572 1.18835
675 0.595881 -0.756028 1.18835
675 0.915299 -0.100133 1.18835
675 -0.380698 0.175817 1.18835
675 0.268605 -0.0451738 1.18835
675 -0.560114 0.181463 7.47154
675 -0.387946 -0.4068 1.18835
675 0.136418 0.860298 1.18835
675 0.724115 -0.207442 1.18835
675 -0.158198 0.863895 1.18835
675 -0.831171 0.0856476 1.18835
675 0.0757796 0.210084 7.47154
675 0.81853 0.274684 1.18835
675 -0.581617 -0.0595202 1.18835
675 -0.843291 0.319642 1.18835
675 -0.478624 -0.0469983 1.18835
675 0.0995233 -0.836226 1.18835
675 0.768981 0.6074 1.18835
675 -0.0360326 -0.0989496 1.18835
675 -0.212182 0.842298 7.47154
675 0.182701 0.356508 1.18835
675 -0.101189 0.276379 1.18835
675 -0.27402 0.527304 1.18835
675 -0.581353 0.850718 1.18835
675 -0.277768 -0.490525 7.47154
675 0.670052 -0.101723 7.47154
675 0.532126 -0.134227 1.18835
675 -0.57792 -0.674972 1.18835
675 -0.260618 -0.918339 7.47154
675 -0.275824 -0.859072 1.18835
675 -0.0618035 0.0302302 1.18835
675 -0.492501 -0.87893 1.18835
675 0.0816092 0.828469 1.18835
675 0.837333 -0.484745 7.47154
675 0.373041 0.0998083 7.47154
675 0.181745 -0.941176 1.18835
675 0.61101 0.839247 7.47154
675 -0.0252884 -0.798067 1.18835
675 -0.0767652 0.118883 1.18835
675 -0.86149 0.268159 7.47154
675 0.617619 -0.23373 1.18835
675 -0.222133 0.780773 1.18835
675 -0.0629772 0.244348 7.47154
675 0.576795 0.177435 1.18835
675 0.627043 -0.0717987 7.47154
675 0.416386 -0.569137 1.18835
675 -0.251586 -0.0260781 7.47154
675 0.713206 -0.128613 1.18835
675 -0.423015 0.410279 1.18835
675 0.141722 0.385705 7.47154
675 0.182118 0.961201 1.18835
675 0.553647 -0.369497 1.18835
675 -0.581076 -0.459949 7.47154
675 -0.0521768 -0.421951 1.18835
675 -0.498223 0.564855 1.18835
675 0.970106 0.11224 1.18835
675 0.560286 0.362288 1.18835
675 0.591573 0.0386645 1.18835
675 0.897165 0.190696 1.18835
675 0.482206 -0.448305 1.18835
675 0.584186 0.515709 7.47154
675 -0.0479943 0.0817434 1.18835
675 0.41843 0.408098 7.47154
675 0.393314 -0.772707 1.18835
675 -0.460968 -0.137195 7.47154
675 -0.757015 -0.219451 1.18835
675 -0.162691 -0.581056 7.47154
675 -0.833348 0.487177 1.18835
675 -0.381546 -0.0192542 1.18835
675 0.105267 0.0782256 1.18835
675 -0.04038 -0.9036 1.18835
675 0.30677 0.265652 1.18835
675 -0.257372 0.38669 1.18835
675 0.602307 -0.820313 7.47154
675 -0.0952758 0.066224 1.18835
675 0.360155 -0.553061 7.47154
675 0.48199 0.190257 1.18835
675 0.736082 0.222997 1.18835
675 -0.243738 -0.165341 1.18835
675 -0.758492 -0.374291 1.18835
675 0.671832 -0.220046 7.47154
675 0.182819 -0.0819423 1.18835
675 0.155529 -0.302983 1.18835
675 -0.325565 0.685618 1.18835
675 0.750283 -0.308501 1.18835
675 0.512123 0.107862 1.18835
675 -0.307776 -0.960903 1.18835
675 0.165401 0.604444 1.18835
675 -0.0108896 -0.391966 1.18835
675 -0.439007 0.554556 1.18835
675 -0.660448 0.383419 1.18835
675 0.171616 -0.347491 1.18835
675 -0.711986 0.391783 7.47154
675 0.660794 0.800552 7.47154
675 -0.478773 0.230492 1.18835
675 -0.573156 0.785545 1.18835
675 0.200083 -0.743412 1.18835
675 -0.414692 -0.455332 7.47154
675 0.375326 0.441691 1.18835
675 -0.120127 0.23221 1.18835
675 0.14621 0.050057 1.18835
675 0.551976 0.0748445 7.47154
675 -0.945562 0.19717 7.47154
675 0.546422 -0.794079 1.18835
675 -0.299896 -0.0417673 1.18835
675 -0.0222591 0.504823 7.47154
675 0.349705 -0.0602167 7.47154
675 -0.520285 -0.284013 7.47154
675 0.872602 0.452888 7.47154
675 0.584256 -0.622824 1.18835
675 0.592884 -0.333073 1.18835
675 -0.468212 -0.552094 7.47154
675 1.0304 -0.0485715 1.18835
675 0.0172484 -0.269601 1.18835
675 -0.285201 0.0104988 1.18835
675 0.846749 -0.178102 1.18835
675 0.236408 0.432083 1.18835
675 -0.203446 -0.351375 1.18835
675 0.642903 -0.716787 7.47154
675 -0.277215 -0.312544 1.18835
675 0.2632 -0.573097 7.47154
675 0.314809 0.675653 1.18835
675 0.246285 -0.714541 7.47154
675 -0.495582 -0.0974841 1.18835
675 0.468578 0.427275 1.18835
675 -0.726583 0.287235 7.47154
675 -0.0308644 -0.524526 7.47154
675 0.546822 -0.858129 7.47154
675 0.225214 -0.987089 7.47154
675 -0.714603 -0.0138657 1.18835
675 -0.109564 0.616632 1.18835
675 -0.368879 0.786462 1.18835
675 -0.00812875 -0.697506 7.47154
675 -0.0752864 -0.32699 1.18835
675 0.403921 -0.326937 1.18835
675 -0.334227 -0.842642 1.18835
675 -0.108193 0.155419 1.18835
675 1.02944 0.0851117 1.18835
675 0.105527 -0.177963 1.18835
675 -0.0671723 0.807848 7.47154
675 -0.392927 -0.813148 7.47154
675 -0.429506 -0.0337856 1.18835
675 0.0760376 0.664546 1.18835
675 0.529237 -0.606026 7.47154
675 0.385791 -0.142764 1.18835
675 0.0566624 -0.0540659 1.18835
675 0.462606 -0.251636 1.18835
675 -0.580481 0.627688 1.18835
675 -0.308668 0.389066 1.18835
675 0.256867 0.596173 1.18835
675 0.435081 -0.12329 1.18835
675 0.358373 -0.950063 1.18835
675 -0.27113 0.0616478 7.47154
675 -0.349342 0.971365 1.18835
675 0.242948 0.485954 1.18835
675 0.523795 0.158483 7.47154
675 -0.0977064 -0.738703 7.47154
675 -0.302166 -0.229159 1.18835
675 0.94754 0.228803 1.18835
675 0.485138 -0.642832 1.18835
675 -0.165798 1.02051 1.18835
675 0.67106 0.636026 1.18835
675 0.671548 0.470545 7.47154
675 -0.395212 -0.0727405 1.18835
675 -0.525838 0.825994 7.47154
675 0.0700182 0.555143 1.18835
675 0.957807 0.391139 7.47154
675 -0.727711 -0.323489 7.47154
675 0.389299 0.202998 7.47154
675 0.308669 -0.913326 1.18835
675 0.539523 0.0225885 7.47154
675 0.514284 0.393986 1.18835
675 -0.0408218 -0.472356 7.47154
675 -0.378011 -0.694435 1.18835
675 0.138863 -0.433487 1.18835
675 -0.688414 0.333622 1.18835
675 0.553327 0.310769 1.18835
675 -0.521004 0.61481 1.18835
675 -0.202546 0.390855 1.18835
675 0.382673 0.817673 1.18835
675 -0.12511 -0.0876008 1.18835
675 0.652276 -0.481005 1.18835
675 -0.193777 0.563464 1.18835
675 0.223968 0.326822 1.18835
675 0.589508 0.228357 7.47154
675 -0.196501 -0.773945 7.47154
675 -0.20925 0.261575 1.18835
675 0.674254 -0.045474 1.18835
675 0.811466 0.110256 1.18835
675 0.204389 0.172815 7.47154
675 -0.0290484 0.397222 1.18835
675 0.125803 0.690495 1.18835
675 -0.0675993 0.69775 7.47154
675 0.0792166 -0.365734 1.18835
675 0.461085 0.088212 1.18835
675 -0.465276 0.920806 1.18835
675 -0.762568 0.683082 1.18835
675 0.597743 0.280289 1.18835
675 -0.161224 0.644656 7.47154
675 0.410873 -0.275192 1.18835
675 -0.600317 -0.808695 7.47154
675 -0.390162 0.117909 1.18835
675 -0.39579 0.265439 1.18835
675 -0.502711 0.369822 1.18835
675 -0.909594 -0.0778004 1.18835
675 -0.0921699 -0.452315 7.47154
675 -3.10834e-05 0.313161 1.18835
675 0.58692 -0.691848 1.18835
675 0.195145 0.463075 7.47154
675 0.0672926 -0.312859 1.18835
675 0.707888 0.758702 7.47154
675 -0.959064 -0.0518613 1.18835
675 0.763514 0.43778 1.18835
675 -0.835755 0.382072 1.18835
675 -0.659951 0.704938 1.18835
675 -0.471097 0.801615 7.47154
675 -0.0812449 -0.791568 7.47154
675 0.492912 -0.830117 7.47154
675 0.121625 0.635097 1.18835
675 -0.343171 0.271258 1.18835
675 0.575143 -0.419645 1.18835
675 0.079675 0.258582 7.47154
675 -0.277837 0.341197 1.18835
675 0.141453 -0.000182616 1.18835
675 -0.895323 0.0959982 1.18835
675 0.614558 -0.380541 7.47154
675 -0.407612 0.0679757 1.18835
675 -0.166206 -0.232738 1.18835
675 -0.368654 0.40519 1.18835
675 0.13018 -0.381068 7.47154
675 -0.817801 -0.216225 7.47154
675 -0.0661951 0.533441 1.18835
675 -0.643415 -0.215459 1.18835
675 -0.361723 -0.111258 1.18835
675 0.23931 0.0915393 1.18835
675 0.298891 0.563205 7.47154
675 -0.546849 -0.844905 1.18835
675 -0.222834 -0.396774 7.47154
675 -0.906596 -0.306385 7.47154
675 -0.309631 0.866446 1.18835
675 0.532754 -0.0308245 1.18835
675 0.752146 0.714456 7.47154
675 -0.346627 0.360353 7.47154
675 -0.119428 -0.357698 1.18835
675 0.133009 0.803081 1.18835
675 0.558402 -0.262802 1.18835
675 -0.484335 -0.700427 1.18835
675 0.249825 0.540695 7.47154
675 -0.21191 -0.253489 1.18835
675 -0.444037 -0.0865711 1.18835
675 0.0261896 0.135983 1.18835
675 -0.704767 0.444859 7.47154
675 0.582514 -0.010526 7.47154
675 0.640474 0.0450489 7.47154
675 -0.108151 0.0135746 1.18835
675 0.82423 0.398321 1.18835
675 0.0188779 -0.315101 1.18835
675 0.410709 0.660255 1.18835
675 -0.497518 -0.504263 1.18835
675 -0.130319 0.91041 7.47154
675 0.919885 0.0779309 1.18835
675 0.290985 -0.747106 1.18835
675 0.0446165 -0.710892 1.18835
675 -0.555187 0.471197 1.18835
675 0.0511832 -0.456958 7.47154
675 -0.809547 0.435034 7.47154
675 -0.820939 -0.371957 1.18835
675 -0.174144 -0.679664 7.47154
675 0.500457 0.0559354 1.18835
675 0.810531 -0.283565 7.47154
675 0.366801 0.698075 7.47154
675 -0.424738 0.313713 1.18835
675 0.750601 -0.162668 1.18835
675 0.362736 0.336815 1.18835
675 0.382655 0.495716 1.18835
675 0.723238 -0.367986 1.18835
675 0.869133 0.299169 1.18835
675 0.236013 0.864058 1.18835
675 0.583064 -0.11118 7.47154
675 -0.319294 0.0474085 1.18835
675 -0.257011 0.620722 1.18835
675 0.134377 -0.681424 1.18835
675 0.0823937 0.882574 1.18835
675 -0.600532 0.684139 7.47154
675 0.397823 0.253764 1.18835
675 -0.217681 0.51807 1.18835
675 0.655245 0.104564 1.18835
675 -0.953655 0.358412 7.47154
675 -0.258101 0.246045 1.18835
675 0.804572 0.328803 7.47154
675 -0.699082 -0.21817 1.18835
675 0.504162 0.909524 7.47154
675 -0.533281 0.229585 1.18835
675 -0.024009 0.842321 7.47154
675 -0.0366707 1.03441 7.47154
675 0.490998 0.00188165 7.47154
675 -0.902796 0.48103 1.18835
675 -0.741686 -0.683725 7.47154
675 0.79371 0.667651 1.18835
675 0.373513 -0.604394 1.18835
675 0.455039 0.624812 7.47154
675 -0.476695 0.415904 7.47154
675 -0.115943 0.832425 1.18835
675 0.187725 0.0210881 1.18835
675 -0.333424 -0.00447478 1.18835
675 -0.362216 -0.359226 1.18835
675 0.176432 0.304458 1.18835
675 -0.58441 -0.361699 7.47154
675 0.267913 -0.38556 7.47154
675 0.336419 0.983674 1.18835
675 0.216934 1.00941 1.18835
675 -0.959168 0.0730786 7.47154
675 -0.0308957 -0.297066 1.18835
675 -0.037913 0.344763 7.47154
675 -0.229625 -0.670195 7.47154
675 -0.0112271 -0.958823 7.47154
675 0.188123 -0.691638 7.47154
675 0.689806 0.0665791 1.18835
675 -0.190014 0.308943 1.18835
675 -0.608593 0.378768 7.47154
675 -0.61169 0.477279 7.47154
675 0.629418 -0.6539 1.18835
675 0.0389812 0.284823 7.47154
675 -0.619924 0.587045 7.47154
675 -1.00992 -0.0917661 7.47154
675 0.635692 0.512409 1.18835
675 0.281923 -0.231835 1.18835
675 -0.667056 0.184303 1.18835
675 -0.169695 0.697256 1.18835
675 0.360552 -0.356118 1.18835
675 -0.442153 -0.410022 7.47154
675 -0.446468 0.266796 1.18835
675 -0.205451 0.61644 7.47154
675 0.283474 0.826264 7.47154
675 0.81448 0.0518725 1.18835
675 -0.531427 0.421157 1.18835
675 0.452681 -0.350376 1.18835
675 0.193581 -0.273445 1.18835
675 -0.480548 0.655486 1.18835
675 0.274655 0.00782402 1.18835
675 -0.347567 -0.057401 7.47154
675 0.428995 -0.173294 1.18835
675 0.0802955 0.774361 1.18835
675 -0.987338 -0.228256 1.18835
675 -0.247446 -0.622752 1.18835
675 0.627122 -0.183576 1.18835
675 0.0909146 -1.00775 1.18835
675 -0.443276 0.102483 1.18835
675 -0.0826031 -0.119831 1.18835
675 0.515483 -0.551476 1.18835
675 -0.125073 0.103791 1.18835
675 0.933955 0.286588 1.18835
675 0.579473 -0.0600965 1.18835
675 -0.71424 0.0858519 1.18835
675 0.491662 0.240658 1.18835
675 0.135461 0.333006 1.18835
675 0.730652 0.653105 7.47154
675 -0.67118 -0.319664 1.18835
675 0.316923 -0.587244 1.18835
675 0.0227584 -1.01065 7.47154
675 0.55891 0.875169 1.18835
675 -0.946027 -0.355672 1.18835
675 -0.607051 -0.627771 1.18835
675 -0.355581 0.0829925 1.18835
675 -0.383728 -0.875495 7.47154
675 -0.0252811 0.450392 1.18835
675 -0.164575 -0.0511733 1.18835
675 -0.376021 -0.165251 1.18835
675 0.285959 0.886401 1.18835
675 0.1208 -0.786805 7.47154
675 -0.409931 -0.125911 1.18835
675 -0.661537 -0.0132442 1.18835
675 0.977875 0.0507797 1.18835
675 -0.51201 -0.00425947 1.18835
675 0.197451 -0.171882 7.47154
675 -0.110973 0.506086 7.47154
675 0.401493 -0.517115 7.47154
675 -0.217304 -0.0615891 7.47154
675 -0.213295 -0.721743 7.47154
675 0.00960044 0.366077 7.47154
675 -0.139238 0.310723 1.18835
675 0.725916 0.486307 1.18835
675 0.284502 0.453983 7.47154
675 -0.855965 -0.421566 1.18835
675 0.333847 -0.452358 1.18835
675 -0.154487 -0.000976654 7.47154
675 -0.12845 -0.489261 1.18835
675 -0.325702 -0.688855 7.47154
675 -0.276821 0.196554 1.18835
675 -0.113862 0.450181 1.18835
675 0.12357 -0.628262 1.18835
675 -0.0460631 -1.00952 1.18835
675 -0.859263 -0.107669 1.18835
675 0.151647 0.100634 1.18835
675 -0.453929 0.188953 1.18835
675 -0.0564578 0.163739 1.18835
675 0.0790441 0.719462 1.18835
675 0.669587 -0.615304 1.18835
675 -0.812196 0.243925 1.18835
675 0.288119 -0.180333 7.47154
675 0.765856 -0.250387 1.18835
675 0.251723 0.193729 1.18835
675 0.924236 -0.0411587 1.18835
675 -0.0784934 -0.0707699 1.18835
675 0.0479881 0.336395 1.18835
675 0.328991 -0.638817 7.47154
675 0.0492671 0.984524 7.47154
675 -0.891637 0.367895 1.18835
675 0.868632 -0.539392 1.18835
675 0.119173 -0.952331 7.47154
675 0.713219 0.113064 7.47154
675 0.689714 0.696677 1.18835
675 0.348913 0.585123 1.18835
675 -0.0186966 0.781464 7.47154
675 -0.359127 0.492806 1.18835
675 0.292043 -0.485636 7.47154
675 0.448634 0.272548 1.18835
675 -0.43787 -0.59888 7.47154
675 0.780716 0.501598 1.18835
675 -0.0217841 0.120684 7.47154
675 -0.535266 -0.195819 1.18835
675 -0.279864 -0.129772 1.18835
675 0.643266 0.246468 1.18835
675 -0.26768 0.671121 1.18835
675 -0.827922 -0.00735693 7.47154
675 0.537542 -0.458727 1.18835
675 0.855442 -0.326262 1.18835
675 -0.616166 -0.315823 1.18835
675 0.534798 0.209269 1.18835
675 0.16367 0.202299 1.18835
675 0.201377 -0.884649 1.18835
675 -0.634897 0.328861 1.18835
675 -0.882329 -0.203878 1.18835
675 1.03248 0.0184899 1.18835
675 0.280051 0.0597981 1.18835
675 0.606618 0.334332 1.18835
675 0.12275 0.231452 7.47154
675 0.61483 0.621946 7.47154
675 0.458055 -0.534156 7.47154
675 -0.760691 -0.472529 1.18835
675 0.0550034 -0.105291 1.18835
675 -0.081178 -0.505469 7.47154
675 0.0171074 0.0865229 1.18835
675 -0.293371 0.147936 1.18835
675 -0.343031 -0.204185 1.18835
675 -0.00766762 -0.853241 1.18835
675 -0.700568 0.663489 7.47154
675 -0.759708 0.461893 1.18835
675 -0.721112 0.727288 7.47154
675 0.148215 -0.250689 1.18835
675 0.584836 0.718762 7.47154
675 0.964187 -0.138121 1.18835
675 -0.344132 0.136723 7.47154
675 -0.0848488 0.323376 1.18835
675 0.0661763 0.500325 1.18835
675 -0.320778 0.320147 1.18835
675 -0.548165 -0.105631 7.47154
675 0.451981 0.0348526 1.18835
675 0.633234 -0.429827 1.18835
675 -0.119116 -0.689576 1.18835
675 -0.207745 0.123756 1.18835
675 0.026 0.585063 1.18835
675 -0.529975 0.13459 1.18835
675 -0.201672 -0.0139063 7.47154
675 0.503542 -0.287899 1.18835
675 -1.00112 -0.1602 7.47154
675 -0.41269 0.880539 1.18835
675 -0.407802 0.946348 1.18835
675 -0.554845 -0.408078 7.47154
675 -0.410523 -0.266518 1.18835
675 -0.487682 -0.755739 1.18835
675 -0.53006 -0.0556284 1.18835
675 -0.497867 -0.234099 1.18835
675 -0.414058 0.503448 1.18835
675 -0.92014 -0.416403 1.18835
675 -0.221515 -0.304988 7.47154
675 -0.124139 -0.256895 7.47154
675 0.0952829 -0.724232 1.18835
675 0.0125936 -0.753064 1.18835
675 -0.0774344 0.377201 1.18835
675 -0.786314 0.572183 1.18835
675 0.0550289 -0.956991 1.18835
675 0.421099 0.120115 1.18835
675 -0.679307 -0.670758 1.18835
675 -0.222209 0.0742076 1.18835
675 -0.327644 0.53601 1.18835
675 0.720863 -0.0723776 1.18835
675 -0.431487 -0.711901 1.18835
675 0.492829 -0.70195 1.18835
675 0.630513 -0.132505 1.18835
675 -0.149355 -0.127776 1.18835
675 -0.786242 -0.323735 1.18835
675 0.544904 0.259433 1.18835
675 -0.103179 1.03103 1.18835
675 0.147993 0.439449 1.18835
675 -0.215336 0.669799 1.18835
675 -0.382724 -0.746925 1.18835
675 0.0999988 -0.0270967 1.18835
675 0.934467 0.44962 1.18835
675 -0.195657 -0.435855 1.18835
675 0.100805 -0.130723 7.47154
675 0.0306927 -0.35986 1.18835
675 0.175816 0.716829 7.47154
675 0.389517 0.955065 1.18835
675 -0.120082 0.776116 7.47154
675 -0.475214 0.317916 1.18835
675 -0.368391 0.0327906 1.18835
675 -0.0753102 -0.953482 7.47154
675 0.904504 0.50875 7.47154
675 0.973733 -0.0768309 1.18835
675 0.645976 0.738699 1.18835
675 0.53251 -0.0838863 1.18835
675 0.159182 -0.99972 1.18835
675 0.0227666 0.0254311 1.18835
675 -0.758433 -0.574149 7.47154
675 0.366187 0.0469789 1.18835
675 0.485687 0.536157 1.18835
675 -0.0582984 -0.606568 7.47154
675 -0.296011 0.579743 7.47154
675 0.313266 -0.309181 1.18835
675 0.730077 0.036915 1.18835
675 0.0112262 -0.0769657 1.18835
675 -0.665516 -0.517699 7.47154
675 0.139877 -0.893988 7.47154
675 0.183585 -0.0291974 1.18835
675 -0.415647 0.21828 1.18835
675 -0.770498 0.0879736 1.18835
675 -0.312035 -0.274285 7.47154
675 -0.591238 -0.208454 1.18835
675 -0.0664926 -0.375127 1.18835
675 0.605734 -0.283293 1.18835
675 0.688079 -0.427059 1.18835
675 -0.0638428 0.981629 7.47154
675 -0.870754 0.431428 1.18835
675 -0.334888 0.440506 1.18835
675 -0.122213 0.356409 1.18835
675 -0.968274 -0.293124 1.18835
675 -0.617801 0.74559 1.18835
675 -0.73969 0.0368809 1.18835
675 0.456299 0.323323 1.18835
675 -0.526298 -0.456231 1.18835
675 -0.552428 -0.508718 1.18835
675 0.0202031 -0.603893 7.47154
675 -0.858355 0.0375132 7.47154
675 0.52523 -0.184642 1.18835
675 0.477809 0.733739 1.18835
675 0.499346 -0.499139 1.18835
675 -0.175366 -0.483744 7.47154
675 -0.74145 0.620698 7.47154
675 0.62825 -0.580098 7.47154
675 -0.250174 -0.442789 1.18835
675 -0.0112035 0.169797 1.18835
675 -0.990609 0.238172 7.47154
675 0.565367 0.125935 1.18835
675 -0.356076 -0.546986 7.47154
675 -0.272114 -0.699368 7.47154
675 -0.52256 0.519141 7.47154
675 0.599202 0.777179 1.18835
675 -0.314351 -0.0949582 1.18835
675 0.22458 -0.0628167 1.18835
675 0.572065 -0.566413 1.18835
675 0.263952 0.652372 1.18835
675 -0.728266 -0.520586 1.18835
675 0.117301 0.579916 7.47154
675 -0.46057 0.60487 1.18835
675 0.397052 -0.0402402 7.47154
675 -0.635222 0.133294 1.18835
675 -0.225213 0.723855 7.47154
675 -0.0230848 -0.643923 7.47154
675 -0.294685 -0.642765 7.47154
675 0.670186 -0.534536 1.18835
675 0.770368 0.382576 1.18835
675 0.23017 0.379073 1.18835
675 0.555777 -0.511996 1.18835
675 -0.188576 0.0368265 7.47154
675 0.202675 -0.123412 7.47154
675 -0.518341 0.0439998 1.18835
675 -0.402946 0.595404 1.18835
675 0.804427 -0.141353 1.18835
675 0.708916 0.592529 1.18835
675 0.815777 -0.0790963 1.18835
675 0.188034 -0.451567 1.18835
675 -0.289025 -0.799675 1.18835
675 0.170268 0.253272 7.47154
675 -0.84117 -0.164232 7.47154
675 -0.78457 -0.633185 7.47154
675 0.765283 -0.103504 1.18835
675 0.304565 -0.536215 1.18835
675 -0.191987 0.173039 1.18835
675 0.372108 -0.412497 1.18835
675 -0.552454 -0.245672 7.47154
675 -0.30064 0.92839 7.47154
675 0.233147 -0.660186 1.18835
675 0.336677 0.85324 7.47154
675 -0.514683 -0.147046 7.47154
675 0.488624 0.789639 1.18835
675 0.0699148 -0.771748 1.18835
675 -0.451056 0.751332 1.18835
675 0.653656 0.574326 1.18835
675 -0.659749 -0.618483 7.47154
675 -0.673423 -0.167551 7.47154
675 -0.443555 -0.225655 1.18835
675 0.618417 0.143084 1.18835
675 0.233997 0.0405088 1.18835
675 -0.0181948 0.669872 1.18835
675 0.185438 0.833244 7.47154
675 0.0295724 0.695309 1.18835
675 0.0555117 0.390399 1.18835
675 0.0101669 -0.491778 7.47154
675 0.980366 0.331905 1.18835
675 -0.0723267 0.425394 1.18835
675 0.698323 -0.319008 1.18835
675 -0.206061 -0.20082 7.47154
675 0.731179 -0.631962 1.18835
675 -0.753494 -0.116666 1.18835
675 0.621343 0.450402 7.47154
675 0.937239 -0.25851 1.18835
675 -0.598127 -0.264729 7.47154
675 0.660962 0.410591 7.47154
675 0.322807 0.733153 7.47154
675 0.498763 0.590056 1.18835
675 -0.201208 0.4715 1.18835
675 -0.865921 -0.259025 1.18835
675 0.499702 0.847165 1.18835
675 0.128683 0.281487 7.47154
675 -0.408417 -0.649616 7.47154
675 -0.786884 0.292682 7.47154
675 0.306722 0.619069 1.18835
675 -0.479392 -0.185933 1.18835
675 0.711704 0.427615 1.18835
675 -0.178733 -0.99267 7.47154
675 -0.423423 0.152647 7.47154
675 0.115537 -0.576164 7.47154
675 -0.115078 0.670542 1.18835
675 0.763016 0.131792 1.18835
675 -0.438015 0.696681 7.47154
675 0.122084 0.980875 1.18835
675 0.512436 0.643709 1.18835
675 0.500636 0.291088 1.18835
675 -0.322202 -0.901273 1.18835
675 -0.242634 0.947668 1.18835
675 0.32627 0.0795692 1.18835
675 0.658705 0.354744 7.47154
675 0.0879007 0.308845 7.47154
675 0.369754 -0.24611 7.47154
675 -0.882514 0.215374 1.18835
675 0.299449 0.214373 1.18835
675 -0.825397 -0.474381 1.18835
675 0.0291218 -0.655835 1.18835
675 -0.197148 0.904304 1.18835
675 -0.846436 -0.31704 1.18835
675 -0.0738287 0.926623 1.18835
675 0.570997 0.662065 1.18835
675 0.0984921 -0.0800843 1.18835
675 -0.0237964 -2.61221e-06 7.47154
675 -0.822653 -0.581726 1.18835
675 0.198314 0.122055 1.18835
675 -0.931348 0.418883 1.18835
675 0.7714 -0.48095 7.47154
675 0.805319 -0.434028 1.18835
675 0.159913 0.549081 1.18835
675 -0.558859 0.723789 1.18835
675 -0.730628 0.561467 7.47154
675 0.446479 0.881592 1.18835
675 0.772471 -0.385255 1.18835
675 -0.0726843 -0.17682 1.18835
675 0.157878 -0.538081 1.18835
675 -0.257704 0.111092 1.18835
675 0.210106 -0.555344 1.18835
675 -0.471801 -0.454119 7.47154
675 0.267811 -0.285505 1.18835
675 -0.363608 0.223433 1.18835
675 -0.264416 0.826579 1.18835
675 0.700711 0.315778 1.18835
675 0.107274 -0.282052 1.18835
675 0.420494 0.715222 1.18835
675 -0.117823 -0.0377007 1.18835
675 0.23377 0.935023 1.18835
675 0.472947 -0.587251 1.18835
675 -0.445669 0.460285 7.47154
675 0.00985832 -0.125521 1.18835
675 0.751376 0.330543 1.18835
675 0.355748 0.285484 1.18835
675 -0.607718 -0.512971 1.18835
675 -0.0859679 -0.647288 1.18835
675 -0.574573 0.524592 7.47154
675 0.211044 0.223814 1.18835
675 0.0842805 -0.901738 1.18835
675 0.462873 0.374882 7.47154
675 0.178425 -0.399063 1.18835
675 -0.553233 -0.611583 1.18835
675 0.373281 -0.89081 1.18835
675 0.261885 -0.334079 1.18835
675 -0.317853 0.804682 1.18835
675 0.220144 -0.830458 1.18835
675 0.437872 0.825924 7.47154
675 0.405261 0.01373 1.18835
675 0.769543 -0.583587 1.18835
675 -0.328933 0.18517 7.47154
675 -0.43534 -0.774287 1.18835
675 0.220409 0.685212 1.18835
675 0.207965 0.572864 1.18835
675 0.455719 -0.302446 1.18835
675 -0.13775 -0.784131 1.18835
675 -0.551272 0.0860991 1.18835
675 1.02385 -0.114528 1.18835
675 -0.157036 0.266418 1.18835
675 0.310973 -0.355643 7.47154
675 -0.124193 0.969474 1.18835
675 -0.637932 -0.465016 7.47154
675 -0.741278 0.340523 1.18835
675 -0.172459 -0.284855 1.18835
675 -0.42599 -0.176862 1.18835
675 0.0179335 -0.222234 1.18835
675 -0.314633 -0.740164 1.18835
675 -0.169802 0.357876 1.18835
675 0.842217 0.510353 1.18835
675 0.66012 -0.273559 7.47154
675 -0.581792 0.326436 7.47154
675 0.424983 0.461471 1.18835
675 -0.0289495 -0.198929 7.47154
675 -0.140794 0.188561 7.47154
675 0.0655042 -0.564059 1.18835
675 0.29128 -0.971464 1.18835
675 0.143005 -0.106169 1.18835
675 -0.586976 0.229626 1.18835
675 0.787212 0.229587 1.18835
675 -0.120085 0.72308 1.18835
675 0.433273 0.515988 1.18835
675 -0.0209169 -0.576264 1.18835
675 0.378617 -0.193409 1.18835
675 -0.113642 -0.155439 1.18835
675 0.313754 0.317056 7.47154
675 0.027289 0.921847 1.18835
675 0.822325 -0.0151653 7.47154
675 -0.302872 -0.538045 1.18835
675 -0.182858 -0.0955293 1.18835
675 0.292357 0.16299 7.47154
675 0.728205 0.171441 1.18835
675 -0.0105362 0.261229 1.18835
675 -0.69358 -0.72937 1.18835
675 0.343201 0.915174 1.18835
675 0.29402 -0.13015 1.18835
675 0.629849 0.679641 1.18835
