425 0.347056 0.232818 7.47154
425 -0.0741108 -0.226241 1.18835
425 0.393786 -0.091833 1.18835
425 -0.243147 0.158705 1.18835
425 0.242477 -0.77946 7.47154
425 -1.01516 -0.0221731 1.18835
425 -0.466217 0.00356115 7.47154
425 -0.331909 -0.151202 1.18835
425 0.184914 0.407412 1.18835
425 0.556549 0.60592 7.47154
425 0.15191 0.498707 1.18835
425 -0.151573 0.463517 1.18835
425 0.832959 -0.379001 7.47154
425 -0.100614 -0.896209 7.47154
425 0.126144 0.132955 1.18835
425 -0.802824 0.636912 1.18835
425 -0.911193 0.0433182 7.47154
425 -0.334262 0.740674 7.47154
425 -0.884257 -0.366865 1.18835
425 0.615878 -0.526069 7.47154
425 -1.01359 0.0433563 7.47154
425 0.156494 -0.840978 1.18835
425 0.869441 -0.427889 1.18835
425 -0.669831 -0.41846 7.47154
425 0.0191177 -0.543189 1.18835
425 1.02163 0.15105 1.18835
425 0.88517 0.249318 7.47154
425 0.339314 -0.160522 7.47154
425 0.0167077 0.478983 7.47154
425 1.01334 -0.177583 7.47154
425 0.0201646 0.216674 1.18835
425 0.288971 0.941216 1.18835
425 -0.325501 -0.593744 7.47154
425 -0.274389 -0.58219 1.18835
425 -0.75455 0.240994 1.18835
425 0.875692 -0.271836 1.18835
425 0.400132 0.6033 1.18835
425 -0.361028 0.635145 1.18835
425 0.86393 0.10325 1.18835
425 -0.328618 -0.404065 1.18835
425 0.0358609 0.810402 1.18835
425 0.0412604 0.86949 1.18835
425 0.100531 0.178015 7.47154
425 -0.3028 0.48464 1.18835
425 -0.0738161 -0.27435 1.18835
425 0.599597 0.565899 1.18835
425 0.335794 -0.797862 7.47154
425 0.441392 -0.0728081 1.18835
425 -0.393702 -0.220056 1.18835
425 -0.971328 0.301992 1.18835
425 -0.955812 -0.11614 1.18835
425 0.582415 -0.153597 1.18835
425 -0.553093 0.57508 1.18835
425 0.959365 -0.363942 1.18835
425 0.0491962 0.176221 1.18835
425 -0.19254 -0.626719 7.47154
425 -0.601182 -0.110854 7.47154
425 0.0584139 0.452126 1.18835
425 0.244022 -0.929338 1.18835
425 -0.11811 -0.303206 1.18835
425 0.71221 0.370911 1.18835
425 0.682398 0.207637 1.18835
425 0.755116 0.27584 1.18835
425 -0.630027 -0.700076 1.18835
425 -0.903828 0.313243 7.47154
425 -0.95933 0.0095095 1.18835
425 -0.654656 -0.265426 1.18835
425 0.21264 0.628679 1.18835
425 0.728134 -0.0136344 7.47154
425 0.545704 -0.2945 1.18835
425 -0.177306 0.749705 7.47154
425 -0.591867 -0.745079 7.47154
425 0.684535 -0.166687 1.18835
425 0.367331 0.38771 7.47154
425 0.427175 0.170727 1.18835
425 -0.228274 0.342331 1.18835
425 0.803732 0.561023 1.18835
425 -0.120851 -0.839261 1.18835
425 -0.523126 -0.553612 1.18835
425 -0.741449 0.139041 7.47154
425 0.740205 -0.430424 1.18835
425 -0.64735 -0.769367 1.18835
425 0.831218 0.619617 1.18835
425 -0.570128 -0.157682 1.18835
425 -0.366188 0.844805 1.18835
425 0.239549 -0.251637 1.18835
425 0.835779 -0.587859 1.18835
425 0.421001 -0.22332 1.18835
425 0.221194 -0.61251 1.18835
425 -0.377777 0.54277 1.18835
425 0.0191244 0.534768 7.47154
425 0.219124 -0.315171 1.18835
425 -0.928111 -0.24552 1.18835
425 0.54379 -0.729779 1.18835
425 0.0786803 0.133972 1.18835
425 0.376412 -0.461606 7.47154
425 -0.216354 -0.57792 1.18835
425 -0.244416 -0.978304 1.18835
425 0.271976 1.00005 1.18835
425 0.169172 0.66104 1.18835
425 -0.356158 -0.451392 1.18835
425 -0.490345 -0.32881 7.47154
425 -0.463905 -0.648316 1.18835
425 -0.269197 -0.0790287 1.18835
425 0.346269 -0.690086 1.18835
425 -0.612221 -0.411986 1.18835
425 -0.130579 -0.539077 1.18835
425 -0.659745 0.08561 1.18835
425 0.26326 -0.872774 1.18835
425 -0.253156 -0.216976 1.18835
425 -0.776213 0.191553 1.18835
425 -0.244234 -0.535367 1.18835
425 0.752517 -0.689859 7.47154
425 -0.419778 0.816078 1.18835
425 0.279065 0.402492 7.47154
425 0.105253 0.476432 1.18835
425 0.687727 0.528685 1.18835
425 -0.397524 0.360094 1.18835
425 0.444488 -0.0208651 7.47154
425 -0.0863847 0.203699 1.18835
425 -0.342302 0.585033 7.47154
425 0.100252 0.0282053 7.47154
425 -0.178625 0.223064 1.18835
425 0.0199086 -0.907885 7.47154
425 0.0315924 -0.806692 7.47154
425 -0.226547 0.208639 1.18835
425 0.551031 0.811851 1.18835
425 0.410792 0.0658707 1.18835
425 -0.161875 -0.387074 7.47154
425 0.392553 0.881754 1.18835
425 -0.668592 0.288065 1.18835
425 -0.234341 -0.114035 1.18835
425 -0.494998 0.46478 7.47154
425 -0.527748 0.324507 1.18835
425 -0.308631 0.0971764 1.18835
425 0.475175 0.479699 7.47154
425 0.0225398 1.03487 7.47154
425 0.320253 -0.406991 1.18835
425 0.105334 -0.525017 1.18835
425 0.832519 -0.233175 1.18835
425 0.303281 -0.0800874 7.47154
425 -0.67805 0.491805 7.47154
425 -0.497862 -0.602152 1.18835
425 0.341814 -0.505025 7.47154
425 0.0582149 -0.00221875 7.47154
425 0.927124 0.0209291 1.18835
425 0.612433 0.38828 7.47154
425 -0.831067 0.19695 1.18835
425 0.339453 0.528308 7.47154
425 -0.6874 -0.0629969 7.47154
425 0.065556 -0.205605 1.18835
425 0.447347 -0.740104 7.47154
425 -0.300999 -0.447016 1.18835
425 0.790577 0.175728 1.18835
425 0.507464 0.341412 7.47154
425 0.84677 0.16021 1.18835
425 -0.38405 -0.50094 7.47154
425 0.185235 0.774151 1.18835
425 -0.392651 0.735808 1.18835
425 -0.889693 -0.476214 7.47154
425 -0.255672 -0.754258 7.47154
425 0.336566 0.182344 1.18835
425 -0.685527 0.0372476 7.47154
425 -0.46445 0.0520521 1.18835
425 -0.644526 0.448432 1.18835
425 0.196214 -0.507566 1.18835
425 0.228745 0.74118 1.18835
425 0.869111 0.0471594 1.18835
425 -0.144948 0.594675 7.47154
425 -0.582885 0.133134 1.18835
425 -0.0254619 0.562 1.18835
425 -0.177757 -0.829084 1.18835
425 -0.435329 -0.318484 1.18835
425 -0.160736 -0.181357 7.47154
425 0.248527 -0.14969 7.47154
425 -0.706638 -0.268721 1.18835
425 -0.610978 -0.0111152 1.18835
425 -0.628294 0.521711 7.47154
425 0.0548708 0.0946914 7.47154
425 -0.81263 -0.269321 7.47154
425 -0.218537 -0.873006 7.47154
425 -0.442084 -0.499116 1.18835
425 0.312373 -0.0268672 7.47154
425 -0.79209 -0.424825 7.47154
425 -0.306702 0.630845 1.18835
425 0.514128 -0.339128 1.18835
425 0.538172 -0.665686 1.18835
425 0.918276 -0.315706 1.18835
425 -0.524988 -0.654851 7.47154
425 0.459308 -0.414253 7.47154
425 -0.250566 0.477825 1.18835
425 -0.677532 0.768778 7.47154
425 -0.771226 -0.0101824 1.18835
425 0.868565 0.568239 7.47154
425 0.690934 -0.674217 1.18835
425 0.152747 -0.198427 1.18835
425 -0.060232 -0.691655 7.47154
425 0.425143 -0.923473 1.18835
425 -0.0644121 -0.846881 7.47154
425 -0.280986 0.719319 1.18835
425 0.442687 0.568748 7.47154
425 -0.412402 -0.546476 1.18835
425 -0.234479 0.568763 1.18835
425 -0.249946 -0.352773 7.47154
425 -0.76336 0.408913 7.47154
425 0.806108 -0.530456 1.18835
425 -0.034213 0.213795 1.18835
425 -0.256118 0.885078 1.18835
425 -0.478695 0.138524 1.18835
425 -0.143922 -0.43568 7.47154
425 -0.575581 0.0387196 1.18835
425 -0.54144 -0.782187 7.47154
425 -0.634628 -0.0620279 1.18835
425 -0.796451 0.139589 1.18835
425 0.219961 -0.366418 1.18835
425 -0.384222 -0.594416 1.18835
425 -0.74146 -0.0622349 7.47154
425 -0.64391 -0.366287 1.18835
425 0.272198 0.707383 1.18835
425 0.467524 0.13997 1.18835
425 0.630455 0.193447 1.18835
425 -0.838918 0.583252 1.18835
425 0.435284 -0.862288 1.18835
425 -0.900833 0.161358 1.18835
425 0.999378 -0.240624 7.47154
425 0.711123 -0.26637 1.18835
425 0.656298 -0.778309 1.18835
425 -0.0897511 0.874454 1.18835
425 0.519464 0.445507 1.18835
425 -0.721322 -0.624889 1.18835
425 0.474098 -0.205143 1.18835
425 -0.27338 -0.400146 1.18835
425 -0.0632708 0.653472 1.18835
425 0.154441 0.16966 7.47154
425 -0.0649436 0.474878 1.18835
425 0.59565 -0.472905 7.47154
425 0.433238 -0.476241 1.18835
425 0.442554 -0.801434 7.47154
425 0.959961 0.173444 1.18835
425 0.267469 0.348113 7.47154
425 -0.0688675 0.766784 1.18835
425 0.326332 0.421709 1.18835
425 0.384512 -0.831556 1.18835
425 0.146129 -0.488209 7.47154
425 -0.850679 0.143011 1.18835
425 -0.168113 0.41675 1.18835
425 0.148305 -0.737001 7.47154
425 0.139196 -0.0539327 1.18835
425 -0.173734 0.0884253 1.18835
425 -0.508178 0.182802 7.47154
425 -0.470573 0.857763 7.47154
425 0.000211981 -0.438791 1.18835
425 0.108909 0.530428 1.18835
425 -0.641479 0.23489 7.47154
425 0.487145 -0.104734 1.18835
425 0.235258 -0.473111 7.47154
425 0.742866 0.547431 1.18835
425 -0.49918 0.0896378 1.18835
425 -0.466452 -0.278284 1.18835
425 -0.157824 0.139635 7.47154
425 0.663689 -0.376368 1.18835
425 0.119468 -0.332336 1.18835
425 0.0873864 1.03368 7.47154
425 0.0675227 0.613973 1.18835
425 -0.538964 -0.719714 1.18835
425 0.868219 -0.0618524 1.18835
425 0.525318 0.696943 7.47154
425 0.257683 0.24926 1.18835
425 -0.567717 -0.309783 1.18835
425 -0.0357839 -0.146551 1.18835
425 -0.359559 -0.259676 1.18835
425 -0.353295 -0.639505 1.18835
425 0.437992 0.221 1.18835
425 0.17881 -0.79136 1.18835
425 0.22773 -0.0123285 7.47154
425 -0.693513 -0.568581 1.18835
425 -0.114367 -1.00297 7.47154
425 0.0209601 0.420151 1.18835
425 0.698542 0.260879 1.18835
425 0.0206902 0.643088 1.18835
425 -0.186644 0.958137 7.47154
425 0.254828 -0.100566 1.18835
425 -0.558702 0.375816 7.47154
425 0.330733 0.128916 1.18835
425 0.540705 0.553077 7.47154
425 -0.434191 -0.909448 7.47154
425 0.132447 0.747482 1.18835
425 0.981422 -0.30301 7.47154
425 -0.537295 0.667561 1.18835
425 -0.118623 -0.206338 1.18835
425 0.281981 0.109392 1.18835
425 0.322128 -0.26281 1.18835
425 -0.225135 0.429142 1.18835
425 -0.613181 0.183454 1.18835
425 -0.463537 -0.368909 7.47154
425 -0.0199828 0.733049 7.47154
425 -0.387384 0.451985 7.47154
425 0.0668972 -0.258816 1.18835
425 0.874959 -0.00665939 1.18835
425 0.674067 0.153475 7.47154
425 0.904188 -0.48053 7.47154
425 0.511923 -0.411392 1.18835
425 0.577451 -0.20094 7.47154
425 0.247533 -0.526492 1.18835
425 0.357782 0.638929 1.18835
425 -0.139566 -0.635495 1.18835
425 0.895359 -0.371932 7.47154
425 -0.694925 0.236936 1.18835
425 0.390219 0.548449 7.47154
425 -0.945237 -0.184232 1.18835
425 -0.0750014 -0.0213831 1.18835
425 -0.0761379 -0.554334 1.18835
425 0.206865 0.267643 1.18835
425 -0.279285 0.43474 1.18835
425 -0.781375 0.353741 1.18835
425 0.17641 -0.64193 1.18835
425 0.632055 -0.0174855 1.18835
425 -0.138924 -0.944692 1.18835
425 -0.159743 -0.886495 1.18835
425 0.43264 -0.618127 1.18835
425 0.39131 -0.655833 1.18835
425 0.411999 0.355244 1.18835
425 0.293715 -0.687533 1.18835
425 0.89285 -0.215194 1.18835
425 0.225366 -0.419654 7.47154
425 -0.0428097 -0.744477 1.18835
425 0.0581019 -0.157084 1.18835
425 0.496401 -0.767166 1.18835
425 0.840133 0.21686 7.47154
425 -0.303347 -0.357838 1.18835
425 -0.586821 0.424669 1.18835
425 0.63578 -0.329148 1.18835
425 -0.493508 0.709077 1.18835
425 -0.487721 -0.81285 7.47154
425 0.709985 -0.571744 1.18835
425 -0.122215 0.397762 1.18835
425 0.411585 -0.426976 1.18835
425 -0.808044 -0.112726 1.18835
425 -0.670899 0.551318 1.18835
425 0.567069 0.413987 7.47154
425 0.36374 -0.296436 7.47154
425 0.916303 0.344443 1.18835
425 0.282124 -0.816649 7.47154
425 0.527276 0.499413 1.18835
425 -0.0280278 0.61661 1.18835
425 -0.247351 0.298099 7.47154
425 0.268088 0.296185 1.18835
425 -0.330409 -0.495723 1.18835
425 -0.869855 0.534075 1.18835
425 -0.418977 0.0171332 7.47154
425 -0.533247 -0.355541 1.18835
425 -0.450125 0.364161 1.18835
425 0.796608 -0.639846 7.47154
425 0.679504 0.00852416 7.47154
425 -0.558048 0.277593 1.18835
425 0.765623 0.0774761 7.47154
425 0.0730219 0.932092 7.47154
425 0.0589227 -0.507975 1.18835
425 0.108449 -0.228621 1.18835
425 0.792951 -0.333791 7.47154
425 0.444032 0.9388 1.18835
425 0.443453 -0.677645 7.47154
425 -0.70102 -0.371602 1.18835
425 0.488313 -0.892066 1.18835
425 -0.696871 -0.471253 7.47154
425 0.345562 -0.110647 7.47154
425 -0.294415 -0.181475 1.18835
425 0.376199 0.754704 1.18835
425 0.909402 0.138289 7.47154
425 0.705284 -0.73584 1.18835
425 -0.903544 -0.1444 1.18835
425 0.0132247 -0.171963 1.18835
425 -0.38277 -0.310437 7.47154
425 0.193215 0.900194 1.18835
425 0.418806 -0.373821 1.18835
425 0.787488 -0.203363 7.47154
425 -0.577571 -0.560406 7.47154
425 0.0976867 0.422868 1.18835
425 -0.292071 0.278726 1.18835
425 -0.759039 -0.270952 1.18835
425 -0.632132 0.809185 1.18835
425 -0.729189 -0.167697 1.18835
425 -0.92643 0.258595 1.18835
425 -0.37276 -0.937056 7.47154
425 -0.503764 0.275409 1.18835
425 -0.158054 -0.332217 1.18835
425 -0.312176 0.229945 1.18835
425 -0.791691 -0.526767 1.18835
425 0.0815711 -0.669618 7.47154
425 -0.199034 -0.149016 7.47154
425 0.904036 -0.157384 1.18835
425 0.343685 -0.742148 1.18835
425 0.0581651 0.0500456 7.47154
425 -0.0205337 -0.342531 1.18835
425 -0.676383 0.606881 1.18835
425 0.164867 -0.591995 1.18835
425 -0.0269221 -0.245836 1.18835
425 0.605349 0.0915952 1.18835
425 -0.729136 -0.423795 1.18835
425 0.280709 0.765402 1.18835
425 -0.106827 -0.402548 1.18835
425 0.317463 0.368315 1.18835
425 -0.854332 -0.051909 1.18835
425 0.430576 0.769009 1.18835
425 -0.612483 0.279532 7.47154
425 -0.345075 -0.783076 1.18835
425 0.405199 0.303919 7.47154
425 0.488604 -0.0532075 1.18835
425 -0.630737 0.0373561 7.47154
425 0.357872 -0.00713429 1.18835
425 0.240446 0.140233 1.18835
425 -0.0334267 -0.0509142 1.18835
425 -0.200665 -0.932513 1.18835
425 0.398324 -0.714282 7.47154
425 -0.605781 0.0847654 1.18835
425 -1.01102 0.109468 7.47154
425 -0.0338087 0.895811 1.18835
425 -0.720642 0.189573 7.47154
425 0.192162 0.0704695 1.18835
425 -0.794354 0.522801 1.18835
425 -0.688025 0.136464 7.47154
425 0.996503 0.273377 7.47154
425 -0.231756 1.00686 1.18835
425 0.0419547 -0.405477 1.18835
425 -0.561 -0.00919781 1.18835
425 -0.467134 0.510488 1.18835
425 0.483608 -0.155402 1.18835
425 0.650018 0.297939 1.18835
425 -0.0123071 0.968661 1.18835
425 -0.514733 0.760026 1.18835
425 0.333077 -0.211667 7.47154
425 -0.160262 0.51523 1.18835
425 0.013632 -0.0261565 1.18835
425 0.317643 0.0262269 1.18835
425 0.775518 -0.0416976 1.18835
425 0.0987781 -0.46998 1.18835
425 -0.359576 0.906423 7.47154
425 -0.373792 0.312115 1.18835
425 -0.898637 -0.0139135 1.18835
425 0.289626 0.507921 1.18835
425 -0.797627 0.0417762 1.18835
425 0.0508168 -0.856607 1.18835
425 -0.439683 -0.844242 7.47154
425 0.892063 0.401484 7.47154
425 -0.797008 -0.0593742 1.18835
425 -0.155482 -0.732093 7.47154
425 0.573056 0.465345 1.18835
425 0.152754 1.02628 7.47154
425 -0.0221256 0.0478176 7.47154
425 -0.277861 0.769651 7.47154
425 -0.223422 -0.488383 1.18835
425 -0.185623 -0.53289 1.18835
425 0.237302 0.800893 1.18835
425 -0.526873 0.886497 1.18835
425 -0.409379 -0.361646 1.18835
425 0.776515 0.0171873 1.18835
425 -0.171589 0.804817 1.18835
425 0.24344 -0.199526 7.47154
425 0.815038 0.455762 1.18835
425 0.156507 -0.149038 7.47154
425 -0.142251 0.0517331 1.18835
425 1.01071 0.212969 7.47154
425 0.325566 -0.857047 7.47154
425 -0.730742 0.511696 7.47154
425 0.952456 -0.197216 1.18835
425 -0.0723802 0.583796 7.47154
425 -0.784544 -0.167527 1.18835
425 0.513985 -0.238321 1.18835
425 0.377117 0.150796 7.47154
425 -0.951457 0.133483 7.47154
425 -1.00186 0.174054 7.47154
425 0.0691259 -0.616575 7.47154
425 0.979503 -0.0119844 1.18835
425 -0.0381048 0.290712 1.18835
425 0.138923 0.923454 1.18835
425 -0.118803 0.552469 1.18835
425 -0.856735 -0.531302 1.18835
425 -0.259103 -0.266462 7.47154
425 0.278009 -0.631777 7.47154
425 -0.235018 -0.813941 7.47154
425 -0.501555 -0.402408 7.47154
425 0.0317193 0.754314 1.18835
425 -0.418291 0.643925 1.18835
425 0.0909473 -0.416223 7.47154
425 0.85685 -0.119892 1.18835
425 -0.630042 -0.568678 7.47154
425 -0.377151 0.686188 1.18835
425 0.331457 0.474425 1.18835
425 0.74174 -0.52568 1.18835
425 -0.634436 0.640354 1.18835
425 -0.110629 -0.591885 7.47154
425 0.199124 0.519349 1.18835
425 -0.703891 -0.115003 1.18835
425 -0.652456 -0.11349 1.18835
425 0.19672 -0.22149 1.18835
425 0.855346 0.355563 1.18835
425 0.707968 -0.481478 1.18835
425 0.0992039 0.355832 1.18835
425 0.537948 0.753487 1.18835
425 0.466965 0.677147 1.18835
425 0.331734 0.791267 1.18835
425 -0.237701 0.0232126 7.47154
425 -0.622448 -0.16254 1.18835
425 0.275079 -0.438316 7.47154
425 -0.29258 0.990147 7.47154
425 0.933562 -0.422987 1.18835
425 -0.333806 -0.316188 1.18835
425 0.598193 -0.754664 1.18835
425 0.914993 -0.0997781 1.18835
425 -0.382809 0.173432 1.18835
425 0.267198 -0.0462469 1.18835
425 -0.56043 0.181622 7.47154
425 -0.383932 -0.408058 1.18835
425 0.148429 0.860729 1.18835
425 0.725956 -0.210364 1.18835
425 -0.155155 0.860707 1.18835
425 -0.832209 0.0897473 1.18835
425 0.0710186 0.221741 7.47154
425 0.816855 0.27612 1.18835
425 -0.582784 -0.0601792 1.18835
425 -0.836707 0.320239 1.18835
425 -0.480129 -0.0498452 1.18835
425 0.0994021 -0.835582 1.18835
425 0.767359 0.607768 1.18835
425 -0.0371678 -0.0990477 1.18835
425 -0.21334 0.841581 7.47154
425 0.197932 0.35505 1.18835
425 -0.104021 0.279166 1.18835
425 -0.269275 0.527788 1.18835
425 -0.583081 0.848993 1.18835
425 -0.276011 -0.491528 7.47154
425 0.674452 -0.101896 7.47154
425 0.533288 -0.13582 1.18835
425 -0.57803 -0.676626 1.18835
425 -0.261559 -0.917827 7.47154
425 -0.276488 -0.858329 1.18835
425 -0.0677193 0.0300544 1.18835
425 -0.4917 -0.878816 1.18835
425 0.0896517 0.828521 1.18835
425 0.838803 -0.480381 7.47154
425 0.370695 0.0977046 7.47154
425 0.180191 -0.941379 1.18835
425 0.611223 0.838908 7.47154
425 -0.0258937 -0.798322 1.18835
425 -0.0781497 0.121829 1.18835
425 -0.86153 0.270711 7.47154
425 0.620898 -0.23495 1.18835
425 -0.224741 0.780196 1.18835
425 -0.0660633 0.250083 7.47154
425 0.574906 0.177919 1.18835
425 0.629965 -0.0735425 7.47154
425 0.415908 -0.564807 1.18835
425 -0.254348 -0.027088 7.47154
425 0.717972 -0.126246 1.18835
425 -0.419928 0.408783 1.18835
425 0.135506 0.39431 7.47154
425 0.179086 0.965981 1.18835
425 0.547549 -0.376444 1.18835
425 -0.581213 -0.457679 7.47154
425 -0.0520012 -0.420108 1.18835
425 -0.493744 0.562789 1.18835
425 0.970021 0.114329 1.18835
425 0.560168 0.36157 1.18835
425 0.58563 0.0454524 1.18835
425 0.897495 0.192821 1.18835
425 0.481918 -0.460498 1.18835
425 0.58351 0.515222 7.47154
425 -0.0490482 0.085044 1.18835
425 0.417447 0.406773 7.47154
425 0.393196 -0.772782 1.18835
425 -0.463705 -0.140921 7.47154
425 -0.758244 -0.217986 1.18835
425 -0.162298 -0.581259 7.47154
425 -0.837208 0.485643 1.18835
425 -0.383434 -0.0212005 1.18835
425 0.103123 0.0821317 1.18835
425 -0.0411608 -0.903702 1.18835
425 0.308349 0.264973 1.18835
425 -0.257649 0.386946 1.18835
425 0.604702 -0.818971 7.47154
425 -0.0960827 0.068371 1.18835
425 0.359237 -0.554037 7.47154
425 0.479862 0.189755 1.18835
425 0.736706 0.219296 1.18835
425 -0.245751 -0.166124 1.18835
425 -0.76002 -0.375155 1.18835
425 0.674207 -0.221401 7.47154
425 0.180315 -0.0844566 1.18835
425 0.159445 -0.302527 1.18835
425 -0.324101 0.683812 1.18835
425 0.74452 -0.31275 1.18835
425 0.507576 0.10925 1.18835
425 -0.308653 -0.960395 1.18835
425 0.162402 0.606679 1.18835
425 -0.00985375 -0.389866 1.18835
425 -0.43524 0.552457 1.18835
425 -0.66294 0.401657 1.18835
425 0.173403 -0.348023 1.18835
425 -0.715104 0.389882 7.47154
425 0.660718 0.800412 7.47154
425 -0.478912 0.229761 1.18835
425 -0.572907 0.783669 1.18835
425 0.202842 -0.742415 1.18835
425 -0.411803 -0.456075 7.47154
425 0.37493 0.440741 1.18835
425 -0.12285 0.234728 1.18835
425 0.143793 0.0487189 1.18835
425 0.546783 0.0780364 7.47154
425 -0.945301 0.199709 7.47154
425 0.548832 -0.79392 1.18835
425 -0.302612 -0.0432304 1.18835
425 -0.0251131 0.50661 7.47154
425 0.35088 -0.0601194 7.47154
425 -0.521235 -0.290543 7.47154
425 0.871479 0.455099 7.47154
425 0.584782 -0.625203 1.18835
425 0.578546 -0.334132 1.18835
425 -0.468492 -0.548909 7.47154
425 1.03063 -0.0475014 1.18835
425 0.0203707 -0.266035 1.18835
425 -0.28681 0.00946451 1.18835
425 0.846093 -0.178076 1.18835
425 0.23261 0.434679 1.18835
425 -0.200175 -0.348802 1.18835
425 0.644949 -0.714822 7.47154
425 -0.276024 -0.312288 1.18835
425 0.262106 -0.579073 7.47154
425 0.315304 0.673529 1.18835
425 0.25023 -0.716325 7.47154
425 -0.497549 -0.100382 1.18835
425 0.468085 0.425957 1.18835
425 -0.722957 0.284709 7.47154
425 -0.0313685 -0.52229 7.47154
425 0.548433 -0.857277 7.47154
425 0.223866 -0.987463 7.47154
425 -0.715929 -0.0123081 1.18835
425 -0.102987 0.620841 1.18835
425 -0.375095 0.784699 1.18835
425 -0.00769924 -0.698404 7.47154
425 -0.0713157 -0.324384 1.18835
425 0.405703 -0.327389 1.18835
425 -0.334705 -0.841093 1.18835
425 -0.108278 0.157928 1.18835
425 1.02936 0.087153 1.18835
425 0.109156 -0.177202 1.18835
425 -0.0585666 0.824613 7.47154
425 -0.393015 -0.811977 7.47154
425 -0.431115 -0.0365754 1.18835
425 0.0719532 0.66663 1.18835
425 0.529606 -0.608838 7.47154
425 0.388881 -0.141998 1.18835
425 0.0546988 -0.0542887 1.18835
425 0.460206 -0.255946 1.18835
425 -0.57777 0.625108 1.18835
425 -0.308535 0.391087 1.18835
425 0.255423 0.595854 1.18835
425 0.438438 -0.123484 1.18835
425 0.35812 -0.95039 1.18835
425 -0.271986 0.0604805 7.47154
425 -0.352106 0.970079 1.18835
425 0.240465 0.487521 1.18835
425 0.521789 0.158524 7.47154
425 -0.0977528 -0.73851 7.47154
425 -0.302768 -0.229547 1.18835
425 0.947244 0.230908 1.18835
425 0.484655 -0.639521 1.18835
425 -0.170322 1.02002 1.18835
425 0.670415 0.63522 1.18835
425 0.671385 0.468391 7.47154
425 -0.397626 -0.075461 1.18835
425 -0.527155 0.823863 7.47154
425 0.0648347 0.560632 1.18835
425 0.957201 0.393236 7.47154
425 -0.731172 -0.322995 7.47154
425 0.386795 0.201591 7.47154
425 0.30854 -0.914028 1.18835
425 0.536761 0.022745 7.47154
425 0.51408 0.393112 1.18835
425 -0.0410723 -0.470389 7.47154
425 -0.382485 -0.690505 1.18835
425 0.138204 -0.434197 1.18835
425 -0.678759 0.345226 1.18835
425 0.552906 0.310184 1.18835
425 -0.516287 0.614793 1.18835
425 -0.204192 0.383911 1.18835
425 0.384936 0.815539 1.18835
425 -0.127475 -0.088707 1.18835
425 0.652745 -0.478906 1.18835
425 -0.181231 0.560286 1.18835
425 0.225595 0.314681 1.18835
425 0.588318 0.228278 7.47154
425 -0.196169 -0.77393 7.47154
425 -0.2116 0.263032 1.18835
425 0.677946 -0.0460078 1.18835
425 0.811668 0.113693 1.18835
425 0.202489 0.172484 7.47154
425 -0.0242816 0.395002 1.18835
425 0.124731 0.691674 1.18835
425 -0.0683497 0.710574 7.47154
425 0.0809162 -0.364618 1.18835
425 0.457757 0.0877021 1.18835
425 -0.468235 0.919288 1.18835
425 -0.76168 0.684774 1.18835
425 0.597383 0.279906 1.18835
425 -0.159123 0.646239 7.47154
425 0.414774 -0.277189 1.18835
425 -0.598255 -0.810257 7.47154
425 -0.391932 0.115662 1.18835
425 -0.397368 0.26434 1.18835
425 -0.503375 0.369938 1.18835
425 -0.910361 -0.0748671 1.18835
425 -0.0919894 -0.45154 7.47154
425 0.0135016 0.3061 1.18835
425 0.588861 -0.69078 1.18835
425 0.192503 0.464077 7.47154
425 0.0714997 -0.311927 1.18835
425 0.707528 0.758823 7.47154
425 -0.959611 -0.0492092 1.18835
425 0.763342 0.43753 1.18835
425 -0.83008 0.378345 1.18835
425 -0.656563 0.703754 1.18835
425 -0.472779 0.798215 7.47154
425 -0.0816643 -0.791624 7.47154
425 0.49405 -0.829846 7.47154
425 0.117942 0.637802 1.18835
425 -0.345458 0.267961 1.18835
425 0.572654 -0.423042 1.18835
425 0.101035 0.26042 7.47154
425 -0.281101 0.341768 1.18835
425 0.141205 -0.00181465 1.18835
425 -0.894509 0.0992794 1.18835
425 0.607371 -0.378967 7.47154
425 -0.40942 0.0658901 1.18835
425 -0.165469 -0.233275 1.18835
425 -0.365722 0.403978 1.18835
425 0.130838 -0.381227 7.47154
425 -0.818603 -0.215461 7.47154
425 -0.070061 0.531239 1.18835
425 -0.644805 -0.213987 1.18835
425 -0.364736 -0.113792 1.18835
425 0.233921 0.092414 1.18835
425 0.297622 0.562269 7.47154
425 -0.544847 -0.845507 1.18835
425 -0.218623 -0.395017 7.47154
425 -0.907973 -0.306567 7.47154
425 -0.311668 0.86434 1.18835
425 0.534727 -0.0305354 1.18835
425 0.751498 0.714876 7.47154
425 -0.343992 0.358183 7.47154
425 -0.115072 -0.355893 1.18835
425 0.139846 0.803901 1.18835
425 0.563576 -0.247328 1.18835
425 -0.485992 -0.697274 1.18835
425 0.247821 0.541415 7.47154
425 -0.211216 -0.25348 1.18835
425 -0.446238 -0.0898907 1.18835
425 0.0243045 0.133757 1.18835
425 -0.709562 0.446691 7.47154
425 0.584213 -0.00398397 7.47154
425 0.634874 0.0398258 7.47154
425 -0.112491 0.0131183 1.18835
425 0.82329 0.400033 1.18835
425 0.0234661 -0.311632 1.18835
425 0.410916 0.658223 1.18835
425 -0.496772 -0.500394 1.18835
425 -0.13723 0.913841 7.47154
425 0.920549 0.0797778 1.18835
425 0.292118 -0.752003 1.18835
425 0.0454059 -0.712145 1.18835
425 -0.548008 0.470918 1.18835
425 0.0508974 -0.455261 7.47154
425 -0.811956 0.434727 7.47154
425 -0.82201 -0.373231 1.18835
425 -0.173353 -0.679386 7.47154
425 0.497454 0.0557178 1.18835
425 0.809702 -0.282696 7.47154
425 0.367629 0.695752 7.47154
425 -0.424451 0.313742 1.18835
425 0.751283 -0.164159 1.18835
425 0.362359 0.336767 1.18835
425 0.38149 0.494124 1.18835
425 0.718195 -0.370141 1.18835
425 0.867747 0.300792 1.18835
425 0.239892 0.870182 1.18835
425 0.584611 -0.104963 7.47154
425 -0.320578 0.0459616 1.18835
425 -0.251778 0.619713 1.18835
425 0.13469 -0.682384 1.18835
425 0.0967947 0.882493 1.18835
425 -0.597922 0.682631 7.47154
425 0.396606 0.252688 1.18835
425 -0.215207 0.518785 1.18835
425 0.654462 0.105234 1.18835
425 -0.951711 0.359283 7.47154
425 -0.258984 0.243448 1.18835
425 0.805712 0.330829 7.47154
425 -0.700464 -0.216506 1.18835
425 0.504689 0.909565 7.47154
425 -0.533331 0.229625 1.18835
425 -0.00951119 0.847325 7.47154
425 -0.0370863 1.03519 7.47154
425 0.49044 0.000253561 7.47154
425 -0.903292 0.47905 1.18835
425 -0.739649 -0.685146 7.47154
425 0.792683 0.66843 1.18835
425 0.375799 -0.603887 1.18835
425 0.454726 0.622961 7.47154
425 -0.473802 0.41415 7.47154
425 -0.112629 0.823878 1.18835
425 0.186338 0.0198604 1.18835
425 -0.33526 -0.00592529 1.18835
425 -0.358257 -0.360832 1.18835
425 0.174494 0.305832 1.18835
425 -0.587817 -0.360617 7.47154
425 0.267459 -0.387511 7.47154
425 0.334603 0.983733 1.18835
425 0.214936 1.01318 1.18835
425 -0.958713 0.0753676 7.47154
425 -0.0268421 -0.294481 1.18835
425 -0.0265588 0.339003 7.47154
425 -0.229029 -0.671161 7.47154
425 -0.0121691 -0.958813 7.47154
425 0.189864 -0.691507 7.47154
425 0.681274 0.0637358 1.18835
425 -0.191559 0.311376 1.18835
425 -0.615081 0.381507 7.47154
425 -0.600193 0.476429 7.47154
425 0.632542 -0.652078 1.18835
425 0.0425142 0.263722 7.47154
425 -0.615366 0.580604 7.47154
425 -1.01027 -0.0892547 7.47154
425 0.634895 0.51011 1.18835
425 0.284774 -0.231706 1.18835
425 -0.66598 0.185624 1.18835
425 -0.171186 0.697955 1.18835
425 0.361504 -0.351092 1.18835
425 -0.43832 -0.411496 7.47154
425 -0.447555 0.267014 1.18835
425 -0.199506 0.612231 7.47154
425 0.285418 0.826866 7.47154
425 0.817067 0.0535025 1.18835
425 -0.529118 0.419799 1.18835
425 0.47315 -0.366031 1.18835
425 0.198048 -0.273774 1.18835
425 -0.477745 0.654829 1.18835
425 0.272856 0.00663354 1.18835
425 -0.350236 -0.0592726 7.47154
425 0.432124 -0.173245 1.18835
425 0.0845135 0.774761 1.18835
425 -0.988181 -0.226829 1.18835
425 -0.248712 -0.624744 1.18835
425 0.632719 -0.18313 1.18835
425 0.0898911 -1.00772 1.18835
425 -0.445214 0.100101 1.18835
425 -0.08356 -0.119799 1.18835
425 0.519 -0.556216 1.18835
425 -0.125741 0.105239 1.18835
425 0.932892 0.288306 1.18835
425 0.582086 -0.0540577 1.18835
425 -0.714399 0.0872299 1.18835
425 0.490078 0.240101 1.18835
425 0.150565 0.350473 1.18835
425 0.729674 0.653148 7.47154
425 -0.675488 -0.318849 1.18835
425 0.317166 -0.589529 1.18835
425 0.02167 -1.01072 7.47154
425 0.559398 0.87484 1.18835
425 -0.946192 -0.356302 1.18835
425 -0.607828 -0.630371 1.18835
425 -0.357023 0.0810876 1.18835
425 -0.383558 -0.874856 7.47154
425 -0.0227058 0.447846 1.18835
425 -0.167618 -0.0522516 1.18835
425 -0.378917 -0.168202 1.18835
425 0.291621 0.885288 1.18835
425 0.121843 -0.786207 7.47154
425 -0.412771 -0.129271 1.18835
425 -0.662651 -0.0123308 1.18835
425 0.978257 0.0525496 1.18835
425 -0.512851 -0.00624138 1.18835
425 0.200113 -0.171398 7.47154
425 -0.110789 0.499757 7.47154
425 0.396698 -0.513414 7.47154
425 -0.2204 -0.0625692 7.47154
425 -0.212909 -0.721689 7.47154
425 0.0142775 0.366018 7.47154
425 -0.140824 0.31191 1.18835
425 0.725093 0.484785 1.18835
425 0.282005 0.454529 7.47154
425 -0.855937 -0.423333 1.18835
425 0.327316 -0.454651 1.18835
425 -0.1579 -0.00161248 7.47154
425 -0.128497 -0.488889 1.18835
425 -0.329387 -0.690816 7.47154
425 -0.277956 0.194153 1.18835
425 -0.108052 0.444987 1.18835
425 0.12172 -0.629664 1.18835
425 -0.0471712 -1.00946 1.18835
425 -0.861756 -0.107015 1.18835
425 0.151851 0.0965949 1.18835
425 -0.454884 0.187349 1.18835
425 -0.0548118 0.166352 1.18835
425 0.0795998 0.720866 1.18835
425 0.673989 -0.613748 1.18835
425 -0.810815 0.249237 1.18835
425 0.291198 -0.180319 7.47154
425 0.763904 -0.254795 1.18835
425 0.25424 0.18965 1.18835
425 0.925472 -0.0406596 1.18835
425 -0.0810268 -0.0711946 1.18835
425 0.0518524 0.339278 1.18835
425 0.332183 -0.639392 7.47154
425 0.0465531 0.982116 7.47154
425 -0.887409 0.366897 1.18835
425 0.871217 -0.535152 1.18835
425 0.118239 -0.951949 7.47154
425 0.712409 0.108104 7.47154
425 0.68917 0.696421 1.18835
425 0.348225 0.583187 1.18835
425 -0.0160793 0.787613 7.47154
425 -0.355771 0.492345 1.18835
425 0.286641 -0.48995 7.47154
425 0.447537 0.271633 1.18835
425 -0.440361 -0.595852 7.47154
425 0.779087 0.502452 1.18835
425 -0.0239663 0.126078 7.47154
425 -0.53721 -0.199665 1.18835
425 -0.28274 -0.130894 1.18835
425 0.642599 0.246102 1.18835
425 -0.266278 0.670295 1.18835
425 -0.829583 -0.00556546 7.47154
425 0.537039 -0.462375 1.18835
425 0.854472 -0.324631 1.18835
425 -0.621053 -0.314489 1.18835
425 0.532882 0.209195 1.18835
425 0.172358 0.218119 1.18835
425 0.200233 -0.885651 1.18835
425 -0.63074 0.330924 1.18835
425 -0.883193 -0.202856 1.18835
425 1.03266 0.0201823 1.18835
425 0.276338 0.0592965 1.18835
425 0.606603 0.333352 1.18835
425 0.124904 0.217133 7.47154
425 0.6147 0.62064 7.47154
425 0.453673 -0.52681 7.47154
425 -0.760342 -0.473915 1.18835
425 0.0541782 -0.106242 1.18835
425 -0.0814419 -0.504734 7.47154
425 0.0081791 0.0839279 1.18835
425 -0.294472 0.145821 1.18835
425 -0.345067 -0.206449 1.18835
425 -0.00798419 -0.853545 1.18835
425 -0.696645 0.665263 7.47154
425 -0.764701 0.469332 1.18835
425 -0.71961 0.727459 7.47154
425 0.152698 -0.250039 1.18835
425 0.584836 0.717596 7.47154
425 0.963867 -0.137291 1.18835
425 -0.345694 0.134314 7.47154
425 -0.0768259 0.318252 1.18835
425 0.0623119 0.506223 1.18835
425 -0.321281 0.315849 1.18835
425 -0.549699 -0.107228 7.47154
425 0.450657 0.0334461 1.18835
425 0.630925 -0.427526 1.18835
425 -0.118514 -0.68895 1.18835
425 -0.207951 0.123256 1.18835
425 0.0192189 0.589912 1.18835
425 -0.530896 0.133909 1.18835
425 -0.204544 -0.0147231 7.47154
425 0.495645 -0.28932 1.18835
425 -1.00154 -0.157793 7.47154
425 -0.415111 0.88064 1.18835
425 -0.410434 0.945476 1.18835
425 -0.555981 -0.405824 7.47154
425 -0.411839 -0.269003 1.18835
425 -0.485897 -0.753955 1.18835
425 -0.531412 -0.05737 1.18835
425 -0.500838 -0.239161 1.18835
425 -0.411393 0.502108 1.18835
425 -0.919818 -0.417911 1.18835
425 -0.220421 -0.303829 7.47154
425 -0.122519 -0.255946 7.47154
425 0.0964216 -0.725598 1.18835
425 0.0125275 -0.753554 1.18835
425 -0.0686016 0.369622 1.18835
425 -0.780237 0.576692 1.18835
425 0.0540428 -0.957163 1.18835
425 0.417558 0.119291 1.18835
425 -0.676551 -0.670646 1.18835
425 -0.222761 0.073634 1.18835
425 -0.322728 0.534883 1.18835
425 0.725314 -0.0694229 1.18835
425 -0.433576 -0.710741 1.18835
425 0.493538 -0.702207 1.18835
425 0.634304 -0.132179 1.18835
425 -0.152208 -0.128499 1.18835
425 -0.788799 -0.324221 1.18835
425 0.54395 0.259077 1.18835
425 -0.106189 1.03185 1.18835
425 0.146939 0.444692 1.18835
425 -0.213933 0.666206 1.18835
425 -0.381443 -0.74344 1.18835
425 0.0984421 -0.0263787 1.18835
425 0.933515 0.452211 1.18835
425 -0.193658 -0.435354 1.18835
425 0.0995046 -0.131316 7.47154
425 0.0324772 -0.357453 1.18835
425 0.176807 0.716639 7.47154
425 0.389837 0.957172 1.18835
425 -0.122619 0.773409 7.47154
425 -0.475025 0.318115 1.18835
425 -0.369932 0.0310945 1.18835
425 -0.0763284 -0.953492 7.47154
425 0.903076 0.511181 7.47154
425 0.974101 -0.0762977 1.18835
425 0.645796 0.738142 1.18835
425 0.535011 -0.0838918 1.18835
425 0.15782 -0.999905 1.18835
425 0.018123 0.0261032 1.18835
425 -0.756948 -0.575705 7.47154
425 0.363994 0.0454235 1.18835
425 0.484976 0.534467 1.18835
425 -0.0569305 -0.606214 7.47154
425 -0.288563 0.578716 7.47154
425 0.315322 -0.311595 1.18835
425 0.727557 0.0430693 1.18835
425 0.0100272 -0.0763831 1.18835
425 -0.663743 -0.518829 7.47154
425 0.138759 -0.892834 7.47154
425 0.183036 -0.0314218 1.18835
425 -0.417325 0.217258 1.18835
425 -0.770813 0.0893956 1.18835
425 -0.312422 -0.27452 7.47154
425 -0.591628 -0.20888 1.18835
425 -0.0634251 -0.372634 1.18835
425 0.603136 -0.285458 1.18835
425 0.686533 -0.426269 1.18835
425 -0.0665562 0.984205 7.47154
425 -0.871199 0.427104 1.18835
425 -0.331804 0.441332 1.18835
425 -0.113996 0.351318 1.18835
425 -0.968799 -0.292728 1.18835
425 -0.616838 0.744761 1.18835
425 -0.740758 0.0384703 1.18835
425 0.455911 0.322477 1.18835
425 -0.525796 -0.452329 1.18835
425 -0.551409 -0.504834 1.18835
425 0.0178881 -0.604162 7.47154
425 -0.85815 0.0407258 7.47154
425 0.527336 -0.187642 1.18835
425 0.478419 0.732138 1.18835
425 0.501487 -0.50766 1.18835
425 -0.175 -0.483427 7.47154
425 -0.739079 0.625377 7.47154
425 0.63086 -0.581324 7.47154
425 -0.246501 -0.442933 1.18835
425 -0.00473202 0.173995 1.18835
425 -0.990212 0.240748 7.47154
425 0.563788 0.126543 1.18835
425 -0.355515 -0.547611 7.47154
425 -0.273387 -0.697812 7.47154
425 -0.522053 0.518608 7.47154
425 0.599416 0.776335 1.18835
425 -0.317559 -0.0967554 1.18835
425 0.222913 -0.0652202 1.18835
425 0.575476 -0.569084 1.18835
425 0.263586 0.651072 1.18835
425 -0.727327 -0.521462 1.18835
425 0.113006 0.584209 7.47154
425 -0.456839 0.603048 1.18835
425 0.397778 -0.0405307 7.47154
425 -0.635058 0.134244 1.18835
425 -0.226602 0.721701 7.47154
425 -0.0233651 -0.6448 7.47154
425 -0.296756 -0.644205 7.47154
425 0.671912 -0.533151 1.18835
425 0.769538 0.381971 1.18835
425 0.233191 0.384529 1.18835
425 0.558907 -0.514375 1.18835
425 -0.189484 0.0368642 7.47154
425 0.205644 -0.122895 7.47154
425 -0.519965 0.0421681 1.18835
425 -0.398795 0.592852 1.18835
425 0.803991 -0.142755 1.18835
425 0.707562 0.5919 1.18835
425 0.817064 -0.0766763 1.18835
425 0.185904 -0.453912 1.18835
425 -0.289544 -0.799008 1.18835
425 0.152234 0.263014 7.47154
425 -0.842296 -0.163322 7.47154
425 -0.783075 -0.635191 7.47154
425 0.768921 -0.102382 1.18835
425 0.301203 -0.54027 1.18835
425 -0.192783 0.172701 1.18835
425 0.368859 -0.401117 1.18835
425 -0.554218 -0.250493 7.47154
425 -0.30328 0.926585 7.47154
425 0.236358 -0.663685 1.18835
425 0.340707 0.851795 7.47154
425 -0.516756 -0.150234 7.47154
425 0.48954 0.788406 1.18835
425 0.0701171 -0.772809 1.18835
425 -0.445476 0.751651 1.18835
425 0.653111 0.572459 1.18835
425 -0.659685 -0.617108 7.47154
425 -0.675165 -0.165909 7.47154
425 -0.446471 -0.229501 1.18835
425 0.616801 0.144258 1.18835
425 0.232312 0.0392237 1.18835
425 -0.0193991 0.677733 1.18835
425 0.195366 0.833827 7.47154
425 0.028529 0.699614 1.18835
425 0.0622741 0.390778 1.18835
425 0.0098391 -0.48965 7.47154
425 0.979757 0.333727 1.18835
425 -0.0683262 0.418925 1.18835
425 0.690762 -0.322137 1.18835
425 -0.206491 -0.201528 7.47154
425 0.734642 -0.629559 1.18835
425 -0.755669 -0.114891 1.18835
425 0.621168 0.448458 7.47154
425 0.937665 -0.257257 1.18835
425 -0.603171 -0.262571 7.47154
425 0.661248 0.408714 7.47154
425 0.324494 0.731062 7.47154
425 0.498108 0.588487 1.18835
425 -0.198414 0.470161 1.18835
425 -0.868489 -0.258366 1.18835
425 0.501089 0.846364 1.18835
425 0.122129 0.308267 7.47154
425 -0.411557 -0.646091 7.47154
425 -0.782553 0.296384 7.47154
425 0.306177 0.617426 1.18835
425 -0.482371 -0.190282 1.18835
425 0.711917 0.425274 1.18835
425 -0.179968 -0.992453 7.47154
425 -0.425314 0.150274 7.47154
425 0.112698 -0.577589 7.47154
425 -0.11386 0.673436 1.18835
425 0.760799 0.131564 1.18835
425 -0.436958 0.695554 7.47154
425 0.113798 0.978048 1.18835
425 0.512255 0.642086 1.18835
425 0.499898 0.290379 1.18835
425 -0.32274 -0.900236 1.18835
425 -0.245585 0.945068 1.18835
425 0.323208 0.0777295 1.18835
425 0.658949 0.353171 7.47154
425 0.0735732 0.299961 7.47154
425 0.372702 -0.2452 7.47154
425 -0.882207 0.217361 1.18835
425 0.296755 0.214788 1.18835
425 -0.824791 -0.476328 1.18835
425 0.0288496 -0.656679 1.18835
425 -0.198741 0.90029 1.18835
425 -0.848611 -0.317886 1.18835
425 -0.0764604 0.930052 1.18835
425 0.570962 0.660641 1.18835
425 0.0963338 -0.0793793 1.18835
425 -0.0281801 -0.00199294 7.47154
425 -0.82111 -0.5838 1.18835
425 0.189547 0.125675 1.18835
425 -0.931563 0.417905 1.18835
425 0.773231 -0.478071 7.47154
425 0.804676 -0.429985 1.18835
425 0.156822 0.552647 1.18835
425 -0.557395 0.722 1.18835
425 -0.724541 0.566391 7.47154
425 0.448293 0.880744 1.18835
425 0.769529 -0.382217 1.18835
425 -0.0734509 -0.175812 1.18835
425 0.155262 -0.540694 1.18835
425 -0.258264 0.109793 1.18835
425 0.20787 -0.560689 1.18835
425 -0.471481 -0.45071 7.47154
425 0.270098 -0.286898 1.18835
425 -0.365762 0.220605 1.18835
425 -0.266858 0.825475 1.18835
425 0.701468 0.313796 1.18835
425 0.111614 -0.281062 1.18835
425 0.42109 0.713526 1.18835
425 -0.121292 -0.0387586 1.18835
425 0.233489 0.941155 1.18835
425 0.472092 -0.580267 1.18835
425 -0.441542 0.458708 7.47154
425 0.00959244 -0.124752 1.18835
425 0.752938 0.328254 1.18835
425 0.355736 0.28531 1.18835
425 -0.607025 -0.51142 1.18835
425 -0.0857928 -0.646437 1.18835
425 -0.575283 0.529175 7.47154
425 0.218795 0.221032 1.18835
425 0.0835009 -0.901911 1.18835
425 0.46251 0.373949 7.47154
425 0.178106 -0.399893 1.18835
425 -0.556483 -0.609378 1.18835
425 0.373983 -0.891602 1.18835
425 0.264459 -0.335708 1.18835
425 -0.322169 0.802521 1.18835
425 0.219878 -0.832328 1.18835
425 0.4395 0.824996 7.47154
425 0.404233 0.0125157 1.18835
425 0.772535 -0.580515 1.18835
425 -0.330717 0.182279 7.47154
425 -0.433446 -0.772635 1.18835
425 0.220442 0.684209 1.18835
425 0.205526 0.573976 1.18835
425 0.454453 -0.318111 1.18835
425 -0.137888 -0.784133 1.18835
425 -0.552264 0.0853588 1.18835
425 1.02397 -0.113691 1.18835
425 -0.160446 0.267988 1.18835
425 0.312249 -0.359432 7.47154
425 -0.127975 0.971542 1.18835
425 -0.638201 -0.464579 7.47154
425 -0.731524 0.33516 1.18835
425 -0.170798 -0.285025 1.18835
425 -0.429118 -0.180469 1.18835
425 0.0206523 -0.219301 1.18835
425 -0.312626 -0.740182 1.18835
425 -0.164554 0.358466 1.18835
425 0.840716 0.51241 1.18835
425 0.658127 -0.276315 7.47154
425 -0.579709 0.328066 7.47154
425 0.424564 0.460002 1.18835
425 -0.0284911 -0.197679 7.47154
425 -0.142634 0.189979 7.47154
425 0.0629144 -0.564793 1.18835
425 0.290427 -0.971842 1.18835
425 0.139786 -0.106557 1.18835
425 -0.586874 0.230434 1.18835
425 0.787551 0.229616 1.18835
425 -0.121088 0.723721 1.18835
425 0.432453 0.514131 1.18835
425 -0.0213515 -0.573893 1.18835
425 0.380958 -0.192167 1.18835
425 -0.115133 -0.154534 1.18835
425 0.313713 0.31834 7.47154
425 0.0154275 0.919905 1.18835
425 0.822813 -0.0115296 7.47154
425 -0.301919 -0.539325 1.18835
425 -0.185777 -0.0963935 1.18835
425 0.291324 0.159254 7.47154
425 0.725495 0.168452 1.18835
425 -0.00734528 0.256454 1.18835
425 -0.692646 -0.729993 1.18835
425 0.346234 0.916079 1.18835
425 0.29687 -0.130007 1.18835
425 0.629569 0.678709 1.18835
