595 0.347197 0.234296 7.47154
595 -0.0747783 -0.227323 1.18835
595 0.391994 -0.0921117 1.18835
595 -0.242778 0.16001 1.18835
595 0.242861 -0.777426 7.47154
595 -1.01506 -0.0242869 1.18835
595 -0.465509 0.00552122 7.47154
595 -0.329515 -0.149527 1.18835
595 0.188677 0.411141 1.18835
595 0.55697 0.606814 7.47154
595 0.153673 0.495535 1.18835
595 -0.152607 0.471897 1.18835
595 0.834866 -0.381635 7.47154
595 -0.0999721 -0.896192 7.47154
595 0.112994 0.126475 1.18835
595 -0.802669 0.636505 1.18835
595 -0.911356 0.0409545 7.47154
595 -0.333923 0.741053 7.47154
595 -0.883795 -0.365915 1.18835
595 0.613228 -0.52474 7.47154
595 -1.01381 0.0415547 7.47154
595 0.156566 -0.842188 1.18835
595 0.869397 -0.431092 1.18835
595 -0.66866 -0.418232 7.47154
595 0.0198092 -0.5447 1.18835
595 1.02185 0.149567 1.18835
595 0.885815 0.247832 7.47154
595 0.337427 -0.16047 7.47154
595 0.0195504 0.476098 7.47154
595 1.01333 -0.178021 7.47154
595 0.0242377 0.227512 1.18835
595 0.288625 0.943133 1.18835
595 -0.325273 -0.593184 7.47154
595 -0.274629 -0.581011 1.18835
595 -0.754168 0.242137 1.18835
595 0.875694 -0.272105 1.18835
595 0.400752 0.605122 1.18835
595 -0.36408 0.638923 1.18835
595 0.863879 0.102826 1.18835
595 -0.33221 -0.403097 1.18835
595 0.0300393 0.808813 1.18835
595 0.029056 0.864432 1.18835
595 0.113416 0.181993 7.47154
595 -0.305751 0.484585 1.18835
595 -0.0760354 -0.275864 1.18835
595 0.599966 0.566472 1.18835
595 0.334353 -0.797338 7.47154
595 0.439698 -0.0725085 1.18835
595 -0.391676 -0.217988 1.18835
595 -0.971749 0.299866 1.18835
595 -0.95545 -0.117942 1.18835
595 0.579528 -0.161336 1.18835
595 -0.558602 0.574559 1.18835
595 0.959214 -0.365321 1.18835
595 0.0392203 0.18255 1.18835
595 -0.19247 -0.626623 7.47154
595 -0.600087 -0.110414 7.47154
595 0.0615852 0.446587 1.18835
595 0.245133 -0.928634 1.18835
595 -0.120415 -0.304778 1.18835
595 0.711807 0.372909 1.18835
595 0.68294 0.208218 1.18835
595 0.756318 0.277415 1.18835
595 -0.630402 -0.697301 1.18835
595 -0.905362 0.311673 7.47154
595 -0.959798 0.00763209 1.18835
595 -0.651095 -0.266319 1.18835
595 0.213923 0.629068 1.18835
595 0.726955 -0.0157305 7.47154
595 0.545274 -0.312783 1.18835
595 -0.173921 0.74951 7.47154
595 -0.593495 -0.743183 7.47154
595 0.680916 -0.166689 1.18835
595 0.369108 0.388501 7.47154
595 0.429182 0.17123 1.18835
595 -0.225465 0.344506 1.18835
595 0.8053 0.560075 1.18835
595 -0.120471 -0.8392 1.18835
595 -0.52377 -0.556197 1.18835
595 -0.741844 0.138394 7.47154
595 0.740891 -0.430785 1.18835
595 -0.648082 -0.768098 1.18835
595 0.832401 0.618522 1.18835
595 -0.56921 -0.156614 1.18835
595 -0.364835 0.845796 1.18835
595 0.236856 -0.251711 1.18835
595 0.833544 -0.590666 1.18835
595 0.419736 -0.223924 1.18835
595 0.221139 -0.608455 1.18835
595 -0.380433 0.544042 1.18835
595 0.0224994 0.530977 7.47154
595 0.216808 -0.31408 1.18835
595 -0.927046 -0.246109 1.18835
595 0.542596 -0.729326 1.18835
595 0.0745094 0.152546 1.18835
595 0.385856 -0.465411 7.47154
595 -0.216798 -0.577192 1.18835
595 -0.243529 -0.978562 1.18835
595 0.271883 1.00041 1.18835
595 0.170397 0.66072 1.18835
595 -0.359142 -0.450591 1.18835
595 -0.491323 -0.324244 7.47154
595 -0.461749 -0.650785 1.18835
595 -0.266963 -0.0781066 1.18835
595 0.339907 -0.69145 1.18835
595 -0.610875 -0.412525 1.18835
595 -0.130747 -0.539207 1.18835
595 -0.65972 0.0849145 1.18835
595 0.26366 -0.871503 1.18835
595 -0.252914 -0.217107 1.18835
595 -0.776206 0.192049 1.18835
595 -0.244811 -0.534177 1.18835
595 0.750575 -0.691552 7.47154
595 -0.417537 0.814332 1.18835
595 0.278277 0.401553 7.47154
595 0.107084 0.471393 1.18835
595 0.688773 0.530197 1.18835
595 -0.399021 0.361148 1.18835
595 0.443974 -0.0201788 7.47154
595 -0.0855787 0.200488 1.18835
595 -0.346469 0.587352 7.47154
595 0.0994542 0.0271903 7.47154
595 -0.177096 0.222574 1.18835
595 0.020467 -0.90786 7.47154
595 0.031937 -0.806483 7.47154
595 -0.225988 0.209742 1.18835
595 0.55054 0.812696 1.18835
595 0.411911 0.066993 1.18835
595 -0.16405 -0.388455 7.47154
595 0.390945 0.88226 1.18835
595 -0.667886 0.282136 1.18835
595 -0.232313 -0.11336 1.18835
595 -0.499849 0.466795 7.47154
595 -0.528316 0.324292 1.18835
595 -0.30807 0.0987273 1.18835
595 0.475664 0.480735 7.47154
595 0.0216851 1.03549 7.47154
595 0.321948 -0.402867 1.18835
595 0.10709 -0.524246 1.18835
595 0.832495 -0.232738 1.18835
595 0.301867 -0.0803417 7.47154
595 -0.668551 0.488851 7.47154
595 -0.495486 -0.60421 1.18835
595 0.345921 -0.50282 7.47154
595 0.0596328 -0.00143225 7.47154
595 0.926297 0.0201033 1.18835
595 0.612473 0.38922 7.47154
595 -0.832058 0.193159 1.18835
595 0.34086 0.52974 7.47154
595 -0.686757 -0.0638753 7.47154
595 0.0626699 -0.204927 1.18835
595 0.445713 -0.738814 7.47154
595 -0.304205 -0.446548 1.18835
595 0.7911 0.175412 1.18835
595 0.507539 0.34159 7.47154
595 0.846428 0.158911 1.18835
595 -0.385593 -0.500406 7.47154
595 0.182123 0.774536 1.18835
595 -0.395786 0.740914 1.18835
595 -0.890292 -0.47482 7.47154
595 -0.256077 -0.754839 7.47154
595 0.339057 0.183156 1.18835
595 -0.685005 0.0364763 7.47154
595 -0.463169 0.053842 1.18835
595 -0.648161 0.434869 1.18835
595 0.198509 -0.504042 1.18835
595 0.227157 0.742741 1.18835
595 0.868051 0.0471409 1.18835
595 -0.151889 0.591428 7.47154
595 -0.582581 0.132955 1.18835
595 -0.0216303 0.559766 1.18835
595 -0.177341 -0.829067 1.18835
595 -0.436271 -0.316755 1.18835
595 -0.160347 -0.18123 7.47154
595 0.246441 -0.149744 7.47154
595 -0.703179 -0.269731 1.18835
595 -0.610359 -0.0110194 1.18835
595 -0.625183 0.53332 7.47154
595 0.0632252 0.102761 7.47154
595 -0.809984 -0.269413 7.47154
595 -0.217871 -0.873343 7.47154
595 -0.442605 -0.500947 1.18835
595 0.313205 -0.0262317 7.47154
595 -0.791886 -0.423749 7.47154
595 -0.309917 0.632212 1.18835
595 0.503121 -0.34689 1.18835
595 0.539594 -0.663525 1.18835
595 0.918668 -0.316508 1.18835
595 -0.523053 -0.656841 7.47154
595 0.466629 -0.398376 7.47154
595 -0.253419 0.478064 1.18835
595 -0.677488 0.769656 7.47154
595 -0.770196 -0.0117823 1.18835
595 0.869813 0.566534 7.47154
595 0.688807 -0.675251 1.18835
595 0.150226 -0.199314 1.18835
595 -0.0602063 -0.691577 7.47154
595 0.424928 -0.923285 1.18835
595 -0.064093 -0.846735 7.47154
595 -0.280219 0.719737 1.18835
595 0.443553 0.570333 7.47154
595 -0.412355 -0.547463 1.18835
595 -0.240881 0.568958 1.18835
595 -0.252341 -0.353929 7.47154
595 -0.762008 0.403428 7.47154
595 0.803811 -0.533098 1.18835
595 -0.0311196 0.213456 1.18835
595 -0.254397 0.88628 1.18835
595 -0.477658 0.139583 1.18835
595 -0.144926 -0.436683 7.47154
595 -0.574825 0.0393227 1.18835
595 -0.543445 -0.781589 7.47154
595 -0.633953 -0.0622298 1.18835
595 -0.79642 0.139395 1.18835
595 0.218889 -0.365461 1.18835
595 -0.383158 -0.594812 1.18835
595 -0.740837 -0.0635098 7.47154
595 -0.641463 -0.366604 1.18835
595 0.271405 0.709123 1.18835
595 0.469912 0.139867 1.18835
595 0.6315 0.193157 1.18835
595 -0.841225 0.583026 1.18835
595 0.434498 -0.861784 1.18835
595 -0.900664 0.159368 1.18835
595 0.999275 -0.241269 7.47154
595 0.712846 -0.263878 1.18835
595 0.65464 -0.779796 1.18835
595 -0.0785194 0.870549 1.18835
595 0.519611 0.446072 1.18835
595 -0.722121 -0.62389 1.18835
595 0.472687 -0.20232 1.18835
595 -0.277107 -0.400178 1.18835
595 -0.0645159 0.644108 1.18835
595 0.155097 0.152994 7.47154
595 -0.0669133 0.477783 1.18835
595 0.59398 -0.471491 7.47154
595 0.441092 -0.483013 1.18835
595 0.442409 -0.801004 7.47154
595 0.960222 0.172152 1.18835
595 0.272069 0.349143 7.47154
595 -0.0685854 0.753286 1.18835
595 0.326617 0.421757 1.18835
595 0.383678 -0.830731 1.18835
595 0.147588 -0.48683 7.47154
595 -0.85113 0.138702 1.18835
595 -0.169163 0.422666 1.18835
595 0.146426 -0.737508 7.47154
595 0.140339 -0.0533475 1.18835
595 -0.173629 0.0880362 1.18835
595 -0.507544 0.183254 7.47154
595 -0.468106 0.85903 7.47154
595 0.000303923 -0.440473 1.18835
595 0.111699 0.526112 1.18835
595 -0.641292 0.232036 7.47154
595 0.485299 -0.103312 1.18835
595 0.238722 -0.469555 7.47154
595 0.744532 0.547616 1.18835
595 -0.498242 0.0908904 1.18835
595 -0.464786 -0.274909 1.18835
595 -0.158053 0.138575 7.47154
595 0.668367 -0.376892 1.18835
595 0.116914 -0.332673 1.18835
595 0.0881908 1.034 7.47154
595 0.071985 0.610777 1.18835
595 -0.539886 -0.719505 1.18835
595 0.867064 -0.061895 1.18835
595 0.525288 0.69823 7.47154
595 0.25785 0.245538 1.18835
595 -0.563709 -0.31072 1.18835
595 -0.0355008 -0.147147 1.18835
595 -0.358586 -0.258444 1.18835
595 -0.352318 -0.639777 1.18835
595 0.439197 0.221499 1.18835
595 0.177924 -0.792511 1.18835
595 0.22894 -0.0108773 7.47154
595 -0.694536 -0.56871 1.18835
595 -0.113439 -1.00305 7.47154
595 0.0175338 0.42134 1.18835
595 0.698659 0.262671 1.18835
595 0.0262264 0.640433 1.18835
595 -0.182678 0.958631 7.47154
595 0.252842 -0.100752 1.18835
595 -0.555045 0.375506 7.47154
595 0.331709 0.131505 1.18835
595 0.541627 0.553724 7.47154
595 -0.434335 -0.909408 7.47154
595 0.130375 0.747012 1.18835
595 0.981284 -0.303796 7.47154
595 -0.538518 0.668705 1.18835
595 -0.118807 -0.207265 1.18835
595 0.284789 0.111767 1.18835
595 0.321764 -0.261997 1.18835
595 -0.22871 0.430939 1.18835
595 -0.613052 0.182208 1.18835
595 -0.467197 -0.366498 7.47154
595 -0.0188099 0.726461 7.47154
595 -0.390296 0.453137 7.47154
595 0.0641708 -0.259007 1.18835
595 0.873682 -0.00635618 1.18835
595 0.67566 0.154042 7.47154
595 0.902793 -0.483763 7.47154
595 0.517232 -0.405528 1.18835
595 0.570775 -0.211383 7.47154
595 0.250394 -0.52161 1.18835
595 0.35802 0.640927 1.18835
595 -0.139737 -0.635974 1.18835
595 0.896241 -0.373936 7.47154
595 -0.697262 0.236633 1.18835
595 0.391259 0.550171 7.47154
595 -0.944267 -0.185072 1.18835
595 -0.0731152 -0.0212575 1.18835
595 -0.0761048 -0.55486 1.18835
595 0.217619 0.276215 1.18835
595 -0.28246 0.434177 1.18835
595 -0.791721 0.351855 1.18835
595 0.176953 -0.641063 1.18835
595 0.631201 -0.016379 1.18835
595 -0.138086 -0.944753 1.18835
595 -0.159083 -0.886536 1.18835
595 0.430368 -0.622241 1.18835
595 0.386225 -0.657194 1.18835
595 0.412347 0.355432 1.18835
595 0.288521 -0.683605 1.18835
595 0.892919 -0.21557 1.18835
595 0.227196 -0.418131 7.47154
595 -0.0425887 -0.744264 1.18835
595 0.0577754 -0.155509 1.18835
595 0.49487 -0.76633 1.18835
595 0.840179 0.2158 7.47154
595 -0.306282 -0.357165 1.18835
595 -0.588959 0.427392 1.18835
595 0.645312 -0.327363 1.18835
595 -0.495102 0.709378 1.18835
595 -0.489395 -0.813791 7.47154
595 0.707598 -0.574057 1.18835
595 -0.125568 0.401924 1.18835
595 0.425433 -0.431491 1.18835
595 -0.806186 -0.114157 1.18835
595 -0.675934 0.54744 1.18835
595 0.567131 0.414202 7.47154
595 0.362356 -0.300386 7.47154
595 0.916293 0.343219 1.18835
595 0.281501 -0.814526 7.47154
595 0.527772 0.500209 1.18835
595 -0.0212338 0.614009 1.18835
595 -0.244548 0.29914 7.47154
595 0.265222 0.297185 1.18835
595 -0.332067 -0.494902 1.18835
595 -0.86713 0.53249 1.18835
595 -0.417931 0.0186775 7.47154
595 -0.530615 -0.356832 1.18835
595 -0.450522 0.365327 1.18835
595 0.794309 -0.642175 7.47154
595 0.679204 0.00844952 7.47154
595 -0.557567 0.27726 1.18835
595 0.764355 0.0768513 7.47154
595 0.0816538 0.937112 7.47154
595 0.0596721 -0.508786 1.18835
595 0.105216 -0.229049 1.18835
595 0.79605 -0.3357 7.47154
595 0.44379 0.939457 1.18835
595 0.441089 -0.678475 7.47154
595 -0.699069 -0.371482 1.18835
595 0.487434 -0.892285 1.18835
595 -0.69732 -0.470098 7.47154
595 0.343687 -0.110657 7.47154
595 -0.292827 -0.181056 1.18835
595 0.375498 0.756344 1.18835
595 0.909811 0.13714 7.47154
595 0.70373 -0.73721 1.18835
595 -0.902201 -0.14499 1.18835
595 0.0131767 -0.173151 1.18835
595 -0.384172 -0.309448 7.47154
595 0.190942 0.896241 1.18835
595 0.409179 -0.380622 1.18835
595 0.787735 -0.201274 7.47154
595 -0.579212 -0.563089 7.47154
595 0.100938 0.41628 1.18835
595 -0.290791 0.281994 1.18835
595 -0.755871 -0.271734 1.18835
595 -0.631277 0.810174 1.18835
595 -0.727735 -0.168989 1.18835
595 -0.926575 0.256557 1.18835
595 -0.372613 -0.937259 7.47154
595 -0.5032 0.275743 1.18835
595 -0.16123 -0.332814 1.18835
595 -0.310946 0.232666 1.18835
595 -0.792475 -0.525366 1.18835
595 0.0818637 -0.668693 7.47154
595 -0.197478 -0.148376 7.47154
595 0.904601 -0.157754 1.18835
595 0.343727 -0.743411 1.18835
595 0.0569759 0.0546823 7.47154
595 -0.0234301 -0.344802 1.18835
595 -0.679793 0.603755 1.18835
595 0.166872 -0.590181 1.18835
595 -0.0286933 -0.247592 1.18835
595 0.605732 0.0902986 1.18835
595 -0.728671 -0.422757 1.18835
595 0.278443 0.767112 1.18835
595 -0.108147 -0.403877 1.18835
595 0.320297 0.369105 1.18835
595 -0.854148 -0.0524181 1.18835
595 0.429682 0.770346 1.18835
595 -0.611945 0.278594 7.47154
595 -0.344334 -0.784487 1.18835
595 0.405215 0.304115 7.47154
595 0.487109 -0.0521804 1.18835
595 -0.630129 0.0371627 7.47154
595 0.35871 -0.00661225 1.18835
595 0.244019 0.143278 1.18835
595 -0.0323217 -0.0511504 1.18835
595 -0.199823 -0.932744 1.18835
595 0.395116 -0.713279 7.47154
595 -0.605556 0.0847206 1.18835
595 -1.01109 0.107715 7.47154
595 -0.0252725 0.901425 1.18835
595 -0.721226 0.188723 7.47154
595 0.193271 0.071291 1.18835
595 -0.787758 0.518822 1.18835
595 -0.688364 0.135485 7.47154
595 0.996945 0.271943 7.47154
595 -0.228694 1.00767 1.18835
595 0.0416503 -0.407042 1.18835
595 -0.560417 -0.00838718 1.18835
595 -0.468356 0.511861 1.18835
595 0.481399 -0.153008 1.18835
595 0.649569 0.298588 1.18835
595 -0.0104295 0.968403 1.18835
595 -0.515098 0.76198 1.18835
595 0.331112 -0.211024 7.47154
595 -0.160237 0.522563 1.18835
595 0.014918 -0.0273089 1.18835
595 0.319446 0.0271262 1.18835
595 0.773919 -0.0435928 1.18835
595 0.0994015 -0.470041 1.18835
595 -0.358017 0.907403 7.47154
595 -0.373911 0.313149 1.18835
595 -0.898817 -0.0158314 1.18835
595 0.291495 0.508626 1.18835
595 -0.796542 0.0401213 1.18835
595 0.0507228 -0.856524 1.18835
595 -0.440167 -0.844276 7.47154
595 0.891948 0.399332 7.47154
595 -0.796673 -0.0607072 1.18835
595 -0.155734 -0.732351 7.47154
595 0.572951 0.465456 1.18835
595 0.156179 1.02724 7.47154
595 -0.0176475 0.0489167 7.47154
595 -0.276033 0.769607 7.47154
595 -0.22396 -0.487486 1.18835
595 -0.186196 -0.5329 1.18835
595 0.233231 0.80225 1.18835
595 -0.524639 0.887817 1.18835
595 -0.412819 -0.360883 1.18835
595 0.776283 0.0153215 1.18835
595 -0.170082 0.804239 1.18835
595 0.241588 -0.19985 7.47154
595 0.815855 0.454238 1.18835
595 0.154373 -0.150313 7.47154
595 -0.141005 0.0514868 1.18835
595 1.011 0.211522 7.47154
595 0.324956 -0.856208 7.47154
595 -0.724528 0.505596 7.47154
595 0.952656 -0.197784 1.18835
595 -0.0681888 0.585939 7.47154
595 -0.783193 -0.168782 1.18835
595 0.515066 -0.234607 1.18835
595 0.379523 0.151532 7.47154
595 -0.951442 0.131687 7.47154
595 -1.00212 0.172162 7.47154
595 0.0711126 -0.615951 7.47154
595 0.97882 -0.0129014 1.18835
595 -0.0456284 0.290677 1.18835
595 0.138606 0.919076 1.18835
595 -0.115705 0.556815 1.18835
595 -0.857594 -0.529758 1.18835
595 -0.259014 -0.266994 7.47154
595 0.27561 -0.627471 7.47154
595 -0.234595 -0.814422 7.47154
595 -0.501243 -0.405235 7.47154
595 0.0308171 0.751797 1.18835
595 -0.419862 0.645841 1.18835
595 0.090887 -0.416734 7.47154
595 0.857389 -0.119984 1.18835
595 -0.632626 -0.56775 7.47154
595 -0.378142 0.691296 1.18835
595 0.333368 0.47532 1.18835
595 0.739524 -0.527968 1.18835
595 -0.63947 0.643406 1.18835
595 -0.111405 -0.592006 7.47154
595 0.201224 0.518873 1.18835
595 -0.702354 -0.116178 1.18835
595 -0.651222 -0.113995 1.18835
595 0.194348 -0.221371 1.18835
595 0.854307 0.353413 1.18835
595 0.707688 -0.482286 1.18835
595 0.0941991 0.361903 1.18835
595 0.537742 0.754573 1.18835
595 0.467037 0.67857 1.18835
595 0.330738 0.792194 1.18835
595 -0.236806 0.0239747 7.47154
595 -0.621398 -0.162634 1.18835
595 0.279471 -0.435563 7.47154
595 -0.29039 0.991268 7.47154
595 0.932945 -0.42543 1.18835
595 -0.335446 -0.315188 1.18835
595 0.596508 -0.755709 1.18835
595 0.914779 -0.0997595 1.18835
595 -0.38149 0.175346 1.18835
595 0.268292 -0.0452768 1.18835
595 -0.560028 0.181592 7.47154
595 -0.387261 -0.407042 1.18835
595 0.138442 0.860589 1.18835
595 0.724497 -0.208666 1.18835
595 -0.157946 0.863558 1.18835
595 -0.831145 0.0871165 1.18835
595 0.0745233 0.214343 7.47154
595 0.81805 0.274789 1.18835
595 -0.581994 -0.0595724 1.18835
595 -0.84185 0.319173 1.18835
595 -0.479074 -0.047716 1.18835
595 0.0995969 -0.836425 1.18835
595 0.768709 0.607475 1.18835
595 -0.0366652 -0.0996061 1.18835
595 -0.21244 0.841974 7.47154
595 0.182962 0.358686 1.18835
595 -0.103377 0.277855 1.18835
595 -0.27256 0.527312 1.18835
595 -0.581639 0.850395 1.18835
595 -0.277289 -0.490751 7.47154
595 0.67152 -0.102243 7.47154
595 0.532859 -0.133897 1.18835
595 -0.578067 -0.675191 1.18835
595 -0.260854 -0.918247 7.47154
595 -0.275981 -0.858945 1.18835
595 -0.0641754 0.0302362 1.18835
595 -0.492249 -0.878917 1.18835
595 0.0834397 0.828294 1.18835
595 0.837379 -0.483597 7.47154
595 0.371966 0.0994049 7.47154
595 0.181667 -0.941385 1.18835
595 0.611015 0.839233 7.47154
595 -0.0255421 -0.798058 1.18835
595 -0.0768082 0.119527 1.18835
595 -0.861491 0.268 7.47154
595 0.617798 -0.233662 1.18835
595 -0.222557 0.780351 1.18835
595 -0.0667292 0.245841 7.47154
595 0.576347 0.177689 1.18835
595 0.627869 -0.0734407 7.47154
595 0.416319 -0.56908 1.18835
595 -0.25245 -0.0262509 7.47154
595 0.71487 -0.127586 1.18835
595 -0.422502 0.410605 1.18835
595 0.14126 0.387509 7.47154
595 0.180947 0.962213 1.18835
595 0.552629 -0.369111 1.18835
595 -0.581153 -0.459228 7.47154
595 -0.0519411 -0.421572 1.18835
595 -0.497234 0.56469 1.18835
595 0.97023 0.11291 1.18835
595 0.560162 0.361794 1.18835
595 0.588309 0.0414951 1.18835
595 0.897341 0.19134 1.18835
595 0.48171 -0.449048 1.18835
595 0.58424 0.515204 7.47154
595 -0.0462347 0.0837629 1.18835
595 0.418509 0.407629 7.47154
595 0.393479 -0.77255 1.18835
595 -0.461709 -0.138118 7.47154
595 -0.757114 -0.219087 1.18835
595 -0.162757 -0.581251 7.47154
595 -0.832993 0.485914 1.18835
595 -0.382003 -0.0197202 1.18835
595 0.104711 0.0768191 1.18835
595 -0.0405541 -0.903648 1.18835
595 0.306111 0.265786 1.18835
595 -0.257724 0.386792 1.18835
595 0.602868 -0.81997 7.47154
595 -0.0941638 0.0674601 1.18835
595 0.359671 -0.553332 7.47154
595 0.481336 0.189915 1.18835
595 0.736189 0.221965 1.18835
595 -0.24426 -0.165745 1.18835
595 -0.758901 -0.374505 1.18835
595 0.672237 -0.220071 7.47154
595 0.182288 -0.0823028 1.18835
595 0.156601 -0.302754 1.18835
595 -0.324908 0.685146 1.18835
595 0.749814 -0.310092 1.18835
595 0.510367 0.108601 1.18835
595 -0.30801 -0.960779 1.18835
595 0.164631 0.605247 1.18835
595 -0.0105742 -0.391451 1.18835
595 -0.437899 0.554258 1.18835
595 -0.658803 0.383824 1.18835
595 0.171808 -0.347666 1.18835
595 -0.709961 0.392592 7.47154
595 0.660756 0.800545 7.47154
595 -0.47846 0.23036 1.18835
595 -0.572797 0.785074 1.18835
595 0.200477 -0.743723 1.18835
595 -0.414284 -0.455355 7.47154
595 0.37551 0.441485 1.18835
595 -0.12212 0.232838 1.18835
595 0.146082 0.0496667 1.18835
595 0.549925 0.0766087 7.47154
595 -0.945564 0.19765 7.47154
595 0.546991 -0.793862 1.18835
595 -0.30062 -0.0421077 1.18835
595 -0.0229344 0.504997 7.47154
595 0.349941 -0.0601733 7.47154
595 -0.520482 -0.285629 7.47154
595 0.872427 0.453296 7.47154
595 0.584884 -0.622641 1.18835
595 0.592301 -0.333125 1.18835
595 -0.468505 -0.551163 7.47154
595 1.03042 -0.0482499 1.18835
595 0.018122 -0.268779 1.18835
595 -0.285584 0.0103787 1.18835
595 0.84653 -0.177753 1.18835
595 0.236428 0.433397 1.18835
595 -0.202646 -0.351193 1.18835
595 0.643586 -0.716383 7.47154
595 -0.276638 -0.312867 1.18835
595 0.262755 -0.574054 7.47154
595 0.315084 0.675416 1.18835
595 0.246786 -0.715069 7.47154
595 -0.496143 -0.0982018 1.18835
595 0.468628 0.426729 1.18835
595 -0.725836 0.288167 7.47154
595 -0.0308275 -0.524296 7.47154
595 0.547292 -0.857829 7.47154
595 0.225219 -0.987159 7.47154
595 -0.715117 -0.0133492 1.18835
595 -0.108935 0.61694 1.18835
595 -0.37013 0.786008 1.18835
595 -0.00799361 -0.697619 7.47154
595 -0.0742889 -0.326464 1.18835
595 0.404469 -0.327623 1.18835
595 -0.33436 -0.842263 1.18835
595 -0.108049 0.1551 1.18835
595 1.02944 0.0856361 1.18835
595 0.1066 -0.177736 1.18835
595 -0.0662112 0.809146 7.47154
595 -0.392982 -0.812724 7.47154
595 -0.429922 -0.034493 1.18835
595 0.0751885 0.665105 1.18835
595 0.52986 -0.60604 7.47154
595 0.386526 -0.142614 1.18835
595 0.0559674 -0.0542056 1.18835
595 0.462539 -0.251993 1.18835
595 -0.579421 0.627721 1.18835
595 -0.308857 0.389677 1.18835
595 0.256685 0.596521 1.18835
595 0.435985 -0.123315 1.18835
595 0.358715 -0.949989 1.18835
595 -0.271522 0.0615572 7.47154
595 -0.350252 0.970928 1.18835
595 0.242858 0.486989 1.18835
595 0.523342 0.158398 7.47154
595 -0.0976209 -0.738592 7.47154
595 -0.30247 -0.229476 1.18835
595 0.947489 0.229459 1.18835
595 0.485705 -0.642704 1.18835
595 -0.167401 1.02025 1.18835
595 0.670964 0.635849 1.18835
595 0.671595 0.470007 7.47154
595 -0.395837 -0.0733801 1.18835
595 -0.526096 0.825498 7.47154
595 0.0688123 0.556137 1.18835
595 0.957603 0.391579 7.47154
595 -0.728705 -0.323361 7.47154
595 0.388225 0.202727 7.47154
595 0.309006 -0.913409 1.18835
595 0.537944 0.0227692 7.47154
595 0.514199 0.393413 1.18835
595 -0.0406872 -0.472067 7.47154
595 -0.380035 -0.692896 1.18835
595 0.138655 -0.433746 1.18835
595 -0.687759 0.334247 1.18835
595 0.553074 0.310318 1.18835
595 -0.52009 0.614602 1.18835
595 -0.203495 0.388709 1.18835
595 0.383237 0.81749 1.18835
595 -0.126237 -0.0880277 1.18835
595 0.65225 -0.480798 1.18835
595 -0.190154 0.56151 1.18835
595 0.224395 0.328393 1.18835
595 0.589387 0.228227 7.47154
595 -0.196335 -0.77396 7.47154
595 -0.210022 0.262347 1.18835
595 0.675651 -0.0462366 1.18835
595 0.811396 0.111612 1.18835
595 0.203048 0.173578 7.47154
595 -0.0259163 0.395508 1.18835
595 0.125615 0.690959 1.18835
595 -0.0675174 0.699113 7.47154
595 0.0796458 -0.365396 1.18835
595 0.459744 0.0880352 1.18835
595 -0.465986 0.920384 1.18835
595 -0.762028 0.683557 1.18835
595 0.597582 0.280067 1.18835
595 -0.160931 0.645288 7.47154
595 0.411425 -0.275781 1.18835
595 -0.599705 -0.809151 7.47154
595 -0.390647 0.117249 1.18835
595 -0.396296 0.265343 1.18835
595 -0.502194 0.370433 1.18835
595 -0.909672 -0.0770653 1.18835
595 -0.091837 -0.452183 7.47154
595 0.00406576 0.309039 1.18835
595 0.587616 -0.69155 1.18835
595 0.194874 0.464561 7.47154
595 0.0683827 -0.312523 1.18835
595 0.707797 0.758746 7.47154
595 -0.959094 -0.0511906 1.18835
595 0.763537 0.43768 1.18835
595 -0.836908 0.380866 1.18835
595 -0.659178 0.705095 1.18835
595 -0.471547 0.800817 7.47154
595 -0.081365 -0.79153 7.47154
595 0.493313 -0.829853 7.47154
595 0.12075 0.635847 1.18835
595 -0.343891 0.270517 1.18835
595 0.573925 -0.419619 1.18835
595 0.0823753 0.261 7.47154
595 -0.278779 0.341363 1.18835
595 0.141412 -0.000496798 1.18835
595 -0.894904 0.0966832 1.18835
595 0.613127 -0.380794 7.47154
595 -0.408148 0.0673889 1.18835
595 -0.166072 -0.233162 1.18835
595 -0.368027 0.405277 1.18835
595 0.130232 -0.3812 7.47154
595 -0.817819 -0.216034 7.47154
595 -0.0672866 0.533129 1.18835
595 -0.643567 -0.215023 1.18835
595 -0.362465 -0.111839 1.18835
595 0.238272 0.0924579 1.18835
595 0.29893 0.563426 7.47154
595 -0.546253 -0.845088 1.18835
595 -0.221657 -0.396854 7.47154
595 -0.907078 -0.306356 7.47154
595 -0.310009 0.865813 1.18835
595 0.533758 -0.030505 1.18835
595 0.752006 0.714558 7.47154
595 -0.346067 0.359965 7.47154
595 -0.118362 -0.357478 1.18835
595 0.134789 0.803369 1.18835
595 0.558501 -0.261473 1.18835
595 -0.48505 -0.699736 1.18835
595 0.249654 0.541421 7.47154
595 -0.211749 -0.253787 1.18835
595 -0.44466 -0.0873733 1.18835
595 0.0248945 0.13272 1.18835
595 -0.706398 0.446254 7.47154
595 0.583211 -0.00796306 7.47154
595 0.63724 0.0414746 7.47154
595 -0.109772 0.0136154 1.18835
595 0.823805 0.39859 1.18835
595 0.0200404 -0.31426 1.18835
595 0.410981 0.659944 1.18835
595 -0.4976 -0.503273 1.18835
595 -0.131116 0.910568 7.47154
595 0.920371 0.0786226 1.18835
595 0.291265 -0.74788 1.18835
595 0.044792 -0.711216 1.18835
595 -0.555183 0.471546 1.18835
595 0.051109 -0.456601 7.47154
595 -0.809484 0.432804 7.47154
595 -0.821312 -0.372348 1.18835
595 -0.173901 -0.679629 7.47154
595 0.499172 0.0560382 1.18835
595 0.810964 -0.282993 7.47154
595 0.367123 0.697773 7.47154
595 -0.424719 0.314199 1.18835
595 0.750333 -0.163437 1.18835
595 0.362599 0.336519 1.18835
595 0.382855 0.495486 1.18835
595 0.721728 -0.369074 1.18835
595 0.868658 0.299558 1.18835
595 0.236808 0.865711 1.18835
595 0.583511 -0.110151 7.47154
595 -0.319674 0.0471078 1.18835
595 -0.255702 0.620424 1.18835
595 0.134432 -0.681929 1.18835
595 0.0839955 0.882076 1.18835
595 -0.59973 0.683961 7.47154
595 0.397212 0.253301 1.18835
595 -0.217298 0.517574 1.18835
595 0.654926 0.105377 1.18835
595 -0.953718 0.358564 7.47154
595 -0.258486 0.245517 1.18835
595 0.804608 0.329029 7.47154
595 -0.69921 -0.2177 1.18835
595 0.504074 0.909731 7.47154
595 -0.532913 0.229697 1.18835
595 -0.022803 0.843273 7.47154
595 -0.0378338 1.03447 7.47154
595 0.490489 0.00123227 7.47154
595 -0.902576 0.481511 1.18835
595 -0.741113 -0.684165 7.47154
595 0.793512 0.667817 1.18835
595 0.373675 -0.604387 1.18835
595 0.455266 0.624461 7.47154
595 -0.476397 0.416411 7.47154
595 -0.115947 0.831672 1.18835
595 0.187598 0.0208617 1.18835
595 -0.333852 -0.00479401 1.18835
595 -0.361459 -0.359621 1.18835
595 0.177356 0.30654 1.18835
595 -0.585099 -0.361211 7.47154
595 0.267602 -0.385788 7.47154
595 0.335384 0.983978 1.18835
595 0.215788 1.01046 1.18835
595 -0.958883 0.073521 7.47154
595 -0.0298805 -0.296473 1.18835
595 -0.0330297 0.341821 7.47154
595 -0.229466 -0.670608 7.47154
595 -0.0114043 -0.958797 7.47154
595 0.188397 -0.69203 7.47154
595 0.684296 0.0649377 1.18835
595 -0.19039 0.310472 1.18835
595 -0.607449 0.379211 7.47154
595 -0.61199 0.477566 7.47154
595 0.630156 -0.653521 1.18835
595 0.0395234 0.276385 7.47154
595 -0.618939 0.587083 7.47154
595 -1.00999 -0.0910725 7.47154
595 0.635721 0.511899 1.18835
595 0.282899 -0.231882 1.18835
595 -0.666895 0.184743 1.18835
595 -0.169746 0.697674 1.18835
595 0.360559 -0.356383 1.18835
595 -0.44158 -0.410193 7.47154
595 -0.446753 0.267309 1.18835
595 -0.204201 0.61504 7.47154
595 0.284048 0.826654 7.47154
595 0.815879 0.0519362 1.18835
595 -0.5314 0.421833 1.18835
595 0.452943 -0.351496 1.18835
595 0.194772 -0.273255 1.18835
595 -0.479792 0.655106 1.18835
595 0.274282 0.00777994 1.18835
595 -0.348241 -0.0578526 7.47154
595 0.429466 -0.173318 1.18835
595 0.0813838 0.774508 1.18835
595 -0.987585 -0.227729 1.18835
595 -0.248281 -0.623611 1.18835
595 0.62828 -0.183652 1.18835
595 0.0906948 -1.00777 1.18835
595 -0.443899 0.10172 1.18835
595 -0.0831911 -0.120199 1.18835
595 0.515931 -0.551613 1.18835
595 -0.125265 0.103773 1.18835
595 0.933602 0.287087 1.18835
595 0.58071 -0.0581899 1.18835
595 -0.714497 0.0863666 1.18835
595 0.491101 0.240241 1.18835
595 0.135882 0.33531 1.18835
595 0.73048 0.653118 7.47154
595 -0.672368 -0.319396 1.18835
595 0.31665 -0.587596 1.18835
595 0.0225252 -1.01065 7.47154
595 0.55892 0.875217 1.18835
595 -0.946129 -0.355773 1.18835
595 -0.607136 -0.628079 1.18835
595 -0.355983 0.0825283 1.18835
595 -0.383696 -0.875277 7.47154
595 -0.0250743 0.449446 1.18835
595 -0.165988 -0.0513266 1.18835
595 -0.376721 -0.165842 1.18835
595 0.287101 0.886433 1.18835
595 0.121024 -0.787032 7.47154
595 -0.410683 -0.126647 1.18835
595 -0.66197 -0.012916 1.18835
595 0.978007 0.0511928 1.18835
595 -0.512269 -0.00471348 1.18835
595 0.198346 -0.171634 7.47154
595 -0.110879 0.504768 7.47154
595 0.400797 -0.51736 7.47154
595 -0.218308 -0.0618815 7.47154
595 -0.213214 -0.721736 7.47154
595 0.0126658 0.364402 7.47154
595 -0.139847 0.31243 1.18835
595 0.725793 0.485933 1.18835
595 0.284626 0.454669 7.47154
595 -0.855996 -0.422076 1.18835
595 0.332859 -0.452787 1.18835
595 -0.155762 -0.00088352 7.47154
595 -0.128071 -0.48919 1.18835
595 -0.327397 -0.690036 7.47154
595 -0.277223 0.196124 1.18835
595 -0.110762 0.448683 1.18835
595 0.123378 -0.628789 1.18835
595 -0.0462809 -1.0095 1.18835
595 -0.859743 -0.107544 1.18835
595 0.152909 0.0998114 1.18835
595 -0.454066 0.188386 1.18835
595 -0.0545181 0.164352 1.18835
595 0.0792044 0.719836 1.18835
595 0.670248 -0.61479 1.18835
595 -0.811305 0.245856 1.18835
595 0.289022 -0.180289 7.47154
595 0.765589 -0.251887 1.18835
595 0.250712 0.194233 1.18835
595 0.924223 -0.0409391 1.18835
595 -0.0797856 -0.0713304 1.18835
595 0.0484301 0.332253 1.18835
595 0.329318 -0.638884 7.47154
595 0.0481798 0.984263 7.47154
595 -0.892252 0.367867 1.18835
595 0.869143 -0.538355 1.18835
595 0.118995 -0.95241 7.47154
595 0.712997 0.109808 7.47154
595 0.689615 0.69662 1.18835
595 0.349104 0.584974 1.18835
595 -0.0177249 0.782731 7.47154
595 -0.358025 0.492637 1.18835
595 0.291053 -0.48618 7.47154
595 0.448141 0.272002 1.18835
595 -0.438587 -0.597842 7.47154
595 0.780436 0.501701 1.18835
595 -0.0223346 0.124526 7.47154
595 -0.53577 -0.19688 1.18835
595 -0.280518 -0.130152 1.18835
595 0.6432 0.246359 1.18835
595 -0.267159 0.670868 1.18835
595 -0.828535 -0.00672005 7.47154
595 0.536868 -0.458698 1.18835
595 0.856176 -0.325833 1.18835
595 -0.617468 -0.315347 1.18835
595 0.534219 0.209107 1.18835
595 0.162287 0.202505 1.18835
595 0.201421 -0.885018 1.18835
595 -0.634249 0.329139 1.18835
595 -0.882458 -0.20351 1.18835
595 1.03252 0.0189079 1.18835
595 0.279129 0.0602103 1.18835
595 0.606486 0.333976 1.18835
595 0.123381 0.232082 7.47154
595 0.614849 0.621534 7.47154
595 0.457912 -0.534356 7.47154
595 -0.760586 -0.472833 1.18835
595 0.0548634 -0.105489 1.18835
595 -0.0809968 -0.505473 7.47154
595 0.0140015 0.0843247 1.18835
595 -0.293843 0.14761 1.18835
595 -0.343489 -0.204591 1.18835
595 -0.00782046 -0.853333 1.18835
595 -0.699542 0.663941 7.47154
595 -0.761984 0.464283 1.18835
595 -0.720659 0.72756 7.47154
595 0.149426 -0.250393 1.18835
595 0.584901 0.718484 7.47154
595 0.963939 -0.137536 1.18835
595 -0.344732 0.13631 7.47154
595 -0.0820376 0.3218 1.18835
595 0.0652134 0.501343 1.18835
595 -0.321127 0.319159 1.18835
595 -0.548563 -0.105936 7.47154
595 0.451332 0.0343395 1.18835
595 0.632549 -0.429858 1.18835
595 -0.118931 -0.689434 1.18835
595 -0.20801 0.123702 1.18835
595 0.0246029 0.585831 1.18835
595 -0.53026 0.134485 1.18835
595 -0.202794 -0.013854 7.47154
595 0.503675 -0.287152 1.18835
595 -1.00123 -0.159484 7.47154
595 -0.413237 0.880329 1.18835
595 -0.408563 0.945995 1.18835
595 -0.555091 -0.407219 7.47154
595 -0.410567 -0.266938 1.18835
595 -0.487193 -0.755425 1.18835
595 -0.530484 -0.0559791 1.18835
595 -0.498689 -0.235344 1.18835
595 -0.413229 0.503298 1.18835
595 -0.920085 -0.416817 1.18835
595 -0.221118 -0.30507 7.47154
595 -0.12372 -0.256937 7.47154
595 0.0954033 -0.724804 1.18835
595 0.0126119 -0.753153 1.18835
595 -0.0727951 0.374013 1.18835
595 -0.785327 0.574474 1.18835
595 0.0548223 -0.957011 1.18835
595 0.419777 0.119799 1.18835
595 -0.678586 -0.670783 1.18835
595 -0.222554 0.0741705 1.18835
595 -0.326129 0.535622 1.18835
595 0.722531 -0.0709484 1.18835
595 -0.432297 -0.711793 1.18835
595 0.493372 -0.701898 1.18835
595 0.631355 -0.13291 1.18835
595 -0.150175 -0.128305 1.18835
595 -0.78706 -0.323954 1.18835
595 0.544647 0.259051 1.18835
595 -0.104639 1.03101 1.18835
595 0.147538 0.441023 1.18835
595 -0.214865 0.668868 1.18835
595 -0.38197 -0.745673 1.18835
595 0.0994069 -0.0271156 1.18835
595 0.934288 0.450068 1.18835
595 -0.195015 -0.4363 1.18835
595 0.100776 -0.130762 7.47154
595 0.0311607 -0.359249 1.18835
595 0.176182 0.717065 7.47154
595 0.389227 0.955972 1.18835
595 -0.119897 0.776123 7.47154
595 -0.475151 0.3185 1.18835
595 -0.368811 0.0323623 1.18835
595 -0.0755243 -0.953507 7.47154
595 0.904259 0.509193 7.47154
595 0.973572 -0.0765387 1.18835
595 0.645959 0.738554 1.18835
595 0.533815 -0.0833496 1.18835
595 0.159027 -0.999788 1.18835
595 0.0206005 0.0244874 1.18835
595 -0.758069 -0.574574 7.47154
595 0.365401 0.0466285 1.18835
595 0.485844 0.535695 1.18835
595 -0.0581266 -0.606532 7.47154
595 -0.293643 0.579249 7.47154
595 0.313956 -0.30955 1.18835
595 0.728193 0.0406488 1.18835
595 0.0106796 -0.0772146 1.18835
595 -0.665246 -0.517774 7.47154
595 0.139798 -0.894164 7.47154
595 0.183516 -0.0295793 1.18835
595 -0.416232 0.218225 1.18835
595 -0.770722 0.0887351 1.18835
595 -0.311842 -0.274696 7.47154
595 -0.591151 -0.208428 1.18835
595 -0.0657314 -0.374617 1.18835
595 0.605244 -0.283204 1.18835
595 0.687725 -0.427284 1.18835
595 -0.0652188 0.981857 7.47154
595 -0.870717 0.431566 1.18835
595 -0.33405 0.440834 1.18835
595 -0.118468 0.355801 1.18835
595 -0.96847 -0.292887 1.18835
595 -0.617269 0.745478 1.18835
595 -0.740119 0.0374659 1.18835
595 0.456049 0.322709 1.18835
595 -0.526377 -0.455206 1.18835
595 -0.552393 -0.507798 1.18835
595 0.0199494 -0.603991 7.47154
595 -0.858134 0.038755 7.47154
595 0.525832 -0.184185 1.18835
595 0.478043 0.733484 1.18835
595 0.499222 -0.49963 1.18835
595 -0.174945 -0.484283 7.47154
595 -0.740365 0.621716 7.47154
595 0.628754 -0.579748 7.47154
595 -0.249306 -0.443 1.18835
595 -0.00658727 0.174566 1.18835
595 -0.990528 0.238737 7.47154
595 0.565292 0.126203 1.18835
595 -0.355923 -0.546882 7.47154
595 -0.272726 -0.698784 7.47154
595 -0.522214 0.51929 7.47154
595 0.599297 0.777004 1.18835
595 -0.315125 -0.0954156 1.18835
595 0.224266 -0.0632898 1.18835
595 0.572586 -0.566209 1.18835
595 0.263979 0.652388 1.18835
595 -0.728051 -0.520766 1.18835
595 0.116222 0.580942 7.47154
595 -0.459505 0.604457 1.18835
595 0.39713 -0.0404834 7.47154
595 -0.63531 0.133608 1.18835
595 -0.22506 0.723308 7.47154
595 -0.0230693 -0.644 7.47154
595 -0.29564 -0.643538 7.47154
595 0.670514 -0.534206 1.18835
595 0.769998 0.382313 1.18835
595 0.230416 0.380636 1.18835
595 0.555865 -0.511819 1.18835
595 -0.188569 0.0371318 7.47154
595 0.203459 -0.123132 7.47154
595 -0.518967 0.0435421 1.18835
595 -0.401572 0.594714 1.18835
595 0.803885 -0.14199 1.18835
595 0.708729 0.592397 1.18835
595 0.815796 -0.0782972 1.18835
595 0.187557 -0.452051 1.18835
595 -0.289108 -0.799614 1.18835
595 0.170671 0.254111 7.47154
595 -0.841311 -0.164031 7.47154
595 -0.784138 -0.633763 7.47154
595 0.766327 -0.103212 1.18835
595 0.303704 -0.536788 1.18835
595 -0.192476 0.173033 1.18835
595 0.371317 -0.4128 1.18835
595 -0.553032 -0.247124 7.47154
595 -0.301386 0.927779 7.47154
595 0.233601 -0.66096 1.18835
595 0.337622 0.853212 7.47154
595 -0.515232 -0.147869 7.47154
595 0.488912 0.789459 1.18835
595 0.0699727 -0.772302 1.18835
595 -0.449038 0.75158 1.18835
595 0.653638 0.573949 1.18835
595 -0.659672 -0.618256 7.47154
595 -0.673775 -0.167063 7.47154
595 -0.444187 -0.226413 1.18835
595 0.618121 0.143721 1.18835
595 0.233889 0.0404598 1.18835
595 -0.0185846 0.670954 1.18835
595 0.187413 0.833782 7.47154
595 0.0292735 0.696227 1.18835
595 0.0557668 0.390037 1.18835
595 0.0101588 -0.491424 7.47154
595 0.980152 0.332402 1.18835
595 -0.0702653 0.422388 1.18835
595 0.697626 -0.319673 1.18835
595 -0.206331 -0.201305 7.47154
595 0.731853 -0.631315 1.18835
595 -0.753945 -0.116197 1.18835
595 0.62137 0.449925 7.47154
595 0.93756 -0.257841 1.18835
595 -0.599809 -0.263998 7.47154
595 0.661016 0.410135 7.47154
595 0.323262 0.732934 7.47154
595 0.498929 0.589638 1.18835
595 -0.199525 0.470965 1.18835
595 -0.866737 -0.258751 1.18835
595 0.500071 0.847103 1.18835
595 0.130779 0.28352 7.47154
595 -0.409321 -0.648015 7.47154
595 -0.785589 0.294562 7.47154
595 0.306817 0.619017 1.18835
595 -0.480161 -0.18702 1.18835
595 0.711806 0.427041 1.18835
595 -0.179013 -0.992626 7.47154
595 -0.423951 0.151818 7.47154
595 0.115097 -0.57666 7.47154
595 -0.114777 0.671022 1.18835
595 0.761522 0.131395 1.18835
595 -0.437584 0.696255 7.47154
595 0.120081 0.98058 1.18835
595 0.51259 0.64334 1.18835
595 0.500323 0.290535 1.18835
595 -0.322361 -0.901019 1.18835
595 -0.24356 0.94698 1.18835
595 0.325284 0.0794768 1.18835
595 0.658607 0.354309 7.47154
595 0.0886926 0.309873 7.47154
595 0.370377 -0.246399 7.47154
595 -0.88257 0.215262 1.18835
595 0.298482 0.214565 1.18835
595 -0.82522 -0.474906 1.18835
595 0.0291579 -0.656038 1.18835
595 -0.197554 0.903568 1.18835
595 -0.847197 -0.317312 1.18835
595 -0.0746839 0.926818 1.18835
595 0.571081 0.661689 1.18835
595 0.0979964 -0.079912 1.18835
595 -0.0262167 -0.00176325 7.47154
595 -0.822226 -0.582311 1.18835
595 0.196939 0.123492 1.18835
595 -0.931277 0.419365 1.18835
595 0.771744 -0.480303 7.47154
595 0.804815 -0.432785 1.18835
595 0.159107 0.550227 1.18835
595 -0.558183 0.723382 1.18835
595 -0.730059 0.562061 7.47154
595 0.446905 0.881442 1.18835
595 0.771829 -0.383648 1.18835
595 -0.0728742 -0.176723 1.18835
595 0.157339 -0.538728 1.18835
595 -0.258031 0.110988 1.18835
595 0.209588 -0.556253 1.18835
595 -0.471908 -0.453306 7.47154
595 0.268534 -0.285744 1.18835
595 -0.364325 0.222817 1.18835
595 -0.264828 0.826137 1.18835
595 0.70073 0.315246 1.18835
595 0.10847 -0.28175 1.18835
595 0.420748 0.71497 1.18835
595 -0.119487 -0.0380879 1.18835
595 0.233387 0.936651 1.18835
595 0.473398 -0.587114 1.18835
595 -0.445175 0.460483 7.47154
595 0.00988648 -0.125558 1.18835
595 0.751494 0.329921 1.18835
595 0.355282 0.285196 1.18835
595 -0.607666 -0.512471 1.18835
595 -0.0860584 -0.647063 1.18835
595 -0.574382 0.524741 7.47154
595 0.21022 0.224317 1.18835
595 0.0841276 -0.901796 1.18835
595 0.462775 0.374284 7.47154
595 0.178311 -0.399326 1.18835
595 -0.553824 -0.610939 1.18835
595 0.373762 -0.890796 1.18835
595 0.262211 -0.334202 1.18835
595 -0.318713 0.80411 1.18835
595 0.220341 -0.830984 1.18835
595 0.438294 0.825783 7.47154
595 0.404823 0.0132696 1.18835
595 0.770233 -0.582899 1.18835
595 -0.329569 0.18461 7.47154
595 -0.434619 -0.773761 1.18835
595 0.220508 0.685329 1.18835
595 0.207447 0.573677 1.18835
595 0.456222 -0.303306 1.18835
595 -0.137736 -0.784125 1.18835
595 -0.551683 0.0859757 1.18835
595 1.02382 -0.114065 1.18835
595 -0.158575 0.26775 1.18835
595 0.310981 -0.356013 7.47154
595 -0.12558 0.969542 1.18835
595 -0.637994 -0.464729 7.47154
595 -0.740547 0.341823 1.18835
595 -0.172017 -0.285175 1.18835
595 -0.426725 -0.177647 1.18835
595 0.0187382 -0.221626 1.18835
595 -0.313722 -0.740461 1.18835
595 -0.167379 0.35921 1.18835
595 0.84195 0.510734 1.18835
595 0.659769 -0.273541 7.47154
595 -0.581212 0.32677 7.47154
595 0.425136 0.461045 1.18835
595 -0.0286925 -0.198754 7.47154
595 -0.141812 0.188188 7.47154
595 0.0651148 -0.564303 1.18835
595 0.291465 -0.971464 1.18835
595 0.142432 -0.10609 1.18835
595 -0.586587 0.22984 1.18835
595 0.787184 0.229183 1.18835
595 -0.119934 0.723422 1.18835
595 0.433462 0.515584 1.18835
595 -0.0209426 -0.576013 1.18835
595 0.379183 -0.193375 1.18835
595 -0.114194 -0.155673 1.18835
595 0.313582 0.317177 7.47154
595 0.0259402 0.921811 1.18835
595 0.8218 -0.0136666 7.47154
595 -0.302621 -0.538295 1.18835
595 -0.183688 -0.0959211 1.18835
595 0.291262 0.163195 7.47154
595 0.727539 0.170399 1.18835
595 -0.0107154 0.258328 1.18835
595 -0.693252 -0.729577 1.18835
595 0.343806 0.915603 1.18835
595 0.294814 -0.130056 1.18835
595 0.629819 0.679373 1.18835
