760 0.348731 0.234093 7.47154
760 -0.0752494 -0.227527 1.18835
760 0.39062 -0.0919315 1.18835
760 -0.242114 0.160265 1.18835
760 0.242505 -0.77637 7.47154
760 -1.01518 -0.0252536 1.18835
760 -0.465071 0.0071138 7.47154
760 -0.32854 -0.148666 1.18835
760 0.189121 0.408848 1.18835
760 0.556698 0.607625 7.47154
760 0.15436 0.493509 1.18835
760 -0.15729 0.482441 1.18835
760 0.834893 -0.38235 7.47154
760 -0.0997101 -0.896118 7.47154
760 0.110804 0.130326 1.18835
760 -0.802028 0.633651 1.18835
760 -0.912249 0.0400887 7.47154
760 -0.334717 0.741631 7.47154
760 -0.883087 -0.365164 1.18835
760 0.6129 -0.525365 7.47154
760 -1.01424 0.0412824 7.47154
760 0.156262 -0.84165 1.18835
760 0.869516 -0.432148 1.18835
760 -0.668219 -0.418685 7.47154
760 0.0199415 -0.544915 1.18835
760 1.02183 0.148102 1.18835
760 0.886565 0.246697 7.47154
760 0.335897 -0.160334 7.47154
760 0.0193513 0.475023 7.47154
760 1.0132 -0.179553 7.47154
760 0.0297851 0.237114 1.18835
760 0.288923 0.94359 1.18835
760 -0.32511 -0.592959 7.47154
760 -0.274377 -0.579771 1.18835
760 -0.755318 0.239232 1.18835
760 0.874591 -0.273261 1.18835
760 0.400271 0.605548 1.18835
760 -0.366655 0.642093 1.18835
760 0.864135 0.101712 1.18835
760 -0.333726 -0.402431 1.18835
760 0.028174 0.807532 1.18835
760 0.0272348 0.863398 1.18835
760 0.116605 0.181195 7.47154
760 -0.308 0.484416 1.18835
760 -0.0772739 -0.276305 1.18835
760 0.599758 0.567404 1.18835
760 0.333408 -0.797246 7.47154
760 0.438206 -0.0719943 1.18835
760 -0.390935 -0.217009 1.18835
760 -0.972658 0.299739 1.18835
760 -0.955531 -0.119294 1.18835
760 0.577376 -0.162826 1.18835
760 -0.560728 0.57547 1.18835
760 0.958702 -0.366202 1.18835
760 0.0294747 0.190695 1.18835
760 -0.19131 -0.626173 7.47154
760 -0.599463 -0.110521 7.47154
760 0.0611456 0.445429 1.18835
760 0.244811 -0.928286 1.18835
760 -0.121744 -0.30483 1.18835
760 0.712077 0.374614 1.18835
760 0.683039 0.2096 1.18835
760 0.757154 0.279145 1.18835
760 -0.630781 -0.695724 1.18835
760 -0.908577 0.312765 7.47154
760 -0.960709 0.00702705 1.18835
760 -0.646915 -0.267034 1.18835
760 0.214223 0.628184 1.18835
760 0.725887 -0.0200768 7.47154
760 0.545522 -0.314105 1.18835
760 -0.17411 0.74939 7.47154
760 -0.594254 -0.741804 7.47154
760 0.677862 -0.16698 1.18835
760 0.369097 0.388502 7.47154
760 0.4316 0.170956 1.18835
760 -0.223662 0.345845 1.18835
760 0.805984 0.559677 1.18835
760 -0.120313 -0.839116 1.18835
760 -0.523506 -0.55786 1.18835
760 -0.742016 0.136989 7.47154
760 0.740522 -0.431637 1.18835
760 -0.648635 -0.767027 1.18835
760 0.832929 0.618009 1.18835
760 -0.569102 -0.156402 1.18835
760 -0.364375 0.846566 1.18835
760 0.234941 -0.251759 1.18835
760 0.832207 -0.592263 1.18835
760 0.419017 -0.223651 1.18835
760 0.221326 -0.606895 1.18835
760 -0.382403 0.545112 1.18835
760 0.023375 0.529372 7.47154
760 0.216132 -0.313702 1.18835
760 -0.926204 -0.24703 1.18835
760 0.541337 -0.729752 1.18835
760 0.0703699 0.159813 1.18835
760 0.387438 -0.464568 7.47154
760 -0.215821 -0.575314 1.18835
760 -0.243047 -0.97866 1.18835
760 0.273468 1.00045 1.18835
760 0.170738 0.659742 1.18835
760 -0.360263 -0.450284 1.18835
760 -0.493085 -0.322648 7.47154
760 -0.460182 -0.65175 1.18835
760 -0.265761 -0.0774084 1.18835
760 0.338237 -0.69179 1.18835
760 -0.610289 -0.413646 1.18835
760 -0.130286 -0.539226 1.18835
760 -0.658901 0.0845324 1.18835
760 0.263048 -0.87093 1.18835
760 -0.252429 -0.216496 1.18835
760 -0.777165 0.188658 1.18835
760 -0.244865 -0.533132 1.18835
760 0.749279 -0.692866 7.47154
760 -0.416734 0.814377 1.18835
760 0.278243 0.400094 7.47154
760 0.107512 0.469565 1.18835
760 0.688897 0.531128 1.18835
760 -0.399768 0.36028 1.18835
760 0.444429 -0.0191601 7.47154
760 -0.0811592 0.201309 1.18835
760 -0.35001 0.589393 7.47154
760 0.100555 0.0284925 7.47154
760 -0.175769 0.221736 1.18835
760 0.0206155 -0.907964 7.47154
760 0.0326224 -0.806345 7.47154
760 -0.225488 0.209675 1.18835
760 0.550148 0.812971 1.18835
760 0.413893 0.0676043 1.18835
760 -0.165403 -0.38821 7.47154
760 0.390153 0.881726 1.18835
760 -0.670162 0.282196 1.18835
760 -0.231291 -0.112684 1.18835
760 -0.498758 0.465928 7.47154
760 -0.529912 0.323409 1.18835
760 -0.307318 0.0992888 1.18835
760 0.475444 0.481481 7.47154
760 0.0238888 1.03566 7.47154
760 0.322972 -0.40206 1.18835
760 0.107779 -0.523504 1.18835
760 0.831527 -0.233669 1.18835
760 0.300977 -0.0804093 7.47154
760 -0.66345 0.489158 7.47154
760 -0.4943 -0.6055 1.18835
760 0.347346 -0.501932 7.47154
760 0.0614742 -0.000365912 7.47154
760 0.92582 0.0198476 1.18835
760 0.612407 0.389972 7.47154
760 -0.834488 0.186614 1.18835
760 0.340655 0.529569 7.47154
760 -0.686023 -0.0648436 7.47154
760 0.0608408 -0.204617 1.18835
760 0.444723 -0.738804 7.47154
760 -0.305604 -0.446095 1.18835
760 0.792285 0.176195 1.18835
760 0.507792 0.34236 7.47154
760 0.846553 0.157573 1.18835
760 -0.38613 -0.50065 7.47154
760 0.18028 0.773961 1.18835
760 -0.399435 0.745391 1.18835
760 -0.890745 -0.473706 7.47154
760 -0.256882 -0.75536 7.47154
760 0.341063 0.183064 1.18835
760 -0.683654 0.0358537 7.47154
760 -0.461884 0.0554621 1.18835
760 -0.640599 0.43241 1.18835
760 0.19948 -0.502744 1.18835
760 0.225989 0.742379 1.18835
760 0.864721 0.0457972 1.18835
760 -0.153771 0.591439 7.47154
760 -0.582356 0.133045 1.18835
760 -0.0199464 0.558952 1.18835
760 -0.177232 -0.828925 1.18835
760 -0.43787 -0.316364 1.18835
760 -0.159645 -0.180308 7.47154
760 0.244939 -0.14978 7.47154
760 -0.69903 -0.270522 1.18835
760 -0.609566 -0.0111515 1.18835
760 -0.6243 0.534972 7.47154
760 0.0654756 0.107429 7.47154
760 -0.807021 -0.269268 7.47154
760 -0.217553 -0.873442 7.47154
760 -0.442414 -0.502341 1.18835
760 0.3139 -0.0257683 7.47154
760 -0.79176 -0.423 7.47154
760 -0.312424 0.633153 1.18835
760 0.503739 -0.347782 1.18835
760 0.538584 -0.663665 1.18835
760 0.917453 -0.317492 1.18835
760 -0.52151 -0.65819 7.47154
760 0.467948 -0.396928 7.47154
760 -0.255701 0.478801 1.18835
760 -0.678651 0.768983 7.47154
760 -0.768569 -0.0134827 1.18835
760 0.870358 0.565755 7.47154
760 0.687499 -0.676358 1.18835
760 0.148377 -0.199989 1.18835
760 -0.0603994 -0.692112 7.47154
760 0.423924 -0.923642 1.18835
760 -0.0638686 -0.8467 7.47154
760 -0.281229 0.719922 1.18835
760 0.443136 0.570923 7.47154
760 -0.412104 -0.548676 1.18835
760 -0.246264 0.568938 1.18835
760 -0.253923 -0.353091 7.47154
760 -0.772203 0.396718 7.47154
760 0.80262 -0.534548 1.18835
760 -0.0238231 0.214047 1.18835
760 -0.253602 0.887279 1.18835
760 -0.476948 0.140851 1.18835
760 -0.145687 -0.43641 7.47154
760 -0.573504 0.039654 1.18835
760 -0.544924 -0.781117 7.47154
760 -0.63325 -0.0627161 1.18835
760 -0.797264 0.135818 1.18835
760 0.21888 -0.365057 1.18835
760 -0.382857 -0.596046 1.18835
760 -0.740252 -0.0647531 7.47154
760 -0.64025 -0.367452 1.18835
760 0.270674 0.70909 1.18835
760 0.47278 0.138991 1.18835
760 0.630848 0.19352 1.18835
760 -0.839465 0.585069 1.18835
760 0.433458 -0.862107 1.18835
760 -0.899666 0.160627 1.18835
760 0.998864 -0.242942 7.47154
760 0.712952 -0.261728 1.18835
760 0.653367 -0.780745 1.18835
760 -0.0777962 0.870404 1.18835
760 0.5195 0.446921 1.18835
760 -0.722724 -0.623157 1.18835
760 0.471976 -0.202305 1.18835
760 -0.279095 -0.399388 1.18835
760 -0.0642902 0.64305 1.18835
760 0.157448 0.151939 7.47154
760 -0.0696811 0.478526 1.18835
760 0.594533 -0.47187 7.47154
760 0.442074 -0.482204 1.18835
760 0.441662 -0.801351 7.47154
760 0.960516 0.170845 1.18835
760 0.272005 0.347647 7.47154
760 -0.0692111 0.751288 1.18835
760 0.326531 0.421129 1.18835
760 0.382735 -0.830776 1.18835
760 0.148298 -0.485911 7.47154
760 -0.852871 0.132345 1.18835
760 -0.170286 0.429739 1.18835
760 0.145959 -0.736887 7.47154
760 0.141329 -0.0531816 1.18835
760 -0.173171 0.0881046 1.18835
760 -0.507875 0.183668 7.47154
760 -0.467478 0.859818 7.47154
760 5.22681e-05 -0.441132 1.18835
760 0.112667 0.524142 1.18835
760 -0.642524 0.23208 7.47154
760 0.482839 -0.103367 1.18835
760 0.239877 -0.468393 7.47154
760 0.745142 0.547859 1.18835
760 -0.497241 0.0921216 1.18835
760 -0.464644 -0.273805 1.18835
760 -0.157381 0.138818 7.47154
760 0.671558 -0.376301 1.18835
760 0.115447 -0.33294 1.18835
760 0.0905985 1.03378 7.47154
760 0.0736135 0.609236 1.18835
760 -0.539769 -0.719194 1.18835
760 0.867761 -0.0630808 1.18835
760 0.524939 0.698825 7.47154
760 0.258927 0.244706 1.18835
760 -0.5607 -0.31225 1.18835
760 -0.0351398 -0.146713 1.18835
760 -0.358973 -0.257837 1.18835
760 -0.351963 -0.639978 1.18835
760 0.440472 0.221732 1.18835
760 0.177463 -0.791871 1.18835
760 0.229622 -0.00983565 7.47154
760 -0.694964 -0.568673 1.18835
760 -0.113046 -1.00306 7.47154
760 0.0150807 0.421442 1.18835
760 0.698095 0.264654 1.18835
760 0.0280961 0.639276 1.18835
760 -0.180601 0.959368 7.47154
760 0.25146 -0.100769 1.18835
760 -0.557041 0.373765 7.47154
760 0.333708 0.13172 1.18835
760 0.541356 0.554571 7.47154
760 -0.434432 -0.909422 7.47154
760 0.129214 0.74632 1.18835
760 0.980585 -0.305173 7.47154
760 -0.54098 0.66896 1.18835
760 -0.118726 -0.206785 1.18835
760 0.286528 0.111722 1.18835
760 0.320595 -0.261328 1.18835
760 -0.231372 0.430252 1.18835
760 -0.613533 0.182141 1.18835
760 -0.468605 -0.365655 7.47154
760 -0.0190682 0.724579 7.47154
760 -0.390697 0.45303 7.47154
760 0.0623865 -0.259197 1.18835
760 0.874591 -0.00662577 1.18835
760 0.674555 0.156534 7.47154
760 0.902355 -0.485065 7.47154
760 0.518809 -0.405851 1.18835
760 0.569385 -0.213191 7.47154
760 0.251538 -0.520192 1.18835
760 0.357512 0.64121 1.18835
760 -0.139197 -0.63637 1.18835
760 0.895782 -0.374537 7.47154
760 -0.698205 0.235961 1.18835
760 0.390895 0.550495 7.47154
760 -0.943833 -0.185961 1.18835
760 -0.0700915 -0.0206636 1.18835
760 -0.0758769 -0.554855 1.18835
760 0.217738 0.274824 1.18835
760 -0.284001 0.433655 1.18835
760 -0.796314 0.34195 1.18835
760 0.177006 -0.639962 1.18835
760 0.631992 -0.0113495 1.18835
760 -0.137715 -0.944709 1.18835
760 -0.158794 -0.886435 1.18835
760 0.429446 -0.622543 1.18835
760 0.384884 -0.65742 1.18835
760 0.412572 0.355911 1.18835
760 0.287276 -0.682088 1.18835
760 0.892345 -0.217104 1.18835
760 0.227888 -0.417341 7.47154
760 -0.0426295 -0.744565 1.18835
760 0.0572827 -0.154707 1.18835
760 0.493736 -0.766603 1.18835
760 0.840613 0.215234 7.47154
760 -0.307963 -0.356084 1.18835
760 -0.584649 0.425288 1.18835
760 0.646512 -0.327544 1.18835
760 -0.498009 0.709314 1.18835
760 -0.490869 -0.814434 7.47154
760 0.706437 -0.575267 1.18835
760 -0.130765 0.402836 1.18835
760 0.42692 -0.430237 1.18835
760 -0.805466 -0.115208 1.18835
760 -0.676552 0.548015 1.18835
760 0.567147 0.415093 7.47154
760 0.361222 -0.300073 7.47154
760 0.916822 0.342342 1.18835
760 0.280665 -0.81375 7.47154
760 0.527531 0.501076 1.18835
760 -0.019016 0.613499 1.18835
760 -0.24259 0.299518 7.47154
760 0.265655 0.295963 1.18835
760 -0.332965 -0.494647 1.18835
760 -0.870231 0.534676 1.18835
760 -0.417252 0.0198796 7.47154
760 -0.529425 -0.359043 1.18835
760 -0.451275 0.363854 1.18835
760 0.793036 -0.643622 7.47154
760 0.680221 0.0109593 7.47154
760 -0.5594 0.277174 1.18835
760 0.760651 0.0774421 7.47154
760 0.0838564 0.937978 7.47154
760 0.0599631 -0.50889 1.18835
760 0.10317 -0.22934 1.18835
760 0.793735 -0.337395 7.47154
760 0.444462 0.939627 1.18835
760 0.439989 -0.678573 7.47154
760 -0.697982 -0.371698 1.18835
760 0.486342 -0.892825 1.18835
760 -0.697586 -0.469925 7.47154
760 0.342353 -0.110576 7.47154
760 -0.29213 -0.180394 1.18835
760 0.374883 0.756512 1.18835
760 0.910155 0.135957 7.47154
760 0.702421 -0.738348 1.18835
760 -0.901613 -0.145475 1.18835
760 0.0127067 -0.173336 1.18835
760 -0.385805 -0.30923 7.47154
760 0.190521 0.894459 1.18835
760 0.410148 -0.379619 1.18835
760 0.788044 -0.199401 7.47154
760 -0.57935 -0.564699 7.47154
760 0.101399 0.415278 1.18835
760 -0.289685 0.283391 1.18835
760 -0.752087 -0.272123 1.18835
760 -0.632046 0.810123 1.18835
760 -0.727304 -0.169944 1.18835
760 -0.926138 0.256611 1.18835
760 -0.372391 -0.937473 7.47154
760 -0.504412 0.275581 1.18835
760 -0.162934 -0.332278 1.18835
760 -0.309908 0.233987 1.18835
760 -0.793092 -0.52444 1.18835
760 0.0818456 -0.667877 7.47154
760 -0.196555 -0.147564 7.47154
760 0.905295 -0.159361 1.18835
760 0.343353 -0.74375 1.18835
760 0.0594503 0.0573055 7.47154
760 -0.0250706 -0.345912 1.18835
760 -0.68341 0.603718 1.18835
760 0.167425 -0.588969 1.18835
760 -0.0297744 -0.24832 1.18835
760 0.605736 0.089398 1.18835
760 -0.728507 -0.422404 1.18835
760 0.277321 0.766926 1.18835
760 -0.109035 -0.404011 1.18835
760 0.320302 0.368402 1.18835
760 -0.854817 -0.0522144 1.18835
760 0.429058 0.770713 1.18835
760 -0.614145 0.278873 7.47154
760 -0.34356 -0.784764 1.18835
760 0.40584 0.304492 7.47154
760 0.485644 -0.0517481 1.18835
760 -0.628841 0.0370189 7.47154
760 0.359576 -0.00613017 1.18835
760 0.245665 0.142827 1.18835
760 -0.029915 -0.0495375 1.18835
760 -0.199392 -0.932802 1.18835
760 0.393992 -0.713152 7.47154
760 -0.60475 0.0846964 1.18835
760 -1.01104 0.108163 7.47154
760 -0.0239464 0.901359 1.18835
760 -0.721583 0.1875 7.47154
760 0.193048 0.0721348 1.18835
760 -0.777139 0.506761 1.18835
760 -0.688284 0.134869 7.47154
760 0.997367 0.270571 7.47154
760 -0.22637 1.00835 1.18835
760 0.0413638 -0.407847 1.18835
760 -0.559849 -0.00811508 1.18835
760 -0.468649 0.511969 1.18835
760 0.480058 -0.15299 1.18835
760 0.649339 0.29946 1.18835
760 -0.00830572 0.968209 1.18835
760 -0.516777 0.763534 1.18835
760 0.329617 -0.210583 7.47154
760 -0.160478 0.531628 1.18835
760 0.0170646 -0.0263147 1.18835
760 0.320813 0.0275087 1.18835
760 0.77324 -0.0460872 1.18835
760 0.0997518 -0.469732 1.18835
760 -0.357226 0.908191 7.47154
760 -0.373596 0.313317 1.18835
760 -0.900013 -0.0170982 1.18835
760 0.291537 0.507765 1.18835
760 -0.795289 0.0381055 1.18835
760 0.0507409 -0.856686 1.18835
760 -0.440584 -0.844462 7.47154
760 0.892469 0.398357 7.47154
760 -0.796673 -0.0619506 1.18835
760 -0.156042 -0.732435 7.47154
760 0.57278 0.466374 1.18835
760 0.158963 1.02712 7.47154
760 -0.0137211 0.0524893 7.47154
760 -0.275817 0.769752 7.47154
760 -0.224698 -0.486535 1.18835
760 -0.185539 -0.531538 1.18835
760 0.231459 0.801362 1.18835
760 -0.524063 0.88827 1.18835
760 -0.414313 -0.360587 1.18835
760 0.779378 0.0118501 1.18835
760 -0.169579 0.804503 1.18835
760 0.239907 -0.199963 7.47154
760 0.81602 0.453553 1.18835
760 0.152731 -0.151102 7.47154
760 -0.141822 0.0504255 1.18835
760 1.01135 0.210098 7.47154
760 0.324009 -0.85598 7.47154
760 -0.718705 0.501901 7.47154
760 0.95254 -0.19951 1.18835
760 -0.0657996 0.586843 7.47154
760 -0.782933 -0.169631 1.18835
760 0.5145 -0.236074 1.18835
760 0.381916 0.151621 7.47154
760 -0.950822 0.132207 7.47154
760 -1.00186 0.172192 7.47154
760 0.0714718 -0.615309 7.47154
760 0.978666 -0.0133824 1.18835
760 -0.0475191 0.2927 1.18835
760 0.139243 0.918051 1.18835
760 -0.112857 0.55961 1.18835
760 -0.85829 -0.528581 1.18835
760 -0.259206 -0.266628 7.47154
760 0.275311 -0.625937 7.47154
760 -0.234535 -0.814648 7.47154
760 -0.500543 -0.407313 7.47154
760 0.0300216 0.750388 1.18835
760 -0.421384 0.64735 1.18835
760 0.090921 -0.416762 7.47154
760 0.858888 -0.121059 1.18835
760 -0.633304 -0.567764 7.47154
760 -0.379678 0.695688 1.18835
760 0.333253 0.474891 1.18835
760 0.738401 -0.529047 1.18835
760 -0.642636 0.644033 1.18835
760 -0.111258 -0.592275 7.47154
760 0.201803 0.517091 1.18835
760 -0.701567 -0.117213 1.18835
760 -0.650524 -0.114703 1.18835
760 0.192522 -0.221723 1.18835
760 0.854552 0.352243 1.18835
760 0.707287 -0.482699 1.18835
760 0.0946834 0.361945 1.18835
760 0.537391 0.75503 1.18835
760 0.466589 0.679072 1.18835
760 0.329946 0.792049 1.18835
760 -0.236434 0.0238861 7.47154
760 -0.621071 -0.163131 1.18835
760 0.280686 -0.434696 7.47154
760 -0.288576 0.992078 7.47154
760 0.932613 -0.426282 1.18835
760 -0.336971 -0.313963 1.18835
760 0.59522 -0.756423 1.18835
760 0.91585 -0.100812 1.18835
760 -0.380065 0.176263 1.18835
760 0.269078 -0.0445701 1.18835
760 -0.56055 0.181744 7.47154
760 -0.388474 -0.406609 1.18835
760 0.13594 0.860029 1.18835
760 0.72358 -0.206455 1.18835
760 -0.157375 0.864212 1.18835
760 -0.831093 0.0825319 1.18835
760 0.0754685 0.210776 7.47154
760 0.819106 0.274392 1.18835
760 -0.581293 -0.0595322 1.18835
760 -0.848229 0.322801 1.18835
760 -0.478332 -0.0462006 1.18835
760 0.0993919 -0.835971 1.18835
760 0.769252 0.60735 1.18835
760 -0.0351383 -0.0986171 1.18835
760 -0.211582 0.843039 7.47154
760 0.182812 0.356102 1.18835
760 -0.100108 0.27605 1.18835
760 -0.274782 0.526772 1.18835
760 -0.581522 0.850681 1.18835
760 -0.27818 -0.490265 7.47154
760 0.668461 -0.100637 7.47154
760 0.531311 -0.134698 1.18835
760 -0.577692 -0.674765 1.18835
760 -0.260448 -0.918348 7.47154
760 -0.275762 -0.85906 1.18835
760 -0.061168 0.0299674 1.18835
760 -0.492713 -0.878976 1.18835
760 0.0810602 0.828271 1.18835
760 0.837406 -0.485777 7.47154
760 0.374058 0.099912 7.47154
760 0.181703 -0.941006 1.18835
760 0.611002 0.839262 7.47154
760 -0.0250992 -0.798147 1.18835
760 -0.0770226 0.118405 1.18835
760 -0.860129 0.269917 7.47154
760 0.61729 -0.233749 1.18835
760 -0.222171 0.781567 1.18835
760 -0.0616107 0.244448 7.47154
760 0.577049 0.176885 1.18835
760 0.626074 -0.0697901 7.47154
760 0.416427 -0.568983 1.18835
760 -0.25126 -0.0259184 7.47154
760 0.711265 -0.129334 1.18835
760 -0.422426 0.409668 1.18835
760 0.14186 0.385644 7.47154
760 0.182618 0.9608 1.18835
760 0.554506 -0.369715 1.18835
760 -0.580941 -0.460827 7.47154
760 -0.0525048 -0.422134 1.18835
760 -0.499197 0.565475 1.18835
760 0.969652 0.111386 1.18835
760 0.560244 0.362584 1.18835
760 0.594784 0.0368353 1.18835
760 0.897325 0.190017 1.18835
760 0.482602 -0.448079 1.18835
760 0.584024 0.516107 7.47154
760 -0.0488445 0.0811291 1.18835
760 0.418476 0.408108 7.47154
760 0.392994 -0.77271 1.18835
760 -0.46046 -0.136334 7.47154
760 -0.757391 -0.219874 1.18835
760 -0.162366 -0.580759 7.47154
760 -0.832495 0.494884 1.18835
760 -0.381323 -0.0187197 1.18835
760 0.105768 0.0790167 1.18835
760 -0.0402975 -0.903572 1.18835
760 0.307196 0.265205 1.18835
760 -0.256182 0.386102 1.18835
760 0.601664 -0.82073 7.47154
760 -0.095848 0.0654419 1.18835
760 0.360368 -0.552752 7.47154
760 0.482631 0.189906 1.18835
760 0.735785 0.225265 1.18835
760 -0.24352 -0.165027 1.18835
760 -0.75813 -0.374033 1.18835
760 0.671235 -0.219998 7.47154
760 0.183678 -0.0813694 1.18835
760 0.154762 -0.303107 1.18835
760 -0.326486 0.685945 1.18835
760 0.750398 -0.306913 1.18835
760 0.513799 0.106716 1.18835
760 -0.307557 -0.960968 1.18835
760 0.165484 0.603779 1.18835
760 -0.0112103 -0.39226 1.18835
760 -0.439806 0.555103 1.18835
760 -0.664959 0.383786 1.18835
760 0.171529 -0.347273 1.18835
760 -0.71813 0.391799 7.47154
760 0.660826 0.800562 7.47154
760 -0.479662 0.230889 1.18835
760 -0.574209 0.785728 1.18835
760 0.199872 -0.743069 1.18835
760 -0.414938 -0.45539 7.47154
760 0.375367 0.441543 1.18835
760 -0.11864 0.231684 1.18835
760 0.146645 0.0506888 1.18835
760 0.554104 0.0731736 7.47154
760 -0.945004 0.19771 7.47154
760 0.545787 -0.794379 1.18835
760 -0.299614 -0.0414353 1.18835
760 -0.0230352 0.504158 7.47154
760 0.349473 -0.0600056 7.47154
760 -0.520447 -0.282478 7.47154
760 0.872787 0.452481 7.47154
760 0.583886 -0.623017 1.18835
760 0.59339 -0.333249 1.18835
760 -0.467765 -0.553197 7.47154
760 1.03043 -0.0488895 1.18835
760 0.0166546 -0.270123 1.18835
760 -0.285088 0.0107308 1.18835
760 0.846849 -0.178664 1.18835
760 0.23668 0.431461 1.18835
760 -0.204067 -0.351352 1.18835
760 0.642259 -0.717282 7.47154
760 -0.277868 -0.312099 1.18835
760 0.2634 -0.572488 7.47154
760 0.314527 0.675563 1.18835
760 0.246033 -0.714124 7.47154
760 -0.495206 -0.0967368 1.18835
760 0.468556 0.427469 1.18835
760 -0.728541 0.286333 7.47154
760 -0.0309034 -0.524476 7.47154
760 0.54623 -0.858481 7.47154
760 0.225119 -0.987051 7.47154
760 -0.713719 -0.0144495 1.18835
760 -0.109648 0.616798 1.18835
760 -0.367819 0.786814 1.18835
760 -0.0082244 -0.697487 7.47154
760 -0.0760502 -0.327216 1.18835
760 0.403848 -0.326813 1.18835
760 -0.334136 -0.842727 1.18835
760 -0.107867 0.155658 1.18835
760 1.02938 0.0846312 1.18835
760 0.10481 -0.177968 1.18835
760 -0.0672051 0.807377 7.47154
760 -0.392726 -0.813695 7.47154
760 -0.429287 -0.0330207 1.18835
760 0.0763695 0.664057 1.18835
760 0.528905 -0.60611 7.47154
760 0.384952 -0.14272 1.18835
760 0.0574984 -0.0536286 1.18835
760 0.462298 -0.251645 1.18835
760 -0.581848 0.6283 1.18835
760 -0.307819 0.38838 1.18835
760 0.256823 0.595816 1.18835
760 0.434052 -0.123288 1.18835
760 0.357984 -0.950153 1.18835
760 -0.270911 0.0618418 7.47154
760 -0.348904 0.971622 1.18835
760 0.243182 0.485412 1.18835
760 0.524398 0.15791 7.47154
760 -0.0978588 -0.738859 7.47154
760 -0.301922 -0.228839 1.18835
760 0.947801 0.228042 1.18835
760 0.484742 -0.642877 1.18835
760 -0.164833 1.02077 1.18835
760 0.671105 0.636248 1.18835
760 0.671362 0.471252 7.47154
760 -0.394902 -0.0721289 1.18835
760 -0.525971 0.826183 7.47154
760 0.0700739 0.554283 1.18835
760 0.958062 0.390659 7.47154
760 -0.726673 -0.323583 7.47154
760 0.390198 0.202657 7.47154
760 0.308319 -0.913254 1.18835
760 0.541962 0.0217969 7.47154
760 0.51428 0.394258 1.18835
760 -0.0410255 -0.472407 7.47154
760 -0.374999 -0.69654 1.18835
760 0.138949 -0.433187 1.18835
760 -0.690754 0.333936 1.18835
760 0.553326 0.310973 1.18835
760 -0.521968 0.615334 1.18835
760 -0.199756 0.391898 1.18835
760 0.382277 0.817607 1.18835
760 -0.124232 -0.087646 1.18835
760 0.652259 -0.481198 1.18835
760 -0.196764 0.566101 1.18835
760 0.224084 0.326244 1.18835
760 0.589158 0.22837 7.47154
760 -0.196766 -0.773869 7.47154
760 -0.208672 0.260967 1.18835
760 0.673548 -0.0445291 1.18835
760 0.811411 0.109834 1.18835
760 0.204627 0.173046 7.47154
760 -0.0312985 0.398608 1.18835
760 0.125811 0.690034 1.18835
760 -0.0676551 0.697321 7.47154
760 0.0788672 -0.365881 1.18835
760 0.462683 0.0876839 1.18835
760 -0.465078 0.920984 1.18835
760 -0.763908 0.681771 1.18835
760 0.597589 0.280462 1.18835
760 -0.16166 0.645024 7.47154
760 0.410129 -0.27493 1.18835
760 -0.600949 -0.808235 7.47154
760 -0.389932 0.118754 1.18835
760 -0.395611 0.265568 1.18835
760 -0.503163 0.368563 1.18835
760 -0.909769 -0.078661 1.18835
760 -0.0925932 -0.452378 7.47154
760 -0.00046849 0.314441 1.18835
760 0.586278 -0.692223 1.18835
760 0.195447 0.462535 7.47154
760 0.066515 -0.313015 1.18835
760 0.70797 0.758665 7.47154
760 -0.959242 -0.052285 1.18835
760 0.763413 0.438008 1.18835
760 -0.833172 0.386083 1.18835
760 -0.662087 0.704109 1.18835
760 -0.470827 0.802146 7.47154
760 -0.0812228 -0.791655 7.47154
760 0.492365 -0.830379 7.47154
760 0.121823 0.634438 1.18835
760 -0.342742 0.271808 1.18835
760 0.575937 -0.419536 1.18835
760 0.0797773 0.259653 7.47154
760 -0.276976 0.34088 1.18835
760 0.141994 0.000214925 1.18835
760 -0.896901 0.0952639 1.18835
760 0.615875 -0.380481 7.47154
760 -0.40724 0.0687269 1.18835
760 -0.166235 -0.232343 1.18835
760 -0.368437 0.404994 1.18835
760 0.130127 -0.380862 7.47154
760 -0.818254 -0.216417 7.47154
760 -0.0660291 0.53326 1.18835
760 -0.643788 -0.215991 1.18835
760 -0.361346 -0.110762 1.18835
760 0.239753 0.0920108 1.18835
760 0.298856 0.562945 7.47154
760 -0.547464 -0.844737 1.18835
760 -0.223971 -0.396426 7.47154
760 -0.906073 -0.306492 7.47154
760 -0.309348 0.866995 1.18835
760 0.532516 -0.0310684 1.18835
760 0.752275 0.714364 7.47154
760 -0.346649 0.360603 7.47154
760 -0.120217 -0.357676 1.18835
760 0.132399 0.802789 1.18835
760 0.558113 -0.263288 1.18835
760 -0.4833 -0.70108 1.18835
760 0.249932 0.540238 7.47154
760 -0.212032 -0.253182 1.18835
760 -0.443657 -0.0857836 1.18835
760 0.0263232 0.136668 1.18835
760 -0.695508 0.442415 7.47154
760 0.583288 -0.0129008 7.47154
760 0.643801 0.0481839 7.47154
760 -0.107683 0.0131539 1.18835
760 0.824869 0.398015 1.18835
760 0.0180565 -0.315619 1.18835
760 0.410447 0.660381 1.18835
760 -0.497266 -0.505386 1.18835
760 -0.12984 0.910859 7.47154
760 0.918918 0.076939 1.18835
760 0.290705 -0.746676 1.18835
760 0.0445085 -0.710655 1.18835
760 -0.552963 0.470958 1.18835
760 0.0511893 -0.457082 7.47154
760 -0.807482 0.443741 7.47154
760 -0.82052 -0.371498 1.18835
760 -0.174433 -0.679624 7.47154
760 0.502312 0.0551563 1.18835
760 0.809991 -0.284122 7.47154
760 0.366509 0.698082 7.47154
760 -0.424988 0.313139 1.18835
760 0.7503 -0.161921 1.18835
760 0.362944 0.336514 1.18835
760 0.382609 0.49567 1.18835
760 0.724603 -0.367055 1.18835
760 0.86968 0.298677 1.18835
760 0.235698 0.86328 1.18835
760 0.5828 -0.112063 7.47154
760 -0.319126 0.0478288 1.18835
760 -0.258298 0.620571 1.18835
760 0.134396 -0.680986 1.18835
760 0.0821168 0.882452 1.18835
760 -0.601997 0.684431 7.47154
760 0.398322 0.253525 1.18835
760 -0.217445 0.518867 1.18835
760 0.656572 0.104841 1.18835
760 -0.953357 0.359683 7.47154
760 -0.257727 0.246478 1.18835
760 0.804665 0.328551 7.47154
760 -0.699464 -0.218716 1.18835
760 0.504225 0.909393 7.47154
760 -0.534286 0.229799 1.18835
760 -0.0243532 0.842037 7.47154
760 -0.0355984 1.03438 7.47154
760 0.492018 0.00215904 7.47154
760 -0.902279 0.479987 1.18835
760 -0.742191 -0.683321 7.47154
760 0.793901 0.667498 1.18835
760 0.373436 -0.604207 1.18835
760 0.454804 0.625028 7.47154
760 -0.475467 0.414817 7.47154
760 -0.115686 0.832029 1.18835
760 0.188126 0.0217496 1.18835
760 -0.333255 -0.00406777 1.18835
760 -0.362831 -0.358889 1.18835
760 0.176341 0.304272 1.18835
760 -0.583797 -0.36254 7.47154
760 0.268214 -0.385214 7.47154
760 0.337031 0.983458 1.18835
760 0.217608 1.00893 1.18835
760 -0.959956 0.0734867 7.47154
760 -0.0316348 -0.297411 1.18835
760 -0.0387177 0.345909 7.47154
760 -0.229871 -0.669519 7.47154
760 -0.0111426 -0.958859 7.47154
760 0.188017 -0.691252 7.47154
760 0.694956 0.0683097 1.18835
760 -0.189583 0.307704 1.18835
760 -0.611168 0.378293 7.47154
760 -0.60843 0.477933 7.47154
760 0.628801 -0.654403 1.18835
760 0.0389003 0.286553 7.47154
760 -0.621795 0.588526 7.47154
760 -1.00992 -0.0922237 7.47154
760 0.635549 0.513019 1.18835
760 0.28123 -0.231695 1.18835
760 -0.667228 0.184301 1.18835
760 -0.169991 0.697429 1.18835
760 0.360788 -0.356071 1.18835
760 -0.442536 -0.409931 7.47154
760 -0.446566 0.266257 1.18835
760 -0.206801 0.618472 7.47154
760 0.283127 0.825983 7.47154
760 0.812713 0.0523388 1.18835
760 -0.529234 0.41967 1.18835
760 0.453232 -0.349891 1.18835
760 0.192763 -0.273598 1.18835
760 -0.481346 0.655997 1.18835
760 0.275149 0.00842316 1.18835
760 -0.347274 -0.0569566 7.47154
760 0.428344 -0.173281 1.18835
760 0.0798609 0.774085 1.18835
760 -0.987096 -0.228798 1.18835
760 -0.245972 -0.621398 1.18835
760 0.625889 -0.18337 1.18835
760 0.091045 -1.00772 1.18835
760 -0.44283 0.103489 1.18835
760 -0.0817555 -0.119692 1.18835
760 0.515354 -0.551478 1.18835
760 -0.125062 0.103634 1.18835
760 0.934375 0.285983 1.18835
760 0.577858 -0.0620643 1.18835
760 -0.7136 0.0854935 1.18835
760 0.491977 0.240521 1.18835
760 0.135319 0.333236 1.18835
760 0.730805 0.653108 7.47154
760 -0.669982 -0.319992 1.18835
760 0.31706 -0.586901 1.18835
760 0.0228983 -1.01065 7.47154
760 0.558899 0.875135 1.18835
760 -0.945885 -0.355636 1.18835
760 -0.607005 -0.627572 1.18835
760 -0.355371 0.0836024 1.18835
760 -0.383659 -0.875778 7.47154
760 -0.0274019 0.450448 1.18835
760 -0.163808 -0.0512749 1.18835
760 -0.375597 -0.164818 1.18835
760 0.285457 0.886327 1.18835
760 0.120606 -0.786527 7.47154
760 -0.40947 -0.125289 1.18835
760 -0.660893 -0.0135134 1.18835
760 0.977674 0.0504546 1.18835
760 -0.511863 -0.00371277 1.18835
760 0.196787 -0.172034 7.47154
760 -0.111637 0.507109 7.47154
760 0.401796 -0.516858 7.47154
760 -0.216811 -0.0614273 7.47154
760 -0.213301 -0.72164 7.47154
760 0.00822436 0.367511 7.47154
760 -0.138477 0.309985 1.18835
760 0.725997 0.486894 1.18835
760 0.284683 0.453466 7.47154
760 -0.855911 -0.42104 1.18835
760 0.334289 -0.45194 1.18835
760 -0.154084 -0.00126261 7.47154
760 -0.128953 -0.489309 1.18835
760 -0.323194 -0.686763 7.47154
760 -0.276473 0.196966 1.18835
760 -0.117678 0.451824 1.18835
760 0.123663 -0.627824 1.18835
760 -0.0459492 -1.00953 1.18835
760 -0.858816 -0.107395 1.18835
760 0.151745 0.101419 1.18835
760 -0.454154 0.189877 1.18835
760 -0.0563454 0.162701 1.18835
760 0.0789701 0.719082 1.18835
760 0.66903 -0.615921 1.18835
760 -0.814023 0.238808 1.18835
760 0.287374 -0.18018 7.47154
760 0.765847 -0.24912 1.18835
760 0.252126 0.193703 1.18835
760 0.924605 -0.041681 1.18835
760 -0.0775028 -0.0706501 1.18835
760 0.0472675 0.33802 1.18835
760 0.328833 -0.638611 7.47154
760 0.0500749 0.984481 7.47154
760 -0.890559 0.370959 1.18835
760 0.868262 -0.540267 1.18835
760 0.119265 -0.952228 7.47154
760 0.712967 0.117035 7.47154
760 0.689794 0.696745 1.18835
760 0.348754 0.585063 1.18835
760 -0.0189282 0.780901 7.47154
760 -0.359561 0.493025 1.18835
760 0.292467 -0.485178 7.47154
760 0.448944 0.272465 1.18835
760 -0.436976 -0.600167 7.47154
760 0.781032 0.501517 1.18835
760 -0.0214533 0.119392 7.47154
760 -0.534903 -0.194631 1.18835
760 -0.279566 -0.129435 1.18835
760 0.642899 0.246842 1.18835
760 -0.26859 0.670971 1.18835
760 -0.826805 -0.00815189 7.47154
760 0.537999 -0.458609 1.18835
760 0.85443 -0.326676 1.18835
760 -0.614922 -0.316582 1.18835
760 0.53509 0.208963 1.18835
760 0.16363 0.202574 1.18835
760 0.201224 -0.884381 1.18835
760 -0.637204 0.329501 1.18835
760 -0.882452 -0.204295 1.18835
760 1.03245 0.0181741 1.18835
760 0.28063 0.0602541 1.18835
760 0.606529 0.334664 1.18835
760 0.122529 0.231873 7.47154
760 0.614723 0.622362 7.47154
760 0.458203 -0.534002 7.47154
760 -0.76085 -0.472261 1.18835
760 0.0555884 -0.104819 1.18835
760 -0.0813899 -0.505336 7.47154
760 0.0183138 0.0868977 1.18835
760 -0.292986 0.14829 1.18835
760 -0.342784 -0.203941 1.18835
760 -0.00757007 -0.853193 1.18835
760 -0.70383 0.661921 7.47154
760 -0.750301 0.452219 1.18835
760 -0.722319 0.72642 7.47154
760 0.147373 -0.250875 1.18835
760 0.584734 0.719018 7.47154
760 0.964445 -0.138902 1.18835
760 -0.34366 0.137136 7.47154
760 -0.0849593 0.323749 1.18835
760 0.0658503 0.499637 1.18835
760 -0.320513 0.320706 1.18835
760 -0.54795 -0.10543 7.47154
760 0.452985 0.0349255 1.18835
760 0.633682 -0.429894 1.18835
760 -0.11929 -0.689703 1.18835
760 -0.207388 0.123851 1.18835
760 0.026443 0.584352 1.18835
760 -0.529875 0.135001 1.18835
760 -0.20126 -0.0139823 7.47154
760 0.50321 -0.288751 1.18835
760 -1.00109 -0.160865 7.47154
760 -0.412573 0.880696 1.18835
760 -0.407502 0.946517 1.18835
760 -0.554551 -0.409222 7.47154
760 -0.410713 -0.266266 1.18835
760 -0.488312 -0.755906 1.18835
760 -0.529748 -0.0552843 1.18835
760 -0.497144 -0.232993 1.18835
760 -0.414149 0.503773 1.18835
760 -0.920161 -0.41601 1.18835
760 -0.22187 -0.304794 7.47154
760 -0.12437 -0.256652 7.47154
760 0.0952607 -0.723739 1.18835
760 0.0125477 -0.753016 1.18835
760 -0.0786846 0.378104 1.18835
760 -0.789306 0.56238 1.18835
760 0.0551522 -0.956983 1.18835
760 0.42248 0.119798 1.18835
760 -0.67991 -0.670736 1.18835
760 -0.221999 0.0743119 1.18835
760 -0.328536 0.536214 1.18835
760 0.719627 -0.0737417 1.18835
760 -0.43036 -0.711836 1.18835
760 0.49235 -0.701993 1.18835
760 0.630001 -0.131966 1.18835
760 -0.14896 -0.127509 1.18835
760 -0.785331 -0.323382 1.18835
760 0.54481 0.259508 1.18835
760 -0.102039 1.03118 1.18835
760 0.148227 0.439129 1.18835
760 -0.216294 0.671281 1.18835
760 -0.38421 -0.748466 1.18835
760 0.100639 -0.0267443 1.18835
760 0.934656 0.449174 1.18835
760 -0.196242 -0.435051 1.18835
760 0.101165 -0.130406 7.47154
760 0.0303083 -0.360222 1.18835
760 0.175543 0.716448 7.47154
760 0.389699 0.954519 1.18835
760 -0.120261 0.775751 7.47154
760 -0.475687 0.317102 1.18835
760 -0.36816 0.0333454 1.18835
760 -0.0752008 -0.953457 7.47154
760 0.904744 0.508315 7.47154
760 0.974068 -0.0773096 1.18835
760 0.645982 0.738837 1.18835
760 0.530977 -0.0846215 1.18835
760 0.159227 -0.999673 1.18835
760 0.0233849 0.0261489 1.18835
760 -0.758774 -0.573779 7.47154
760 0.366955 0.0472908 1.18835
760 0.48552 0.536452 1.18835
760 -0.0582104 -0.606592 7.47154
760 -0.297943 0.579837 7.47154
760 0.312778 -0.308747 1.18835
760 0.732187 0.0338495 1.18835
760 0.0120532 -0.0765948 1.18835
760 -0.665735 -0.517712 7.47154
760 0.139856 -0.89375 7.47154
760 0.184015 -0.02862 1.18835
760 -0.415279 0.218387 1.18835
760 -0.769837 0.0868292 1.18835
760 -0.312365 -0.273803 7.47154
760 -0.591821 -0.2088 1.18835
760 -0.067044 -0.375333 1.18835
760 0.60576 -0.28336 1.18835
760 0.68822 -0.426833 1.18835
760 -0.0628819 0.981569 7.47154
760 -0.867528 0.433766 1.18835
760 -0.334788 0.440052 1.18835
760 -0.122626 0.356529 1.18835
760 -0.968072 -0.293437 1.18835
760 -0.619236 0.745219 1.18835
760 -0.738681 0.036201 1.18835
760 0.45642 0.323389 1.18835
760 -0.526059 -0.457406 1.18835
760 -0.552335 -0.509715 1.18835
760 0.0203154 -0.603811 7.47154
760 -0.859121 0.0353299 7.47154
760 0.524387 -0.185256 1.18835
760 0.477556 0.733923 1.18835
760 0.499583 -0.498949 1.18835
760 -0.175857 -0.482761 7.47154
760 -0.744817 0.616594 7.47154
760 0.627987 -0.580387 7.47154
760 -0.25089 -0.442485 1.18835
760 -0.0116028 0.168818 1.18835
760 -0.99029 0.238281 7.47154
760 0.565928 0.125174 1.18835
760 -0.356218 -0.547153 7.47154
760 -0.271207 -0.700117 7.47154
760 -0.521742 0.519267 7.47154
760 0.599114 0.777327 1.18835
760 -0.313994 -0.0945594 1.18835
760 0.225201 -0.0619633 1.18835
760 0.57183 -0.566595 1.18835
760 0.26376 0.652119 1.18835
760 -0.7285 -0.520445 1.18835
760 0.117435 0.579116 7.47154
760 -0.461523 0.605396 1.18835
760 0.397051 -0.0399034 7.47154
760 -0.635138 0.133353 1.18835
760 -0.225826 0.724853 7.47154
760 -0.0230288 -0.643962 7.47154
760 -0.293247 -0.641355 7.47154
760 0.669978 -0.534826 1.18835
760 0.770948 0.383051 1.18835
760 0.230381 0.378418 1.18835
760 0.555793 -0.512076 1.18835
760 -0.188665 0.0366465 7.47154
760 0.202045 -0.123545 7.47154
760 -0.517645 0.0446284 1.18835
760 -0.404042 0.596131 1.18835
760 0.804698 -0.141166 1.18835
760 0.709069 0.592712 1.18835
760 0.815833 -0.0800685 1.18835
760 0.188275 -0.451109 1.18835
760 -0.28913 -0.799546 1.18835
760 0.170067 0.253328 7.47154
760 -0.841372 -0.164279 7.47154
760 -0.78497 -0.632664 7.47154
760 0.764392 -0.104001 1.18835
760 0.304901 -0.535788 1.18835
760 -0.19158 0.173015 1.18835
760 0.372592 -0.412175 1.18835
760 -0.551896 -0.243833 7.47154
760 -0.300256 0.928836 7.47154
760 0.232956 -0.659634 1.18835
760 0.336163 0.853141 7.47154
760 -0.514321 -0.146198 7.47154
760 0.488354 0.789771 1.18835
760 0.069836 -0.771235 1.18835
760 -0.453364 0.750965 1.18835
760 0.653579 0.574803 1.18835
760 -0.659859 -0.618645 7.47154
760 -0.673324 -0.168093 7.47154
760 -0.443116 -0.225097 1.18835
760 0.61882 0.142602 1.18835
760 0.234408 0.041199 1.18835
760 -0.0179426 0.669451 1.18835
760 0.184822 0.832825 7.47154
760 0.0297117 0.694832 1.18835
760 0.0548156 0.391198 1.18835
760 0.0101403 -0.491867 7.47154
760 0.980624 0.331309 1.18835
760 -0.0761148 0.42634 1.18835
760 0.698717 -0.318484 1.18835
760 -0.205851 -0.20043 7.47154
760 0.730631 -0.632575 1.18835
760 -0.753192 -0.117214 1.18835
760 0.62122 0.450889 7.47154
760 0.93684 -0.259319 1.18835
760 -0.595953 -0.26587 7.47154
760 0.660803 0.411155 7.47154
760 0.322471 0.733061 7.47154
760 0.498565 0.590363 1.18835
760 -0.2035 0.471487 1.18835
760 -0.865106 -0.259419 1.18835
760 0.499436 0.847205 1.18835
760 0.128421 0.281972 7.47154
760 -0.407186 -0.651813 7.47154
760 -0.789881 0.287827 7.47154
760 0.306548 0.618916 1.18835
760 -0.478809 -0.184944 1.18835
760 0.711481 0.428517 1.18835
760 -0.178554 -0.992693 7.47154
760 -0.42321 0.153757 7.47154
760 0.115754 -0.57575 7.47154
760 -0.115209 0.670355 1.18835
760 0.763738 0.132197 1.18835
760 -0.438524 0.697144 7.47154
760 0.122881 0.980717 1.18835
760 0.512233 0.644009 1.18835
760 0.500704 0.291198 1.18835
760 -0.322034 -0.901357 1.18835
760 -0.24204 0.947994 1.18835
760 0.327035 0.0798632 1.18835
760 0.658669 0.355371 7.47154
760 0.0875075 0.310008 7.47154
760 0.369112 -0.245925 7.47154
760 -0.881793 0.217196 1.18835
760 0.300052 0.214109 1.18835
760 -0.825591 -0.473877 1.18835
760 0.0291346 -0.655701 1.18835
760 -0.196595 0.90466 1.18835
760 -0.845546 -0.316719 1.18835
760 -0.0732056 0.926606 1.18835
760 0.57085 0.662413 1.18835
760 0.0992764 -0.079864 1.18835
760 -0.022731 0.000671488 7.47154
760 -0.823056 -0.581187 1.18835
760 0.198579 0.122519 1.18835
760 -0.930275 0.41967 1.18835
760 0.771116 -0.481558 7.47154
760 0.805814 -0.435246 1.18835
760 0.160024 0.548389 1.18835
760 -0.560077 0.724221 1.18835
760 -0.732257 0.559526 7.47154
760 0.446211 0.881719 1.18835
760 0.77296 -0.386984 1.18835
760 -0.0723975 -0.176747 1.18835
760 0.158147 -0.53758 1.18835
760 -0.25739 0.111274 1.18835
760 0.210356 -0.55473 1.18835
760 -0.471538 -0.455012 7.47154
760 0.267273 -0.285217 1.18835
760 -0.363142 0.223989 1.18835
760 -0.263872 0.827008 1.18835
760 0.700704 0.316895 1.18835
760 0.106426 -0.282193 1.18835
760 0.420228 0.715346 1.18835
760 -0.11698 -0.037867 1.18835
760 0.233968 0.934405 1.18835
760 0.472731 -0.587261 1.18835
760 -0.444929 0.460018 7.47154
760 0.0103396 -0.125313 1.18835
760 0.751313 0.331565 1.18835
760 0.356122 0.285143 1.18835
760 -0.607692 -0.513556 1.18835
760 -0.0856426 -0.64755 1.18835
760 -0.573399 0.525063 7.47154
760 0.211131 0.223781 1.18835
760 0.0843592 -0.901682 1.18835
760 0.462935 0.37502 7.47154
760 0.178476 -0.398758 1.18835
760 -0.55266 -0.612334 1.18835
760 0.372797 -0.890827 1.18835
760 0.26181 -0.333919 1.18835
760 -0.317181 0.805471 1.18835
760 0.21988 -0.830108 1.18835
760 0.43755 0.826039 7.47154
760 0.405871 0.0140256 1.18835
760 0.768955 -0.584186 1.18835
760 -0.32843 0.185707 7.47154
760 -0.436428 -0.775052 1.18835
760 0.220188 0.684855 1.18835
760 0.208041 0.572305 1.18835
760 0.455028 -0.302019 1.18835
760 -0.137881 -0.78413 1.18835
760 -0.55084 0.0864703 1.18835
760 1.02391 -0.115133 1.18835
760 -0.155842 0.265575 1.18835
760 0.311245 -0.355208 7.47154
760 -0.123318 0.969835 1.18835
760 -0.637889 -0.465432 7.47154
760 -0.743602 0.338959 1.18835
760 -0.172781 -0.284477 1.18835
760 -0.42551 -0.176222 1.18835
760 0.0174702 -0.222613 1.18835
760 -0.315729 -0.739349 1.18835
760 -0.170126 0.356227 1.18835
760 0.842484 0.50994 1.18835
760 0.660065 -0.273586 7.47154
760 -0.583699 0.326381 7.47154
760 0.424943 0.461553 1.18835
760 -0.028968 -0.199038 7.47154
760 -0.140118 0.188714 7.47154
760 0.0656933 -0.563843 1.18835
760 0.291042 -0.97148 1.18835
760 0.143833 -0.105946 1.18835
760 -0.588021 0.23001 1.18835
760 0.787195 0.229706 1.18835
760 -0.1203 0.722777 1.18835
760 0.433149 0.516141 1.18835
760 -0.0208283 -0.57626 1.18835
760 0.378003 -0.19334 1.18835
760 -0.113154 -0.15504 1.18835
760 0.314006 0.316552 7.47154
760 0.0277299 0.921694 1.18835
760 0.823229 -0.0167449 7.47154
760 -0.303114 -0.537759 1.18835
760 -0.182406 -0.0953365 1.18835
760 0.293021 0.162999 7.47154
760 0.729514 0.173651 1.18835
760 -0.0101378 0.261944 1.18835
760 -0.6939 -0.72917 1.18835
760 0.34293 0.914911 1.18835
760 0.293294 -0.129947 1.18835
760 0.62983 0.679914 1.18835
