43 0.308724 -0.758389 3.86262
43 -0.181726 -1.16065 4.38146
43 -1.33505 -0.30713 5.59743
43 1.18236 -0.689716 3.17594
43 -0.936672 0.628353 0.0948448
43 1.01508 0.114735 2.55579
43 0.473126 -1.18914 3.8518
43 0.765826 0.720142 1.93432
43 0.573905 0.668042 1.83068
43 1.23661 0.424561 2.27705
43 -0.372121 0.835235 0.682129
43 0.926793 0.976429 1.83408
43 0.577228 0.716967 1.81035
43 -0.242748 -1.25787 4.415
43 -0.643047 0.729624 0.331224
43 1.04917 -0.857083 3.32323
43 0.571482 0.599744 1.89826
43 0.272751 -0.722379 3.87526
43 0.74166 -0.832738 3.49125
43 0.258352 1.39982 1.25822
43 0.813559 -0.435893 3.14938
43 0.792413 -0.237539 2.98001
43 0.702452 0.693348 1.91631
43 1.08313 0.840339 1.98379
43 -0.934775 0.808868 0.172622
43 -0.932277 0.369108 6.11778
43 1.0084 0.536807 2.15352
43 -0.979604 -0.408611 5.34666
43 -0.817942 0.336104 6.10865
43 -1.16886 0.441967 6.12768
43 0.76683 -0.0632359 2.78825
43 -1.12294 -0.0877388 5.6744
43 0.605339 0.850157 1.72577
43 0.851048 0.522324 2.13612
43 0.354731 1.35959 1.35091
43 0.0881515 -0.89875 4.14709
43 -1.23774 0.780837 0.0818738
43 1.13428 -0.217031 2.83012
43 -0.799349 -0.544863 5.1339
43 0.506072 -0.985722 3.74991
43 -0.860887 0.636947 0.115954
43 0.19086 -0.991503 4.0525
43 -0.316729 -1.08364 4.51756
43 -0.404815 1.25586 0.78351
43 -0.650821 -1.15174 4.71727
43 0.917699 0.402879 2.24543
43 -0.141487 1.02281 0.948335
43 -1.02185 -0.859515 5.08848
43 -1.11632 0.448883 6.14867
43 -0.108624 -1.05315 4.31374
43 0.707884 1.08814 1.65
43 -1.06981 -0.613423 5.23752
43 -0.829687 -0.0251203 5.67377
43 -0.901609 0.162362 5.90477
43 -0.131789 1.29968 0.967594
43 -0.926863 -0.451438 5.28395
43 -0.266413 -1.10919 4.45876
43 -0.69605 0.903434 0.43676
43 -0.830954 -0.771206 5.01331
43 0.596299 -0.537336 3.41183
43 -1.14989 -0.0371765 5.71135
43 1.0599 0.308055 2.35821
43 -1.23654 0.623424 6.21936
43 -1.26635 0.437617 6.10411
43 1.06624 -0.552325 3.12823
43 1.04796 0.149559 2.54491
43 -0.0225407 -1.10946 4.27119
43 -0.9203 -0.715516 5.11752
43 1.07652 0.508934 2.19996
43 0.780806 1.08946 1.70556
43 0.247819 -1.05606 4.0195
43 -0.914322 -0.045879 5.66007
43 -0.678559 -0.732444 4.9348
43 0.424322 0.950263 1.56321
43 -1.3073 0.197532 5.9164
43 0.184169 1.27212 1.22726
43 -1.05559 0.320259 6.03664
43 1.17596 0.588729 2.17363
43 0.101248 1.18533 1.19367
43 -0.359575 -0.979735 4.56223
43 -0.936114 -0.815536 5.07219
43 -0.586854 0.855337 0.506004
43 -0.5854 -0.552053 4.97881
43 1.25231 0.121133 2.55429
43 -0.744999 1.00825 0.463462
43 1.05777 -0.460092 3.0688
43 -1.41295 0.0390527 5.83086
43 0.580725 1.02564 1.59757
43 -1.30672 0.579988 6.19997
43 -0.914595 0.918854 0.240487
43 -0.354498 -1.09497 4.51098
43 -0.698433 -1.05052 4.78671
43 0.829283 -0.281866 3.01255
43 0.0798447 0.962445 1.20423
43 -1.134 0.379861 6.07002
43 -1.08614 -0.158238 5.60372
43 -0.886213 0.870406 0.252023
43 0.314975 -0.913438 3.90947
43 -0.354807 0.898676 0.731339
43 -0.700825 1.09586 0.530063
43 -0.766831 -0.247215 5.41174
43 0.00439398 -1.18588 4.2357
43 -0.856223 1.12634 0.455749
43 0.281317 0.902496 1.46745
43 -1.20392 -0.620622 5.29412
43 -0.701445 1.16051 0.563243
43 -1.21836 -0.166567 5.63346
43 -0.515749 1.07238 0.651213
43 -0.962271 -0.633849 5.16779
43 -0.96633 -0.567324 5.21965
43 -0.710365 1.21169 0.582682
43 0.993551 -0.676734 3.24219
43 0.581816 -0.606926 3.48278
43 0.776316 0.0659335 2.61314
43 1.13905 -0.668391 3.18262
43 0.909914 0.0132824 2.67234
43 0.756616 0.345764 2.23624
43 0.860513 -0.66683 3.30976
43 0.151494 -0.852394 4.06886
43 0.0937222 -1.14872 4.18509
43 1.16036 -0.310599 2.93053
43 -0.0425067 1.01583 1.07098
43 1.11463 0.152768 2.53134
43 -0.0915733 0.978179 1.00467
43 0.0165133 -0.837117 4.19477
43 -0.690036 -0.545247 5.04663
43 0.812982 -1.07756 3.58739
43 -0.475534 1.30566 0.747038
43 -1.11983 0.83088 0.12266
43 -1.02453 0.728256 0.128637
43 0.496711 0.895368 1.61521
43 0.486782 -0.899983 3.74092
43 0.988052 -0.166829 2.84559
43 -0.0438996 -1.31139 4.24505
43 0.243798 -0.903783 3.9766
43 0.195498 -1.04264 4.06302
43 0.610734 -0.410906 3.24831
43 -0.456285 -1.22157 4.59133
43 -0.960453 1.03426 0.31629
43 0.845412 -0.622376 3.27631
43 -0.255985 -0.90113 4.4982
43 0.474665 0.97308 1.55926
43 -0.258039 -0.815452 4.52828
43 0.679971 0.929661 1.7314
43 -0.0183761 0.916195 1.11332
43 0.761475 1.14835 1.65156
43 -0.573048 0.739748 0.40467
43 0.807456 -0.393561 3.1321
43 0.82887 0.459031 2.16767
43 0.641039 0.788546 1.80767
43 -0.0317213 1.15786 1.0625
43 0.902586 -0.496297 3.15522
43 1.15282 -0.457989 3.04354
43 -0.124771 -0.947914 4.35145
43 0.265371 -1.3016 4.05528
43 0.862357 -0.767323 3.38317
43 1.00213 -0.108586 2.78808
43 -0.86499 0.0218031 5.73777
43 -1.04257 -0.134604 5.61946
43 -0.998725 -0.357441 5.40059
43 0.698491 -0.996636 3.63313
43 -0.370668 1.05596 0.759561
43 0.902945 0.864746 1.88962
43 -0.247304 1.14326 0.883808
43 0.762431 -0.625919 3.34961
43 -0.390354 -1.25782 4.53077
43 -0.644483 -1.08271 4.73116
43 0.710782 -0.578277 3.34606
43 0.0720697 1.02141 1.17691
43 -1.13425 0.938915 0.16137
43 0.0324331 1.18508 1.13278
43 0.0349641 0.892724 1.16454
43 0.106556 -1.01122 4.13713
43 0.893928 0.762311 1.94997
43 -0.719773 -0.802234 4.93746
43 0.203084 1.21535 1.25473
43 1.0778 -0.62206 3.18337
43 0.937764 -0.295643 2.98637
43 -0.493672 -0.555823 4.86739
43 0.509381 -1.13549 3.81064
43 0.8074 0.277628 2.33287
43 0.377271 0.894533 1.54014
43 1.09139 -0.416147 3.03366
43 1.1493 0.193339 2.50395
43 -0.193356 -0.707205 4.48594
43 -1.03904 -0.788243 5.14006
43 0.868859 -0.39434 3.09688
43 -0.586631 -1.184 4.69765
43 0.810111 1.04367 1.74346
43 -0.178046 0.871853 0.895984
43 -1.05217 0.4666 6.16657
43 0.642517 -0.363783 3.20227
43 -0.271753 -1.2027 4.45214
43 0.673797 -0.302398 3.10931
43 0.262694 1.25636 1.3195
43 0.690104 0.988944 1.7002
43 -0.60093 0.798296 0.429343
43 -0.95152 0.68467 0.120205
43 0.874158 0.621425 2.04905
43 -0.199679 1.17883 0.902384
43 -0.0688768 1.37486 1.01804
43 0.794387 0.222772 2.38967
43 0.146505 -1.04658 4.09545
43 0.41837 -1.00199 3.83494
43 -1.33409 0.616501 6.19647
43 -1.07196 1.01303 0.246997
43 1.04803 0.245894 2.44694
43 -0.19584 -1.07368 4.4081
43 0.745862 -0.518121 3.24888
43 -0.346483 0.991896 0.761741
43 1.28707 0.183335 2.50113
43 -0.260708 1.01781 0.856611
43 0.331573 0.79524 1.54575
43 -1.02226 -0.719109 5.16826
43 0.786272 -0.502582 3.24532
43 -0.743599 -0.337571 5.25725
43 -1.0364 0.137867 5.89385
43 1.11712 -0.167533 2.81578
43 -0.725135 -0.702632 4.96931
43 -0.171774 -1.03425 4.3912
43 0.257481 -1.10536 4.02137
43 1.00086 -0.323716 2.99844
43 0.769632 0.790155 1.87835
43 -1.01677 0.77895 0.142493
43 -0.468261 -0.999424 4.65036
43 0.297595 -1.02442 3.9425
43 -0.704244 0.647613 0.197736
43 0.83871 -0.0702134 2.76318
43 0.474968 -0.546859 3.55205
43 -0.981371 -0.171115 5.57563
43 -0.463761 -0.83046 4.71017
43 0.320764 1.08763 1.41151
43 1.02664 0.47857 2.21869
43 -0.652857 -0.493136 5.06758
43 -0.993559 0.530377 6.21754
43 0.976924 -0.211827 2.88909
43 -1.17414 -0.205415 5.59674
43 0.923767 0.919977 1.86866
43 0.116056 1.12003 1.21406
43 -0.0711231 -0.73327 4.3042
43 0.39367 1.17791 1.43123
43 -0.115134 1.34772 0.99125
43 -0.756484 0.953824 0.414606
43 0.690359 0.572682 1.97251
43 -1.34971 -0.141541 5.65788
43 -1.19077 0.0583222 5.80474
43 -0.689028 1.30006 0.604101
43 1.02418 0.815429 1.98165
43 0.532216 1.18499 1.52894
43 -0.925568 0.208839 5.9454
43 -1.23504 -0.0197923 5.73992
43 1.2138 -0.286608 2.89511
43 -1.23662 0.316142 6.00464
43 0.00297799 -1.26038 4.23748
43 -0.888777 0.251618 5.99141
43 -0.688974 0.955415 0.477067
43 -0.991444 0.865414 0.202006
43 0.811281 -0.760378 3.41103
43 -1.26837 -0.464153 5.44025
43 -0.67555 -0.857189 4.85055
43 -1.12144 0.778193 0.115776
43 0.822823 0.827466 1.87739
43 -0.823901 -0.261875 5.40523
43 -0.148146 0.940961 0.932334
43 -0.765713 0.467171 6.26957
43 0.982491 0.583992 2.13315
43 0.978824 0.469056 2.20725
43 0.223808 1.0677 1.31815
43 1.30368 0.112843 2.56205
43 -1.11191 -0.287419 5.5101
43 -0.455111 1.39815 0.780572
43 0.957148 -0.00926134 2.68658
43 -0.654018 1.13207 0.573367
43 1.02907 -0.0343362 2.68903
43 1.10593 0.241624 2.45323
43 0.933196 -0.46763 3.14706
43 -1.26821 0.36514 6.03509
43 1.18737 0.156676 2.52474
43 0.811998 -0.336119 3.06505
43 -0.307412 1.33471 0.85315
43 -0.936253 0.574689 0.0228541
43 -0.374892 -0.832535 4.6146
43 -1.34483 0.308366 5.99096
43 -0.329883 -0.881022 4.54883
43 0.575742 -1.13451 3.75481
43 0.57875 -0.898957 3.66479
43 0.956882 -0.357795 3.02822
43 -0.565773 1.04853 0.607059
43 1.35519 0.132031 2.54999
43 -0.307239 1.10282 0.84361
43 -0.238563 -0.737752 4.51653
43 -0.511669 -0.801275 4.74638
43 -0.954914 1.11258 0.36187
43 0.120595 -1.32006 4.17101
43 -1.05362 -0.433748 5.3516
43 0.105247 1.0643 1.20073
43 -0.507019 -1.04582 4.67659
43 1.00597 0.221994 2.45262
43 0.979258 -0.624916 3.2234
43 -1.09708 0.492641 6.17168
43 -0.776503 0.584195 0.118179
43 -0.242037 -1.06167 4.43292
43 0.627458 1.06101 1.62709
43 -1.318 0.423965 6.06827
43 0.903749 -0.0410098 2.72581
43 0.912021 0.147289 2.53728
43 0.188838 -0.724494 3.97943
43 0.632098 0.979476 1.66195
43 1.2712 0.0615577 2.59727
43 -0.809141 0.74111 0.190891
43 0.0203859 -1.05317 4.19871
43 0.793297 0.0172434 2.66004
43 0.228239 -0.681977 3.9199
43 0.682333 0.814948 1.79031
43 0.959745 0.752943 1.9981
43 -0.537361 -0.758331 4.79858
43 -1.21727 0.219743 5.93512
43 -0.0523183 -0.843592 4.27971
43 -0.581824 -0.491841 5.01791
43 -1.02376 0.430818 6.15374
43 -0.967403 -0.0614996 5.65791
43 0.329363 -1.05571 3.92649
43 0.749243 -0.461922 3.22388
43 -0.995578 -0.106026 5.63211
43 0.0946212 -0.756761 4.12291
43 -1.22429 -0.349639 5.49723
43 0.199446 -0.939211 4.03147
43 1.14603 0.108424 2.56674
43 -0.712104 -1.10559 4.7758
43 1.28371 -0.373848 2.93012
43 1.07279 0.629523 2.13372
43 0.733388 0.91054 1.78211
43 1.24209 -0.0362528 2.68291
43 -0.461783 -1.10843 4.6027
43 0.191327 1.40738 1.22614
43 1.19868 0.231102 2.46504
43 1.0383 -0.696943 3.2432
43 -0.579787 -0.70636 4.86181
43 1.36438 -0.0324777 2.6743
43 -0.476443 -0.879816 4.6925
43 -0.809128 1.19424 0.508412
43 0.143838 -0.792311 4.07807
43 0.977734 -0.846521 3.37149
43 0.432646 1.00556 1.54773
43 1.33614 0.0155808 2.64925
43 1.02462 0.619139 2.11756
43 1.01148 0.753251 2.0149
43 1.13992 0.372341 2.30475
43 -1.0369 -0.192161 5.57078
43 -1.15142 -0.444352 5.39478
43 -0.941249 -0.12833 5.6086
43 -0.144133 -1.30867 4.3253
43 -0.440928 1.092 0.689134
43 -0.582814 1.10565 0.62286
43 -0.897784 -0.769132 5.07123
43 0.744991 0.285246 2.29875
43 -0.747828 -0.520869 5.12122
43 -1.36574 -0.275383 5.58082
43 0.516885 0.649905 1.81349
43 0.242454 1.31494 1.26989
43 -0.909393 0.30328 6.03953
43 -0.261558 1.1938 0.877903
43 0.956627 0.120474 2.55449
43 -0.3051 1.22473 0.875377
43 1.11063 0.669099 2.12782
43 1.23013 -0.595193 3.08072
43 -1.12132 -0.231165 5.56036
43 1.13719 -0.091493 2.72822
43 0.206261 -1.14025 4.06313
43 -1.16418 0.29529 5.99618
43 0.90852 -0.153 2.85896
43 -0.863005 1.06086 0.396155
43 0.98406 -0.94591 3.42157
43 -0.688149 -0.916967 4.84269
43 -0.838712 -0.306695 5.38027
43 0.385642 -1.10964 3.90229
43 0.973306 0.287001 2.3582
43 -0.864613 -0.664933 5.10856
43 0.468656 1.14681 1.51922
43 0.887556 0.995587 1.82239
43 0.362479 1.22753 1.39684
43 -1.2599 -0.393667 5.47283
43 0.693957 -0.510402 3.28874
43 -0.25584 1.25034 0.872258
43 0.633236 -0.772422 3.53706
43 0.965391 -0.0660204 2.7423
43 0.922977 -0.403835 3.06901
43 -1.00325 -0.455883 5.32452
43 -0.444387 -0.738631 4.71517
43 0.321398 1.17133 1.37007
43 -0.687092 -0.972764 4.83387
43 -1.04886 -0.379761 5.39885
43 0.0499641 1.14054 1.14861
43 0.601814 -1.18751 3.74557
43 0.482271 -0.946485 3.75065
43 0.910191 -0.757822 3.3606
43 -1.19741 -0.0536317 5.71717
43 0.878018 -0.831731 3.42395
43 1.1619 -0.562438 3.09045
43 -0.866372 0.996619 0.355357
43 1.0367 -0.412603 3.03758
43 0.883553 0.360384 2.26097
43 1.07814 -0.0402252 2.69925
43 0.790636 -0.669018 3.37881
43 0.573489 1.08585 1.57668
43 -0.978789 0.482593 6.19733
43 -0.305784 1.1575 0.856386
43 1.04038 -0.153877 2.8141
43 0.912136 -0.873458 3.42973
43 -0.101067 -1.15755 4.28778
43 0.723566 -0.893271 3.53827
43 -1.15515 0.122679 5.88447
43 1.26802 -0.203535 2.79202
43 -1.00927 0.6578 0.0689559
43 0.629495 -1.02507 3.6789
43 0.820845 -0.938872 3.50148
43 0.881482 -0.18987 2.90731
43 0.0529939 1.42757 1.12051
43 1.04491 0.893378 1.92299
43 0.479202 1.03734 1.5504
43 -0.167805 1.08463 0.913187
43 1.04118 -0.750356 3.27049
43 -1.20837 0.125822 5.88611
43 -0.391592 -0.782798 4.64084
43 -0.910951 -0.951392 4.97665
43 -0.311152 1.40717 0.880262
43 1.05365 0.568838 2.15136
43 1.18419 -0.120735 2.7604
43 0.825285 -0.826133 3.46701
43 -1.21636 0.37861 6.04775
43 -0.641934 -0.825382 4.85176
43 0.0958385 -0.822242 4.13536
43 -0.628692 0.932886 0.510848
43 -1.06431 -0.550408 5.29524
43 1.23287 -0.152945 2.78707
43 1.00933 -0.576473 3.17767
43 0.257081 -0.853067 3.94577
43 0.947913 -0.124117 2.81197
43 -0.640471 -0.899218 4.82219
43 0.726909 0.408024 2.18124
43 -1.07437 -0.734234 5.17451
43 0.760434 -0.369927 3.12934
43 0.883097 0.816651 1.91146
43 -0.640165 1.07348 0.557211
43 -0.685435 -0.603411 5.03087
43 -1.09134 -0.0443031 5.70549
43 0.667118 1.04458 1.63482
43 -1.17693 0.632565 6.25325
43 -0.832808 0.267041 6.01666
43 -1.29189 0.498064 6.14075
43 0.577502 -1.04056 3.72165
43 0.49858 1.11461 1.52397
43 -0.197923 0.998129 0.897224
43 -0.534932 -0.843053 4.75222
43 0.568202 1.23963 1.52395
43 0.0705733 -1.32226 4.16802
43 -0.27412 -1.00459 4.49012
43 -0.898567 -0.100508 5.62553
43 -0.825709 -0.140976 5.5342
43 -0.508632 -1.20945 4.61839
43 -1.15237 -0.129732 5.63356
43 0.431538 -0.889018 3.77046
43 0.421333 1.23602 1.42962
43 0.497836 0.77528 1.67409
43 1.189 -0.239216 2.83839
43 0.879037 -1.01958 3.49487
43 -0.869574 -0.496744 5.20987
43 -0.802063 -0.959909 4.88675
43 0.304402 1.28398 1.30823
43 -0.414882 -0.9262 4.62103
43 1.09738 -0.723473 3.23278
43 0.332584 -1.10337 3.92766
43 0.0166789 1.02719 1.13168
43 -1.34329 0.14236 5.876
43 1.24503 -0.335027 2.92026
43 0.274908 -0.9423 3.94589
43 0.726391 -1.10251 3.66984
43 -1.04447 0.526128 6.21174
43 -0.85465 0.762107 0.187139
43 -0.0921747 1.05821 1.01101
43 0.332116 0.931525 1.47614
43 -0.0884737 1.25827 1.00947
43 0.402079 -1.20774 3.9116
43 0.673073 -0.409951 3.22274
43 0.809999 -0.546275 3.25549
43 -1.39434 0.348475 5.99685
43 0.197796 0.902493 1.33794
43 1.34443 0.194734 2.5075
43 -0.884629 0.801144 0.190387
43 1.09042 -0.132214 2.80169
43 0.7165 -1.04607 3.63458
43 0.729464 -0.416631 3.1975
43 0.0246118 1.37409 1.10162
43 -0.931231 0.434392 6.16087
43 0.348556 -1.16244 3.93834
43 1.12819 0.296915 2.41402
43 -0.588637 -1.06602 4.70292
43 0.0602423 -1.1787 4.17036
43 -0.358033 1.35721 0.82634
43 0.820482 -0.715041 3.39297
43 1.03047 -0.804338 3.30807
43 -0.805073 1.0439 0.436639
43 -0.925591 -0.206346 5.49356
43 0.647789 1.17391 1.59353
43 0.828871 0.880748 1.85059
43 -0.389486 0.958554 0.715113
43 -0.500142 0.872761 0.5572
43 -0.109707 1.12317 1.00304
43 0.156711 -1.17702 4.10575
43 0.354416 1.12559 1.41511
43 0.55686 0.818855 1.70812
43 -1.15722 0.880883 0.130636
43 -0.622746 1.023 0.544916
43 -0.380734 -1.03399 4.57324
43 0.380644 -1.05564 3.89857
43 -1.25818 0.71147 6.28107
43 -0.449307 1.04691 0.690013
43 0.632869 -0.599804 3.44192
43 -1.1173 -0.551208 5.30807
43 -0.816913 -0.423407 5.24805
43 0.295257 0.971829 1.43738
43 0.893191 -0.0901538 2.77123
43 0.0492935 -0.711873 4.16821
43 0.204721 -1.20403 4.0715
43 -0.238117 -0.670132 4.52719
43 -0.932861 0.104885 5.84762
43 -0.929165 0.517662 6.23709
43 -0.743466 -1.01318 4.85163
43 0.0554099 1.2794 1.13541
43 -0.469387 0.977817 0.655764
43 0.745142 1.03576 1.70991
43 1.26913 -0.279957 2.87999
43 1.08933 -0.799709 3.27033
43 -0.161998 1.38197 0.961333
43 -1.06538 -0.242895 5.5274
43 -0.733178 -0.58766 5.0564
43 0.410081 -0.77845 3.74484
43 0.195443 -0.880659 4.01731
43 0.512575 -1.23364 3.83829
43 -0.859287 -1.00369 4.90575
43 -0.0346787 1.32757 1.07141
43 1.23857 0.583804 2.18197
43 0.95033 0.543739 2.13762
43 -1.28603 -0.326569 5.54165
43 0.951984 0.222261 2.44944
43 0.615531 -0.962379 3.6546
43 0.206848 1.35132 1.25316
43 -0.910896 -0.566508 5.18158
43 0.363408 -1.00195 3.88214
43 -1.20779 0.858483 0.121056
43 -0.971732 0.147036 5.88586
43 -0.861129 -0.54488 5.17913
43 0.101755 1.37235 1.16404
43 1.32006 -0.340214 2.90488
43 0.653365 -0.980961 3.66818
43 -0.782441 1.23973 0.533903
43 -0.140675 1.17663 0.966762
43 -1.05127 0.18195 5.91109
43 0.128961 1.42005 1.18122
43 -0.848784 0.590588 0.0949474
43 1.156 0.534362 2.2047
43 0.526718 0.94298 1.61275
43 -0.593072 -0.920182 4.75974
43 0.973743 0.701981 2.02334
43 0.8601 0.305549 2.32036
43 -0.190451 1.30058 0.912279
43 0.23046 0.992484 1.34271
43 0.337959 -1.27408 3.9602
43 0.693916 0.368761 2.19538
43 -1.37193 0.104661 5.87838
43 -1.16344 0.564802 6.19672
43 1.07962 0.01991 2.65206
43 -0.839346 0.852523 0.257354
43 -1.18098 0.174927 5.91107
43 -0.100899 -0.854623 4.32571
43 1.30294 -0.167766 2.77994
43 0.164731 0.863687 1.33136
43 0.101393 -1.08285 4.15717
43 0.999994 -0.529524 3.14684
43 0.382366 -0.594374 3.68218
43 0.926037 -0.805504 3.36812
43 0.655143 -0.89682 3.62356
43 -0.174792 -0.920236 4.39558
43 1.10698 0.560094 2.17124
43 0.713979 -1.1439 3.66619
43 -1.25117 0.0880718 5.84555
43 0.929746 0.0668634 2.60694
43 -0.637747 -0.781372 4.85555
43 0.365876 0.982669 1.48408
43 0.862812 -0.89535 3.45975
43 -0.222673 1.40569 0.895164
43 -1.1705 0.502514 6.17277
43 -0.880837 0.418698 6.17779
43 0.985099 0.902239 1.90832
43 0.620943 0.911534 1.7001
43 -0.928541 0.753517 0.160644
43 1.03346 -0.224086 2.88704
43 0.824994 -1.00618 3.53229
43 1.16681 -0.177246 2.82341
43 -0.920558 0.9861 0.305844
43 1.12538 0.6182 2.13387
43 -0.632525 -0.64146 4.94657
43 0.311136 -0.849166 3.88172
43 0.881867 0.101417 2.56802
43 0.379908 0.828666 1.57018
43 0.0518024 -1.08612 4.17444
43 -0.176496 -0.975651 4.39486
43 0.832835 1.11918 1.71286
43 0.651049 -1.11917 3.70145
43 -1.18168 -0.382924 5.46303
43 0.986463 0.0663177 2.60452
43 1.1311 0.483465 2.23132
43 -1.17911 0.752467 0.0862098
43 -0.293647 -1.28977 4.45233
43 -1.05269 -0.0860829 5.64944
43 0.570159 -0.809429 3.64667
43 1.16162 0.263795 2.44034
43 1.35012 0.0683476 2.59576
43 0.438289 0.908618 1.56556
43 0.00368381 -1.32059 4.23831
43 0.526444 -0.769685 3.63211
43 -0.755722 -0.643504 5.05981
43 1.07526 0.198023 2.48233
43 0.803797 0.504497 2.14065
43 -0.445892 0.825616 0.584825
43 0.065123 -0.857656 4.15414
43 -1.119 0.0482577 5.79442
43 -0.927302 -0.351575 5.36201
43 1.17937 -0.00115763 2.67223
43 1.201 0.363383 2.34009
43 1.05732 0.762826 2.00542
43 -1.28313 0.665319 6.25185
43 0.159686 1.15332 1.2497
43 1.32523 -0.226133 2.81127
43 -0.307217 -0.972689 4.52226
43 1.11928 -0.52251 3.07633
43 -0.661002 0.790716 0.368785
43 -0.893673 -0.617271 5.1408
43 -1.32624 0.367759 6.03671
43 -1.37818 0.418773 6.0803
43 -0.153778 -0.819128 4.39263
43 -0.146024 1.44122 0.985448
43 0.974115 -0.791207 3.34162
43 0.790656 0.619073 1.99272
43 -0.847132 0.923148 0.309682
43 0.889881 -0.278795 2.98939
43 1.26294 -0.524453 3.03796
43 -1.2191 -0.232429 5.5941
43 -0.968166 0.235138 5.95232
43 -0.453938 1.19926 0.698246
43 1.0746 0.105213 2.56835
43 -1.18558 -0.506418 5.34629
43 1.23033 0.0112348 2.67669
43 -0.836908 0.448349 6.20907
43 1.18795 -0.0543952 2.69436
43 1.196 0.456249 2.25816
43 0.89726 0.20778 2.44932
43 0.764119 -0.715265 3.41652
43 1.03114 -0.624887 3.19923
43 1.00949 -0.370591 3.02084
43 -0.976765 0.723784 0.126397
43 0.949833 -0.579164 3.20665
43 0.638839 -0.83003 3.58847
43 0.373769 -0.952608 3.85129
43 -1.04176 0.371633 6.0847
43 0.458796 -1.02509 3.8159
43 -0.603358 1.22683 0.620074
43 0.807898 0.961749 1.78938
43 1.07523 -0.287123 2.94183
43 0.955761 0.357878 2.28142
43 0.995978 -0.45899 3.08221
43 -0.307182 0.920804 0.779639
43 0.441349 1.07364 1.51646
43 -0.810928 -0.877537 4.93283
43 0.307378 -0.977269 3.9403
43 1.29419 0.41419 2.30668
43 0.218561 -0.818352 3.96832
43 0.353418 -0.863516 3.85609
43 -0.884431 -0.249253 5.44743
43 0.769369 -0.577086 3.29338
43 -0.201444 -0.784611 4.46635
43 1.12937 0.00524249 2.67538
43 0.124771 -0.708663 4.07643
43 0.78634 -0.17965 2.91705
43 -0.535061 0.953264 0.563464
43 -1.25032 -0.082038 5.68996
43 0.863768 -0.33246 3.03817
43 -0.965384 -0.901798 5.03262
43 1.2164 -0.205097 2.82594
43 -1.15647 -0.329489 5.49403
43 0.847469 0.159225 2.52451
43 -0.229878 1.31348 0.920475
43 0.494209 0.710004 1.74182
43 0.957002 -0.513204 3.14651
43 1.275 0.358221 2.35693
43 1.33892 0.283241 2.43725
43 0.616554 -0.718746 3.52245
43 -0.388271 1.11193 0.745488
43 -0.992752 0.35029 6.0762
43 0.834871 -0.583675 3.26372
43 0.775213 -0.884278 3.4897
43 1.11359 -0.58621 3.13182
43 -0.685853 -0.663316 4.97737
43 -0.983356 -0.514459 5.27252
43 -0.936338 -0.496549 5.27048
43 -0.311843 -1.0361 4.50042
43 -1.07221 0.711277 0.0945329
43 -0.408872 1.31893 0.777955
43 1.21611 0.634334 2.16651
43 0.215382 -0.76991 3.96908
43 -0.794636 0.406151 6.19951
43 0.271173 1.04051 1.36908
43 -0.0871733 -0.908208 4.31153
43 0.465412 -0.852333 3.73418
43 0.00749724 -0.995284 4.20701
43 -1.01763 0.261046 5.97589
43 0.834729 -0.16919 2.90927
43 -0.117674 -1.10542 4.30931
43 0.19487 0.951438 1.32932
43 -0.968547 0.303156 6.03629
43 0.837985 1.00186 1.78039
43 0.414217 1.12163 1.47445
43 -1.2677 -0.158811 5.63222
43 -0.203304 -1.22218 4.39144
43 -0.470566 0.776279 0.567701
43 1.01073 0.325231 2.33584
43 -0.155477 -0.876087 4.39147
43 -0.223686 -1.00311 4.43467
43 -0.643008 -1.02255 4.75773
43 0.828289 0.5805 2.05242
43 -0.833553 -0.823504 4.99121
43 -1.07943 -0.475478 5.33716
43 -0.616853 -0.979021 4.7476
43 -1.1129 0.313282 6.01146
43 -0.854835 -0.921651 4.94624
43 -1.36847 0.207346 5.93244
43 1.05507 -0.09276 2.76092
43 -1.16517 0.0195701 5.78225
43 0.424117 0.756156 1.62102
43 -0.0569691 1.10638 1.04651
43 0.406984 -1.15743 3.89827
43 0.437062 -1.07578 3.83908
43 -1.26732 -0.224519 5.60126
43 0.666025 -1.06432 3.67623
43 0.112594 1.25645 1.19024
43 -0.634871 0.673574 0.29063
43 -0.0601308 -1.13411 4.27509
43 -0.868626 -0.428781 5.27234
43 1.16041 0.421376 2.26923
43 -0.667515 0.99766 0.504531
43 1.05657 0.445493 2.23511
43 1.10266 0.761805 2.04426
43 0.859657 0.701875 1.96742
43 -0.642583 -0.551145 5.03547
43 1.17423 -0.620618 3.12802
43 -0.0275903 -1.04032 4.24731
43 0.874962 0.2577 2.36571
43 -0.205197 1.11982 0.88443
43 0.446029 -1.24709 3.89749
43 1.15792 0.723903 2.07869
43 0.668269 0.520095 2.01692
43 0.825673 0.109471 2.556
43 0.378125 -0.905548 3.83992
43 -0.459677 1.35067 0.761303
43 0.872494 -0.952252 3.47227
43 0.673143 0.628562 1.94367
43 -0.562932 -1.01913 4.70376
43 0.715444 -0.342501 3.12511
43 0.665722 0.866708 1.76981
43 -1.00784 0.967544 0.235672
43 -1.11572 0.595135 6.23371
43 -0.889488 0.715329 0.151115
43 0.887137 0.464705 2.1779
43 1.00242 0.000852779 2.68218
43 0.728662 -0.674871 3.42685
43 0.142741 -0.971835 4.10306
43 0.762812 -0.996775 3.57353
43 0.507411 1.24579 1.50389
43 0.68695 -0.629044 3.42592
43 -0.651181 1.21857 0.614695
43 0.743977 0.58882 1.97741
43 -1.06154 0.953664 0.220045
43 0.918954 0.591499 2.09863
43 -0.733111 -0.873424 4.90162
43 -1.04193 0.885536 0.158183
43 -0.547593 0.880618 0.536802
43 0.243238 -1.25529 4.06521
43 -1.21937 0.448627 6.11252
43 0.974056 -0.413876 3.0587
43 1.04324 -0.50178 3.09386
43 0.86061 -0.231231 2.94253
43 -0.316621 -1.24497 4.46524
43 -0.00470027 1.08566 1.11212
43 -0.304751 -1.15135 4.47863
43 0.0619605 -1.02807 4.18091
43 -0.696535 -0.446146 5.13975
43 0.263617 0.822749 1.47416
43 0.749228 -0.773064 3.47231
43 -1.3844 -0.0159762 5.78461
43 0.340789 -1.21669 3.95603
43 0.931937 0.489791 2.16998
43 -0.990243 -0.309959 5.43192
43 1.29051 -0.114622 2.73621
43 -0.79722 -0.206122 5.43413
43 -0.210777 1.04847 0.890043
43 -1.08284 -0.682325 5.20123
43 -0.44483 -1.04561 4.6205
43 -0.0616334 -1.00372 4.27211
43 -1.06024 0.576958 6.24159
43 1.28822 0.294251 2.44977
43 0.428504 -0.949823 3.81028
43 1.26204 -0.426828 3.00218
43 -0.840511 -0.601553 5.12382
43 -0.374102 -1.14327 4.53384
43 -0.582473 -0.621638 4.90665
43 -0.916424 -0.398591 5.3249
43 -0.0986731 -1.29104 4.31414
43 1.21243 -0.542335 3.06359
43 -0.494521 1.11867 0.672384
43 0.682813 -0.460392 3.25129
43 -0.148863 1.24191 0.94943
43 0.625694 1.25226 1.55471
43 0.929421 -0.922596 3.42462
43 1.16829 0.675756 2.10314
43 -0.541746 -1.08032 4.69718
43 1.05655 0.38935 2.2822
43 0.871893 -0.449815 3.15375
43 0.784348 0.91841 1.79944
43 0.722297 0.757531 1.87912
43 -0.206968 -0.858135 4.43983
43 0.76874 -0.296338 3.04782
43 -1.06711 0.26236 5.97985
43 0.743131 0.980969 1.72999
43 -1.31924 -0.178988 5.64591
43 0.113183 -1.21105 4.1594
43 0.447771 0.806031 1.62266
43 0.768326 0.852861 1.82509
43 1.23894 -0.08859 2.71715
43 -0.804018 0.63374 0.130481
43 -0.352788 -0.641369 4.67558
43 1.10666 0.433904 2.25623
43 -1.34971 0.0399427 5.82133
43 -1.11358 0.156039 5.89853
43 0.799685 -0.115002 2.84231
43 -1.15674 -0.698481 5.24309
43 0.0419983 -0.966121 4.19327
43 -0.881507 -0.842206 5.01154
43 -0.567301 -0.961669 4.73545
43 0.910741 -0.342763 3.0277
43 -0.709088 0.820593 0.342624
43 0.134426 0.974951 1.25484
43 -1.00872 -0.250248 5.49321
43 1.12303 -0.275143 2.91946
43 0.569929 -0.982999 3.69574
43 -1.41706 0.169883 5.90476
43 0.49049 -0.600315 3.57523
43 -1.08779 0.392627 6.09262
43 -1.09598 0.89166 0.155143
43 0.502106 0.842224 1.63995
43 1.32783 -0.28179 2.86108
43 -1.19721 0.6905 0.0158736
43 -0.502632 1.19296 0.694656
43 0.736914 -0.149492 2.91023
43 0.616575 -0.922116 3.66655
43 -0.798179 -0.37309 5.26244
43 -1.09461 0.203292 5.92645
43 -0.753588 0.789827 0.293005
43 -0.69545 -0.361847 5.22815
43 0.762302 0.450455 2.16108
43 -0.866684 -0.350353 5.34734
43 1.12852 -0.0448433 2.69778
43 -0.970268 0.937772 0.239463
43 -1.13082 -0.173333 5.61277
43 0.474667 1.20024 1.5004
43 1.35701 -0.0973685 2.71265
43 0.527735 1.00346 1.58265
43 -1.40692 0.298072 5.98957
43 0.190497 -1.09234 4.07656
43 -1.21194 -0.443029 5.42207
43 0.555653 1.30083 1.48964
43 -0.751256 -0.401231 5.23066
43 -0.273726 1.43226 0.865052
43 1.20905 -0.410604 2.99861
43 0.412476 1.34859 1.38059
43 0.654838 -0.546661 3.36345
43 0.364956 1.29175 1.36899
43 -0.628844 -0.710036 4.89142
43 -0.922463 -0.29414 5.42973
43 -1.17267 0.35909 6.06341
43 -0.445813 -0.599809 4.80702
43 0.682716 0.458379 2.1072
43 1.21029 0.310269 2.40696
43 1.08871 -0.669855 3.20171
43 0.922868 0.307141 2.32611
43 -0.204731 0.950862 0.899116
43 -0.956742 -0.255223 5.4639
43 0.090163 0.904785 1.20854
43 0.557686 1.13503 1.55248
43 0.870282 0.912271 1.86584
43 0.434081 1.29362 1.41689
43 -0.377058 1.20951 0.790119
43 1.07755 -0.201096 2.83783
43 1.28819 -0.0105051 2.67779
43 0.243691 -1.17263 4.05329
43 -0.0879147 1.18668 1.0153
43 -0.0944384 1.4289 0.989728
43 0.286058 1.21392 1.32575
43 1.19362 -0.352204 2.94706
43 0.724119 -0.209871 2.97479
43 0.526595 -1.02879 3.74673
43 -0.338792 -1.19487 4.49728
43 -1.30829 -0.41626 5.46654
43 -0.253159 1.08368 0.873069
43 0.93928 -0.646142 3.23711
43 0.858086 0.0411596 2.64175
43 0.527064 1.06233 1.57359
43 -1.40399 -0.130019 5.67503
43 -1.06976 0.77835 0.124284
43 -0.923056 -0.66365 5.13898
43 -0.545852 1.13959 0.640809
43 -1.12495 -0.499607 5.33395
43 -0.923525 0.024477 5.74693
43 0.91006 0.712954 1.97905
43 -1.18725 -0.561105 5.32294
43 1.0072 0.391932 2.26611
43 -0.347602 -0.709532 4.62681
43 -0.705771 1.04221 0.500778
43 -1.0538 -0.304613 5.47164
43 0.817614 0.355909 2.24291
43 0.350912 -0.712774 3.77558
43 0.539718 -0.567178 3.49971
43 -0.283839 0.862965 0.793262
43 1.09959 -0.334105 2.9751
43 -1.02291 1.02748 0.241422
43 -1.26881 0.23943 5.94865
43 -0.384524 1.40648 0.820043
43 -0.0595093 -0.95477 4.27491
43 0.455007 -1.13308 3.85025
43 -0.206317 -1.29434 4.39537
43 -0.725207 -0.756202 4.94437
43 -0.868007 -0.187631 5.49317
43 1.27926 0.490245 2.22119
43 -1.00195 0.198447 5.93459
43 0.542869 -1.18681 3.79852
43 -0.544468 -0.666257 4.84883
43 -0.0362851 -1.1797 4.25081
43 -1.13377 -0.651668 5.24809
43 0.748815 0.506081 2.10932
43 0.46828 -0.803384 3.70231
43 -1.12895 0.716697 0.0718126
43 -1.30818 0.0832128 5.85294
43 -1.11872 -0.400863 5.41734
43 0.0750282 -1.27003 4.17119
43 -0.21846 0.901634 0.890423
43 0.780744 -0.812694 3.47668
43 -0.972662 0.0211273 5.75197
43 -0.853959 -0.722609 5.06026
43 1.20673 0.101511 2.56603
43 -0.187683 -1.11608 4.39902
43 -1.41625 0.23932 5.94752
43 -0.761798 1.07865 0.484898
43 -0.410791 -0.652268 4.7272
43 -0.84189 0.193457 5.93229
43 0.423252 -0.673425 3.68147
43 -0.02379 1.27006 1.07618
43 -0.278468 -0.763543 4.53523
43 0.556513 0.896253 1.64477
43 1.28761 -0.470015 3.01179
43 0.89765 0.532639 2.14551
43 0.170896 1.07727 1.27535
43 0.837651 0.773261 1.92467
43 -0.882146 1.17392 0.446256
43 -0.723192 0.571994 0.147953
43 -0.849091 0.541581 0.042519
43 0.0558259 -1.22637 4.1811
43 -0.911711 -0.886366 5.00919
43 -1.34666 0.521504 6.13178
43 0.92821 -0.224615 2.92096
43 -0.640942 1.32496 0.6178
43 1.14431 0.78561 2.03504
43 0.869624 -0.535043 3.20546
43 0.17252 1.01934 1.28749
43 0.154725 1.32007 1.20328
43 -0.505392 0.820768 0.570138
43 0.721254 -0.265864 3.04159
43 -0.515986 -0.98248 4.6854
43 -1.30004 -0.104105 5.67571
43 0.66728 -0.731277 3.49009
43 -0.809006 -0.662915 5.0686
43 0.629312 0.601006 1.9301
43 0.58246 0.766962 1.77599
43 -0.987034 -0.820107 5.08861
43 -1.08321 0.00268614 5.73832
43 -0.394118 -1.20248 4.53578
43 -1.10018 -0.778788 5.16814
43 -0.53303 1.25752 0.681531
43 -0.453964 1.14744 0.684921
43 0.638499 0.68674 1.86612
43 0.428946 -0.621316 3.66304
43 1.09122 0.354391 2.31438
43 0.694526 1.14376 1.61352
43 0.603155 0.544962 1.94697
43 -1.24765 0.0362095 5.80723
43 -1.4254 0.110001 5.88101
43 0.332218 1.02881 1.44092
43 0.0343656 -0.908295 4.18755
43 0.56114 -0.753874 3.63709
43 -0.605785 -1.12408 4.71038
43 -0.850766 -0.0726014 5.63985
43 0.0460461 -0.787346 4.17509
43 0.922206 -0.982366 3.462
43 0.637775 -0.654377 3.46969
43 -0.130647 -1.24675 4.32271
43 -0.587202 0.985697 0.551493
43 -1.17469 -0.278725 5.53218
43 -0.7135 1.26294 0.605678
43 0.487695 -1.07707 3.80963
43 -1.06458 0.640715 0.0192546
43 -1.10031 0.100417 5.84528
43 0.726273 1.20261 1.59773
43 1.17995 0.05961 2.60159
43 -0.41144 -0.866679 4.63039
43 1.24032 0.261001 2.45663
43 -0.786421 -0.603545 5.08235
43 1.30743 -0.0624596 2.69955
43 0.55302 -0.493597 3.40818
43 1.2012 0.509462 2.2268
43 0.356276 -0.795755 3.81473
43 -0.46059 -0.940765 4.65658
43 -0.201039 1.23549 0.914604
43 0.546853 -1.08608 3.7532
43 -1.21103 0.274846 5.98253
43 -1.01849 -0.028739 5.71437
43 -0.574672 0.928815 0.551982
43 -1.02911 -0.654792 5.19989
43 0.711665 -0.940981 3.57795
43 0.984421 0.651749 2.07103
43 1.29238 0.237641 2.46633
43 0.724773 0.639114 1.95258
43 -1.03247 -0.514093 5.29361
43 1.10656 -0.474148 3.05614
43 -0.793314 0.514799 0.0228013
43 0.501457 1.30562 1.48805
43 0.709473 -0.747266 3.4878
43 -0.751079 -0.467948 5.16113
43 -0.551195 -1.13583 4.68331
43 0.770512 -1.05416 3.60215
43 0.0369814 1.23244 1.13312
43 -0.552231 1.30825 0.677937
43 0.0924926 -0.954835 4.13999
43 -1.31155 -0.0429611 5.73913
43 0.634345 1.11733 1.60055
43 0.242862 -0.993851 4.00503
43 -1.12277 0.657463 0.0121848
43 -0.312383 -0.927799 4.54288
43 0.975931 -0.897661 3.4234
43 0.96573 0.419254 2.24358
43 -0.312839 -0.814819 4.54981
43 0.983245 0.167325 2.51759
43 0.541313 -0.935242 3.7018
43 -0.0113961 -0.939004 4.23055
43 -0.563746 1.35723 0.670809
43 0.651078 0.745253 1.81651
43 0.2869 -0.799301 3.88583
43 0.682769 -0.684757 3.45674
43 -0.792719 -0.710855 5.03754
43 0.691612 -0.795002 3.50684
43 -0.355468 1.2803 0.819838
43 -1.17979 0.811524 0.114284
43 -1.05295 0.0734968 5.81368
43 0.897343 -0.62233 3.26172
43 0.590267 -0.675427 3.52194
43 -0.874057 0.0796271 5.81116
43 -1.28865 0.304008 6.00388
43 -0.423887 1.00359 0.679907
43 -1.24376 -0.537708 5.35568
43 0.793282 0.404695 2.19848
43 -0.903249 0.659249 0.104101
43 -0.814605 -0.480851 5.2014
43 -0.0860459 -1.21156 4.28912
43 -0.831141 0.695009 0.17557
43 0.593987 1.17983 1.56037
43 -0.0610637 -1.07554 4.26895
43 0.370176 -0.647611 3.70468
43 -0.284695 0.967186 0.813475
43 0.295265 -1.14786 3.98602
43 0.0542329 -1.12815 4.16125
43 -0.416244 0.892861 0.66351
43 1.25203 0.520472 2.24779
43 -0.0217851 -0.885979 4.24234
43 -0.946909 0.879699 0.222184
43 0.458037 -0.712744 3.68333
43 1.04147 0.701406 2.03807
43 -0.000322885 -0.765206 4.22028
43 -0.708484 0.736414 0.280338
43 -0.633374 -0.435459 5.09744
43 -1.15759 0.218422 5.93664
43 -0.469657 1.25292 0.728754
43 -0.0922259 0.907634 1.00112
43 0.971044 0.857096 1.91148
43 0.192408 -1.25327 4.07795
43 -0.778089 -0.775643 4.97464
43 1.22247 -0.469947 3.02616
43 -0.413448 -0.986611 4.60915
43 -1.05456 0.837337 0.161203
43 0.305728 0.86126 1.4779
43 -0.459543 -0.780864 4.71736
43 0.19537 -1.31073 4.09357
43 0.375172 0.746704 1.60315
43 0.839205 -0.485551 3.1822
43 -0.80075 1.12972 0.50032
43 0.578269 0.963983 1.62729
43 -1.12128 0.251546 5.95766
43 0.884588 -0.707482 3.33198
43 -1.23441 -0.29507 5.53702
43 0.383591 1.05374 1.47204
43 0.925696 0.651181 2.04933
43 -0.0387396 -1.2431 4.24178
43 -0.418412 -0.702242 4.71519
43 0.692525 -0.849432 3.5367
43 1.03146 -0.277266 2.9411
43 0.828503 0.660796 1.98385
43 -0.78364 0.907237 0.362348
43 -0.734286 -0.953304 4.85712
43 -0.963875 -0.762125 5.10287
43 -0.764677 -0.835603 4.92713
43 -1.3744 -0.212127 5.61914
43 0.29176 1.35092 1.28611
43 -0.845085 0.124346 5.85318
43 0.680239 1.22486 1.59765
43 -1.28844 0.144265 5.89324
43 1.17892 -0.498101 3.04255
43 -0.594729 -0.764017 4.85746
43 0.812383 0.73135 1.93296
43 -0.0176072 -0.707245 4.24283
43 0.0458092 1.08959 1.14384
43 -0.975113 0.42441 6.16756
43 0.540844 -0.653851 3.56917
43 -0.127485 -0.718981 4.37576
43 -0.51368 -0.706492 4.82483
43 0.134225 -0.913967 4.11325
43 0.258388 1.11507 1.32489
43 0.611271 -1.08596 3.70828
43 0.133272 -1.26262 4.14831
43 0.490645 -0.655716 3.60539
43 0.776615 0.135717 2.53979
43 0.970641 1.00234 1.8624
43 1.11039 0.0688564 2.59827
43 -0.124655 -1.00323 4.34674
43 0.85809 0.411329 2.21406
43 0.717644 0.853651 1.79311
43 1.35743 -0.1669 2.76569
43 -0.868725 0.361261 6.12517
43 -1.00281 0.596432 0.00574484
43 0.977453 -0.272337 2.9635
43 -1.23375 0.512604 6.17455
43 -0.525244 -0.600691 4.86775
43 -0.013765 1.42336 1.08038
43 0.881967 1.06729 1.76464
43 -1.0962 -0.351405 5.44152
43 -0.749466 0.664375 0.196583
43 -0.792258 -1.05904 4.87257
43 -1.02776 0.0221609 5.75241
43 -0.80533 -1.00709 4.89283
43 0.944843 0.811816 1.93351
43 -0.767466 0.709935 0.20089
43 -0.416571 -1.08803 4.59475
43 0.407851 -0.833112 3.7716
43 -0.813542 0.979 0.383639
43 -0.593106 -0.839908 4.80936
43 -0.340339 -0.762889 4.6008
43 -0.651117 0.866256 0.441715
43 0.254078 1.17038 1.31469
43 -0.802936 0.817524 0.267191
43 -0.436507 -1.15882 4.58453
43 0.406306 -0.726103 3.71371
43 -0.0485434 -0.792821 4.2701
43 0.621458 -0.472602 3.30938
43 -0.461826 0.925873 0.637732
43 0.937618 -0.705502 3.30056
43 -1.33408 0.255825 5.9661
43 -0.153608 -1.19837 4.35808
43 0.202533 1.14125 1.2705
43 -0.983446 0.802479 0.144011
43 0.52179 -0.826557 3.66919
43 1.12632 -0.373506 2.9979
43 0.527299 -0.70756 3.60865
43 -0.507284 1.01791 0.645348
43 0.53955 -0.87146 3.67205
43 -0.56264 1.19463 0.635079
43 -0.49109 -0.646618 4.8339
43 -1.11696 0.536759 6.19859
43 1.12759 -0.764151 3.25572
43 -0.300512 1.28167 0.85298
43 1.05786 -0.359262 3.00587
43 -0.289796 -0.859764 4.54424
43 0.00592132 0.968329 1.12398
43 -0.227142 -0.944666 4.44185
43 0.0197518 1.32011 1.10131
43 0.763818 0.675811 1.93689
43 0.473813 -0.756289 3.68247
43 0.654553 -1.17076 3.71053
43 1.15703 -0.407241 3.00374
43 0.104601 1.3181 1.18624
43 -0.609983 1.28004 0.642351
43 0.146959 1.21694 1.21632
43 0.596219 -0.851541 3.63822
43 1.00808 0.952697 1.8827
43 -1.30015 0.00598508 5.77523
43 -0.312216 1.04506 0.818735
43 -0.509338 -0.924528 4.69411
43 -0.239828 -1.15686 4.4316
43 -0.776787 -0.913558 4.90769
43 1.03718 0.0427443 2.64334
43 -0.501147 -1.14954 4.64128
43 -1.20298 -0.120998 5.64128
43 0.839706 -0.0186683 2.71256
43 -0.675107 0.598827 0.18496
43 0.283392 -1.21784 4.01994
43 0.906471 -0.565013 3.21414
43 -1.3102 -0.247737 5.59767
43 -1.36759 -0.0852227 5.6805
43 -0.992441 0.0864141 5.82666
43 -0.120566 -0.780012 4.36479
43 0.149525 -1.11815 4.09764
43 -0.55453 -0.887593 4.75348
43 -1.21015 0.558358 6.18344
43 -0.91844 1.07168 0.361647
43 -0.974968 -0.699135 5.14302
43 -1.24395 0.164698 5.89107
43 0.431662 0.857106 1.58899
43 -0.612337 1.16178 0.608508
43 0.772283 -0.947 3.53579
43 -0.74978 0.863948 0.348327
43 -0.370675 -0.914039 4.58998
43 1.23365 0.180895 2.51672
43 -0.88701 0.48503 6.22355
43 -0.366513 1.16083 0.789848
43 0.817682 -0.873327 3.47457
43 -1.14089 -0.599459 5.28699
43 -1.26165 0.566488 6.18483
43 0.300074 -0.664724 3.82035
43 -0.0383245 1.21649 1.0576
43 -0.29131 -0.689627 4.57206
43 0.982289 -0.736755 3.29279
43 -0.758835 1.14511 0.499897
43 -1.00629 -0.603638 5.20276
43 0.392234 -1.26777 3.93268
43 -1.36978 0.472638 6.10338
43 -0.240646 1.36074 0.91985
