9 0.0726109 -0.22352 3.86262
9 -0.283946 -0.672269 4.38146
9 0.889189 -0.60692 5.59743
9 0.567006 -0.882808 3.17594
9 -0.633516 0.84631 0.0948448
9 0.624527 0.247085 2.55579
9 0.28099 -0.740461 3.8518
9 -0.513489 0.405058 1.93432
9 -0.709042 -0.246013 1.83068
9 1.00863 0.17958 2.27705
9 0.703441 -0.922491 0.682129
9 0.782588 -0.751204 1.83408
9 -0.874712 0.10759 1.81035
9 -0.0643792 -0.994574 4.415
9 0.687516 0.751458 0.331224
9 0.42723 -0.858073 3.32323
9 -0.590227 -0.236321 1.89826
9 0.338118 -0.0894458 3.87526
9 0.627574 -0.287108 3.49125
9 1.09859 0.282272 1.25822
9 0.545986 0.0998911 3.14938
9 0.217189 -0.125547 2.98001
9 -0.375772 0.307684 1.91631
9 1.12146 0.0821469 1.98379
9 -0.682878 0.649838 0.172622
9 0.0402113 1.04981 6.11778
9 0.709251 0.169147 2.15352
9 -0.543609 0.138258 5.34666
9 0.923281 0.42272 6.10865
9 -0.964458 0.556877 6.12768
9 -0.26814 -0.456405 2.78825
9 -0.640283 0.697051 5.6744
9 0.216538 0.880232 1.72577
9 -0.0976849 0.300605 2.13612
9 0.989633 0.660708 1.35091
9 0.171023 -0.386013 4.14709
9 -1.21602 -0.197996 0.0818738
9 0.562798 -0.330808 2.83012
9 -0.528425 0.309388 5.1339
9 0.471018 -0.366019 3.74991
9 -0.109812 1.02377 0.115954
9 -0.136039 -0.523407 4.0525
9 0.0179128 -0.55159 4.51756
9 -1.08846 0.55441 0.78351
9 0.367919 -0.811205 4.71727
9 -0.0647247 0.199594 2.24543
9 -0.927535 -0.638277 0.948335
9 0.0749282 -1.03853 5.08848
9 -0.788557 0.812154 6.14867
9 -0.267034 -0.240534 4.31374
9 0.785342 0.353546 1.65
9 -0.140375 -0.805646 5.23752
9 0.829171 0.431259 5.67377
9 0.386733 0.927544 5.90477
9 0.32784 1.21471 0.967594
9 -0.673449 0.231906 5.28395
9 -0.296668 -0.809198 4.45876
9 -0.112733 1.11214 0.43676
9 -0.560932 0.203366 5.01331
9 0.0248188 -0.387543 3.41183
9 -0.835248 0.579874 5.71135
9 0.377552 0.3992 2.35821
9 -1.24526 0.274358 6.21936
9 0.15942 -1.18243 6.10411
9 0.746967 -0.0450618 3.12823
9 0.752848 0.123198 2.54491
9 0.0504464 -0.481482 4.27119
9 -0.748911 -0.316426 5.11752
9 0.60274 -0.111318 2.19996
9 0.823685 0.294803 1.70556
9 -0.0566635 -0.624563 4.0195
9 0.257831 0.718773 5.66007
9 -0.584447 0.114467 4.9348
9 -0.597435 0.706123 1.56321
9 -0.766252 -0.709057 5.9164
9 1.19305 0.13332 1.22726
9 -0.73357 0.807365 6.03664
9 0.310116 -1.05499 2.17363
9 -0.518666 1.11909 1.19367
9 0.671163 -0.327521 4.56223
9 -0.128611 -1.06282 5.07219
9 0.0875338 1.16713 0.506004
9 -0.29194 0.12046 4.97881
9 1.03666 -0.289317 2.55429
9 -0.869163 -0.116575 0.463462
9 0.642686 -0.0916738 3.0688
9 0.432331 -0.786469 5.83086
9 0.719187 0.674561 1.59757
9 -0.949615 -0.581099 6.19997
9 -0.549632 1.13845 0.240487
9 -0.306022 -0.423391 4.51098
9 -0.206361 -0.92946 4.78671
9 0.319481 -0.125332 3.01255
9 -0.565338 0.927819 1.20423
9 -0.899529 0.679085 6.07002
9 -0.84818 0.43578 5.60372
9 -0.957575 -0.138821 0.252023
9 -0.0811366 -0.287736 3.90947
9 -0.589433 0.507362 0.731339
9 -0.393124 1.02544 0.530063
9 0.635557 -0.324286 5.41174
9 0.593636 -0.559696 4.2357
9 -1.00164 0.662587 0.455749
9 -1.06268 -0.153837 1.46745
9 -0.665979 -0.672012 5.29412
9 -1.05806 -0.509974 0.563243
9 -0.53417 -0.0779092 5.63346
9 -1.14441 -0.398491 0.651213
9 -0.115292 -0.888474 5.16779
9 -0.59198 -0.0537685 5.21965
9 -1.17299 0.409731 0.582682
9 0.551397 -0.282309 3.24219
9 0.435729 -0.342915 3.48278
9 -0.232358 -0.413018 2.61314
9 0.82924 -0.231974 3.18262
9 0.197552 0.286781 2.67234
9 -0.396474 -0.453147 2.23624
9 0.602258 -0.274613 3.30976
9 0.0303369 -0.238195 4.06886
9 0.557989 -0.491697 4.18509
9 0.806824 -0.353095 2.93053
9 -0.962128 -0.189155 1.07098
9 0.845427 0.213458 2.53134
9 -1.04998 -0.41605 1.00467
9 -0.0118665 -0.0660588 4.19477
9 -0.183895 0.289553 5.04663
9 0.148036 -0.680846 3.58739
9 -1.02887 0.716984 0.747038
9 -1.08978 0.314318 0.12266
9 -0.639443 -0.697883 0.128637
9 -0.752271 0.509969 1.61521
9 0.297388 -0.457309 3.74092
9 0.549151 0.184767 2.84559
9 0.296492 -0.90383 4.24505
9 -0.175233 -0.227907 3.9766
9 -0.293075 -0.584826 4.06302
9 0.227107 -0.0646346 3.24831
9 0.181566 -0.70529 4.59133
9 -0.845918 -0.830339 0.31629
9 0.666336 -0.0244696 3.27631
9 0.0646936 -0.0848245 4.4982
9 -0.495428 0.618256 1.55926
9 0.414575 -0.198278 4.52828
9 0.448855 0.861149 1.7314
9 -0.836178 -0.675888 1.11332
9 0.918977 0.646934 1.65156
9 0.641348 0.836781 0.40467
9 0.425009 0.118202 3.1321
9 -0.480251 0.208285 2.16767
9 0.0739595 0.778956 1.80767
9 -0.314722 1.18414 1.0625
9 -0.178882 -0.69013 3.15522
9 0.885549 -0.112501 3.04354
9 -0.238485 -0.0631046 4.35145
9 0.353794 -0.761498 4.05528
9 0.393777 -0.449018 3.38317
9 0.623306 0.0901313 2.78808
9 0.983396 -0.273866 5.73777
9 -0.500558 0.689594 5.61946
9 -0.40468 0.310906 5.40059
9 -0.1029 -0.659235 3.63313
9 -1.02702 -0.442233 0.759561
9 0.934996 0.224969 1.88962
9 -0.058437 1.08474 0.883808
9 0.000103502 -0.642805 3.34961
9 0.51714 -0.740404 4.53077
9 -0.24877 -0.919674 4.73116
9 0.403907 -0.101467 3.34606
9 -0.101474 0.995936 1.17691
9 -0.952356 0.853648 0.16137
9 0.22944 0.956462 1.13278
9 -0.347733 -1.10072 1.16454
9 -0.294183 -0.316687 4.13713
9 0.302757 0.609393 1.94997
9 -0.461896 -0.105536 4.93746
9 -0.429505 1.03411 1.25473
9 0.00863572 -0.7404 3.18337
9 0.123989 -0.438426 2.98637
9 0.187579 0.182997 4.86739
9 0.393305 -0.68038 3.81064
9 -0.517922 -0.382432 2.33287
9 -0.786464 0.42537 1.54014
9 0.678329 -0.0702163 3.03366
9 0.92708 -0.170888 2.50395
9 0.351901 0.0128385 4.48594
9 -0.368393 -0.877766 5.14006
9 0.0291466 -0.503017 3.09688
9 0.534679 -0.791699 4.69765
9 0.917213 0.400707 1.74346
9 0.17732 -1.223 0.895984
9 -0.375017 0.833204 6.16657
9 -0.0987903 -0.278212 3.20227
9 0.345016 -0.846209 4.45214
9 -0.0155567 -0.00749692 3.10931
9 0.0774621 1.2064 1.3195
9 0.276252 1.05798 1.7002
9 1.04665 0.548338 0.429343
9 -0.583608 0.862753 0.120205
9 0.367455 0.643847 2.04905
9 -0.804334 0.907167 0.902384
9 0.504644 1.13634 1.01804
9 -0.379309 -0.534312 2.38967
9 -0.193337 -0.396671 4.09545
9 -0.204367 -0.32816 3.83494
9 -1.18651 -0.282971 6.19647
9 -1.18799 0.548245 0.246997
9 0.608209 0.3565 2.44694
9 -0.172131 -0.479898 4.4081
9 0.253333 -0.158853 3.24888
9 -0.445919 0.833618 0.761741
9 0.725451 -0.366981 2.50113
9 -0.997311 -0.634885 0.856611
9 -0.644943 -0.717691 1.54575
9 0.18528 -0.811259 5.16826
9 0.48485 -0.00764703 3.24532
9 -0.229554 0.489872 5.25725
9 -0.261488 0.707223 5.89385
9 0.653513 -0.289593 2.81578
9 -0.343159 -0.0505943 4.96931
9 -0.00329204 -0.349993 4.3912
9 -0.233743 -0.6025 4.02137
9 0.35019 -0.259552 2.99844
9 0.324828 0.759851 1.87835
9 -0.647254 1.05323 0.142493
9 -0.466979 -0.292967 4.65036
9 -0.0138188 -0.611392 3.9425
9 0.192216 0.722256 0.197736
9 -0.108223 -0.404026 2.76318
9 0.131369 -0.126441 3.55205
9 -0.567454 0.472754 5.57563
9 -0.308765 -0.131386 4.71017
9 -0.275744 1.07286 1.41151
9 0.472333 0.655653 2.21869
9 0.127491 0.00503567 5.06758
9 -0.81411 0.596985 6.21754
9 0.37612 0.23198 2.88909
9 -0.897953 0.349905 5.59674
9 0.981453 0.259296 1.86866
9 0.0714533 0.71648 1.21406
9 0.0469716 -0.0245216 4.3042
9 -0.1922 1.16649 1.43123
9 -0.29741 1.27111 0.99125
9 -0.357405 1.0344 0.414606
9 -0.683253 0.168664 1.97251
9 -0.836371 -0.495529 5.65788
9 -0.84377 0.201814 5.80474
9 -0.784785 1.06567 0.604101
9 0.929089 0.156981 1.98165
9 0.500861 1.04926 1.52894
9 0.183665 1.03009 5.9454
9 -0.834032 -0.0120065 5.73992
9 0.851174 -0.594772 2.89511
9 -1.11096 -0.278943 6.00464
9 0.238618 -0.867785 4.23748
9 0.497122 0.946432 5.99141
9 -0.389339 0.905937 0.477067
9 0.409641 -1.14097 0.202006
9 0.220901 -0.503789 3.41103
9 -0.532274 -0.826081 5.44025
9 -0.482634 0.0549678 4.85055
9 -1.1915 0.135082 0.115776
9 0.760487 0.36527 1.87739
9 0.454041 0.36675 5.40523
9 -0.515767 -0.993703 0.932334
9 1.12526 -0.25654 6.26957
9 0.515103 0.520083 2.13315
9 0.245066 0.533287 2.20725
9 -0.598821 1.03712 1.31815
9 0.988351 -0.092559 2.56205
9 -0.752283 0.248032 5.5101
9 -1.11794 0.591382 0.780572
9 0.491659 0.232761 2.68658
9 -0.690466 0.86588 0.573367
9 0.656097 0.0533782 2.68903
9 0.708558 0.246202 2.45323
9 -0.0213162 -0.686892 3.14706
9 -1.05844 0.342353 6.03509
9 0.00894787 -0.805583 2.52474
9 0.45406 0.0821415 3.06505
9 0.622839 0.905643 0.85315
9 -0.119335 1.21612 0.0228541
9 -0.46228 -0.0772695 4.6146
9 0.0824567 -1.15492 5.99096
9 -0.326588 -0.109494 4.54883
9 0.371231 -0.597266 3.75481
9 0.550092 -0.172672 3.66479
9 0.0868832 -0.425897 3.02822
9 -1.11666 -0.459339 0.607059
9 0.924733 -0.236061 2.54999
9 -1.09627 0.262339 0.84361
9 -0.0152837 0.142427 4.51653
9 -0.409741 -0.19883 4.74638
9 -0.933058 0.810441 0.36187
9 0.696292 -0.632635 4.17101
9 -0.777769 0.311612 5.3516
9 -1.00174 0.634827 1.20073
9 -0.286348 -0.564997 4.67659
9 0.53322 0.0951374 2.45262
9 0.45128 -0.215343 3.2234
9 -0.759878 0.861556 6.17168
9 -0.05158 1.019 0.118179
9 -0.349908 -0.368998 4.43292
9 0.478665 1.0071 1.62709
9 -1.00637 0.229565 6.06827
9 0.201513 0.355809 2.72581
9 0.0230636 -0.13696 2.53728
9 -0.0129207 -0.0448331 3.97943
9 0.440223 0.767847 1.66195
9 0.68755 -0.470186 2.59727
9 -0.588152 0.816269 0.190891
9 0.24413 -0.516842 4.19871
9 -0.0263622 -0.112082 2.66004
9 0.210808 -0.0977096 3.9199
9 0.079909 0.645735 1.79031
9 0.676544 0.712018 1.9981
9 0.0355857 -0.0946498 4.79858
9 -0.698047 0.673765 5.93512
9 0.370202 -0.264622 4.27971
9 -0.0475354 0.383573 5.01791
9 -0.469273 1.04413 6.15374
9 -0.120041 0.437812 5.65791
9 0.148369 -0.453785 3.92649
9 -0.185293 -0.512064 3.22388
9 -0.265518 0.762118 5.63211
9 0.0486731 -0.160602 4.12291
9 -0.571476 -0.847653 5.49723
9 0.257864 -0.392179 4.03147
9 0.914818 -0.000420781 2.56674
9 0.276831 -0.971024 4.7758
9 0.714839 -0.648915 2.93012
9 0.818407 0.588551 2.13372
9 0.25502 0.743237 1.78211
9 0.592416 -0.402021 2.68291
9 -0.0275769 -0.891872 4.6027
9 0.884909 0.853673 1.22614
9 0.84528 0.359769 2.46504
9 0.633743 -0.421439 3.2432
9 -0.468346 0.181277 4.86181
9 0.469772 -0.953677 2.6743
9 -0.184957 -0.296046 4.6925
9 -1.27685 0.0551902 0.508412
9 0.273679 -0.266757 4.07807
9 0.325466 -0.761447 3.37149
9 0.0997537 0.840352 1.54773
9 0.756488 -0.803713 2.64925
9 0.628973 0.209926 2.11756
9 1.10075 0.168789 2.0149
9 0.628814 0.525233 2.30475
9 -0.72227 0.600848 5.57078
9 -0.681514 -0.565068 5.39478
9 -0.397787 0.634336 5.6086
9 0.0806448 -0.999407 4.3253
9 1.03496 0.494272 0.689134
9 -1.01546 0.0110283 0.62286
9 -0.668631 -0.525847 5.07123
9 -0.466637 -0.430891 2.29875
9 -0.305183 0.253183 5.12122
9 0.715251 -0.895854 5.58082
9 -0.675274 -0.359448 1.81349
9 0.997406 0.608854 1.26989
9 0.43333 0.922156 6.03953
9 -1.14083 -0.0274475 0.877903
9 0.232448 0.22874 2.55449
9 -1.02164 0.847978 0.875377
9 0.612662 -0.739183 2.12782
9 0.126183 -0.825607 3.08072
9 -0.355889 0.00496592 5.56036
9 0.520698 -0.447685 2.72822
9 0.361481 -0.541487 4.06313
9 -0.574902 0.66411 5.99618
9 0.345945 0.0708973 2.85896
9 -0.777519 -0.861556 0.396155
9 0.486801 -0.830156 3.42157
9 -0.370606 -0.308477 4.84269
9 -0.0335412 0.455238 5.38027
9 0.00826727 -0.769885 3.90229
9 0.23064 0.367924 2.3582
9 0.862127 -0.346077 5.10856
9 0.19397 1.04707 1.51922
9 0.94261 0.490121 1.82239
9 0.48547 0.981888 1.39684
9 -0.560279 -0.896449 5.47283
9 0.324414 -0.0468751 3.28874
9 0.760693 0.943365 0.872258
9 -0.0123254 -0.574771 3.53706
9 -0.224121 -0.712541 2.7423
9 0.394919 -0.339605 3.06901
9 -0.680984 0.109405 5.32452
9 -0.145412 -0.124789 4.71517
9 0.396953 1.00663 1.37007
9 0.283658 -0.511018 4.83387
9 -0.709248 0.338656 5.39885
9 -0.132318 1.10193 1.14861
9 0.14422 -0.882317 3.74557
9 -0.131594 -0.567479 3.75065
9 0.516617 -0.640841 3.3606
9 -0.71888 0.525394 5.71717
9 0.86009 -0.461285 3.42395
9 0.726906 -0.353576 3.09045
9 0.320901 -1.17277 0.355357
9 0.535674 -0.042863 3.03758
9 -0.142216 0.217929 2.26097
9 0.86072 0.122886 2.69925
9 0.140735 -0.503333 3.37881
9 0.0215979 1.14916 1.57668
9 -0.449001 1.13022 6.19733
9 -0.692335 0.790073 0.856386
9 0.670695 0.171761 2.8141
9 0.317584 -0.673267 3.42973
9 -0.173256 -0.636894 4.28778
9 0.35422 -0.486274 3.53827
9 -0.576346 0.357841 5.88447
9 0.357891 -0.813565 2.79202
9 -0.667987 0.779147 0.0689559
9 0.203998 -0.614788 3.6789
9 0.564776 -0.459017 3.50148
9 -0.0532132 -0.377628 2.90731
9 0.578797 1.05103 1.12051
9 0.221181 -1.10854 1.92299
9 0.152251 0.914312 1.5504
9 0.710468 0.458781 0.913187
9 0.535736 -0.526031 3.27049
9 -0.841175 0.504797 5.88611
9 0.39496 -0.243452 4.64084
9 0.128059 -0.941437 4.97665
9 -0.163754 1.2663 0.880262
9 0.87754 0.49021 2.15136
9 0.73854 -0.419992 2.7604
9 0.68442 -0.432718 3.46701
9 -0.951748 0.486652 6.04775
9 -0.456778 0.0196655 4.85176
9 -0.107646 -0.122177 4.13536
9 0.32512 1.05507 0.510848
9 -0.574807 -0.487362 5.29524
9 0.189962 -0.72986 2.78707
9 0.690414 -0.215732 3.17767
9 0.315195 -0.173172 3.94577
9 0.516022 0.149295 2.81197
9 -0.552011 -0.233545 4.82219
9 -0.419473 -0.68123 2.18124
9 -0.166475 -1.02059 5.17451
9 0.382602 -0.0229954 3.12934
9 0.819668 0.319196 1.91146
9 -0.435236 -1.1264 0.557211
9 -0.332236 0.170782 5.03087
9 -0.674551 0.811886 5.70549
9 0.720103 0.588247 1.63482
9 -1.04452 0.427075 6.25325
9 0.815465 0.681886 6.01666
9 -1.20395 0.072161 6.14075
9 0.00424045 -0.676779 3.72165
9 0.719428 0.552876 1.52397
9 -0.607054 -0.948901 0.897224
9 0.35511 -0.365784 4.75222
9 0.900426 0.54613 1.52395
9 0.0162533 -0.911824 4.16802
9 -0.425434 -0.180618 4.49012
9 -0.172689 0.370459 5.62553
9 0.184396 0.475686 5.5342
9 -0.0368958 -0.991734 4.61839
9 -0.718247 0.242597 5.63356
9 0.074251 -0.391808 3.77046
9 0.384666 1.06587 1.42962
9 -0.657679 0.498231 1.67409
9 0.264433 -0.69772 2.83839
9 0.231554 -0.837477 3.49487
9 -0.443769 0.37104 5.20987
9 -0.48924 -0.399232 4.88675
9 0.295726 1.16848 1.30823
9 -0.198323 -0.412382 4.62103
9 0.786788 -0.315839 3.23278
9 0.111502 -0.573742 3.92766
9 -0.968981 0.516214 1.13168
9 -1.1354 -0.121413 5.876
9 0.8233 -0.638571 2.92026
9 0.148664 -0.278953 3.94589
9 0.733397 -0.569797 3.66984
9 -0.611531 0.612808 6.21174
9 0.665698 0.965555 0.187139
9 0.159903 0.885377 1.01101
9 -0.766613 -0.105238 1.47614
9 -0.0352065 1.30041 1.00947
9 -0.0902894 -0.865616 3.9116
9 0.0972866 -0.345672 3.22274
9 0.440621 -0.0954265 3.25549
9 -1.07981 -0.324377 5.99685
9 -1.04351 0.474943 1.33794
9 0.963916 -0.140666 2.5075
9 -0.821189 0.801772 0.190387
9 0.597408 -0.0941413 2.80169
9 -0.0148454 -0.841429 3.63458
9 0.131705 -0.246764 3.1975
9 0.970078 -0.672904 1.10162
9 -0.168038 0.797798 6.16087
9 0.446809 -0.562593 3.93834
9 0.679329 0.324132 2.41402
9 -0.388268 -0.700212 4.70292
9 0.0395458 -0.754807 4.17036
9 -0.45657 1.20892 0.82634
9 0.257492 -0.479519 3.39297
9 0.754098 -0.340392 3.30807
9 0.321012 1.18024 0.436639
9 -0.185828 0.50142 5.49356
9 0.599417 0.957843 1.59353
9 0.527477 0.487108 1.85059
9 -0.590809 -1.00801 0.715113
9 1.12915 -0.433704 0.5572
9 -0.217513 1.09793 1.00304
9 0.14661 -0.70679 4.10575
9 0.204172 0.939437 1.41511
9 -0.276903 0.723384 1.70812
9 -0.99706 0.856411 0.130636
9 -0.955726 0.240736 0.544916
9 0.0228665 -0.282444 4.57324
9 0.617027 -0.405599 3.89857
9 -1.05429 -0.360613 6.28107
9 -1.03868 -0.246067 0.690013
9 0.489745 -0.272473 3.44192
9 0.537194 -0.678487 5.30807
9 -0.277411 0.382928 5.24805
9 -0.990587 -0.191653 1.43738
9 -0.0650411 -0.144978 2.77123
9 0.0830821 -0.194649 4.16821
9 0.294852 -0.717072 4.0715
9 0.496475 -0.0802433 4.52719
9 0.491738 0.654823 5.84762
9 0.12535 1.11539 6.23709
9 0.0347664 -0.531309 4.85163
9 0.889241 0.338751 1.13541
9 -1.02424 0.592824 0.655764
9 0.484908 0.822208 1.70991
9 0.926285 -0.474625 2.87999
9 0.565336 -0.597255 3.27033
9 0.637505 1.01955 0.961333
9 -0.470458 0.520667 5.5274
9 -0.503521 0.155905 5.0564
9 0.270591 -0.13936 3.74484
9 -0.0466178 -0.33617 4.01731
9 0.769922 -0.565284 3.83829
9 0.398803 -0.843321 4.90575
9 -0.113868 1.30882 1.07141
9 1.03522 0.0821932 2.18197
9 0.496285 0.559341 2.13762
9 0.112202 -1.06721 5.54165
9 0.42512 0.34092 2.44944
9 -0.169254 -0.556129 3.6546
9 0.527752 1.0107 1.25316
9 -0.608565 0.0913375 5.18158
9 0.000854766 -0.48543 3.88214
9 -1.03236 0.167707 0.121056
9 0.325829 0.808507 5.88586
9 -0.640092 0.283526 5.17913
9 0.872261 -0.885822 1.16404
9 0.650391 -0.83531 2.90488
9 0.168661 -0.518779 3.66818
9 -1.12031 0.634351 0.533903
9 -1.14347 0.266997 0.966762
9 -0.500442 0.823937 5.91109
9 0.604726 0.740172 1.18122
9 0.0537935 0.29884 0.0949474
9 1.02781 0.286015 2.2047
9 -0.137194 0.760335 1.61275
9 -0.330223 -0.257402 4.75974
9 0.861957 0.586261 2.02334
9 -0.256515 -0.145486 2.32036
9 0.670721 0.924648 0.912279
9 -0.727997 0.5967 1.34271
9 0.291766 -0.939747 3.9602
9 -0.454635 -0.661872 2.19538
9 -0.652909 -0.947951 5.87838
9 -0.902053 0.844422 6.19672
9 0.789936 -0.0908414 2.65206
9 -0.971345 0.352599 0.257354
9 -0.617447 0.667309 5.91107
9 0.100255 -0.165771 4.32571
9 0.835304 -0.711073 2.77994
9 -1.15155 0.00366919 1.33136
9 -0.141646 -0.770718 4.15717
9 0.305004 -0.332009 3.14684
9 0.273306 -0.0028888 3.68218
9 0.389042 -0.780614 3.36812
9 0.315455 -0.420225 3.62356
9 0.190948 -0.28272 4.39558
9 0.976614 0.086812 2.17124
9 0.615198 -0.663794 3.66619
9 -0.99249 -0.345561 5.84555
9 0.201982 -0.303408 2.60694
9 -0.402132 0.0690888 4.85555
9 -0.882008 0.0671667 1.48408
9 0.6273 -0.579204 3.45975
9 -0.0923246 1.27365 0.895164
9 -0.881496 -0.366139 6.17277
9 -0.234095 1.01294 6.17779
9 1.00439 0.374524 1.90832
9 0.337759 0.851732 1.7001
9 -0.308278 1.00986 0.160644
9 0.590635 0.11505 2.88704
9 0.464474 -0.646763 3.53229
9 0.700406 -0.241394 2.82341
9 -0.998033 -0.382612 0.305844
9 0.975693 0.38298 2.13387
9 -0.362368 0.153516 4.94657
9 0.295315 -0.206109 3.88172
9 0.155685 0.106023 2.56802
9 -0.728379 0.35808 1.57018
9 -0.305974 -0.652814 4.17444
9 -0.234016 0.0174185 4.39486
9 1.1218 0.0164889 1.71286
9 0.548745 -0.63677 3.70145
9 -0.91628 -0.0487501 5.46303
9 0.501492 0.303562 2.60452
9 1.04204 -0.0339925 2.23132
9 -0.346441 -1.13912 0.0862098
9 0.0990161 -0.780069 4.45233
9 -0.265158 0.903478 5.64944
9 0.558302 -0.111035 3.64667
9 0.6577 -0.0965684 2.44034
9 0.766028 -0.709605 2.59576
9 -0.0488408 0.596576 1.56556
9 0.322819 -0.724295 4.23831
9 -0.0333267 -0.427357 3.63211
9 -0.305513 0.0902036 5.05981
9 0.744392 0.0151268 2.48233
9 -0.048538 0.710182 2.14065
9 0.587841 0.878544 0.584825
9 -0.0322866 -0.176395 4.15414
9 -0.633627 0.569366 5.79442
9 -0.337031 0.491204 5.36201
9 0.916721 -0.128546 2.67223
9 0.717718 0.19087 2.34009
9 0.408627 -1.06037 2.00542
9 -0.94151 -0.696285 6.25185
9 -0.663556 1.02382 1.2497
9 0.826647 -0.410173 2.81127
9 -0.197357 -0.317296 4.52226
9 0.710148 -0.280663 3.07633
9 1.15223 0.379462 0.368785
9 -0.464481 -0.04892 5.1408
9 -0.0184628 -1.16702 6.03671
9 0.268965 -0.889383 6.0803
9 -0.189243 -0.0946129 4.39263
9 0.132954 1.31119 0.985448
9 0.575815 -0.838449 3.34162
9 0.404223 0.548723 1.99272
9 -0.773466 0.778406 0.309682
9 0.387842 0.120799 2.98939
9 0.179542 -0.950447 3.03796
9 -0.879845 -0.443695 5.5941
9 -0.435188 0.996601 5.95232
9 -0.672224 1.12495 0.698246
9 0.688535 0.349039 2.56835
9 -0.838105 -0.242723 5.34629
9 0.926136 0.0323407 2.67669
9 0.756538 0.83646 6.20907
9 0.801566 -0.503884 2.69436
9 0.629389 0.480211 2.25816
9 0.166734 -0.345846 2.44932
9 0.568266 -0.316178 3.41652
9 0.808173 -0.146454 3.19923
9 0.549799 0.0543814 3.02084
9 -0.911327 -0.101721 0.126397
9 0.476986 -0.427389 3.20665
9 0.356365 -0.417019 3.58847
9 0.608594 -0.237073 3.85129
9 -0.545155 0.868651 6.0847
9 0.0524733 -0.600361 3.8159
9 -0.728176 1.07794 0.620074
9 0.561447 0.826267 1.78938
9 0.462991 -0.269508 2.94183
9 0.186968 -0.128501 2.28142
9 0.543754 -0.123975 3.08221
9 0.227801 0.889367 0.779639
9 0.105569 0.939687 1.51646
9 -0.431481 -0.380534 4.93283
9 0.558253 -0.264431 3.9403
9 1.06654 -0.114815 2.30668
9 -0.142656 -0.150761 3.96832
9 0.229327 -0.310014 3.85609
9 -0.204012 0.410884 5.44743
9 0.39503 -0.187781 3.29338
9 -0.083352 0.00881687 4.46635
9 0.848834 -0.135226 2.67538
9 0.114815 -0.0137753 4.07643
9 -0.142887 -0.598831 2.91705
9 0.447056 1.2101 0.563464
9 -0.916518 0.211289 5.68996
9 -0.0383895 -0.503882 3.03817
9 0.441728 -0.89448 5.03262
9 0.86525 -0.259939 2.82594
9 -0.864235 -0.0407217 5.49403
9 0.165088 0.238689 2.52451
9 -1.14726 0.526722 0.920475
9 -0.762237 -0.463386 1.74182
9 0.0836854 -0.494911 3.14651
9 0.673892 -0.905269 2.35693
9 0.694298 -0.716133 2.43725
9 0.305127 -0.296384 3.52245
9 -0.880937 0.669719 0.745488
9 -0.368982 0.921172 6.0762
9 0.250363 -0.405126 3.26372
9 -0.0536287 -0.779076 3.4897
9 0.600313 -0.354532 3.13182
9 -0.439698 0.150617 4.97737
9 -0.782001 0.22162 5.27252
9 -0.442564 0.217573 5.27048
9 -0.429965 -0.47559 4.50042
9 -0.947832 0.640624 0.0945329
9 0.587183 1.11673 0.777955
9 0.994795 0.421979 2.16651
9 -0.0512176 -0.0959363 3.96908
9 0.857602 0.753211 6.19951
9 -0.178357 0.941973 1.36908
9 -0.30105 -0.165454 4.31153
9 0.386485 -0.292462 3.73418
9 0.178977 -0.478625 4.20701
9 -0.549408 0.981246 5.97589
9 -0.12501 -0.0193181 2.90927
9 -0.358714 -0.431322 4.30931
9 -0.774967 0.752303 1.32932
9 0.554601 0.663502 6.03629
9 0.617935 0.451309 1.78039
9 -0.118184 1.17266 1.47445
9 -1.08559 0.0267231 5.63222
9 0.228231 -0.820842 4.39144
9 0.43368 0.900937 0.567701
9 0.361313 0.524176 2.33584
9 -0.2104 -0.0162847 4.39147
9 -0.387817 -0.241921 4.43467
9 -0.356145 -0.76522 4.75773
9 0.409992 0.585564 2.05242
9 -0.670573 -0.0505512 4.99121
9 -0.785002 0.149192 5.33716
9 -0.236326 -0.533291 4.7476
9 -0.561063 0.725161 6.01146
9 -0.635272 -0.114191 4.94624
9 0.530148 -1.03409 5.93244
9 0.801056 -0.0573195 2.76092
9 -0.776328 0.604095 5.78225
9 -0.97339 0.105719 1.62102
9 -1.18289 0.209025 1.04651
9 0.0640127 -0.705341 3.89827
9 0.33617 -0.655137 3.83908
9 -0.914981 -0.138227 5.60126
9 0.688964 -0.580122 3.67623
9 0.904943 -0.261825 1.19024
9 1.06556 0.12011 0.29063
9 -0.0613734 -0.737372 4.27509
9 -0.40781 0.46515 5.27234
9 0.536528 0.383648 2.26923
9 0.0245701 1.18489 0.504531
9 0.558583 0.468311 2.23511
9 0.806727 -0.874325 2.04426
9 -0.134618 0.848042 1.96742
9 -0.146903 0.102514 5.03547
9 0.415919 -0.542783 3.12802
9 -0.208304 -0.488376 4.24731
9 0.0260351 0.286312 2.36571
9 0.311458 0.937228 0.88443
9 0.468261 -0.732227 3.89749
9 0.0608981 -1.07029 2.07869
9 -0.408407 -0.724322 2.01692
9 -0.173941 0.187405 2.556
9 -0.100385 -0.370058 3.83992
9 -0.248197 1.28276 0.761303
9 0.33066 -0.535635 3.47227
9 -0.7424 -0.0655818 1.94367
9 -0.476825 -0.612675 4.70376
9 0.0860466 -0.165759 3.12511
9 0.172934 0.710786 1.76981
9 -0.983173 0.724695 0.235672
9 -0.65966 0.924089 6.23371
9 -0.0282993 1.23573 0.151115
9 -0.419411 -0.260625 2.1779
9 0.612408 0.275069 2.68218
9 0.479282 -0.38968 3.42685
9 0.116029 -0.350765 4.10306
9 0.1684 -0.581652 3.57353
9 0.874534 0.784476 1.50389
9 0.602371 -0.188087 3.42592
9 -1.16621 0.474113 0.614695
9 -0.255711 0.486141 1.97741
9 -0.865416 -0.770101 0.220045
9 0.50851 0.620263 2.09863
9 -0.181812 -0.435115 4.90162
9 -0.585064 1.04836 0.158183
9 1.09675 -0.541709 0.536802
9 0.560958 -0.575619 4.06521
9 -1.16648 0.275525 6.11252
9 0.481776 -0.0943819 3.0587
9 0.702085 0.0539815 3.09386
9 0.128157 -0.0557777 2.94253
9 -0.254122 -0.856243 4.46524
9 -1.13089 -0.186801 1.11212
9 0.384384 -0.601305 4.47863
9 0.183657 -0.583536 4.18091
9 -0.269502 0.427239 5.13975
9 -0.623663 -0.871888 1.47416
9 0.0495664 -0.679304 3.47231
9 -1.03582 -0.185464 5.78461
9 0.044252 -0.823892 3.95603
9 0.181532 0.517474 2.16998
9 -0.50839 0.506678 5.43192
9 0.987467 -0.176615 2.73621
9 0.630727 0.454324 5.43413
9 -1.08471 -0.204393 0.890043
9 0.24449 -1.04422 5.20123
9 0.381518 -0.521003 4.6205
9 -0.00782819 -0.542948 4.27211
9 -0.76298 0.130828 6.24159
9 0.830808 -0.781575 2.44977
9 0.670023 -0.197985 3.81028
9 0.445876 -0.635167 3.00218
9 -0.399886 -0.014918 5.12382
9 0.269846 -0.626206 4.53384
9 -0.153175 -0.0520669 4.90665
9 0.793212 -0.465937 5.3249
9 0.179971 -0.983936 4.31414
9 0.451313 -0.428744 3.06359
9 0.350839 1.24707 0.672384
9 0.451526 -0.0340085 3.25129
9 0.964211 -0.79554 0.94943
9 0.969971 -0.314118 1.55471
9 0.169679 -0.80907 3.42462
9 0.543011 -1.00627 2.10314
9 0.0891162 -0.853945 4.69718
9 0.467183 0.412289 2.2822
9 0.0833839 -0.625261 3.15375
9 0.55592 0.599975 1.79944
9 0.0772456 0.681671 1.87912
9 -0.0122921 -0.0877194 4.43983
9 0.0904076 -0.038832 3.04782
9 -0.226778 0.116945 5.97985
9 0.349282 0.937525 1.72999
9 -0.615278 -0.130474 5.64591
9 0.176945 -0.681476 4.1594
9 -0.937426 0.194449 1.62266
9 0.454887 0.339806 1.82509
9 0.944435 -0.0711244 2.71715
9 0.601744 1.072 0.130481
9 0.153146 0.127311 4.67558
9 0.795865 0.367085 2.25623
9 -0.980674 -0.264378 5.82133
9 -0.446252 0.505735 5.89853
9 -0.140164 -0.254601 2.84231
9 0.724526 -0.761341 5.24309
9 0.39781 -0.324737 4.19327
9 -0.134806 -0.42712 5.01154
9 -0.251165 -0.674718 4.73545
9 -0.0734091 -0.578847 3.0277
9 0.759279 0.807347 0.342624
9 -0.0382494 0.653463 1.25484
9 -0.389994 0.506608 5.49321
9 0.908329 -0.352195 2.91946
9 0.118209 -0.637382 3.69574
9 0.677852 -0.835069 5.90476
9 0.524294 -0.0103063 3.57523
9 -0.822971 0.350297 6.09262
9 -0.743093 0.957185 0.155143
9 -0.636523 0.583886 1.63995
9 0.749899 -0.676966 2.86108
9 -1.13527 0.330367 0.0158736
9 -0.992998 -0.124736 0.694656
9 -0.150326 -0.417831 2.91023
9 0.412995 -0.425121 3.66655
9 -0.24618 0.323001 5.26244
9 -0.407232 0.453668 5.92645
9 0.50146 0.805961 0.293005
9 0.0755074 0.464175 5.22815
9 -0.490689 0.0656169 2.16108
9 -0.316306 0.365778 5.34734
9 0.773711 -0.146975 2.69778
9 -1.0094 0.380261 0.239463
9 -0.529076 0.431805 5.61277
9 0.413564 1.0982 1.5004
9 0.290038 -0.768552 2.71265
9 0.365623 0.970647 1.58265
9 -0.741297 -0.788216 5.98957
9 0.263769 -0.585789 4.07656
9 -0.619221 -0.791592 5.42207
9 0.657978 -0.783467 1.48964
9 -0.177798 0.527103 5.23066
9 0.00522298 1.30129 0.865052
9 0.938854 -0.401367 2.99861
9 1.18509 -0.167509 1.38059
9 0.409238 -0.0222347 3.36345
9 1.10252 0.512979 1.36899
9 -0.298876 0.00679531 4.89142
9 -0.380014 0.547661 5.42973
9 -0.349428 -0.210386 6.06341
9 0.0609299 0.182766 4.80702
9 -0.125194 -0.71201 2.1072
9 0.803351 0.0402973 2.40696
9 0.302222 -0.532235 3.20171
9 -0.135115 -0.0625744 2.32611
9 -0.714325 -0.938768 0.899116
9 -0.474682 0.584809 5.4639
9 -0.421018 -1.0688 1.20854
9 0.810418 0.54879 1.55248
9 0.934348 0.289511 1.86584
9 1.19668 0.194687 1.41689
9 -0.812659 0.958988 0.790119
9 0.526026 -0.176142 2.83783
9 0.987841 -0.041793 2.67779
9 0.505519 -0.513069 4.05329
9 -0.756828 1.00666 1.0153
9 0.669925 0.990788 0.989728
9 -0.166702 1.12001 1.32575
9 0.476857 -0.506469 2.94706
9 -0.106571 -0.339175 2.97479
9 0.0588492 -0.570657 3.74673
9 0.246379 -0.656859 4.49728
9 -0.471862 -0.904383 5.46654
9 -0.139769 1.14954 0.873069
9 0.228659 -0.634122 3.23711
9 0.0353455 -0.0849839 2.64175
9 0.0980871 1.12412 1.57359
9 -0.772079 -0.749443 5.67503
9 -1.13133 -0.331292 0.124284
9 -0.538921 -0.623251 5.13898
9 -0.982543 -0.455912 0.640809
9 -0.804736 -0.000179234 5.33395
9 0.438005 0.779964 5.74693
9 0.403137 0.804108 1.97905
9 0.44043 -0.713619 5.32294
9 0.336591 0.480957 2.26611
9 0.0200274 0.0661636 4.62681
9 -1.01165 -0.537416 0.500778
9 -0.515354 0.348498 5.47164
9 -0.475749 -0.229903 2.24291
9 0.310605 -0.0307508 3.77558
9 0.258071 -0.259022 3.49971
9 -1.00952 -0.0652748 0.793262
9 0.830667 -0.0108483 2.9751
9 -0.994664 0.793288 0.241422
9 -1.04103 -0.0393868 5.94865
9 -0.815068 1.03081 0.820043
9 0.114919 -0.482789 4.27491
9 0.535185 -0.551608 3.85025
9 0.164843 -0.875865 4.39537
9 -0.552588 0.149598 4.94437
9 -0.0159406 0.369845 5.49317
9 0.966311 -0.573647 2.22119
9 -0.484015 0.889635 5.93459
9 0.266542 -0.911454 3.79852
9 -0.0548425 0.129773 4.84883
9 -0.196817 -0.767708 4.25081
9 -0.251009 -1.01963 5.24809
9 -0.536397 -0.44384 2.10932
9 0.111944 -0.406547 3.70231
9 -0.910009 -0.569162 0.0718126
9 -1.1575 -0.171473 5.85294
9 -0.842712 -0.369064 5.41734
9 -0.195541 -0.833165 4.17119
9 0.0261898 -1.21645 0.890423
9 0.614946 -0.376947 3.47668
9 0.412045 0.704124 5.75197
9 -0.713915 -0.183001 5.06026
9 0.831012 -0.161156 2.56603
9 -0.42398 -0.35972 4.39902
9 -0.338178 -1.06044 5.94752
9 -1.23377 0.0609028 0.484898
9 0.0187345 0.183729 4.7272
9 1.01351 -0.464933 5.93229
9 0.236807 -0.126821 3.68147
9 0.114757 1.2074 1.07618
9 0.0965221 0.0368277 4.53523
9 -0.0533174 0.867495 1.64477
9 0.529476 -0.885184 3.01179
9 0.0384964 0.759493 2.14551
9 -0.981665 0.768999 1.27535
9 0.210753 0.757276 1.92467
9 -0.853867 0.811116 0.446256
9 -0.175251 0.925121 0.147953
9 0.239348 0.860812 0.042519
9 0.302944 -0.575988 4.1811
9 0.456527 -0.592085 5.00919
9 -1.16216 -0.369595 6.13178
9 0.118803 0.10436 2.92096
9 -0.58787 1.15613 0.6178
9 0.533527 -0.97036 2.03504
9 0.520416 -0.291909 3.20546
9 -0.476445 0.955374 1.28749
9 1.22081 0.0406921 1.20328
9 0.0288393 0.92814 0.570138
9 -0.0806532 -0.216443 3.04159
9 -0.575734 -0.398434 4.6854
9 -1.09079 0.102193 5.67571
9 -0.189624 -0.629309 3.49009
9 -0.0745339 -0.1767 5.0686
9 -0.404694 -0.24209 1.9301
9 -0.530588 0.567074 1.77599
9 -0.0591009 -0.954322 5.08861
9 -0.307643 0.884776 5.73832
9 0.0209433 -0.729132 4.53578
9 0.357553 -0.93676 5.16814
9 -1.08447 0.208442 0.681531
9 0.537464 1.1651 0.684921
9 -0.675069 0.0849948 1.86612
9 0.375287 -0.169783 3.66304
9 0.401956 0.465086 2.31438
9 0.761237 0.747963 1.61352
9 -0.65959 -0.0674701 1.94697
9 -1.03632 0.0446955 5.80723
9 0.899137 -0.70391 5.88101
9 -0.502875 1.03936 1.44092
9 -0.0249461 -0.350871 4.18755
9 0.160315 -0.316212 3.63709
9 0.0392382 -0.979882 4.71038
9 0.31287 0.634654 5.63985
9 0.150125 -0.242778 4.17509
9 0.111315 -0.918498 3.462
9 0.404687 -0.394135 3.46969
9 0.0277697 -0.791104 4.32271
9 0.699086 1.04322 0.551493
9 -0.977759 0.229887 5.53218
9 -0.89195 0.964695 0.605678
9 -0.0787236 -0.641565 3.80963
9 -0.601412 0.937975 0.0192546
9 -0.445603 0.775214 5.84528
9 0.612619 -1.01208 1.59773
9 0.852599 -0.050087 2.60159
9 -0.501098 -0.161623 4.63039
9 0.870936 0.297019 2.45663
9 -0.568952 0.26715 5.08235
9 0.956706 -0.227362 2.69955
9 0.278986 0.03759 3.40818
9 0.775985 -0.465227 2.2268
9 0.271083 -0.227562 3.81473
9 -0.482595 -0.212285 4.65658
9 0.914944 0.826498 0.914604
9 0.24441 -0.600238 3.7532
9 -0.828341 0.0658477 5.98253
9 0.0913848 0.741475 5.71437
9 -0.859667 0.359698 0.551982
9 -0.354151 -0.970322 5.19989
9 0.0996811 -0.677877 3.57795
9 0.69038 0.608535 2.07103
9 0.829779 0.140471 2.46633
9 -0.584812 0.0411164 1.95258
9 -0.514147 -0.4942 5.29361
9 0.321248 -0.383751 3.05614
9 0.713485 0.881085 0.0228013
9 0.959547 -0.732932 1.48805
9 0.289919 -0.477459 3.4878
9 -0.277213 0.506262 5.16113
9 -0.0109875 -0.854887 4.68331
9 0.220598 -0.743873 3.60215
9 -0.0923748 1.18881 1.13312
9 -1.21719 0.444183 0.677937
9 0.0629132 -0.325142 4.13999
9 -0.914244 0.281525 5.73913
9 0.906635 0.157268 1.60055
9 0.0262544 -0.317641 4.00503
9 -1.06259 0.507592 0.0121848
9 -0.0178112 -0.262309 4.54288
9 0.667797 -0.603363 3.4234
9 0.0682398 0.324291 2.24358
9 -0.180591 0.0890899 4.54981
9 0.342399 0.336986 2.51759
9 0.193724 -0.410442 3.7018
9 -0.259364 -0.393864 4.23055
9 -0.444946 1.24552 0.670809
9 -0.102833 0.628877 1.81651
9 0.464079 -0.0666271 3.88583
9 0.119757 -0.608182 3.45674
9 -0.421036 0.02751 5.03754
9 -0.0765932 -0.701033 3.50684
9 -0.203098 1.22986 0.819838
9 -1.25388 0.163684 0.114284
9 -0.0303821 0.939321 5.81368
9 -0.12804 -0.697586 3.26172
9 0.455072 -0.177883 3.52194
9 0.953571 -0.631137 5.81116
9 -0.928609 -0.356262 6.00388
9 0.23189 1.24812 0.679907
9 -0.0236409 -0.598638 5.35568
9 -0.486997 -0.344798 2.19848
9 0.131963 1.21882 0.104101
9 -0.42006 0.326075 5.2014
9 -0.166738 -0.841606 4.28912
9 -0.499535 0.500736 0.17557
9 0.333504 1.09906 1.56037
9 -0.113593 -0.565873 4.26895
9 0.184422 -0.070498 3.70468
9 0.749113 0.610972 0.813475
9 0.742096 -0.446686 3.98602
9 -0.229588 -0.768213 4.16125
9 0.20213 1.00507 0.66351
9 1.06314 -0.314369 2.24779
9 0.183412 -0.250931 4.24234
9 -0.637506 1.15747 0.222184
9 0.465358 -0.158136 3.68333
9 0.720831 0.355324 2.03807
9 0.195759 -0.19848 4.22028
9 1.17412 0.00417978 0.280338
9 0.128091 0.204688 5.09744
9 -0.461504 0.716507 5.93664
9 -1.24263 -0.0271547 0.728754
9 -0.885911 -0.752071 1.00112
9 1.10443 0.30634 1.91148
9 0.228839 -0.659329 4.07795
9 -0.324072 -0.188769 4.97464
9 0.743722 -0.224518 3.02616
9 0.155995 -0.438945 4.60915
9 -1.09645 -0.0663834 0.161203
9 -0.843846 -0.550471 1.4779
9 -0.415861 -0.0624503 4.71736
9 0.163562 -0.906223 4.09357
9 -0.733186 -0.612667 1.60315
9 0.23911 -0.327735 3.1822
9 -1.24433 -0.10945 0.50032
9 -0.182257 1.04399 1.62729
9 -0.543327 0.775311 5.95766
9 0.539851 -0.425208 3.33198
9 0.390165 -0.737402 5.53702
9 -0.892503 0.719148 1.47204
9 0.424332 0.669861 2.04933
9 0.361373 -0.637963 4.24178
9 -0.261311 0.16957 4.71519
9 0.521814 -0.396063 3.5367
9 0.41473 0.0715282 2.9411
9 -0.216276 0.86404 1.98385
9 -0.083679 0.952258 0.362348
9 -0.547668 -0.332826 4.85712
9 -0.481688 -0.775542 5.10287
9 -0.55766 0.00932859 4.92713
9 -0.139869 -1.11367 5.61914
9 1.12441 -0.0923043 1.28611
9 0.864015 -0.573423 5.85318
9 1.06501 -0.562955 1.59765
9 -0.448263 -1.00334 5.89324
9 0.615597 -0.202608 3.04255
9 -0.255706 -0.101151 4.85746
9 0.0822615 0.808072 1.93296
9 0.0333133 0.0250909 4.24283
9 -0.714757 0.940529 1.14384
9 -0.305052 0.813459 6.16756
9 0.500853 -0.125309 3.56917
9 -0.0546162 0.0670869 4.37576
9 -0.375813 0.19264 4.82483
9 0.00843504 -0.442247 4.11325
9 0.221476 1.02129 1.32489
9 0.716513 -0.472514 3.70828
9 -0.0686964 -0.904508 4.14831
9 0.190914 -0.216276 3.60539
9 -0.245411 -0.304312 2.53979
9 0.910987 0.347777 1.8624
9 0.774941 0.391125 2.59827
9 -0.330415 -0.209359 4.34674
9 -0.535186 -0.168045 2.21406
9 0.137074 0.686839 1.79311
9 0.247517 -0.941466 2.76569
9 0.00508674 0.953571 6.12517
9 -0.946285 0.415301 0.00574484
9 0.376094 -0.0874941 2.9635
9 -0.906011 0.176468 6.17455
9 -0.272944 0.258391 4.86775
9 0.446256 1.16602 1.08038
9 1.14318 0.177429 1.76464
9 -0.663364 0.396965 5.44152
9 -0.264115 0.612942 0.196583
9 0.461621 -0.798945 4.87257
9 -0.0277534 0.995398 5.75241
9 -0.564862 -0.646846 4.89283
9 1.04637 0.244207 1.93351
9 1.12537 0.441636 0.20089
9 -0.289062 -0.499294 4.59475
9 0.327794 -0.338927 3.7716
9 0.0881453 1.28244 0.383639
9 -0.521722 -0.0721448 4.80936
9 -0.0390073 0.0139783 4.6008
9 0.373126 0.993923 0.441715
9 0.416943 0.618142 1.31469
9 -0.172556 1.01725 0.267191
9 -0.384817 -0.5957 4.58453
9 0.0135496 -0.249047 3.71371
9 0.115752 -0.0426926 4.2701
9 -0.0173174 -0.209895 3.30938
9 -0.846296 0.724891 0.637732
9 0.794823 -0.285751 3.30056
9 0.305427 -1.0103 5.9661
9 0.426072 -0.624201 4.35808
9 0.0115494 1.10991 1.2705
9 -0.493097 1.14548 0.144011
9 -0.0262122 -0.489012 3.66919
9 0.703756 -0.032003 2.9979
9 -0.0299037 -0.377036 3.60865
9 -0.148193 -1.19918 0.645348
9 0.0303332 -0.416369 3.67205
9 -0.332979 1.12803 0.635079
9 0.0528606 0.138781 4.8339
9 -0.917697 0.520663 6.19859
9 0.765941 -0.632206 3.25572
9 0.483555 1.10358 0.85298
9 0.579926 -0.0162338 3.00587
9 -0.134407 0.0462728 4.54424
9 -0.843437 -0.280922 1.12398
9 -0.0626452 -0.26434 4.44185
9 0.0538981 1.11645 1.10131
9 -0.122064 0.678057 1.93689
9 -0.00219556 -0.305151 3.68247
9 -0.000262815 -0.927431 3.71053
9 0.249362 -0.532841 3.00374
9 0.158853 1.24633 1.18624
9 -1.212 0.296919 0.642351
9 0.548358 0.811552 1.21632
9 0.35541 -0.286453 3.63822
9 1.12155 0.0475311 1.8827
9 -1.09831 -0.0412204 5.77523
9 -1.07097 -0.562901 0.818735
9 -0.591563 -0.340609 4.69411
9 -0.139609 -0.824769 4.4316
9 -0.61591 -0.185905 4.90769
9 0.645262 0.17685 2.64334
9 0.129948 -0.781178 4.64128
9 -1.01221 0.171155 5.64128
9 0.147621 0.356342 2.71256
9 1.05937 0.378649 0.18496
9 0.385607 -0.718357 4.01994
9 0.701519 -0.132784 3.21414
9 -0.482949 -0.83344 5.59767
9 -0.878784 -0.0945217 5.6805
9 -0.15236 0.907592 5.82666
9 0.356347 -0.216688 4.36479
9 0.125226 -0.656339 4.09764
9 0.250187 -0.357613 4.75348
9 -0.902021 0.7655 6.18344
9 -1.11844 0.419077 0.361647
9 -0.524544 -0.791817 5.14302
9 -1.04328 0.00712589 5.89107
9 -0.85151 0.224623 1.58899
9 -0.478893 1.08122 0.608508
9 0.482271 -0.456953 3.53579
9 1.01869 0.670647 0.348327
9 0.177356 -0.350502 4.58998
9 0.829711 0.0789645 2.51672
9 0.395714 0.652099 6.22355
9 -0.289975 1.22715 0.789848
9 0.646592 -0.473936 3.47457
9 -0.726906 -0.581124 5.28699
9 -0.98439 0.426324 6.18483
9 0.296571 -0.108231 3.82035
9 -1.08182 0.686359 1.0576
9 0.205598 0.0604351 4.57206
9 0.800191 -0.489534 3.29279
9 -1.13371 0.063219 0.499897
9 -0.732268 -0.399802 5.20276
9 0.654185 -0.656398 3.93268
9 -0.371686 -0.947412 6.10338
9 -1.0708 0.74199 0.91985
