191 0.29877 -0.761107 3.86262
191 -0.164307 -1.08955 4.38146
191 -1.28253 -0.266876 5.59743
191 1.17434 -0.698339 3.17594
191 -0.950904 0.64606 0.0948448
191 1.02302 0.118598 2.55579
191 0.468408 -1.1827 3.8518
191 0.817921 0.733964 1.93432
191 0.573953 0.672194 1.83068
191 1.23877 0.438893 2.27705
191 -0.369792 0.828365 0.682129
191 0.881711 0.959655 1.83408
191 0.580431 0.723326 1.81035
191 -0.230806 -1.25007 4.415
191 -0.660586 0.754075 0.331224
191 1.04862 -0.857604 3.32323
191 0.575211 0.602486 1.89826
191 0.272736 -0.719385 3.87526
191 0.750768 -0.838244 3.49125
191 0.238079 1.36488 1.25822
191 0.82247 -0.433593 3.14938
191 0.794199 -0.233907 2.98001
191 0.704438 0.681542 1.91631
191 1.09211 0.844326 1.98379
191 -0.981463 0.833259 0.172622
191 -0.945241 0.373971 6.11778
191 1.01491 0.543709 2.15352
191 -0.971485 -0.394176 5.34666
191 -0.820159 0.336301 6.10865
191 -1.144 0.438681 6.12768
191 0.76772 -0.0741116 2.78825
191 -1.13986 -0.0780345 5.6744
191 0.58921 0.842268 1.72577
191 0.846465 0.518687 2.13612
191 0.350649 1.34758 1.35091
191 0.0840362 -0.927604 4.14709
191 -1.22844 0.780438 0.0818738
191 1.14523 -0.210677 2.83012
191 -0.77065 -0.531773 5.1339
191 0.510968 -0.997229 3.74991
191 -0.828866 0.609981 0.115954
191 0.190075 -0.965456 4.0525
191 -0.335761 -1.07186 4.51756
191 -0.399792 1.21989 0.78351
191 -0.645994 -1.14516 4.71727
191 0.917515 0.382516 2.24543
191 -0.144973 1.07197 0.948335
191 -1.02593 -0.859084 5.08848
191 -1.08032 0.441648 6.14867
191 -0.10763 -1.06131 4.31374
191 0.725048 1.10483 1.65
191 -1.05115 -0.601011 5.23752
191 -0.886258 -0.0274436 5.67377
191 -0.880037 0.158069 5.90477
191 -0.140828 1.26606 0.967594
191 -0.922666 -0.448716 5.28395
191 -0.268062 -1.10154 4.45876
191 -0.689595 0.89674 0.43676
191 -0.841336 -0.787483 5.01331
191 0.586757 -0.523283 3.41183
191 -1.19491 -0.0423619 5.71135
191 1.09836 0.323918 2.35821
191 -1.22735 0.614576 6.21936
191 -1.25184 0.441698 6.10411
191 1.08786 -0.563663 3.12823
191 1.06523 0.140631 2.54491
191 -0.0603716 -1.09802 4.27119
191 -0.927178 -0.714071 5.11752
191 1.08029 0.515559 2.19996
191 0.784427 1.0866 1.70556
191 0.241529 -1.05763 4.0195
191 -0.938417 -0.0481235 5.66007
191 -0.65393 -0.683914 4.9348
191 0.457673 0.940851 1.56321
191 -1.3177 0.188963 5.9164
191 0.170301 1.27235 1.22726
191 -1.04054 0.316284 6.03664
191 1.15302 0.594834 2.17363
191 0.106043 1.16989 1.19367
191 -0.377943 -1.0285 4.56223
191 -0.946233 -0.825702 5.07219
191 -0.546199 0.800044 0.506004
191 -0.5906 -0.552842 4.97881
191 1.27119 0.134661 2.55429
191 -0.743848 1.00412 0.463462
191 1.01647 -0.454075 3.0688
191 -1.40379 0.0588953 5.83086
191 0.575501 1.03429 1.59757
191 -1.28015 0.606029 6.19997
191 -0.930262 0.908496 0.240487
191 -0.335846 -1.11965 4.51098
191 -0.684919 -1.05662 4.78671
191 0.823937 -0.275334 3.01255
191 0.0920255 0.980119 1.20423
191 -1.14459 0.369293 6.07002
191 -1.0571 -0.163811 5.60372
191 -0.871592 0.881248 0.252023
191 0.315859 -0.928028 3.90947
191 -0.33838 0.881292 0.731339
191 -0.708621 1.11364 0.530063
191 -0.767202 -0.226165 5.41174
191 -0.00861015 -1.12779 4.2357
191 -0.831762 1.1256 0.455749
191 0.297123 0.916751 1.46745
191 -1.19339 -0.635404 5.29412
191 -0.713949 1.1855 0.563243
191 -1.20142 -0.152801 5.63346
191 -0.507209 1.08253 0.651213
191 -0.920589 -0.608909 5.16779
191 -0.945838 -0.549498 5.21965
191 -0.707893 1.24226 0.582682
191 0.990898 -0.680571 3.24219
191 0.556788 -0.589175 3.48278
191 0.796732 0.0683342 2.61314
191 1.13762 -0.663897 3.18262
191 0.897245 0.017087 2.67234
191 0.75779 0.347048 2.23624
191 0.833326 -0.64665 3.30976
191 0.150701 -0.835687 4.06886
191 0.0430056 -1.16745 4.18509
191 1.17322 -0.321092 2.93053
191 -0.0387389 1.01503 1.07098
191 1.12514 0.149507 2.53134
191 -0.0916194 0.973779 1.00467
191 0.0176543 -0.833422 4.19477
191 -0.705066 -0.571427 5.04663
191 0.813842 -1.07642 3.58739
191 -0.473091 1.31717 0.747038
191 -1.09653 0.815632 0.12266
191 -0.997206 0.724727 0.128637
191 0.504575 0.901754 1.61521
191 0.479476 -0.906239 3.74092
191 0.976459 -0.171616 2.84559
191 -0.0433535 -1.30772 4.24505
191 0.246574 -0.93046 3.9766
191 0.184748 -1.01282 4.06302
191 0.6157 -0.410706 3.24831
191 -0.463817 -1.22949 4.59133
191 -0.986209 1.05963 0.31629
191 0.813224 -0.595064 3.27631
191 -0.269833 -0.916954 4.4982
191 0.467234 0.990654 1.55926
191 -0.27023 -0.856419 4.52828
191 0.683333 0.927222 1.7314
191 -0.0144127 0.906922 1.11332
191 0.765504 1.16165 1.65156
191 -0.583017 0.737477 0.40467
191 0.800181 -0.392535 3.1321
191 0.850665 0.465498 2.16767
191 0.677575 0.79749 1.80767
191 -0.0432362 1.15316 1.0625
191 0.94208 -0.514054 3.15522
191 1.12349 -0.453967 3.04354
191 -0.124585 -0.951731 4.35145
191 0.260345 -1.30459 4.05528
191 0.846473 -0.738575 3.38317
191 0.987297 -0.110849 2.78808
191 -0.855561 0.027974 5.73777
191 -1.01031 -0.127201 5.61946
191 -1.03873 -0.372977 5.40059
191 0.706522 -1.00505 3.63313
191 -0.376815 1.06944 0.759561
191 0.859657 0.839085 1.88962
191 -0.242871 1.15104 0.883808
191 0.74232 -0.61148 3.34961
191 -0.392043 -1.25957 4.53077
191 -0.621376 -1.05732 4.73116
191 0.703133 -0.569619 3.34606
191 0.06197 1.02276 1.17691
191 -1.13438 0.930629 0.16137
191 0.0337369 1.20724 1.13278
191 0.0418623 0.937448 1.16454
191 0.109676 -1.0269 4.13713
191 0.967053 0.803691 1.94997
191 -0.7163 -0.776064 4.93746
191 0.199455 1.20948 1.25473
191 1.08807 -0.62198 3.18337
191 0.934186 -0.28684 2.98637
191 -0.491286 -0.555962 4.86739
191 0.511109 -1.14463 3.81064
191 0.825967 0.280959 2.33287
191 0.357757 0.869419 1.54014
191 1.08641 -0.413428 3.03366
191 1.09174 0.189496 2.50395
191 -0.19971 -0.725294 4.48594
191 -1.04503 -0.782905 5.14006
191 0.858997 -0.389283 3.09688
191 -0.594248 -1.17771 4.69765
191 0.801911 1.03153 1.74346
191 -0.180793 0.86999 0.895984
191 -1.04076 0.471135 6.16657
191 0.648182 -0.369127 3.20227
191 -0.278063 -1.21576 4.45214
191 0.672695 -0.305657 3.10931
191 0.296563 1.26882 1.3195
191 0.688159 0.990401 1.7002
191 -0.613946 0.804428 0.429343
191 -0.899059 0.668492 0.120205
191 0.805694 0.574571 2.04905
191 -0.206289 1.18858 0.902384
191 -0.0709444 1.39974 1.01804
191 0.780411 0.227842 2.38967
191 0.150731 -1.05121 4.09545
191 0.41558 -0.999522 3.83494
191 -1.33618 0.610367 6.19647
191 -1.05078 1.02486 0.246997
191 1.02658 0.244793 2.44694
191 -0.21278 -1.09823 4.4081
191 0.778752 -0.51671 3.24888
191 -0.356539 1.01243 0.761741
191 1.27675 0.199876 2.50113
191 -0.250178 0.95232 0.856611
191 0.330527 0.795659 1.54575
191 -1.03266 -0.720161 5.16826
191 0.825453 -0.544254 3.24532
191 -0.73565 -0.331506 5.25725
191 -0.995099 0.148247 5.89385
191 1.12286 -0.167376 2.81578
191 -0.745159 -0.731771 4.96931
191 -0.176646 -1.03583 4.3912
191 0.261083 -1.11631 4.02137
191 1.02897 -0.335384 2.99844
191 0.744841 0.761451 1.87835
191 -0.993193 0.779593 0.142493
191 -0.473509 -0.995883 4.65036
191 0.298301 -1.0598 3.9425
191 -0.707306 0.656142 0.197736
191 0.833465 -0.0688449 2.76318
191 0.46649 -0.558983 3.55205
191 -0.945783 -0.159336 5.57563
191 -0.463323 -0.811244 4.71017
191 0.335373 1.10252 1.41151
191 1.0414 0.482329 2.21869
191 -0.653581 -0.501281 5.06758
191 -1.01405 0.53224 6.21754
191 1.02385 -0.219705 2.88909
191 -1.16019 -0.198565 5.59674
191 0.910479 0.911118 1.86866
191 0.119543 1.11333 1.21406
191 -0.0710582 -0.744415 4.3042
191 0.415095 1.20988 1.43123
191 -0.0987705 1.32687 0.99125
191 -0.745286 0.943437 0.414606
191 0.682403 0.572682 1.97251
191 -1.365 -0.167479 5.65788
191 -1.19155 0.0413117 5.80474
191 -0.700757 1.29948 0.604101
191 1.02722 0.802592 1.98165
191 0.552673 1.22415 1.52894
191 -0.913021 0.204949 5.9454
191 -1.31185 -0.0435273 5.73992
191 1.18318 -0.269846 2.89511
191 -1.18594 0.31769 6.00464
191 0.00234943 -1.26791 4.23748
191 -0.888196 0.254543 5.99141
191 -0.68283 0.951741 0.477067
191 -1.0014 0.888538 0.202006
191 0.794604 -0.746719 3.41103
191 -1.28047 -0.466335 5.44025
191 -0.697182 -0.900198 4.85055
191 -1.09676 0.765018 0.115776
191 0.783369 0.800411 1.87739
191 -0.802416 -0.270101 5.40523
191 -0.146833 0.941325 0.932334
191 -0.795057 0.481128 6.26957
191 0.990626 0.591134 2.13315
191 0.96777 0.463931 2.20725
191 0.22317 1.06673 1.31815
191 1.31117 0.10371 2.56205
191 -1.11422 -0.285702 5.5101
191 -0.420616 1.345 0.780572
191 0.938372 -0.0113404 2.68658
191 -0.665504 1.1546 0.573367
191 1.01994 -0.0257761 2.68903
191 1.08203 0.244483 2.45323
191 0.917215 -0.474216 3.14706
191 -1.3156 0.358171 6.03509
191 1.17446 0.170162 2.52474
191 0.794746 -0.326976 3.06505
191 -0.334446 1.36304 0.85315
191 -0.964219 0.589121 0.0228541
191 -0.366915 -0.825035 4.6146
191 -1.29148 0.299313 5.99096
191 -0.333988 -0.921968 4.54883
191 0.576015 -1.14132 3.75481
191 0.578658 -0.902033 3.66479
191 0.941418 -0.34553 3.02822
191 -0.524848 0.979455 0.607059
191 1.35746 0.131722 2.54999
191 -0.297485 1.1256 0.84361
191 -0.246493 -0.746922 4.51653
191 -0.479225 -0.722384 4.74638
191 -0.948682 1.11255 0.36187
191 0.117235 -1.32152 4.17101
191 -1.03712 -0.430383 5.3516
191 0.103318 1.05962 1.20073
191 -0.513774 -1.0362 4.67659
191 0.965099 0.223636 2.45262
191 0.981603 -0.627601 3.2234
191 -1.10565 0.489911 6.17168
191 -0.722921 0.536776 0.118179
191 -0.23188 -1.04597 4.43292
191 0.632137 1.02846 1.62709
191 -1.30607 0.409262 6.06827
191 0.879631 -0.036457 2.72581
191 0.923446 0.147525 2.53728
191 0.192934 -0.730136 3.97943
191 0.632384 0.968029 1.66195
191 1.26009 0.0664234 2.59727
191 -0.837439 0.753684 0.190891
191 0.029386 -1.08931 4.19871
191 0.767877 0.0221571 2.66004
191 0.227196 -0.682307 3.9199
191 0.694906 0.865169 1.79031
191 0.983462 0.744522 1.9981
191 -0.572876 -0.810343 4.79858
191 -1.23835 0.21141 5.93512
191 -0.0530661 -0.859502 4.27971
191 -0.582747 -0.495067 5.01791
191 -1.00915 0.424941 6.15374
191 -0.997072 -0.0637878 5.65791
191 0.341494 -1.06961 3.92649
191 0.764346 -0.471645 3.22388
191 -0.95732 -0.0999802 5.63211
191 0.0911311 -0.750061 4.12291
191 -1.25263 -0.34582 5.49723
191 0.193217 -0.912456 4.03147
191 1.16334 0.110159 2.56674
191 -0.701658 -1.10897 4.7758
191 1.30096 -0.380229 2.93012
191 1.08487 0.629546 2.13372
191 0.754439 0.933891 1.78211
191 1.25751 -0.04278 2.68291
191 -0.484239 -1.15744 4.6027
191 0.199672 1.40824 1.22614
191 1.14367 0.223825 2.46504
191 1.03615 -0.703703 3.2432
191 -0.607 -0.734696 4.86181
191 1.36575 -0.0215713 2.6743
191 -0.460043 -0.856582 4.6925
191 -0.824991 1.21392 0.508412
191 0.140828 -0.780739 4.07807
191 0.987519 -0.863593 3.37149
191 0.40923 0.949964 1.54773
191 1.29802 0.0235231 2.64925
191 1.02853 0.632694 2.11756
191 1.04541 0.747452 2.0149
191 1.19396 0.392105 2.30475
191 -1.00399 -0.186114 5.57078
191 -1.16839 -0.458523 5.39478
191 -0.901741 -0.115968 5.6086
191 -0.14269 -1.26788 4.3253
191 -0.445068 1.08232 0.689134
191 -0.542825 1.03712 0.62286
191 -0.911372 -0.77662 5.07123
191 0.754736 0.289284 2.29875
191 -0.7191 -0.506443 5.12122
191 -1.35088 -0.291639 5.58082
191 0.51895 0.648521 1.81349
191 0.232089 1.25759 1.26989
191 -0.914241 0.304185 6.03953
191 -0.25763 1.21501 0.877903
191 0.965807 0.116458 2.55449
191 -0.26355 1.2664 0.875377
191 1.13284 0.652829 2.12782
191 1.22801 -0.581919 3.08072
191 -1.11236 -0.22862 5.56036
191 1.09313 -0.0764878 2.72822
191 0.210438 -1.12076 4.06313
191 -1.14443 0.291879 5.99618
191 0.890483 -0.153842 2.85896
191 -0.878842 1.0884 0.396155
191 0.985174 -0.929216 3.42157
191 -0.701595 -0.954605 4.84269
191 -0.852031 -0.298748 5.38027
191 0.388215 -1.09552 3.90229
191 0.999899 0.297359 2.3582
191 -0.88193 -0.666528 5.10856
191 0.503216 1.13384 1.51922
191 0.934452 1.02178 1.82239
191 0.359144 1.21949 1.39684
191 -1.24667 -0.397219 5.47283
191 0.715034 -0.516573 3.28874
191 -0.283292 1.32061 0.872258
191 0.644435 -0.780216 3.53706
191 0.964408 -0.0629473 2.7423
191 0.909386 -0.39725 3.06901
191 -0.984378 -0.442458 5.32452
191 -0.423206 -0.719782 4.71517
191 0.310294 1.15599 1.37007
191 -0.70735 -1.00491 4.83387
191 -1.09429 -0.412668 5.39885
191 0.0534181 1.15962 1.14861
191 0.608 -1.18918 3.74557
191 0.486788 -0.956891 3.75065
191 0.895605 -0.756771 3.3606
191 -1.25714 -0.0478308 5.71717
191 0.835025 -0.790077 3.42395
191 1.14706 -0.55002 3.09045
191 -0.871895 1.00957 0.355357
191 1.02201 -0.401822 3.03758
191 0.868149 0.357751 2.26097
191 1.06871 -0.0312444 2.69925
191 0.77044 -0.654317 3.37881
191 0.573582 1.11175 1.57668
191 -0.982816 0.483174 6.19733
191 -0.299302 1.18519 0.856386
191 1.0269 -0.151209 2.8141
191 0.86529 -0.83218 3.42973
191 -0.0790434 -1.20734 4.28778
191 0.729245 -0.89154 3.53827
191 -1.10747 0.136058 5.88447
191 1.28569 -0.174794 2.79202
191 -1.01162 0.661068 0.0689559
191 0.610419 -0.997222 3.6789
191 0.830762 -0.951446 3.50148
191 0.930782 -0.207442 2.90731
191 0.0561953 1.42759 1.12051
191 1.04874 0.905557 1.92299
191 0.48669 1.04556 1.5504
191 -0.186274 1.12498 0.913187
191 1.03805 -0.753001 3.27049
191 -1.17644 0.136272 5.88611
191 -0.384482 -0.775271 4.64084
191 -0.91446 -0.954473 4.97665
191 -0.269949 1.37201 0.880262
191 1.05376 0.578538 2.15136
191 1.14222 -0.109257 2.7604
191 0.805181 -0.831928 3.46701
191 -1.25208 0.374705 6.04775
191 -0.660686 -0.865591 4.85176
191 0.0903954 -0.818247 4.13536
191 -0.62734 0.930864 0.510848
191 -1.06969 -0.539588 5.29524
191 1.17973 -0.144299 2.78707
191 1.0294 -0.591704 3.17767
191 0.261953 -0.87713 3.94577
191 0.935936 -0.127262 2.81197
191 -0.650647 -0.929687 4.82219
191 0.73729 0.406039 2.18124
191 -1.09066 -0.723391 5.17451
191 0.754683 -0.370633 3.12934
191 0.832823 0.786702 1.91146
191 -0.649528 1.09813 0.557211
191 -0.702436 -0.623048 5.03087
191 -1.09476 -0.0414121 5.70549
191 0.675219 1.07033 1.63482
191 -1.18629 0.644566 6.25325
191 -0.832387 0.267655 6.01666
191 -1.27741 0.496856 6.14075
191 0.565715 -1.01911 3.72165
191 0.463518 1.09034 1.52397
191 -0.181986 1.02007 0.897224
191 -0.511262 -0.788305 4.75222
191 0.580687 1.27837 1.52395
191 0.069336 -1.31463 4.16802
191 -0.274538 -0.9742 4.49012
191 -0.860763 -0.0846405 5.62553
191 -0.82384 -0.147254 5.5342
191 -0.518348 -1.20454 4.61839
191 -1.09289 -0.118094 5.63356
191 0.429884 -0.888961 3.77046
191 0.428614 1.26583 1.42962
191 0.485453 0.766331 1.67409
191 1.23228 -0.228426 2.83839
191 0.88847 -1.01544 3.49487
191 -0.883294 -0.503758 5.20987
191 -0.759592 -0.934088 4.88675
191 0.292456 1.32284 1.30823
191 -0.398173 -0.903385 4.62103
191 1.10266 -0.728577 3.23278
191 0.336963 -1.11872 3.92766
191 0.0141528 1.05377 1.13168
191 -1.31841 0.11936 5.876
191 1.25599 -0.336387 2.92026
191 0.28433 -0.965547 3.94589
191 0.696073 -1.12093 3.66984
191 -1.0652 0.53319 6.21174
191 -0.879705 0.786133 0.187139
191 -0.0960196 1.03504 1.01101
191 0.343905 0.948896 1.47614
191 -0.0849966 1.26726 1.00947
191 0.404786 -1.20352 3.9116
191 0.6823 -0.416301 3.22274
191 0.864021 -0.590256 3.25549
191 -1.41103 0.318966 5.99685
191 0.203137 0.911958 1.33794
191 1.3334 0.186244 2.5075
191 -0.926445 0.807054 0.190387
191 1.07913 -0.136006 2.80169
191 0.724786 -1.05983 3.63458
191 0.740556 -0.427066 3.1975
191 0.0202339 1.37603 1.10162
191 -0.902958 0.415363 6.16087
191 0.351116 -1.16794 3.93834
191 1.12736 0.283395 2.41402
191 -0.565089 -1.02266 4.70292
191 0.0687849 -1.12249 4.17036
191 -0.361548 1.31242 0.82634
191 0.799887 -0.698929 3.39297
191 1.01949 -0.803919 3.30807
191 -0.815418 1.06094 0.436639
191 -0.949358 -0.223939 5.49356
191 0.631827 1.13872 1.59353
191 0.801547 0.858417 1.85059
191 -0.372665 0.9388 0.715113
191 -0.535304 0.864379 0.5572
191 -0.0976275 1.11508 1.00304
191 0.15617 -1.18521 4.10575
191 0.368403 1.16164 1.41511
191 0.539121 0.79188 1.70812
191 -1.17471 0.88058 0.130636
191 -0.640079 1.04781 0.544916
191 -0.399415 -1.07935 4.57324
191 0.36881 -1.02981 3.89857
191 -1.25947 0.716825 6.28107
191 -0.426224 1.0283 0.690013
191 0.609391 -0.576585 3.44192
191 -1.12229 -0.554204 5.30807
191 -0.818249 -0.41563 5.24805
191 0.295996 0.977877 1.43738
191 0.901745 -0.0846944 2.77123
191 0.0465064 -0.708955 4.16821
191 0.205403 -1.16913 4.0715
191 -0.233731 -0.674709 4.52719
191 -0.970862 0.0955219 5.84762
191 -0.951505 0.527042 6.23709
191 -0.762481 -1.06723 4.85163
191 0.0628596 1.32348 1.13541
191 -0.46541 0.970536 0.655764
191 0.737779 1.03841 1.70991
191 1.24374 -0.283422 2.87999
191 1.07915 -0.799801 3.27033
191 -0.155627 1.32496 0.961333
191 -1.05542 -0.230047 5.5274
191 -0.752032 -0.610324 5.0564
191 0.411087 -0.778739 3.74484
191 0.196429 -0.862741 4.01731
191 0.505309 -1.23008 3.83829
191 -0.854806 -1.00032 4.90575
191 -0.0327201 1.34401 1.07141
191 1.20131 0.574915 2.18197
191 0.942333 0.562198 2.13762
191 -1.31662 -0.337405 5.54165
191 0.903225 0.214628 2.44944
191 0.659043 -0.973644 3.6546
191 0.216399 1.31304 1.25316
191 -0.886618 -0.557668 5.18158
191 0.35609 -0.978202 3.88214
191 -1.20688 0.83781 0.121056
191 -0.93634 0.143139 5.88586
191 -0.833732 -0.523086 5.17913
191 0.0990624 1.37167 1.16404
191 1.31674 -0.330629 2.90488
191 0.653406 -1.02801 3.66818
191 -0.770563 1.23997 0.533903
191 -0.13499 1.15433 0.966762
191 -1.05073 0.189088 5.91109
191 0.133833 1.42001 1.18122
191 -0.789917 0.554176 0.0949474
191 1.15233 0.528626 2.2047
191 0.529902 0.949862 1.61275
191 -0.590672 -0.919458 4.75974
191 0.911885 0.671348 2.02334
191 0.876893 0.302433 2.32036
191 -0.216225 1.31128 0.912279
191 0.239122 1.01419 1.34271
191 0.340886 -1.27826 3.9602
191 0.696998 0.369088 2.19538
191 -1.36697 0.131157 5.87838
191 -1.18887 0.563222 6.19672
191 1.0878 0.0296641 2.65206
191 -0.840791 0.84207 0.257354
191 -1.15232 0.180047 5.91107
191 -0.0994565 -0.829689 4.32571
191 1.23371 -0.153288 2.77994
191 0.172806 0.864598 1.33136
191 0.101785 -1.0889 4.15717
191 1.02442 -0.545704 3.14684
191 0.380358 -0.599139 3.68218
191 0.919701 -0.798424 3.36812
191 0.669622 -0.92106 3.62356
191 -0.166016 -0.9138 4.39558
191 1.10594 0.566937 2.17124
191 0.742901 -1.12573 3.66619
191 -1.21661 0.0886983 5.84555
191 0.940752 0.0640192 2.60694
191 -0.648918 -0.816365 4.85555
191 0.374199 1.00238 1.48408
191 0.880655 -0.904774 3.45975
191 -0.257353 1.43017 0.895164
191 -1.16315 0.499726 6.17277
191 -0.836402 0.406214 6.17779
191 0.980296 0.902802 1.90832
191 0.624329 0.904925 1.7001
191 -0.885864 0.72646 0.160644
191 1.09172 -0.24018 2.88704
191 0.832197 -1.01163 3.53229
191 1.19335 -0.198956 2.82341
191 -0.931293 0.991494 0.305844
191 1.1933 0.665899 2.13387
191 -0.631546 -0.624765 4.94657
191 0.317353 -0.876144 3.88172
191 0.8918 0.0982331 2.56802
191 0.387276 0.821536 1.57018
191 0.0621047 -1.04752 4.17444
191 -0.175184 -0.975007 4.39486
191 0.829126 1.11933 1.71286
191 0.630805 -1.11437 3.70145
191 -1.1916 -0.376287 5.46303
191 1.0018 0.0680717 2.60452
191 1.12513 0.480257 2.23132
191 -1.16784 0.756373 0.0862098
191 -0.279218 -1.28883 4.45233
191 -1.05144 -0.0873066 5.64944
191 0.586584 -0.852437 3.64667
191 1.17736 0.270184 2.44034
191 1.35478 0.0599071 2.59576
191 0.405979 0.891685 1.56556
191 0.00354485 -1.32561 4.23831
191 0.552426 -0.766529 3.63211
191 -0.77627 -0.66571 5.05981
191 1.02942 0.195583 2.48233
191 0.797646 0.491386 2.14065
191 -0.444646 0.813704 0.584825
191 0.0760725 -0.867256 4.15414
191 -1.13108 0.0394061 5.79442
191 -0.93684 -0.355395 5.36201
191 1.17425 0.00574841 2.67223
191 1.23984 0.363096 2.34009
191 1.08611 0.788572 2.00542
191 -1.28307 0.670378 6.25185
191 0.176292 1.1526 1.2497
191 1.34578 -0.218921 2.81127
191 -0.322794 -1.01284 4.52226
191 1.11117 -0.508645 3.07633
191 -0.692392 0.825345 0.368785
191 -0.862465 -0.605287 5.1408
191 -1.38069 0.377335 6.03671
191 -1.38051 0.437171 6.0803
191 -0.156475 -0.80398 4.39263
191 -0.129922 1.38274 0.985448
191 0.967625 -0.803256 3.34162
191 0.806245 0.632185 1.99272
191 -0.875828 0.945198 0.309682
191 0.881584 -0.276985 2.98939
191 1.25627 -0.526241 3.03796
191 -1.2049 -0.224297 5.5941
191 -0.957542 0.231765 5.95232
191 -0.466205 1.18648 0.698246
191 1.08588 0.0959964 2.56835
191 -1.1786 -0.521267 5.34629
191 1.23209 -0.000334504 2.67669
191 -0.860422 0.459927 6.20907
191 1.1935 -0.0454185 2.69436
191 1.18477 0.458015 2.25816
191 0.839663 0.206021 2.44932
191 0.743291 -0.698729 3.41652
191 1.03867 -0.64127 3.19923
191 0.987795 -0.358081 3.02084
191 -0.947745 0.699585 0.126397
191 0.964514 -0.575692 3.20665
191 0.641113 -0.834958 3.58847
191 0.377549 -0.933944 3.85129
191 -1.0506 0.374312 6.0847
191 0.459533 -1.02304 3.8159
191 -0.589881 1.13364 0.620074
191 0.821357 0.975721 1.78938
191 1.07986 -0.29906 2.94183
191 0.985895 0.364204 2.28142
191 0.967829 -0.447687 3.08221
191 -0.312204 0.94241 0.779639
191 0.425628 1.03062 1.51646
191 -0.813244 -0.894841 4.93283
191 0.305872 -1.00937 3.9403
191 1.2944 0.417635 2.30668
191 0.232005 -0.825454 3.96832
191 0.340711 -0.831606 3.85609
191 -0.895544 -0.253006 5.44743
191 0.765203 -0.565291 3.29338
191 -0.213616 -0.807028 4.46635
191 1.12202 -0.00430869 2.67538
191 0.126615 -0.7056 4.07643
191 0.794903 -0.174714 2.91705
191 -0.532669 0.92139 0.563464
191 -1.21424 -0.0896181 5.68996
191 0.84744 -0.327604 3.03817
191 -0.967301 -0.901314 5.03262
191 1.28633 -0.22924 2.82594
191 -1.16376 -0.328897 5.49403
191 0.86702 0.154036 2.52451
191 -0.204465 1.3693 0.920475
191 0.495232 0.706842 1.74182
191 0.987497 -0.514061 3.14651
191 1.29922 0.356208 2.35693
191 1.31151 0.293555 2.43725
191 0.617847 -0.735498 3.52245
191 -0.413821 1.14253 0.745488
191 -0.997171 0.35481 6.0762
191 0.888804 -0.638742 3.26372
191 0.787748 -0.882489 3.4897
191 1.14826 -0.603265 3.13182
191 -0.711679 -0.682026 4.97737
191 -1.01603 -0.546012 5.27252
191 -0.952941 -0.495358 5.27048
191 -0.288801 -1.04494 4.50042
191 -1.05454 0.707431 0.0945329
191 -0.410494 1.27986 0.777955
191 1.23015 0.620912 2.16651
191 0.217277 -0.777519 3.96908
191 -0.781862 0.412998 6.19951
191 0.28248 1.07088 1.36908
191 -0.0962094 -0.897708 4.31153
191 0.468551 -0.854815 3.73418
191 0.0132463 -1.02456 4.20701
191 -1.01609 0.2571 5.97589
191 0.849098 -0.189526 2.90927
191 -0.110549 -1.1211 4.30931
191 0.213285 0.966198 1.32932
191 -0.970798 0.302992 6.03629
191 0.86393 1.0222 1.78039
191 0.412465 1.12147 1.47445
191 -1.25065 -0.164831 5.63222
191 -0.193337 -1.21397 4.39144
191 -0.480263 0.779019 0.567701
191 1.04519 0.32805 2.33584
191 -0.153999 -0.861188 4.39147
191 -0.224562 -0.993015 4.43467
191 -0.637029 -1.00536 4.75773
191 0.750521 0.543116 2.05242
191 -0.835108 -0.839865 4.99121
191 -1.07206 -0.473752 5.33716
191 -0.597572 -0.971602 4.7476
191 -1.09782 0.312884 6.01146
191 -0.857245 -0.929604 4.94624
191 -1.36781 0.210364 5.93244
191 1.03577 -0.0892831 2.76092
191 -1.23878 0.0129926 5.78225
191 0.423958 0.761838 1.62102
191 -0.0518666 1.08258 1.04651
191 0.404357 -1.1492 3.89827
191 0.433417 -1.06394 3.83908
191 -1.25599 -0.220386 5.60126
191 0.667926 -1.07412 3.67623
191 0.106547 1.24327 1.19024
191 -0.642813 0.689981 0.29063
191 -0.0690535 -1.15449 4.27509
191 -0.870962 -0.435812 5.27234
191 1.13979 0.422938 2.26923
191 -0.672113 0.999525 0.504531
191 1.01608 0.439685 2.23511
191 1.02534 0.694932 2.04426
191 0.874157 0.715883 1.96742
191 -0.655193 -0.55774 5.03547
191 1.19951 -0.632343 3.12802
191 -0.0220398 -1.06549 4.24731
191 0.925251 0.273685 2.36571
191 -0.246192 1.09537 0.88443
191 0.445538 -1.24818 3.89749
191 1.09118 0.700577 2.07869
191 0.659542 0.517477 2.01692
191 0.830094 0.116429 2.556
191 0.371746 -0.882718 3.83992
191 -0.469752 1.38365 0.761303
191 0.886724 -0.95589 3.47227
191 0.689344 0.630388 1.94367
191 -0.539111 -0.97319 4.70376
191 0.713931 -0.342906 3.12511
191 0.645435 0.840927 1.76981
191 -1.03446 0.946966 0.235672
191 -1.14227 0.599734 6.23371
191 -0.842935 0.682391 0.151115
191 0.911911 0.472716 2.1779
191 0.983164 0.00414896 2.68218
191 0.706422 -0.661203 3.42685
191 0.139884 -0.947191 4.10306
191 0.7687 -0.992164 3.57353
191 0.495543 1.19754 1.50389
191 0.662276 -0.606947 3.42592
191 -0.616511 1.18098 0.614695
191 0.74177 0.606138 1.97741
191 -1.08783 0.975264 0.220045
191 0.873434 0.569827 2.09863
191 -0.708754 -0.827558 4.90162
191 -1.06583 0.883485 0.158183
191 -0.581427 0.892316 0.536802
191 0.229087 -1.2625 4.06521
191 -1.19896 0.441571 6.11252
191 0.958483 -0.402299 3.0587
191 1.05569 -0.504726 3.09386
191 0.883623 -0.228648 2.94253
191 -0.32193 -1.26046 4.46524
191 0.00381139 1.12868 1.11212
191 -0.29732 -1.15245 4.47863
191 0.0505229 -0.987631 4.18091
191 -0.689629 -0.440396 5.13975
191 0.264578 0.822448 1.47416
191 0.73143 -0.75209 3.47231
191 -1.4098 -0.00259988 5.78461
191 0.339592 -1.21761 3.95603
191 0.972272 0.514455 2.16998
191 -1.00376 -0.328418 5.43192
191 1.27339 -0.112104 2.73621
191 -0.830828 -0.225126 5.43413
191 -0.208881 1.06682 0.890043
191 -1.05714 -0.668277 5.20123
191 -0.454892 -1.05368 4.6205
191 -0.0642558 -0.985887 4.27211
191 -1.08236 0.585121 6.24159
191 1.26348 0.264555 2.44977
191 0.429105 -0.950737 3.81028
191 1.26742 -0.430916 3.00218
191 -0.805676 -0.574081 5.12382
191 -0.378903 -1.14568 4.53384
191 -0.573742 -0.616165 4.90665
191 -0.895476 -0.385925 5.3249
191 -0.117257 -1.31653 4.31414
191 1.19706 -0.534247 3.06359
191 -0.521459 1.18652 0.672384
191 0.695975 -0.467482 3.25129
191 -0.153394 1.20954 0.94943
191 0.638104 1.25518 1.55471
191 0.911183 -0.85674 3.42462
191 1.15991 0.711067 2.10314
191 -0.559879 -1.07699 4.69718
191 1.08977 0.386112 2.2822
191 0.875529 -0.455048 3.15375
191 0.80665 0.92559 1.79944
191 0.70116 0.732614 1.87912
191 -0.209306 -0.869056 4.43983
191 0.755462 -0.28642 3.04782
191 -1.07119 0.259654 5.97985
191 0.743433 0.986824 1.72999
191 -1.30691 -0.16629 5.64591
191 0.105836 -1.21345 4.1594
191 0.455158 0.817887 1.62266
191 0.732455 0.825211 1.82509
191 1.21599 -0.0886881 2.71715
191 -0.775883 0.610295 0.130481
191 -0.347559 -0.647758 4.67558
191 1.08265 0.438065 2.25623
191 -1.34249 0.0574122 5.82133
191 -1.05373 0.14062 5.89853
191 0.829891 -0.124969 2.84231
191 -1.14876 -0.686607 5.24309
191 0.0293664 -0.938611 4.19327
191 -0.885916 -0.842428 5.01154
191 -0.544698 -0.90166 4.73545
191 0.895732 -0.333791 3.0277
191 -0.750522 0.863098 0.342624
191 0.123761 0.920356 1.25484
191 -1.02937 -0.268229 5.49321
191 1.13023 -0.282226 2.91946
191 0.558361 -0.959749 3.69574
191 -1.41746 0.178389 5.90476
191 0.496298 -0.616386 3.57523
191 -1.09969 0.388698 6.09262
191 -1.11456 0.876088 0.155143
191 0.514212 0.849359 1.63995
191 1.31814 -0.277423 2.86108
191 -1.19985 0.700657 0.0158736
191 -0.513168 1.24727 0.694656
191 0.742832 -0.14899 2.91023
191 0.610302 -0.944315 3.66655
191 -0.78976 -0.364236 5.26244
191 -1.10008 0.199393 5.92645
191 -0.74895 0.797323 0.293005
191 -0.695738 -0.364984 5.22815
191 0.774564 0.442689 2.16108
191 -0.85877 -0.345472 5.34734
191 1.14241 -0.0505776 2.69778
191 -0.971095 0.93871 0.239463
191 -1.11353 -0.16764 5.61277
191 0.45618 1.15882 1.5004
191 1.36223 -0.0961613 2.71265
191 0.525156 1.00551 1.58265
191 -1.35643 0.310219 5.98957
191 0.18855 -1.0758 4.07656
191 -1.22365 -0.455253 5.42207
191 0.524307 1.30351 1.48964
191 -0.753602 -0.402417 5.23066
191 -0.322199 1.422 0.865052
191 1.21947 -0.412328 2.99861
191 0.402885 1.34614 1.38059
191 0.651466 -0.533212 3.36345
191 0.361875 1.28073 1.36899
191 -0.597866 -0.675274 4.89142
191 -0.93134 -0.297598 5.42973
191 -1.19681 0.381584 6.06341
191 -0.464077 -0.623641 4.80702
191 0.674929 0.449983 2.1072
191 1.21709 0.308847 2.40696
191 1.0871 -0.677113 3.20171
191 0.946415 0.321412 2.32611
191 -0.192887 0.972542 0.899116
191 -0.978301 -0.27273 5.4639
191 0.0719898 0.883212 1.20854
191 0.558332 1.16242 1.55248
191 0.859453 0.890734 1.86584
191 0.453797 1.32376 1.41689
191 -0.365713 1.17188 0.790119
191 1.07051 -0.189794 2.83783
191 1.31161 -0.0241853 2.67779
191 0.245059 -1.19848 4.05329
191 -0.0896015 1.20033 1.0153
191 -0.118866 1.44112 0.989728
191 0.287794 1.21594 1.32575
191 1.20819 -0.355999 2.94706
191 0.734397 -0.208281 2.97479
191 0.528481 -1.04818 3.74673
191 -0.335779 -1.1981 4.49728
191 -1.30507 -0.41011 5.46654
191 -0.244153 1.02212 0.873069
191 0.926911 -0.609746 3.23711
191 0.851391 0.0413215 2.64175
191 0.537061 1.07345 1.57359
191 -1.39583 -0.125021 5.67503
191 -1.04457 0.767103 0.124284
191 -0.938701 -0.661057 5.13898
191 -0.538852 1.12993 0.640809
191 -1.11903 -0.497069 5.33395
191 -0.939255 0.0212571 5.74693
191 0.93076 0.736992 1.97905
191 -1.20589 -0.578981 5.32294
191 1.03361 0.392382 2.26611
191 -0.344137 -0.711616 4.62681
191 -0.705099 1.04806 0.500778
191 -1.06747 -0.312379 5.47164
191 0.811812 0.355039 2.24291
191 0.348603 -0.70948 3.77558
191 0.517532 -0.544507 3.49971
191 -0.277253 0.870432 0.793262
191 1.11528 -0.343077 2.9751
191 -1.00207 0.98906 0.241422
191 -1.28091 0.239512 5.94865
191 -0.390478 1.40123 0.820043
191 -0.0588987 -0.93674 4.27491
191 0.451796 -1.12487 3.85025
191 -0.203795 -1.29848 4.39537
191 -0.684479 -0.731785 4.94437
191 -0.88136 -0.193196 5.49317
191 1.25889 0.545033 2.22119
191 -0.997941 0.20213 5.93459
191 0.548192 -1.19818 3.79852
191 -0.549495 -0.695417 4.84883
191 -0.0210335 -1.1777 4.25081
191 -1.1041 -0.638068 5.24809
191 0.728651 0.483638 2.10932
191 0.463899 -0.803849 3.70231
191 -1.12005 0.715621 0.0718126
191 -1.2701 0.090738 5.85294
191 -1.14687 -0.410013 5.41734
191 0.0757191 -1.26217 4.17119
191 -0.207435 0.911981 0.890423
191 0.760259 -0.792538 3.47668
191 -0.995425 0.0222903 5.75197
191 -0.869711 -0.738056 5.06026
191 1.2195 0.113245 2.56603
191 -0.200314 -1.14968 4.39902
191 -1.4142 0.24831 5.94752
191 -0.757491 1.06596 0.484898
191 -0.397676 -0.616771 4.7272
191 -0.833654 0.192004 5.93229
191 0.434898 -0.67954 3.68147
191 -0.0234639 1.26403 1.07618
191 -0.272615 -0.789438 4.53523
191 0.564293 0.904702 1.64477
191 1.2848 -0.477189 3.01179
191 0.906152 0.523627 2.14551
191 0.164547 1.03476 1.27535
191 0.912807 0.814736 1.92467
191 -0.881943 1.1641 0.446256
191 -0.722823 0.591448 0.147953
191 -0.902413 0.572271 0.042519
191 0.0494676 -1.21733 4.1811
191 -0.91101 -0.890076 5.00919
191 -1.36087 0.510003 6.13178
191 0.972766 -0.237541 2.92096
191 -0.646341 1.2966 0.6178
191 1.13724 0.77089 2.03504
191 0.873174 -0.522062 3.20546
191 0.159231 0.976757 1.28749
191 0.159924 1.3509 1.20328
191 -0.48907 0.851771 0.570138
191 0.704588 -0.255931 3.04159
191 -0.497814 -0.946546 4.6854
191 -1.27165 -0.108132 5.67571
191 0.657005 -0.703595 3.49009
191 -0.834515 -0.6857 5.0686
191 0.635835 0.613306 1.9301
191 0.599656 0.782189 1.77599
191 -0.995759 -0.816606 5.08861
191 -1.15017 -0.0136845 5.73832
191 -0.391114 -1.20665 4.53578
191 -1.10236 -0.7749 5.16814
191 -0.540324 1.29381 0.681531
191 -0.475317 1.13215 0.684921
191 0.63797 0.68618 1.86612
191 0.429471 -0.625815 3.66304
191 1.14933 0.361054 2.31438
191 0.690762 1.14444 1.61352
191 0.60372 0.551524 1.94697
191 -1.28818 0.0345127 5.80723
191 -1.4221 0.119362 5.88101
191 0.329511 1.0328 1.44092
191 0.0307142 -0.885176 4.18755
191 0.57908 -0.805791 3.63709
191 -0.60785 -1.10847 4.71038
191 -0.820365 -0.0504709 5.63985
191 0.0448479 -0.785058 4.17509
191 0.937353 -0.972604 3.462
191 0.604141 -0.628683 3.46969
191 -0.129941 -1.2117 4.32271
191 -0.606441 1.00747 0.551493
191 -1.17028 -0.274592 5.53218
191 -0.650075 1.22846 0.605678
191 0.487188 -1.08533 3.80963
191 -1.07248 0.643678 0.0192546
191 -1.14409 0.0921463 5.84528
191 0.715017 1.2164 1.59773
191 1.19957 0.0605924 2.60159
191 -0.401762 -0.855234 4.63039
191 1.21534 0.237187 2.45663
191 -0.810949 -0.631237 5.08235
191 1.3126 -0.0761709 2.69955
191 0.54982 -0.482284 3.40818
191 1.20869 0.509552 2.2268
191 0.352689 -0.776615 3.81473
191 -0.446626 -0.930039 4.65658
191 -0.202234 1.2537 0.914604
191 0.553237 -1.0952 3.7532
191 -1.21589 0.271138 5.98253
191 -1.03031 -0.020099 5.71437
191 -0.582449 0.962197 0.551982
191 -1.00698 -0.639646 5.19989
191 0.722584 -0.946136 3.57795
191 0.942437 0.625953 2.07103
191 1.3339 0.243664 2.46633
191 0.757944 0.660663 1.95258
191 -1.01256 -0.495348 5.29361
191 1.06676 -0.45587 3.05614
191 -0.853296 0.533511 0.0228013
191 0.492716 1.25238 1.48805
191 0.686331 -0.739508 3.4878
191 -0.751718 -0.465996 5.16113
191 -0.554038 -1.13806 4.68331
191 0.772446 -1.04757 3.60215
191 0.0492157 1.25788 1.13312
191 -0.545057 1.35309 0.677937
191 0.102836 -0.980309 4.13999
191 -1.38558 -0.059 5.73913
191 0.618762 1.08395 1.60055
191 0.240683 -1.0022 4.00503
191 -1.12826 0.660774 0.0121848
191 -0.335803 -0.968234 4.54288
191 0.940272 -0.900997 3.4234
191 0.959364 0.411593 2.24358
191 -0.309575 -0.82491 4.54981
191 0.9809 0.167713 2.51759
191 0.529371 -0.913326 3.7018
191 -0.0108542 -0.974589 4.23055
191 -0.596507 1.33701 0.670809
191 0.641735 0.750902 1.81651
191 0.290303 -0.812994 3.88583
191 0.654517 -0.655073 3.45674
191 -0.808325 -0.727472 5.03754
191 0.698973 -0.797598 3.50684
191 -0.344843 1.22827 0.819838
191 -1.15273 0.8112 0.114284
191 -1.07942 0.0706758 5.81368
191 0.93718 -0.666195 3.26172
191 0.596096 -0.687064 3.52194
191 -0.908702 0.0758059 5.81116
191 -1.24342 0.318193 6.00388
191 -0.415577 0.968594 0.679907
191 -1.24064 -0.534191 5.35568
191 0.820879 0.411852 2.19848
191 -0.87835 0.622126 0.104101
191 -0.812859 -0.472603 5.2014
191 -0.0809373 -1.26412 4.28912
191 -0.790897 0.670656 0.17557
191 0.606456 1.19901 1.56037
191 -0.0579435 -1.03195 4.26895
191 0.377441 -0.654757 3.70468
191 -0.299302 1.00422 0.813475
191 0.292786 -1.16235 3.98602
191 0.101291 -1.15995 4.16125
191 -0.409629 0.880703 0.66351
191 1.27484 0.48812 2.24779
191 -0.0205636 -0.901156 4.24234
191 -0.920897 0.857334 0.222184
191 0.46051 -0.72793 3.68333
191 0.97086 0.68007 2.03807
191 -0.00284382 -0.764557 4.22028
191 -0.71679 0.748991 0.280338
191 -0.63032 -0.440099 5.09744
191 -1.18616 0.220946 5.93664
191 -0.459333 1.2478 0.728754
191 -0.0909384 0.906535 1.00112
191 0.939055 0.860785 1.91148
191 0.190913 -1.23098 4.07795
191 -0.782037 -0.782491 4.97464
191 1.21832 -0.473764 3.02616
191 -0.422994 -1.00061 4.60915
191 -1.03747 0.833705 0.161203
191 0.292175 0.867157 1.4779
191 -0.448478 -0.766497 4.71736
191 0.188827 -1.30633 4.09357
191 0.376005 0.745172 1.60315
191 0.831937 -0.482432 3.1822
191 -0.786357 1.17184 0.50032
191 0.58069 0.972268 1.62729
191 -1.1312 0.242657 5.95766
191 0.870914 -0.693554 3.33198
191 -1.22627 -0.29605 5.53702
191 0.386571 1.07087 1.47204
191 0.877049 0.621072 2.04933
191 -0.0200048 -1.22646 4.24178
191 -0.411043 -0.673947 4.71519
191 0.695252 -0.850685 3.5367
191 1.03533 -0.274285 2.9411
191 0.840284 0.672294 1.98385
191 -0.812844 0.946649 0.362348
191 -0.758746 -1.00361 4.85712
191 -0.970506 -0.76229 5.10287
191 -0.765106 -0.833695 4.92713
191 -1.37714 -0.227162 5.61914
191 0.292053 1.39101 1.28611
191 -0.848367 0.108668 5.85318
191 0.667613 1.19356 1.59765
191 -1.27479 0.155733 5.89324
191 1.16668 -0.482931 3.04255
191 -0.626642 -0.777441 4.85746
191 0.883322 0.772455 1.93296
191 -0.0212788 -0.707589 4.24283
191 0.0488887 1.09868 1.14384
191 -0.95369 0.436417 6.16756
191 0.545238 -0.663577 3.56917
191 -0.126683 -0.704996 4.37576
191 -0.554661 -0.750251 4.82483
191 0.125711 -0.890248 4.11325
191 0.248597 1.12215 1.32489
191 0.602895 -1.06457 3.70828
191 0.134881 -1.26423 4.14831
191 0.49795 -0.674012 3.60539
191 0.775552 0.134628 2.53979
191 0.946129 0.962904 1.8624
191 1.13505 0.0671501 2.59827
191 -0.126847 -1.00968 4.34674
191 0.883378 0.420974 2.21406
191 0.744723 0.885717 1.79311
191 1.34125 -0.155536 2.76569
191 -0.879031 0.359691 6.12517
191 -1.02121 0.600206 0.00574484
191 0.986693 -0.291281 2.9635
191 -1.21481 0.511167 6.17455
191 -0.522108 -0.600007 4.86775
191 -0.0123577 1.43092 1.08038
191 0.880296 1.07455 1.76464
191 -1.10612 -0.357194 5.44152
191 -0.74582 0.69199 0.196583
191 -0.810658 -1.03982 4.87257
191 -1.07382 0.0126167 5.75241
191 -0.804078 -0.966583 4.89283
191 1.01207 0.85789 1.93351
191 -0.791457 0.733417 0.20089
191 -0.440704 -1.11134 4.59475
191 0.407698 -0.832539 3.7716
191 -0.814999 0.998634 0.383639
191 -0.604007 -0.860661 4.80936
191 -0.329211 -0.761955 4.6008
191 -0.640459 0.857642 0.441715
191 0.249543 1.17489 1.31469
191 -0.800063 0.812866 0.267191
191 -0.436546 -1.17129 4.58453
191 0.406484 -0.723552 3.71371
191 -0.0451212 -0.804344 4.2701
191 0.631137 -0.470865 3.30938
191 -0.457826 0.912372 0.637732
191 0.932001 -0.716525 3.30056
191 -1.33831 0.259951 5.9661
191 -0.150852 -1.15982 4.35808
191 0.177643 1.09692 1.2705
191 -0.941492 0.750586 0.144011
191 0.519985 -0.811211 3.66919
191 1.13898 -0.385324 2.9979
191 0.53813 -0.721223 3.60865
191 -0.486524 1.02663 0.645348
191 0.533649 -0.85759 3.67205
191 -0.573725 1.20867 0.635079
191 -0.510997 -0.661522 4.8339
191 -1.12847 0.543197 6.19859
191 1.12351 -0.775012 3.25572
191 -0.317804 1.27307 0.85298
191 1.06673 -0.367842 3.00587
191 -0.319917 -0.879207 4.54424
191 0.00250359 0.977452 1.12398
191 -0.218757 -0.931008 4.44185
191 0.00991288 1.3059 1.10131
191 0.776569 0.706913 1.93689
191 0.488761 -0.764113 3.68247
191 0.660922 -1.16712 3.71053
191 1.17154 -0.419124 3.00374
191 0.120351 1.30302 1.18624
191 -0.594499 1.26299 0.642351
191 0.144675 1.20784 1.21632
191 0.630649 -0.890482 3.63822
191 1.00354 0.962346 1.8827
191 -1.34492 -0.00237201 5.77523
191 -0.307576 1.06409 0.818735
191 -0.48998 -0.892498 4.69411
191 -0.245073 -1.17052 4.4316
191 -0.754756 -0.880463 4.90769
191 1.03956 0.0344392 2.64334
191 -0.500674 -1.09896 4.64128
191 -1.15685 -0.127919 5.64128
191 0.811561 -0.0174666 2.71256
191 -0.668016 0.609274 0.18496
191 0.285194 -1.24093 4.01994
191 0.907954 -0.558819 3.21414
191 -1.31978 -0.23392 5.59767
191 -1.33095 -0.107096 5.6805
191 -1.02629 0.0795976 5.82666
191 -0.125166 -0.763787 4.36479
191 0.153762 -1.12302 4.09764
191 -0.53425 -0.846073 4.75348
191 -1.25187 0.552693 6.18344
191 -0.918681 1.05374 0.361647
191 -0.982217 -0.70089 5.14302
191 -1.22412 0.152798 5.89107
191 0.451335 0.873647 1.58899
191 -0.579274 1.07747 0.608508
191 0.777567 -0.938116 3.53579
191 -0.791476 0.898957 0.348327
191 -0.390092 -0.958786 4.58998
191 1.22536 0.176847 2.51672
191 -0.909203 0.489351 6.22355
191 -0.354119 1.11677 0.789848
191 0.835186 -0.887627 3.47457
191 -1.14285 -0.601637 5.28699
191 -1.31695 0.555558 6.18483
191 0.300284 -0.662101 3.82035
191 -0.0343083 1.2098 1.0576
191 -0.286614 -0.694365 4.57206
191 0.977846 -0.742657 3.29279
191 -0.764498 1.12342 0.499897
191 -0.977111 -0.597089 5.20276
191 0.391975 -1.26309 3.93268
191 -1.32439 0.461623 6.10338
191 -0.197594 1.42848 0.91985
