141 0.305045 -0.75617 3.86262
141 -0.163808 -1.09261 4.38146
141 -1.2827 -0.266847 5.59743
141 1.17417 -0.698698 3.17594
141 -0.953368 0.647307 0.0948448
141 1.0206 0.118712 2.55579
141 0.468353 -1.18329 3.8518
141 0.808746 0.732939 1.93432
141 0.573332 0.672565 1.83068
141 1.23861 0.437445 2.27705
141 -0.36958 0.828601 0.682129
141 0.883455 0.961348 1.83408
141 0.57943 0.72472 1.81035
141 -0.231363 -1.25014 4.415
141 -0.659364 0.753154 0.331224
141 1.04894 -0.857353 3.32323
141 0.574186 0.602358 1.89826
141 0.27175 -0.719192 3.87526
141 0.749601 -0.837696 3.49125
141 0.240157 1.37138 1.25822
141 0.82563 -0.433885 3.14938
141 0.792735 -0.23381 2.98001
141 0.701818 0.684348 1.91631
141 1.09397 0.842034 1.98379
141 -0.977858 0.830762 0.172622
141 -0.94487 0.374045 6.11778
141 1.00587 0.539218 2.15352
141 -0.971605 -0.394268 5.34666
141 -0.820532 0.336202 6.10865
141 -1.14735 0.439125 6.12768
141 0.768431 -0.073555 2.78825
141 -1.1368 -0.0786771 5.6744
141 0.593359 0.844358 1.72577
141 0.84317 0.520082 2.13612
141 0.351073 1.34091 1.35091
141 0.0842769 -0.928078 4.14709
141 -1.23079 0.780105 0.0818738
141 1.13856 -0.210815 2.83012
141 -0.771957 -0.532795 5.1339
141 0.511888 -0.995085 3.74991
141 -0.831138 0.618221 0.115954
141 0.188824 -0.968513 4.0525
141 -0.337373 -1.0711 4.51756
141 -0.400819 1.22016 0.78351
141 -0.646878 -1.1453 4.71727
141 0.921438 0.389533 2.24543
141 -0.144774 1.0673 0.948335
141 -1.0268 -0.858826 5.08848
141 -1.08425 0.443826 6.14867
141 -0.108289 -1.06329 4.31374
141 0.723463 1.10285 1.65
141 -1.05048 -0.600709 5.23752
141 -0.858308 -0.0223174 5.67377
141 -0.883611 0.155515 5.90477
141 -0.142492 1.27139 0.967594
141 -0.923013 -0.449403 5.28395
141 -0.267676 -1.10198 4.45876
141 -0.69228 0.899132 0.43676
141 -0.842156 -0.7878 5.01331
141 0.586923 -0.523939 3.41183
141 -1.19272 -0.0436059 5.71135
141 1.09305 0.320953 2.35821
141 -1.23118 0.619185 6.21936
141 -1.25578 0.439446 6.10411
141 1.08873 -0.564231 3.12823
141 1.06277 0.140935 2.54491
141 -0.0610894 -1.09628 4.27119
141 -0.928069 -0.714616 5.11752
141 1.08403 0.51652 2.19996
141 0.783721 1.08653 1.70556
141 0.240258 -1.05454 4.0195
141 -0.920642 -0.0468868 5.66007
141 -0.656426 -0.690062 4.9348
141 0.448509 0.930156 1.56321
141 -1.31653 0.190206 5.9164
141 0.171591 1.27569 1.22726
141 -1.04023 0.316294 6.03664
141 1.15292 0.593935 2.17363
141 0.1067 1.17269 1.19367
141 -0.375679 -1.02425 4.56223
141 -0.944042 -0.821916 5.07219
141 -0.548032 0.803283 0.506004
141 -0.589938 -0.552911 4.97881
141 1.26923 0.134418 2.55429
141 -0.745426 1.00652 0.463462
141 1.02007 -0.45596 3.0688
141 -1.40357 0.0585216 5.83086
141 0.576375 1.03426 1.59757
141 -1.28336 0.60927 6.19997
141 -0.92983 0.90847 0.240487
141 -0.336528 -1.11936 4.51098
141 -0.686103 -1.05422 4.78671
141 0.823484 -0.275223 3.01255
141 0.0888359 0.975294 1.20423
141 -1.13796 0.365327 6.07002
141 -1.06271 -0.167947 5.60372
141 -0.871376 0.881322 0.252023
141 0.314284 -0.914492 3.90947
141 -0.339077 0.88198 0.731339
141 -0.708418 1.11458 0.530063
141 -0.766635 -0.227091 5.41174
141 -0.007873 -1.12761 4.2357
141 -0.83187 1.12333 0.455749
141 0.300432 0.916701 1.46745
141 -1.19378 -0.635526 5.29412
141 -0.70847 1.18079 0.563243
141 -1.20205 -0.152391 5.63346
141 -0.503418 1.07896 0.651213
141 -0.921432 -0.608958 5.16779
141 -0.945059 -0.549553 5.21965
141 -0.707779 1.23638 0.582682
141 0.988761 -0.679773 3.24219
141 0.557982 -0.590077 3.48278
141 0.791951 0.0688527 2.61314
141 1.13733 -0.664829 3.18262
141 0.895563 0.0169358 2.67234
141 0.761825 0.348124 2.23624
141 0.832037 -0.645793 3.30976
141 0.150712 -0.836453 4.06886
141 0.0430867 -1.16808 4.18509
141 1.16996 -0.322096 2.93053
141 -0.0394079 1.01137 1.07098
141 1.1228 0.148342 2.53134
141 -0.0936499 0.976155 1.00467
141 0.0176595 -0.833253 4.19477
141 -0.702575 -0.570573 5.04663
141 0.815094 -1.07581 3.58739
141 -0.473731 1.31832 0.747038
141 -1.0946 0.816888 0.12266
141 -0.998667 0.725893 0.128637
141 0.500509 0.900824 1.61521
141 0.480868 -0.905097 3.74092
141 0.975995 -0.171492 2.84559
141 -0.0431202 -1.3057 4.24505
141 0.24483 -0.932018 3.9766
141 0.185256 -1.01681 4.06302
141 0.615547 -0.410658 3.24831
141 -0.465594 -1.23159 4.59133
141 -0.987359 1.06079 0.31629
141 0.812542 -0.594077 3.27631
141 -0.269145 -0.914492 4.4982
141 0.47299 0.984565 1.55926
141 -0.269585 -0.854201 4.52828
141 0.680874 0.925976 1.7314
141 -0.0167057 0.910419 1.11332
141 0.765493 1.16105 1.65156
141 -0.582501 0.738016 0.40467
141 0.799623 -0.394138 3.1321
141 0.851552 0.466052 2.16767
141 0.672459 0.793279 1.80767
141 -0.0415574 1.15678 1.0625
141 0.942181 -0.514744 3.15522
141 1.12513 -0.452919 3.04354
141 -0.124618 -0.95309 4.35145
141 0.261054 -1.30404 4.05528
141 0.848727 -0.739974 3.38317
141 0.98799 -0.11043 2.78808
141 -0.873341 0.0284746 5.73777
141 -1.01771 -0.129831 5.61946
141 -1.03823 -0.372706 5.40059
141 0.704904 -1.00092 3.63313
141 -0.376808 1.0706 0.759561
141 0.876728 0.849713 1.88962
141 -0.244402 1.15225 0.883808
141 0.742289 -0.611925 3.34961
141 -0.391876 -1.25899 4.53077
141 -0.624098 -1.05898 4.73116
141 0.703097 -0.569617 3.34606
141 0.0646858 1.02191 1.17691
141 -1.13465 0.931179 0.16137
141 0.0319431 1.19924 1.13278
141 0.0392142 0.928206 1.16454
141 0.112252 -1.02775 4.13713
141 0.964213 0.800159 1.94997
141 -0.722144 -0.780035 4.93746
141 0.201532 1.21394 1.25473
141 1.08816 -0.622533 3.18337
141 0.933376 -0.286735 2.98637
141 -0.492817 -0.556215 4.86739
141 0.511825 -1.14612 3.81064
141 0.821861 0.280728 2.33287
141 0.358567 0.869586 1.54014
141 1.08383 -0.412921 3.03366
141 1.09066 0.189101 2.50395
141 -0.199253 -0.724839 4.48594
141 -1.04351 -0.782257 5.14006
141 0.858297 -0.388617 3.09688
141 -0.594643 -1.17847 4.69765
141 0.800791 1.03106 1.74346
141 -0.181141 0.870324 0.895984
141 -1.04229 0.471058 6.16657
141 0.647769 -0.368657 3.20227
141 -0.27804 -1.21509 4.45214
141 0.672473 -0.305166 3.10931
141 0.297342 1.26764 1.3195
141 0.688538 0.990421 1.7002
141 -0.614639 0.805308 0.429343
141 -0.900699 0.671249 0.120205
141 0.818402 0.58058 2.04905
141 -0.203196 1.18332 0.902384
141 -0.071035 1.39544 1.01804
141 0.782145 0.227197 2.38967
141 0.152626 -1.0557 4.09545
141 0.416495 -1.001 3.83494
141 -1.3387 0.604856 6.19647
141 -1.05178 1.02461 0.246997
141 1.03463 0.246277 2.44694
141 -0.212819 -1.09531 4.4081
141 0.774544 -0.51548 3.24888
141 -0.356751 1.01366 0.761741
141 1.27545 0.198973 2.50113
141 -0.25018 0.957208 0.856611
141 0.329868 0.795959 1.54575
141 -1.03345 -0.72 5.16826
141 0.822426 -0.541525 3.24532
141 -0.735659 -0.3315 5.25725
141 -1.00436 0.146715 5.89385
141 1.12545 -0.163961 2.81578
141 -0.744876 -0.730751 4.96931
141 -0.176603 -1.03767 4.3912
141 0.258532 -1.10684 4.02137
141 1.02666 -0.333719 2.99844
141 0.745888 0.769314 1.87835
141 -0.99964 0.78185 0.142493
141 -0.473557 -0.997906 4.65036
141 0.298101 -1.04645 3.9425
141 -0.711339 0.654459 0.197736
141 0.836561 -0.068962 2.76318
141 0.46633 -0.55773 3.55205
141 -0.950462 -0.160597 5.57563
141 -0.460027 -0.806748 4.71017
141 0.333469 1.10059 1.41151
141 1.04494 0.485966 2.21869
141 -0.65448 -0.501298 5.06758
141 -1.01295 0.532346 6.21754
141 1.02209 -0.21909 2.88909
141 -1.1618 -0.197662 5.59674
141 0.918982 0.915491 1.86866
141 0.120358 1.11426 1.21406
141 -0.0711705 -0.744697 4.3042
141 0.413907 1.20769 1.43123
141 -0.0992102 1.32329 0.99125
141 -0.745572 0.945475 0.414606
141 0.680483 0.570451 1.97251
141 -1.36667 -0.16757 5.65788
141 -1.18869 0.0453474 5.80474
141 -0.70397 1.29509 0.604101
141 1.03442 0.809816 1.98165
141 0.550902 1.22166 1.52894
141 -0.909219 0.204977 5.9454
141 -1.31003 -0.0430903 5.73992
141 1.18555 -0.27307 2.89511
141 -1.19202 0.319441 6.00464
141 0.00334282 -1.26767 4.23748
141 -0.887565 0.254814 5.99141
141 -0.680337 0.95227 0.477067
141 -0.998798 0.886988 0.202006
141 0.796839 -0.74798 3.41103
141 -1.27978 -0.466473 5.44025
141 -0.693366 -0.895439 4.85055
141 -1.10305 0.767188 0.115776
141 0.788742 0.798085 1.87739
141 -0.803858 -0.270569 5.40523
141 -0.146718 0.938545 0.932334
141 -0.790057 0.479562 6.26957
141 0.993794 0.591812 2.13315
141 0.981796 0.468035 2.20725
141 0.222587 1.0651 1.31815
141 1.30976 0.104451 2.56205
141 -1.11468 -0.287724 5.5101
141 -0.421555 1.34653 0.780572
141 0.939539 -0.00954042 2.68658
141 -0.658135 1.14711 0.573367
141 1.02291 -0.0258334 2.68903
141 1.08846 0.24471 2.45323
141 0.919366 -0.474184 3.14706
141 -1.29827 0.360705 6.03509
141 1.17207 0.169309 2.52474
141 0.797109 -0.32861 3.06505
141 -0.332847 1.36276 0.85315
141 -0.958123 0.587389 0.0228541
141 -0.36769 -0.824119 4.6146
141 -1.30903 0.306693 5.99096
141 -0.334031 -0.920906 4.54883
141 0.575669 -1.1405 3.75481
141 0.577294 -0.899729 3.66479
141 0.943758 -0.345743 3.02822
141 -0.528829 0.986381 0.607059
141 1.35663 0.132558 2.54999
141 -0.298259 1.12738 0.84361
141 -0.246175 -0.746331 4.51653
141 -0.489198 -0.745107 4.74638
141 -0.947143 1.11376 0.36187
141 0.117605 -1.32138 4.17101
141 -1.03724 -0.430604 5.3516
141 0.103584 1.06032 1.20073
141 -0.514885 -1.0384 4.67659
141 0.97106 0.225986 2.45262
141 0.981509 -0.62752 3.2234
141 -1.10848 0.491021 6.17168
141 -0.743597 0.544834 0.118179
141 -0.232837 -1.04398 4.43292
141 0.631688 1.02933 1.62709
141 -1.31227 0.409913 6.06827
141 0.8836 -0.0371768 2.72581
141 0.920004 0.147407 2.53728
141 0.192629 -0.729437 3.97943
141 0.632602 0.970446 1.66195
141 1.26161 0.0649335 2.59727
141 -0.836287 0.749919 0.190891
141 0.0293942 -1.08737 4.19871
141 0.76925 0.0202859 2.66004
141 0.227202 -0.681577 3.9199
141 0.698197 0.84108 1.79031
141 0.974767 0.741054 1.9981
141 -0.564713 -0.79588 4.79858
141 -1.233 0.210258 5.93512
141 -0.0532098 -0.8596 4.27971
141 -0.582958 -0.495079 5.01791
141 -1.01165 0.425597 6.15374
141 -0.977258 -0.054066 5.65791
141 0.33413 -1.07188 3.92649
141 0.765603 -0.470235 3.22388
141 -0.969564 -0.102033 5.63211
141 0.0912076 -0.750329 4.12291
141 -1.25121 -0.345903 5.49723
141 0.1924 -0.914025 4.03147
141 1.16273 0.109887 2.56674
141 -0.701437 -1.10775 4.7758
141 1.30164 -0.37938 2.93012
141 1.08237 0.625941 2.13372
141 0.754035 0.929581 1.78211
141 1.25062 -0.0444708 2.68291
141 -0.480874 -1.15277 4.6027
141 0.197332 1.40945 1.22614
141 1.14495 0.223684 2.46504
141 1.03428 -0.702829 3.2432
141 -0.604116 -0.736124 4.86181
141 1.36304 -0.0225598 2.6743
141 -0.460759 -0.854961 4.6925
141 -0.826262 1.2169 0.508412
141 0.140807 -0.781351 4.07807
141 0.987655 -0.863348 3.37149
141 0.420314 0.969785 1.54773
141 1.30914 0.0237847 2.64925
141 1.03013 0.63397 2.11756
141 1.03031 0.750303 2.0149
141 1.19097 0.389444 2.30475
141 -1.00785 -0.187411 5.57078
141 -1.16716 -0.457568 5.39478
141 -0.911713 -0.117867 5.6086
141 -0.143401 -1.27193 4.3253
141 -0.443384 1.07998 0.689134
141 -0.546253 1.04358 0.62286
141 -0.909428 -0.77407 5.07123
141 0.752214 0.289343 2.29875
141 -0.721031 -0.508071 5.12122
141 -1.351 -0.292159 5.58082
141 0.51809 0.649088 1.81349
141 0.233251 1.26246 1.26989
141 -0.913063 0.303988 6.03953
141 -0.255369 1.21282 0.877903
141 0.963496 0.116882 2.55449
141 -0.265409 1.26319 0.875377
141 1.12652 0.652811 2.12782
141 1.22826 -0.581978 3.08072
141 -1.11681 -0.228881 5.56036
141 1.09503 -0.0792697 2.72822
141 0.212436 -1.13257 4.06313
141 -1.14809 0.292828 5.99618
141 0.889003 -0.152667 2.85896
141 -0.873801 1.0815 0.396155
141 0.985806 -0.929263 3.42157
141 -0.702955 -0.949698 4.84269
141 -0.852374 -0.29938 5.38027
141 0.38788 -1.09656 3.90229
141 0.996955 0.295836 2.3582
141 -0.882472 -0.668749 5.10856
141 0.50667 1.14084 1.51922
141 0.933052 1.02297 1.82239
141 0.358134 1.21685 1.39684
141 -1.24823 -0.397629 5.47283
141 0.71287 -0.515571 3.28874
141 -0.278957 1.31952 0.872258
141 0.643502 -0.778262 3.53706
141 0.965806 -0.0624816 2.7423
141 0.908546 -0.396942 3.06901
141 -0.984479 -0.442556 5.32452
141 -0.434795 -0.712994 4.71517
141 0.310092 1.15568 1.37007
141 -0.703864 -0.999727 4.83387
141 -1.09351 -0.411832 5.39885
141 0.0558043 1.15304 1.14861
141 0.608668 -1.18837 3.74557
141 0.485411 -0.956306 3.75065
141 0.897478 -0.757423 3.3606
141 -1.25531 -0.0468488 5.71717
141 0.836871 -0.79161 3.42395
141 1.14908 -0.551433 3.09045
141 -0.873004 1.00896 0.355357
141 1.02218 -0.403566 3.03758
141 0.875299 0.358236 2.26097
141 1.0717 -0.0317359 2.69925
141 0.770372 -0.654932 3.37881
141 0.571422 1.10869 1.57668
141 -0.983604 0.483604 6.19733
141 -0.300874 1.18879 0.856386
141 1.02676 -0.150835 2.8141
141 0.86642 -0.833966 3.42973
141 -0.0806836 -1.20199 4.28778
141 0.728611 -0.89095 3.53827
141 -1.11585 0.141128 5.88447
141 1.29746 -0.177922 2.79202
141 -1.01236 0.660962 0.0689559
141 0.608522 -0.995148 3.6789
141 0.830653 -0.952046 3.50148
141 0.928745 -0.206641 2.90731
141 0.0568368 1.42793 1.12051
141 1.0491 0.89986 1.92299
141 0.484612 1.04221 1.5504
141 -0.184745 1.12164 0.913187
141 1.037 -0.752277 3.27049
141 -1.17747 0.12789 5.88611
141 -0.382909 -0.771937 4.64084
141 -0.914741 -0.954654 4.97665
141 -0.270675 1.37237 0.880262
141 1.04906 0.57256 2.15136
141 1.14835 -0.11044 2.7604
141 0.806279 -0.833509 3.46701
141 -1.2406 0.373765 6.04775
141 -0.654352 -0.864279 4.85176
141 0.0903848 -0.818423 4.13536
141 -0.626196 0.927703 0.510848
141 -1.06976 -0.539631 5.29524
141 1.1912 -0.144516 2.78707
141 1.03025 -0.591712 3.17767
141 0.262193 -0.879911 3.94577
141 0.936624 -0.127828 2.81197
141 -0.651037 -0.93151 4.82219
141 0.73424 0.40491 2.18124
141 -1.09214 -0.724234 5.17451
141 0.754954 -0.370156 3.12934
141 0.843964 0.804136 1.91146
141 -0.648984 1.09277 0.557211
141 -0.702212 -0.622926 5.03087
141 -1.09337 -0.0428182 5.70549
141 0.674756 1.06977 1.63482
141 -1.18386 0.640291 6.25325
141 -0.831262 0.267013 6.01666
141 -1.276 0.495816 6.14075
141 0.570096 -1.02772 3.72165
141 0.470629 1.09461 1.52397
141 -0.184422 1.01823 0.897224
141 -0.514958 -0.810177 4.75222
141 0.579393 1.27674 1.52395
141 0.0693054 -1.31529 4.16802
141 -0.273992 -0.971805 4.49012
141 -0.870498 -0.0873765 5.62553
141 -0.826472 -0.147542 5.5342
141 -0.5172 -1.20157 4.61839
141 -1.08727 -0.115719 5.63356
141 0.430718 -0.889286 3.77046
141 0.428066 1.26356 1.42962
141 0.490532 0.770672 1.67409
141 1.22114 -0.227087 2.83839
141 0.888048 -1.01517 3.49487
141 -0.883836 -0.504355 5.20987
141 -0.760858 -0.93558 4.88675
141 0.29146 1.32239 1.30823
141 -0.398179 -0.902557 4.62103
141 1.10101 -0.728651 3.23278
141 0.339141 -1.11863 3.92766
141 0.0134033 1.05039 1.13168
141 -1.32135 0.123626 5.876
141 1.25679 -0.337444 2.92026
141 0.287469 -0.95657 3.94589
141 0.697046 -1.11455 3.66984
141 -1.06459 0.531935 6.21174
141 -0.875684 0.784981 0.187139
141 -0.0941073 1.03788 1.01101
141 0.347488 0.95095 1.47614
141 -0.0865077 1.26167 1.00947
141 0.404169 -1.20476 3.9116
141 0.68189 -0.415661 3.22274
141 0.862083 -0.587244 3.25549
141 -1.41257 0.327122 5.99685
141 0.202596 0.910181 1.33794
141 1.33218 0.18619 2.5075
141 -0.921876 0.805594 0.190387
141 1.07995 -0.136355 2.80169
141 0.722441 -1.05337 3.63458
141 0.740028 -0.426662 3.1975
141 0.022094 1.3777 1.10162
141 -0.904977 0.416612 6.16087
141 0.349523 -1.16847 3.93834
141 1.13333 0.28778 2.41402
141 -0.56841 -1.02525 4.70292
141 0.0673207 -1.12163 4.17036
141 -0.362815 1.31524 0.82634
141 0.801202 -0.69989 3.39297
141 1.02017 -0.803891 3.30807
141 -0.812152 1.05658 0.436639
141 -0.948481 -0.223589 5.49356
141 0.632268 1.13941 1.59353
141 0.809492 0.86337 1.85059
141 -0.371698 0.941368 0.715113
141 -0.530123 0.871797 0.5572
141 -0.0980281 1.11504 1.00304
141 0.154347 -1.18073 4.10575
141 0.367986 1.15861 1.41511
141 0.54387 0.797179 1.70812
141 -1.17494 0.880699 0.130636
141 -0.637895 1.043 0.544916
141 -0.39903 -1.07504 4.57324
141 0.371168 -1.03801 3.89857
141 -1.25298 0.712628 6.28107
141 -0.424968 1.02508 0.690013
141 0.610637 -0.577634 3.44192
141 -1.1225 -0.554563 5.30807
141 -0.818824 -0.415572 5.24805
141 0.293931 0.973361 1.43738
141 0.903593 -0.0852593 2.77123
141 0.0464879 -0.709029 4.16821
141 0.202875 -1.18433 4.0715
141 -0.233676 -0.674529 4.52719
141 -0.966389 0.0967318 5.84762
141 -0.950029 0.526398 6.23709
141 -0.762007 -1.06715 4.85163
141 0.063638 1.30832 1.13541
141 -0.467057 0.968707 0.655764
141 0.737804 1.03697 1.70991
141 1.24534 -0.283461 2.87999
141 1.07927 -0.799151 3.27033
141 -0.155649 1.33163 0.961333
141 -1.06332 -0.236259 5.5274
141 -0.75064 -0.607002 5.0564
141 0.41 -0.777418 3.74484
141 0.196393 -0.864106 4.01731
141 0.50537 -1.23009 3.83829
141 -0.854985 -1.00115 4.90575
141 -0.0336815 1.34335 1.07141
141 1.20387 0.57676 2.18197
141 0.944648 0.563044 2.13762
141 -1.31567 -0.337191 5.54165
141 0.910052 0.213815 2.44944
141 0.656912 -0.970948 3.6546
141 0.217249 1.31865 1.25316
141 -0.885322 -0.557977 5.18158
141 0.357856 -0.986222 3.88214
141 -1.20728 0.837502 0.121056
141 -0.943291 0.147054 5.88586
141 -0.833325 -0.521425 5.17913
141 0.0951826 1.3664 1.16404
141 1.31905 -0.329183 2.90488
141 0.651759 -1.02524 3.66818
141 -0.768783 1.23727 0.533903
141 -0.135512 1.15459 0.966762
141 -1.05426 0.190227 5.91109
141 0.130892 1.41802 1.18122
141 -0.804181 0.566513 0.0949474
141 1.15436 0.530504 2.2047
141 0.529196 0.947476 1.61275
141 -0.593307 -0.910489 4.75974
141 0.918011 0.674341 2.02334
141 0.872291 0.301702 2.32036
141 -0.214264 1.30634 0.912279
141 0.237607 1.01089 1.34271
141 0.339428 -1.2773 3.9602
141 0.697062 0.36753 2.19538
141 -1.36986 0.128634 5.87838
141 -1.18904 0.565189 6.19672
141 1.08644 0.0277247 2.65206
141 -0.83993 0.842461 0.257354
141 -1.16786 0.178917 5.91107
141 -0.0994494 -0.830207 4.32571
141 1.24417 -0.158846 2.77994
141 0.17167 0.864431 1.33136
141 0.10096 -1.0883 4.15717
141 1.02392 -0.545683 3.14684
141 0.379902 -0.599338 3.68218
141 0.920383 -0.799652 3.36812
141 0.669083 -0.919335 3.62356
141 -0.16612 -0.915453 4.39558
141 1.10435 0.568137 2.17124
141 0.741785 -1.12718 3.66619
141 -1.22366 0.0866695 5.84555
141 0.939675 0.0636099 2.60694
141 -0.652435 -0.813917 4.85555
141 0.374339 1.00446 1.48408
141 0.880053 -0.904 3.45975
141 -0.256575 1.43058 0.895164
141 -1.1654 0.500685 6.17277
141 -0.837174 0.406016 6.17779
141 0.984323 0.903201 1.90832
141 0.622377 0.907514 1.7001
141 -0.890368 0.72949 0.160644
141 1.08804 -0.240229 2.88704
141 0.831468 -1.01157 3.53229
141 1.18451 -0.195875 2.82341
141 -0.932914 0.993795 0.305844
141 1.18516 0.660551 2.13387
141 -0.633554 -0.628113 4.94657
141 0.306466 -0.847884 3.88172
141 0.891255 0.098248 2.56802
141 0.386062 0.820992 1.57018
141 0.0628435 -1.04554 4.17444
141 -0.175049 -0.976817 4.39486
141 0.82863 1.11926 1.71286
141 0.633737 -1.11841 3.70145
141 -1.19207 -0.377496 5.46303
141 0.99959 0.067859 2.60452
141 1.12902 0.481149 2.23132
141 -1.17067 0.756989 0.0862098
141 -0.280117 -1.28875 4.45233
141 -1.04163 -0.0832978 5.64944
141 0.585429 -0.850211 3.64667
141 1.1796 0.268603 2.44034
141 1.35697 0.0620306 2.59576
141 0.403688 0.898999 1.56556
141 0.00280452 -1.32608 4.23831
141 0.550831 -0.765055 3.63211
141 -0.773975 -0.663367 5.05981
141 1.02792 0.196171 2.48233
141 0.79746 0.488878 2.14065
141 -0.44371 0.812843 0.584825
141 0.0763488 -0.867494 4.15414
141 -1.13244 0.0391467 5.79442
141 -0.937233 -0.355279 5.36201
141 1.18064 0.00497808 2.67223
141 1.23867 0.363815 2.34009
141 1.08176 0.780471 2.00542
141 -1.28893 0.674186 6.25185
141 0.175916 1.1579 1.2497
141 1.34438 -0.223508 2.81127
141 -0.31885 -1.01042 4.52226
141 1.11401 -0.509747 3.07633
141 -0.691534 0.824308 0.368785
141 -0.864613 -0.60796 5.1408
141 -1.36912 0.374049 6.03671
141 -1.38354 0.435029 6.0803
141 -0.156118 -0.805703 4.39263
141 -0.13029 1.38623 0.985448
141 0.968381 -0.80232 3.34162
141 0.79892 0.630015 1.99272
141 -0.876665 0.945798 0.309682
141 0.881496 -0.276927 2.98939
141 1.25694 -0.525869 3.03796
141 -1.20582 -0.224656 5.5941
141 -0.956007 0.228981 5.95232
141 -0.465555 1.18669 0.698246
141 1.08299 0.095804 2.56835
141 -1.17881 -0.520803 5.34629
141 1.23642 0.00157542 2.67669
141 -0.859328 0.458862 6.20907
141 1.18723 -0.0473425 2.69436
141 1.18663 0.457454 2.25816
141 0.846555 0.208852 2.44932
141 0.745635 -0.701107 3.41652
141 1.03826 -0.641322 3.19923
141 0.98919 -0.36131 3.02084
141 -0.949072 0.701484 0.126397
141 0.964885 -0.576066 3.20665
141 0.639929 -0.832897 3.58847
141 0.375162 -0.942543 3.85129
141 -1.04952 0.373754 6.0847
141 0.460015 -1.02397 3.8159
141 -0.588807 1.14342 0.620074
141 0.820928 0.975327 1.78938
141 1.08002 -0.298846 2.94183
141 0.978915 0.362806 2.28142
141 0.971191 -0.448246 3.08221
141 -0.310857 0.940369 0.779639
141 0.429509 1.03924 1.51646
141 -0.813691 -0.896094 4.93283
141 0.305177 -0.999589 3.9403
141 1.29475 0.417623 2.30668
141 0.23141 -0.826613 3.96832
141 0.349908 -0.853309 3.85609
141 -0.893508 -0.251719 5.44743
141 0.764765 -0.56536 3.29338
141 -0.212938 -0.805639 4.46635
141 1.12792 0.000809299 2.67538
141 0.126399 -0.705742 4.07643
141 0.794318 -0.175168 2.91705
141 -0.534788 0.926614 0.563464
141 -1.21474 -0.089649 5.68996
141 0.849202 -0.327345 3.03817
141 -0.967566 -0.900527 5.03262
141 1.27463 -0.226357 2.82594
141 -1.16398 -0.329896 5.49403
141 0.861572 0.15428 2.52451
141 -0.206956 1.36704 0.920475
141 0.497238 0.709427 1.74182
141 0.987693 -0.513819 3.14651
141 1.29791 0.356156 2.35693
141 1.31339 0.294011 2.43725
141 0.616599 -0.733705 3.52245
141 -0.413684 1.1425 0.745488
141 -0.996323 0.354593 6.0762
141 0.885962 -0.635682 3.26372
141 0.786322 -0.882471 3.4897
141 1.14833 -0.604251 3.13182
141 -0.710619 -0.681487 4.97737
141 -1.01562 -0.545818 5.27252
141 -0.953762 -0.495865 5.27048
141 -0.290431 -1.04794 4.50042
141 -1.0547 0.707218 0.0945329
141 -0.410019 1.28006 0.777955
141 1.23061 0.624311 2.16651
141 0.216211 -0.777518 3.96908
141 -0.782099 0.412008 6.19951
141 0.281225 1.06775 1.36908
141 -0.0963264 -0.898496 4.31153
141 0.468325 -0.854046 3.73418
141 0.0131529 -1.02398 4.20701
141 -1.01095 0.25682 5.97589
141 0.84833 -0.188749 2.90927
141 -0.111354 -1.12498 4.30931
141 0.210501 0.962547 1.32932
141 -0.969225 0.302957 6.03629
141 0.862346 1.02227 1.78039
141 0.412477 1.11818 1.47445
141 -1.25165 -0.164552 5.63222
141 -0.194072 -1.21391 4.39144
141 -0.480881 0.778276 0.567701
141 1.04125 0.327892 2.33584
141 -0.153873 -0.863017 4.39147
141 -0.224681 -0.992485 4.43467
141 -0.634825 -1.00443 4.75773
141 0.761833 0.547582 2.05242
141 -0.836667 -0.840959 4.99121
141 -1.07289 -0.473697 5.33716
141 -0.596291 -0.967653 4.7476
141 -1.09763 0.310808 6.01146
141 -0.857519 -0.930531 4.94624
141 -1.36682 0.212698 5.93244
141 1.0369 -0.089121 2.76092
141 -1.23381 0.0132546 5.78225
141 0.424792 0.756002 1.62102
141 -0.0513228 1.0844 1.04651
141 0.404448 -1.15095 3.89827
141 0.434819 -1.06607 3.83908
141 -1.25676 -0.219881 5.60126
141 0.666257 -1.07138 3.67623
141 0.104758 1.24272 1.19024
141 -0.642401 0.689622 0.29063
141 -0.0662761 -1.15126 4.27509
141 -0.871243 -0.436515 5.27234
141 1.14082 0.422114 2.26923
141 -0.676128 1.00129 0.504531
141 1.02778 0.43996 2.23511
141 1.03745 0.698593 2.04426
141 0.86876 0.707433 1.96742
141 -0.653218 -0.557397 5.03547
141 1.19968 -0.632673 3.12802
141 -0.0219694 -1.0652 4.24731
141 0.921449 0.272911 2.36571
141 -0.245921 1.0977 0.88443
141 0.44529 -1.24832 3.89749
141 1.09828 0.706023 2.07869
141 0.659501 0.516254 2.01692
141 0.829887 0.114303 2.556
141 0.374232 -0.895627 3.83992
141 -0.471001 1.38465 0.761303
141 0.886649 -0.95538 3.47227
141 0.687238 0.630873 1.94367
141 -0.538698 -0.979342 4.70376
141 0.713881 -0.342761 3.12511
141 0.651263 0.852024 1.76981
141 -1.03225 0.945342 0.235672
141 -1.13865 0.598556 6.23371
141 -0.844541 0.684021 0.151115
141 0.913544 0.468385 2.1779
141 0.98505 0.0026969 2.68218
141 0.708262 -0.663567 3.42685
141 0.139756 -0.948566 4.10306
141 0.769323 -0.994647 3.57353
141 0.492367 1.19979 1.50389
141 0.663967 -0.608613 3.42592
141 -0.622335 1.19009 0.614695
141 0.735472 0.600174 1.97741
141 -1.08653 0.97399 0.220045
141 0.884148 0.573967 2.09863
141 -0.710089 -0.830406 4.90162
141 -1.06567 0.884488 0.158183
141 -0.579424 0.886112 0.536802
141 0.233125 -1.26001 4.06521
141 -1.20317 0.442534 6.11252
141 0.956577 -0.403641 3.0587
141 1.05785 -0.506701 3.09386
141 0.881473 -0.228368 2.94253
141 -0.322052 -1.25942 4.46524
141 0.00288187 1.12663 1.11212
141 -0.297059 -1.15129 4.47863
141 0.0505323 -0.986881 4.18091
141 -0.689326 -0.440491 5.13975
141 0.264623 0.822845 1.47416
141 0.733094 -0.754494 3.47231
141 -1.4095 -0.00285579 5.78461
141 0.339593 -1.21737 3.95603
141 0.956861 0.510273 2.16998
141 -1.00435 -0.327976 5.43192
141 1.27467 -0.112405 2.73621
141 -0.82856 -0.223407 5.43413
141 -0.208979 1.06674 0.890043
141 -1.05828 -0.668996 5.20123
141 -0.454949 -1.05486 4.6205
141 -0.064315 -0.985903 4.27211
141 -1.07819 0.583769 6.24159
141 1.26519 0.26516 2.44977
141 0.42903 -0.950547 3.81028
141 1.26731 -0.430016 3.00218
141 -0.808582 -0.574593 5.12382
141 -0.380126 -1.14457 4.53384
141 -0.576106 -0.616756 4.90665
141 -0.89645 -0.386808 5.3249
141 -0.11475 -1.31713 4.31414
141 1.19814 -0.53366 3.06359
141 -0.52153 1.17974 0.672384
141 0.695513 -0.466589 3.25129
141 -0.152214 1.21272 0.94943
141 0.638144 1.25639 1.55471
141 0.912991 -0.857829 3.42462
141 1.16736 0.712689 2.10314
141 -0.560731 -1.07894 4.69718
141 1.08411 0.385101 2.2822
141 0.877429 -0.456593 3.15375
141 0.804276 0.926057 1.79944
141 0.706588 0.73697 1.87912
141 -0.208912 -0.868463 4.43983
141 0.757239 -0.287856 3.04782
141 -1.06507 0.258732 5.97985
141 0.742905 0.98437 1.72999
141 -1.30823 -0.166222 5.64591
141 0.105945 -1.21239 4.1594
141 0.451624 0.812645 1.62266
141 0.754562 0.842052 1.82509
141 1.21674 -0.0888242 2.71715
141 -0.766185 0.607374 0.130481
141 -0.347045 -0.646882 4.67558
141 1.08785 0.437851 2.25623
141 -1.34174 0.0566258 5.82133
141 -1.06201 0.141177 5.89853
141 0.827064 -0.124156 2.84231
141 -1.14851 -0.686104 5.24309
141 0.0293817 -0.938031 4.19327
141 -0.886987 -0.843437 5.01154
141 -0.546141 -0.91687 4.73545
141 0.897665 -0.334504 3.0277
141 -0.749247 0.861394 0.342624
141 0.126664 0.926959 1.25484
141 -1.02243 -0.260556 5.49321
141 1.1306 -0.280598 2.91946
141 0.5599 -0.96354 3.69574
141 -1.41425 0.178829 5.90476
141 0.495516 -0.615042 3.57523
141 -1.09741 0.390792 6.09262
141 -1.11463 0.876618 0.155143
141 0.511124 0.848712 1.63995
141 1.31211 -0.27513 2.86108
141 -1.19509 0.697962 0.0158736
141 -0.511569 1.23845 0.694656
141 0.742746 -0.148692 2.91023
141 0.608798 -0.941363 3.66655
141 -0.789843 -0.364256 5.26244
141 -1.10848 0.197439 5.92645
141 -0.748206 0.796098 0.293005
141 -0.695726 -0.365021 5.22815
141 0.770061 0.441927 2.16108
141 -0.859278 -0.346281 5.34734
141 1.13595 -0.0482398 2.69778
141 -0.97021 0.939381 0.239463
141 -1.11628 -0.164862 5.61277
141 0.45489 1.15645 1.5004
141 1.36183 -0.0942116 2.71265
141 0.527339 1.00552 1.58265
141 -1.36754 0.30155 5.98957
141 0.191675 -1.08275 4.07656
141 -1.22264 -0.454856 5.42207
141 0.524706 1.30564 1.48964
141 -0.753735 -0.402259 5.23066
141 -0.321958 1.42231 0.865052
141 1.21932 -0.411505 2.99861
141 0.403432 1.35076 1.38059
141 0.651044 -0.533472 3.36345
141 0.362487 1.27831 1.36899
141 -0.601771 -0.679546 4.89142
141 -0.92901 -0.296996 5.42973
141 -1.18762 0.382174 6.06341
141 -0.462393 -0.619549 4.80702
141 0.677003 0.451042 2.1072
141 1.21782 0.309191 2.40696
141 1.08642 -0.677367 3.20171
141 0.94275 0.320156 2.32611
141 -0.191596 0.970566 0.899116
141 -0.976182 -0.27483 5.4639
141 0.0759636 0.883084 1.20854
141 0.562328 1.16183 1.55248
141 0.862565 0.898239 1.86584
141 0.451128 1.32089 1.41689
141 -0.366075 1.17402 0.790119
141 1.07014 -0.188866 2.83783
141 1.30099 -0.0246483 2.67779
141 0.248515 -1.19079 4.05329
141 -0.0891433 1.19616 1.0153
141 -0.11613 1.44238 0.989728
141 0.286377 1.21504 1.32575
141 1.2078 -0.354547 2.94706
141 0.732119 -0.207631 2.97479
141 0.525751 -1.0438 3.74673
141 -0.335147 -1.19642 4.49728
141 -1.30581 -0.410469 5.46654
141 -0.246008 1.0259 0.873069
141 0.926603 -0.609759 3.23711
141 0.849572 0.0415468 2.64175
141 0.535122 1.07143 1.57359
141 -1.39551 -0.123871 5.67503
141 -1.04942 0.76649 0.124284
141 -0.938963 -0.661205 5.13898
141 -0.538378 1.12347 0.640809
141 -1.11947 -0.4976 5.33395
141 -0.945042 0.0196531 5.74693
141 0.921899 0.736505 1.97905
141 -1.20579 -0.5787 5.32294
141 1.02643 0.389999 2.26611
141 -0.344777 -0.711494 4.62681
141 -0.70695 1.04994 0.500778
141 -1.06393 -0.309644 5.47164
141 0.816636 0.355822 2.24291
141 0.350739 -0.713107 3.77558
141 0.518564 -0.545651 3.49971
141 -0.277408 0.870256 0.793262
141 1.11325 -0.342947 2.9751
141 -1.00325 0.989622 0.241422
141 -1.27385 0.240885 5.94865
141 -0.389956 1.40151 0.820043
141 -0.0588325 -0.936757 4.27491
141 0.45183 -1.12588 3.85025
141 -0.204713 -1.29864 4.39537
141 -0.687684 -0.736958 4.94437
141 -0.881809 -0.192625 5.49317
141 1.25956 0.545096 2.22119
141 -0.999225 0.20093 5.93459
141 0.549263 -1.19904 3.79852
141 -0.54796 -0.682664 4.84883
141 -0.0202596 -1.17885 4.25081
141 -1.10323 -0.636754 5.24809
141 0.731288 0.488383 2.10932
141 0.463137 -0.802888 3.70231
141 -1.11859 0.714993 0.0718126
141 -1.2778 0.090472 5.85294
141 -1.1455 -0.408756 5.41734
141 0.0757954 -1.26242 4.17119
141 -0.209854 0.911848 0.890423
141 0.762884 -0.793875 3.47668
141 -1.00098 0.0221002 5.75197
141 -0.867269 -0.735936 5.06026
141 1.21923 0.112283 2.56603
141 -0.20023 -1.14733 4.39902
141 -1.4155 0.247751 5.94752
141 -0.758835 1.0722 0.484898
141 -0.398154 -0.618283 4.7272
141 -0.834483 0.190612 5.93229
141 0.434133 -0.679008 3.68147
141 -0.0229391 1.27074 1.07618
141 -0.272525 -0.78895 4.53523
141 0.560259 0.900416 1.64477
141 1.28497 -0.476311 3.01179
141 0.898404 0.520502 2.14551
141 0.165156 1.04216 1.27535
141 0.906317 0.799472 1.92467
141 -0.881528 1.16202 0.446256
141 -0.700421 0.571012 0.147953
141 -0.894799 0.568568 0.042519
141 0.0495318 -1.21786 4.1811
141 -0.911898 -0.890694 5.00919
141 -1.36099 0.510898 6.13178
141 0.970753 -0.236866 2.92096
141 -0.649087 1.30514 0.6178
141 1.13661 0.773333 2.03504
141 0.873018 -0.522334 3.20546
141 0.160141 0.986204 1.28749
141 0.159141 1.35335 1.20328
141 -0.489815 0.846417 0.570138
141 0.706905 -0.257422 3.04159
141 -0.495888 -0.948118 4.6854
141 -1.27198 -0.107729 5.67571
141 0.6576 -0.705037 3.49009
141 -0.832007 -0.683008 5.0686
141 0.634612 0.612318 1.9301
141 0.60375 0.785846 1.77599
141 -0.994645 -0.819136 5.08861
141 -1.15001 -0.0139866 5.73832
141 -0.389431 -1.20541 4.53578
141 -1.10134 -0.776033 5.16814
141 -0.538314 1.28651 0.681531
141 -0.474159 1.13084 0.684921
141 0.63698 0.685305 1.86612
141 0.428852 -0.625175 3.66304
141 1.14357 0.361008 2.31438
141 0.692708 1.14562 1.61352
141 0.603057 0.550892 1.94697
141 -1.28539 0.0326818 5.80723
141 -1.42478 0.120157 5.88101
141 0.326606 1.02837 1.44092
141 0.0308355 -0.884776 4.18755
141 0.577921 -0.803741 3.63709
141 -0.608035 -1.10956 4.71038
141 -0.81865 -0.0605919 5.63985
141 0.0448456 -0.785015 4.17509
141 0.937135 -0.973129 3.462
141 0.605991 -0.629421 3.46969
141 -0.130277 -1.21721 4.32271
141 -0.605597 1.00483 0.551493
141 -1.17084 -0.275322 5.53218
141 -0.651157 1.23669 0.605678
141 0.488522 -1.0871 3.80963
141 -1.07104 0.642169 0.0192546
141 -1.13169 0.0918178 5.84528
141 0.715092 1.21664 1.59773
141 1.19842 0.0612192 2.60159
141 -0.402159 -0.854842 4.63039
141 1.21789 0.237005 2.45663
141 -0.809562 -0.629885 5.08235
141 1.313 -0.0748253 2.69955
141 0.549833 -0.482659 3.40818
141 1.20954 0.509899 2.2268
141 0.355005 -0.790024 3.81473
141 -0.446592 -0.928347 4.65658
141 -0.202444 1.24949 0.914604
141 0.55168 -1.09392 3.7532
141 -1.21557 0.272008 5.98253
141 -1.03045 -0.0231379 5.71437
141 -0.58329 0.95972 0.551982
141 -1.00752 -0.640218 5.19989
141 0.722944 -0.945254 3.57795
141 0.947578 0.629021 2.07103
141 1.33376 0.243015 2.46633
141 0.751133 0.655891 1.95258
141 -1.01336 -0.495317 5.29361
141 1.07134 -0.45842 3.05614
141 -0.84793 0.528085 0.0228013
141 0.494168 1.25503 1.48805
141 0.688046 -0.739739 3.4878
141 -0.750076 -0.46523 5.16113
141 -0.553905 -1.13971 4.68331
141 0.771732 -1.05315 3.60215
141 0.0440492 1.24929 1.13312
141 -0.542678 1.34679 0.677937
141 0.102711 -0.981659 4.13999
141 -1.38436 -0.0584796 5.73913
141 0.619448 1.0861 1.60055
141 0.240834 -0.999055 4.00503
141 -1.12692 0.660113 0.0121848
141 -0.335988 -0.967159 4.54288
141 0.940668 -0.902551 3.4234
141 0.964143 0.417022 2.24358
141 -0.310331 -0.824759 4.54981
141 0.978768 0.167767 2.51759
141 0.530813 -0.917481 3.7018
141 -0.0108959 -0.974217 4.23055
141 -0.593986 1.33976 0.670809
141 0.639584 0.746689 1.81651
141 0.286789 -0.799884 3.88583
141 0.656494 -0.656646 3.45674
141 -0.807232 -0.726287 5.03754
141 0.698285 -0.797017 3.50684
141 -0.345688 1.23182 0.819838
141 -1.1531 0.812286 0.114284
141 -1.07309 0.0694139 5.81368
141 0.934319 -0.664617 3.26172
141 0.595607 -0.685782 3.52194
141 -0.908251 0.078062 5.81116
141 -1.2528 0.31272 6.00388
141 -0.416703 0.96529 0.679907
141 -1.24066 -0.534073 5.35568
141 0.816731 0.411826 2.19848
141 -0.884745 0.623646 0.104101
141 -0.81133 -0.471712 5.2014
141 -0.0806946 -1.2611 4.28912
141 -0.790942 0.668652 0.17557
141 0.607173 1.20118 1.56037
141 -0.0584272 -1.03181 4.26895
141 0.376815 -0.655224 3.70468
141 -0.300203 1.00396 0.813475
141 0.291702 -1.15251 3.98602
141 0.100267 -1.15829 4.16125
141 -0.409432 0.881029 0.66351
141 1.27457 0.487618 2.24779
141 -0.0205516 -0.900862 4.24234
141 -0.920611 0.856974 0.222184
141 0.460602 -0.727285 3.68333
141 0.979202 0.682466 2.03807
141 -0.00288429 -0.764484 4.22028
141 -0.715336 0.747587 0.280338
141 -0.630231 -0.440263 5.09744
141 -1.17794 0.227078 5.93664
141 -0.460527 1.25226 0.728754
141 -0.0908786 0.906877 1.00112
141 0.936949 0.856168 1.91148
141 0.189383 -1.23872 4.07795
141 -0.783858 -0.783348 4.97464
141 1.21882 -0.472943 3.02616
141 -0.423216 -1.00026 4.60915
141 -1.03614 0.83574 0.161203
141 0.291601 0.867923 1.4779
141 -0.441125 -0.76152 4.71736
141 0.190229 -1.30728 4.09357
141 0.375317 0.746748 1.60315
141 0.832017 -0.482457 3.1822
141 -0.791383 1.17374 0.50032
141 0.579733 0.969507 1.62729
141 -1.12101 0.245569 5.95766
141 0.869647 -0.692515 3.33198
141 -1.22655 -0.295932 5.53702
141 0.383659 1.06923 1.47204
141 0.880915 0.625445 2.04933
141 -0.0216806 -1.22734 4.24178
141 -0.408075 -0.676251 4.71519
141 0.69423 -0.849744 3.5367
141 1.03425 -0.274131 2.9411
141 0.83466 0.667947 1.98385
141 -0.812712 0.944012 0.362348
141 -0.756326 -1.00482 4.85712
141 -0.971362 -0.762902 5.10287
141 -0.768467 -0.836761 4.92713
141 -1.37708 -0.227451 5.61914
141 0.295795 1.39001 1.28611
141 -0.84575 0.108694 5.85318
141 0.66748 1.19347 1.59765
141 -1.27469 0.15686 5.89324
141 1.16764 -0.482449 3.04255
141 -0.625855 -0.777333 4.85746
141 0.858368 0.758215 1.93296
141 -0.0213763 -0.707613 4.24283
141 0.0475785 1.09456 1.14384
141 -0.956407 0.436312 6.16756
141 0.54459 -0.662365 3.56917
141 -0.12646 -0.705396 4.37576
141 -0.54752 -0.737668 4.82483
141 0.125736 -0.891114 4.11325
141 0.249762 1.12105 1.32489
141 0.605268 -1.06982 3.70828
141 0.133632 -1.26381 4.14831
141 0.496998 -0.672458 3.60539
141 0.776286 0.135977 2.53979
141 0.950983 0.967273 1.8624
141 1.13244 0.0681237 2.59827
141 -0.126867 -1.01127 4.34674
141 0.877218 0.418326 2.21406
141 0.727476 0.887097 1.79311
141 1.34674 -0.155454 2.76569
141 -0.879457 0.360331 6.12517
141 -1.01641 0.598752 0.00574484
141 0.985408 -0.290613 2.9635
141 -1.21613 0.512104 6.17455
141 -0.523515 -0.602012 4.86775
141 -0.0130644 1.4308 1.08038
141 0.879492 1.07476 1.76464
141 -1.104 -0.355821 5.44152
141 -0.746289 0.691575 0.196583
141 -0.809834 -1.0399 4.87257
141 -1.07656 0.0113616 5.75241
141 -0.804148 -0.968735 4.89283
141 1.00044 0.852327 1.93351
141 -0.789902 0.732537 0.20089
141 -0.437366 -1.11196 4.59475
141 0.408481 -0.833292 3.7716
141 -0.81518 0.995738 0.383639
141 -0.599294 -0.846273 4.80936
141 -0.328545 -0.761497 4.6008
141 -0.642735 0.859536 0.441715
141 0.248541 1.17386 1.31469
141 -0.7997 0.81189 0.267191
141 -0.438438 -1.17775 4.58453
141 0.406684 -0.723809 3.71371
141 -0.0451638 -0.804383 4.2701
141 0.630554 -0.470748 3.30938
141 -0.458266 0.91058 0.637732
141 0.930614 -0.714847 3.30056
141 -1.32803 0.256952 5.9661
141 -0.151776 -1.16473 4.35808
141 0.180962 1.10437 1.2705
141 -0.947044 0.754328 0.144011
141 0.519852 -0.811785 3.66919
141 1.13689 -0.385437 2.9979
141 0.537134 -0.719672 3.60865
141 -0.485944 1.02384 0.645348
141 0.532974 -0.858781 3.67205
141 -0.573687 1.21009 0.635079
141 -0.504163 -0.662647 4.8339
141 -1.12857 0.543523 6.19859
141 1.12377 -0.774457 3.25572
141 -0.318424 1.27761 0.85298
141 1.06455 -0.366782 3.00587
141 -0.319504 -0.87851 4.54424
141 0.00599842 0.978856 1.12398
141 -0.218543 -0.930943 4.44185
141 0.0125195 1.31444 1.10131
141 0.770958 0.70305 1.93689
141 0.488522 -0.764102 3.68247
141 0.66413 -1.16753 3.71053
141 1.17161 -0.417259 3.00374
141 0.121839 1.30394 1.18624
141 -0.595963 1.26751 0.642351
141 0.146117 1.21253 1.21632
141 0.629723 -0.888489 3.63822
141 1.00749 0.960467 1.8827
141 -1.34407 -0.00249038 5.77523
141 -0.308049 1.06543 0.818735
141 -0.490574 -0.891832 4.69411
141 -0.244517 -1.17033 4.4316
141 -0.7538 -0.88253 4.90769
141 1.03888 0.035425 2.64334
141 -0.500421 -1.09898 4.64128
141 -1.15706 -0.126452 5.64128
141 0.81414 -0.0181171 2.71256
141 -0.671963 0.616628 0.18496
141 0.284806 -1.23565 4.01994
141 0.908206 -0.55902 3.21414
141 -1.32008 -0.234033 5.59767
141 -1.33074 -0.106841 5.6805
141 -1.02153 0.0814269 5.82666
141 -0.125405 -0.764464 4.36479
141 0.154545 -1.12195 4.09764
141 -0.543353 -0.859546 4.75348
141 -1.24957 0.555586 6.18344
141 -0.920997 1.05741 0.361647
141 -0.982734 -0.701158 5.14302
141 -1.22552 0.14983 5.89107
141 0.444775 0.866315 1.58899
141 -0.583577 1.08414 0.608508
141 0.777518 -0.939441 3.53579
141 -0.789188 0.897561 0.348327
141 -0.390504 -0.957755 4.58998
141 1.22277 0.1763 2.51672
141 -0.909062 0.488451 6.22355
141 -0.354381 1.1186 0.789848
141 0.833947 -0.889195 3.47457
141 -1.14352 -0.602094 5.28699
141 -1.31118 0.553399 6.18483
141 0.301155 -0.662975 3.82035
141 -0.0345552 1.21602 1.0576
141 -0.28672 -0.69422 4.57206
141 0.976742 -0.74171 3.29279
141 -0.764403 1.12967 0.499897
141 -0.977467 -0.597209 5.20276
141 0.391534 -1.26463 3.93268
141 -1.32662 0.463144 6.10338
141 -0.197183 1.42738 0.91985
