825 0.349116 0.233913 7.47154
825 -0.0753218 -0.227429 1.18835
825 0.39035 -0.0917699 1.18835
825 -0.241802 0.16012 1.18835
825 0.242338 -0.776164 7.47154
825 -1.01536 -0.0250961 1.18835
825 -0.46505 0.00778065 7.47154
825 -0.328508 -0.148414 1.18835
825 0.189108 0.40874 1.18835
825 0.556552 0.607846 7.47154
825 0.154252 0.493251 1.18835
825 -0.158758 0.485077 1.18835
825 0.834702 -0.38259 7.47154
825 -0.0997283 -0.896094 7.47154
825 0.111011 0.130717 1.18835
825 -0.801833 0.633036 1.18835
825 -0.912773 0.0401909 7.47154
825 -0.335193 0.741894 7.47154
825 -0.882694 -0.364813 1.18835
825 0.612814 -0.525533 7.47154
825 -1.01457 0.0421196 7.47154
825 0.156115 -0.841459 1.18835
825 0.869477 -0.432451 1.18835
825 -0.668285 -0.419 7.47154
825 0.0199902 -0.544807 1.18835
825 1.02176 0.147424 1.18835
825 0.886935 0.246317 7.47154
825 0.335447 -0.16014 7.47154
825 0.0185965 0.474827 7.47154
825 1.01309 -0.180336 7.47154
825 0.0299574 0.237508 1.18835
825 0.289004 0.943607 1.18835
825 -0.324912 -0.592892 7.47154
825 -0.274149 -0.579124 1.18835
825 -0.756513 0.23782 1.18835
825 0.874041 -0.273684 1.18835
825 0.400131 0.605562 1.18835
825 -0.367695 0.64333 1.18835
825 0.863804 0.100293 1.18835
825 -0.334166 -0.402175 1.18835
825 0.0280636 0.807364 1.18835
825 0.0272075 0.863236 1.18835
825 0.116729 0.181561 7.47154
825 -0.308287 0.484581 1.18835
825 -0.0775604 -0.276253 1.18835
825 0.599602 0.567679 1.18835
825 0.333103 -0.797124 7.47154
825 0.438035 -0.0718406 1.18835
825 -0.390921 -0.216775 1.18835
825 -0.972795 0.300268 1.18835
825 -0.955807 -0.11978 1.18835
825 0.576798 -0.16319 1.18835
825 -0.562075 0.576191 1.18835
825 0.958462 -0.366563 1.18835
825 0.0296219 0.190976 1.18835
825 -0.190657 -0.62591 7.47154
825 -0.599401 -0.110821 7.47154
825 0.0606409 0.44541 1.18835
825 0.244649 -0.928225 1.18835
825 -0.122086 -0.304654 1.18835
825 0.7124 0.375541 1.18835
825 0.683033 0.210511 1.18835
825 0.757673 0.279824 1.18835
825 -0.630874 -0.695162 1.18835
825 -0.910104 0.314015 7.47154
825 -0.96157 0.00751441 1.18835
825 -0.644054 -0.267267 1.18835
825 0.214095 0.627862 1.18835
825 0.726314 -0.0203906 7.47154
825 0.545674 -0.31426 1.18835
825 -0.174353 0.749859 7.47154
825 -0.594495 -0.741289 7.47154
825 0.677252 -0.166954 1.18835
825 0.369136 0.388348 7.47154
825 0.432281 0.17063 1.18835
825 -0.223174 0.346019 1.18835
825 0.806276 0.559506 1.18835
825 -0.120358 -0.839083 1.18835
825 -0.523299 -0.558673 1.18835
825 -0.742451 0.136239 7.47154
825 0.740295 -0.431994 1.18835
825 -0.648838 -0.766599 1.18835
825 0.833148 0.617804 1.18835
825 -0.569616 -0.156753 1.18835
825 -0.364559 0.846743 1.18835
825 0.234491 -0.251599 1.18835
825 0.831794 -0.592752 1.18835
825 0.418651 -0.223618 1.18835
825 0.221331 -0.606542 1.18835
825 -0.382973 0.54595 1.18835
825 0.0230279 0.528989 7.47154
825 0.216008 -0.313609 1.18835
825 -0.925976 -0.247489 1.18835
825 0.540893 -0.729965 1.18835
825 0.0705024 0.160153 1.18835
825 0.387606 -0.464402 7.47154
825 -0.2151 -0.574218 1.18835
825 -0.243006 -0.978665 1.18835
825 0.273765 1.00044 1.18835
825 0.170643 0.659393 1.18835
825 -0.360543 -0.450153 1.18835
825 -0.494002 -0.32199 7.47154
825 -0.459353 -0.652195 1.18835
825 -0.265652 -0.0772015 1.18835
825 0.337972 -0.691683 1.18835
825 -0.61021 -0.414424 1.18835
825 -0.129861 -0.539257 1.18835
825 -0.658586 0.084504 1.18835
825 0.262816 -0.870825 1.18835
825 -0.2524 -0.216279 1.18835
825 -0.777944 0.186629 1.18835
825 -0.244748 -0.532623 1.18835
825 0.748874 -0.693302 7.47154
825 -0.416889 0.814597 1.18835
825 0.278302 0.399894 7.47154
825 0.107259 0.469384 1.18835
825 0.688978 0.531608 1.18835
825 -0.399012 0.359723 1.18835
825 0.444808 -0.0190629 7.47154
825 -0.0801095 0.201088 1.18835
825 -0.350965 0.590338 7.47154
825 0.100964 0.0287758 7.47154
825 -0.175252 0.221528 1.18835
825 0.0205936 -0.908021 7.47154
825 0.0327881 -0.806326 7.47154
825 -0.225141 0.209397 1.18835
825 0.550041 0.813036 1.18835
825 0.414686 0.0675436 1.18835
825 -0.165724 -0.387898 7.47154
825 0.390011 0.881551 1.18835
825 -0.672075 0.282543 1.18835
825 -0.231232 -0.112519 1.18835
825 -0.49661 0.465127 7.47154
825 -0.530629 0.32289 1.18835
825 -0.307095 0.0992835 1.18835
825 0.475344 0.481577 7.47154
825 0.0244322 1.03565 7.47154
825 0.323134 -0.401837 1.18835
825 0.107871 -0.523276 1.18835
825 0.830891 -0.233958 1.18835
825 0.300735 -0.0802464 7.47154
825 -0.659025 0.489012 7.47154
825 -0.493736 -0.60613 1.18835
825 0.347476 -0.501698 7.47154
825 0.0619591 -0.000143097 7.47154
825 0.925885 0.0195669 1.18835
825 0.612321 0.390359 7.47154
825 -0.835684 0.18343 1.18835
825 0.340613 0.529454 7.47154
825 -0.685778 -0.0653037 7.47154
825 0.060498 -0.204445 1.18835
825 0.444413 -0.738786 7.47154
825 -0.305953 -0.44585 1.18835
825 0.793293 0.176048 1.18835
825 0.507768 0.342381 7.47154
825 0.847746 0.157243 1.18835
825 -0.386201 -0.500776 7.47154
825 0.180098 0.773725 1.18835
825 -0.401088 0.746951 1.18835
825 -0.890935 -0.473219 7.47154
825 -0.256916 -0.755687 7.47154
825 0.341615 0.182967 1.18835
825 -0.682889 0.0356722 7.47154
825 -0.461552 0.0561802 1.18835
825 -0.636616 0.431795 1.18835
825 0.199588 -0.502412 1.18835
825 0.225803 0.742121 1.18835
825 0.86347 0.0442185 1.18835
825 -0.15427 0.59262 7.47154
825 -0.582611 0.133226 1.18835
825 -0.0200325 0.558728 1.18835
825 -0.177287 -0.828852 1.18835
825 -0.438655 -0.316255 1.18835
825 -0.159521 -0.180085 7.47154
825 0.2446 -0.149629 7.47154
825 -0.696314 -0.270768 1.18835
825 -0.609246 -0.0112662 1.18835
825 -0.622169 0.536096 7.47154
825 0.0657397 0.107777 7.47154
825 -0.805496 -0.269095 7.47154
825 -0.21755 -0.873471 7.47154
825 -0.442188 -0.502976 1.18835
825 0.314275 -0.0254107 7.47154
825 -0.79178 -0.422602 7.47154
825 -0.313347 0.633524 1.18835
825 0.504093 -0.348053 1.18835
825 0.538331 -0.663741 1.18835
825 0.916922 -0.317887 1.18835
825 -0.520754 -0.658751 7.47154
825 0.468147 -0.396802 7.47154
825 -0.256114 0.478905 1.18835
825 -0.679556 0.768344 7.47154
825 -0.76753 -0.0143428 1.18835
825 0.870577 0.565432 7.47154
825 0.687106 -0.67679 1.18835
825 0.14796 -0.200067 1.18835
825 -0.0604785 -0.692415 7.47154
825 0.423531 -0.92378 1.18835
825 -0.0638774 -0.846723 7.47154
825 -0.281745 0.719954 1.18835
825 0.443015 0.571005 7.47154
825 -0.411875 -0.549212 1.18835
825 -0.247378 0.569021 1.18835
825 -0.254422 -0.352533 7.47154
825 -0.773889 0.394186 7.47154
825 0.80226 -0.535011 1.18835
825 -0.0233361 0.214249 1.18835
825 -0.253608 0.887619 1.18835
825 -0.47703 0.141542 1.18835
825 -0.145838 -0.436097 7.47154
825 -0.572916 0.0398016 1.18835
825 -0.545511 -0.780964 7.47154
825 -0.633047 -0.0630524 1.18835
825 -0.798165 0.13357 1.18835
825 0.218905 -0.364929 1.18835
825 -0.382546 -0.596534 1.18835
825 -0.740161 -0.0653586 7.47154
825 -0.640009 -0.368061 1.18835
825 0.270481 0.708889 1.18835
825 0.473593 0.138551 1.18835
825 0.630739 0.19389 1.18835
825 -0.838379 0.58589 1.18835
825 0.433038 -0.862203 1.18835
825 -0.899004 0.161625 1.18835
825 0.998646 -0.243709 7.47154
825 0.712666 -0.261208 1.18835
825 0.652884 -0.781132 1.18835
825 -0.0777634 0.87046 1.18835
825 0.519353 0.447043 1.18835
825 -0.722956 -0.62292 1.18835
825 0.47155 -0.202364 1.18835
825 -0.279707 -0.398973 1.18835
825 -0.0641513 0.643133 1.18835
825 0.157647 0.152317 7.47154
825 -0.0707522 0.478664 1.18835
825 0.594594 -0.471966 7.47154
825 0.442237 -0.482096 1.18835
825 0.441282 -0.801415 7.47154
825 0.960586 0.170099 1.18835
825 0.272077 0.347479 7.47154
825 -0.0693055 0.751185 1.18835
825 0.326576 0.420947 1.18835
825 0.38238 -0.830737 1.18835
825 0.148389 -0.485628 7.47154
825 -0.854003 0.129068 1.18835
825 -0.170582 0.43181 1.18835
825 0.145877 -0.736685 7.47154
825 0.141864 -0.0530051 1.18835
825 -0.173003 0.087957 1.18835
825 -0.508547 0.183943 7.47154
825 -0.467875 0.859808 7.47154
825 -9.50575e-05 -0.441158 1.18835
825 0.112447 0.523766 1.18835
825 -0.643894 0.2324 7.47154
825 0.482148 -0.103492 1.18835
825 0.240011 -0.468086 7.47154
825 0.745428 0.548011 1.18835
825 -0.497049 0.0927631 1.18835
825 -0.465087 -0.273598 1.18835
825 -0.156981 0.138762 7.47154
825 0.672385 -0.37608 1.18835
825 0.115107 -0.332929 1.18835
825 0.0910978 1.03373 7.47154
825 0.0736167 0.608846 1.18835
825 -0.539676 -0.719055 1.18835
825 0.868026 -0.0640483 1.18835
825 0.52478 0.698989 7.47154
825 0.259131 0.244732 1.18835
825 -0.559337 -0.313812 1.18835
825 -0.0348184 -0.146688 1.18835
825 -0.359407 -0.257706 1.18835
825 -0.351658 -0.640139 1.18835
825 0.440868 0.221471 1.18835
825 0.177319 -0.791656 1.18835
825 0.229979 -0.00920916 7.47154
825 -0.69517 -0.568662 1.18835
825 -0.113029 -1.00305 7.47154
825 0.0142391 0.421706 1.18835
825 0.697764 0.265911 1.18835
825 0.0282819 0.639052 1.18835
825 -0.180321 0.959602 7.47154
825 0.251078 -0.100578 1.18835
825 -0.556437 0.372849 7.47154
825 0.334312 0.131792 1.18835
825 0.541257 0.554752 7.47154
825 -0.434415 -0.909442 7.47154
825 0.129107 0.746099 1.18835
825 0.980275 -0.305775 7.47154
825 -0.542302 0.669056 1.18835
825 -0.118673 -0.206521 1.18835
825 0.287003 0.112002 1.18835
825 0.320281 -0.261122 1.18835
825 -0.230985 0.429714 1.18835
825 -0.614299 0.182332 1.18835
825 -0.469025 -0.365305 7.47154
825 -0.0190902 0.724422 7.47154
825 -0.389615 0.452906 7.47154
825 0.0620246 -0.259144 1.18835
825 0.875468 -0.00762824 1.18835
825 0.674666 0.157746 7.47154
825 0.902213 -0.485441 7.47154
825 0.519117 -0.4059 1.18835
825 0.568873 -0.213516 7.47154
825 0.251661 -0.519852 1.18835
825 0.357343 0.641138 1.18835
825 -0.138818 -0.636504 1.18835
825 0.895516 -0.374786 7.47154
825 -0.699412 0.235849 1.18835
825 0.390806 0.550481 7.47154
825 -0.943727 -0.186184 1.18835
825 -0.0696405 -0.0206827 1.18835
825 -0.0756164 -0.554806 1.18835
825 0.21779 0.274905 1.18835
825 -0.283459 0.433534 1.18835
825 -0.799008 0.339109 1.18835
825 0.177003 -0.63966 1.18835
825 0.633048 -0.0100696 1.18835
825 -0.137703 -0.94468 1.18835
825 -0.158803 -0.886382 1.18835
825 0.429276 -0.622493 1.18835
825 0.38466 -0.657327 1.18835
825 0.412614 0.355791 1.18835
825 0.287081 -0.681781 1.18835
825 0.891955 -0.217767 1.18835
825 0.228026 -0.417072 7.47154
825 -0.0426688 -0.744759 1.18835
825 0.0573392 -0.154363 1.18835
825 0.49331 -0.766737 1.18835
825 0.840863 0.215133 7.47154
825 -0.308511 -0.355647 1.18835
825 -0.581705 0.424467 1.18835
825 0.64673 -0.327502 1.18835
825 -0.499444 0.709211 1.18835
825 -0.491437 -0.814747 7.47154
825 0.706044 -0.575709 1.18835
825 -0.13197 0.403193 1.18835
825 0.427128 -0.430128 1.18835
825 -0.805373 -0.1157 1.18835
825 -0.675718 0.547237 1.18835
825 0.567026 0.415264 7.47154
825 0.360903 -0.300164 7.47154
825 0.916941 0.341905 1.18835
825 0.280398 -0.813617 7.47154
825 0.527399 0.501258 1.18835
825 -0.0187564 0.613424 1.18835
825 -0.242186 0.299567 7.47154
825 0.265774 0.29587 1.18835
825 -0.333191 -0.49449 1.18835
825 -0.870195 0.535231 1.18835
825 -0.417165 0.0203593 7.47154
825 -0.528728 -0.360512 1.18835
825 -0.450471 0.36282 1.18835
825 0.792645 -0.644069 7.47154
825 0.681474 0.0118026 7.47154
825 -0.56087 0.277161 1.18835
825 0.760232 0.0782494 7.47154
825 0.0841382 0.937856 7.47154
825 0.0600152 -0.508807 1.18835
825 0.102761 -0.229315 1.18835
825 0.792819 -0.337928 7.47154
825 0.444563 0.939671 1.18835
825 0.439734 -0.678538 7.47154
825 -0.697722 -0.37175 1.18835
825 0.485887 -0.893039 1.18835
825 -0.697853 -0.469922 7.47154
825 0.342014 -0.110371 7.47154
825 -0.292172 -0.180164 1.18835
825 0.374689 0.756421 1.18835
825 0.909956 0.135095 7.47154
825 0.701975 -0.738772 1.18835
825 -0.9014 -0.145367 1.18835
825 0.012771 -0.173342 1.18835
825 -0.386526 -0.309194 7.47154
825 0.190585 0.894229 1.18835
825 0.410576 -0.379447 1.18835
825 0.787694 -0.198842 7.47154
825 -0.579338 -0.565417 7.47154
825 0.101137 0.415362 1.18835
825 -0.289214 0.283278 1.18835
825 -0.749809 -0.272163 1.18835
825 -0.632808 0.809696 1.18835
825 -0.727618 -0.170315 1.18835
825 -0.925108 0.257419 1.18835
825 -0.372278 -0.93755 7.47154
825 -0.505504 0.275517 1.18835
825 -0.163364 -0.331967 1.18835
825 -0.309594 0.234004 1.18835
825 -0.793398 -0.52409 1.18835
825 0.0818677 -0.667664 7.47154
825 -0.196528 -0.147419 7.47154
825 0.905318 -0.160148 1.18835
825 0.343128 -0.743652 1.18835
825 0.0598752 0.0575406 7.47154
825 -0.0254383 -0.346046 1.18835
825 -0.685822 0.602432 1.18835
825 0.16748 -0.588653 1.18835
825 -0.0299916 -0.248419 1.18835
825 0.606366 0.0891865 1.18835
825 -0.728628 -0.422222 1.18835
825 0.277133 0.766739 1.18835
825 -0.109201 -0.403864 1.18835
825 0.320376 0.368205 1.18835
825 -0.855735 -0.0512305 1.18835
825 0.428864 0.770773 1.18835
825 -0.615917 0.279181 7.47154
825 -0.343407 -0.784267 1.18835
825 0.405977 0.304318 7.47154
825 0.485704 -0.0517076 1.18835
825 -0.628172 0.037024 7.47154
825 0.359977 -0.00588811 1.18835
825 0.246016 0.143139 1.18835
825 -0.0294259 -0.0494202 1.18835
825 -0.199358 -0.93281 1.18835
825 0.393722 -0.71306 7.47154
825 -0.604494 0.0847902 1.18835
825 -1.01096 0.109604 7.47154
825 -0.0237448 0.901279 1.18835
825 -0.722182 0.186962 7.47154
825 0.193349 0.0725934 1.18835
825 -0.771629 0.502183 1.18835
825 -0.688555 0.13472 7.47154
825 0.997602 0.270107 7.47154
825 -0.226097 1.00846 1.18835
825 0.0412386 -0.407945 1.18835
825 -0.559717 -0.0080984 1.18835
825 -0.46763 0.511984 1.18835
825 0.479637 -0.153063 1.18835
825 0.649181 0.300118 1.18835
825 -0.00785665 0.968175 1.18835
825 -0.517959 0.763832 1.18835
825 0.329204 -0.210364 7.47154
825 -0.160765 0.534083 1.18835
825 0.0175617 -0.026136 1.18835
825 0.321302 0.0278526 1.18835
825 0.773386 -0.046492 1.18835
825 0.0997916 -0.469562 1.18835
825 -0.357394 0.908312 7.47154
825 -0.37333 0.313051 1.18835
825 -0.901496 -0.0175029 1.18835
825 0.291539 0.507575 1.18835
825 -0.794556 0.0373026 1.18835
825 0.0507026 -0.856757 1.18835
825 -0.440663 -0.844554 7.47154
825 0.892802 0.398004 7.47154
825 -0.797032 -0.0625479 1.18835
825 -0.156136 -0.732361 7.47154
825 0.572579 0.46653 1.18835
825 0.159393 1.02704 7.47154
825 -0.0133234 0.0526364 7.47154
825 -0.276168 0.769876 7.47154
825 -0.22491 -0.486086 1.18835
825 -0.184952 -0.530722 1.18835
825 0.231276 0.80108 1.18835
825 -0.524461 0.888064 1.18835
825 -0.414797 -0.36045 1.18835
825 0.78077 0.0112844 1.18835
825 -0.169561 0.804908 1.18835
825 0.239523 -0.199845 7.47154
825 0.815958 0.453278 1.18835
825 0.152356 -0.15117 7.47154
825 -0.141661 0.0501941 1.18835
825 1.01155 0.209409 7.47154
825 0.323712 -0.855886 7.47154
825 -0.714107 0.498724 7.47154
825 0.952362 -0.200307 1.18835
825 -0.0655221 0.587084 7.47154
825 -0.783353 -0.17002 1.18835
825 0.514061 -0.236557 1.18835
825 0.382647 0.151442 7.47154
825 -0.950631 0.133564 7.47154
825 -1.00149 0.173516 7.47154
825 0.0715035 -0.615122 7.47154
825 0.978795 -0.0136537 1.18835
825 -0.0475124 0.29313 1.18835
825 0.139414 0.91787 1.18835
825 -0.112701 0.560569 1.18835
825 -0.858594 -0.528096 1.18835
825 -0.259381 -0.266462 7.47154
825 0.275255 -0.625604 7.47154
825 -0.234588 -0.814751 7.47154
825 -0.500019 -0.408383 7.47154
825 0.0299884 0.750186 1.18835
825 -0.422193 0.647871 1.18835
825 0.0908871 -0.416654 7.47154
825 0.85901 -0.121797 1.18835
825 -0.633523 -0.567823 7.47154
825 -0.380472 0.6973 1.18835
825 0.333266 0.474739 1.18835
825 0.738044 -0.529428 1.18835
825 -0.645065 0.644046 1.18835
825 -0.110961 -0.592422 7.47154
825 0.201759 0.516817 1.18835
825 -0.701423 -0.117624 1.18835
825 -0.650374 -0.115147 1.18835
825 0.192083 -0.221763 1.18835
825 0.85474 0.351794 1.18835
825 0.707134 -0.482854 1.18835
825 0.0943834 0.362269 1.18835
825 0.537254 0.755154 1.18835
825 0.466413 0.679177 1.18835
825 0.329756 0.791918 1.18835
825 -0.236256 0.023832 7.47154
825 -0.621312 -0.163664 1.18835
825 0.280847 -0.434445 7.47154
825 -0.28844 0.992189 7.47154
825 0.932476 -0.426572 1.18835
825 -0.337613 -0.313526 1.18835
825 0.594743 -0.756748 1.18835
825 0.916126 -0.101591 1.18835
825 -0.379658 0.176239 1.18835
825 0.269504 -0.0440538 1.18835
825 -0.561342 0.181943 7.47154
825 -0.38882 -0.406455 1.18835
825 0.135851 0.859872 1.18835
825 0.723181 -0.206048 1.18835
825 -0.156917 0.864544 1.18835
825 -0.831688 0.0798409 1.18835
825 0.0755775 0.211139 7.47154
825 0.819223 0.273853 1.18835
825 -0.581155 -0.0596894 1.18835
825 -0.851858 0.325517 1.18835
825 -0.47824 -0.0455648 1.18835
825 0.0992749 -0.835806 1.18835
825 0.769491 0.607331 1.18835
825 -0.0346463 -0.098517 1.18835
825 -0.211382 0.843659 7.47154
825 0.182752 0.35611 1.18835
825 -0.0996933 0.275998 1.18835
825 -0.275274 0.526754 1.18835
825 -0.581982 0.850377 1.18835
825 -0.278418 -0.490011 7.47154
825 0.667629 -0.0997424 7.47154
825 0.53093 -0.13504 1.18835
825 -0.577459 -0.674616 1.18835
825 -0.260424 -0.918332 7.47154
825 -0.275813 -0.85902 1.18835
825 -0.0607711 0.0298989 1.18835
825 -0.492829 -0.879031 1.18835
825 0.0809393 0.828119 1.18835
825 0.837415 -0.486459 7.47154
825 0.374782 0.099923 7.47154
825 0.181626 -0.940914 1.18835
825 0.610986 0.839278 7.47154
825 -0.025009 -0.798244 1.18835
825 -0.0770991 0.117999 1.18835
825 -0.858776 0.271596 7.47154
825 0.616937 -0.233674 1.18835
825 -0.222371 0.782324 1.18835
825 -0.0611375 0.244599 7.47154
825 0.577328 0.176682 1.18835
825 0.625629 -0.0686552 7.47154
825 0.41642 -0.568868 1.18835
825 -0.251098 -0.0258102 7.47154
825 0.710155 -0.12914 1.18835
825 -0.421075 0.409034 1.18835
825 0.141726 0.385711 7.47154
825 0.182851 0.960631 1.18835
825 0.555034 -0.369859 1.18835
825 -0.580845 -0.461706 7.47154
825 -0.0528019 -0.422171 1.18835
825 -0.500354 0.566012 1.18835
825 0.969192 0.110697 1.18835
825 0.560168 0.362735 1.18835
825 0.595974 0.0362006 1.18835
825 0.897996 0.189732 1.18835
825 0.482792 -0.44797 1.18835
825 0.583904 0.516258 7.47154
825 -0.0486332 0.0810331 1.18835
825 0.418464 0.408036 7.47154
825 0.392712 -0.772656 1.18835
825 -0.460213 -0.13569 7.47154
825 -0.758393 -0.220276 1.18835
825 -0.161995 -0.580501 7.47154
825 -0.829577 0.497313 1.18835
825 -0.38126 -0.0183397 1.18835
825 0.106063 0.0793863 1.18835
825 -0.0403051 -0.903573 1.18835
825 0.307439 0.265071 1.18835
825 -0.255164 0.385883 1.18835
825 0.601169 -0.821065 7.47154
825 -0.0956835 0.0651367 1.18835
825 0.360428 -0.552545 7.47154
825 0.483113 0.18959 1.18835
825 0.735408 0.22703 1.18835
825 -0.243543 -0.164832 1.18835
825 -0.757892 -0.373656 1.18835
825 0.670742 -0.219883 7.47154
825 0.184386 -0.0809705 1.18835
825 0.154353 -0.303138 1.18835
825 -0.327294 0.686298 1.18835
825 0.750374 -0.306011 1.18835
825 0.514745 0.10616 1.18835
825 -0.307483 -0.960952 1.18835
825 0.165379 0.603385 1.18835
825 -0.0114552 -0.392374 1.18835
825 -0.440582 0.555774 1.18835
825 -0.664919 0.383717 1.18835
825 0.171477 -0.347127 1.18835
825 -0.718719 0.390546 7.47154
825 0.660837 0.800576 7.47154
825 -0.480838 0.231238 1.18835
825 -0.575357 0.785519 1.18835
825 0.199753 -0.742842 1.18835
825 -0.415027 -0.455442 7.47154
825 0.375373 0.441432 1.18835
825 -0.117745 0.231308 1.18835
825 0.146952 0.051078 1.18835
825 0.555149 0.0724994 7.47154
825 -0.944149 0.198784 7.47154
825 0.545307 -0.794634 1.18835
825 -0.299516 -0.041195 1.18835
825 -0.0236795 0.503957 7.47154
825 0.349406 -0.0598433 7.47154
825 -0.521182 -0.281166 7.47154
825 0.87287 0.452175 7.47154
825 0.58369 -0.623154 1.18835
825 0.593679 -0.333343 1.18835
825 -0.467356 -0.554096 7.47154
825 1.03048 -0.0492345 1.18835
825 0.0163561 -0.270377 1.18835
825 -0.285016 0.0108674 1.18835
825 0.846663 -0.179154 1.18835
825 0.236721 0.431267 1.18835
825 -0.204438 -0.351218 1.18835
825 0.641816 -0.717672 7.47154
825 -0.278467 -0.31169 1.18835
825 0.263453 -0.572146 7.47154
825 0.314335 0.675423 1.18835
825 0.245893 -0.713867 7.47154
825 -0.495061 -0.09611 1.18835
825 0.468478 0.427495 1.18835
825 -0.730507 0.285647 7.47154
825 -0.0309157 -0.524281 7.47154
825 0.54575 -0.85876 7.47154
825 0.225016 -0.987041 7.47154
825 -0.712905 -0.0149593 1.18835
825 -0.109668 0.617221 1.18835
825 -0.367521 0.786943 1.18835
825 -0.00828378 -0.697523 7.47154
825 -0.076484 -0.327215 1.18835
825 0.403797 -0.326781 1.18835
825 -0.334159 -0.842536 1.18835
825 -0.107499 0.15569 1.18835
825 1.02932 0.0842774 1.18835
825 0.10444 -0.177884 1.18835
825 -0.0671498 0.807251 7.47154
825 -0.392532 -0.814027 7.47154
825 -0.429236 -0.0324588 1.18835
825 0.0764592 0.663779 1.18835
825 0.528733 -0.606174 7.47154
825 0.384452 -0.142637 1.18835
825 0.0580331 -0.0533763 1.18835
825 0.462021 -0.251655 1.18835
825 -0.583335 0.6287 1.18835
825 -0.306952 0.388245 1.18835
825 0.256714 0.595571 1.18835
825 0.433477 -0.123279 1.18835
825 0.357696 -0.950219 1.18835
825 -0.270753 0.0618035 7.47154
825 -0.348948 0.971681 1.18835
825 0.243203 0.48519 1.18835
825 0.524943 0.157533 7.47154
825 -0.0979879 -0.73896 7.47154
825 -0.301852 -0.228597 1.18835
825 0.948308 0.227612 1.18835
825 0.484527 -0.642899 1.18835
825 -0.164437 1.02092 1.18835
825 0.671121 0.636453 1.18835
825 0.671181 0.471926 7.47154
825 -0.394804 -0.0716962 1.18835
825 -0.526422 0.826031 7.47154
825 0.0698837 0.553846 1.18835
825 0.958253 0.390272 7.47154
825 -0.725739 -0.323485 7.47154
825 0.390731 0.202417 7.47154
825 0.308072 -0.913206 1.18835
825 0.543413 0.0210875 7.47154
825 0.514201 0.394333 1.18835
825 -0.041208 -0.472316 7.47154
825 -0.37276 -0.697984 1.18835
825 0.138967 -0.432969 1.18835
825 -0.692726 0.334055 1.18835
825 0.553298 0.311087 1.18835
825 -0.52301 0.615738 1.18835
825 -0.197925 0.392187 1.18835
825 0.382064 0.817506 1.18835
825 -0.123811 -0.087747 1.18835
825 0.652216 -0.481326 1.18835
825 -0.198005 0.567903 1.18835
825 0.224101 0.326197 1.18835
825 0.589043 0.228487 7.47154
825 -0.196889 -0.773773 7.47154
825 -0.208338 0.260443 1.18835
825 0.67363 -0.0439344 1.18835
825 0.811358 0.110829 1.18835
825 0.204853 0.173363 7.47154
825 -0.0323792 0.399224 1.18835
825 0.12579 0.68974 1.18835
825 -0.067684 0.697288 7.47154
825 0.0786513 -0.365894 1.18835
825 0.46374 0.0872539 1.18835
825 -0.465356 0.920904 1.18835
825 -0.764621 0.680598 1.18835
825 0.597494 0.280724 1.18835
825 -0.16207 0.64583 7.47154
825 0.40956 -0.274792 1.18835
825 -0.601442 -0.807895 7.47154
825 -0.390015 0.119372 1.18835
825 -0.3956 0.265373 1.18835
825 -0.502316 0.367256 1.18835
825 -0.910124 -0.0793853 1.18835
825 -0.0929585 -0.452406 7.47154
825 -0.000638036 0.315013 1.18835
825 0.585839 -0.692535 1.18835
825 0.195444 0.462338 7.47154
825 0.0661008 -0.313042 1.18835
825 0.708019 0.758651 7.47154
825 -0.95965 -0.0524266 1.18835
825 0.763267 0.438004 1.18835
825 -0.83317 0.387562 1.18835
825 -0.664229 0.70311 1.18835
825 -0.470975 0.802241 7.47154
825 -0.0812517 -0.791731 7.47154
825 0.491913 -0.830569 7.47154
825 0.12179 0.634049 1.18835
825 -0.342537 0.271668 1.18835
825 0.576368 -0.419496 1.18835
825 0.0797494 0.260083 7.47154
825 -0.27657 0.340815 1.18835
825 0.142368 0.000523804 1.18835
825 -0.898428 0.094969 1.18835
825 0.616639 -0.380446 7.47154
825 -0.407152 0.0692966 1.18835
825 -0.166292 -0.232084 1.18835
825 -0.367385 0.404657 1.18835
825 0.13008 -0.380696 7.47154
825 -0.819241 -0.216543 7.47154
825 -0.0663282 0.533346 1.18835
825 -0.644957 -0.216503 1.18835
825 -0.361239 -0.110424 1.18835
825 0.240124 0.0924455 1.18835
825 0.298786 0.562773 7.47154
825 -0.54792 -0.84463 1.18835
825 -0.224818 -0.395998 7.47154
825 -0.905629 -0.306635 7.47154
825 -0.30943 0.867356 1.18835
825 0.532896 -0.03126 1.18835
825 0.752366 0.714307 7.47154
825 -0.34584 0.360327 7.47154
825 -0.120648 -0.357533 1.18835
825 0.132237 0.802607 1.18835
825 0.557803 -0.263539 1.18835
825 -0.482504 -0.701663 1.18835
825 0.249893 0.539997 7.47154
825 -0.212184 -0.25296 1.18835
825 -0.443503 -0.0851972 1.18835
825 0.026481 0.136929 1.18835
825 -0.69089 0.44087 7.47154
825 0.584394 -0.0142479 7.47154
825 0.645144 0.049224 7.47154
825 -0.107347 0.0129582 1.18835
825 0.825451 0.39783 1.18835
825 0.0176281 -0.315864 1.18835
825 0.410277 0.660406 1.18835
825 -0.496999 -0.506372 1.18835
825 -0.129594 0.911229 7.47154
825 0.918117 0.0760772 1.18835
825 0.290491 -0.746457 1.18835
825 0.0444483 -0.710529 1.18835
825 -0.550274 0.470351 1.18835
825 0.0511757 -0.457071 7.47154
825 -0.804668 0.444987 7.47154
825 -0.820122 -0.370982 1.18835
825 -0.174695 -0.679464 7.47154
825 0.503526 0.054579 1.18835
825 0.809625 -0.284541 7.47154
825 0.366316 0.698004 7.47154
825 -0.424899 0.312464 1.18835
825 0.749652 -0.161435 1.18835
825 0.363046 0.336329 1.18835
825 0.382575 0.495609 1.18835
825 0.72533 -0.366575 1.18835
825 0.869736 0.298217 1.18835
825 0.23561 0.862916 1.18835
825 0.58284 -0.112693 7.47154
825 -0.319115 0.0480482 1.18835
825 -0.259103 0.620594 1.18835
825 0.134415 -0.680718 1.18835
825 0.0821053 0.882321 1.18835
825 -0.603665 0.684296 7.47154
825 0.398627 0.253304 1.18835
825 -0.217563 0.519854 1.18835
825 0.657263 0.105243 1.18835
825 -0.953397 0.361377 7.47154
825 -0.257354 0.246401 1.18835
825 0.804841 0.328251 7.47154
825 -0.700572 -0.219226 1.18835
825 0.504246 0.909339 7.47154
825 -0.535588 0.229898 1.18835
825 -0.0244181 0.841954 7.47154
825 -0.0350403 1.03437 7.47154
825 0.492784 0.00208012 7.47154
825 -0.901087 0.481128 1.18835
825 -0.742568 -0.683013 7.47154
825 0.794052 0.66739 1.18835
825 0.373372 -0.60405 1.18835
825 0.454657 0.625121 7.47154
825 -0.473679 0.41372 7.47154
825 -0.115522 0.831932 1.18835
825 0.188441 0.0222268 1.18835
825 -0.33321 -0.00378097 1.18835
825 -0.36327 -0.358648 1.18835
825 0.17626 0.304423 1.18835
825 -0.583401 -0.363677 7.47154
825 0.268425 -0.384981 7.47154
825 0.337309 0.983359 1.18835
825 0.217921 1.00872 1.18835
825 -0.960692 0.0743132 7.47154
825 -0.0320357 -0.297527 1.18835
825 -0.0390893 0.346394 7.47154
825 -0.230188 -0.668824 7.47154
825 -0.0111466 -0.958893 7.47154
825 0.187966 -0.691 7.47154
825 0.696772 0.0689226 1.18835
825 -0.189418 0.306755 1.18835
825 -0.610802 0.377762 7.47154
825 -0.604973 0.478179 7.47154
825 0.628382 -0.654809 1.18835
825 0.038812 0.287072 7.47154
825 -0.623781 0.589495 7.47154
825 -1.00999 -0.0923954 7.47154
825 0.635458 0.513632 1.18835
825 0.280843 -0.231554 1.18835
825 -0.667868 0.184307 1.18835
825 -0.170349 0.697986 1.18835
825 0.360971 -0.356099 1.18835
825 -0.442733 -0.409842 7.47154
825 -0.446742 0.265536 1.18835
825 -0.207658 0.620008 7.47154
825 0.282984 0.825812 7.47154
825 0.811832 0.0533891 1.18835
825 -0.526934 0.418438 1.18835
825 0.45364 -0.34957 1.18835
825 0.192364 -0.273675 1.18835
825 -0.482179 0.656337 1.18835
825 0.275572 0.00891422 1.18835
825 -0.347184 -0.0566351 7.47154
825 0.427914 -0.173253 1.18835
825 0.0797547 0.773912 1.18835
825 -0.986898 -0.229199 1.18835
825 -0.244694 -0.620103 1.18835
825 0.625279 -0.183185 1.18835
825 0.0910783 -1.00771 1.18835
825 -0.442702 0.104323 1.18835
825 -0.0812745 -0.11964 1.18835
825 0.51528 -0.551491 1.18835
825 -0.124989 0.10341 1.18835
825 0.93456 0.285596 1.18835
825 0.577024 -0.063319 1.18835
825 -0.713238 0.0851598 1.18835
825 0.492182 0.24034 1.18835
825 0.135129 0.33347 1.18835
825 0.730926 0.653131 7.47154
825 -0.668975 -0.320202 1.18835
825 0.317084 -0.586665 1.18835
825 0.0229305 -1.01065 7.47154
825 0.558882 0.875125 1.18835
825 -0.945745 -0.355638 1.18835
825 -0.606983 -0.627468 1.18835
825 -0.3554 0.0839806 1.18835
825 -0.383584 -0.875952 7.47154
825 -0.0286824 0.450519 1.18835
825 -0.163421 -0.0513808 1.18835
825 -0.375453 -0.164565 1.18835
825 0.28527 0.886271 1.18835
825 0.120479 -0.786346 7.47154
825 -0.409281 -0.124873 1.18835
825 -0.66033 -0.0137638 1.18835
825 0.977549 0.0502122 1.18835
825 -0.511856 -0.00330353 1.18835
825 0.196423 -0.172082 7.47154
825 -0.112299 0.507913 7.47154
825 0.401906 -0.516705 7.47154
825 -0.216623 -0.0613301 7.47154
825 -0.213203 -0.721381 7.47154
825 0.00757411 0.368145 7.47154
825 -0.138042 0.309804 1.18835
825 0.726097 0.48735 1.18835
825 0.284726 0.453264 7.47154
825 -0.855851 -0.42054 1.18835
825 0.334488 -0.451675 1.18835
825 -0.153778 -0.00142962 7.47154
825 -0.129398 -0.489352 1.18835
825 -0.321331 -0.685242 7.47154
825 -0.276145 0.196942 1.18835
825 -0.119277 0.453024 1.18835
825 0.123689 -0.627549 1.18835
825 -0.0459426 -1.00954 1.18835
825 -0.85842 -0.106532 1.18835
825 0.151997 0.101825 1.18835
825 -0.454727 0.190726 1.18835
825 -0.0560395 0.161999 1.18835
825 0.0789763 0.718867 1.18835
825 0.668641 -0.616392 1.18835
825 -0.815228 0.235639 1.18835
825 0.286961 -0.180005 7.47154
825 0.76574 -0.24849 1.18835
825 0.252417 0.193877 1.18835
825 0.92514 -0.0424301 1.18835
825 -0.0770387 -0.0706304 1.18835
825 0.0468707 0.338607 1.18835
825 0.328729 -0.638431 7.47154
825 0.0505039 0.984419 7.47154
825 -0.891247 0.374426 1.18835
825 0.868005 -0.540854 1.18835
825 0.119278 -0.952166 7.47154
825 0.712565 0.118729 7.47154
825 0.689844 0.696811 1.18835
825 0.348641 0.584978 1.18835
825 -0.0189649 0.780708 7.47154
825 -0.359583 0.493572 1.18835
825 0.292637 -0.484894 7.47154
825 0.449119 0.272294 1.18835
825 -0.43622 -0.601126 7.47154
825 0.781247 0.501413 1.18835
825 -0.0211211 0.119237 7.47154
825 -0.534685 -0.19335 1.18835
825 -0.279538 -0.129207 1.18835
825 0.642687 0.247329 1.18835
825 -0.269355 0.670937 1.18835
825 -0.8254 -0.00879468 7.47154
825 0.538222 -0.458558 1.18835
825 0.853749 -0.327042 1.18835
825 -0.613994 -0.317535 1.18835
825 0.535325 0.208767 1.18835
825 0.163743 0.202903 1.18835
825 0.201079 -0.884243 1.18835
825 -0.638915 0.329726 1.18835
825 -0.882834 -0.20461 1.18835
825 1.03245 0.0179311 1.18835
825 0.281087 0.0606596 1.18835
825 0.606483 0.335057 1.18835
825 0.122563 0.232242 7.47154
825 0.614601 0.622653 7.47154
825 0.458261 -0.533923 7.47154
825 -0.761079 -0.472021 1.18835
825 0.0560012 -0.104491 1.18835
825 -0.081556 -0.505174 7.47154
825 0.0187532 0.0870376 1.18835
825 -0.29268 0.14828 1.18835
825 -0.342776 -0.203839 1.18835
825 -0.00754756 -0.853199 1.18835
825 -0.706524 0.659784 7.47154
825 -0.746244 0.447538 1.18835
825 -0.723383 0.725529 7.47154
825 0.146949 -0.250947 1.18835
825 0.584641 0.719183 7.47154
825 0.964538 -0.139664 1.18835
825 -0.343344 0.137135 7.47154
825 -0.0851556 0.324101 1.18835
825 0.0654377 0.499304 1.18835
825 -0.320114 0.320348 1.18835
825 -0.54802 -0.105457 7.47154
825 0.453777 0.0348105 1.18835
825 0.633882 -0.429959 1.18835
825 -0.119429 -0.689744 1.18835
825 -0.207052 0.123767 1.18835
825 0.0264415 0.583997 1.18835
825 -0.530085 0.135336 1.18835
825 -0.20097 -0.0140583 7.47154
825 0.502922 -0.289327 1.18835
825 -1.00111 -0.161356 7.47154
825 -0.412858 0.880755 1.18835
825 -0.407672 0.946502 1.18835
825 -0.554283 -0.410438 7.47154
825 -0.411128 -0.266169 1.18835
825 -0.488828 -0.756104 1.18835
825 -0.529658 -0.0551107 1.18835
825 -0.496687 -0.232224 1.18835
825 -0.413709 0.504141 1.18835
825 -0.920155 -0.415672 1.18835
825 -0.222162 -0.304589 7.47154
825 -0.124506 -0.256411 7.47154
825 0.0952525 -0.723452 1.18835
825 0.0125094 -0.75301 1.18835
825 -0.0792397 0.378547 1.18835
825 -0.790332 0.557596 1.18835
825 0.0551829 -0.956989 1.18835
825 0.423377 0.119507 1.18835
825 -0.680337 -0.670726 1.18835
825 -0.221811 0.0742268 1.18835
825 -0.329106 0.536745 1.18835
825 0.719292 -0.0739005 1.18835
825 -0.429488 -0.711771 1.18835
825 0.492056 -0.702024 1.18835
825 0.629973 -0.131695 1.18835
825 -0.148894 -0.127381 1.18835
825 -0.78445 -0.322853 1.18835
825 0.544783 0.259529 1.18835
825 -0.101484 1.03128 1.18835
825 0.148135 0.439029 1.18835
825 -0.217099 0.672527 1.18835
825 -0.385377 -0.749377 1.18835
825 0.101158 -0.0265398 1.18835
825 0.934797 0.448856 1.18835
825 -0.19663 -0.434211 1.18835
825 0.101452 -0.130121 7.47154
825 0.0300689 -0.360391 1.18835
825 0.175415 0.716173 7.47154
825 0.389771 0.95426 1.18835
825 -0.12036 0.775728 7.47154
825 -0.47572 0.316078 1.18835
825 -0.368128 0.0337286 1.18835
825 -0.0752001 -0.953445 7.47154
825 0.90492 0.507969 7.47154
825 0.974396 -0.0779239 1.18835
825 0.645975 0.738931 1.18835
825 0.53021 -0.0851429 1.18835
825 0.159205 -0.999652 1.18835
825 0.0238259 0.026334 1.18835
825 -0.759077 -0.57351 7.47154
825 0.367559 0.047466 1.18835
825 0.485408 0.536594 1.18835
825 -0.0579803 -0.606614 7.47154
825 -0.298953 0.580129 7.47154
825 0.312395 -0.308431 1.18835
825 0.733752 0.0332857 1.18835
825 0.0125318 -0.0764096 1.18835
825 -0.665978 -0.517763 7.47154
825 0.139795 -0.893592 7.47154
825 0.184366 -0.0281791 1.18835
825 -0.415119 0.218178 1.18835
825 -0.769563 0.0858573 1.18835
825 -0.312782 -0.27339 7.47154
825 -0.593068 -0.209598 1.18835
825 -0.0673334 -0.375318 1.18835
825 0.605638 -0.283343 1.18835
825 0.688223 -0.426692 1.18835
825 -0.0623909 0.981577 7.47154
825 -0.864541 0.436938 1.18835
825 -0.334122 0.440053 1.18835
825 -0.122909 0.357069 1.18835
825 -0.96792 -0.293724 1.18835
825 -0.620707 0.744554 1.18835
825 -0.737842 0.0356277 1.18835
825 0.456459 0.323304 1.18835
825 -0.525793 -0.458512 1.18835
825 -0.552223 -0.510647 1.18835
825 0.0203431 -0.603758 7.47154
825 -0.859869 0.0329921 7.47154
825 0.523821 -0.185643 1.18835
825 0.477372 0.734026 1.18835
825 0.499689 -0.498858 1.18835
825 -0.176252 -0.481753 7.47154
825 -0.747012 0.612302 7.47154
825 0.627848 -0.580579 7.47154
825 -0.251325 -0.442181 1.18835
825 -0.0114906 0.16896 1.18835
825 -0.989741 0.238996 7.47154
825 0.566554 0.124803 1.18835
825 -0.356199 -0.547257 7.47154
825 -0.270472 -0.700724 7.47154
825 -0.520021 0.518911 7.47154
825 0.599053 0.777417 1.18835
825 -0.313906 -0.0942816 1.18835
825 0.225715 -0.0612591 1.18835
825 0.571704 -0.566723 1.18835
825 0.263595 0.651893 1.18835
825 -0.728773 -0.520346 1.18835
825 0.117314 0.578682 7.47154
825 -0.462505 0.605773 1.18835
825 0.39716 -0.0397417 7.47154
825 -0.635375 0.133413 1.18835
825 -0.22636 0.725795 7.47154
825 -0.0229384 -0.644054 7.47154
825 -0.29201 -0.640276 7.47154
825 0.669846 -0.535013 1.18835
825 0.771562 0.383256 1.18835
825 0.230409 0.378277 1.18835
825 0.555777 -0.512143 1.18835
825 -0.188486 0.0365018 7.47154
825 0.201717 -0.123592 7.47154
825 -0.517178 0.0451312 1.18835
825 -0.404885 0.596822 1.18835
825 0.804532 -0.141192 1.18835
825 0.709208 0.592898 1.18835
825 0.815819 -0.0806309 1.18835
825 0.188375 -0.450813 1.18835
825 -0.289321 -0.799458 1.18835
825 0.170058 0.2536 7.47154
825 -0.841925 -0.164024 7.47154
825 -0.785287 -0.632269 7.47154
825 0.76392 -0.104156 1.18835
825 0.305007 -0.535521 1.18835
825 -0.19116 0.172871 1.18835
825 0.372865 -0.411986 1.18835
825 -0.551549 -0.241553 7.47154
825 -0.300289 0.9291 7.47154
825 0.232863 -0.65931 1.18835
825 0.335936 0.85305 7.47154
825 -0.514186 -0.145405 7.47154
825 0.488179 0.789845 1.18835
825 0.0697708 -0.770935 1.18835
825 -0.455263 0.750567 1.18835
825 0.653516 0.575245 1.18835
825 -0.659968 -0.618752 7.47154
825 -0.673613 -0.168526 7.47154
825 -0.442945 -0.224791 1.18835
825 0.619269 0.142597 1.18835
825 0.234776 0.0417378 1.18835
825 -0.0178043 0.669355 1.18835
825 0.184647 0.832595 7.47154
825 0.029796 0.694641 1.18835
825 0.054322 0.391554 1.18835
825 0.0101198 -0.491796 7.47154
825 0.980752 0.330894 1.18835
825 -0.0780254 0.426743 1.18835
825 0.698862 -0.318196 1.18835
825 -0.20581 -0.200192 7.47154
825 0.73026 -0.633 1.18835
825 -0.753101 -0.117649 1.18835
825 0.621093 0.451373 7.47154
825 0.936469 -0.259957 1.18835
825 -0.593311 -0.267458 7.47154
825 0.660662 0.411691 7.47154
825 0.322268 0.732926 7.47154
825 0.498444 0.590511 1.18835
825 -0.204754 0.472107 1.18835
825 -0.864499 -0.259852 1.18835
825 0.499292 0.847228 1.18835
825 0.128278 0.28233 7.47154
825 -0.406073 -0.653265 7.47154
825 -0.791888 0.285589 7.47154
825 0.306403 0.618762 1.18835
825 -0.478476 -0.184215 1.18835
825 0.711221 0.429318 1.18835
825 -0.178517 -0.992699 7.47154
825 -0.423382 0.154692 7.47154
825 0.115827 -0.575488 7.47154
825 -0.115309 0.670534 1.18835
825 0.763297 0.132879 1.18835
825 -0.439085 0.697443 7.47154
825 0.123233 0.980602 1.18835
825 0.512075 0.644177 1.18835
825 0.50073 0.291157 1.18835
825 -0.321981 -0.90127 1.18835
825 -0.241879 0.948192 1.18835
825 0.327604 0.0800987 1.18835
825 0.658731 0.356049 7.47154
825 0.0872433 0.310473 7.47154
825 0.368662 -0.245814 7.47154
825 -0.88086 0.218645 1.18835
825 0.300426 0.214077 1.18835
825 -0.825791 -0.473429 1.18835
825 0.0291763 -0.655636 1.18835
825 -0.19639 0.904938 1.18835
825 -0.844681 -0.31638 1.18835
825 -0.0728727 0.926651 1.18835
825 0.570713 0.662635 1.18835
825 0.0998365 -0.0796581 1.18835
825 -0.0222485 0.00079304 7.47154
825 -0.823395 -0.580756 1.18835
825 0.198855 0.122919 1.18835
825 -0.92917 0.4222 1.18835
825 0.770909 -0.481994 7.47154
825 0.806047 -0.436045 1.18835
825 0.1599 0.54802 1.18835
825 -0.56142 0.724229 1.18835
825 -0.732489 0.555849 7.47154
825 0.446082 0.881796 1.18835
825 0.773148 -0.388088 1.18835
825 -0.0722671 -0.176628 1.18835
825 0.158244 -0.537272 1.18835
825 -0.257124 0.111201 1.18835
825 0.210439 -0.554375 1.18835
825 -0.471196 -0.455815 7.47154
825 0.266862 -0.285016 1.18835
825 -0.362931 0.223994 1.18835
825 -0.263792 0.82737 1.18835
825 0.70074 0.317948 1.18835
825 0.105983 -0.282214 1.18835
825 0.420043 0.715385 1.18835
825 -0.116576 -0.0380026 1.18835
825 0.234082 0.934157 1.18835
825 0.472618 -0.587257 1.18835
825 -0.443349 0.459601 7.47154
825 0.0106859 -0.125184 1.18835
825 0.751348 0.332203 1.18835
825 0.356337 0.284944 1.18835
825 -0.607696 -0.514093 1.18835
825 -0.0853076 -0.647739 1.18835
825 -0.571163 0.525163 7.47154
825 0.211262 0.223995 1.18835
825 0.084367 -0.901657 1.18835
825 0.462919 0.374992 7.47154
825 0.178487 -0.398557 1.18835
825 -0.552191 -0.612982 1.18835
825 0.372447 -0.89083 1.18835
825 0.261787 -0.333833 1.18835
825 -0.317075 0.805989 1.18835
825 0.219675 -0.82993 1.18835
825 0.437367 0.826105 7.47154
825 0.406406 0.0141288 1.18835
825 0.768548 -0.584595 1.18835
825 -0.328074 0.185767 7.47154
825 -0.437227 -0.775623 1.18835
825 0.22003 0.68457 1.18835
825 0.207947 0.571981 1.18835
825 0.454502 -0.301733 1.18835
825 -0.137997 -0.784106 1.18835
825 -0.550652 0.0867712 1.18835
825 1.02396 -0.115772 1.18835
825 -0.155093 0.265146 1.18835
825 0.311482 -0.354899 7.47154
825 -0.122909 0.970109 1.18835
825 -0.637966 -0.465865 7.47154
825 -0.745945 0.337861 1.18835
825 -0.173014 -0.284177 1.18835
825 -0.425309 -0.175813 1.18835
825 0.0172486 -0.222798 1.18835
825 -0.316055 -0.738732 1.18835
825 -0.170316 0.354958 1.18835
825 0.842673 0.509597 1.18835
825 0.659864 -0.273523 7.47154
825 -0.584955 0.326135 7.47154
825 0.424897 0.461542 1.18835
825 -0.0289642 -0.199069 7.47154
825 -0.139611 0.188681 7.47154
825 0.0657533 -0.563705 1.18835
825 0.29086 -0.971497 1.18835
825 0.144428 -0.105708 1.18835
825 -0.589431 0.230262 1.18835
825 0.786936 0.229209 1.18835
825 -0.120475 0.722828 1.18835
825 0.433066 0.516188 1.18835
825 -0.0207091 -0.576117 1.18835
825 0.377607 -0.193258 1.18835
825 -0.112957 -0.154746 1.18835
825 0.314142 0.316368 7.47154
825 0.0279681 0.921591 1.18835
825 0.823919 -0.0175517 7.47154
825 -0.303228 -0.537493 1.18835
825 -0.18228 -0.0952362 1.18835
825 0.293474 0.163123 7.47154
825 0.730304 0.175307 1.18835
825 -0.00999409 0.26242 1.18835
825 -0.694147 -0.729011 1.18835
825 0.342835 0.91477 1.18835
825 0.292895 -0.129715 1.18835
825 0.629785 0.680108 1.18835
