565 0.347016 0.233884 7.47154
565 -0.0746418 -0.227228 1.18835
565 0.392303 -0.0920561 1.18835
565 -0.242881 0.160056 1.18835
565 0.242887 -0.777761 7.47154
565 -1.01508 -0.023963 1.18835
565 -0.465642 0.00524174 7.47154
565 -0.329829 -0.149758 1.18835
565 0.189049 0.412178 1.18835
565 0.556982 0.606647 7.47154
565 0.153393 0.496343 1.18835
565 -0.152342 0.470119 1.18835
565 0.834626 -0.381264 7.47154
565 -0.100065 -0.896202 7.47154
565 0.115801 0.127322 1.18835
565 -0.802615 0.636725 1.18835
565 -0.911323 0.0412114 7.47154
565 -0.333959 0.740926 7.47154
565 -0.883904 -0.366068 1.18835
565 0.613454 -0.524599 7.47154
565 -1.01378 0.0418523 7.47154
565 0.156585 -0.842222 1.18835
565 0.869332 -0.430667 1.18835
565 -0.668799 -0.418206 7.47154
565 0.0197587 -0.544556 1.18835
565 1.02182 0.1498 1.18835
565 0.88571 0.24802 7.47154
565 0.337772 -0.160322 7.47154
565 0.0190313 0.476447 7.47154
565 1.01335 -0.177823 7.47154
565 0.0213116 0.222629 1.18835
565 0.288538 0.942859 1.18835
565 -0.325322 -0.593217 7.47154
565 -0.274635 -0.581195 1.18835
565 -0.753901 0.242405 1.18835
565 0.875874 -0.271934 1.18835
565 0.400801 0.604914 1.18835
565 -0.363534 0.638242 1.18835
565 0.863818 0.102856 1.18835
565 -0.331807 -0.403239 1.18835
565 0.0309677 0.809473 1.18835
565 0.0309405 0.865266 1.18835
565 0.108146 0.181581 7.47154
565 -0.305124 0.484527 1.18835
565 -0.0757075 -0.275704 1.18835
565 0.599961 0.566293 1.18835
565 0.334591 -0.797336 7.47154
565 0.440019 -0.0726781 1.18835
565 -0.391912 -0.218248 1.18835
565 -0.971647 0.300073 1.18835
565 -0.9555 -0.117654 1.18835
565 0.580119 -0.160248 1.18835
565 -0.558134 0.574532 1.18835
565 0.959254 -0.36516 1.18835
565 0.0450783 0.179534 1.18835
565 -0.192546 -0.626671 7.47154
565 -0.600255 -0.110448 7.47154
565 0.061656 0.447337 1.18835
565 0.245132 -0.928737 1.18835
565 -0.120075 -0.304682 1.18835
565 0.711753 0.372661 1.18835
565 0.682865 0.208203 1.18835
565 0.756216 0.277254 1.18835
565 -0.630314 -0.697692 1.18835
565 -0.905117 0.311804 7.47154
565 -0.959762 0.00791663 1.18835
565 -0.651747 -0.266189 1.18835
565 0.213648 0.62918 1.18835
565 0.727184 -0.0151245 7.47154
565 0.545703 -0.310956 1.18835
565 -0.174322 0.749581 7.47154
565 -0.593274 -0.743478 7.47154
565 0.681589 -0.16664 1.18835
565 0.369187 0.388171 7.47154
565 0.428688 0.170952 1.18835
565 -0.225851 0.344016 1.18835
565 0.805135 0.560173 1.18835
565 -0.120541 -0.839212 1.18835
565 -0.523766 -0.555859 1.18835
565 -0.741813 0.138644 7.47154
565 0.740902 -0.430672 1.18835
565 -0.647958 -0.768312 1.18835
565 0.832275 0.618641 1.18835
565 -0.569339 -0.156745 1.18835
565 -0.364991 0.845653 1.18835
565 0.237384 -0.251681 1.18835
565 0.833873 -0.590251 1.18835
565 0.419667 -0.224036 1.18835
565 0.221097 -0.608977 1.18835
565 -0.379864 0.543821 1.18835
565 0.0219156 0.531341 7.47154
565 0.217094 -0.314146 1.18835
565 -0.927235 -0.245967 1.18835
565 0.542795 -0.729284 1.18835
565 0.074258 0.144564 1.18835
565 0.384646 -0.465693 7.47154
565 -0.216834 -0.577403 1.18835
565 -0.243653 -0.978528 1.18835
565 0.271554 1.00041 1.18835
565 0.170085 0.660865 1.18835
565 -0.358827 -0.450672 1.18835
565 -0.49106 -0.324686 7.47154
565 -0.462031 -0.650501 1.18835
565 -0.267347 -0.0782884 1.18835
565 0.340573 -0.691224 1.18835
565 -0.611028 -0.412383 1.18835
565 -0.130745 -0.539192 1.18835
565 -0.659792 0.0850695 1.18835
565 0.263744 -0.87168 1.18835
565 -0.252994 -0.2172 1.18835
565 -0.776075 0.192366 1.18835
565 -0.244757 -0.534355 1.18835
565 0.750885 -0.691288 7.47154
565 -0.41779 0.814457 1.18835
565 0.278639 0.401641 7.47154
565 0.106906 0.471978 1.18835
565 0.688679 0.530018 1.18835
565 -0.398729 0.361226 1.18835
565 0.44403 -0.0204863 7.47154
565 -0.0861585 0.201165 1.18835
565 -0.345606 0.586889 7.47154
565 0.100477 0.0274861 7.47154
565 -0.177337 0.223083 1.18835
565 0.0204005 -0.907853 7.47154
565 0.0318059 -0.806516 7.47154
565 -0.226031 0.209864 1.18835
565 0.550634 0.812608 1.18835
565 0.411556 0.0666869 1.18835
565 -0.163718 -0.388394 7.47154
565 0.391183 0.882315 1.18835
565 -0.667647 0.282403 1.18835
565 -0.232618 -0.113535 1.18835
565 -0.499616 0.466867 7.47154
565 -0.528232 0.324498 1.18835
565 -0.308238 0.0986711 1.18835
565 0.475701 0.480511 7.47154
565 0.0216238 1.03541 7.47154
565 0.321428 -0.402954 1.18835
565 0.106842 -0.524429 1.18835
565 0.832645 -0.23257 1.18835
565 0.302021 -0.0801271 7.47154
565 -0.668693 0.489082 7.47154
565 -0.495761 -0.603937 1.18835
565 0.34504 -0.503102 7.47154
565 0.05962 -0.0020608 7.47154
565 0.926432 0.0201998 1.18835
565 0.61243 0.389051 7.47154
565 -0.831903 0.1936 1.18835
565 0.340899 0.529637 7.47154
565 -0.686876 -0.0637055 7.47154
565 0.0632016 -0.205022 1.18835
565 0.445926 -0.738815 7.47154
565 -0.303833 -0.446628 1.18835
565 0.790973 0.175384 1.18835
565 0.507435 0.341374 7.47154
565 0.84649 0.159102 1.18835
565 -0.385431 -0.500404 7.47154
565 0.182792 0.774469 1.18835
565 -0.395211 0.740076 1.18835
565 -0.890196 -0.475051 7.47154
565 -0.255987 -0.754735 7.47154
565 0.338583 0.182717 1.18835
565 -0.68513 0.0366447 7.47154
565 -0.463439 0.0535803 1.18835
565 -0.648271 0.435218 1.18835
565 0.198127 -0.504433 1.18835
565 0.227511 0.742524 1.18835
565 0.868322 0.0471453 1.18835
565 -0.15125 0.591971 7.47154
565 -0.58264 0.13303 1.18835
565 -0.0222234 0.559909 1.18835
565 -0.177409 -0.829072 1.18835
565 -0.436019 -0.3169 1.18835
565 -0.160445 -0.181403 7.47154
565 0.24688 -0.149681 7.47154
565 -0.703826 -0.269579 1.18835
565 -0.610491 -0.0109926 1.18835
565 -0.625074 0.53332 7.47154
565 0.0602693 0.0982955 7.47154
565 -0.810486 -0.269419 7.47154
565 -0.217971 -0.873297 7.47154
565 -0.442584 -0.500692 1.18835
565 0.31302 -0.026155 7.47154
565 -0.791923 -0.423905 7.47154
565 -0.309366 0.631874 1.18835
565 0.50396 -0.346152 1.18835
565 0.539728 -0.66361 1.18835
565 0.918756 -0.316375 1.18835
565 -0.523329 -0.65657 7.47154
565 0.465636 -0.40018 7.47154
565 -0.252846 0.477682 1.18835
565 -0.677428 0.769626 7.47154
565 -0.770361 -0.0115487 1.18835
565 0.86968 0.566718 7.47154
565 0.689145 -0.675124 1.18835
565 0.150736 -0.199151 1.18835
565 -0.0601757 -0.691538 7.47154
565 0.42509 -0.923235 1.18835
565 -0.0641637 -0.846753 7.47154
565 -0.2803 0.719628 1.18835
565 0.44359 0.570135 7.47154
565 -0.412383 -0.547272 1.18835
565 -0.239596 0.568803 1.18835
565 -0.251982 -0.353966 7.47154
565 -0.761828 0.403877 7.47154
565 0.80413 -0.532742 1.18835
565 -0.0328823 0.212897 1.18835
565 -0.254542 0.88603 1.18835
565 -0.477861 0.139436 1.18835
565 -0.144741 -0.436631 7.47154
565 -0.575012 0.0392842 1.18835
565 -0.543139 -0.781678 7.47154
565 -0.634084 -0.0621614 1.18835
565 -0.796357 0.139738 1.18835
565 0.218906 -0.365468 1.18835
565 -0.383264 -0.594656 1.18835
565 -0.740941 -0.063312 7.47154
565 -0.641773 -0.366515 1.18835
565 0.271589 0.708875 1.18835
565 0.469344 0.139765 1.18835
565 0.631385 0.19321 1.18835
565 -0.84106 0.583057 1.18835
565 0.434682 -0.861733 1.18835
565 -0.900643 0.159591 1.18835
565 0.999336 -0.24106 7.47154
565 0.712578 -0.264435 1.18835
565 0.654842 -0.779635 1.18835
565 -0.0796915 0.870707 1.18835
565 0.519617 0.445858 1.18835
565 -0.721993 -0.624062 1.18835
565 0.472604 -0.202775 1.18835
565 -0.27663 -0.400275 1.18835
565 -0.0645195 0.644972 1.18835
565 0.15401 0.156542 7.47154
565 -0.0669717 0.477116 1.18835
565 0.593847 -0.471295 7.47154
565 0.440722 -0.483271 1.18835
565 0.442483 -0.800918 7.47154
565 0.960163 0.172337 1.18835
565 0.272397 0.349102 7.47154
565 -0.0685076 0.754875 1.18835
565 0.326851 0.421613 1.18835
565 0.383868 -0.830725 1.18835
565 0.147327 -0.487056 7.47154
565 -0.851046 0.13915 1.18835
565 -0.168926 0.421386 1.18835
565 0.146621 -0.737593 7.47154
565 0.140422 -0.0533377 1.18835
565 -0.173802 0.0883203 1.18835
565 -0.507587 0.183265 7.47154
565 -0.468408 0.85881 7.47154
565 0.000316313 -0.440221 1.18835
565 0.111113 0.526681 1.18835
565 -0.641102 0.232253 7.47154
565 0.485699 -0.103664 1.18835
565 0.238206 -0.46987 7.47154
565 0.744368 0.547582 1.18835
565 -0.498457 0.0907268 1.18835
565 -0.464941 -0.275256 1.18835
565 -0.158029 0.13899 7.47154
565 0.667647 -0.37697 1.18835
565 0.117297 -0.33259 1.18835
565 0.0878764 1.03398 7.47154
565 0.0711859 0.611232 1.18835
565 -0.539832 -0.71952 1.18835
565 0.867068 -0.0618388 1.18835
565 0.525337 0.698077 7.47154
565 0.25761 0.245983 1.18835
565 -0.564325 -0.310562 1.18835
565 -0.0354461 -0.147192 1.18835
565 -0.358604 -0.258606 1.18835
565 -0.352444 -0.639729 1.18835
565 0.43894 0.221158 1.18835
565 0.178031 -0.792576 1.18835
565 0.228714 -0.0107388 7.47154
565 -0.69443 -0.568706 1.18835
565 -0.113561 -1.00305 7.47154
565 0.0174884 0.422157 1.18835
565 0.698647 0.262485 1.18835
565 0.0253709 0.640888 1.18835
565 -0.18349 0.958406 7.47154
565 0.253185 -0.100632 1.18835
565 -0.554921 0.375772 7.47154
565 0.331069 0.131199 1.18835
565 0.541622 0.553551 7.47154
565 -0.434296 -0.90942 7.47154
565 0.13072 0.747154 1.18835
565 0.981362 -0.303637 7.47154
565 -0.53806 0.668661 1.18835
565 -0.118774 -0.207285 1.18835
565 0.284191 0.111569 1.18835
565 0.322199 -0.262159 1.18835
565 -0.227873 0.430282 1.18835
565 -0.612983 0.182367 1.18835
565 -0.466806 -0.366726 7.47154
565 -0.018959 0.727365 7.47154
565 -0.38993 0.453094 7.47154
565 0.064646 -0.25896 1.18835
565 0.873803 -0.00642154 1.18835
565 0.675624 0.154031 7.47154
565 0.902954 -0.48332 7.47154
565 0.516295 -0.405061 1.18835
565 0.571559 -0.20998 7.47154
565 0.249931 -0.522053 1.18835
565 0.358085 0.640691 1.18835
565 -0.139741 -0.635909 1.18835
565 0.896169 -0.373729 7.47154
565 -0.697026 0.236863 1.18835
565 0.391299 0.549983 7.47154
565 -0.944393 -0.184891 1.18835
565 -0.0738139 -0.0216836 1.18835
565 -0.0760981 -0.554826 1.18835
565 0.216433 0.276688 1.18835
565 -0.281835 0.434145 1.18835
565 -0.791403 0.352209 1.18835
565 0.176937 -0.64133 1.18835
565 0.631338 -0.0168081 1.18835
565 -0.138202 -0.94475 1.18835
565 -0.159181 -0.886537 1.18835
565 0.430666 -0.621881 1.18835
565 0.386742 -0.656971 1.18835
565 0.41222 0.355069 1.18835
565 0.289056 -0.684107 1.18835
565 0.893032 -0.215353 1.18835
565 0.226912 -0.418223 7.47154
565 -0.0426045 -0.744253 1.18835
565 0.0580023 -0.155743 1.18835
565 0.495068 -0.766311 1.18835
565 0.840142 0.215902 7.47154
565 -0.305887 -0.357345 1.18835
565 -0.588881 0.427655 1.18835
565 0.644428 -0.327408 1.18835
565 -0.494628 0.709385 1.18835
565 -0.489123 -0.813662 7.47154
565 0.70787 -0.573819 1.18835
565 -0.124823 0.400886 1.18835
565 0.424167 -0.432407 1.18835
565 -0.806406 -0.113965 1.18835
565 -0.675737 0.547626 1.18835
565 0.567075 0.414008 7.47154
565 0.362959 -0.300829 7.47154
565 0.916249 0.343394 1.18835
565 0.281687 -0.814794 7.47154
565 0.527786 0.500005 1.18835
565 -0.0220714 0.61431 1.18835
565 -0.244904 0.29902 7.47154
565 0.264718 0.296973 1.18835
565 -0.33185 -0.494969 1.18835
565 -0.867234 0.532623 1.18835
565 -0.418123 0.0184785 7.47154
565 -0.530877 -0.35654 1.18835
565 -0.45031 0.365474 1.18835
565 0.794646 -0.641813 7.47154
565 0.679241 0.00845182 7.47154
565 -0.557446 0.277439 1.18835
565 0.764739 0.0768924 7.47154
565 0.0797916 0.935829 7.47154
565 0.059561 -0.508692 1.18835
565 0.105786 -0.228963 1.18835
565 0.795992 -0.335179 7.47154
565 0.44366 0.939398 1.18835
565 0.441366 -0.678327 7.47154
565 -0.699336 -0.371471 1.18835
565 0.487618 -0.892196 1.18835
565 -0.69727 -0.470194 7.47154
565 0.343983 -0.110485 7.47154
565 -0.293039 -0.181183 1.18835
565 0.375617 0.756199 1.18835
565 0.90971 0.137285 7.47154
565 0.703972 -0.737035 1.18835
565 -0.902361 -0.144863 1.18835
565 0.0133283 -0.172907 1.18835
565 -0.383881 -0.30954 7.47154
565 0.191265 0.897231 1.18835
565 0.409464 -0.380808 1.18835
565 0.787547 -0.201832 7.47154
565 -0.579101 -0.562755 7.47154
565 0.101071 0.416632 1.18835
565 -0.290996 0.281636 1.18835
565 -0.756475 -0.271639 1.18835
565 -0.631306 0.81006 1.18835
565 -0.727922 -0.168801 1.18835
565 -0.926477 0.256796 1.18835
565 -0.372626 -0.93723 7.47154
565 -0.503154 0.275843 1.18835
565 -0.160799 -0.332856 1.18835
565 -0.311147 0.232391 1.18835
565 -0.792351 -0.525579 1.18835
565 0.0818772 -0.668885 7.47154
565 -0.197719 -0.14858 7.47154
565 0.90446 -0.157534 1.18835
565 0.343743 -0.743204 1.18835
565 0.0573951 0.0517755 7.47154
565 -0.0229778 -0.344425 1.18835
565 -0.679417 0.603907 1.18835
565 0.166676 -0.590507 1.18835
565 -0.0284067 -0.247335 1.18835
565 0.605839 0.0905502 1.18835
565 -0.728735 -0.422866 1.18835
565 0.278907 0.766888 1.18835
565 -0.107916 -0.403752 1.18835
565 0.320479 0.368817 1.18835
565 -0.854146 -0.0523239 1.18835
565 0.429826 0.770212 1.18835
565 -0.611766 0.278842 7.47154
565 -0.344469 -0.784274 1.18835
565 0.405109 0.303762 7.47154
565 0.487439 -0.0525244 1.18835
565 -0.630277 0.037238 7.47154
565 0.358481 -0.00662033 1.18835
565 0.243668 0.143359 1.18835
565 -0.0325183 -0.0515428 1.18835
565 -0.199943 -0.932715 1.18835
565 0.395462 -0.713286 7.47154
565 -0.605659 0.0847901 1.18835
565 -1.01106 0.107983 7.47154
565 -0.0264156 0.900641 1.18835
565 -0.721101 0.188962 7.47154
565 0.193297 0.0715857 1.18835
565 -0.788077 0.519388 1.18835
565 -0.688351 0.135694 7.47154
565 0.996885 0.272159 7.47154
565 -0.229457 1.00743 1.18835
565 0.0416653 -0.406736 1.18835
565 -0.560542 -0.0084565 1.18835
565 -0.468034 0.511806 1.18835
565 0.481701 -0.153461 1.18835
565 0.649544 0.298478 1.18835
565 -0.0111248 0.96863 1.18835
565 -0.51494 0.761662 1.18835
565 0.331435 -0.210999 7.47154
565 -0.160158 0.520948 1.18835
565 0.0148137 -0.0273059 1.18835
565 0.318965 0.0271827 1.18835
565 0.774182 -0.0432092 1.18835
565 0.0992594 -0.470085 1.18835
565 -0.35825 0.907186 7.47154
565 -0.374 0.313105 1.18835
565 -0.898768 -0.0155702 1.18835
565 0.291546 0.508721 1.18835
565 -0.796629 0.0403639 1.18835
565 0.0507061 -0.856511 1.18835
565 -0.440076 -0.844271 7.47154
565 0.891887 0.399552 7.47154
565 -0.796731 -0.0605057 1.18835
565 -0.155686 -0.732318 7.47154
565 0.572966 0.465272 1.18835
565 0.155151 1.02697 7.47154
565 -0.0196305 0.0478346 7.47154
565 -0.276417 0.769581 7.47154
565 -0.223813 -0.487646 1.18835
565 -0.186192 -0.533037 1.18835
565 0.234084 0.802139 1.18835
565 -0.524923 0.887632 1.18835
565 -0.412424 -0.360962 1.18835
565 0.776109 0.015768 1.18835
565 -0.1705 0.804232 1.18835
565 0.242076 -0.199816 7.47154
565 0.815804 0.454384 1.18835
565 0.154847 -0.150127 7.47154
565 -0.141482 0.051646 1.18835
565 1.01095 0.211736 7.47154
565 0.32516 -0.856273 7.47154
565 -0.72472 0.506003 7.47154
565 0.952676 -0.197548 1.18835
565 -0.0686881 0.585678 7.47154
565 -0.78336 -0.168622 1.18835
565 0.514762 -0.234655 1.18835
565 0.378993 0.151113 7.47154
565 -0.951421 0.131945 7.47154
565 -1.00208 0.172431 7.47154
565 0.0709514 -0.616099 7.47154
565 0.978906 -0.0127743 1.18835
565 -0.0430857 0.290118 1.18835
565 0.138315 0.919765 1.18835
565 -0.116285 0.55623 1.18835
565 -0.85745 -0.53001 1.18835
565 -0.258986 -0.267025 7.47154
565 0.275837 -0.627977 7.47154
565 -0.234659 -0.814348 7.47154
565 -0.501315 -0.404843 7.47154
565 0.0310735 0.752332 1.18835
565 -0.419543 0.645492 1.18835
565 0.0908285 -0.416686 7.47154
565 0.857059 -0.119925 1.18835
565 -0.632394 -0.567795 7.47154
565 -0.377955 0.690425 1.18835
565 0.333515 0.475239 1.18835
565 0.739802 -0.52772 1.18835
565 -0.639043 0.643334 1.18835
565 -0.111334 -0.591972 7.47154
565 0.201017 0.519482 1.18835
565 -0.702559 -0.115985 1.18835
565 -0.651398 -0.113891 1.18835
565 0.194856 -0.221301 1.18835
565 0.854327 0.353641 1.18835
565 0.707804 -0.482163 1.18835
565 0.0939254 0.361851 1.18835
565 0.537803 0.75445 1.18835
565 0.467095 0.678417 1.18835
565 0.330895 0.792168 1.18835
565 -0.237165 0.0240462 7.47154
565 -0.621545 -0.162599 1.18835
565 0.278853 -0.435715 7.47154
565 -0.290897 0.990987 7.47154
565 0.933008 -0.425152 1.18835
565 -0.335151 -0.315409 1.18835
565 0.596716 -0.755576 1.18835
565 0.914627 -0.0996783 1.18835
565 -0.381792 0.17515 1.18835
565 0.268103 -0.0451549 1.18835
565 -0.560014 0.181689 7.47154
565 -0.386916 -0.407157 1.18835
565 0.140464 0.860692 1.18835
565 0.724769 -0.209251 1.18835
565 -0.157001 0.863297 1.18835
565 -0.831125 0.0875106 1.18835
565 0.0715043 0.218145 7.47154
565 0.81793 0.274907 1.18835
565 -0.582148 -0.0596202 1.18835
565 -0.841499 0.319252 1.18835
565 -0.47928 -0.0480104 1.18835
565 0.0995983 -0.836447 1.18835
565 0.768571 0.607503 1.18835
565 -0.0367056 -0.0997655 1.18835
565 -0.212272 0.842077 7.47154
565 0.183241 0.359946 1.18835
565 -0.103478 0.278113 1.18835
565 -0.271883 0.527244 1.18835
565 -0.581806 0.850222 1.18835
565 -0.277086 -0.490844 7.47154
565 0.672094 -0.102128 7.47154
565 0.533065 -0.1341 1.18835
565 -0.578117 -0.675314 1.18835
565 -0.260955 -0.918192 7.47154
565 -0.276056 -0.858862 1.18835
565 -0.0656875 0.0297453 1.18835
565 -0.492146 -0.878913 1.18835
565 0.0847154 0.827999 1.18835
565 0.837516 -0.483115 7.47154
565 0.371456 0.0990819 7.47154
565 0.181579 -0.941461 1.18835
565 0.611038 0.839206 7.47154
565 -0.0256395 -0.798071 1.18835
565 -0.0773969 0.120143 1.18835
565 -0.861334 0.268139 7.47154
565 0.618132 -0.233605 1.18835
565 -0.222971 0.780257 1.18835
565 -0.0665274 0.246989 7.47154
565 0.576079 0.177685 1.18835
565 0.628216 -0.0735604 7.47154
565 0.416325 -0.568787 1.18835
565 -0.252938 -0.026376 7.47154
565 0.715443 -0.127229 1.18835
565 -0.422196 0.410642 1.18835
565 0.141454 0.388627 7.47154
565 0.180189 0.963009 1.18835
565 0.55209 -0.368926 1.18835
565 -0.581169 -0.458957 7.47154
565 -0.0518748 -0.421376 1.18835
565 -0.496747 0.56457 1.18835
565 0.970211 0.113138 1.18835
565 0.560083 0.361616 1.18835
565 0.587491 0.042517 1.18835
565 0.89738 0.191552 1.18835
565 0.481718 -0.45 1.18835
565 0.584218 0.51504 7.47154
565 -0.0471254 0.0838586 1.18835
565 0.418533 0.407331 7.47154
565 0.393499 -0.772467 1.18835
565 -0.462034 -0.13852 7.47154
565 -0.75723 -0.218939 1.18835
565 -0.162727 -0.5813 7.47154
565 -0.833059 0.48599 1.18835
565 -0.382255 -0.0199087 1.18835
565 0.104547 0.0784181 1.18835
565 -0.0406417 -0.903666 1.18835
565 0.30602 0.265565 1.18835
565 -0.257661 0.386701 1.18835
565 0.603072 -0.819844 7.47154
565 -0.0948059 0.0676674 1.18835
565 0.359466 -0.553363 7.47154
565 0.481045 0.189686 1.18835
565 0.736235 0.22169 1.18835
565 -0.244474 -0.165895 1.18835
565 -0.759074 -0.374596 1.18835
565 0.672534 -0.220114 7.47154
565 0.182192 -0.0825249 1.18835
565 0.157095 -0.302655 1.18835
565 -0.324751 0.684863 1.18835
565 0.749152 -0.310803 1.18835
565 0.509699 0.108683 1.18835
565 -0.308101 -0.960723 1.18835
565 0.164109 0.605618 1.18835
565 -0.010458 -0.391178 1.18835
565 -0.437384 0.554081 1.18835
565 -0.65865 0.384175 1.18835
565 0.171905 -0.347721 1.18835
565 -0.709793 0.392944 7.47154
565 0.660756 0.800528 7.47154
565 -0.478395 0.230345 1.18835
565 -0.572725 0.784863 1.18835
565 0.200713 -0.743789 1.18835
565 -0.414057 -0.455392 7.47154
565 0.375642 0.441262 1.18835
565 -0.122434 0.233419 1.18835
565 0.145718 0.0504192 1.18835
565 0.549172 0.0770059 7.47154
565 -0.945513 0.197916 7.47154
565 0.547201 -0.7938 1.18835
565 -0.30102 -0.042282 1.18835
565 -0.0234144 0.505059 7.47154
565 0.350036 -0.0600563 7.47154
565 -0.520608 -0.286318 7.47154
565 0.872345 0.453491 7.47154
565 0.585165 -0.622654 1.18835
565 0.591529 -0.33338 1.18835
565 -0.46858 -0.550818 7.47154
565 1.03044 -0.0481187 1.18835
565 0.0184954 -0.268258 1.18835
565 -0.285878 0.0103269 1.18835
565 0.846441 -0.177674 1.18835
565 0.236771 0.43394 1.18835
565 -0.202298 -0.351044 1.18835
565 0.643822 -0.716237 7.47154
565 -0.27644 -0.312934 1.18835
565 0.26253 -0.574639 7.47154
565 0.315186 0.675171 1.18835
565 0.24711 -0.715308 7.47154
565 -0.496393 -0.0985097 1.18835
565 0.468633 0.426474 1.18835
565 -0.725529 0.288446 7.47154
565 -0.0308291 -0.524124 7.47154
565 0.547454 -0.857724 7.47154
565 0.225167 -0.987197 7.47154
565 -0.715273 -0.0131506 1.18835
565 -0.108386 0.617111 1.18835
565 -0.370709 0.785827 1.18835
565 -0.00793649 -0.697692 7.47154
565 -0.0738284 -0.326205 1.18835
565 0.405408 -0.328397 1.18835
565 -0.334414 -0.842082 1.18835
565 -0.107973 0.155852 1.18835
565 1.02943 0.0858669 1.18835
565 0.10711 -0.177637 1.18835
565 -0.065101 0.810715 7.47154
565 -0.392992 -0.812584 7.47154
565 -0.430136 -0.0347805 1.18835
565 0.0745615 0.665375 1.18835
565 0.530179 -0.606189 7.47154
565 0.386883 -0.142479 1.18835
565 0.0560647 -0.0543856 1.18835
565 0.462048 -0.252591 1.18835
565 -0.578954 0.627677 1.18835
565 -0.308799 0.389933 1.18835
565 0.256511 0.596584 1.18835
565 0.436409 -0.123417 1.18835
565 0.358806 -0.949978 1.18835
565 -0.271719 0.0616035 7.47154
565 -0.350645 0.970738 1.18835
565 0.24293 0.487419 1.18835
565 0.523075 0.158271 7.47154
565 -0.0976107 -0.738562 7.47154
565 -0.302561 -0.229572 1.18835
565 0.947457 0.22968 1.18835
565 0.485865 -0.642523 1.18835
565 -0.168206 1.02017 1.18835
565 0.670911 0.635765 1.18835
565 0.671584 0.469771 7.47154
565 -0.396148 -0.0736664 1.18835
565 -0.52623 0.825267 7.47154
565 0.0680969 0.556681 1.18835
565 0.957531 0.391777 7.47154
565 -0.729105 -0.323309 7.47154
565 0.387836 0.202305 7.47154
565 0.309104 -0.913459 1.18835
565 0.537572 0.0226971 7.47154
565 0.514123 0.393184 1.18835
565 -0.0406614 -0.471889 7.47154
565 -0.380599 -0.692421 1.18835
565 0.138522 -0.433852 1.18835
565 -0.687512 0.334561 1.18835
565 0.552948 0.310151 1.18835
565 -0.519638 0.614493 1.18835
565 -0.203419 0.387374 1.18835
565 0.383502 0.817307 1.18835
565 -0.126544 -0.0882633 1.18835
565 0.652275 -0.480665 1.18835
565 -0.188507 0.560864 1.18835
565 0.224843 0.32901 1.18835
565 0.5892 0.228158 7.47154
565 -0.1963 -0.773956 7.47154
565 -0.210167 0.262832 1.18835
565 0.676156 -0.0462019 1.18835
565 0.811383 0.112027 1.18835
565 0.203718 0.174514 7.47154
565 -0.0260959 0.395755 1.18835
565 0.125391 0.691138 1.18835
565 -0.0676468 0.700443 7.47154
565 0.0798071 -0.365247 1.18835
565 0.459288 0.0877934 1.18835
565 -0.466318 0.920201 1.18835
565 -0.761867 0.683723 1.18835
565 0.59747 0.279969 1.18835
565 -0.160774 0.645602 7.47154
565 0.411359 -0.276195 1.18835
565 -0.599458 -0.809338 7.47154
565 -0.390865 0.117023 1.18835
565 -0.396511 0.265301 1.18835
565 -0.502054 0.370644 1.18835
565 -0.909743 -0.0767614 1.18835
565 -0.0917414 -0.452108 7.47154
565 0.00835649 0.306127 1.18835
565 0.587867 -0.691425 1.18835
565 0.194938 0.465396 7.47154
565 0.0688818 -0.312388 1.18835
565 0.707769 0.758753 7.47154
565 -0.959135 -0.0508845 1.18835
565 0.763529 0.437682 1.18835
565 -0.836771 0.380865 1.18835
565 -0.65888 0.705077 1.18835
565 -0.471735 0.800446 7.47154
565 -0.0814254 -0.791527 7.47154
565 0.493437 -0.829758 7.47154
565 0.120147 0.636197 1.18835
565 -0.344194 0.27018 1.18835
565 0.573125 -0.419524 1.18835
565 0.088539 0.261972 7.47154
565 -0.279216 0.341407 1.18835
565 0.141859 -0.000431008 1.18835
565 -0.894834 0.0969794 1.18835
565 0.612473 -0.38103 7.47154
565 -0.408385 0.0671877 1.18835
565 -0.165994 -0.233303 1.18835
565 -0.367689 0.405255 1.18835
565 0.130228 -0.381247 7.47154
565 -0.817897 -0.215955 7.47154
565 -0.0677667 0.532863 1.18835
565 -0.643708 -0.214863 1.18835
565 -0.362814 -0.112112 1.18835
565 0.237178 0.0931767 1.18835
565 0.298878 0.563414 7.47154
565 -0.546013 -0.845163 1.18835
565 -0.22118 -0.396801 7.47154
565 -0.907258 -0.306362 7.47154
565 -0.310118 0.86552 1.18835
565 0.534006 -0.030533 1.18835
565 0.751951 0.714592 7.47154
565 -0.345739 0.359807 7.47154
565 -0.117884 -0.357339 1.18835
565 0.135905 0.803503 1.18835
565 0.558782 -0.259631 1.18835
565 -0.485261 -0.699418 1.18835
565 0.24953 0.541685 7.47154
565 -0.211668 -0.253872 1.18835
565 -0.444947 -0.0877212 1.18835
565 0.0231337 0.132004 1.18835
565 -0.706654 0.446659 7.47154
565 0.583443 -0.00701487 7.47154
565 0.636474 0.0408223 7.47154
565 -0.110898 0.0133169 1.18835
565 0.823668 0.398721 1.18835
565 0.0205813 -0.313748 1.18835
565 0.411074 0.659744 1.18835
565 -0.497575 -0.502878 1.18835
565 -0.13165 0.911062 7.47154
565 0.920433 0.0788186 1.18835
565 0.291387 -0.748337 1.18835
565 0.0448786 -0.711362 1.18835
565 -0.555038 0.471703 1.18835
565 0.0510458 -0.456385 7.47154
565 -0.809481 0.432874 7.47154
565 -0.821451 -0.3725 1.18835
565 -0.173807 -0.679605 7.47154
565 0.49876 0.0558533 1.18835
565 0.811098 -0.282755 7.47154
565 0.367278 0.697525 7.47154
565 -0.424728 0.314366 1.18835
565 0.750224 -0.163752 1.18835
565 0.362439 0.336076 1.18835
565 0.38294 0.495306 1.18835
565 0.721139 -0.369539 1.18835
565 0.868546 0.299728 1.18835
565 0.237254 0.866769 1.18835
565 0.583771 -0.109334 7.47154
565 -0.319867 0.0470292 1.18835
565 -0.255109 0.620243 1.18835
565 0.134489 -0.682129 1.18835
565 0.0861045 0.881538 1.18835
565 -0.599404 0.683841 7.47154
565 0.397061 0.252893 1.18835
565 -0.217028 0.517488 1.18835
565 0.654907 0.105623 1.18835
565 -0.953613 0.358655 7.47154
565 -0.258546 0.245344 1.18835
565 0.80465 0.329176 7.47154
565 -0.699342 -0.217518 1.18835
565 0.504083 0.909789 7.47154
565 -0.532816 0.229796 1.18835
565 -0.0212797 0.843933 7.47154
565 -0.0379578 1.03457 7.47154
565 0.49039 0.000865297 7.47154
565 -0.902561 0.481493 1.18835
565 -0.740866 -0.684345 7.47154
565 0.793422 0.667885 1.18835
565 0.373852 -0.604257 1.18835
565 0.455316 0.624279 7.47154
565 -0.476156 0.416516 7.47154
565 -0.115814 0.8302 1.18835
565 0.187307 0.0211829 1.18835
565 -0.334121 -0.00492267 1.18835
565 -0.361092 -0.359788 1.18835
565 0.177792 0.308311 1.18835
565 -0.585414 -0.361072 7.47154
565 0.267439 -0.385749 7.47154
565 0.334959 0.984058 1.18835
565 0.215264 1.01115 1.18835
565 -0.958827 0.073793 7.47154
565 -0.0294074 -0.296159 1.18835
565 -0.0297159 0.339418 7.47154
565 -0.229401 -0.670727 7.47154
565 -0.0114987 -0.958793 7.47154
565 0.188593 -0.69215 7.47154
565 0.68314 0.0646509 1.18835
565 -0.190177 0.311104 1.18835
565 -0.607327 0.379534 7.47154
565 -0.611957 0.477692 7.47154
565 0.630495 -0.653396 1.18835
565 0.0423438 0.271416 7.47154
565 -0.618489 0.587042 7.47154
565 -1.01003 -0.090767 7.47154
565 0.635683 0.511657 1.18835
565 0.283392 -0.231916 1.18835
565 -0.666786 0.184948 1.18835
565 -0.169963 0.697828 1.18835
565 0.360782 -0.356381 1.18835
565 -0.441271 -0.410293 7.47154
565 -0.446883 0.267494 1.18835
565 -0.203607 0.614484 7.47154
565 0.284262 0.826855 7.47154
565 0.816165 0.0521189 1.18835
565 -0.531232 0.422034 1.18835
565 0.454607 -0.352884 1.18835
565 0.195329 -0.273196 1.18835
565 -0.479458 0.654936 1.18835
565 0.273986 0.00788197 1.18835
565 -0.348596 -0.0580617 7.47154
565 0.429707 -0.17338 1.18835
565 0.081928 0.774465 1.18835
565 -0.987686 -0.227531 1.18835
565 -0.248478 -0.623865 1.18835
565 0.628939 -0.183465 1.18835
565 0.0905869 -1.00778 1.18835
565 -0.444162 0.101461 1.18835
565 -0.0832849 -0.120339 1.18835
565 0.51641 -0.551884 1.18835
565 -0.125538 0.10419 1.18835
565 0.933499 0.287267 1.18835
565 0.581025 -0.0573412 1.18835
565 -0.71455 0.0865835 1.18835
565 0.490865 0.240022 1.18835
565 0.135268 0.336963 1.18835
565 0.730396 0.653115 7.47154
565 -0.672856 -0.319304 1.18835
565 0.316613 -0.587757 1.18835
565 0.0224121 -1.01065 7.47154
565 0.558956 0.87521 1.18835
565 -0.946159 -0.355832 1.18835
565 -0.607199 -0.62827 1.18835
565 -0.356169 0.0823782 1.18835
565 -0.383668 -0.875204 7.47154
565 -0.0257693 0.449255 1.18835
565 -0.166525 -0.0515011 1.18835
565 -0.377037 -0.166131 1.18835
565 0.287777 0.88639 1.18835
565 0.12112 -0.787067 7.47154
565 -0.411022 -0.126988 1.18835
565 -0.662112 -0.0127854 1.18835
565 0.978051 0.0513924 1.18835
565 -0.512388 -0.00490212 1.18835
565 0.198806 -0.171565 7.47154
565 -0.110896 0.504114 7.47154
565 0.40035 -0.517272 7.47154
565 -0.218739 -0.0620567 7.47154
565 -0.213175 -0.721728 7.47154
565 0.0122503 0.365562 7.47154
565 -0.139419 0.312885 1.18835
565 0.725712 0.485793 1.18835
565 0.284871 0.454807 7.47154
565 -0.856001 -0.422283 1.18835
565 0.332147 -0.452762 1.18835
565 -0.156631 -0.00102027 7.47154
565 -0.127969 -0.489147 1.18835
565 -0.327866 -0.690293 7.47154
565 -0.277351 0.196 1.18835
565 -0.110238 0.44803 1.18835
565 0.123258 -0.629015 1.18835
565 -0.0463927 -1.0095 1.18835
565 -0.859971 -0.107453 1.18835
565 0.153873 0.100275 1.18835
565 -0.454159 0.188216 1.18835
565 -0.0540044 0.165002 1.18835
565 0.0791786 0.719948 1.18835
565 0.670643 -0.614692 1.18835
565 -0.811031 0.246259 1.18835
565 0.289436 -0.180216 7.47154
565 0.765396 -0.25271 1.18835
565 0.250446 0.194972 1.18835
565 0.924329 -0.0408913 1.18835
565 -0.0800857 -0.0715913 1.18835
565 0.0473692 0.333784 1.18835
565 0.329589 -0.638876 7.47154
565 0.0477802 0.983962 7.47154
565 -0.892104 0.367911 1.18835
565 0.869431 -0.537878 1.18835
565 0.118902 -0.952417 7.47154
565 0.712867 0.109275 7.47154
565 0.689571 0.696588 1.18835
565 0.349113 0.584805 1.18835
565 -0.0170891 0.783446 7.47154
565 -0.357531 0.492545 1.18835
565 0.290421 -0.486401 7.47154
565 0.447974 0.2717 1.18835
565 -0.438852 -0.597486 7.47154
565 0.780301 0.501766 1.18835
565 -0.0236259 0.125056 7.47154
565 -0.535995 -0.197308 1.18835
565 -0.280823 -0.130313 1.18835
565 0.64308 0.24633 1.18835
565 -0.267037 0.670733 1.18835
565 -0.828714 -0.00649551 7.47154
565 0.536625 -0.458474 1.18835
565 0.856219 -0.325642 1.18835
565 -0.618012 -0.315199 1.18835
565 0.533939 0.20898 1.18835
565 0.163111 0.203404 1.18835
565 0.20138 -0.885176 1.18835
565 -0.634048 0.329446 1.18835
565 -0.882551 -0.203375 1.18835
565 1.03254 0.0190998 1.18835
565 0.278353 0.0604603 1.18835
565 0.6064 0.333826 1.18835
565 0.123663 0.228449 7.47154
565 0.614845 0.62137 7.47154
565 0.457907 -0.534258 7.47154
565 -0.76055 -0.472972 1.18835
565 0.0549787 -0.10567 1.18835
565 -0.0809513 -0.505435 7.47154
565 0.0118483 0.0831178 1.18835
565 -0.294011 0.147523 1.18835
565 -0.343694 -0.204805 1.18835
565 -0.00788286 -0.853372 1.18835
565 -0.699173 0.664087 7.47154
565 -0.762276 0.464848 1.18835
565 -0.720503 0.727615 7.47154
565 0.149995 -0.250275 1.18835
565 0.584921 0.718362 7.47154
565 0.963862 -0.137367 1.18835
565 -0.344963 0.136154 7.47154
565 -0.0801497 0.32033 1.18835
565 0.0647174 0.501887 1.18835
565 -0.3213 0.31868 1.18835
565 -0.548749 -0.106095 7.47154
565 0.451126 0.0340266 1.18835
565 0.632172 -0.429879 1.18835
565 -0.118857 -0.689373 1.18835
565 -0.208044 0.123904 1.18835
565 0.0237847 0.586304 1.18835
565 -0.530384 0.134469 1.18835
565 -0.203468 -0.0139191 7.47154
565 0.503306 -0.286947 1.18835
565 -1.00128 -0.159191 7.47154
565 -0.413503 0.880285 1.18835
565 -0.408889 0.945851 1.18835
565 -0.555189 -0.406927 7.47154
565 -0.410643 -0.267156 1.18835
565 -0.487009 -0.755243 1.18835
565 -0.530667 -0.0561444 1.18835
565 -0.499035 -0.235885 1.18835
565 -0.412824 0.503185 1.18835
565 -0.920054 -0.41699 1.18835
565 -0.220964 -0.305047 7.47154
565 -0.123535 -0.256926 7.47154
565 0.0954965 -0.72502 1.18835
565 0.0126063 -0.753198 1.18835
565 -0.0701648 0.37138 1.18835
565 -0.784964 0.575008 1.18835
565 0.0547212 -0.957022 1.18835
565 0.419277 0.119477 1.18835
565 -0.67826 -0.670784 1.18835
565 -0.222732 0.0743389 1.18835
565 -0.32544 0.535429 1.18835
565 0.723147 -0.0705381 1.18835
565 -0.432548 -0.711684 1.18835
565 0.493515 -0.701859 1.18835
565 0.631896 -0.132753 1.18835
565 -0.15048 -0.128495 1.18835
565 -0.787373 -0.324024 1.18835
565 0.544477 0.258899 1.18835
565 -0.105177 1.03118 1.18835
565 0.147574 0.441967 1.18835
565 -0.214769 0.668446 1.18835
565 -0.381812 -0.745259 1.18835
565 0.0996923 -0.0268421 1.18835
565 0.934204 0.450285 1.18835
565 -0.194762 -0.436386 1.18835
565 0.10081 -0.130785 7.47154
565 0.0313337 -0.358882 1.18835
565 0.176255 0.717055 7.47154
565 0.389157 0.956359 1.18835
565 -0.120054 0.775618 7.47154
565 -0.475155 0.31872 1.18835
565 -0.369016 0.0322211 1.18835
565 -0.0756318 -0.953513 7.47154
565 0.904139 0.509408 7.47154
565 0.973568 -0.0764615 1.18835
565 0.645954 0.738487 1.18835
565 0.534188 -0.0834108 1.18835
565 0.158924 -0.999817 1.18835
565 0.0194763 0.024335 1.18835
565 -0.757911 -0.574757 7.47154
565 0.365068 0.0463881 1.18835
565 0.485869 0.535494 1.18835
565 -0.0580022 -0.606509 7.47154
565 -0.292596 0.578987 7.47154
565 0.314421 -0.309592 1.18835
565 0.727806 0.0414762 1.18835
565 0.010765 -0.0771292 1.18835
565 -0.665099 -0.517843 7.47154
565 0.139725 -0.894169 7.47154
565 0.183674 -0.0296859 1.18835
565 -0.41646 0.218198 1.18835
565 -0.770761 0.0889932 1.18835
565 -0.311808 -0.274802 7.47154
565 -0.59119 -0.208469 1.18835
565 -0.0653763 -0.37435 1.18835
565 0.604852 -0.283182 1.18835
565 0.687519 -0.427321 1.18835
565 -0.0659142 0.982207 7.47154
565 -0.870682 0.431547 1.18835
565 -0.333638 0.440937 1.18835
565 -0.116225 0.35514 1.18835
565 -0.968543 -0.292815 1.18835
565 -0.617108 0.745385 1.18835
565 -0.740228 0.0376894 1.18835
565 0.455936 0.32243 1.18835
565 -0.526358 -0.454796 1.18835
565 -0.55233 -0.507406 1.18835
565 0.0197813 -0.604034 7.47154
565 -0.858105 0.0391323 7.47154
565 0.52606 -0.184455 1.18835
565 0.478133 0.733347 1.18835
565 0.49955 -0.500192 1.18835
565 -0.174813 -0.484391 7.47154
565 -0.740053 0.622093 7.47154
565 0.62911 -0.579687 7.47154
565 -0.248928 -0.443056 1.18835
565 -0.00439623 0.174702 1.18835
565 -0.990472 0.238997 7.47154
565 0.565102 0.126202 1.18835
565 -0.355867 -0.546882 7.47154
565 -0.272896 -0.698585 7.47154
565 -0.521989 0.51931 7.47154
565 0.599338 0.776918 1.18835
565 -0.315498 -0.0956308 1.18835
565 0.224205 -0.06341 1.18835
565 0.573014 -0.566194 1.18835
565 0.263921 0.652268 1.18835
565 -0.727959 -0.52085 1.18835
565 0.115535 0.581435 7.47154
565 -0.459019 0.604248 1.18835
565 0.397182 -0.0405378 7.47154
565 -0.635324 0.133758 1.18835
565 -0.225276 0.723063 7.47154
565 -0.0230648 -0.644064 7.47154
565 -0.295918 -0.643707 7.47154
565 0.670728 -0.534038 1.18835
565 0.76987 0.38227 1.18835
565 0.23086 0.381212 1.18835
565 0.556149 -0.511696 1.18835
565 -0.188972 0.0372831 7.47154
565 0.20389 -0.123058 7.47154
565 -0.519198 0.0433673 1.18835
565 -0.400965 0.59439 1.18835
565 0.803653 -0.142388 1.18835
565 0.708619 0.592331 1.18835
565 0.815864 -0.0780914 1.18835
565 0.187275 -0.452261 1.18835
565 -0.289169 -0.799541 1.18835
565 0.168355 0.25536 7.47154
565 -0.841425 -0.163932 7.47154
565 -0.783959 -0.634007 7.47154
565 0.766771 -0.103176 1.18835
565 0.303118 -0.537156 1.18835
565 -0.192603 0.173262 1.18835
565 0.37081 -0.412449 1.18835
565 -0.553263 -0.247671 7.47154
565 -0.301717 0.927489 7.47154
565 0.233922 -0.66134 1.18835
565 0.338109 0.853117 7.47154
565 -0.515477 -0.148218 7.47154
565 0.489028 0.789359 1.18835
565 0.0699885 -0.772489 1.18835
565 -0.448317 0.751642 1.18835
565 0.6536 0.573772 1.18835
565 -0.65966 -0.618131 7.47154
565 -0.673961 -0.166876 7.47154
565 -0.444479 -0.226779 1.18835
565 0.617922 0.143902 1.18835
565 0.233595 0.0406265 1.18835
565 -0.0189522 0.671781 1.18835
565 0.189015 0.833848 7.47154
565 0.0289442 0.696805 1.18835
565 0.0560543 0.391049 1.18835
565 0.0101382 -0.49121 7.47154
565 0.980084 0.332592 1.18835
565 -0.0709648 0.420481 1.18835
565 0.696815 -0.320114 1.18835
565 -0.206399 -0.201469 7.47154
565 0.732217 -0.631066 1.18835
565 -0.754164 -0.116011 1.18835
565 0.621357 0.449698 7.47154
565 0.937687 -0.257661 1.18835
565 -0.600421 -0.263759 7.47154
565 0.661022 0.409929 7.47154
565 0.323531 0.732688 7.47154
565 0.498948 0.58946 1.18835
565 -0.199278 0.470599 1.18835
565 -0.867057 -0.258662 1.18835
565 0.500239 0.847051 1.18835
565 0.131481 0.286604 7.47154
565 -0.409652 -0.647552 7.47154
565 -0.785207 0.294897 7.47154
565 0.306785 0.618875 1.18835
565 -0.480496 -0.187491 1.18835
565 0.711832 0.426814 1.18835
565 -0.179144 -0.992604 7.47154
565 -0.424189 0.151542 7.47154
565 0.11485 -0.576886 7.47154
565 -0.114607 0.671179 1.18835
565 0.761204 0.131337 1.18835
565 -0.437438 0.696065 7.47154
565 0.118494 0.979916 1.18835
565 0.512621 0.643176 1.18835
565 0.500177 0.290315 1.18835
565 -0.322416 -0.9009 1.18835
565 -0.24394 0.946509 1.18835
565 0.324773 0.0792274 1.18835
565 0.658547 0.354125 7.47154
565 0.0857359 0.310006 7.47154
565 0.370541 -0.246502 7.47154
565 -0.882504 0.215456 1.18835
565 0.298264 0.214429 1.18835
565 -0.825151 -0.475128 1.18835
565 0.0291683 -0.656138 1.18835
565 -0.19749 0.902946 1.18835
565 -0.847476 -0.317415 1.18835
565 -0.0750033 0.927172 1.18835
565 0.571101 0.661531 1.18835
565 0.0980264 -0.0797583 1.18835
565 -0.026997 -0.00251218 7.47154
565 -0.822047 -0.582557 1.18835
565 0.195662 0.125234 1.18835
565 -0.931258 0.419383 1.18835
565 0.771947 -0.480031 7.47154
565 0.8047 -0.432319 1.18835
565 0.158588 0.550816 1.18835
565 -0.557959 0.723186 1.18835
565 -0.729788 0.562403 7.47154
565 0.447112 0.881377 1.18835
565 0.771597 -0.38314 1.18835
565 -0.0729205 -0.176686 1.18835
565 0.157051 -0.539048 1.18835
565 -0.258136 0.111048 1.18835
565 0.209332 -0.55675 1.18835
565 -0.471906 -0.452971 7.47154
565 0.268946 -0.285816 1.18835
565 -0.364605 0.222555 1.18835
565 -0.264843 0.825995 1.18835
565 0.700744 0.315059 1.18835
565 0.109016 -0.281618 1.18835
565 0.420842 0.714829 1.18835
565 -0.120109 -0.0383918 1.18835
565 0.233174 0.93781 1.18835
565 0.473615 -0.586845 1.18835
565 -0.444873 0.46048 7.47154
565 0.00997639 -0.125403 1.18835
565 0.751565 0.329749 1.18835
565 0.35521 0.284805 1.18835
565 -0.607614 -0.512282 1.18835
565 -0.0860478 -0.646976 1.18835
565 -0.574237 0.524846 7.47154
565 0.209706 0.226095 1.18835
565 0.0840495 -0.901815 1.18835
565 0.462672 0.373999 7.47154
565 0.178216 -0.399408 1.18835
565 -0.554112 -0.610694 1.18835
565 0.373934 -0.890815 1.18835
565 0.262477 -0.334192 1.18835
565 -0.319102 0.803975 1.18835
565 0.220378 -0.831235 1.18835
565 0.438484 0.825716 7.47154
565 0.404684 0.0130265 1.18835
565 0.770539 -0.582571 1.18835
565 -0.329801 0.1844 7.47154
565 -0.434403 -0.773578 1.18835
565 0.220468 0.68524 1.18835
565 0.207097 0.574033 1.18835
565 0.456009 -0.304275 1.18835
565 -0.137755 -0.784122 1.18835
565 -0.551833 0.0859374 1.18835
565 1.02382 -0.113925 1.18835
565 -0.158856 0.268385 1.18835
565 0.311149 -0.35604 7.47154
565 -0.126309 0.969866 1.18835
565 -0.638017 -0.464644 7.47154
565 -0.740263 0.34216 1.18835
565 -0.171824 -0.285273 1.18835
565 -0.42706 -0.178011 1.18835
565 0.0190986 -0.221194 1.18835
565 -0.313471 -0.740471 1.18835
565 -0.16602 0.359269 1.18835
565 0.84182 0.510913 1.18835
565 0.659488 -0.273666 7.47154
565 -0.581061 0.327038 7.47154
565 0.425207 0.460808 1.18835
565 -0.0285635 -0.198624 7.47154
565 -0.142146 0.188641 7.47154
565 0.064888 -0.56441 1.18835
565 0.291488 -0.971478 1.18835
565 0.142271 -0.106115 1.18835
565 -0.586451 0.230014 1.18835
565 0.787211 0.229186 1.18835
565 -0.120041 0.723357 1.18835
565 0.433513 0.515376 1.18835
565 -0.0209562 -0.575833 1.18835
565 0.379388 -0.193253 1.18835
565 -0.114359 -0.155707 1.18835
565 0.313343 0.316725 7.47154
565 0.0241316 0.921768 1.18835
565 0.821835 -0.0132369 7.47154
565 -0.302519 -0.538401 1.18835
565 -0.184018 -0.0961113 1.18835
565 0.290637 0.163116 7.47154
565 0.727324 0.170178 1.18835
565 -0.00896773 0.257543 1.18835
565 -0.693127 -0.729658 1.18835
565 0.344155 0.915804 1.18835
565 0.295194 -0.129913 1.18835
565 0.629801 0.679261 1.18835
