435 0.347128 0.232995 7.47154
435 -0.0741509 -0.226346 1.18835
435 0.39368 -0.0918721 1.18835
435 -0.243144 0.158855 1.18835
435 0.242546 -0.779364 7.47154
435 -1.01515 -0.0223057 1.18835
435 -0.46617 0.00369566 7.47154
435 -0.331691 -0.151059 1.18835
435 0.185802 0.408616 1.18835
435 0.556596 0.60596 7.47154
435 0.151958 0.498715 1.18835
435 -0.151518 0.463807 1.18835
435 0.833029 -0.379129 7.47154
435 -0.100573 -0.896209 7.47154
435 0.126173 0.133024 1.18835
435 -0.802856 0.636878 1.18835
435 -0.911213 0.0431415 7.47154
435 -0.334254 0.74066 7.47154
435 -0.884244 -0.36681 1.18835
435 0.615869 -0.526037 7.47154
435 -1.01361 0.0432556 7.47154
435 0.156495 -0.84118 1.18835
435 0.869373 -0.428086 1.18835
435 -0.669731 -0.418419 7.47154
435 0.0191883 -0.54334 1.18835
435 1.02164 0.150958 1.18835
435 0.885208 0.2492 7.47154
435 0.339236 -0.160462 7.47154
435 0.0170211 0.478648 7.47154
435 1.01335 -0.177559 7.47154
435 0.0200607 0.216613 1.18835
435 0.28894 0.941337 1.18835
435 -0.325492 -0.593662 7.47154
435 -0.274425 -0.582085 1.18835
435 -0.754225 0.241359 1.18835
435 0.875781 -0.271819 1.18835
435 0.400202 0.603437 1.18835
435 -0.361155 0.635327 1.18835
435 0.863904 0.103202 1.18835
435 -0.328949 -0.403985 1.18835
435 0.035703 0.810314 1.18835
435 0.0409085 0.869381 1.18835
435 0.100497 0.177981 7.47154
435 -0.302914 0.484603 1.18835
435 -0.0739805 -0.274483 1.18835
435 0.599626 0.56589 1.18835
435 0.335707 -0.797773 7.47154
435 0.441294 -0.0728479 1.18835
435 -0.393509 -0.219876 1.18835
435 -0.971334 0.30181 1.18835
435 -0.955791 -0.116253 1.18835
435 0.582299 -0.153714 1.18835
435 -0.553387 0.574989 1.18835
435 0.959357 -0.364059 1.18835
435 0.0491852 0.176155 1.18835
435 -0.19256 -0.626725 7.47154
435 -0.601098 -0.110828 7.47154
435 0.0589365 0.451564 1.18835
435 0.244183 -0.929292 1.18835
435 -0.118279 -0.303388 1.18835
435 0.712101 0.371102 1.18835
435 0.682447 0.207714 1.18835
435 0.75526 0.276043 1.18835
435 -0.630035 -0.699898 1.18835
435 -0.903814 0.313036 7.47154
435 -0.959379 0.00939662 1.18835
435 -0.654463 -0.265501 1.18835
435 0.212676 0.628717 1.18835
435 0.728064 -0.0137153 7.47154
435 0.545711 -0.294849 1.18835
435 -0.177187 0.749709 7.47154
435 -0.591974 -0.744967 7.47154
435 0.684426 -0.166733 1.18835
435 0.367577 0.387746 7.47154
435 0.427316 0.170745 1.18835
435 -0.228162 0.342404 1.18835
435 0.803871 0.560945 1.18835
435 -0.120839 -0.839255 1.18835
435 -0.523222 -0.553815 1.18835
435 -0.741533 0.139016 7.47154
435 0.740395 -0.430329 1.18835
435 -0.64739 -0.769297 1.18835
435 0.83132 0.619527 1.18835
435 -0.570053 -0.157611 1.18835
435 -0.366077 0.844855 1.18835
435 0.239423 -0.251678 1.18835
435 0.835655 -0.588 1.18835
435 0.420917 -0.223378 1.18835
435 0.221178 -0.612185 1.18835
435 -0.377857 0.542826 1.18835
435 0.0193151 0.534468 7.47154
435 0.218957 -0.315047 1.18835
435 -0.928055 -0.245536 1.18835
435 0.543615 -0.729714 1.18835
435 0.0786993 0.13388 1.18835
435 0.377125 -0.462428 7.47154
435 -0.216439 -0.577917 1.18835
435 -0.244348 -0.978323 1.18835
435 0.2719 1.00008 1.18835
435 0.169177 0.661031 1.18835
435 -0.356453 -0.451307 1.18835
435 -0.490358 -0.328356 7.47154
435 -0.463739 -0.648512 1.18835
435 -0.269015 -0.0789745 1.18835
435 0.345697 -0.690146 1.18835
435 -0.612098 -0.411994 1.18835
435 -0.130601 -0.539076 1.18835
435 -0.659767 0.0855627 1.18835
435 0.263365 -0.872687 1.18835
435 -0.253153 -0.217019 1.18835
435 -0.77617 0.191847 1.18835
435 -0.244283 -0.53526 1.18835
435 0.752421 -0.689983 7.47154
435 -0.419622 0.815934 1.18835
435 0.279235 0.402448 7.47154
435 0.105213 0.47602 1.18835
435 0.687807 0.52883 1.18835
435 -0.397685 0.360246 1.18835
435 0.444451 -0.0208999 7.47154
435 -0.0863954 0.203552 1.18835
435 -0.342446 0.585119 7.47154
435 0.100485 0.0281157 7.47154
435 -0.178515 0.223087 1.18835
435 0.0199481 -0.907881 7.47154
435 0.0315789 -0.806674 7.47154
435 -0.226513 0.208774 1.18835
435 0.551007 0.811915 1.18835
435 0.41084 0.0658702 1.18835
435 -0.162037 -0.387245 7.47154
435 0.392451 0.881796 1.18835
435 -0.66817 0.287325 1.18835
435 -0.234155 -0.114001 1.18835
435 -0.495595 0.465073 7.47154
435 -0.52781 0.324592 1.18835
435 -0.308626 0.0973226 1.18835
435 0.475232 0.479776 7.47154
435 0.022564 1.03489 7.47154
435 0.319669 -0.406302 1.18835
435 0.105422 -0.525035 1.18835
435 0.832623 -0.23298 1.18835
435 0.303173 -0.0800623 7.47154
435 -0.677488 0.491984 7.47154
435 -0.497667 -0.602308 1.18835
435 0.34186 -0.504778 7.47154
435 0.0583641 -0.00227833 7.47154
435 0.927074 0.0208699 1.18835
435 0.61241 0.38834 7.47154
435 -0.831219 0.196462 1.18835
435 0.339541 0.52845 7.47154
435 -0.687353 -0.0630556 7.47154
435 0.0653917 -0.205571 1.18835
435 0.447194 -0.739865 7.47154
435 -0.3013 -0.44698 1.18835
435 0.790589 0.175709 1.18835
435 0.507406 0.341395 7.47154
435 0.846736 0.160105 1.18835
435 -0.384194 -0.500855 7.47154
435 0.185085 0.774113 1.18835
435 -0.392837 0.7361 1.18835
435 -0.889729 -0.476134 7.47154
435 -0.255707 -0.754285 7.47154
435 0.336965 0.182169 1.18835
435 -0.685497 0.0372 7.47154
435 -0.464381 0.0521704 1.18835
435 -0.645445 0.447417 1.18835
435 0.196313 -0.507335 1.18835
435 0.228671 0.741221 1.18835
435 0.869056 0.0471507 1.18835
435 -0.14553 0.594491 7.47154
435 -0.582878 0.133135 1.18835
435 -0.0252158 0.561816 1.18835
435 -0.177741 -0.829077 1.18835
435 -0.435322 -0.318282 1.18835
435 -0.160721 -0.18139 7.47154
435 0.248434 -0.149701 7.47154
435 -0.706459 -0.268797 1.18835
435 -0.610935 -0.0111059 1.18835
435 -0.628112 0.52258 7.47154
435 0.054891 0.0945744 7.47154
435 -0.812501 -0.269344 7.47154
435 -0.218495 -0.873026 7.47154
435 -0.442142 -0.499269 1.18835
435 0.312394 -0.0267902 7.47154
435 -0.792079 -0.424754 7.47154
435 -0.306836 0.630838 1.18835
435 0.513926 -0.339486 1.18835
435 0.538297 -0.665497 1.18835
435 0.918353 -0.31578 1.18835
435 -0.524855 -0.654998 7.47154
435 0.459485 -0.413776 7.47154
435 -0.250671 0.47774 1.18835
435 -0.677463 0.768839 7.47154
435 -0.771132 -0.0103281 1.18835
435 0.868674 0.568093 7.47154
435 0.690835 -0.674414 1.18835
435 0.152628 -0.198497 1.18835
435 -0.0602167 -0.691628 7.47154
435 0.425195 -0.923417 1.18835
435 -0.0644085 -0.846869 7.47154
435 -0.280981 0.7193 1.18835
435 0.442779 0.568872 7.47154
435 -0.412401 -0.546529 1.18835
435 -0.234706 0.568678 1.18835
435 -0.250107 -0.352967 7.47154
435 -0.763178 0.408401 7.47154
435 0.805961 -0.530635 1.18835
435 -0.0342091 0.21368 1.18835
435 -0.255984 0.885136 1.18835
435 -0.478646 0.138589 1.18835
435 -0.143989 -0.435794 7.47154
435 -0.575542 0.0387686 1.18835
435 -0.541562 -0.782146 7.47154
435 -0.634581 -0.0620422 1.18835
435 -0.796422 0.139745 1.18835
435 0.219701 -0.366275 1.18835
435 -0.384122 -0.594398 1.18835
435 -0.741412 -0.0623369 7.47154
435 -0.643713 -0.366296 1.18835
435 0.272161 0.707449 1.18835
435 0.46766 0.139943 1.18835
435 0.630548 0.193443 1.18835
435 -0.839033 0.583182 1.18835
435 0.435254 -0.862175 1.18835
435 -0.900771 0.161304 1.18835
435 0.999391 -0.240629 7.47154
435 0.711203 -0.266395 1.18835
435 0.6561 -0.778477 1.18835
435 -0.0893873 0.874285 1.18835
435 0.519466 0.445504 1.18835
435 -0.721375 -0.624839 1.18835
435 0.473963 -0.205183 1.18835
435 -0.273697 -0.400187 1.18835
435 -0.0634566 0.652761 1.18835
435 0.154488 0.169714 7.47154
435 -0.0650701 0.47511 1.18835
435 0.595718 -0.472895 7.47154
435 0.434029 -0.476773 1.18835
435 0.442546 -0.801299 7.47154
435 0.959967 0.173355 1.18835
435 0.268646 0.347703 7.47154
435 -0.0688821 0.76624 1.18835
435 0.326482 0.421742 1.18835
435 0.384483 -0.831415 1.18835
435 0.14616 -0.488176 7.47154
435 -0.850753 0.142467 1.18835
435 -0.168203 0.416978 1.18835
435 0.148134 -0.737125 7.47154
435 0.139304 -0.0539587 1.18835
435 -0.173762 0.0884551 1.18835
435 -0.508126 0.182848 7.47154
435 -0.47038 0.857843 7.47154
435 0.000220535 -0.438885 1.18835
435 0.108975 0.530137 1.18835
435 -0.64134 0.234588 7.47154
435 0.487037 -0.104778 1.18835
435 0.235477 -0.472904 7.47154
435 0.743016 0.547451 1.18835
435 -0.49914 0.0897243 1.18835
435 -0.466286 -0.277964 1.18835
435 -0.157855 0.139606 7.47154
435 0.66388 -0.376331 1.18835
435 0.119257 -0.332351 1.18835
435 0.0874469 1.03368 7.47154
435 0.0677233 0.613795 1.18835
435 -0.539062 -0.719683 1.18835
435 0.868082 -0.0618405 1.18835
435 0.525327 0.697042 7.47154
435 0.258243 0.248162 1.18835
435 -0.567447 -0.309859 1.18835
435 -0.035824 -0.146561 1.18835
435 -0.3594 -0.259556 1.18835
435 -0.353225 -0.639507 1.18835
435 0.438081 0.221033 1.18835
435 0.178724 -0.791581 1.18835
435 0.227811 -0.0121573 7.47154
435 -0.693606 -0.56859 1.18835
435 -0.114297 -1.00298 7.47154
435 0.0205973 0.420378 1.18835
435 0.698567 0.261056 1.18835
435 0.0209635 0.642983 1.18835
435 -0.186482 0.958142 7.47154
435 0.254716 -0.100569 1.18835
435 -0.558298 0.375872 7.47154
435 0.330725 0.129015 1.18835
435 0.540805 0.553086 7.47154
435 -0.434191 -0.909452 7.47154
435 0.132316 0.747427 1.18835
435 0.981432 -0.303055 7.47154
435 -0.53731 0.667648 1.18835
435 -0.118647 -0.206483 1.18835
435 0.282048 0.109565 1.18835
435 0.322305 -0.26266 1.18835
435 -0.225348 0.429175 1.18835
435 -0.61315 0.183351 1.18835
435 -0.46385 -0.368639 7.47154
435 -0.0200224 0.732689 7.47154
435 -0.387634 0.452094 7.47154
435 0.0667161 -0.258829 1.18835
435 0.874864 -0.00664337 1.18835
435 0.674259 0.153555 7.47154
435 0.90408 -0.480723 7.47154
435 0.512006 -0.410659 1.18835
435 0.577239 -0.201086 7.47154
435 0.247811 -0.525965 1.18835
435 0.357818 0.63906 1.18835
435 -0.139588 -0.635536 1.18835
435 0.895418 -0.372119 7.47154
435 -0.6951 0.236845 1.18835
435 0.390302 0.548599 7.47154
435 -0.945163 -0.184261 1.18835
435 -0.0748855 -0.0214201 1.18835
435 -0.0761319 -0.554394 1.18835
435 0.20822 0.268829 1.18835
435 -0.279498 0.434668 1.18835
435 -0.782545 0.353676 1.18835
435 0.176511 -0.641963 1.18835
435 0.631997 -0.0174249 1.18835
435 -0.138864 -0.944697 1.18835
435 -0.159701 -0.886497 1.18835
435 0.432446 -0.618446 1.18835
435 0.390831 -0.655866 1.18835
435 0.41185 0.355199 1.18835
435 0.293247 -0.687243 1.18835
435 0.892927 -0.215154 1.18835
435 0.225401 -0.419576 7.47154
435 -0.0427965 -0.744443 1.18835
435 0.0580878 -0.15701 1.18835
435 0.496223 -0.767013 1.18835
435 0.840122 0.216751 7.47154
435 -0.303572 -0.357811 1.18835
435 -0.586972 0.424974 1.18835
435 0.636 -0.329001 1.18835
435 -0.493568 0.709114 1.18835
435 -0.487818 -0.812913 7.47154
435 0.70974 -0.572002 1.18835
435 -0.122371 0.398014 1.18835
435 0.41208 -0.427534 1.18835
435 -0.807891 -0.112853 1.18835
435 -0.671223 0.551529 1.18835
435 0.567036 0.413936 7.47154
435 0.363774 -0.296997 7.47154
435 0.916279 0.344363 1.18835
435 0.282139 -0.81649 7.47154
435 0.527328 0.499442 1.18835
435 -0.0275647 0.616473 1.18835
435 -0.247172 0.298132 7.47154
435 0.266417 0.295383 1.18835
435 -0.330542 -0.495624 1.18835
435 -0.869698 0.533983 1.18835
435 -0.418906 0.017239 7.47154
435 -0.532979 -0.3556 1.18835
435 -0.450206 0.364388 1.18835
435 0.796502 -0.639955 7.47154
435 0.679477 0.00854433 7.47154
435 -0.557898 0.277614 1.18835
435 0.765569 0.0774174 7.47154
435 0.0730641 0.932116 7.47154
435 0.0589487 -0.50804 1.18835
435 0.108252 -0.228658 1.18835
435 0.793254 -0.33363 7.47154
435 0.443986 0.938852 1.18835
435 0.443222 -0.677595 7.47154
435 -0.700875 -0.371585 1.18835
435 0.488264 -0.892054 1.18835
435 -0.696903 -0.471142 7.47154
435 0.345453 -0.110606 7.47154
435 -0.29426 -0.181456 1.18835
435 0.376154 0.754822 1.18835
435 0.909411 0.138201 7.47154
435 0.705149 -0.73601 1.18835
435 -0.903435 -0.144419 1.18835
435 0.0132033 -0.171926 1.18835
435 -0.382807 -0.310319 7.47154
435 0.193093 0.900115 1.18835
435 0.418111 -0.37426 1.18835
435 0.787417 -0.203415 7.47154
435 -0.57775 -0.560619 7.47154
435 0.0983022 0.421836 1.18835
435 -0.292026 0.278993 1.18835
435 -0.758884 -0.271022 1.18835
435 -0.632049 0.809275 1.18835
435 -0.729072 -0.167797 1.18835
435 -0.926418 0.25846 1.18835
435 -0.372741 -0.937073 7.47154
435 -0.503667 0.275498 1.18835
435 -0.158316 -0.332312 1.18835
435 -0.312124 0.230167 1.18835
435 -0.791739 -0.526678 1.18835
435 0.0816368 -0.669583 7.47154
435 -0.198884 -0.148984 7.47154
435 0.904058 -0.157339 1.18835
435 0.343681 -0.742208 1.18835
435 0.0584702 0.0499633 7.47154
435 -0.0207404 -0.342642 1.18835
435 -0.676683 0.607006 1.18835
435 0.165109 -0.591915 1.18835
435 -0.0270474 -0.245919 1.18835
435 0.605423 0.0915612 1.18835
435 -0.729099 -0.423709 1.18835
435 0.280624 0.765465 1.18835
435 -0.106917 -0.402669 1.18835
435 0.317971 0.36826 1.18835
435 -0.854327 -0.0519352 1.18835
435 0.430516 0.769114 1.18835
435 -0.612258 0.279592 7.47154
435 -0.34504 -0.783172 1.18835
435 0.405121 0.303982 7.47154
435 0.488516 -0.0532582 1.18835
435 -0.630701 0.0373492 7.47154
435 0.357893 -0.00710063 1.18835
435 0.240494 0.140452 1.18835
435 -0.0333238 -0.0509525 1.18835
435 -0.200604 -0.932529 1.18835
435 0.398034 -0.714102 7.47154
435 -0.605784 0.0847744 1.18835
435 -1.01101 0.109377 7.47154
435 -0.0335764 0.895696 1.18835
435 -0.720731 0.189478 7.47154
435 0.192271 0.0706422 1.18835
435 -0.793982 0.522485 1.18835
435 -0.688088 0.136378 7.47154
435 0.996537 0.273277 7.47154
435 -0.231645 1.00688 1.18835
435 0.041898 -0.405517 1.18835
435 -0.560963 -0.00913822 1.18835
435 -0.467138 0.510594 1.18835
435 0.483477 -0.155431 1.18835
435 0.64994 0.297982 1.18835
435 -0.0122643 0.968712 1.18835
435 -0.514738 0.760144 1.18835
435 0.333019 -0.211551 7.47154
435 -0.160178 0.515457 1.18835
435 0.0137932 -0.0261369 1.18835
435 0.317702 0.0263229 1.18835
435 0.775417 -0.0418152 1.18835
435 0.0987645 -0.470027 1.18835
435 -0.359465 0.906463 7.47154
435 -0.373905 0.312217 1.18835
435 -0.898655 -0.0140501 1.18835
435 0.289734 0.508021 1.18835
435 -0.79751 0.0416182 1.18835
435 0.0507801 -0.85659 1.18835
435 -0.439709 -0.844251 7.47154
435 0.89201 0.401283 7.47154
435 -0.796993 -0.05949 1.18835
435 -0.155506 -0.732114 7.47154
435 0.573029 0.465278 1.18835
435 0.152809 1.02627 7.47154
435 -0.0220315 0.0476698 7.47154
435 -0.277758 0.76961 7.47154
435 -0.223415 -0.488306 1.18835
435 -0.185708 -0.532974 1.18835
435 0.237155 0.800911 1.18835
435 -0.526692 0.886601 1.18835
435 -0.40966 -0.361556 1.18835
435 0.776462 0.0170843 1.18835
435 -0.171541 0.804822 1.18835
435 0.243391 -0.199574 7.47154
435 0.815142 0.45562 1.18835
435 0.156419 -0.149153 7.47154
435 -0.142234 0.0517488 1.18835
435 1.01073 0.21287 7.47154
435 0.325591 -0.856959 7.47154
435 -0.730458 0.511318 7.47154
435 0.9525 -0.1972 1.18835
435 -0.0720312 0.584041 7.47154
435 -0.784435 -0.167639 1.18835
435 0.513894 -0.238308 1.18835
435 0.377375 0.150708 7.47154
435 -0.951407 0.133388 7.47154
435 -1.00187 0.173921 7.47154
435 0.0693375 -0.616577 7.47154
435 0.979452 -0.0120428 1.18835
435 -0.0383384 0.290675 1.18835
435 0.138815 0.923343 1.18835
435 -0.118579 0.552788 1.18835
435 -0.856783 -0.531212 1.18835
435 -0.259063 -0.266534 7.47154
435 0.2778 -0.63142 7.47154
435 -0.235 -0.813967 7.47154
435 -0.501516 -0.402613 7.47154
435 0.0316523 0.754158 1.18835
435 -0.418315 0.644048 1.18835
435 0.0908903 -0.416283 7.47154
435 0.856773 -0.119879 1.18835
435 -0.630289 -0.568572 7.47154
435 -0.377182 0.68648 1.18835
435 0.33161 0.474538 1.18835
435 0.741558 -0.525904 1.18835
435 -0.634609 0.640455 1.18835
435 -0.110705 -0.591884 7.47154
435 0.199279 0.519434 1.18835
435 -0.703769 -0.115088 1.18835
435 -0.652359 -0.113527 1.18835
435 0.196628 -0.221474 1.18835
435 0.855189 0.355371 1.18835
435 0.708107 -0.481408 1.18835
435 0.0986409 0.356355 1.18835
435 0.537942 0.753572 1.18835
435 0.466992 0.677257 1.18835
435 0.331665 0.791343 1.18835
435 -0.237694 0.0233132 7.47154
435 -0.622364 -0.162553 1.18835
435 0.275269 -0.438155 7.47154
435 -0.292476 0.990183 7.47154
435 0.933504 -0.423177 1.18835
435 -0.333878 -0.316131 1.18835
435 0.597979 -0.754763 1.18835
435 0.914908 -0.0997461 1.18835
435 -0.382764 0.173583 1.18835
435 0.267246 -0.0461313 1.18835
435 -0.560389 0.181647 7.47154
435 -0.384255 -0.407956 1.18835
435 0.148166 0.860732 1.18835
435 0.725944 -0.21049 1.18835
435 -0.155059 0.860825 1.18835
435 -0.832047 0.0894919 1.18835
435 0.0709138 0.221684 7.47154
435 0.816997 0.276003 1.18835
435 -0.582732 -0.0601383 1.18835
435 -0.836998 0.320111 1.18835
435 -0.480066 -0.0496948 1.18835
435 0.099415 -0.835708 1.18835
435 0.767475 0.607746 1.18835
435 -0.0371791 -0.0990752 1.18835
435 -0.2132 0.841679 7.47154
435 0.195502 0.356819 1.18835
435 -0.103982 0.279087 1.18835
435 -0.269384 0.527694 1.18835
435 -0.582962 0.849108 1.18835
435 -0.276087 -0.491445 7.47154
435 0.67432 -0.101886 7.47154
435 0.533194 -0.135845 1.18835
435 -0.578069 -0.676487 1.18835
435 -0.261506 -0.917856 7.47154
435 -0.276455 -0.85837 1.18835
435 -0.0676341 0.0299637 1.18835
435 -0.491728 -0.878827 1.18835
435 0.0894424 0.828483 1.18835
435 0.838678 -0.480557 7.47154
435 0.370738 0.0977481 7.47154
435 0.180356 -0.941427 1.18835
435 0.611217 0.838929 7.47154
435 -0.0258937 -0.798291 1.18835
435 -0.0780954 0.121689 1.18835
435 -0.861357 0.270481 7.47154
435 0.620796 -0.234827 1.18835
435 -0.224641 0.780235 1.18835
435 -0.0660795 0.249925 7.47154
435 0.574999 0.177896 1.18835
435 0.629856 -0.0734999 7.47154
435 0.415978 -0.565184 1.18835
435 -0.254241 -0.0270331 7.47154
435 0.71781 -0.126303 1.18835
435 -0.420156 0.409007 1.18835
435 0.136969 0.394137 7.47154
435 0.179087 0.965868 1.18835
435 0.547979 -0.376194 1.18835
435 -0.5812 -0.45776 7.47154
435 -0.0519595 -0.420204 1.18835
435 -0.493866 0.562953 1.18835
435 0.970031 0.114242 1.18835
435 0.560117 0.36154 1.18835
435 0.585715 0.04535 1.18835
435 0.897481 0.19271 1.18835
435 0.482255 -0.459823 1.18835
435 0.583583 0.515142 7.47154
435 -0.0489693 0.0849055 1.18835
435 0.417568 0.406831 7.47154
435 0.393233 -0.772675 1.18835
435 -0.463562 -0.140726 7.47154
435 -0.758141 -0.218078 1.18835
435 -0.162341 -0.581283 7.47154
435 -0.836957 0.485629 1.18835
435 -0.383332 -0.0210979 1.18835
435 0.103244 0.0821603 1.18835
435 -0.0411224 -0.903703 1.18835
435 0.308116 0.265188 1.18835
435 -0.25772 0.38689 1.18835
435 0.604498 -0.819071 7.47154
435 -0.0960311 0.0682991 1.18835
435 0.35918 -0.553873 7.47154
435 0.479962 0.189743 1.18835
435 0.73666 0.219584 1.18835
435 -0.245603 -0.166117 1.18835
435 -0.759945 -0.375115 1.18835
435 0.674159 -0.221357 7.47154
435 0.180467 -0.0843409 1.18835
435 0.159264 -0.302519 1.18835
435 -0.324133 0.683818 1.18835
435 0.7447 -0.312813 1.18835
435 0.507707 0.109201 1.18835
435 -0.308601 -0.960423 1.18835
435 0.162464 0.606642 1.18835
435 -0.00991012 -0.389929 1.18835
435 -0.435319 0.552588 1.18835
435 -0.662345 0.39994 1.18835
435 0.173169 -0.348 1.18835
435 -0.71457 0.390223 7.47154
435 0.66073 0.800414 7.47154
435 -0.47884 0.229822 1.18835
435 -0.572875 0.783772 1.18835
435 0.202615 -0.742669 1.18835
435 -0.412063 -0.455979 7.47154
435 0.375038 0.440845 1.18835
435 -0.122836 0.234655 1.18835
435 0.143924 0.0488226 1.18835
435 0.546906 0.0779815 7.47154
435 -0.945317 0.199576 7.47154
435 0.54862 -0.793896 1.18835
435 -0.302473 -0.0431599 1.18835
435 -0.0248994 0.506447 7.47154
435 0.350803 -0.0601011 7.47154
435 -0.521196 -0.290178 7.47154
435 0.871583 0.454943 7.47154
435 0.584897 -0.625004 1.18835
435 0.578871 -0.33401 1.18835
435 -0.468529 -0.549076 7.47154
435 1.03061 -0.0475342 1.18835
435 0.0202082 -0.266094 1.18835
435 -0.286742 0.00954021 1.18835
435 0.846114 -0.177969 1.18835
435 0.233238 0.434173 1.18835
435 -0.200368 -0.349084 1.18835
435 0.644814 -0.715023 7.47154
435 -0.275984 -0.312395 1.18835
435 0.262093 -0.578654 7.47154
435 0.315302 0.673631 1.18835
435 0.249882 -0.716263 7.47154
435 -0.497455 -0.100235 1.18835
435 0.468134 0.425993 1.18835
435 -0.722664 0.285344 7.47154
435 -0.0312859 -0.522497 7.47154
435 0.548322 -0.857318 7.47154
435 0.224035 -0.98744 7.47154
435 -0.715863 -0.0123766 1.18835
435 -0.103532 0.620465 1.18835
435 -0.374751 0.784787 1.18835
435 -0.00771794 -0.698328 7.47154
435 -0.0715216 -0.324548 1.18835
435 0.405762 -0.327616 1.18835
435 -0.334685 -0.84117 1.18835
435 -0.10826 0.157777 1.18835
435 1.02937 0.0870619 1.18835
435 0.109027 -0.177254 1.18835
435 -0.0587638 0.82403 7.47154
435 -0.393021 -0.81202 7.47154
435 -0.431036 -0.0364276 1.18835
435 0.0720451 0.666565 1.18835
435 0.529736 -0.608623 7.47154
435 0.388763 -0.142052 1.18835
435 0.0548145 -0.0543503 1.18835
435 0.460162 -0.256006 1.18835
435 -0.577773 0.625255 1.18835
435 -0.308615 0.390991 1.18835
435 0.255468 0.595885 1.18835
435 0.438313 -0.123519 1.18835
435 0.358258 -0.950324 1.18835
435 -0.271991 0.0606049 7.47154
435 -0.352003 0.97012 1.18835
435 0.240675 0.487364 1.18835
435 0.521897 0.158486 7.47154
435 -0.0977395 -0.73851 7.47154
435 -0.302768 -0.229563 1.18835
435 0.947255 0.230809 1.18835
435 0.484766 -0.639663 1.18835
435 -0.170228 1.02002 1.18835
435 0.670453 0.63527 1.18835
435 0.671396 0.468515 7.47154
435 -0.3975 -0.0753058 1.18835
435 -0.527077 0.823988 7.47154
435 0.0650216 0.560338 1.18835
435 0.957223 0.393097 7.47154
435 -0.731019 -0.323026 7.47154
435 0.386927 0.201675 7.47154
435 0.308663 -0.913965 1.18835
435 0.536786 0.0227051 7.47154
435 0.514029 0.393079 1.18835
435 -0.0410064 -0.470534 7.47154
435 -0.382368 -0.690632 1.18835
435 0.138178 -0.434221 1.18835
435 -0.679793 0.343896 1.18835
435 0.552864 0.310154 1.18835
435 -0.516474 0.614768 1.18835
435 -0.204205 0.384078 1.18835
435 0.384822 0.815676 1.18835
435 -0.127423 -0.0886346 1.18835
435 0.652847 -0.478935 1.18835
435 -0.181603 0.560156 1.18835
435 0.22521 0.317496 1.18835
435 0.588385 0.228257 7.47154
435 -0.196191 -0.773926 7.47154
435 -0.211484 0.26303 1.18835
435 0.67784 -0.0459972 1.18835
435 0.81163 0.11357 1.18835
435 0.202536 0.172743 7.47154
435 -0.0243998 0.395002 1.18835
435 0.124703 0.691634 1.18835
435 -0.0683186 0.709975 7.47154
435 0.0807867 -0.364666 1.18835
435 0.45788 0.0876483 1.18835
435 -0.468066 0.919362 1.18835
435 -0.76171 0.684743 1.18835
435 0.597359 0.279894 1.18835
435 -0.15928 0.646273 7.47154
435 0.414493 -0.277166 1.18835
435 -0.598333 -0.810196 7.47154
435 -0.391856 0.115767 1.18835
435 -0.397352 0.264442 1.18835
435 -0.503313 0.370157 1.18835
435 -0.910308 -0.0750341 1.18835
435 -0.0919132 -0.451574 7.47154
435 0.0133462 0.306025 1.18835
435 0.588735 -0.690862 1.18835
435 0.192905 0.464402 7.47154
435 0.0712716 -0.311952 1.18835
435 0.707555 0.75881 7.47154
435 -0.959562 -0.0493315 1.18835
435 0.763361 0.437598 1.18835
435 -0.830845 0.378644 1.18835
435 -0.656606 0.70379 1.18835
435 -0.47272 0.798387 7.47154
435 -0.0816577 -0.791611 7.47154
435 0.493975 -0.829791 7.47154
435 0.118019 0.637699 1.18835
435 -0.345414 0.268136 1.18835
435 0.572804 -0.42293 1.18835
435 0.101158 0.260148 7.47154
435 -0.281035 0.341705 1.18835
435 0.141361 -0.00181193 1.18835
435 -0.894575 0.0990704 1.18835
435 0.607692 -0.378945 7.47154
435 -0.409344 0.0659891 1.18835
435 -0.165523 -0.233306 1.18835
435 -0.365913 0.404106 1.18835
435 0.130722 -0.381264 7.47154
435 -0.818534 -0.215512 7.47154
435 -0.0698592 0.531423 1.18835
435 -0.644698 -0.21407 1.18835
435 -0.364555 -0.113637 1.18835
435 0.234009 0.0926219 1.18835
435 0.297682 0.562378 7.47154
435 -0.544924 -0.845484 1.18835
435 -0.218819 -0.395277 7.47154
435 -0.907933 -0.306543 7.47154
435 -0.311532 0.864397 1.18835
435 0.534641 -0.0305888 1.18835
435 0.751541 0.714845 7.47154
435 -0.344192 0.358317 7.47154
435 -0.115328 -0.356047 1.18835
435 0.139646 0.803861 1.18835
435 0.563388 -0.247528 1.18835
435 -0.48595 -0.697454 1.18835
435 0.247915 0.541386 7.47154
435 -0.211252 -0.253548 1.18835
435 -0.446138 -0.089706 1.18835
435 0.0243587 0.133662 1.18835
435 -0.709234 0.44666 7.47154
435 0.584151 -0.00408214 7.47154
435 0.634951 0.0398922 7.47154
435 -0.112427 0.0131195 1.18835
435 0.823291 0.399896 1.18835
435 0.0232172 -0.311691 1.18835
435 0.410956 0.658342 1.18835
435 -0.496871 -0.50062 1.18835
435 -0.136897 0.913783 7.47154
435 0.920539 0.0797033 1.18835
435 0.292044 -0.751647 1.18835
435 0.0453606 -0.712083 1.18835
435 -0.54897 0.471249 1.18835
435 0.0508731 -0.455326 7.47154
435 -0.81163 0.434676 7.47154
435 -0.821978 -0.373185 1.18835
435 -0.173392 -0.679409 7.47154
435 0.497536 0.0556746 1.18835
435 0.809996 -0.282555 7.47154
435 0.367625 0.695874 7.47154
435 -0.42455 0.313874 1.18835
435 0.751121 -0.16424 1.18835
435 0.362045 0.336604 1.18835
435 0.381595 0.494267 1.18835
435 0.718341 -0.370147 1.18835
435 0.867841 0.300715 1.18835
435 0.239687 0.870004 1.18835
435 0.584531 -0.105054 7.47154
435 -0.320528 0.0460545 1.18835
435 -0.251977 0.619689 1.18835
435 0.134706 -0.682425 1.18835
435 0.0964576 0.882417 1.18835
435 -0.597976 0.682692 7.47154
435 0.396668 0.252763 1.18835
435 -0.215288 0.51859 1.18835
435 0.654525 0.105327 1.18835
435 -0.951886 0.359158 7.47154
435 -0.258986 0.243607 1.18835
435 0.805555 0.330646 7.47154
435 -0.700351 -0.216596 1.18835
435 0.504641 0.90959 7.47154
435 -0.533243 0.229655 1.18835
435 -0.00984999 0.84701 7.47154
435 -0.0370766 1.03518 7.47154
435 0.49042 0.000221202 7.47154
435 -0.90326 0.479216 1.18835
435 -0.739726 -0.685099 7.47154
435 0.792752 0.668379 1.18835
435 0.375579 -0.603825 1.18835
435 0.454804 0.623068 7.47154
435 -0.474059 0.414487 7.47154
435 -0.112751 0.823936 1.18835
435 0.18644 0.0200123 1.18835
435 -0.335164 -0.00584741 1.18835
435 -0.358525 -0.360724 1.18835
435 0.175016 0.305667 1.18835
435 -0.587575 -0.360644 7.47154
435 0.267166 -0.387202 7.47154
435 0.334598 0.983774 1.18835
435 0.214896 1.01312 1.18835
435 -0.95874 0.0752625 7.47154
435 -0.0270538 -0.294578 1.18835
435 -0.0267087 0.338915 7.47154
435 -0.229065 -0.671125 7.47154
435 -0.0121102 -0.958811 7.47154
435 0.189782 -0.691665 7.47154
435 0.681352 0.0638192 1.18835
435 -0.191441 0.311399 1.18835
435 -0.614227 0.381242 7.47154
435 -0.601745 0.476326 7.47154
435 0.632383 -0.6523 1.18835
435 0.0424292 0.263601 7.47154
435 -0.615431 0.580946 7.47154
435 -1.01025 -0.089356 7.47154
435 0.634976 0.510246 1.18835
435 0.284724 -0.231718 1.18835
435 -0.666063 0.185533 1.18835
435 -0.171118 0.697994 1.18835
435 0.361623 -0.351883 1.18835
435 -0.43865 -0.411337 7.47154
435 -0.44753 0.267132 1.18835
435 -0.199808 0.612318 7.47154
435 0.285326 0.82689 7.47154
435 0.817002 0.0533805 1.18835
435 -0.529359 0.42023 1.18835
435 0.472353 -0.36546 1.18835
435 0.197841 -0.2737 1.18835
435 -0.477836 0.65484 1.18835
435 0.272924 0.00678067 1.18835
435 -0.350089 -0.0591777 7.47154
435 0.431996 -0.17328 1.18835
435 0.0843835 0.774705 1.18835
435 -0.988146 -0.226859 1.18835
435 -0.248743 -0.624688 1.18835
435 0.632576 -0.183086 1.18835
435 0.0899488 -1.00773 1.18835
435 -0.445145 0.100198 1.18835
435 -0.0836106 -0.119842 1.18835
435 0.518857 -0.555903 1.18835
435 -0.125735 0.105178 1.18835
435 0.932948 0.288222 1.18835
435 0.581984 -0.0541429 1.18835
435 -0.714445 0.0871743 1.18835
435 0.490124 0.240097 1.18835
435 0.148701 0.348985 1.18835
435 0.729739 0.653143 7.47154
435 -0.675286 -0.318889 1.18835
435 0.31709 -0.589319 1.18835
435 0.0217353 -1.01071 7.47154
435 0.559368 0.87487 1.18835
435 -0.946197 -0.356258 1.18835
435 -0.607773 -0.630146 1.18835
435 -0.356963 0.0811948 1.18835
435 -0.383562 -0.874884 7.47154
435 -0.0229856 0.447982 1.18835
435 -0.167551 -0.052157 1.18835
435 -0.378741 -0.167986 1.18835
435 0.291331 0.885388 1.18835
435 0.121761 -0.786341 7.47154
435 -0.412622 -0.129058 1.18835
435 -0.6626 -0.0123674 1.18835
435 0.978242 0.0524656 1.18835
435 -0.512815 -0.00612917 1.18835
435 0.200064 -0.171425 7.47154
435 -0.110763 0.500118 7.47154
435 0.397109 -0.513896 7.47154
435 -0.220245 -0.0625334 7.47154
435 -0.212944 -0.721686 7.47154
435 0.0140826 0.365916 7.47154
435 -0.14068 0.31201 1.18835
435 0.725136 0.484913 1.18835
435 0.282256 0.454584 7.47154
435 -0.855947 -0.423261 1.18835
435 0.328049 -0.453943 1.18835
435 -0.157856 -0.0015399 7.47154
435 -0.128352 -0.488889 1.18835
435 -0.329298 -0.69079 7.47154
435 -0.277933 0.194324 1.18835
435 -0.108061 0.445218 1.18835
435 0.12193 -0.629664 1.18835
435 -0.0471018 -1.00947 1.18835
435 -0.861581 -0.107046 1.18835
435 0.151958 0.0967246 1.18835
435 -0.45483 0.187405 1.18835
435 -0.0547962 0.166228 1.18835
435 0.0794837 0.720783 1.18835
435 0.673758 -0.61401 1.18835
435 -0.810758 0.248746 1.18835
435 0.291102 -0.180298 7.47154
435 0.764016 -0.254923 1.18835
435 0.253892 0.18996 1.18835
435 0.925366 -0.0406788 1.18835
435 -0.0809616 -0.0712176 1.18835
435 0.0517406 0.339209 1.18835
435 0.331921 -0.639299 7.47154
435 0.0466288 0.982164 7.47154
435 -0.887904 0.366923 1.18835
435 0.871095 -0.535319 1.18835
435 0.118295 -0.952018 7.47154
435 0.712447 0.108193 7.47154
435 0.689205 0.696431 1.18835
435 0.348286 0.583328 1.18835
435 -0.0161297 0.787283 7.47154
435 -0.355854 0.492333 1.18835
435 0.28718 -0.489393 7.47154
435 0.447548 0.27168 1.18835
435 -0.44023 -0.595972 7.47154
435 0.779216 0.50239 1.18835
435 -0.0239246 0.125963 7.47154
435 -0.537106 -0.199484 1.18835
435 -0.282532 -0.130851 1.18835
435 0.64264 0.246129 1.18835
435 -0.266324 0.670281 1.18835
435 -0.829494 -0.00565373 7.47154
435 0.53718 -0.461993 1.18835
435 0.854692 -0.324736 1.18835
435 -0.620811 -0.314553 1.18835
435 0.532957 0.209163 1.18835
435 0.172163 0.218302 1.18835
435 0.20038 -0.88565 1.18835
435 -0.631193 0.331108 1.18835
435 -0.883141 -0.202886 1.18835
435 1.03265 0.0201078 1.18835
435 0.276419 0.059461 1.18835
435 0.606536 0.333378 1.18835
435 0.124852 0.217139 7.47154
435 0.614701 0.620687 7.47154
435 0.45411 -0.527393 7.47154
435 -0.760358 -0.473833 1.18835
435 0.054209 -0.106249 1.18835
435 -0.0813397 -0.504822 7.47154
435 0.0082334 0.0838298 1.18835
435 -0.294463 0.145987 1.18835
435 -0.344928 -0.206258 1.18835
435 -0.0079996 -0.85353 1.18835
435 -0.696842 0.665363 7.47154
435 -0.764374 0.468907 1.18835
435 -0.719626 0.727547 7.47154
435 0.152498 -0.250047 1.18835
435 0.584846 0.717657 7.47154
435 0.96385 -0.137255 1.18835
435 -0.345662 0.134485 7.47154
435 -0.0770425 0.318342 1.18835
435 0.06242 0.505852 1.18835
435 -0.321389 0.31606 1.18835
435 -0.549615 -0.107141 7.47154
435 0.450684 0.0334243 1.18835
435 0.631071 -0.427583 1.18835
435 -0.118543 -0.688993 1.18835
435 -0.207982 0.123346 1.18835
435 0.0195333 0.589648 1.18835
435 -0.530871 0.133965 1.18835
435 -0.204504 -0.0146306 7.47154
435 0.495884 -0.289348 1.18835
435 -1.00152 -0.157887 7.47154
435 -0.414968 0.880597 1.18835
435 -0.410307 0.945498 1.18835
435 -0.555885 -0.405883 7.47154
435 -0.411673 -0.268797 1.18835
435 -0.485989 -0.754056 1.18835
435 -0.531354 -0.0572718 1.18835
435 -0.500696 -0.238884 1.18835
435 -0.41145 0.502183 1.18835
435 -0.919839 -0.417845 1.18835
435 -0.220431 -0.30399 7.47154
435 -0.12261 -0.256085 7.47154
435 0.0963277 -0.725583 1.18835
435 0.0125258 -0.753516 1.18835
435 -0.0686595 0.369653 1.18835
435 -0.78055 0.576545 1.18835
435 0.0541023 -0.957143 1.18835
435 0.417734 0.11923 1.18835
435 -0.676661 -0.670664 1.18835
435 -0.22279 0.0737343 1.18835
435 -0.322853 0.534884 1.18835
435 0.725189 -0.0694904 1.18835
435 -0.433505 -0.710817 1.18835
435 0.493484 -0.702045 1.18835
435 0.634194 -0.132162 1.18835
435 -0.152011 -0.128512 1.18835
435 -0.788705 -0.324223 1.18835
435 0.543968 0.259041 1.18835
435 -0.106144 1.03185 1.18835
435 0.14686 0.444937 1.18835
435 -0.214003 0.666336 1.18835
435 -0.381463 -0.743566 1.18835
435 0.0985736 -0.0264618 1.18835
435 0.933586 0.452008 1.18835
435 -0.193736 -0.43557 1.18835
435 0.0995982 -0.131306 7.47154
435 0.0323488 -0.35748 1.18835
435 0.176743 0.716632 7.47154
435 0.389767 0.95713 1.18835
435 -0.122523 0.773385 7.47154
435 -0.475094 0.318294 1.18835
435 -0.369858 0.0311835 1.18835
435 -0.0762698 -0.953496 7.47154
435 0.903187 0.511007 7.47154
435 0.974039 -0.0762959 1.18835
435 0.645813 0.738162 1.18835
435 0.53492 -0.083946 1.18835
435 0.157937 -0.999905 1.18835
435 0.0183363 0.026162 1.18835
435 -0.757026 -0.575638 7.47154
435 0.364051 0.0454659 1.18835
435 0.485065 0.534553 1.18835
435 -0.0570449 -0.606252 7.47154
435 -0.288734 0.578655 7.47154
435 0.315396 -0.311286 1.18835
435 0.727543 0.0429939 1.18835
435 0.0100865 -0.0763641 1.18835
435 -0.663874 -0.518716 7.47154
435 0.138868 -0.893037 7.47154
435 0.183143 -0.0313147 1.18835
435 -0.417292 0.217362 1.18835
435 -0.770847 0.0894008 1.18835
435 -0.312289 -0.274585 7.47154
435 -0.591579 -0.208854 1.18835
435 -0.0635977 -0.372776 1.18835
435 0.603196 -0.285284 1.18835
435 0.686676 -0.426272 1.18835
435 -0.0665533 0.984161 7.47154
435 -0.871184 0.427459 1.18835
435 -0.331967 0.441304 1.18835
435 -0.11412 0.351621 1.18835
435 -0.968788 -0.292717 1.18835
435 -0.616832 0.74482 1.18835
435 -0.740715 0.0384133 1.18835
435 0.455847 0.322501 1.18835
435 -0.525852 -0.452531 1.18835
435 -0.55151 -0.505054 1.18835
435 0.0180995 -0.60417 7.47154
435 -0.858155 0.040572 7.47154
435 0.527196 -0.187639 1.18835
435 0.478402 0.732247 1.18835
435 0.50152 -0.507149 1.18835
435 -0.174898 -0.483643 7.47154
435 -0.739212 0.625213 7.47154
435 0.630879 -0.581232 7.47154
435 -0.246741 -0.442953 1.18835
435 -0.00471701 0.17387 1.18835
435 -0.990237 0.240603 7.47154
435 0.563904 0.126511 1.18835
435 -0.355541 -0.547496 7.47154
435 -0.273369 -0.697854 7.47154
435 -0.521968 0.518677 7.47154
435 0.599417 0.77638 1.18835
435 -0.317354 -0.0966633 1.18835
435 0.223022 -0.0650877 1.18835
435 0.575399 -0.568886 1.18835
435 0.263593 0.65113 1.18835
435 -0.727382 -0.521403 1.18835
435 0.113113 0.584017 7.47154
435 -0.45691 0.603167 1.18835
435 0.397723 -0.0405618 7.47154
435 -0.635102 0.134199 1.18835
435 -0.226564 0.721777 7.47154
435 -0.0233187 -0.644718 7.47154
435 -0.296726 -0.64416 7.47154
435 0.671964 -0.533105 1.18835
435 0.769532 0.382043 1.18835
435 0.233717 0.383199 1.18835
435 0.558845 -0.514206 1.18835
435 -0.189487 0.0369388 7.47154
435 0.205538 -0.122921 7.47154
435 -0.519917 0.0422669 1.18835
435 -0.398867 0.59295 1.18835
435 0.803854 -0.142865 1.18835
435 0.707662 0.591943 1.18835
435 0.816929 -0.0768235 1.18835
435 0.185963 -0.453834 1.18835
435 -0.289522 -0.799048 1.18835
435 0.152971 0.263031 7.47154
435 -0.842218 -0.163383 7.47154
435 -0.783136 -0.635115 7.47154
435 0.76877 -0.102499 1.18835
435 0.301246 -0.539954 1.18835
435 -0.192781 0.172776 1.18835
435 0.368665 -0.402246 1.18835
435 -0.554162 -0.250282 7.47154
435 -0.303167 0.926627 7.47154
435 0.236147 -0.663475 1.18835
435 0.340508 0.851904 7.47154
435 -0.516645 -0.150079 7.47154
435 0.489501 0.788492 1.18835
435 0.0700948 -0.772813 1.18835
435 -0.445656 0.751671 1.18835
435 0.653146 0.572594 1.18835
435 -0.659693 -0.617201 7.47154
435 -0.675054 -0.165993 7.47154
435 -0.446275 -0.229239 1.18835
435 0.616915 0.144269 1.18835
435 0.232404 0.0394109 1.18835
435 -0.0195503 0.677325 1.18835
435 0.195076 0.833752 7.47154
435 0.0284025 0.69943 1.18835
435 0.0617076 0.391029 1.18835
435 0.00986158 -0.489788 7.47154
435 0.979781 0.333632 1.18835
435 -0.0684718 0.418953 1.18835
435 0.69092 -0.322069 1.18835
435 -0.206492 -0.201549 7.47154
435 0.734507 -0.629709 1.18835
435 -0.755531 -0.114996 1.18835
435 0.621174 0.44856 7.47154
435 0.937705 -0.257277 1.18835
435 -0.602985 -0.262677 7.47154
435 0.66121 0.408827 7.47154
435 0.324449 0.731155 7.47154
435 0.498206 0.588557 1.18835
435 -0.198391 0.470099 1.18835
435 -0.868399 -0.258379 1.18835
435 0.501027 0.846424 1.18835
435 0.121703 0.30736 7.47154
435 -0.411393 -0.646164 7.47154
435 -0.782703 0.296017 7.47154
435 0.306208 0.617534 1.18835
435 -0.482205 -0.190054 1.18835
435 0.711911 0.425441 1.18835
435 -0.179897 -0.992465 7.47154
435 -0.425241 0.150358 7.47154
435 0.112923 -0.57761 7.47154
435 -0.113857 0.673248 1.18835
435 0.760805 0.131532 1.18835
435 -0.436987 0.695586 7.47154
435 0.11389 0.978038 1.18835
435 0.512302 0.642173 1.18835
435 0.499882 0.290373 1.18835
435 -0.32271 -0.900289 1.18835
435 -0.245464 0.945116 1.18835
435 0.323277 0.0778301 1.18835
435 0.65886 0.353247 7.47154
435 0.0732962 0.299853 7.47154
435 0.372587 -0.245378 7.47154
435 -0.882209 0.217291 1.18835
435 0.29736 0.21439 1.18835
435 -0.824816 -0.476241 1.18835
435 0.0289042 -0.656646 1.18835
435 -0.198573 0.900398 1.18835
435 -0.848547 -0.31786 1.18835
435 -0.0762218 0.929952 1.18835
435 0.570974 0.660708 1.18835
435 0.0964554 -0.0794633 1.18835
435 -0.0280128 -0.00206809 7.47154
435 -0.821177 -0.583714 1.18835
435 0.189633 0.125863 1.18835
435 -0.93158 0.417969 1.18835
435 0.773154 -0.47826 7.47154
435 0.804629 -0.430104 1.18835
435 0.156887 0.552597 1.18835
435 -0.557426 0.722092 1.18835
435 -0.724937 0.566131 7.47154
435 0.448207 0.880804 1.18835
435 0.769726 -0.382047 1.18835
435 -0.0734051 -0.175918 1.18835
435 0.155386 -0.54063 1.18835
435 -0.258282 0.109936 1.18835
435 0.208046 -0.560279 1.18835
435 -0.47153 -0.450929 7.47154
435 0.27013 -0.286758 1.18835
435 -0.365711 0.220768 1.18835
435 -0.266677 0.825505 1.18835
435 0.701366 0.313917 1.18835
435 0.111412 -0.281106 1.18835
435 0.421081 0.713637 1.18835
435 -0.121204 -0.0387049 1.18835
435 0.233448 0.94102 1.18835
435 0.472238 -0.580781 1.18835
435 -0.441918 0.458909 7.47154
435 0.0095597 -0.124717 1.18835
435 0.752743 0.32847 1.18835
435 0.355667 0.28533 1.18835
435 -0.607082 -0.511471 1.18835
435 -0.0858247 -0.646489 1.18835
435 -0.575161 0.528771 7.47154
435 0.218042 0.221734 1.18835
435 0.0835468 -0.901896 1.18835
435 0.462432 0.373929 7.47154
435 0.178042 -0.399898 1.18835
435 -0.55626 -0.609481 1.18835
435 0.374044 -0.891489 1.18835
435 0.264271 -0.335475 1.18835
435 -0.321915 0.802603 1.18835
435 0.219958 -0.832279 1.18835
435 0.439419 0.825063 7.47154
435 0.404255 0.0125053 1.18835
435 0.772363 -0.580659 1.18835
435 -0.330674 0.182475 7.47154
435 -0.433516 -0.772702 1.18835
435 0.220424 0.684252 1.18835
435 0.205611 0.574009 1.18835
435 0.454321 -0.317594 1.18835
435 -0.137886 -0.784129 1.18835
435 -0.552245 0.0854148 1.18835
435 1.02395 -0.113677 1.18835
435 -0.160338 0.268065 1.18835
435 0.312197 -0.358811 7.47154
435 -0.127872 0.971475 1.18835
435 -0.638175 -0.464557 7.47154
435 -0.732832 0.335863 1.18835
435 -0.170879 -0.285079 1.18835
435 -0.428922 -0.180244 1.18835
435 0.0205317 -0.219335 1.18835
435 -0.312691 -0.740209 1.18835
435 -0.164639 0.358541 1.18835
435 0.840829 0.512267 1.18835
435 0.658182 -0.276173 7.47154
435 -0.579879 0.327994 7.47154
435 0.424641 0.460108 1.18835
435 -0.0284834 -0.197718 7.47154
435 -0.142596 0.189887 7.47154
435 0.0631085 -0.564795 1.18835
435 0.290591 -0.971794 1.18835
435 0.139983 -0.106577 1.18835
435 -0.586785 0.230432 1.18835
435 0.787514 0.229599 1.18835
435 -0.120981 0.723625 1.18835
435 0.432542 0.51426 1.18835
435 -0.0213016 -0.574116 1.18835
435 0.380879 -0.192269 1.18835
435 -0.115065 -0.154711 1.18835
435 0.313127 0.317719 7.47154
435 0.0155186 0.919983 1.18835
435 0.822723 -0.0116652 7.47154
435 -0.301965 -0.539207 1.18835
435 -0.185593 -0.0963782 1.18835
435 0.291208 0.159451 7.47154
435 0.725701 0.168658 1.18835
435 -0.00745699 0.256463 1.18835
435 -0.69267 -0.729974 1.18835
435 0.346088 0.916064 1.18835
435 0.29676 -0.12998 1.18835
435 0.629584 0.678746 1.18835
