970 0.349684 0.233748 7.47154
970 -0.075521 -0.227067 1.18835
970 0.390472 -0.0915468 1.18835
970 -0.24079 0.159497 1.18835
970 0.241991 -0.775834 7.47154
970 -1.01553 -0.0234185 1.18835
970 -0.465613 0.00918087 7.47154
970 -0.328651 -0.147954 1.18835
970 0.188798 0.408732 1.18835
970 0.556251 0.608208 7.47154
970 0.153769 0.493022 1.18835
970 -0.159966 0.488063 1.18835
970 0.834212 -0.383502 7.47154
970 -0.0998478 -0.896044 7.47154
970 0.111502 0.131289 1.18835
970 -0.802005 0.633014 1.18835
970 -0.909735 0.0430827 7.47154
970 -0.336201 0.742346 7.47154
970 -0.881104 -0.364211 1.18835
970 0.612603 -0.525724 7.47154
970 -1.01494 0.0442588 7.47154
970 0.155815 -0.841132 1.18835
970 0.869143 -0.433392 1.18835
970 -0.668932 -0.41936 7.47154
970 0.020109 -0.54435 1.18835
970 1.02155 0.145469 1.18835
970 0.888221 0.245239 7.47154
970 0.335044 -0.159612 7.47154
970 0.0173895 0.474924 7.47154
970 1.01275 -0.182216 7.47154
970 0.030037 0.238091 1.18835
970 0.289188 0.943592 1.18835
970 -0.323878 -0.59272 7.47154
970 -0.273343 -0.577789 1.18835
970 -0.757817 0.235651 1.18835
970 0.872878 -0.274451 1.18835
970 0.399845 0.605557 1.18835
970 -0.370263 0.645558 1.18835
970 0.862629 0.0966723 1.18835
970 -0.334881 -0.401595 1.18835
970 0.0279853 0.807154 1.18835
970 0.0273387 0.86307 1.18835
970 0.117053 0.182148 7.47154
970 -0.308522 0.485077 1.18835
970 -0.0780251 -0.275928 1.18835
970 0.599255 0.568179 1.18835
970 0.332485 -0.796822 7.47154
970 0.438402 -0.0717532 1.18835
970 -0.391503 -0.21662 1.18835
970 -0.972481 0.301864 1.18835
970 -0.956765 -0.120397 1.18835
970 0.576909 -0.163598 1.18835
970 -0.564256 0.576049 1.18835
970 0.957967 -0.367516 1.18835
970 0.0300928 0.191359 1.18835
970 -0.189567 -0.625215 7.47154
970 -0.599692 -0.114138 7.47154
970 0.0596962 0.445583 1.18835
970 0.244287 -0.92816 1.18835
970 -0.122636 -0.304111 1.18835
970 0.713512 0.377661 1.18835
970 0.682641 0.212474 1.18835
970 0.758613 0.281269 1.18835
970 -0.631269 -0.694205 1.18835
970 -0.910641 0.315889 7.47154
970 -0.962131 0.010661 1.18835
970 -0.633356 -0.266796 1.18835
970 0.213716 0.627412 1.18835
970 0.728794 -0.018916 7.47154
970 0.545498 -0.314203 1.18835
970 -0.174827 0.750836 7.47154
970 -0.595067 -0.740428 7.47154
970 0.678013 -0.167265 1.18835
970 0.368978 0.388186 7.47154
970 0.433305 0.170191 1.18835
970 -0.222826 0.346064 1.18835
970 0.806969 0.559036 1.18835
970 -0.120402 -0.839008 1.18835
970 -0.52299 -0.561057 1.18835
970 -0.743303 0.134752 7.47154
970 0.739943 -0.432995 1.18835
970 -0.649428 -0.765699 1.18835
970 0.833678 0.617294 1.18835
970 -0.572221 -0.161146 1.18835
970 -0.364931 0.846917 1.18835
970 0.233911 -0.250839 1.18835
970 0.830888 -0.593883 1.18835
970 0.41805 -0.223377 1.18835
970 0.221274 -0.605932 1.18835
970 -0.384528 0.547146 1.18835
970 0.0222185 0.528876 7.47154
970 0.215735 -0.313511 1.18835
970 -0.926035 -0.248963 1.18835
970 0.539944 -0.730443 1.18835
970 0.0709269 0.160618 1.18835
970 0.387791 -0.464093 7.47154
970 -0.213576 -0.572027 1.18835
970 -0.243187 -0.978638 1.18835
970 0.274198 1.0004 1.18835
970 0.170306 0.658928 1.18835
970 -0.360833 -0.449798 1.18835
970 -0.496128 -0.320288 7.47154
970 -0.457668 -0.653535 1.18835
970 -0.265603 -0.0768198 1.18835
970 0.337562 -0.691367 1.18835
970 -0.610698 -0.416799 1.18835
970 -0.128917 -0.539242 1.18835
970 -0.65839 0.0837881 1.18835
970 0.262342 -0.870692 1.18835
970 -0.25243 -0.215807 1.18835
970 -0.779094 0.183775 1.18835
970 -0.244174 -0.531429 1.18835
970 0.748022 -0.694188 7.47154
970 -0.417228 0.815585 1.18835
970 0.278147 0.399754 7.47154
970 0.106585 0.469307 1.18835
970 0.689361 0.53268 1.18835
970 -0.396828 0.35836 1.18835
970 0.445817 -0.0191961 7.47154
970 -0.078171 0.20068 1.18835
970 -0.353257 0.592211 7.47154
970 0.101756 0.0292971 7.47154
970 -0.174045 0.221175 1.18835
970 0.0204438 -0.908164 7.47154
970 0.0331213 -0.806334 7.47154
970 -0.224059 0.208576 1.18835
970 0.549875 0.81313 1.18835
970 0.416163 0.0673049 1.18835
970 -0.166153 -0.386982 7.47154
970 0.389827 0.881239 1.18835
970 -0.67365 0.282177 1.18835
970 -0.231331 -0.11226 1.18835
970 -0.493295 0.462053 7.47154
970 -0.530912 0.322276 1.18835
970 -0.306483 0.0988502 1.18835
970 0.475006 0.481784 7.47154
970 0.0251746 1.03562 7.47154
970 0.323356 -0.401325 1.18835
970 0.107957 -0.522859 1.18835
970 0.829165 -0.234391 1.18835
970 0.300689 -0.0798426 7.47154
970 -0.655205 0.487945 7.47154
970 -0.49253 -0.607907 1.18835
970 0.347575 -0.501225 7.47154
970 0.0630853 8.54366e-05 7.47154
970 0.92611 0.0187983 1.18835
970 0.612131 0.391431 7.47154
970 -0.836207 0.181392 1.18835
970 0.340368 0.529312 7.47154
970 -0.684962 -0.0658581 7.47154
970 0.0601048 -0.204253 1.18835
970 0.44382 -0.738698 7.47154
970 -0.306323 -0.445099 1.18835
970 0.795928 0.17653 1.18835
970 0.50759 0.342453 7.47154
970 0.851236 0.156736 1.18835
970 -0.385939 -0.501027 7.47154
970 0.179849 0.773333 1.18835
970 -0.404862 0.74961 1.18835
970 -0.891294 -0.471834 7.47154
970 -0.256158 -0.756433 7.47154
970 0.342519 0.18289 1.18835
970 -0.682044 0.0354463 7.47154
970 -0.461055 0.057599 1.18835
970 -0.633577 0.431452 1.18835
970 0.199696 -0.501832 1.18835
970 0.225499 0.741677 1.18835
970 0.85919 0.0399006 1.18835
970 -0.15539 0.594493 7.47154
970 -0.583222 0.132636 1.18835
970 -0.0206394 0.558884 1.18835
970 -0.17728 -0.828785 1.18835
970 -0.440682 -0.315925 1.18835
970 -0.159429 -0.179707 7.47154
970 0.244349 -0.149077 7.47154
970 -0.687328 -0.270004 1.18835
970 -0.608348 -0.0126622 1.18835
970 -0.618126 0.535165 7.47154
970 0.0661924 0.108344 7.47154
970 -0.802582 -0.269219 7.47154
970 -0.21763 -0.873611 7.47154
970 -0.441288 -0.504834 1.18835
970 0.315244 -0.024781 7.47154
970 -0.791352 -0.420879 7.47154
970 -0.315576 0.634401 1.18835
970 0.504521 -0.348391 1.18835
970 0.537908 -0.663811 1.18835
970 0.916074 -0.318776 1.18835
970 -0.519268 -0.660174 7.47154
970 0.46834 -0.396424 7.47154
970 -0.256597 0.479803 1.18835
970 -0.680503 0.767624 7.47154
970 -0.763851 -0.014829 1.18835
970 0.871084 0.564653 7.47154
970 0.68628 -0.677719 1.18835
970 0.147363 -0.200105 1.18835
970 -0.0605907 -0.692819 7.47154
970 0.422702 -0.924066 1.18835
970 -0.063906 -0.846742 7.47154
970 -0.282865 0.720253 1.18835
970 0.442759 0.571136 7.47154
970 -0.410917 -0.550463 1.18835
970 -0.24939 0.569823 1.18835
970 -0.255368 -0.350868 7.47154
970 -0.773249 0.392492 7.47154
970 0.801528 -0.536167 1.18835
970 -0.0225399 0.214875 1.18835
970 -0.253851 0.888255 1.18835
970 -0.477335 0.142665 1.18835
970 -0.146029 -0.435219 7.47154
970 -0.571857 0.0390032 1.18835
970 -0.546703 -0.78093 7.47154
970 -0.632471 -0.0649397 1.18835
970 -0.799487 0.129922 1.18835
970 0.218969 -0.364754 1.18835
970 -0.381198 -0.597255 1.18835
970 -0.739664 -0.065748 7.47154
970 -0.63962 -0.369179 1.18835
970 0.270134 0.70852 1.18835
970 0.474785 0.137977 1.18835
970 0.63041 0.194791 1.18835
970 -0.837471 0.585932 1.18835
970 0.432133 -0.862374 1.18835
970 -0.897871 0.163069 1.18835
970 0.998089 -0.245395 7.47154
970 0.712097 -0.261405 1.18835
970 0.651867 -0.781967 1.18835
970 -0.0774434 0.870663 1.18835
970 0.518813 0.447249 1.18835
970 -0.723799 -0.622347 1.18835
970 0.471045 -0.202143 1.18835
970 -0.280668 -0.397812 1.18835
970 -0.06448 0.643538 1.18835
970 0.158104 0.152953 7.47154
970 -0.0721642 0.479424 1.18835
970 0.594581 -0.472078 7.47154
970 0.442388 -0.481905 1.18835
970 0.440442 -0.801498 7.47154
970 0.960959 0.167921 1.18835
970 0.271999 0.347408 7.47154
970 -0.0696098 0.751283 1.18835
970 0.326413 0.420785 1.18835
970 0.381632 -0.830604 1.18835
970 0.148485 -0.485124 7.47154
970 -0.853666 0.126636 1.18835
970 -0.171278 0.434734 1.18835
970 0.145721 -0.736347 7.47154
970 0.143081 -0.0527037 1.18835
970 -0.172465 0.0874429 1.18835
970 -0.509736 0.184089 7.47154
970 -0.468843 0.859158 7.47154
970 -0.000431744 -0.440957 1.18835
970 0.11183 0.523445 1.18835
970 -0.645525 0.231994 7.47154
970 0.481865 -0.103765 1.18835
970 0.240178 -0.467549 7.47154
970 0.746174 0.548323 1.18835
970 -0.497017 0.0937379 1.18835
970 -0.46733 -0.273293 1.18835
970 -0.155919 0.138487 7.47154
970 0.67263 -0.375818 1.18835
970 0.11475 -0.332821 1.18835
970 0.0917814 1.03366 7.47154
970 0.0732503 0.608508 1.18835
970 -0.539584 -0.719103 1.18835
970 0.868967 -0.066704 1.18835
970 0.524474 0.699251 7.47154
970 0.25946 0.244929 1.18835
970 -0.554384 -0.32085 1.18835
970 -0.0341925 -0.146634 1.18835
970 -0.361119 -0.257685 1.18835
970 -0.350217 -0.640491 1.18835
970 0.441471 0.221115 1.18835
970 0.177058 -0.791281 1.18835
970 0.230795 -0.00799746 7.47154
970 -0.696183 -0.568472 1.18835
970 -0.113175 -1.00302 7.47154
970 0.0130032 0.422213 1.18835
970 0.696906 0.268629 1.18835
970 0.0280504 0.638914 1.18835
970 -0.179936 0.959968 7.47154
970 0.250745 -0.100003 1.18835
970 -0.555218 0.371765 7.47154
970 0.335416 0.131913 1.18835
970 0.541135 0.554981 7.47154
970 -0.434429 -0.909375 7.47154
970 0.12889 0.745772 1.18835
970 0.97965 -0.307058 7.47154
970 -0.544744 0.667967 1.18835
970 -0.118697 -0.205964 1.18835
970 0.287959 0.112502 1.18835
970 0.319748 -0.260648 1.18835
970 -0.22942 0.430036 1.18835
970 -0.615529 0.181747 1.18835
970 -0.469621 -0.364603 7.47154
970 -0.0193619 0.724371 7.47154
970 -0.387086 0.451884 7.47154
970 0.0615445 -0.259086 1.18835
970 0.877935 -0.00966425 1.18835
970 0.674527 0.159872 7.47154
970 0.901719 -0.486468 7.47154
970 0.519453 -0.405944 1.18835
970 0.568176 -0.213699 7.47154
970 0.251781 -0.51926 1.18835
970 0.35701 0.64097 1.18835
970 -0.138131 -0.636462 1.18835
970 0.895083 -0.375727 7.47154
970 -0.700803 0.234911 1.18835
970 0.390541 0.550472 7.47154
970 -0.943767 -0.186216 1.18835
970 -0.0687531 -0.0207947 1.18835
970 -0.0749718 -0.554588 1.18835
970 0.217844 0.275173 1.18835
970 -0.281679 0.433826 1.18835
970 -0.800242 0.337611 1.18835
970 0.176956 -0.639121 1.18835
970 0.635331 -0.00701784 1.18835
970 -0.137829 -0.944634 1.18835
970 -0.158892 -0.886325 1.18835
970 0.428991 -0.62234 1.18835
970 0.3843 -0.657065 1.18835
970 0.4125 0.35564 1.18835
970 0.286761 -0.681277 1.18835
970 0.890758 -0.219085 1.18835
970 0.228297 -0.416587 7.47154
970 -0.0426757 -0.745045 1.18835
970 0.0575931 -0.153851 1.18835
970 0.492405 -0.767017 1.18835
970 0.841755 0.215177 7.47154
970 -0.309564 -0.354722 1.18835
970 -0.579158 0.423436 1.18835
970 0.646539 -0.327201 1.18835
970 -0.502314 0.7078 1.18835
970 -0.492195 -0.815437 7.47154
970 0.704943 -0.57662 1.18835
970 -0.133454 0.404269 1.18835
970 0.427387 -0.429903 1.18835
970 -0.806606 -0.117593 1.18835
970 -0.673263 0.54473 1.18835
970 0.566605 0.415537 7.47154
970 0.360161 -0.300292 7.47154
970 0.917186 0.340766 1.18835
970 0.279867 -0.81343 7.47154
970 0.527071 0.501589 1.18835
970 -0.0190542 0.613561 1.18835
970 -0.24166 0.299529 7.47154
970 0.265865 0.295915 1.18835
970 -0.333255 -0.493971 1.18835
970 -0.869374 0.535803 1.18835
970 -0.417404 0.0211708 7.47154
970 -0.525896 -0.366168 1.18835
970 -0.448407 0.360564 1.18835
970 0.791758 -0.64503 7.47154
970 0.685135 0.0140063 7.47154
970 -0.56255 0.276935 1.18835
970 0.758736 0.0819815 7.47154
970 0.0846385 0.93767 7.47154
970 0.0600969 -0.508489 1.18835
970 0.102272 -0.229303 1.18835
970 0.791805 -0.339046 7.47154
970 0.444699 0.939737 1.18835
970 0.439295 -0.67842 7.47154
970 -0.696594 -0.370738 1.18835
970 0.484902 -0.893492 1.18835
970 -0.699026 -0.469599 7.47154
970 0.341891 -0.109917 7.47154
970 -0.29264 -0.179705 1.18835
970 0.374367 0.756198 1.18835
970 0.909608 0.132406 7.47154
970 0.701059 -0.739666 1.18835
970 -0.901295 -0.143768 1.18835
970 0.013003 -0.173281 1.18835
970 -0.388258 -0.309177 7.47154
970 0.190797 0.893892 1.18835
970 0.411307 -0.379063 1.18835
970 0.785863 -0.198146 7.47154
970 -0.579689 -0.56739 7.47154
970 0.100498 0.415597 1.18835
970 -0.288004 0.282458 1.18835
970 -0.743439 -0.271909 1.18835
970 -0.633692 0.809305 1.18835
970 -0.730346 -0.170116 1.18835
970 -0.92369 0.259137 1.18835
970 -0.372305 -0.937541 7.47154
970 -0.506965 0.275467 1.18835
970 -0.163957 -0.33127 1.18835
970 -0.308667 0.233385 1.18835
970 -0.794409 -0.522901 1.18835
970 0.0819285 -0.667256 7.47154
970 -0.196727 -0.147222 7.47154
970 0.904914 -0.161993 1.18835
970 0.34264 -0.743349 1.18835
970 0.0606324 0.0579607 7.47154
970 -0.025839 -0.345941 1.18835
970 -0.688064 0.599772 1.18835
970 0.167488 -0.588095 1.18835
970 -0.030385 -0.248351 1.18835
970 0.607251 0.0890553 1.18835
970 -0.728889 -0.420987 1.18835
970 0.276858 0.766384 1.18835
970 -0.109341 -0.403363 1.18835
970 0.320285 0.36804 1.18835
970 -0.85874 -0.0465598 1.18835
970 0.42854 0.770842 1.18835
970 -0.617617 0.279028 7.47154
970 -0.343244 -0.783371 1.18835
970 0.406088 0.304096 7.47154
970 0.486517 -0.0518504 1.18835
970 -0.627046 0.0362245 7.47154
970 0.360998 -0.00556754 1.18835
970 0.246738 0.143734 1.18835
970 -0.0284931 -0.0493367 1.18835
970 -0.199478 -0.932852 1.18835
970 0.393239 -0.712835 7.47154
970 -0.60429 0.0839234 1.18835
970 -1.01066 0.111861 7.47154
970 -0.0233296 0.901286 1.18835
970 -0.72324 0.185633 7.47154
970 0.194019 0.0734174 1.18835
970 -0.768551 0.499975 1.18835
970 -0.689088 0.133831 7.47154
970 0.99826 0.268985 7.47154
970 -0.225815 1.00862 1.18835
970 0.0409597 -0.407888 1.18835
970 -0.559737 -0.00950779 1.18835
970 -0.464711 0.509994 1.18835
970 0.479832 -0.152997 1.18835
970 0.648852 0.301856 1.18835
970 -0.00722084 0.968176 1.18835
970 -0.519971 0.763802 1.18835
970 0.328704 -0.209803 7.47154
970 -0.162288 0.536975 1.18835
970 0.0186204 -0.0259671 1.18835
970 0.322391 0.0284046 1.18835
970 0.774029 -0.0467912 1.18835
970 0.0998151 -0.469196 1.18835
970 -0.357943 0.908456 7.47154
970 -0.372201 0.312185 1.18835
970 -0.907437 -0.0174172 1.18835
970 0.291304 0.507361 1.18835
970 -0.795355 0.0379275 1.18835
970 0.0505859 -0.856955 1.18835
970 -0.440684 -0.844472 7.47154
970 0.893786 0.397201 7.47154
970 -0.7974 -0.0647599 1.18835
970 -0.156071 -0.732028 7.47154
970 0.571939 0.466676 1.18835
970 0.159989 1.02694 7.47154
970 -0.0123111 0.0525933 7.47154
970 -0.276865 0.770325 7.47154
970 -0.225164 -0.484905 1.18835
970 -0.18368 -0.528915 1.18835
970 0.231063 0.800602 1.18835
970 -0.525272 0.887521 1.18835
970 -0.415765 -0.36005 1.18835
970 0.78637 0.0110257 1.18835
970 -0.169576 0.805759 1.18835
970 0.239122 -0.199267 7.47154
970 0.81555 0.452651 1.18835
970 0.151895 -0.151206 7.47154
970 -0.141008 0.0496354 1.18835
970 1.01218 0.207517 7.47154
970 0.323125 -0.85569 7.47154
970 -0.710748 0.495985 7.47154
970 0.951729 -0.202069 1.18835
970 -0.0659931 0.587667 7.47154
970 -0.785921 -0.170973 1.18835
970 0.513241 -0.236963 1.18835
970 0.383831 0.151183 7.47154
970 -0.95131 0.136398 7.47154
970 -1.00122 0.176297 7.47154
970 0.0714868 -0.614738 7.47154
970 0.979156 -0.0144316 1.18835
970 -0.0478508 0.294058 1.18835
970 0.139776 0.917609 1.18835
970 -0.113563 0.561979 1.18835
970 -0.859477 -0.526577 1.18835
970 -0.260093 -0.266088 7.47154
970 0.275114 -0.625038 7.47154
970 -0.234484 -0.815081 7.47154
970 -0.498116 -0.412296 7.47154
970 0.029815 0.749971 1.18835
970 -0.424215 0.647609 1.18835
970 0.0907585 -0.416369 7.47154
970 0.858655 -0.123898 1.18835
970 -0.634386 -0.567959 7.47154
970 -0.382111 0.700217 1.18835
970 0.333069 0.474588 1.18835
970 0.737219 -0.530348 1.18835
970 -0.647654 0.642869 1.18835
970 -0.110209 -0.592559 7.47154
970 0.201392 0.516517 1.18835
970 -0.701988 -0.117539 1.18835
970 -0.650539 -0.116648 1.18835
970 0.191467 -0.221596 1.18835
970 0.855319 0.350637 1.18835
970 0.706732 -0.48324 1.18835
970 0.0938226 0.362753 1.18835
970 0.537009 0.755349 1.18835
970 0.466083 0.67932 1.18835
970 0.329474 0.791649 1.18835
970 -0.235766 0.023542 7.47154
970 -0.6235 -0.166414 1.18835
970 0.281081 -0.433963 7.47154
970 -0.288472 0.992337 7.47154
970 0.932077 -0.42752 1.18835
970 -0.339071 -0.312669 1.18835
970 0.593727 -0.757478 1.18835
970 0.916592 -0.103729 1.18835
970 -0.378716 0.175575 1.18835
970 0.270523 -0.0430508 1.18835
970 -0.562673 0.181545 7.47154
970 -0.389376 -0.4061 1.18835
970 0.135883 0.859623 1.18835
970 0.723147 -0.206688 1.18835
970 -0.156708 0.865158 1.18835
970 -0.837158 0.0751763 1.18835
970 0.0758075 0.211718 7.47154
970 0.81943 0.272584 1.18835
970 -0.581309 -0.0620814 1.18835
970 -0.853642 0.328004 1.18835
970 -0.478689 -0.044092 1.18835
970 0.0990204 -0.835547 1.18835
970 0.770103 0.60728 1.18835
970 -0.0337342 -0.0983764 1.18835
970 -0.211528 0.844649 7.47154
970 0.182463 0.356261 1.18835
970 -0.0991885 0.276216 1.18835
970 -0.276896 0.527523 1.18835
970 -0.582358 0.849892 1.18835
970 -0.278585 -0.489234 7.47154
970 0.666159 -0.096228 7.47154
970 0.531723 -0.135484 1.18835
970 -0.577085 -0.674588 1.18835
970 -0.260611 -0.91831 7.47154
970 -0.276015 -0.858991 1.18835
970 -0.0598056 0.0297325 1.18835
970 -0.492956 -0.87915 1.18835
970 0.0808821 0.827895 1.18835
970 0.837094 -0.487763 7.47154
970 0.376107 0.0998697 7.47154
970 0.181393 -0.940776 1.18835
970 0.610964 0.839301 7.47154
970 -0.024795 -0.798404 1.18835
970 -0.0770316 0.117087 1.18835
970 -0.857376 0.273501 7.47154
970 0.616344 -0.232982 1.18835
970 -0.222787 0.783777 1.18835
970 -0.0605349 0.245025 7.47154
970 0.577807 0.176577 1.18835
970 0.625278 -0.0656495 7.47154
970 0.416321 -0.568648 1.18835
970 -0.250833 -0.0256669 7.47154
970 0.707546 -0.126772 1.18835
970 -0.418414 0.407244 1.18835
970 0.141288 0.385917 7.47154
970 0.183235 0.960408 1.18835
970 0.555633 -0.369884 1.18835
970 -0.581054 -0.464342 7.47154
970 -0.0534523 -0.422041 1.18835
970 -0.502992 0.56496 1.18835
970 0.967765 0.108571 1.18835
970 0.55994 0.363064 1.18835
970 0.597193 0.0357031 1.18835
970 0.900198 0.188847 1.18835
970 0.482927 -0.4477 1.18835
970 0.58372 0.516338 7.47154
970 -0.0476754 0.0808757 1.18835
970 0.418207 0.407955 7.47154
970 0.392097 -0.77247 1.18835
970 -0.459541 -0.13416 7.47154
970 -0.763886 -0.221702 1.18835
970 -0.161196 -0.579868 7.47154
970 -0.827594 0.497853 1.18835
970 -0.381497 -0.0176823 1.18835
970 0.10662 0.0800085 1.18835
970 -0.0404232 -0.903577 1.18835
970 0.307765 0.265023 1.18835
970 -0.253054 0.386236 1.18835
970 0.600101 -0.821801 7.47154
970 -0.0949176 0.0645223 1.18835
970 0.360416 -0.55213 7.47154
970 0.483875 0.18918 1.18835
970 0.734439 0.230763 1.18835
970 -0.243881 -0.164498 1.18835
970 -0.756273 -0.371627 1.18835
970 0.670172 -0.219908 7.47154
970 0.185893 -0.0802537 1.18835
970 0.153961 -0.303057 1.18835
970 -0.329101 0.686963 1.18835
970 0.750125 -0.305882 1.18835
970 0.516062 0.105499 1.18835
970 -0.307641 -0.960833 1.18835
970 0.164971 0.602915 1.18835
970 -0.0119449 -0.392361 1.18835
970 -0.442672 0.55575 1.18835
970 -0.663783 0.383359 1.18835
970 0.17136 -0.34693 1.18835
970 -0.71786 0.389081 7.47154
970 0.66086 0.800596 7.47154
970 -0.482893 0.231802 1.18835
970 -0.576823 0.785235 1.18835
970 0.199531 -0.742427 1.18835
970 -0.414872 -0.455649 7.47154
970 0.375169 0.44133 1.18835
970 -0.11607 0.230788 1.18835
970 0.147581 0.0517808 1.18835
970 0.556404 0.0717503 7.47154
970 -0.942849 0.200843 7.47154
970 0.544266 -0.795204 1.18835
970 -0.299485 -0.0407695 1.18835
970 -0.0247903 0.504193 7.47154
970 0.349707 -0.059583 7.47154
970 -0.524248 -0.277126 7.47154
970 0.872975 0.451521 7.47154
970 0.583397 -0.623326 1.18835
970 0.593707 -0.332841 1.18835
970 -0.466419 -0.556301 7.47154
970 1.03059 -0.0501635 1.18835
970 0.0158724 -0.270514 1.18835
970 -0.284911 0.0109648 1.18835
970 0.845509 -0.180328 1.18835
970 0.236495 0.43113 1.18835
970 -0.205051 -0.350553 1.18835
970 0.640892 -0.718539 7.47154
970 -0.280229 -0.310549 1.18835
970 0.263454 -0.571559 7.47154
970 0.31397 0.675141 1.18835
970 0.245632 -0.713404 7.47154
970 -0.495162 -0.0943837 1.18835
970 0.468091 0.42755 1.18835
970 -0.731812 0.284262 7.47154
970 -0.0309259 -0.523593 7.47154
970 0.544691 -0.859371 7.47154
970 0.224746 -0.987047 7.47154
970 -0.710388 -0.0150438 1.18835
970 -0.110245 0.618142 1.18835
970 -0.367817 0.78662 1.18835
970 -0.00835052 -0.697605 7.47154
970 -0.0770745 -0.326903 1.18835
970 0.40358 -0.326592 1.18835
970 -0.334343 -0.842063 1.18835
970 -0.106635 0.155585 1.18835
970 1.02911 0.083262 1.18835
970 0.103945 -0.177732 1.18835
970 -0.067158 0.807309 7.47154
970 -0.392365 -0.814118 7.47154
970 -0.429629 -0.0312976 1.18835
970 0.0762413 0.663479 1.18835
970 0.52846 -0.606248 7.47154
970 0.384118 -0.142378 1.18835
970 0.0591788 -0.0530518 1.18835
970 0.461421 -0.25136 1.18835
970 -0.585851 0.628029 1.18835
970 -0.305019 0.388471 1.18835
970 0.256358 0.595218 1.18835
970 0.433249 -0.123295 1.18835
970 0.357094 -0.950358 1.18835
970 -0.270344 0.0614154 7.47154
970 -0.349315 0.971674 1.18835
970 0.242945 0.484967 1.18835
970 0.525816 0.157102 7.47154
970 -0.0981043 -0.738998 7.47154
970 -0.301738 -0.227977 1.18835
970 0.949918 0.226464 1.18835
970 0.484173 -0.642895 1.18835
970 -0.163948 1.02111 1.18835
970 0.671191 0.636922 1.18835
970 0.670732 0.473562 7.47154
970 -0.394909 -0.0708033 1.18835
970 -0.526569 0.825371 7.47154
970 0.0692818 0.553525 1.18835
970 0.958733 0.389357 7.47154
970 -0.721568 -0.321819 7.47154
970 0.391535 0.202118 7.47154
970 0.307571 -0.913125 1.18835
970 0.545601 0.0198166 7.47154
970 0.513851 0.394463 1.18835
970 -0.0416206 -0.471898 7.47154
970 -0.369378 -0.699695 1.18835
970 0.138949 -0.432582 1.18835
970 -0.693613 0.33358 1.18835
970 0.553214 0.311457 1.18835
970 -0.52471 0.615223 1.18835
970 -0.195409 0.39253 1.18835
970 0.381746 0.817279 1.18835
970 -0.123102 -0.0880741 1.18835
970 0.651975 -0.48127 1.18835
970 -0.199943 0.571117 1.18835
970 0.223977 0.326298 1.18835
970 0.588821 0.229024 7.47154
970 -0.196702 -0.773585 7.47154
970 -0.207642 0.259482 1.18835
970 0.674788 -0.0412801 1.18835
970 0.811368 0.114872 1.18835
970 0.205339 0.173948 7.47154
970 -0.0337318 0.399993 1.18835
970 0.125545 0.689355 1.18835
970 -0.0681087 0.697512 7.47154
970 0.0783195 -0.365769 1.18835
970 0.46542 0.0865508 1.18835
970 -0.466258 0.92043 1.18835
970 -0.764952 0.679733 1.18835
970 0.597306 0.281627 1.18835
970 -0.163144 0.647244 7.47154
970 0.408397 -0.274422 1.18835
970 -0.602494 -0.807278 7.47154
970 -0.390183 0.120247 1.18835
970 -0.395137 0.264546 1.18835
970 -0.500406 0.364951 1.18835
970 -0.911365 -0.0799846 1.18835
970 -0.0937392 -0.452365 7.47154
970 -0.00102689 0.315936 1.18835
970 0.584875 -0.693253 1.18835
970 0.195116 0.462179 7.47154
970 0.0656454 -0.313009 1.18835
970 0.708122 0.758623 7.47154
970 -0.961954 -0.0523362 1.18835
970 0.762783 0.437531 1.18835
970 -0.831939 0.388753 1.18835
970 -0.666359 0.701677 1.18835
970 -0.470633 0.801189 7.47154
970 -0.0812082 -0.791801 7.47154
970 0.490909 -0.830961 7.47154
970 0.121456 0.633615 1.18835
970 -0.341871 0.270687 1.18835
970 0.57668 -0.419537 1.18835
970 0.0796069 0.260673 7.47154
970 -0.275968 0.341135 1.18835
970 0.143159 0.00112084 1.18835
970 -0.900762 0.0975259 1.18835
970 0.616928 -0.380135 7.47154
970 -0.407084 0.0702461 1.18835
970 -0.166543 -0.23167 1.18835
970 -0.364952 0.403489 1.18835
970 0.129954 -0.380423 7.47154
970 -0.823851 -0.216987 7.47154
970 -0.0671866 0.53404 1.18835
970 -0.652638 -0.217952 1.18835
970 -0.361199 -0.109723 1.18835
970 0.240924 0.0932495 1.18835
970 0.29849 0.562531 7.47154
970 -0.548694 -0.844485 1.18835
970 -0.226387 -0.394651 7.47154
970 -0.904512 -0.30766 7.47154
970 -0.30983 0.867918 1.18835
970 0.534218 -0.0317699 1.18835
970 0.752575 0.714186 7.47154
970 -0.343351 0.359319 7.47154
970 -0.121156 -0.357029 1.18835
970 0.132072 0.802318 1.18835
970 0.556979 -0.263594 1.18835
970 -0.481122 -0.703298 1.18835
970 0.249583 0.539696 7.47154
970 -0.212684 -0.252524 1.18835
970 -0.443479 -0.0838351 1.18835
970 0.0267953 0.137472 1.18835
970 -0.68792 0.439384 7.47154
970 0.586653 -0.0161501 7.47154
970 0.646936 0.0505281 7.47154
970 -0.106527 0.0125245 1.18835
970 0.827223 0.397531 1.18835
970 0.0171837 -0.315962 1.18835
970 0.409977 0.660388 1.18835
970 -0.496402 -0.509223 1.18835
970 -0.129197 0.91164 7.47154
970 0.915374 0.0733678 1.18835
970 0.290047 -0.746097 1.18835
970 0.044362 -0.710274 1.18835
970 -0.547081 0.468338 1.18835
970 0.051113 -0.456832 7.47154
970 -0.802001 0.445018 7.47154
970 -0.818059 -0.36922 1.18835
970 -0.175 -0.678849 7.47154
970 0.505391 0.053607 1.18835
970 0.80936 -0.285706 7.47154
970 0.365979 0.697798 7.47154
970 -0.423973 0.310861 1.18835
970 0.746815 -0.16035 1.18835
970 0.36305 0.336135 1.18835
970 0.382346 0.495564 1.18835
970 0.725629 -0.366634 1.18835
970 0.869864 0.296885 1.18835
970 0.235567 0.862361 1.18835
970 0.584889 -0.113699 7.47154
970 -0.31917 0.0481709 1.18835
970 -0.260923 0.621076 1.18835
970 0.134451 -0.680249 1.18835
970 0.082266 0.882123 1.18835
970 -0.605964 0.68356 7.47154
970 0.399059 0.253026 1.18835
970 -0.218666 0.522232 1.18835
970 0.658177 0.105637 1.18835
970 -0.952827 0.363559 7.47154
970 -0.256316 0.24573 1.18835
970 0.805389 0.327494 7.47154
970 -0.707388 -0.22026 1.18835
970 0.504279 0.909264 7.47154
970 -0.537594 0.229675 1.18835
970 -0.0243198 0.841882 7.47154
970 -0.0342958 1.03441 7.47154
970 0.494285 0.00161564 7.47154
970 -0.899983 0.482529 1.18835
970 -0.743502 -0.682199 7.47154
970 0.794427 0.667139 1.18835
970 0.373196 -0.603712 1.18835
970 0.454405 0.625224 7.47154
970 -0.470855 0.411048 7.47154
970 -0.115359 0.832351 1.18835
970 0.189128 0.0231218 1.18835
970 -0.333339 -0.00335339 1.18835
970 -0.364141 -0.358171 1.18835
970 0.17606 0.304741 1.18835
970 -0.582732 -0.3678 7.47154
970 0.268877 -0.384493 7.47154
970 0.337713 0.983221 1.18835
970 0.218378 1.00847 1.18835
970 -0.960655 0.0755358 7.47154
970 -0.0325813 -0.297467 1.18835
970 -0.0398348 0.347187 7.47154
970 -0.230617 -0.667383 7.47154
970 -0.0113002 -0.958969 7.47154
970 0.187872 -0.690542 7.47154
970 0.699344 0.0693096 1.18835
970 -0.189252 0.305176 1.18835
970 -0.609768 0.377282 7.47154
970 -0.601155 0.477955 7.47154
970 0.627426 -0.65576 1.18835
970 0.0385931 0.287798 7.47154
970 -0.626375 0.58848 7.47154
970 -1.01062 -0.0924415 7.47154
970 0.635353 0.515212 1.18835
970 0.280385 -0.231134 1.18835
970 -0.668929 0.183531 1.18835
970 -0.171252 0.699054 1.18835
970 0.361309 -0.356141 1.18835
970 -0.442808 -0.409774 7.47154
970 -0.446561 0.263789 1.18835
970 -0.20946 0.622803 7.47154
970 0.282819 0.825509 7.47154
970 0.809305 0.0580265 1.18835
970 -0.524268 0.416069 1.18835
970 0.454231 -0.348762 1.18835
970 0.192073 -0.273631 1.18835
970 -0.483644 0.655972 1.18835
970 0.276536 0.00980707 1.18835
970 -0.347256 -0.0560095 7.47154
970 0.427637 -0.173052 1.18835
970 0.0795896 0.773659 1.18835
970 -0.986461 -0.230192 1.18835
970 -0.24254 -0.617657 1.18835
970 0.625345 -0.182545 1.18835
970 0.0910183 -1.00771 1.18835
970 -0.442629 0.105834 1.18835
970 -0.0804085 -0.119584 1.18835
970 0.515117 -0.551493 1.18835
970 -0.124633 0.102763 1.18835
970 0.935084 0.284637 1.18835
970 0.576141 -0.0655675 1.18835
970 -0.713475 0.0845117 1.18835
970 0.4925 0.240118 1.18835
970 0.134741 0.333854 1.18835
970 0.731242 0.653194 7.47154
970 -0.665073 -0.319181 1.18835
970 0.317031 -0.586206 1.18835
970 0.0228389 -1.01067 7.47154
970 0.558856 0.875108 1.18835
970 -0.945158 -0.35617 1.18835
970 -0.607359 -0.627644 1.18835
970 -0.355436 0.0843797 1.18835
970 -0.383581 -0.875962 7.47154
970 -0.0303137 0.450958 1.18835
970 -0.162692 -0.0517246 1.18835
970 -0.375047 -0.164254 1.18835
970 0.285066 0.88616 1.18835
970 0.120251 -0.786059 7.47154
970 -0.40892 -0.124027 1.18835
970 -0.658546 -0.0143883 1.18835
970 0.977122 0.0495235 1.18835
970 -0.512527 -0.00297823 1.18835
970 0.196 -0.171984 7.47154
970 -0.113436 0.509569 7.47154
970 0.40197 -0.516421 7.47154
970 -0.216391 -0.0611858 7.47154
970 -0.212652 -0.720665 7.47154
970 0.00668111 0.368973 7.47154
970 -0.137568 0.309796 1.18835
970 0.726425 0.488211 1.18835
970 0.284535 0.453082 7.47154
970 -0.855142 -0.418996 1.18835
970 0.334745 -0.451119 1.18835
970 -0.153053 -0.00186628 7.47154
970 -0.130346 -0.489327 1.18835
970 -0.318377 -0.683633 7.47154
970 -0.275139 0.196356 1.18835
970 -0.120668 0.454703 1.18835
970 0.123682 -0.627049 1.18835
970 -0.0461 -1.00955 1.18835
970 -0.857895 -0.102048 1.18835
970 0.152567 0.102497 1.18835
970 -0.455772 0.192222 1.18835
970 -0.055452 0.160703 1.18835
970 0.078804 0.718594 1.18835
970 0.667677 -0.617464 1.18835
970 -0.815902 0.23378 1.18835
970 0.286567 -0.179491 7.47154
970 0.765709 -0.248812 1.18835
970 0.252978 0.194264 1.18835
970 0.92651 -0.044437 1.18835
970 -0.0762255 -0.0706585 1.18835
970 0.0463049 0.339362 1.18835
970 0.328506 -0.638041 7.47154
970 0.0511487 0.984326 7.47154
970 -0.890752 0.37759 1.18835
970 0.867347 -0.542103 1.18835
970 0.119213 -0.952086 7.47154
970 0.711232 0.121399 7.47154
970 0.689968 0.696956 1.18835
970 0.348342 0.584834 1.18835
970 -0.0190947 0.780579 7.47154
970 -0.35915 0.494162 1.18835
970 0.292844 -0.484359 7.47154
970 0.449343 0.272058 1.18835
970 -0.434592 -0.602919 7.47154
970 0.78166 0.501039 1.18835
970 -0.0203611 0.119243 7.47154
970 -0.531763 -0.188963 1.18835
970 -0.279707 -0.128766 1.18835
970 0.642154 0.248643 1.18835
970 -0.271092 0.67117 1.18835
970 -0.818508 -0.0119946 7.47154
970 0.538339 -0.45858 1.18835
970 0.853096 -0.328148 1.18835
970 -0.611042 -0.320097 1.18835
970 0.53573 0.208609 1.18835
970 0.164018 0.20347 1.18835
970 0.200743 -0.884043 1.18835
970 -0.639791 0.329591 1.18835
970 -0.88508 -0.205155 1.18835
970 1.03245 0.0172804 1.18835
970 0.282067 0.0613742 1.18835
970 0.606495 0.336254 1.18835
970 0.122652 0.232822 7.47154
970 0.614345 0.623202 7.47154
970 0.458242 -0.533806 7.47154
970 -0.761828 -0.470897 1.18835
970 0.0568961 -0.104008 1.18835
970 -0.0819156 -0.504724 7.47154
970 0.0195076 0.0873103 1.18835
970 -0.291776 0.147774 1.18835
970 -0.343179 -0.204113 1.18835
970 -0.0075455 -0.853224 1.18835
970 -0.708655 0.657119 7.47154
970 -0.743593 0.445112 1.18835
970 -0.724243 0.724598 7.47154
970 0.146519 -0.251008 1.18835
970 0.584458 0.71946 7.47154
970 0.964587 -0.141573 1.18835
970 -0.342541 0.136611 7.47154
970 -0.0858715 0.325071 1.18835
970 0.0645823 0.499139 1.18835
970 -0.31887 0.31886 1.18835
970 -0.549474 -0.107693 7.47154
970 0.455283 0.034402 1.18835
970 0.633937 -0.429802 1.18835
970 -0.119564 -0.68958 1.18835
970 -0.206074 0.12338 1.18835
970 0.0259936 0.583838 1.18835
970 -0.530662 0.135398 1.18835
970 -0.200318 -0.0143357 7.47154
970 0.502142 -0.28995 1.18835
970 -1.00124 -0.162419 7.47154
970 -0.413655 0.881081 1.18835
970 -0.408359 0.946448 1.18835
970 -0.553777 -0.41447 7.47154
970 -0.412961 -0.266256 1.18835
970 -0.489856 -0.757013 1.18835
970 -0.530355 -0.0560382 1.18835
970 -0.497224 -0.231157 1.18835
970 -0.412116 0.503719 1.18835
970 -0.919843 -0.415036 1.18835
970 -0.222976 -0.303964 7.47154
970 -0.12483 -0.255853 7.47154
970 0.0952406 -0.722941 1.18835
970 0.0124981 -0.753019 1.18835
970 -0.0802985 0.379285 1.18835
970 -0.789908 0.555265 1.18835
970 0.0551154 -0.957042 1.18835
970 0.424819 0.119035 1.18835
970 -0.681278 -0.670527 1.18835
970 -0.22126 0.0738067 1.18835
970 -0.330771 0.538075 1.18835
970 0.719321 -0.0723124 1.18835
970 -0.427848 -0.711559 1.18835
970 0.491526 -0.702023 1.18835
970 0.631976 -0.131408 1.18835
970 -0.14904 -0.127182 1.18835
970 -0.780711 -0.320929 1.18835
970 0.544724 0.25975 1.18835
970 -0.100807 1.0314 1.18835
970 0.147679 0.439021 1.18835
970 -0.218825 0.674851 1.18835
970 -0.386495 -0.750198 1.18835
970 0.102339 -0.0262599 1.18835
970 0.935103 0.448184 1.18835
970 -0.197276 -0.432103 1.18835
970 0.102114 -0.129642 7.47154
970 0.0296654 -0.360475 1.18835
970 0.175123 0.71575 7.47154
970 0.389872 0.953882 1.18835
970 -0.12055 0.776147 7.47154
970 -0.474905 0.313975 1.18835
970 -0.368328 0.0342521 1.18835
970 -0.0753457 -0.953417 7.47154
970 0.905294 0.507183 7.47154
970 0.975167 -0.0795941 1.18835
970 0.645968 0.739094 1.18835
970 0.529824 -0.0862336 1.18835
970 0.159069 -0.999637 1.18835
970 0.0248918 0.0264305 1.18835
970 -0.760184 -0.572729 7.47154
970 0.368816 0.0476482 1.18835
970 0.485159 0.536847 1.18835
970 -0.0572727 -0.60656 7.47154
970 -0.301124 0.581113 7.47154
970 0.31145 -0.307652 1.18835
970 0.739177 0.0335967 1.18835
970 0.0135101 -0.0761461 1.18835
970 -0.667131 -0.517848 7.47154
970 0.139597 -0.893315 7.47154
970 0.185157 -0.0273309 1.18835
970 -0.414483 0.217306 1.18835
970 -0.770872 0.0845714 1.18835
970 -0.314339 -0.272136 7.47154
970 -0.599829 -0.214055 1.18835
970 -0.0676379 -0.374961 1.18835
970 0.605106 -0.282678 1.18835
970 0.688136 -0.426493 1.18835
970 -0.0617324 0.981678 7.47154
970 -0.862209 0.439096 1.18835
970 -0.332354 0.439874 1.18835
970 -0.124009 0.358336 1.18835
970 -0.967573 -0.294911 1.18835
970 -0.622431 0.743732 1.18835
970 -0.73762 0.035571 1.18835
970 0.456395 0.323192 1.18835
970 -0.525237 -0.462005 1.18835
970 -0.552265 -0.513418 1.18835
970 0.0203081 -0.603578 7.47154
970 -0.859561 0.0242834 7.47154
970 0.523373 -0.185936 1.18835
970 0.47704 0.734176 1.18835
970 0.499679 -0.49872 1.18835
970 -0.177007 -0.479424 7.47154
970 -0.74889 0.608665 7.47154
970 0.627627 -0.580819 7.47154
970 -0.251902 -0.441213 1.18835
970 -0.0112905 0.169601 1.18835
970 -0.988761 0.24097 7.47154
970 0.567546 0.124461 1.18835
970 -0.35556 -0.547292 7.47154
970 -0.268934 -0.701698 7.47154
970 -0.515775 0.515786 7.47154
970 0.598953 0.77756 1.18835
970 -0.31393 -0.0937189 1.18835
970 0.226833 -0.0598497 1.18835
970 0.57149 -0.56691 1.18835
970 0.263222 0.651521 1.18835
970 -0.729943 -0.519837 1.18835
970 0.116838 0.578252 7.47154
970 -0.464972 0.604983 1.18835
970 0.397763 -0.0396436 7.47154
970 -0.635859 0.132618 1.18835
970 -0.227411 0.727619 7.47154
970 -0.0227046 -0.644232 7.47154
970 -0.289769 -0.63887 7.47154
970 0.669499 -0.535158 1.18835
970 0.773492 0.383416 1.18835
970 0.230211 0.378243 1.18835
970 0.555665 -0.51226 1.18835
970 -0.187894 0.0360574 7.47154
970 0.201427 -0.123565 7.47154
970 -0.516474 0.0457342 1.18835
970 -0.407044 0.597185 1.18835
970 0.803001 -0.142119 1.18835
970 0.70961 0.593336 1.18835
970 0.815538 -0.0829723 1.18835
970 0.188517 -0.450288 1.18835
970 -0.289502 -0.799462 1.18835
970 0.170086 0.254072 7.47154
970 -0.84496 -0.16272 7.47154
970 -0.786261 -0.631201 7.47154
970 0.762654 -0.104334 1.18835
970 0.305078 -0.535019 1.18835
970 -0.189927 0.172455 1.18835
970 0.373297 -0.411626 1.18835
970 -0.553743 -0.23236 7.47154
970 -0.300591 0.92952 7.47154
970 0.232697 -0.658742 1.18835
970 0.335642 0.852865 7.47154
970 -0.513529 -0.142707 7.47154
970 0.487887 0.789953 1.18835
970 0.0696694 -0.770404 1.18835
970 -0.459289 0.748365 1.18835
970 0.653464 0.576274 1.18835
970 -0.660598 -0.618704 7.47154
970 -0.676392 -0.168711 7.47154
970 -0.443424 -0.224697 1.18835
970 0.620034 0.142754 1.18835
970 0.235595 0.0427435 1.18835
970 -0.0180326 0.669428 1.18835
970 0.184507 0.832215 7.47154
970 0.0296184 0.694484 1.18835
970 0.0534971 0.392105 1.18835
970 0.0100821 -0.491382 7.47154
970 0.981032 0.32992 1.18835
970 -0.0799267 0.427444 1.18835
970 0.698641 -0.318267 1.18835
970 -0.205841 -0.199751 7.47154
970 0.729373 -0.633841 1.18835
970 -0.754007 -0.11763 1.18835
970 0.620752 0.452637 7.47154
970 0.935547 -0.261237 1.18835
970 -0.582804 -0.273715 7.47154
970 0.660308 0.412979 7.47154
970 0.321933 0.732634 7.47154
970 0.498254 0.590701 1.18835
970 -0.206054 0.474491 1.18835
970 -0.864032 -0.261492 1.18835
970 0.499083 0.847254 1.18835
970 0.128045 0.282839 7.47154
970 -0.403744 -0.65489 7.47154
970 -0.792459 0.284185 7.47154
970 0.306054 0.618497 1.18835
970 -0.476726 -0.182938 1.18835
970 0.710449 0.431144 1.18835
970 -0.178654 -0.992688 7.47154
970 -0.423793 0.156221 7.47154
970 0.115854 -0.57501 7.47154
970 -0.115937 0.671158 1.18835
970 0.761796 0.136264 1.18835
970 -0.439778 0.697005 7.47154
970 0.123761 0.980449 1.18835
970 0.511764 0.644436 1.18835
970 0.500712 0.291155 1.18835
970 -0.322129 -0.900998 1.18835
970 -0.241819 0.948597 1.18835
970 0.328749 0.0804545 1.18835
970 0.659122 0.357803 7.47154
970 0.0868442 0.31107 7.47154
970 0.367876 -0.245484 7.47154
970 -0.879674 0.220287 1.18835
970 0.301043 0.214155 1.18835
970 -0.826182 -0.471856 1.18835
970 0.0292959 -0.655467 1.18835
970 -0.19629 0.905519 1.18835
970 -0.841943 -0.315959 1.18835
970 -0.0723814 0.926819 1.18835
970 0.570433 0.663013 1.18835
970 0.101032 -0.0793321 1.18835
970 -0.0212507 0.000799225 7.47154
970 -0.824465 -0.579447 1.18835
970 0.199466 0.123638 1.18835
970 -0.928153 0.424656 1.18835
970 0.770489 -0.483145 7.47154
970 0.805963 -0.437386 1.18835
970 0.159429 0.547625 1.18835
970 -0.563461 0.723677 1.18835
970 -0.73104 0.552302 7.47154
970 0.445912 0.881915 1.18835
970 0.772932 -0.389632 1.18835
970 -0.0721434 -0.176289 1.18835
970 0.158327 -0.53673 1.18835
970 -0.25633 0.110715 1.18835
970 0.210492 -0.553764 1.18835
970 -0.469952 -0.45851 7.47154
970 0.26588 -0.284564 1.18835
970 -0.36224 0.223316 1.18835
970 -0.264257 0.828042 1.18835
970 0.700857 0.320341 1.18835
970 0.105496 -0.282174 1.18835
970 0.419713 0.715405 1.18835
970 -0.115808 -0.0383603 1.18835
970 0.234305 0.933827 1.18835
970 0.472421 -0.587218 1.18835
970 -0.440254 0.457584 7.47154
970 0.0114036 -0.124943 1.18835
970 0.751504 0.333515 1.18835
970 0.356588 0.284745 1.18835
970 -0.608187 -0.515515 1.18835
970 -0.0846654 -0.647856 1.18835
970 -0.56619 0.524246 7.47154
970 0.211546 0.22443 1.18835
970 0.0842965 -0.901683 1.18835
970 0.462687 0.374957 7.47154
970 0.178499 -0.39824 1.18835
970 -0.551487 -0.614717 1.18835
970 0.371727 -0.890821 1.18835
970 0.261729 -0.33366 1.18835
970 -0.317577 0.806561 1.18835
970 0.219263 -0.829669 1.18835
970 0.437089 0.8262 7.47154
970 0.407614 0.0141089 1.18835
970 0.767541 -0.585511 1.18835
970 -0.327103 0.18527 7.47154
970 -0.438143 -0.775965 1.18835
970 0.219678 0.684123 1.18835
970 0.207558 0.571576 1.18835
970 0.453383 -0.300988 1.18835
970 -0.138013 -0.783991 1.18835
970 -0.550687 0.0865569 1.18835
970 1.02404 -0.117423 1.18835
970 -0.153775 0.264549 1.18835
970 0.31199 -0.354137 7.47154
970 -0.122374 0.970409 1.18835
970 -0.63885 -0.466998 7.47154
970 -0.746953 0.336501 1.18835
970 -0.173582 -0.283615 1.18835
970 -0.424528 -0.175135 1.18835
970 0.0169455 -0.222915 1.18835
970 -0.315387 -0.738248 1.18835
970 -0.171057 0.353034 1.18835
970 0.843049 0.508751 1.18835
970 0.65922 -0.273365 7.47154
970 -0.585689 0.325786 7.47154
970 0.424625 0.461572 1.18835
970 -0.0289729 -0.198962 7.47154
970 -0.138371 0.188618 7.47154
970 0.0657604 -0.563409 1.18835
970 0.29046 -0.971545 1.18835
970 0.14566 -0.105264 1.18835
970 -0.591305 0.229943 1.18835
970 0.786067 0.22842 1.18835
970 -0.121031 0.723299 1.18835
970 0.4328 0.516301 1.18835
970 -0.0203963 -0.575529 1.18835
970 0.377176 -0.192913 1.18835
970 -0.112768 -0.154122 1.18835
970 0.31422 0.316241 7.47154
970 0.0284244 0.921497 1.18835
970 0.825951 -0.0214134 7.47154
970 -0.30296 -0.536773 1.18835
970 -0.182259 -0.0950939 1.18835
970 0.294316 0.163396 7.47154
970 0.730807 0.178881 1.18835
970 -0.00995164 0.263454 1.18835
970 -0.694859 -0.728517 1.18835
970 0.342758 0.914533 1.18835
970 0.292578 -0.129123 1.18835
970 0.629687 0.68047 1.18835
