55 0.34002 0.219007 7.47154
55 -0.080225 -0.223682 1.18835
55 0.391058 -0.0910421 1.18835
55 -0.236526 0.154727 1.18835
55 0.242865 -0.775894 7.47154
55 -1.01827 -0.0215337 1.18835
55 -0.45896 -0.00299325 7.47154
55 -0.33558 -0.175671 1.18835
55 0.175695 0.408133 1.18835
55 0.568937 0.591714 7.47154
55 0.147639 0.499736 1.18835
55 -0.173044 0.467566 1.18835
55 0.847966 -0.357927 7.47154
55 -0.0980613 -0.889299 7.47154
55 0.132003 0.133149 1.18835
55 -0.798499 0.631596 1.18835
55 -0.921724 0.0475891 7.47154
55 -0.335406 0.742676 7.47154
55 -0.882565 -0.378124 1.18835
55 0.599212 -0.537169 7.47154
55 -1.01346 0.0468537 7.47154
55 0.169019 -0.82147 1.18835
55 0.855226 -0.438927 1.18835
55 -0.675239 -0.408218 7.47154
55 0.0212157 -0.542798 1.18835
55 1.02417 0.144551 1.18835
55 0.898559 0.258987 7.47154
55 0.343793 -0.169047 7.47154
55 0.00153777 0.497736 7.47154
55 1.01274 -0.189535 7.47154
55 0.0165392 0.214164 1.18835
55 0.30086 0.943992 1.18835
55 -0.326262 -0.594249 7.47154
55 -0.26589 -0.598397 1.18835
55 -0.765477 0.240094 1.18835
55 0.884025 -0.251857 1.18835
55 0.412708 0.578782 1.18835
55 -0.356488 0.639382 1.18835
55 0.861073 0.115504 1.18835
55 -0.310251 -0.401417 1.18835
55 0.0381783 0.802996 1.18835
55 0.0446862 0.874538 1.18835
55 0.101847 0.180673 7.47154
55 -0.315185 0.474876 1.18835
55 -0.0740526 -0.27046 1.18835
55 0.619184 0.575382 1.18835
55 0.346235 -0.822442 7.47154
55 0.438734 -0.0818288 1.18835
55 -0.391864 -0.223195 1.18835
55 -0.968124 0.316119 1.18835
55 -0.957116 -0.124007 1.18835
55 0.586618 -0.144804 1.18835
55 -0.535249 0.567721 1.18835
55 0.950637 -0.383162 1.18835
55 0.0477629 0.172907 1.18835
55 -0.188382 -0.620201 7.47154
55 -0.618816 -0.130692 7.47154
55 0.0423915 0.463082 1.18835
55 0.218863 -0.93286 1.18835
55 -0.114538 -0.297518 1.18835
55 0.714141 0.365257 1.18835
55 0.671813 0.225098 1.18835
55 0.756225 0.262131 1.18835
55 -0.631955 -0.692186 1.18835
55 -0.904293 0.327443 7.47154
55 -0.963712 0.00695882 1.18835
55 -0.657106 -0.285925 1.18835
55 0.219216 0.629262 1.18835
55 0.735556 -0.00194245 7.47154
55 0.557101 -0.286777 1.18835
55 -0.178931 0.743891 7.47154
55 -0.584754 -0.747255 7.47154
55 0.695856 -0.154005 1.18835
55 0.365501 0.384722 7.47154
55 0.428714 0.157498 1.18835
55 -0.216455 0.344364 1.18835
55 0.800132 0.578892 1.18835
55 -0.110169 -0.823253 1.18835
55 -0.527054 -0.561005 1.18835
55 -0.746124 0.126537 7.47154
55 0.72169 -0.419291 1.18835
55 -0.644223 -0.755306 1.18835
55 0.818816 0.639807 1.18835
55 -0.571656 -0.139247 1.18835
55 -0.37776 0.85226 1.18835
55 0.248633 -0.24713 1.18835
55 0.833243 -0.596334 1.18835
55 0.43408 -0.228172 1.18835
55 0.227287 -0.623083 1.18835
55 -0.374607 0.542335 1.18835
55 0.0203442 0.545336 7.47154
55 0.214644 -0.317611 1.18835
55 -0.917704 -0.255937 1.18835
55 0.545763 -0.708699 1.18835
55 0.0830368 0.138071 1.18835
55 0.369981 -0.453814 7.47154
55 -0.215149 -0.575542 1.18835
55 -0.246071 -0.976661 1.18835
55 0.279248 1.00243 1.18835
55 0.180325 0.667891 1.18835
55 -0.352112 -0.470512 1.18835
55 -0.500921 -0.352265 7.47154
55 -0.469464 -0.651926 1.18835
55 -0.289374 -0.0743633 1.18835
55 0.366216 -0.677566 1.18835
55 -0.623075 -0.404129 1.18835
55 -0.124529 -0.529044 1.18835
55 -0.6559 0.0809476 1.18835
55 0.255188 -0.888046 1.18835
55 -0.240484 -0.220739 1.18835
55 -0.771538 0.185857 1.18835
55 -0.255529 -0.544183 1.18835
55 0.738419 -0.69374 7.47154
55 -0.445549 0.847909 1.18835
55 0.272114 0.391108 7.47154
55 0.0985011 0.481613 1.18835
55 0.711029 0.517482 1.18835
55 -0.396901 0.349257 1.18835
55 0.443362 -0.0335793 7.47154
55 -0.083731 0.211453 1.18835
55 -0.336012 0.583991 7.47154
55 0.0796193 0.0456145 7.47154
55 -0.18016 0.228407 1.18835
55 0.0147677 -0.916347 7.47154
55 0.0147546 -0.813259 7.47154
55 -0.226444 0.204979 1.18835
55 0.548077 0.805433 1.18835
55 0.40495 0.0558283 1.18835
55 -0.158831 -0.387542 7.47154
55 0.395269 0.875518 1.18835
55 -0.667743 0.306652 1.18835
55 -0.256663 -0.115539 1.18835
55 -0.480437 0.446436 7.47154
55 -0.525706 0.305856 1.18835
55 -0.300786 0.0964527 1.18835
55 0.478539 0.47618 7.47154
55 0.00381316 1.03512 7.47154
55 0.335601 -0.415932 1.18835
55 0.130726 -0.517858 1.18835
55 0.82809 -0.245179 1.18835
55 0.305895 -0.0865839 7.47154
55 -0.678264 0.481453 7.47154
55 -0.496854 -0.605682 1.18835
55 0.340998 -0.50606 7.47154
55 0.0536796 0.00755241 7.47154
55 0.924324 0.016476 1.18835
55 0.620384 0.39163 7.47154
55 -0.822778 0.207139 1.18835
55 0.334579 0.526456 7.47154
55 -0.683196 -0.0527826 7.47154
55 0.0659324 -0.217611 1.18835
55 0.441404 -0.753884 7.47154
55 -0.301371 -0.448133 1.18835
55 0.77186 0.175069 1.18835
55 0.497112 0.330362 7.47154
55 0.842741 0.181635 1.18835
55 -0.389239 -0.504219 7.47154
55 0.190017 0.782215 1.18835
55 -0.387205 0.750607 1.18835
55 -0.880748 -0.478829 7.47154
55 -0.248087 -0.767448 7.47154
55 0.351775 0.171839 1.18835
55 -0.687952 0.0363131 7.47154
55 -0.46062 0.0447805 1.18835
55 -0.628309 0.448715 1.18835
55 0.232665 -0.526131 1.18835
55 0.238838 0.745007 1.18835
55 0.891415 0.0624705 1.18835
55 -0.125781 0.594615 7.47154
55 -0.579849 0.142103 1.18835
55 -0.0155099 0.580822 1.18835
55 -0.161128 -0.837916 1.18835
55 -0.451055 -0.33358 1.18835
55 -0.164015 -0.163783 7.47154
55 0.248625 -0.152594 7.47154
55 -0.700773 -0.257491 1.18835
55 -0.612367 -0.033272 1.18835
55 -0.622334 0.504941 7.47154
55 0.0650011 0.0971283 7.47154
55 -0.79574 -0.251275 7.47154
55 -0.211705 -0.877229 7.47154
55 -0.445906 -0.496871 1.18835
55 0.308106 -0.0347406 7.47154
55 -0.766143 -0.42779 7.47154
55 -0.304834 0.636352 1.18835
55 0.532028 -0.338159 1.18835
55 0.514737 -0.654808 1.18835
55 0.904966 -0.328754 1.18835
55 -0.524648 -0.664272 7.47154
55 0.45657 -0.410122 7.47154
55 -0.270694 0.493396 1.18835
55 -0.689373 0.760745 7.47154
55 -0.777435 -0.00147647 1.18835
55 0.857275 0.584597 7.47154
55 0.673672 -0.665702 1.18835
55 0.153627 -0.191675 1.18835
55 -0.0498057 -0.686091 7.47154
55 0.420425 -0.927014 1.18835
55 -0.0631433 -0.843277 7.47154
55 -0.276771 0.727724 1.18835
55 0.454427 0.528956 7.47154
55 -0.420507 -0.54624 1.18835
55 -0.226042 0.579914 1.18835
55 -0.247941 -0.337927 7.47154
55 -0.773071 0.411562 7.47154
55 0.80124 -0.539016 1.18835
55 -0.033556 0.222029 1.18835
55 -0.254188 0.883609 1.18835
55 -0.48453 0.116874 1.18835
55 -0.1518 -0.434626 7.47154
55 -0.585191 0.0474843 1.18835
55 -0.535247 -0.784671 7.47154
55 -0.638408 -0.0794789 1.18835
55 -0.801672 0.139866 1.18835
55 0.219246 -0.374079 1.18835
55 -0.384425 -0.587164 1.18835
55 -0.749278 -0.0520749 7.47154
55 -0.660462 -0.353 1.18835
55 0.278125 0.706944 1.18835
55 0.471853 0.140179 1.18835
55 0.617623 0.197933 1.18835
55 -0.8358 0.587832 1.18835
55 0.454587 -0.881017 1.18835
55 -0.903639 0.167274 1.18835
55 0.996258 -0.266862 7.47154
55 0.718971 -0.261355 1.18835
55 0.654404 -0.77984 1.18835
55 -0.0680757 0.872266 1.18835
55 0.523971 0.429515 1.18835
55 -0.71617 -0.616002 1.18835
55 0.489086 -0.210259 1.18835
55 -0.258606 -0.392497 1.18835
55 -0.0479721 0.671291 1.18835
55 0.152879 0.175778 7.47154
55 -0.0512727 0.47798 1.18835
55 0.605621 -0.476416 7.47154
55 0.42309 -0.459831 1.18835
55 0.449121 -0.812233 7.47154
55 0.961735 0.164868 1.18835
55 0.257517 0.344585 7.47154
55 -0.0771617 0.77205 1.18835
55 0.321411 0.403471 1.18835
55 0.403418 -0.847939 1.18835
55 0.174845 -0.490124 7.47154
55 -0.852099 0.158285 1.18835
55 -0.160752 0.422638 1.18835
55 0.140983 -0.745343 7.47154
55 0.142387 -0.0509201 1.18835
55 -0.166441 0.0892304 1.18835
55 -0.52094 0.179432 7.47154
55 -0.503679 0.842599 7.47154
55 0.000751847 -0.448882 1.18835
55 0.109385 0.533225 1.18835
55 -0.66198 0.247799 7.47154
55 0.481999 -0.111102 1.18835
55 0.225914 -0.475758 7.47154
55 0.754811 0.549859 1.18835
55 -0.500489 0.0692127 1.18835
55 -0.471889 -0.288551 1.18835
55 -0.154247 0.142896 7.47154
55 0.660965 -0.3861 1.18835
55 0.124787 -0.325638 1.18835
55 0.0714935 1.03641 7.47154
55 0.0692922 0.635406 1.18835
55 -0.528413 -0.727095 1.18835
55 0.879263 -0.043741 1.18835
55 0.513572 0.687526 7.47154
55 0.24982 0.259032 1.18835
55 -0.569648 -0.291807 1.18835
55 -0.0363857 -0.14576 1.18835
55 -0.374576 -0.26766 1.18835
55 -0.354844 -0.636404 1.18835
55 0.44459 0.204488 1.18835
55 0.187392 -0.768804 1.18835
55 0.234193 -0.0204492 7.47154
55 -0.68298 -0.564701 1.18835
55 -0.115739 -1.00388 7.47154
55 0.0279646 0.414658 1.18835
55 0.701625 0.264599 1.18835
55 0.0122254 0.644561 1.18835
55 -0.186896 0.95722 7.47154
55 0.2566 -0.106458 1.18835
55 -0.563366 0.368111 7.47154
55 0.331907 0.127563 1.18835
55 0.520951 0.579651 7.47154
55 -0.442961 -0.902926 7.47154
55 0.142102 0.761219 1.18835
55 0.970361 -0.326727 7.47154
55 -0.540343 0.665972 1.18835
55 -0.123235 -0.195895 1.18835
55 0.282137 0.128736 1.18835
55 0.312578 -0.276525 1.18835
55 -0.219911 0.436076 1.18835
55 -0.62162 0.187657 1.18835
55 -0.458708 -0.387169 7.47154
55 -0.0192673 0.743275 7.47154
55 -0.378778 0.444829 7.47154
55 0.0694049 -0.268343 1.18835
55 0.865051 0.00926773 1.18835
55 0.66674 0.175247 7.47154
55 0.890912 -0.492348 7.47154
55 0.507541 -0.414183 1.18835
55 0.597969 -0.190776 7.47154
55 0.261603 -0.569496 1.18835
55 0.342004 0.627535 1.18835
55 -0.132585 -0.620837 1.18835
55 0.891486 -0.391533 7.47154
55 -0.713581 0.225149 1.18835
55 0.387994 0.536231 7.47154
55 -0.942892 -0.196061 1.18835
55 -0.0748788 -0.0177267 1.18835
55 -0.0705916 -0.534017 1.18835
55 0.197475 0.263629 1.18835
55 -0.273335 0.439488 1.18835
55 -0.768084 0.350208 1.18835
55 0.172612 -0.632045 1.18835
55 0.64025 -0.012312 1.18835
55 -0.134812 -0.9453 1.18835
55 -0.153408 -0.891656 1.18835
55 0.423679 -0.598862 1.18835
55 0.409563 -0.649583 1.18835
55 0.409055 0.350235 1.18835
55 0.319558 -0.704192 1.18835
55 0.913299 -0.200788 1.18835
55 0.224406 -0.424153 7.47154
55 -0.0462478 -0.742857 1.18835
55 0.0554442 -0.171305 1.18835
55 0.49706 -0.756651 1.18835
55 0.844959 0.240081 7.47154
55 -0.297016 -0.354512 1.18835
55 -0.573302 0.420901 1.18835
55 0.640618 -0.334613 1.18835
55 -0.489889 0.68951 1.18835
55 -0.48704 -0.821551 7.47154
55 0.736017 -0.558389 1.18835
55 -0.116936 0.398603 1.18835
55 0.402546 -0.411679 1.18835
55 -0.815979 -0.102606 1.18835
55 -0.657391 0.542554 1.18835
55 0.575009 0.423445 7.47154
55 0.360281 -0.2803 7.47154
55 0.918499 0.348454 1.18835
55 0.280897 -0.832439 7.47154
55 0.532292 0.479934 1.18835
55 -0.0361045 0.622606 1.18835
55 -0.251901 0.298684 7.47154
55 0.277335 0.300251 1.18835
55 -0.313932 -0.502151 1.18835
55 -0.872323 0.536438 1.18835
55 -0.411021 0.00939505 7.47154
55 -0.551845 -0.344231 1.18835
55 -0.449906 0.348525 1.18835
55 0.787553 -0.654913 7.47154
55 0.685675 0.0202173 7.47154
55 -0.564913 0.266838 1.18835
55 0.790784 0.086085 7.47154
55 0.0803447 0.923972 7.47154
55 0.0743271 -0.515952 1.18835
55 0.111364 -0.222954 1.18835
55 0.797163 -0.33622 7.47154
55 0.453406 0.936617 1.18835
55 0.436518 -0.694366 7.47154
55 -0.720261 -0.380605 1.18835
55 0.509244 -0.88214 1.18835
55 -0.680113 -0.493401 7.47154
55 0.345783 -0.115172 7.47154
55 -0.288478 -0.199176 1.18835
55 0.378025 0.751055 1.18835
55 0.904058 0.150155 7.47154
55 0.702653 -0.737244 1.18835
55 -0.906817 -0.148398 1.18835
55 0.00689363 -0.161363 1.18835
55 -0.385958 -0.318776 7.47154
55 0.197492 0.926517 1.18835
55 0.431388 -0.365207 1.18835
55 0.800678 -0.194603 7.47154
55 -0.58039 -0.556783 7.47154
55 0.0852708 0.435078 1.18835
55 -0.295563 0.274547 1.18835
55 -0.746718 -0.276204 1.18835
55 -0.643526 0.803262 1.18835
55 -0.725084 -0.152662 1.18835
55 -0.92621 0.268371 1.18835
55 -0.382611 -0.936587 7.47154
55 -0.498099 0.26171 1.18835
55 -0.1319 -0.34585 1.18835
55 -0.317049 0.225063 1.18835
55 -0.795619 -0.527559 1.18835
55 0.0758224 -0.664429 7.47154
55 -0.208608 -0.134871 7.47154
55 0.891836 -0.14648 1.18835
55 0.343859 -0.754498 1.18835
55 0.0337233 0.0642191 7.47154
55 -0.0111932 -0.343477 1.18835
55 -0.651876 0.597268 1.18835
55 0.15365 -0.585082 1.18835
55 -0.0299362 -0.244648 1.18835
55 0.615242 0.0901731 1.18835
55 -0.710899 -0.446766 1.18835
55 0.291262 0.765021 1.18835
55 -0.10474 -0.392604 1.18835
55 0.31021 0.352457 1.18835
55 -0.862389 -0.0497735 1.18835
55 0.430954 0.765366 1.18835
55 -0.619568 0.286891 7.47154
55 -0.33754 -0.775965 1.18835
55 0.396179 0.297223 7.47154
55 0.489892 -0.0577682 1.18835
55 -0.630618 0.0319295 7.47154
55 0.343063 -0.00408278 1.18835
55 0.2325 0.122508 1.18835
55 -0.0301404 -0.0477686 1.18835
55 -0.200571 -0.934921 1.18835
55 0.389852 -0.726545 7.47154
55 -0.605433 0.0943091 1.18835
55 -1.01269 0.11788 7.47154
55 -0.0191265 0.90311 1.18835
55 -0.719324 0.171365 7.47154
55 0.171979 0.0467303 1.18835
55 -0.806654 0.532868 1.18835
55 -0.683622 0.130475 7.47154
55 0.998906 0.270285 7.47154
55 -0.234623 1.00596 1.18835
55 0.0368871 -0.4144 1.18835
55 -0.576255 -0.00269358 1.18835
55 -0.46401 0.49896 1.18835
55 0.491252 -0.160396 1.18835
55 0.650752 0.299143 1.18835
55 -0.0256246 0.972014 1.18835
55 -0.50248 0.740393 1.18835
55 0.340631 -0.220402 7.47154
55 -0.166677 0.517518 1.18835
55 0.00982167 -0.0212776 1.18835
55 0.302297 0.0375925 1.18835
55 0.773115 -0.0398411 1.18835
55 0.114483 -0.473394 1.18835
55 -0.358537 0.910067 7.47154
55 -0.365791 0.308245 1.18835
55 -0.90611 -0.0105598 1.18835
55 0.293544 0.491763 1.18835
55 -0.810296 0.0447594 1.18835
55 0.0443811 -0.866042 1.18835
55 -0.433661 -0.838828 7.47154
55 0.887766 0.416502 7.47154
55 -0.804526 -0.0494406 1.18835
55 -0.151991 -0.721062 7.47154
55 0.583445 0.476569 1.18835
55 0.140098 1.03108 7.47154
55 -0.0353997 0.0568088 7.47154
55 -0.293966 0.778989 7.47154
55 -0.21989 -0.510059 1.18835
55 -0.177114 -0.528589 1.18835
55 0.245015 0.800987 1.18835
55 -0.540801 0.880692 1.18835
55 -0.408133 -0.361015 1.18835
55 0.774464 0.0358745 1.18835
55 -0.186052 0.796504 1.18835
55 0.246771 -0.198895 7.47154
55 0.82972 0.463042 1.18835
55 0.151078 -0.14202 7.47154
55 -0.163005 0.0417135 1.18835
55 1.01216 0.206903 7.47154
55 0.318506 -0.874157 7.47154
55 -0.710809 0.528769 7.47154
55 0.964203 -0.218576 1.18835
55 -0.0716777 0.573644 7.47154
55 -0.781474 -0.159822 1.18835
55 0.521319 -0.247531 1.18835
55 0.386349 0.133878 7.47154
55 -0.955854 0.143463 7.47154
55 -1.0002 0.18677 7.47154
55 0.0514106 -0.620226 7.47154
55 0.986245 -0.0225877 1.18835
55 -0.0352061 0.296739 1.18835
55 0.138007 0.931568 1.18835
55 -0.118701 0.545409 1.18835
55 -0.856572 -0.532231 1.18835
55 -0.24621 -0.271194 7.47154
55 0.268075 -0.675036 7.47154
55 -0.24748 -0.837624 7.47154
55 -0.5086 -0.405853 7.47154
55 0.0365956 0.747212 1.18835
55 -0.409414 0.645191 1.18835
55 0.0840876 -0.419428 7.47154
55 0.854334 -0.101385 1.18835
55 -0.626083 -0.581704 7.47154
55 -0.374042 0.694677 1.18835
55 0.32863 0.453972 1.18835
55 0.758703 -0.500605 1.18835
55 -0.615587 0.636983 1.18835
55 -0.104334 -0.576381 7.47154
55 0.191856 0.516546 1.18835
55 -0.713812 -0.0940179 1.18835
55 -0.671977 -0.121487 1.18835
55 0.200267 -0.218227 1.18835
55 0.865139 0.36321 1.18835
55 0.711332 -0.476451 1.18835
55 0.104872 0.350885 1.18835
55 0.535186 0.740046 1.18835
55 0.453927 0.672934 1.18835
55 0.336436 0.791126 1.18835
55 -0.247823 0.0164959 7.47154
55 -0.619488 -0.185274 1.18835
55 0.272481 -0.442545 7.47154
55 -0.290991 0.98748 7.47154
55 0.924449 -0.44355 1.18835
55 -0.337275 -0.325872 1.18835
55 0.591945 -0.741968 1.18835
55 0.914248 -0.0963643 1.18835
55 -0.380094 0.166571 1.18835
55 0.263754 -0.0575366 1.18835
55 -0.571359 0.194025 7.47154
55 -0.359051 -0.422848 1.18835
55 0.169382 0.875885 1.18835
55 0.723045 -0.201337 1.18835
55 -0.166866 0.849266 1.18835
55 -0.84319 0.0992588 1.18835
55 0.0677952 0.218279 7.47154
55 0.808981 0.282658 1.18835
55 -0.58699 -0.0800243 1.18835
55 -0.829004 0.322185 1.18835
55 -0.491201 -0.0503307 1.18835
55 0.0713667 -0.81812 1.18835
55 0.754838 0.620342 1.18835
55 -0.0243871 -0.100104 1.18835
55 -0.2236 0.836812 7.47154
55 0.204183 0.351171 1.18835
55 -0.110087 0.290945 1.18835
55 -0.268471 0.542578 1.18835
55 -0.588197 0.841172 1.18835
55 -0.264549 -0.487925 7.47154
55 0.682586 -0.102288 7.47154
55 0.536814 -0.142684 1.18835
55 -0.575538 -0.687544 1.18835
55 -0.261775 -0.913846 7.47154
55 -0.297293 -0.86489 1.18835
55 -0.0786157 0.0352094 1.18835
55 -0.500638 -0.876299 1.18835
55 0.0820796 0.834432 1.18835
55 0.821488 -0.483359 7.47154
55 0.369488 0.0895097 7.47154
55 0.153656 -0.906562 1.18835
55 0.606405 0.834782 7.47154
55 -0.0387225 -0.794549 1.18835
55 -0.0769746 0.135084 1.18835
55 -0.868853 0.280979 7.47154
55 0.626497 -0.231961 1.18835
55 -0.23706 0.774398 1.18835
55 -0.068173 0.260833 7.47154
55 0.563024 0.17578 1.18835
55 0.64569 -0.065083 7.47154
55 0.413782 -0.551296 1.18835
55 -0.263882 -0.0276433 7.47154
55 0.737002 -0.116536 1.18835
55 -0.419935 0.396974 1.18835
55 0.124255 0.398314 7.47154
55 0.170575 0.981605 1.18835
55 0.548812 -0.384812 1.18835
55 -0.586207 -0.443986 7.47154
55 -0.0548495 -0.423053 1.18835
55 -0.481594 0.560713 1.18835
55 0.98103 0.103576 1.18835
55 0.565827 0.371786 1.18835
55 0.575883 0.0526527 1.18835
55 0.897156 0.202251 1.18835
55 0.472729 -0.463044 1.18835
55 0.563308 0.533847 7.47154
55 -0.0711206 0.0877512 1.18835
55 0.418835 0.400427 7.47154
55 0.391951 -0.788025 1.18835
55 -0.470526 -0.148068 7.47154
55 -0.75732 -0.210993 1.18835
55 -0.159702 -0.575221 7.47154
55 -0.843748 0.482819 1.18835
55 -0.387372 -0.0358177 1.18835
55 0.112692 0.0865575 1.18835
55 -0.0448297 -0.912313 1.18835
55 0.304794 0.254256 1.18835
55 -0.25309 0.392731 1.18835
55 0.605164 -0.808048 7.47154
55 -0.118715 0.0641493 1.18835
55 0.361572 -0.556279 7.47154
55 0.49676 0.181883 1.18835
55 0.728552 0.213056 1.18835
55 -0.248711 -0.166252 1.18835
55 -0.783031 -0.380525 1.18835
55 0.672906 -0.209288 7.47154
55 0.167267 -0.0922703 1.18835
55 0.163458 -0.293566 1.18835
55 -0.319894 0.688661 1.18835
55 0.741586 -0.315162 1.18835
55 0.489634 0.0965742 1.18835
55 -0.307896 -0.960979 1.18835
55 0.169265 0.610744 1.18835
55 -0.00898379 -0.39724 1.18835
55 -0.429431 0.543775 1.18835
55 -0.675842 0.423092 1.18835
55 0.173154 -0.344313 1.18835
55 -0.721873 0.391839 7.47154
55 0.651471 0.80362 7.47154
55 -0.475522 0.214192 1.18835
55 -0.583837 0.781893 1.18835
55 0.217542 -0.722738 1.18835
55 -0.411187 -0.456815 7.47154
55 0.377796 0.434793 1.18835
55 -0.119026 0.241931 1.18835
55 0.124755 0.0374909 1.18835
55 0.536431 0.0802512 7.47154
55 -0.941667 0.210771 7.47154
55 0.548028 -0.778633 1.18835
55 -0.318821 -0.0363211 1.18835
55 -0.0357017 0.533644 7.47154
55 0.350774 -0.0591796 7.47154
55 -0.519167 -0.300488 7.47154
55 0.882153 0.479999 7.47154
55 0.56613 -0.645261 1.18835
55 0.585516 -0.330061 1.18835
55 -0.478768 -0.541222 7.47154
55 1.03029 -0.0642821 1.18835
55 0.0243132 -0.253746 1.18835
55 -0.299045 0.00948594 1.18835
55 0.856394 -0.190768 1.18835
55 0.228805 0.440724 1.18835
55 -0.176544 -0.334278 1.18835
55 0.646925 -0.718363 7.47154
55 -0.284074 -0.303489 1.18835
55 0.277548 -0.621552 7.47154
55 0.315867 0.67084 1.18835
55 0.273273 -0.729072 7.47154
55 -0.494312 -0.100885 1.18835
55 0.473885 0.420836 1.18835
55 -0.714998 0.277774 7.47154
55 -0.0228732 -0.511911 7.47154
55 0.561398 -0.845728 7.47154
55 0.211271 -0.993911 7.47154
55 -0.717727 -0.00906703 1.18835
55 -0.0869316 0.62705 1.18835
55 -0.405811 0.801719 1.18835
55 -0.00335952 -0.711508 7.47154
55 -0.0498233 -0.311467 1.18835
55 0.398873 -0.326728 1.18835
55 -0.348928 -0.833805 1.18835
55 -0.109105 0.168404 1.18835
55 1.03118 0.0731205 1.18835
55 0.108426 -0.172843 1.18835
55 -0.0575146 0.820754 7.47154
55 -0.397046 -0.798028 7.47154
55 -0.436032 -0.0453112 1.18835
55 0.0979696 0.679262 1.18835
55 0.515732 -0.600068 7.47154
55 0.388557 -0.141946 1.18835
55 0.0549911 -0.0403422 1.18835
55 0.468315 -0.262443 1.18835
55 -0.567204 0.613599 1.18835
55 -0.302209 0.385463 1.18835
55 0.250733 0.589359 1.18835
55 0.435983 -0.132857 1.18835
55 0.353081 -0.953425 1.18835
55 -0.266204 0.0587477 7.47154
55 -0.34835 0.970827 1.18835
55 0.24137 0.488172 1.18835
55 0.526465 0.139257 7.47154
55 -0.0974879 -0.714487 7.47154
55 -0.289321 -0.246607 1.18835
55 0.953171 0.225333 1.18835
55 0.465318 -0.63484 1.18835
55 -0.174871 1.01516 1.18835
55 0.660499 0.619826 1.18835
55 0.660248 0.486648 7.47154
55 -0.397838 -0.0881152 1.18835
55 -0.530849 0.792002 7.47154
55 0.0713111 0.564526 1.18835
55 0.953179 0.397509 7.47154
55 -0.752453 -0.33396 7.47154
55 0.392929 0.194561 7.47154
55 0.299649 -0.929395 1.18835
55 0.540058 0.0120251 7.47154
55 0.51486 0.378571 1.18835
55 -0.0449248 -0.469762 7.47154
55 -0.376222 -0.682504 1.18835
55 0.130604 -0.427609 1.18835
55 -0.670293 0.366689 1.18835
55 0.547781 0.323226 1.18835
55 -0.509735 0.616287 1.18835
55 -0.202978 0.390911 1.18835
55 0.388892 0.813372 1.18835
55 -0.116596 -0.0893816 1.18835
55 0.651282 -0.499272 1.18835
55 -0.171054 0.568088 1.18835
55 0.223938 0.304902 1.18835
55 0.579521 0.231425 7.47154
55 -0.203054 -0.805084 7.47154
55 -0.22014 0.257307 1.18835
55 0.689801 -0.0348994 1.18835
55 0.81295 0.138065 1.18835
55 0.202837 0.173244 7.47154
55 -0.025409 0.401228 1.18835
55 0.142381 0.706942 1.18835
55 -0.0666465 0.720326 7.47154
55 0.0797184 -0.369482 1.18835
55 0.455144 0.0605684 1.18835
55 -0.480828 0.911595 1.18835
55 -0.768029 0.685544 1.18835
55 0.591072 0.289705 1.18835
55 -0.143397 0.643804 7.47154
55 0.416311 -0.280215 1.18835
55 -0.60952 -0.803768 7.47154
55 -0.393945 0.115387 1.18835
55 -0.395126 0.255553 1.18835
55 -0.508376 0.352543 1.18835
55 -0.920298 -0.0710927 1.18835
55 -0.102566 -0.441067 7.47154
55 0.0135514 0.310873 1.18835
55 0.606401 -0.679538 1.18835
55 0.186729 0.462902 7.47154
55 0.0784819 -0.319328 1.18835
55 0.697165 0.767947 7.47154
55 -0.971532 -0.0555545 1.18835
55 0.777861 0.439201 1.18835
55 -0.817598 0.376536 1.18835
55 -0.657851 0.698723 1.18835
55 -0.467677 0.792655 7.47154
55 -0.0941065 -0.769543 7.47154
55 0.502856 -0.82033 7.47154
55 0.131528 0.642867 1.18835
55 -0.345493 0.265617 1.18835
55 0.564153 -0.435751 1.18835
55 0.0940969 0.26119 7.47154
55 -0.268459 0.344998 1.18835
55 0.152005 -0.00267511 1.18835
55 -0.901327 0.107055 1.18835
55 0.601698 -0.378345 7.47154
55 -0.411791 0.0619542 1.18835
55 -0.166113 -0.21875 1.18835
55 -0.368123 0.39527 1.18835
55 0.127347 -0.37545 7.47154
55 -0.81991 -0.202182 7.47154
55 -0.0810855 0.513722 1.18835
55 -0.651684 -0.229102 1.18835
55 -0.364451 -0.127947 1.18835
55 0.212313 0.077323 1.18835
55 0.288621 0.54392 7.47154
55 -0.556729 -0.839099 1.18835
55 -0.211054 -0.36987 7.47154
55 -0.912613 -0.319417 7.47154
55 -0.318905 0.863183 1.18835
55 0.541865 -0.0405765 1.18835
55 0.742492 0.725433 7.47154
55 -0.340994 0.354782 7.47154
55 -0.0856643 -0.340414 1.18835
55 0.14342 0.820368 1.18835
55 0.57362 -0.238391 1.18835
55 -0.478324 -0.711125 1.18835
55 0.239598 0.536851 7.47154
55 -0.198267 -0.251458 1.18835
55 -0.447968 -0.0927395 1.18835
55 0.0260669 0.128216 1.18835
55 -0.727252 0.453553 7.47154
55 0.587085 -0.00167584 7.47154
55 0.626528 0.0371266 7.47154
55 -0.120164 0.0118987 1.18835
55 0.825093 0.403903 1.18835
55 0.0328638 -0.309802 1.18835
55 0.393877 0.633785 1.18835
55 -0.494672 -0.483398 1.18835
55 -0.126774 0.890242 7.47154
55 0.928483 0.0986737 1.18835
55 0.300211 -0.781362 1.18835
55 0.0497166 -0.713051 1.18835
55 -0.526925 0.462935 1.18835
55 0.0630924 -0.464292 7.47154
55 -0.790727 0.461693 7.47154
55 -0.83059 -0.356193 1.18835
55 -0.185924 -0.671538 7.47154
55 0.501234 0.0419212 1.18835
55 0.786841 -0.28305 7.47154
55 0.371241 0.681652 7.47154
55 -0.418601 0.301444 1.18835
55 0.760737 -0.160502 1.18835
55 0.36024 0.335121 1.18835
55 0.366822 0.485463 1.18835
55 0.707457 -0.363551 1.18835
55 0.866843 0.304685 1.18835
55 0.237105 0.881568 1.18835
55 0.577133 -0.0946459 7.47154
55 -0.318762 0.0507118 1.18835
55 -0.245296 0.627061 1.18835
55 0.130084 -0.659416 1.18835
55 0.11397 0.875387 1.18835
55 -0.59545 0.68531 7.47154
55 0.3993 0.240614 1.18835
55 -0.215879 0.53073 1.18835
55 0.657698 0.124508 1.18835
55 -0.948094 0.375532 7.47154
55 -0.265151 0.238224 1.18835
55 0.813529 0.337973 7.47154
55 -0.707039 -0.205563 1.18835
55 0.510359 0.904544 7.47154
55 -0.534008 0.228623 1.18835
55 -0.00310297 0.848522 7.47154
55 -0.0553302 1.03215 7.47154
55 0.492113 -0.0083274 7.47154
55 -0.904438 0.477369 1.18835
55 -0.746091 -0.679701 7.47154
55 0.774146 0.679507 1.18835
55 0.368277 -0.611251 1.18835
55 0.443578 0.623979 7.47154
55 -0.471932 0.394111 7.47154
55 -0.11325 0.832043 1.18835
55 0.203449 0.0150315 1.18835
55 -0.352193 -0.0024497 1.18835
55 -0.356332 -0.372623 1.18835
55 0.171059 0.310892 1.18835
55 -0.603194 -0.35773 7.47154
55 0.273146 -0.395433 7.47154
55 0.348151 0.981276 1.18835
55 0.215781 1.0154 1.18835
55 -0.963896 0.0827365 7.47154
55 -0.00965874 -0.288273 1.18835
55 -0.0306485 0.347286 7.47154
55 -0.224445 -0.705852 7.47154
55 -0.00725744 -0.972348 7.47154
55 0.166178 -0.697904 7.47154
55 0.667592 0.0690351 1.18835
55 -0.199985 0.300498 1.18835
55 -0.619723 0.394662 7.47154
55 -0.576917 0.473568 7.47154
55 0.629321 -0.624558 1.18835
55 0.0404325 0.261041 7.47154
55 -0.601435 0.567447 7.47154
55 -1.01178 -0.101089 7.47154
55 0.615393 0.518498 1.18835
55 0.294615 -0.233838 1.18835
55 -0.669805 0.191255 1.18835
55 -0.161853 0.692994 1.18835
55 0.349541 -0.328927 1.18835
55 -0.409738 -0.409383 7.47154
55 -0.44448 0.254388 1.18835
55 -0.186547 0.617149 7.47154
55 0.286039 0.831047 7.47154
55 0.835591 0.0608428 1.18835
55 -0.522765 0.405469 1.18835
55 0.48633 -0.362041 1.18835
55 0.205397 -0.268724 1.18835
55 -0.466023 0.643282 1.18835
55 0.277245 0.000571556 1.18835
55 -0.351584 -0.0716708 7.47154
55 0.443438 -0.180389 1.18835
55 0.0929771 0.78329 1.18835
55 -0.982889 -0.238746 1.18835
55 -0.23637 -0.641028 1.18835
55 0.644638 -0.162899 1.18835
55 0.112049 -1.0087 1.18835
55 -0.442606 0.0981255 1.18835
55 -0.0753559 -0.118253 1.18835
55 0.540825 -0.554464 1.18835
55 -0.119665 0.111496 1.18835
55 0.941409 0.292777 1.18835
55 0.595367 -0.0508457 1.18835
55 -0.713071 0.084589 1.18835
55 0.482883 0.233691 1.18835
55 0.15552 0.358492 1.18835
55 0.707775 0.654149 7.47154
55 -0.700615 -0.320283 1.18835
55 0.318966 -0.588127 1.18835
55 0.0405868 -1.01312 7.47154
55 0.562523 0.871679 1.18835
55 -0.943411 -0.371585 1.18835
55 -0.599891 -0.635298 1.18835
55 -0.355583 0.0870581 1.18835
55 -0.386562 -0.874814 7.47154
55 -0.0100506 0.448935 1.18835
55 -0.160188 -0.0600067 1.18835
55 -0.382589 -0.174264 1.18835
55 0.289708 0.887551 1.18835
55 0.120344 -0.793526 7.47154
55 -0.419401 -0.135514 1.18835
55 -0.657674 -0.00961388 1.18835
55 0.973208 0.0418127 1.18835
55 -0.506592 -0.00118055 1.18835
55 0.198075 -0.169387 7.47154
55 -0.124043 0.489605 7.47154
55 0.392345 -0.503614 7.47154
55 -0.240095 -0.0697028 7.47154
55 -0.1971 -0.748522 7.47154
55 0.0123338 0.366597 7.47154
55 -0.155948 0.320357 1.18835
55 0.710321 0.463123 1.18835
55 0.278548 0.44132 7.47154
55 -0.83791 -0.419339 1.18835
55 0.316726 -0.461986 1.18835
55 -0.161756 -0.0118541 7.47154
55 -0.147486 -0.483115 1.18835
55 -0.323325 -0.695047 7.47154
55 -0.276539 0.189434 1.18835
55 -0.110224 0.447284 1.18835
55 0.106264 -0.613221 1.18835
55 -0.0449035 -1.01283 1.18835
55 -0.873569 -0.103866 1.18835
55 0.16071 0.0906527 1.18835
55 -0.472108 0.16575 1.18835
55 -0.0502555 0.176453 1.18835
55 0.0884409 0.731997 1.18835
55 0.684535 -0.598117 1.18835
55 -0.816789 0.262795 1.18835
55 0.295883 -0.185003 7.47154
55 0.764419 -0.234224 1.18835
55 0.251632 0.170082 1.18835
55 0.934428 -0.0401302 1.18835
55 -0.0703719 -0.0700669 1.18835
55 0.0535361 0.344395 1.18835
55 0.323272 -0.64652 7.47154
55 0.0373527 0.985608 7.47154
55 -0.875871 0.373442 1.18835
55 0.863477 -0.541406 1.18835
55 0.110272 -0.948089 7.47154
55 0.706314 0.105541 7.47154
55 0.685819 0.704828 1.18835
55 0.355685 0.577954 1.18835
55 -0.0130273 0.792281 7.47154
55 -0.359636 0.492856 1.18835
55 0.275617 -0.496251 7.47154
55 0.440969 0.26453 1.18835
55 -0.446325 -0.590988 7.47154
55 0.76873 0.49331 1.18835
55 -0.030335 0.127233 7.47154
55 -0.526661 -0.193523 1.18835
55 -0.295607 -0.14832 1.18835
55 0.628895 0.253107 1.18835
55 -0.263869 0.675359 1.18835
55 -0.841576 -0.0005069 7.47154
55 0.521372 -0.468376 1.18835
55 0.850851 -0.300025 1.18835
55 -0.616196 -0.309377 1.18835
55 0.531224 0.217541 1.18835
55 0.174045 0.219944 1.18835
55 0.195715 -0.874986 1.18835
55 -0.62144 0.342913 1.18835
55 -0.882652 -0.202388 1.18835
55 1.03304 0.00913087 1.18835
55 0.265183 0.0813833 1.18835
55 0.607777 0.337675 1.18835
55 0.123545 0.222182 7.47154
55 0.605289 0.6356 7.47154
55 0.449104 -0.512644 7.47154
55 -0.758989 -0.481742 1.18835
55 0.0631598 -0.0911195 1.18835
55 -0.0916732 -0.487708 7.47154
55 -0.00495222 0.0906147 1.18835
55 -0.285791 0.141648 1.18835
55 -0.339016 -0.224704 1.18835
55 -0.013958 -0.862309 1.18835
55 -0.678833 0.649497 7.47154
55 -0.756244 0.506238 1.18835
55 -0.718507 0.711668 7.47154
55 0.15704 -0.242875 1.18835
55 0.579502 0.701627 7.47154
55 0.955774 -0.151531 1.18835
55 -0.339515 0.132462 7.47154
55 -0.0745132 0.322915 1.18835
55 0.057349 0.51111 1.18835
55 -0.310602 0.318628 1.18835
55 -0.541027 -0.0900633 7.47154
55 0.443445 0.0138714 1.18835
55 0.618816 -0.425768 1.18835
55 -0.133256 -0.671879 1.18835
55 -0.201061 0.120437 1.18835
55 0.03489 0.598947 1.18835
55 -0.530626 0.131574 1.18835
55 -0.208567 -0.0320342 7.47154
55 0.501581 -0.299846 1.18835
55 -0.998795 -0.171107 7.47154
55 -0.421986 0.89724 1.18835
55 -0.411701 0.951462 1.18835
55 -0.559925 -0.395807 7.47154
55 -0.422077 -0.284575 1.18835
55 -0.470584 -0.769913 1.18835
55 -0.544364 -0.0392506 1.18835
55 -0.500031 -0.246601 1.18835
55 -0.411118 0.494495 1.18835
55 -0.910626 -0.431095 1.18835
55 -0.211986 -0.303709 7.47154
55 -0.126144 -0.248203 7.47154
55 0.104512 -0.710642 1.18835
55 0.0162646 -0.762343 1.18835
55 -0.071411 0.379251 1.18835
55 -0.765982 0.575765 1.18835
55 0.0553974 -0.956339 1.18835
55 0.42885 0.103426 1.18835
55 -0.688293 -0.674895 1.18835
55 -0.213433 0.0662318 1.18835
55 -0.319516 0.532321 1.18835
55 0.728389 -0.0663082 1.18835
55 -0.427705 -0.691769 1.18835
55 0.487838 -0.701456 1.18835
55 0.629368 -0.113328 1.18835
55 -0.158188 -0.114621 1.18835
55 -0.801228 -0.305863 1.18835
55 0.541918 0.270174 1.18835
55 -0.119974 1.0282 1.18835
55 0.139026 0.446306 1.18835
55 -0.206255 0.665846 1.18835
55 -0.367297 -0.735602 1.18835
55 0.101334 -0.00864947 1.18835
55 0.93461 0.457896 1.18835
55 -0.203713 -0.417782 1.18835
55 0.0829346 -0.133702 7.47154
55 0.0334254 -0.361636 1.18835
55 0.192395 0.723681 7.47154
55 0.398139 0.947854 1.18835
55 -0.132694 0.783228 7.47154
55 -0.471578 0.304902 1.18835
55 -0.369001 0.0403705 1.18835
55 -0.0752997 -0.957592 7.47154
55 0.890492 0.533905 7.47154
55 0.972287 -0.0915774 1.18835
55 0.635254 0.73988 1.18835
55 0.52833 -0.0914195 1.18835
55 0.162834 -0.971278 1.18835
55 0.00701905 0.0281023 1.18835
55 -0.754377 -0.572363 7.47154
55 0.352016 0.043403 1.18835
55 0.508293 0.526258 1.18835
55 -0.0635406 -0.602564 7.47154
55 -0.284725 0.588859 7.47154
55 0.300917 -0.324854 1.18835
55 0.727742 0.0580428 1.18835
55 0.0148077 -0.0725995 1.18835
55 -0.635928 -0.525333 7.47154
55 0.123088 -0.853216 7.47154
55 0.188144 -0.0370534 1.18835
55 -0.422253 0.204626 1.18835
55 -0.780589 0.0862255 1.18835
55 -0.327674 -0.277341 7.47154
55 -0.574786 -0.196181 1.18835
55 -0.0531818 -0.374175 1.18835
55 0.615048 -0.284817 1.18835
55 0.669409 -0.442258 1.18835
55 -0.089389 0.980316 7.47154
55 -0.847644 0.426327 1.18835
55 -0.327387 0.427205 1.18835
55 -0.114543 0.347763 1.18835
55 -0.966973 -0.300137 1.18835
55 -0.622895 0.741222 1.18835
55 -0.745655 0.0416548 1.18835
55 0.446483 0.31507 1.18835
55 -0.534886 -0.451209 1.18835
55 -0.539897 -0.509198 1.18835
55 0.0066312 -0.597607 7.47154
55 -0.868671 0.0490625 7.47154
55 0.541857 -0.194017 1.18835
55 0.473027 0.726684 1.18835
55 0.499408 -0.522026 1.18835
55 -0.198239 -0.466968 7.47154
55 -0.734261 0.637225 7.47154
55 0.641016 -0.56566 7.47154
55 -0.248702 -0.440829 1.18835
55 -0.0027967 0.169753 1.18835
55 -0.987681 0.253032 7.47154
55 0.571219 0.116766 1.18835
55 -0.356181 -0.541751 7.47154
55 -0.268786 -0.686129 7.47154
55 -0.512258 0.513785 7.47154
55 0.588492 0.766688 1.18835
55 -0.320115 -0.109875 1.18835
55 0.216005 -0.075507 1.18835
55 0.580514 -0.593097 1.18835
55 0.273769 0.640635 1.18835
55 -0.723702 -0.524714 1.18835
55 0.108288 0.597366 7.47154
55 -0.442691 0.596146 1.18835
55 0.394401 -0.0392055 7.47154
55 -0.634178 0.137772 1.18835
55 -0.22337 0.717249 7.47154
55 -0.0261983 -0.63805 7.47154
55 -0.298242 -0.642032 7.47154
55 0.691171 -0.532614 1.18835
55 0.772391 0.375072 1.18835
55 0.222563 0.393832 1.18835
55 0.558534 -0.501642 1.18835
55 -0.203068 0.0169493 7.47154
55 0.203961 -0.123593 7.47154
55 -0.535199 0.0337758 1.18835
55 -0.388952 0.592436 1.18835
55 0.819789 -0.142054 1.18835
55 0.707097 0.58683 1.18835
55 0.825554 -0.053975 1.18835
55 0.176448 -0.444908 1.18835
55 -0.291943 -0.803853 1.18835
55 0.147046 0.266174 7.47154
55 -0.842781 -0.153238 7.47154
55 -0.780524 -0.630557 7.47154
55 0.78777 -0.0974788 1.18835
55 0.302121 -0.538383 1.18835
55 -0.188608 0.174364 1.18835
55 0.371953 -0.375281 1.18835
55 -0.55043 -0.244333 7.47154
55 -0.299916 0.922973 7.47154
55 0.212998 -0.67148 1.18835
55 0.340205 0.849524 7.47154
55 -0.5231 -0.144553 7.47154
55 0.491876 0.781069 1.18835
55 0.0734668 -0.761959 1.18835
55 -0.442896 0.744586 1.18835
55 0.665671 0.549275 1.18835
55 -0.657393 -0.627261 7.47154
55 -0.668263 -0.171771 7.47154
55 -0.442564 -0.23906 1.18835
55 0.610677 0.14825 1.18835
55 0.245275 0.0387957 1.18835
55 -0.00223817 0.695674 1.18835
55 0.205035 0.836415 7.47154
55 0.0474175 0.690273 1.18835
55 0.070426 0.389862 1.18835
55 0.0244193 -0.492229 7.47154
55 0.981797 0.337699 1.18835
55 -0.0657382 0.431734 1.18835
55 0.686841 -0.313313 1.18835
55 -0.205097 -0.188577 7.47154
55 0.724641 -0.634556 1.18835
55 -0.764177 -0.10794 1.18835
55 0.629188 0.445985 7.47154
55 0.932985 -0.276329 1.18835
55 -0.604801 -0.248331 7.47154
55 0.673348 0.41412 7.47154
55 0.33268 0.724969 7.47154
55 0.468965 0.576932 1.18835
55 -0.222994 0.482816 1.18835
55 -0.855437 -0.252002 1.18835
55 0.502671 0.842443 1.18835
55 0.119928 0.307569 7.47154
55 -0.414068 -0.634355 7.47154
55 -0.769807 0.296708 7.47154
55 0.303416 0.592642 1.18835
55 -0.478869 -0.199561 1.18835
55 0.729881 0.415296 1.18835
55 -0.181082 -0.992155 7.47154
55 -0.427906 0.152217 7.47154
55 0.109137 -0.560341 7.47154
55 -0.103669 0.678708 1.18835
55 0.754907 0.120957 1.18835
55 -0.430087 0.694768 7.47154
55 0.100684 0.981286 1.18835
55 0.499877 0.631263 1.18835
55 0.493674 0.281545 1.18835
55 -0.331393 -0.907929 1.18835
55 -0.242471 0.941008 1.18835
55 0.315122 0.0831807 1.18835
55 0.660309 0.355364 7.47154
55 0.0674386 0.301233 7.47154
55 0.384149 -0.239043 7.47154
55 -0.877686 0.222844 1.18835
55 0.277246 0.215312 1.18835
55 -0.819217 -0.470193 1.18835
55 0.0179889 -0.662939 1.18835
55 -0.192855 0.898167 1.18835
55 -0.860179 -0.305548 1.18835
55 -0.0721811 0.927511 1.18835
55 0.552458 0.649043 1.18835
55 0.0987967 -0.0589993 1.18835
55 -0.0351476 0.00526026 7.47154
55 -0.820588 -0.585407 1.18835
55 0.185152 0.129673 1.18835
55 -0.91617 0.422703 1.18835
55 0.773453 -0.444618 7.47154
55 0.810972 -0.403374 1.18835
55 0.148821 0.56092 1.18835
55 -0.555988 0.725231 1.18835
55 -0.709004 0.585792 7.47154
55 0.450234 0.878524 1.18835
55 0.760525 -0.377668 1.18835
55 -0.0780602 -0.173504 1.18835
55 0.179774 -0.537875 1.18835
55 -0.247629 0.103988 1.18835
55 0.20816 -0.578087 1.18835
55 -0.464771 -0.439506 7.47154
55 0.260288 -0.292806 1.18835
55 -0.369457 0.214057 1.18835
55 -0.278164 0.827948 1.18835
55 0.703283 0.314359 1.18835
55 0.115521 -0.274071 1.18835
55 0.414737 0.706914 1.18835
55 -0.115512 -0.039603 1.18835
55 0.243765 0.95183 1.18835
55 0.471365 -0.570087 1.18835
55 -0.431031 0.446324 7.47154
55 0.0262363 -0.12121 1.18835
55 0.757905 0.317862 1.18835
55 0.357587 0.265756 1.18835
55 -0.590863 -0.496872 1.18835
55 -0.0856517 -0.64949 1.18835
55 -0.566916 0.525287 7.47154
55 0.224811 0.216806 1.18835
55 0.0877493 -0.895711 1.18835
55 0.460817 0.36917 7.47154
55 0.174411 -0.395002 1.18835
55 -0.552894 -0.613339 1.18835
55 0.370812 -0.89401 1.18835
55 0.257904 -0.346544 1.18835
55 -0.344824 0.804018 1.18835
55 0.225338 -0.827455 1.18835
55 0.444715 0.820825 7.47154
55 0.392082 0.00775288 1.18835
55 0.773806 -0.597118 1.18835
55 -0.327708 0.178202 7.47154
55 -0.421484 -0.748836 1.18835
55 0.233218 0.681779 1.18835
55 0.199176 0.569826 1.18835
55 0.453919 -0.317673 1.18835
55 -0.147542 -0.776639 1.18835
55 -0.550792 0.0875882 1.18835
55 1.01931 -0.128746 1.18835
55 -0.15845 0.270585 1.18835
55 0.316249 -0.373172 7.47154
55 -0.135128 0.944928 1.18835
55 -0.640443 -0.458976 7.47154
55 -0.716142 0.33325 1.18835
55 -0.161505 -0.284472 1.18835
55 -0.431199 -0.186581 1.18835
55 0.015094 -0.208398 1.18835
55 -0.291366 -0.738593 1.18835
55 -0.162137 0.367829 1.18835
55 0.823179 0.522313 1.18835
55 0.666857 -0.26582 7.47154
55 -0.574299 0.31976 7.47154
55 0.430066 0.449898 1.18835
55 -0.0339609 -0.197583 7.47154
55 -0.143289 0.198887 7.47154
55 0.0610339 -0.570322 1.18835
55 0.272813 -0.975939 1.18835
55 0.119953 -0.1051 1.18835
55 -0.607875 0.236483 1.18835
55 0.793512 0.221013 1.18835
55 -0.121697 0.730695 1.18835
55 0.418976 0.495923 1.18835
55 -0.0302594 -0.56463 1.18835
55 0.391877 -0.190138 1.18835
55 -0.117543 -0.143859 1.18835
55 0.32532 0.302764 7.47154
55 0.0250034 0.931927 1.18835
55 0.811882 0.00142514 7.47154
55 -0.303226 -0.551016 1.18835
55 -0.198475 -0.0875509 1.18835
55 0.303311 0.176218 7.47154
55 0.715478 0.161281 1.18835
55 -0.00660189 0.260891 1.18835
55 -0.695992 -0.733348 1.18835
55 0.349774 0.910259 1.18835
55 0.299582 -0.137112 1.18835
55 0.635123 0.679427 1.18835
