510 0.347007 0.233297 7.47154
510 -0.074434 -0.226942 1.18835
510 0.392954 -0.0920137 1.18835
510 -0.24306 0.159755 1.18835
510 0.242839 -0.778459 7.47154
510 -1.01511 -0.0233079 1.18835
510 -0.465862 0.00463278 7.47154
510 -0.330445 -0.15023 1.18835
510 0.189693 0.413522 1.18835
510 0.556889 0.606345 7.47154
510 0.152511 0.497889 1.18835
510 -0.151659 0.466853 1.18835
510 0.833847 -0.38018 7.47154
510 -0.100269 -0.896209 7.47154
510 0.123143 0.131431 1.18835
510 -0.802617 0.637031 1.18835
510 -0.911296 0.0418194 7.47154
510 -0.334151 0.740741 7.47154
510 -0.884078 -0.366377 1.18835
510 0.614637 -0.525308 7.47154
510 -1.01374 0.0424526 7.47154
510 0.156559 -0.842081 1.18835
510 0.869202 -0.429558 1.18835
510 -0.669112 -0.418226 7.47154
510 0.0195953 -0.544185 1.18835
510 1.02175 0.15027 1.18835
510 0.885507 0.248446 7.47154
510 0.338537 -0.160176 7.47154
510 0.0186938 0.476676 7.47154
510 1.01337 -0.177599 7.47154
510 0.0195192 0.217747 1.18835
510 0.288597 0.942248 1.18835
510 -0.325412 -0.59331 7.47154
510 -0.274604 -0.581525 1.18835
510 -0.753298 0.242684 1.18835
510 0.876108 -0.271809 1.18835
510 0.400655 0.604386 1.18835
510 -0.362434 0.63694 1.18835
510 0.863801 0.102959 1.18835
510 -0.330862 -0.403507 1.18835
510 0.0335077 0.810028 1.18835
510 0.0364688 0.867686 1.18835
510 0.101383 0.17849 7.47154
510 -0.304013 0.484504 1.18835
510 -0.0750601 -0.275286 1.18835
510 0.599862 0.566042 1.18835
510 0.335051 -0.79739 7.47154
510 0.440608 -0.0729631 1.18835
510 -0.392419 -0.218808 1.18835
510 -0.971475 0.30051 1.18835
510 -0.955616 -0.117094 1.18835
510 0.581304 -0.15619 1.18835
510 -0.556712 0.574425 1.18835
510 0.959277 -0.364825 1.18835
510 0.0483708 0.176572 1.18835
510 -0.192611 -0.626721 7.47154
510 -0.600574 -0.110588 7.47154
510 0.0614591 0.448105 1.18835
510 0.244956 -0.928957 1.18835
510 -0.119396 -0.30433 1.18835
510 0.711726 0.372153 1.18835
510 0.682706 0.208129 1.18835
510 0.755944 0.276945 1.18835
510 -0.630165 -0.698547 1.18835
510 -0.904508 0.311993 7.47154
510 -0.959681 0.0085046 1.18835
510 -0.652919 -0.265945 1.18835
510 0.213091 0.629131 1.18835
510 0.727581 -0.0143498 7.47154
510 0.546302 -0.301603 1.18835
510 -0.175759 0.749635 7.47154
510 -0.592778 -0.744082 7.47154
510 0.683162 -0.166751 1.18835
510 0.368786 0.38765 7.47154
510 0.428067 0.17073 1.18835
510 -0.226929 0.343185 1.18835
510 0.804715 0.560436 1.18835
510 -0.120684 -0.839227 1.18835
510 -0.523666 -0.555126 1.18835
510 -0.741763 0.139014 7.47154
510 0.741031 -0.430355 1.18835
510 -0.647716 -0.768728 1.18835
510 0.831955 0.618943 1.18835
510 -0.569597 -0.157074 1.18835
510 -0.365347 0.845333 1.18835
510 0.23829 -0.251601 1.18835
510 0.83459 -0.589317 1.18835
510 0.419992 -0.223852 1.18835
510 0.221064 -0.610148 1.18835
510 -0.378843 0.543388 1.18835
510 0.0209967 0.532204 7.47154
510 0.217628 -0.314365 1.18835
510 -0.92759 -0.245746 1.18835
510 0.543021 -0.729331 1.18835
510 0.0766644 0.135303 1.18835
510 0.381004 -0.465848 7.47154
510 -0.216798 -0.577704 1.18835
510 -0.243914 -0.978452 1.18835
510 0.271409 1.00034 1.18835
510 0.169463 0.660977 1.18835
510 -0.358069 -0.450859 1.18835
510 -0.490644 -0.325796 7.47154
510 -0.462644 -0.649811 1.18835
510 -0.267954 -0.0785931 1.18835
510 0.342226 -0.690736 1.18835
510 -0.611374 -0.412166 1.18835
510 -0.130712 -0.539137 1.18835
510 -0.659887 0.0852874 1.18835
510 0.263766 -0.872066 1.18835
510 -0.253071 -0.217227 1.18835
510 -0.775889 0.192803 1.18835
510 -0.24461 -0.534684 1.18835
510 0.751537 -0.690795 7.47154
510 -0.41846 0.81496 1.18835
510 0.279398 0.40132 7.47154
510 0.105904 0.472843 1.18835
510 0.688377 0.529625 1.18835
510 -0.398281 0.361091 1.18835
510 0.444206 -0.0209359 7.47154
510 -0.0864585 0.20241 1.18835
510 -0.344026 0.586044 7.47154
510 0.101609 0.0278954 7.47154
510 -0.177804 0.223291 1.18835
510 0.0202302 -0.907854 7.47154
510 0.0316227 -0.806576 7.47154
510 -0.226241 0.209615 1.18835
510 0.5508 0.812365 1.18835
510 0.411184 0.0661179 1.18835
510 -0.163071 -0.388106 7.47154
510 0.391685 0.882194 1.18835
510 -0.666949 0.283172 1.18835
510 -0.23314 -0.113765 1.18835
510 -0.49902 0.466706 7.47154
510 -0.528165 0.324774 1.18835
510 -0.308488 0.0982443 1.18835
510 0.475587 0.480181 7.47154
510 0.0223349 1.03515 7.47154
510 0.320024 -0.403332 1.18835
510 0.106276 -0.524808 1.18835
510 0.832923 -0.232391 1.18835
510 0.302516 -0.0799533 7.47154
510 -0.669821 0.489751 7.47154
510 -0.496408 -0.603341 1.18835
510 0.343069 -0.503826 7.47154
510 0.0593229 -0.00263852 7.47154
510 0.926704 0.0204522 1.18835
510 0.612349 0.388768 7.47154
510 -0.831703 0.194291 1.18835
510 0.340554 0.529258 7.47154
510 -0.687071 -0.0634278 7.47154
510 0.064128 -0.205225 1.18835
510 0.446351 -0.738948 7.47154
510 -0.30299 -0.44676 1.18835
510 0.790778 0.175506 1.18835
510 0.507262 0.341276 7.47154
510 0.846576 0.159471 1.18835
510 -0.385031 -0.500472 7.47154
510 0.183862 0.774153 1.18835
510 -0.394243 0.738413 1.18835
510 -0.890003 -0.475507 7.47154
510 -0.255871 -0.754532 7.47154
510 0.338233 0.181679 1.18835
510 -0.685326 0.0369029 7.47154
510 -0.463895 0.0530128 1.18835
510 -0.648526 0.436684 1.18835
510 0.197371 -0.505461 1.18835
510 0.228066 0.741866 1.18835
510 0.868668 0.0471412 1.18835
510 -0.149457 0.593086 7.47154
510 -0.582756 0.133084 1.18835
510 -0.0232465 0.560455 1.18835
510 -0.177558 -0.829069 1.18835
510 -0.435598 -0.317282 1.18835
510 -0.160569 -0.181491 7.47154
510 0.247681 -0.149653 7.47154
510 -0.70498 -0.269288 1.18835
510 -0.610689 -0.0110193 1.18835
510 -0.62523 0.53221 7.47154
510 0.0560283 0.0941062 7.47154
510 -0.811384 -0.269425 7.47154
510 -0.218181 -0.873188 7.47154
510 -0.442468 -0.500172 1.18835
510 0.312703 -0.0262666 7.47154
510 -0.791989 -0.424236 7.47154
510 -0.308195 0.631263 1.18835
510 0.510009 -0.342945 1.18835
510 0.539409 -0.664121 1.18835
510 0.918701 -0.316214 1.18835
510 -0.523907 -0.655994 7.47154
510 0.461639 -0.406992 7.47154
510 -0.251753 0.477471 1.18835
510 -0.677384 0.769393 7.47154
510 -0.770633 -0.0111422 1.18835
510 0.869343 0.567181 7.47154
510 0.689881 -0.675062 1.18835
510 0.151579 -0.198859 1.18835
510 -0.0601574 -0.691514 7.47154
510 0.425277 -0.923214 1.18835
510 -0.064298 -0.84679 7.47154
510 -0.280722 0.719425 1.18835
510 0.443393 0.569689 7.47154
510 -0.412409 -0.546936 1.18835
510 -0.237148 0.568581 1.18835
510 -0.251253 -0.353816 7.47154
510 -0.762102 0.404889 7.47154
510 0.804872 -0.531957 1.18835
510 -0.0339803 0.213148 1.18835
510 -0.254972 0.885645 1.18835
510 -0.478246 0.139071 1.18835
510 -0.144419 -0.436406 7.47154
510 -0.575303 0.0391112 1.18835
510 -0.542507 -0.781859 7.47154
510 -0.634294 -0.0620979 1.18835
510 -0.796274 0.140238 1.18835
510 0.218844 -0.365605 1.18835
510 -0.383539 -0.594446 1.18835
510 -0.74112 -0.0629592 7.47154
510 -0.642451 -0.366394 1.18835
510 0.271871 0.708217 1.18835
510 0.468549 0.139745 1.18835
510 0.631077 0.19337 1.18835
510 -0.840497 0.583028 1.18835
510 0.434966 -0.861743 1.18835
510 -0.900518 0.160257 1.18835
510 0.999412 -0.24082 7.47154
510 0.711994 -0.265772 1.18835
510 0.655175 -0.779313 1.18835
510 -0.0845601 0.872198 1.18835
510 0.519553 0.445615 1.18835
510 -0.721743 -0.624399 1.18835
510 0.473011 -0.204669 1.18835
510 -0.275598 -0.400344 1.18835
510 -0.0643484 0.647789 1.18835
510 0.154264 0.166026 7.47154
510 -0.066136 0.476662 1.18835
510 0.5949 -0.47217 7.47154
510 0.439262 -0.481721 1.18835
510 0.442532 -0.800857 7.47154
510 0.960066 0.172735 1.18835
510 0.271789 0.347629 7.47154
510 -0.0687576 0.760457 1.18835
510 0.327044 0.421267 1.18835
510 0.384175 -0.830819 1.18835
510 0.146773 -0.487596 7.47154
510 -0.850935 0.139871 1.18835
510 -0.168648 0.419155 1.18835
510 0.147104 -0.737612 7.47154
510 0.140131 -0.0537143 1.18835
510 -0.173926 0.0885206 1.18835
510 -0.507771 0.183152 7.47154
510 -0.469113 0.858433 7.47154
510 0.000284536 -0.439671 1.18835
510 0.109852 0.527772 1.18835
510 -0.640674 0.232744 7.47154
510 0.486309 -0.104693 1.18835
510 0.237157 -0.470862 7.47154
510 0.743922 0.547535 1.18835
510 -0.498823 0.0903339 1.18835
510 -0.465339 -0.276107 1.18835
510 -0.158072 0.139375 7.47154
510 0.666143 -0.376561 1.18835
510 0.11798 -0.332456 1.18835
510 0.0878011 1.03379 7.47154
510 0.0695556 0.612229 1.18835
510 -0.539627 -0.71955 1.18835
510 0.867319 -0.0617982 1.18835
510 0.525365 0.697709 7.47154
510 0.259371 0.246224 1.18835
510 -0.56554 -0.310296 1.18835
510 -0.0356582 -0.146913 1.18835
510 -0.358735 -0.258925 1.18835
510 -0.352735 -0.63962 1.18835
510 0.438572 0.220945 1.18835
510 0.17825 -0.792491 1.18835
510 0.228381 -0.0110511 7.47154
510 -0.694166 -0.568675 1.18835
510 -0.113835 -1.00302 7.47154
510 0.0185707 0.421554 1.18835
510 0.69862 0.262058 1.18835
510 0.0234423 0.641858 1.18835
510 -0.185012 0.958126 7.47154
510 0.253947 -0.100547 1.18835
510 -0.555089 0.376207 7.47154
510 0.330548 0.13007 1.18835
510 0.541412 0.5533 7.47154
510 -0.434231 -0.909444 7.47154
510 0.131356 0.747222 1.18835
510 0.981428 -0.303437 7.47154
510 -0.537333 0.668403 1.18835
510 -0.118738 -0.207132 1.18835
510 0.282812 0.110785 1.18835
510 0.322806 -0.262275 1.18835
510 -0.226741 0.429686 1.18835
510 -0.612888 0.182635 1.18835
510 -0.465835 -0.367282 7.47154
510 -0.0197684 0.729551 7.47154
510 -0.389236 0.452834 7.47154
510 0.0654726 -0.258881 1.18835
510 0.874198 -0.00651695 1.18835
510 0.675265 0.153987 7.47154
510 0.903359 -0.482249 7.47154
510 0.513125 -0.405201 1.18835
510 0.574695 -0.204419 7.47154
510 0.249168 -0.523133 1.18835
510 0.358035 0.640061 1.18835
510 -0.139708 -0.635771 1.18835
510 0.895838 -0.373197 7.47154
510 -0.696291 0.237089 1.18835
510 0.391041 0.549516 7.47154
510 -0.944672 -0.184584 1.18835
510 -0.0742462 -0.0217448 1.18835
510 -0.0760972 -0.554704 1.18835
510 0.212231 0.275001 1.18835
510 -0.280874 0.434302 1.18835
510 -0.790231 0.35268 1.18835
510 0.176864 -0.641767 1.18835
510 0.631596 -0.0170516 1.18835
510 -0.138454 -0.944732 1.18835
510 -0.159391 -0.886523 1.18835
510 0.431274 -0.620792 1.18835
510 0.388014 -0.656467 1.18835
510 0.411772 0.354812 1.18835
510 0.2904 -0.685255 1.18835
510 0.893197 -0.215112 1.18835
510 0.226179 -0.418657 7.47154
510 -0.042672 -0.744276 1.18835
510 0.0580838 -0.156276 1.18835
510 0.495416 -0.766378 1.18835
510 0.840104 0.216166 7.47154
510 -0.305036 -0.357595 1.18835
510 -0.588388 0.428038 1.18835
510 0.639623 -0.3281 1.18835
510 -0.493935 0.709357 1.18835
510 -0.488587 -0.81338 7.47154
510 0.708408 -0.573241 1.18835
510 -0.123601 0.399828 1.18835
510 0.418413 -0.432916 1.18835
510 -0.806913 -0.113591 1.18835
510 -0.67514 0.548551 1.18835
510 0.566968 0.413832 7.47154
510 0.363811 -0.300548 7.47154
510 0.916207 0.343785 1.18835
510 0.281978 -0.815414 7.47154
510 0.527664 0.499713 1.18835
510 -0.0240602 0.615234 1.18835
510 -0.245816 0.298602 7.47154
510 0.26278 0.295581 1.18835
510 -0.33138 -0.495141 1.18835
510 -0.86793 0.533042 1.18835
510 -0.418453 0.0179958 7.47154
510 -0.531502 -0.35608 1.18835
510 -0.45008 0.365447 1.18835
510 0.795431 -0.641017 7.47154
510 0.679318 0.00859905 7.47154
510 -0.557335 0.277747 1.18835
510 0.765165 0.0770786 7.47154
510 0.0749915 0.933046 7.47154
510 0.0592942 -0.508479 1.18835
510 0.106796 -0.228827 1.18835
510 0.794927 -0.333805 7.47154
510 0.443669 0.939221 1.18835
510 0.441956 -0.677947 7.47154
510 -0.699898 -0.371491 1.18835
510 0.487907 -0.892079 1.18835
510 -0.697139 -0.470477 7.47154
510 0.344699 -0.110386 7.47154
510 -0.293422 -0.181339 1.18835
510 0.375835 0.755732 1.18835
510 0.90956 0.137621 7.47154
510 0.70438 -0.736774 1.18835
510 -0.902729 -0.144646 1.18835
510 0.0132837 -0.172293 1.18835
510 -0.383348 -0.309759 7.47154
510 0.192019 0.89912 1.18835
510 0.412368 -0.378682 1.18835
510 0.787305 -0.203028 7.47154
510 -0.578734 -0.562012 7.47154
510 0.100638 0.41639 1.18835
510 -0.291493 0.28072 1.18835
510 -0.757547 -0.271437 1.18835
510 -0.631531 0.809766 1.18835
510 -0.728331 -0.168435 1.18835
510 -0.926324 0.25732 1.18835
510 -0.372653 -0.937173 7.47154
510 -0.503187 0.275887 1.18835
510 -0.159913 -0.332765 1.18835
510 -0.311609 0.23162 1.18835
510 -0.7921 -0.526017 1.18835
510 0.0818647 -0.66922 7.47154
510 -0.198096 -0.148782 7.47154
510 0.904258 -0.15728 1.18835
510 0.34371 -0.74276 1.18835
510 0.0593648 0.0494785 7.47154
510 -0.0221153 -0.343635 1.18835
510 -0.678534 0.604658 1.18835
510 0.166259 -0.591123 1.18835
510 -0.0278808 -0.246711 1.18835
510 0.605801 0.0911219 1.18835
510 -0.728865 -0.423148 1.18835
510 0.279819 0.766214 1.18835
510 -0.107503 -0.403399 1.18835
510 0.319963 0.367952 1.18835
510 -0.854189 -0.0521468 1.18835
510 0.430102 0.769839 1.18835
510 -0.611482 0.279587 7.47154
510 -0.344719 -0.783835 1.18835
510 0.404961 0.303661 7.47154
510 0.48792 -0.0533164 1.18835
510 -0.630505 0.0373054 7.47154
510 0.35814 -0.00676096 1.18835
510 0.241606 0.142235 1.18835
510 -0.032739 -0.0514214 1.18835
510 -0.200196 -0.932644 1.18835
510 0.396284 -0.713398 7.47154
510 -0.605804 0.0848241 1.18835
510 -1.011 0.108565 7.47154
510 -0.0303368 0.896959 1.18835
510 -0.720887 0.189305 7.47154
510 0.193111 0.071536 1.18835
510 -0.7892 0.520473 1.18835
510 -0.688325 0.136007 7.47154
510 0.996757 0.272598 7.47154
510 -0.230653 1.00708 1.18835
510 0.0416715 -0.406131 1.18835
510 -0.56073 -0.00869312 1.18835
510 -0.467377 0.51142 1.18835
510 0.482495 -0.155026 1.18835
510 0.649568 0.298302 1.18835
510 -0.011973 0.969041 1.18835
510 -0.514789 0.761055 1.18835
510 0.332166 -0.210979 7.47154
510 -0.159971 0.518077 1.18835
510 0.0146178 -0.026523 1.18835
510 0.318243 0.027016 1.18835
510 0.774731 -0.0426055 1.18835
510 0.0989599 -0.470177 1.18835
510 -0.358699 0.906837 7.47154
510 -0.374182 0.312843 1.18835
510 -0.898712 -0.0150274 1.18835
510 0.291169 0.508552 1.18835
510 -0.796807 0.0407718 1.18835
510 0.050676 -0.856516 1.18835
510 -0.439912 -0.844271 7.47154
510 0.891832 0.400114 7.47154
510 -0.796847 -0.0601432 1.18835
510 -0.155616 -0.732241 7.47154
510 0.572968 0.465113 1.18835
510 0.153564 1.02637 7.47154
510 -0.0212212 0.0469901 7.47154
510 -0.277073 0.769551 7.47154
510 -0.223574 -0.487913 1.18835
510 -0.186099 -0.533171 1.18835
510 0.23573 0.801456 1.18835
510 -0.525562 0.887255 1.18835
510 -0.41148 -0.361135 1.18835
510 0.776136 0.0163902 1.18835
510 -0.17127 0.804547 1.18835
510 0.242841 -0.19973 7.47154
510 0.815629 0.454782 1.18835
510 0.155648 -0.149773 7.47154
510 -0.142051 0.0517305 1.18835
510 1.01086 0.212182 7.47154
510 0.325469 -0.856463 7.47154
510 -0.72554 0.50725 7.47154
510 0.952692 -0.197276 1.18835
510 -0.0696137 0.585307 7.47154
510 -0.783739 -0.168298 1.18835
510 0.513829 -0.237137 1.18835
510 0.378499 0.150444 7.47154
510 -0.951294 0.132521 7.47154
510 -1.00198 0.172963 7.47154
510 0.0704953 -0.616367 7.47154
510 0.979111 -0.0124903 1.18835
510 -0.0403224 0.290173 1.18835
510 0.138022 0.921819 1.18835
510 -0.117164 0.555054 1.18835
510 -0.857169 -0.530511 1.18835
510 -0.258946 -0.266938 7.47154
510 0.276485 -0.629143 7.47154
510 -0.234806 -0.814188 7.47154
510 -0.501392 -0.40402 7.47154
510 0.0313483 0.753064 1.18835
510 -0.418897 0.644867 1.18835
510 0.0907166 -0.416603 7.47154
510 0.856652 -0.119872 1.18835
510 -0.631757 -0.567984 7.47154
510 -0.377591 0.688763 1.18835
510 0.333281 0.474946 1.18835
510 0.740442 -0.52713 1.18835
510 -0.6377 0.642699 1.18835
510 -0.111142 -0.591912 7.47154
510 0.20038 0.520148 1.18835
510 -0.702991 -0.115636 1.18835
510 -0.651751 -0.113739 1.18835
510 0.195681 -0.221238 1.18835
510 0.85448 0.354213 1.18835
510 0.708247 -0.48166 1.18835
510 0.0951479 0.357118 1.18835
510 0.53788 0.754143 1.18835
510 0.467109 0.678015 1.18835
510 0.33119 0.79195 1.18835
510 -0.237538 0.0238546 7.47154
510 -0.621844 -0.16258 1.18835
510 0.277371 -0.43633 7.47154
510 -0.291654 0.99053 7.47154
510 0.933146 -0.424454 1.18835
510 -0.334577 -0.315744 1.18835
510 0.597048 -0.7553 1.18835
510 0.914545 -0.099628 1.18835
510 -0.3823 0.174581 1.18835
510 0.267737 -0.0453633 1.18835
510 -0.560092 0.181804 7.47154
510 -0.386067 -0.407405 1.18835
510 0.145013 0.8608 1.18835
510 0.725565 -0.210412 1.18835
510 -0.154989 0.86218 1.18835
510 -0.831156 0.0881371 1.18835
510 0.0697226 0.22107 7.47154
510 0.817679 0.275269 1.18835
510 -0.582397 -0.0598036 1.18835
510 -0.840385 0.31946 1.18835
510 -0.479621 -0.0486618 1.18835
510 0.0995392 -0.83633 1.18835
510 0.768205 0.607586 1.18835
510 -0.036935 -0.0995147 1.18835
510 -0.212238 0.842286 7.47154
510 0.186868 0.361512 1.18835
510 -0.103601 0.278552 1.18835
510 -0.27064 0.52732 1.18835
510 -0.582234 0.84982 1.18835
510 -0.276681 -0.49103 7.47154
510 0.673245 -0.101845 7.47154
510 0.532866 -0.13553 1.18835
510 -0.578176 -0.67566 1.18835
510 -0.261165 -0.918064 7.47154
510 -0.276215 -0.858671 1.18835
510 -0.066942 0.0294832 1.18835
510 -0.49196 -0.878893 1.18835
510 0.0872159 0.828003 1.18835
510 0.837968 -0.48207 7.47154
510 0.370982 0.0983241 7.47154
510 0.181251 -0.941549 1.18835
510 0.611116 0.839106 7.47154
510 -0.0257958 -0.798123 1.18835
510 -0.0778455 0.120781 1.18835
510 -0.860877 0.268623 7.47154
510 0.619656 -0.233875 1.18835
510 -0.223836 0.780332 1.18835
510 -0.0661702 0.248595 7.47154
510 0.575603 0.177733 1.18835
510 0.628966 -0.0733316 7.47154
510 0.416301 -0.567711 1.18835
510 -0.253529 -0.0266555 7.47154
510 0.716572 -0.126738 1.18835
510 -0.421566 0.410382 1.18835
510 0.141727 0.392529 7.47154
510 0.179188 0.96464 1.18835
510 0.551116 -0.372508 1.18835
510 -0.581171 -0.458446 7.47154
510 -0.0518293 -0.420923 1.18835
510 -0.495577 0.564115 1.18835
510 0.970142 0.113587 1.18835
510 0.559963 0.36148 1.18835
510 0.586441 0.0441778 1.18835
510 0.89742 0.191987 1.18835
510 0.482757 -0.453458 1.18835
510 0.584029 0.514918 7.47154
510 -0.048353 0.0840248 1.18835
510 0.418255 0.406972 7.47154
510 0.393442 -0.772373 1.18835
510 -0.462625 -0.139368 7.47154
510 -0.757526 -0.218642 1.18835
510 -0.162615 -0.58134 7.47154
510 -0.833867 0.486291 1.18835
510 -0.382687 -0.0203736 1.18835
510 0.104095 0.0816928 1.18835
510 -0.0408357 -0.903689 1.18835
510 0.306655 0.265448 1.18835
510 -0.257822 0.3867 1.18835
510 0.603473 -0.819603 7.47154
510 -0.0956479 0.0678379 1.18835
510 0.359351 -0.553321 7.47154
510 0.480596 0.189581 1.18835
510 0.736365 0.221081 1.18835
510 -0.244828 -0.166048 1.18835
510 -0.759414 -0.374799 1.18835
510 0.67352 -0.220675 7.47154
510 0.18161 -0.0832957 1.18835
510 0.157972 -0.302504 1.18835
510 -0.32447 0.684265 1.18835
510 0.746669 -0.312312 1.18835
510 0.508691 0.108852 1.18835
510 -0.308285 -0.960608 1.18835
510 0.163126 0.606194 1.18835
510 -0.0102629 -0.390604 1.18835
510 -0.436386 0.55359 1.18835
510 -0.659051 0.386067 1.18835
510 0.172066 -0.347849 1.18835
510 -0.71047 0.39319 7.47154
510 0.660761 0.800476 7.47154
510 -0.478432 0.230184 1.18835
510 -0.572718 0.78445 1.18835
510 0.201302 -0.74369 1.18835
510 -0.413456 -0.455522 7.47154
510 0.375597 0.440923 1.18835
510 -0.122681 0.234126 1.18835
510 0.144821 0.0501158 1.18835
510 0.547938 0.0774865 7.47154
510 -0.945399 0.198483 7.47154
510 0.547603 -0.793771 1.18835
510 -0.301606 -0.0426505 1.18835
510 -0.0236423 0.50542 7.47154
510 0.350342 -0.05997 7.47154
510 -0.520855 -0.287753 7.47154
510 0.872117 0.453982 7.47154
510 0.585315 -0.623299 1.18835
510 0.584683 -0.333783 1.18835
510 -0.468642 -0.550147 7.47154
510 1.0305 -0.0478662 1.18835
510 0.0191517 -0.267165 1.18835
510 -0.286285 0.0100411 1.18835
510 0.846303 -0.177622 1.18835
510 0.237012 0.434165 1.18835
510 -0.201584 -0.350529 1.18835
510 0.644152 -0.715931 7.47154
510 -0.276113 -0.312884 1.18835
510 0.262197 -0.576066 7.47154
510 0.315272 0.674523 1.18835
510 0.247948 -0.715755 7.47154
510 -0.496825 -0.0991813 1.18835
510 0.468471 0.426187 1.18835
510 -0.724351 0.288497 7.47154
510 -0.0309118 -0.52364 7.47154
510 0.547733 -0.85756 7.47154
510 0.224901 -0.987286 7.47154
510 -0.715518 -0.0128179 1.18835
510 -0.106781 0.617845 1.18835
510 -0.372212 0.78544 1.18835
510 -0.00784503 -0.697882 7.47154
510 -0.0729313 -0.325602 1.18835
510 0.40679 -0.329676 1.18835
510 -0.334525 -0.841716 1.18835
510 -0.10819 0.156749 1.18835
510 1.02941 0.0863512 1.18835
510 0.107967 -0.17748 1.18835
510 -0.061667 0.81719 7.47154
510 -0.393012 -0.812339 7.47154
510 -0.430504 -0.0354201 1.18835
510 0.0732229 0.665899 1.18835
510 0.530341 -0.606857 7.47154
510 0.387852 -0.142312 1.18835
510 0.0556724 -0.0545763 1.18835
510 0.460284 -0.255013 1.18835
510 -0.578035 0.627146 1.18835
510 -0.308844 0.390431 1.18835
510 0.256027 0.596381 1.18835
510 0.437365 -0.123643 1.18835
510 0.358806 -0.950027 1.18835
510 -0.271935 0.0613318 7.47154
510 -0.351252 0.970449 1.18835
510 0.242628 0.487623 1.18835
510 0.522593 0.158242 7.47154
510 -0.097639 -0.738522 7.47154
510 -0.302664 -0.229641 1.18835
510 0.947372 0.230125 1.18835
510 0.48569 -0.641533 1.18835
510 -0.169404 1.02004 1.18835
510 0.67075 0.635586 1.18835
510 0.67151 0.469307 7.47154
510 -0.396677 -0.0742891 1.18835
510 -0.526556 0.824808 7.47154
510 0.0667023 0.557927 1.18835
510 0.957393 0.392246 7.47154
510 -0.729878 -0.323212 7.47154
510 0.387399 0.201835 7.47154
510 0.309135 -0.913604 1.18835
510 0.537066 0.0224728 7.47154
510 0.513949 0.393001 1.18835
510 -0.0407064 -0.471435 7.47154
510 -0.381445 -0.691625 1.18835
510 0.138255 -0.434114 1.18835
510 -0.686585 0.335617 1.18835
510 0.55277 0.310057 1.18835
510 -0.518475 0.614321 1.18835
510 -0.203906 0.385695 1.18835
510 0.384026 0.816732 1.18835
510 -0.126941 -0.088397 1.18835
510 0.652772 -0.479838 1.18835
510 -0.185231 0.560002 1.18835
510 0.224187 0.326846 1.18835
510 0.588829 0.228153 7.47154
510 -0.196266 -0.773936 7.47154
510 -0.210645 0.263071 1.18835
510 0.677008 -0.0459891 1.18835
510 0.811432 0.112697 1.18835
510 0.203711 0.174828 7.47154
510 -0.0257831 0.395593 1.18835
510 0.124863 0.691343 1.18835
510 -0.0679985 0.70469 7.47154
510 0.0800897 -0.364998 1.18835
510 0.458708 0.0874507 1.18835
510 -0.466968 0.919873 1.18835
510 -0.76164 0.684116 1.18835
510 0.59731 0.279897 1.18835
510 -0.160212 0.646132 7.47154
510 0.411614 -0.276903 1.18835
510 -0.59898 -0.809703 7.47154
510 -0.391287 0.116506 1.18835
510 -0.396959 0.265041 1.18835
510 -0.502064 0.370845 1.18835
510 -0.909929 -0.0761394 1.18835
510 -0.09167 -0.4519 7.47154
510 0.0120227 0.305079 1.18835
510 0.588188 -0.691208 1.18835
510 0.194751 0.466416 7.47154
510 0.0697918 -0.312159 1.18835
510 0.707704 0.758763 7.47154
510 -0.959257 -0.0502677 1.18835
510 0.763474 0.437722 1.18835
510 -0.835812 0.380893 1.18835
510 -0.658037 0.70476 1.18835
510 -0.47216 0.799675 7.47154
510 -0.0815434 -0.791539 7.47154
510 0.493616 -0.829647 7.47154
510 0.118949 0.636814 1.18835
510 -0.344818 0.26939 1.18835
510 0.572946 -0.421242 1.18835
510 0.100079 0.258515 7.47154
510 -0.280135 0.341482 1.18835
510 0.14218 -0.00116951 1.18835
510 -0.894772 0.097631 1.18835
510 0.610853 -0.380047 7.47154
510 -0.408811 0.066706 1.18835
510 -0.165829 -0.233392 1.18835
510 -0.367081 0.404985 1.18835
510 0.130211 -0.38135 7.47154
510 -0.81811 -0.215806 7.47154
510 -0.0684762 0.532533 1.18835
510 -0.644045 -0.21457 1.18835
510 -0.363444 -0.11268 1.18835
510 0.235043 0.0937794 1.18835
510 0.298458 0.563098 7.47154
510 -0.545551 -0.845301 1.18835
510 -0.220241 -0.396473 7.47154
510 -0.90757 -0.306412 7.47154
510 -0.310538 0.864989 1.18835
510 0.534158 -0.030853 1.18835
510 0.751814 0.714672 7.47154
510 -0.345172 0.359304 7.47154
510 -0.116937 -0.356933 1.18835
510 0.137829 0.803677 1.18835
510 0.561263 -0.252106 1.18835
510 -0.48559 -0.698703 1.18835
510 0.248987 0.541726 7.47154
510 -0.211497 -0.253861 1.18835
510 -0.445436 -0.0884743 1.18835
510 0.0237467 0.132775 1.18835
510 -0.707406 0.447193 7.47154
510 0.58372 -0.00529693 7.47154
510 0.63558 0.0403317 7.47154
510 -0.111866 0.0130925 1.18835
510 0.823446 0.399093 1.18835
510 0.021591 -0.312708 1.18835
510 0.411116 0.659225 1.18835
510 -0.497405 -0.502055 1.18835
510 -0.133732 0.912645 7.47154
510 0.920492 0.0791786 1.18835
510 0.291614 -0.749461 1.18835
510 0.0450535 -0.711644 1.18835
510 -0.554547 0.472095 1.18835
510 0.0508977 -0.455938 7.47154
510 -0.809744 0.433716 7.47154
510 -0.821691 -0.372795 1.18835
510 -0.173639 -0.679539 7.47154
510 0.498178 0.0555083 1.18835
510 0.811148 -0.282347 7.47154
510 0.367503 0.696866 7.47154
510 -0.424805 0.31442 1.18835
510 0.75036 -0.164299 1.18835
510 0.36177 0.335657 1.18835
510 0.382689 0.49493 1.18835
510 0.720012 -0.369972 1.18835
510 0.868334 0.300121 1.18835
510 0.23817 0.868569 1.18835
510 0.584016 -0.106714 7.47154
510 -0.320171 0.0466804 1.18835
510 -0.253774 0.619904 1.18835
510 0.134612 -0.682413 1.18835
510 0.0920759 0.881509 1.18835
510 -0.598692 0.683421 7.47154
510 0.396886 0.252601 1.18835
510 -0.216262 0.517655 1.18835
510 0.654836 0.105773 1.18835
510 -0.953223 0.358678 7.47154
510 -0.258797 0.244732 1.18835
510 0.804833 0.329615 7.47154
510 -0.699674 -0.217173 1.18835
510 0.504255 0.909769 7.47154
510 -0.532788 0.22987 1.18835
510 -0.0151985 0.844844 7.47154
510 -0.0373959 1.03497 7.47154
510 0.490325 0.000209833 7.47154
510 -0.902738 0.480973 1.18835
510 -0.740378 -0.684684 7.47154
510 0.793196 0.668052 1.18835
510 0.374346 -0.603949 1.18835
510 0.45522 0.62384 7.47154
510 -0.475601 0.416354 7.47154
510 -0.114646 0.825934 1.18835
510 0.186983 0.0210429 1.18835
510 -0.334554 -0.00528818 1.18835
510 -0.360217 -0.360112 1.18835
510 0.176395 0.307799 1.18835
510 -0.586124 -0.360864 7.47154
510 0.266881 -0.385855 7.47154
510 0.334574 0.984035 1.18835
510 0.214718 1.01235 1.18835
510 -0.958788 0.0743828 7.47154
510 -0.0284975 -0.295463 1.18835
510 -0.0277618 0.338197 7.47154
510 -0.229274 -0.670903 7.47154
510 -0.0117229 -0.958794 7.47154
510 0.189057 -0.692212 7.47154
510 0.682016 0.0643355 1.18835
510 -0.19051 0.311458 1.18835
510 -0.60776 0.380491 7.47154
510 -0.611605 0.477646 7.47154
510 0.631216 -0.653165 1.18835
510 0.0433029 0.265106 7.47154
510 -0.617339 0.586075 7.47154
510 -1.01011 -0.0901769 7.47154
510 0.635468 0.511142 1.18835
510 0.284183 -0.23191 1.18835
510 -0.666536 0.185227 1.18835
510 -0.170425 0.698028 1.18835
510 0.361124 -0.355307 1.18835
510 -0.440468 -0.410564 7.47154
510 -0.447184 0.267589 1.18835
510 -0.202151 0.613467 7.47154
510 0.284653 0.827067 7.47154
510 0.816548 0.0525896 1.18835
510 -0.530771 0.422226 1.18835
510 0.46356 -0.358512 1.18835
510 0.196359 -0.273193 1.18835
510 -0.478757 0.654711 1.18835
510 0.27351 0.00768317 1.18835
510 -0.349174 -0.0585116 7.47154
510 0.430854 -0.173497 1.18835
510 0.0831003 0.774408 1.18835
510 -0.987877 -0.227203 1.18835
510 -0.248714 -0.624254 1.18835
510 0.630908 -0.182923 1.18835
510 0.0903434 -1.00778 1.18835
510 -0.444623 0.100916 1.18835
510 -0.0835235 -0.12021 1.18835
510 0.517431 -0.553073 1.18835
510 -0.125759 0.104699 1.18835
510 0.933301 0.287645 1.18835
510 0.581329 -0.0554161 1.18835
510 -0.714623 0.0869157 1.18835
510 0.490499 0.239949 1.18835
510 0.139911 0.34392 1.18835
510 0.730172 0.653117 7.47154
510 -0.673816 -0.319144 1.18835
510 0.316782 -0.588143 1.18835
510 0.0221596 -1.01067 7.47154
510 0.559105 0.875105 1.18835
510 -0.946194 -0.355983 1.18835
510 -0.60738 -0.628818 1.18835
510 -0.356519 0.08193 1.18835
510 -0.383615 -0.875074 7.47154
510 -0.0249081 0.448886 1.18835
510 -0.16702 -0.0517363 1.18835
510 -0.377643 -0.166761 1.18835
510 0.289194 0.886098 1.18835
510 0.121318 -0.786972 7.47154
510 -0.411633 -0.127731 1.18835
510 -0.662326 -0.0125959 1.18835
510 0.978136 0.0518222 1.18835
510 -0.512571 -0.00536364 1.18835
510 0.19952 -0.171471 7.47154
510 -0.110805 0.5028 7.47154
510 0.399532 -0.516389 7.47154
510 -0.21932 -0.0622898 7.47154
510 -0.213103 -0.721703 7.47154
510 0.0121023 0.366098 7.47154
510 -0.139619 0.312741 1.18835
510 0.725494 0.485523 1.18835
510 0.284784 0.45467 7.47154
510 -0.855993 -0.422693 1.18835
510 0.330845 -0.452166 1.18835
510 -0.157403 -0.0012279 7.47154
510 -0.127907 -0.489025 1.18835
510 -0.328564 -0.690584 7.47154
510 -0.277657 0.195451 1.18835
510 -0.108807 0.447108 1.18835
510 0.122927 -0.62939 1.18835
510 -0.0466515 -1.00949 1.18835
510 -0.860503 -0.107279 1.18835
510 0.153617 0.0986189 1.18835
510 -0.454424 0.18783 1.18835
510 -0.0545754 0.165533 1.18835
510 0.0790489 0.720182 1.18835
510 0.671898 -0.614752 1.18835
510 -0.810512 0.246815 1.18835
510 0.290237 -0.180187 7.47154
510 0.76489 -0.254524 1.18835
510 0.251427 0.193325 1.18835
510 0.924678 -0.0408086 1.18835
510 -0.0804497 -0.0715217 1.18835
510 0.0487843 0.337928 1.18835
510 0.330292 -0.638905 7.47154
510 0.0472817 0.98294 7.47154
510 -0.89129 0.367672 1.18835
510 0.87012 -0.536823 1.18835
510 0.118677 -0.952351 7.47154
510 0.712685 0.108766 7.47154
510 0.689448 0.696521 1.18835
510 0.348847 0.584289 1.18835
510 -0.016365 0.784722 7.47154
510 -0.356675 0.492382 1.18835
510 0.289396 -0.486913 7.47154
510 0.447716 0.271574 1.18835
510 -0.439372 -0.596846 7.47154
510 0.779952 0.501973 1.18835
510 -0.0239987 0.125292 7.47154
510 -0.536422 -0.19817 1.18835
510 -0.281388 -0.130564 1.18835
510 0.642869 0.2463 1.18835
510 -0.266712 0.670481 1.18835
510 -0.829016 -0.00612612 7.47154
510 0.536942 -0.458779 1.18835
510 0.855784 -0.3253 1.18835
510 -0.619099 -0.314948 1.18835
510 0.533491 0.208961 1.18835
510 0.17015 0.213574 1.18835
510 0.201142 -0.88545 1.18835
510 -0.633611 0.330648 1.18835
510 -0.882772 -0.203153 1.18835
510 1.03258 0.0195055 1.18835
510 0.277146 0.0604632 1.18835
510 0.606302 0.333623 1.18835
510 0.124551 0.218261 7.47154
510 0.614789 0.621077 7.47154
510 0.457116 -0.532425 7.47154
510 -0.760473 -0.473285 1.18835
510 0.0546877 -0.106017 1.18835
510 -0.0809637 -0.505273 7.47154
510 0.00909289 0.0831031 1.18835
510 -0.294285 0.147038 1.18835
510 -0.344101 -0.20527 1.18835
510 -0.00798718 -0.853436 1.18835
510 -0.698266 0.664517 7.47154
510 -0.762775 0.466168 1.18835
510 -0.720136 0.727648 7.47154
510 0.151019 -0.250105 1.18835
510 0.584913 0.718096 7.47154
510 0.963797 -0.137195 1.18835
510 -0.345332 0.135592 7.47154
510 -0.0785597 0.319174 1.18835
510 0.063742 0.502945 1.18835
510 -0.321598 0.317628 1.18835
510 -0.549087 -0.106492 7.47154
510 0.450908 0.0334969 1.18835
510 0.631814 -0.428894 1.18835
510 -0.118726 -0.689239 1.18835
510 -0.208131 0.123851 1.18835
510 0.0220738 0.587495 1.18835
510 -0.530639 0.134332 1.18835
510 -0.204088 -0.0141612 7.47154
510 0.499569 -0.288256 1.18835
510 -1.00138 -0.158644 7.47154
510 -0.414033 0.880343 1.18835
510 -0.409451 0.945668 1.18835
510 -0.555395 -0.406432 7.47154
510 -0.410883 -0.26767 1.18835
510 -0.486629 -0.754806 1.18835
510 -0.530965 -0.0565654 1.18835
510 -0.499693 -0.237014 1.18835
510 -0.412068 0.50281 1.18835
510 -0.919977 -0.417342 1.18835
510 -0.220682 -0.304809 7.47154
510 -0.123187 -0.256741 7.47154
510 0.0957487 -0.725346 1.18835
510 0.0125683 -0.753297 1.18835
510 -0.0690064 0.369936 1.18835
510 -0.783912 0.575922 1.18835
510 0.0544909 -0.957052 1.18835
510 0.418718 0.119029 1.18835
510 -0.67759 -0.670762 1.18835
510 -0.222889 0.0742551 1.18835
510 -0.324189 0.535115 1.18835
510 0.724207 -0.0699845 1.18835
510 -0.432967 -0.711379 1.18835
510 0.493541 -0.701714 1.18835
510 0.633118 -0.132151 1.18835
510 -0.150975 -0.128572 1.18835
510 -0.787945 -0.324145 1.18835
510 0.544184 0.25886 1.18835
510 -0.105798 1.03163 1.18835
510 0.147168 0.444341 1.18835
510 -0.21446 0.667561 1.18835
510 -0.381625 -0.744532 1.18835
510 0.099542 -0.0266687 1.18835
510 0.933996 0.450843 1.18835
510 -0.19431 -0.436345 1.18835
510 0.100403 -0.131006 7.47154
510 0.0316465 -0.358146 1.18835
510 0.176357 0.716806 7.47154
510 0.389275 0.956819 1.18835
510 -0.121237 0.773879 7.47154
510 -0.475239 0.318904 1.18835
510 -0.369371 0.0318198 1.18835
510 -0.0758731 -0.953514 7.47154
510 0.90383 0.509946 7.47154
510 0.973678 -0.0763612 1.18835
510 0.645917 0.738351 1.18835
510 0.534433 -0.0840899 1.18835
510 0.15862 -0.999868 1.18835
510 0.0192314 0.0256837 1.18835
510 -0.757573 -0.575123 7.47154
510 0.364527 0.045932 1.18835
510 0.485679 0.535126 1.18835
510 -0.0577005 -0.606433 7.47154
510 -0.29066 0.578637 7.47154
510 0.315056 -0.309729 1.18835
510 0.72752 0.042379 1.18835
510 0.0105668 -0.0766218 1.18835
510 -0.664705 -0.518077 7.47154
510 0.13948 -0.893979 7.47154
510 0.183764 -0.0303486 1.18835
510 -0.416889 0.217948 1.18835
510 -0.770832 0.0893873 1.18835
510 -0.311823 -0.274847 7.47154
510 -0.591306 -0.208611 1.18835
510 -0.0646973 -0.373749 1.18835
510 0.604215 -0.283916 1.18835
510 0.687346 -0.426827 1.18835
510 -0.0665804 0.983392 7.47154
510 -0.870822 0.430908 1.18835
510 -0.333014 0.441144 1.18835
510 -0.114997 0.353862 1.18835
510 -0.968664 -0.292731 1.18835
510 -0.616879 0.745156 1.18835
510 -0.740416 0.0380539 1.18835
510 0.455732 0.322344 1.18835
510 -0.526221 -0.453947 1.18835
510 -0.5521 -0.506554 1.18835
510 0.0192936 -0.604115 7.47154
510 -0.858104 0.0397409 7.47154
510 0.526334 -0.186773 1.18835
510 0.478262 0.732973 1.18835
510 0.500691 -0.502431 1.18835
510 -0.174667 -0.484387 7.47154
510 -0.73952 0.623155 7.47154
510 0.630039 -0.580321 7.47154
510 -0.24814 -0.443078 1.18835
510 -0.00452569 0.173645 1.18835
510 -0.990377 0.239512 7.47154
510 0.564628 0.126265 1.18835
510 -0.355746 -0.546981 7.47154
510 -0.273147 -0.69824 7.47154
510 -0.521519 0.519129 7.47154
510 0.599392 0.776716 1.18835
510 -0.316154 -0.096048 1.18835
510 0.22385 -0.0640584 1.18835
510 0.574026 -0.566902 1.18835
510 0.263742 0.6518 1.18835
510 -0.72775 -0.521041 1.18835
510 0.114208 0.582398 7.47154
510 -0.45801 0.603833 1.18835
510 0.397382 -0.0406181 7.47154
510 -0.63533 0.133949 1.18835
510 -0.225977 0.722504 7.47154
510 -0.0231068 -0.644247 7.47154
510 -0.296343 -0.643914 7.47154
510 0.671419 -0.533461 1.18835
510 0.769661 0.38224 1.18835
510 0.232734 0.381184 1.18835
510 0.557275 -0.512216 1.18835
510 -0.189395 0.0372528 7.47154
510 0.204719 -0.122988 7.47154
510 -0.519569 0.0429426 1.18835
510 -0.399867 0.593767 1.18835
510 0.803428 -0.143056 1.18835
510 0.708302 0.592195 1.18835
510 0.816178 -0.0776907 1.18835
510 0.186671 -0.452895 1.18835
510 -0.289314 -0.799353 1.18835
510 0.15863 0.261076 7.47154
510 -0.841704 -0.16374 7.47154
510 -0.783611 -0.634484 7.47154
510 0.767692 -0.103085 1.18835
510 0.301976 -0.538143 1.18835
510 -0.192747 0.17325 1.18835
510 0.369752 -0.408928 1.18835
510 -0.553669 -0.248725 7.47154
510 -0.302311 0.927042 7.47154
510 0.234719 -0.66214 1.18835
510 0.339076 0.852724 7.47154
510 -0.515926 -0.148951 7.47154
510 0.489226 0.78907 1.18835
510 0.0700061 -0.772727 1.18835
510 -0.447105 0.751734 1.18835
510 0.653445 0.573375 1.18835
510 -0.659667 -0.617818 7.47154
510 -0.674355 -0.166536 7.47154
510 -0.445091 -0.227617 1.18835
510 0.617543 0.144193 1.18835
510 0.23312 0.0404634 1.18835
510 -0.0197458 0.673982 1.18835
510 0.19228 0.833595 7.47154
510 0.028214 0.697932 1.18835
510 0.0585997 0.391304 1.18835
510 0.0100426 -0.490704 7.47154
510 0.979956 0.332997 1.18835
510 -0.0701013 0.41946 1.18835
510 0.69334 -0.321255 1.18835
510 -0.206452 -0.201593 7.47154
510 0.733181 -0.630575 1.18835
510 -0.754646 -0.115652 1.18835
510 0.621279 0.449258 7.47154
510 0.937848 -0.257477 1.18835
510 -0.60152 -0.263339 7.47154
510 0.661042 0.409526 7.47154
510 0.324024 0.732027 7.47154
510 0.498775 0.589106 1.18835
510 -0.198621 0.470172 1.18835
510 -0.867645 -0.258526 1.18835
510 0.500562 0.846851 1.18835
510 0.123993 0.299872 7.47154
510 -0.410309 -0.646852 7.47154
510 -0.784228 0.295156 7.47154
510 0.306548 0.61837 1.18835
510 -0.481138 -0.188473 1.18835
510 0.711858 0.426358 1.18835
510 -0.179426 -0.992552 7.47154
510 -0.424656 0.150992 7.47154
510 0.114255 -0.577316 7.47154
510 -0.114022 0.671642 1.18835
510 0.760922 0.131382 1.18835
510 -0.437219 0.695763 7.47154
510 0.115396 0.97841 1.18835
510 0.512562 0.642806 1.18835
510 0.499936 0.290242 1.18835
510 -0.322525 -0.900658 1.18835
510 -0.244543 0.945664 1.18835
510 0.32389 0.0786362 1.18835
510 0.658514 0.353788 7.47154
510 0.0753729 0.301933 7.47154
510 0.371186 -0.246231 7.47154
510 -0.882323 0.216103 1.18835
510 0.298674 0.213342 1.18835
510 -0.825011 -0.47558 1.18835
510 0.0291341 -0.656344 1.18835
510 -0.19745 0.901525 1.18835
510 -0.847965 -0.317617 1.18835
510 -0.0750791 0.928677 1.18835
510 0.571076 0.66121 1.18835
510 0.097488 -0.0796797 1.18835
510 -0.0272532 -0.0026497 7.47154
510 -0.821688 -0.583042 1.18835
510 0.191616 0.126998 1.18835
510 -0.931373 0.418964 1.18835
510 0.772527 -0.479422 7.47154
510 0.804666 -0.431334 1.18835
510 0.157548 0.551834 1.18835
510 -0.557634 0.722762 1.18835
510 -0.728955 0.56345 7.47154
510 0.44755 0.881198 1.18835
510 0.771111 -0.382244 1.18835
510 -0.073081 -0.176474 1.18835
510 0.156439 -0.539751 1.18835
510 -0.258301 0.110765 1.18835
510 0.208928 -0.557893 1.18835
510 -0.471813 -0.452253 7.47154
510 0.269575 -0.285981 1.18835
510 -0.365152 0.221884 1.18835
510 -0.265298 0.825829 1.18835
510 0.700858 0.314672 1.18835
510 0.109985 -0.281384 1.18835
510 0.42097 0.714425 1.18835
510 -0.120611 -0.0385517 1.18835
510 0.233083 0.939752 1.18835
510 0.473431 -0.58509 1.18835
510 -0.444201 0.460168 7.47154
510 0.00975267 -0.124935 1.18835
510 0.751823 0.329415 1.18835
510 0.355303 0.284664 1.18835
510 -0.607445 -0.511929 1.18835
510 -0.0859914 -0.646796 1.18835
510 -0.574029 0.525351 7.47154
510 0.213796 0.227888 1.18835
510 0.0838619 -0.901842 1.18835
510 0.462381 0.373799 7.47154
510 0.177966 -0.399665 1.18835
510 -0.554818 -0.610216 1.18835
510 0.374141 -0.890949 1.18835
510 0.262945 -0.334303 1.18835
510 -0.320106 0.803478 1.18835
510 0.220326 -0.831726 1.18835
510 0.438858 0.825512 7.47154
510 0.404468 0.0126469 1.18835
510 0.771179 -0.581802 1.18835
510 -0.330239 0.18374 7.47154
510 -0.434032 -0.773222 1.18835
510 0.220371 0.684824 1.18835
510 0.206352 0.574357 1.18835
510 0.454055 -0.310048 1.18835
510 -0.137817 -0.784116 1.18835
510 -0.552075 0.0857605 1.18835
510 1.02386 -0.113748 1.18835
510 -0.159451 0.268554 1.18835
510 0.311368 -0.356287 7.47154
510 -0.127213 0.970728 1.18835
510 -0.638056 -0.464539 7.47154
510 -0.739432 0.341869 1.18835
510 -0.171446 -0.285298 1.18835
510 -0.42772 -0.178808 1.18835
510 0.019694 -0.220233 1.18835
510 -0.31311 -0.740397 1.18835
510 -0.165211 0.359072 1.18835
510 0.841495 0.51137 1.18835
510 0.658952 -0.274798 7.47154
510 -0.580843 0.327666 7.47154
510 0.425094 0.46047 1.18835
510 -0.0284669 -0.198209 7.47154
510 -0.142401 0.189278 7.47154
510 0.0643129 -0.564625 1.18835
510 0.291351 -0.97155 1.18835
510 0.141452 -0.106383 1.18835
510 -0.586309 0.230396 1.18835
510 0.787299 0.229358 1.18835
510 -0.120282 0.723006 1.18835
510 0.4333 0.514975 1.18835
510 -0.0210356 -0.57533 1.18835
510 0.380082 -0.192822 1.18835
510 -0.114624 -0.155516 1.18835
510 0.312286 0.315958 7.47154
510 0.01842 0.921096 1.18835
510 0.82213 -0.01256 7.47154
510 -0.302308 -0.538635 1.18835
510 -0.184566 -0.0962743 1.18835
510 0.290192 0.161364 7.47154
510 0.726814 0.169738 1.18835
510 -0.00766857 0.256903 1.18835
510 -0.692908 -0.729805 1.18835
510 0.344924 0.916008 1.18835
510 0.295978 -0.12984 1.18835
510 0.629726 0.679049 1.18835
