40 0.0475394 0.0620637 4.17957
40 0.175101 -0.239215 4.17957
40 -0.228358 0.341227 -2.10362
40 -0.0959729 -0.777133 -2.10362
40 0.022282 -0.434897 4.17957
40 0.711858 0.0912271 4.17957
40 -0.503823 -0.207261 4.17957
40 -0.0656309 0.641173 4.17957
40 -0.371506 -0.300143 4.17957
40 -0.519915 0.179591 4.17957
40 0.681648 0.719219 -2.10362
40 -0.556712 -0.206761 -2.10362
40 -0.420384 0.0271577 4.17957
40 0.412895 0.0476606 4.17957
40 0.313282 -0.799285 4.17957
40 -0.51778 0.637467 4.17957
40 0.507749 0.060247 -2.10362
40 -0.62782 0.420592 4.17957
40 0.825357 -0.112616 4.17957
40 0.568265 -0.45047 4.17957
40 -0.439497 0.737544 -2.10362
40 0.249448 0.798353 4.17957
40 -0.835765 0.347767 -2.10362
40 -0.119876 0.825336 4.17957
40 0.167685 0.112791 4.17957
40 -0.862025 0.0512957 4.17957
40 0.289316 -0.855467 4.17957
40 0.158807 0.87052 4.17957
40 0.454774 -0.381686 4.17957
40 0.0328331 0.00148358 4.17957
40 -0.551255 0.0324491 4.17957
40 0.332896 -0.0686694 -2.10362
40 -0.076036 0.152222 4.17957
40 -0.741547 0.175272 4.17957
40 0.151684 1.05446 -2.10362
40 0.722394 -0.315107 -2.10362
40 0.581407 0.781358 4.17957
40 0.537751 -0.159863 -2.10362
40 -0.342058 -0.0409375 -2.10362
40 -0.671935 0.603594 4.17957
40 -0.0359381 -0.0557248 4.17957
40 0.0944347 -0.0725144 4.17957
40 0.0657879 0.722474 4.17957
40 0.803154 -0.558024 -2.10362
40 0.10467 -0.63091 4.17957
40 -0.501509 0.808573 4.17957
40 0.433292 0.309262 4.17957
40 -0.435172 0.311267 4.17957
40 0.517359 0.172168 4.17957
40 0.561451 0.894723 4.17957
40 0.655799 0.106144 4.17957
40 0.0417645 0.278071 4.17957
40 0.654732 -0.731523 4.17957
40 0.250755 0.983342 4.17957
40 0.314335 0.458628 4.17957
40 -0.306022 -0.44602 4.17957
40 0.657044 0.486496 -2.10362
40 0.302281 0.309652 4.17957
40 0.511319 0.112715 -2.10362
40 -0.637633 -0.250742 -2.10362
40 -0.447508 -0.722902 -2.10362
40 0.206914 -0.116262 4.17957
40 0.279105 -0.355949 -2.10362
40 -0.189615 0.582819 4.17957
40 0.636289 0.777994 4.17957
40 -0.103247 -0.282278 -2.10362
40 -0.487388 0.318799 4.17957
40 -0.0826178 -0.424634 4.17957
40 0.62985 0.841472 4.17957
40 -0.0963944 0.496018 4.17957
40 0.577884 -0.708204 4.17957
40 0.56661 -0.0712798 -2.10362
40 -0.525133 0.577253 4.17957
40 -0.00694755 0.920577 4.17957
40 -0.210499 0.973412 4.17957
40 0.347252 0.844803 4.17957
40 -0.0125913 0.213392 4.17957
40 -0.186949 -0.758374 -2.10362
40 -0.393898 -0.785835 4.17957
40 -0.305823 -0.109302 4.17957
40 -0.524854 -0.253227 4.17957
40 0.413001 -0.57056 4.17957
40 -0.644822 0.261563 4.17957
40 0.689295 -0.225796 4.17957
40 0.00552633 -0.108345 -2.10362
40 -0.379497 0.933001 4.17957
40 -0.0117436 -0.477454 4.17957
40 -0.801038 -0.593178 4.17957
40 0.288506 -0.62292 4.17957
40 0.488579 0.222302 4.17957
40 -0.924131 0.199335 4.17957
40 -0.619447 0.00531042 4.17957
40 0.139847 0.201127 4.17957
40 0.190701 -0.0608295 -2.10362
40 -0.143766 -0.927807 4.17957
40 0.465404 0.795424 4.17957
40 0.301703 -0.264287 4.17957
40 -0.132293 -0.079042 4.17957
40 -0.250484 0.455533 -2.10362
40 -0.124546 0.739487 4.17957
40 -0.982652 0.371001 4.17957
40 0.453969 0.508975 -2.10362
40 -0.628867 0.369981 4.17957
40 -0.0968476 -0.113718 4.17957
40 -0.0881961 0.863961 4.17957
40 0.736102 -0.034157 4.17957
40 -0.438808 0.553083 4.17957
40 0.42124 -0.127536 4.17957
40 0.549106 -0.290943 4.17957
40 0.743308 -0.260857 4.17957
40 -0.973059 0.176074 4.17957
40 -0.17075 -0.0234116 4.17957
40 -0.164256 0.63893 4.17957
40 -0.127154 -0.2355 4.17957
40 0.260669 0.00190685 4.17957
40 -0.545813 0.916725 4.17957
40 0.663907 -0.38639 4.17957
40 0.554659 -0.211629 4.17957
40 -0.136386 1.05962 -2.10362
40 -0.00204436 0.406189 4.17957
40 0.0670073 0.785417 4.17957
40 0.69663 0.66168 4.17957
40 -0.801035 0.396556 -2.10362
40 -0.268709 0.960977 4.17957
40 0.370741 -0.793849 4.17957
40 0.516742 0.427591 -2.10362
40 -0.609957 -0.488052 4.17957
40 0.687581 -0.68539 4.17957
40 0.38441 -0.493011 4.17957
40 0.104331 0.479317 4.17957
40 -0.668579 -0.20479 4.17957
40 0.919676 0.0532637 4.17957
40 0.128911 -0.255474 4.17957
40 0.326963 0.402864 -2.10362
40 -0.896795 0.545073 4.17957
40 -0.280064 0.166398 4.17957
40 0.431218 0.212577 4.17957
40 -0.352604 -0.422409 4.17957
40 0.374445 0.0169812 4.17957
40 0.115192 -0.209363 4.17957
40 0.244321 -0.954983 4.17957
40 -0.00867151 0.355359 4.17957
40 0.337804 0.0487241 4.17957
40 -0.8631 -0.0945308 4.17957
40 -0.099761 -0.189973 4.17957
40 0.757406 0.555137 4.17957
40 0.0616963 -0.124953 4.17957
40 0.364163 -0.539319 4.17957
40 0.285207 0.0391606 4.17957
40 0.463421 -0.0348523 -2.10362
40 -0.627526 0.83226 4.17957
40 0.33 -0.495699 4.17957
40 0.495512 -0.289057 4.17957
40 -0.072872 0.737583 -2.10362
40 -0.571223 0.616143 4.17957
40 0.124957 -0.923846 -2.10362
40 -0.302239 0.769653 4.17957
40 -0.177331 -0.97487 -2.10362
40 0.205147 -0.491753 4.17957
40 -0.705063 -0.146332 -2.10362
40 0.790496 0.597924 4.17957
40 -0.254985 0.382198 -2.10362
40 0.224102 -0.322818 4.17957
40 0.0471053 0.194058 -2.10362
40 -0.871504 0.604646 4.17957
40 -0.101071 0.390251 4.17957
40 -0.126058 -0.691633 4.17957
40 0.136854 -0.406432 4.17957
40 0.673207 0.279288 4.17957
40 -0.764508 -0.0361518 4.17957
40 -0.26365 0.122028 4.17957
40 -0.97093 -0.0915498 4.17957
40 0.513218 -0.340869 4.17957
40 0.521103 0.262482 4.17957
40 -0.137268 -0.742 4.17957
40 0.705689 -0.483781 4.17957
40 1.0032 -0.04353 4.17957
40 -0.218428 0.621839 4.17957
40 -0.835396 -0.144804 -2.10362
40 0.260357 0.273734 4.17957
40 0.93955 -0.121735 4.17957
40 -0.427185 -0.523586 4.17957
40 -0.512769 -0.0970774 -2.10362
40 0.137656 -0.669249 4.17957
40 -0.613322 -0.70847 4.17957
40 0.252907 0.0818969 4.17957
40 0.66692 0.378538 -2.10362
40 -0.0715866 0.063611 4.17957
40 -0.18502 -0.156799 4.17957
40 0.0725507 -0.340238 4.17957
40 0.421153 0.547409 4.17957
40 -0.2141 -0.868824 4.17957
40 -0.101663 0.689528 4.17957
40 0.364192 -0.0320875 4.17957
40 0.261229 -0.1335 4.17957
40 -0.835563 -0.450215 4.17957
40 -0.0964854 -0.900595 4.17957
40 0.13903 0.930524 4.17957
40 0.792526 0.51269 4.17957
40 0.660796 0.60435 -2.10362
40 0.0213724 -0.339194 4.17957
40 0.397814 -0.634929 4.17957
40 -0.262857 -0.621724 4.17957
40 -0.310401 0.462455 -2.10362
40 -0.0118854 0.647027 4.17957
40 -0.803992 -0.314648 4.17957
40 -0.766875 -0.217614 4.17957
40 0.591993 -0.530284 4.17957
40 0.385535 0.300553 4.17957
40 -0.437032 0.968805 -2.10362
40 0.299324 0.70036 4.17957
40 -0.0428621 0.318743 -2.10362
40 -0.586236 -0.438848 4.17957
40 -0.143462 0.883008 4.17957
40 0.0250038 0.960372 4.17957
40 -0.740225 -0.325887 4.17957
40 -0.234325 -0.254356 4.17957
40 0.612747 -0.477035 4.17957
40 -0.377403 -0.242566 4.17957
40 0.313362 0.649642 4.17957
40 -0.30547 0.27163 4.17957
40 0.333592 -0.361148 4.17957
40 -0.33104 -0.151159 4.17957
40 0.260178 0.880768 4.17957
40 0.161159 0.761362 4.17957
40 -0.143547 0.965877 4.17957
40 -0.412764 -0.102429 4.17957
40 0.173903 -0.536533 4.17957
40 0.0703204 0.106364 4.17957
40 -0.257682 -0.954722 4.17957
40 -0.281051 0.556675 4.17957
40 0.251308 0.455572 4.17957
40 0.900756 -0.00780378 4.17957
40 -0.131985 -0.421238 4.17957
40 -0.81259 -0.0580468 4.17957
40 -0.70161 -0.243947 4.17957
40 -0.140028 -0.576177 4.17957
40 -0.55862 -0.301301 4.17957
40 0.529215 -0.107851 4.17957
40 0.0603369 -0.0343672 4.17957
40 -0.759485 0.742785 4.17957
40 0.0817508 -0.16944 4.17957
40 0.607628 0.0820963 4.17957
40 0.466183 -0.430338 -2.10362
40 -0.282355 -0.28269 4.17957
40 -0.888817 0.293985 4.17957
40 0.450189 -0.172803 -2.10362
40 0.875686 0.217418 4.17957
40 -0.491379 0.687907 4.17957
40 -0.326855 0.182739 4.17957
40 0.525843 0.687264 4.17957
40 -0.58723 -0.786094 4.17957
40 -0.422392 -0.290177 4.17957
40 -0.643807 -0.163292 -2.10362
40 0.636825 0.00189391 4.17957
40 -0.539187 0.707244 4.17957
40 0.112482 0.771899 4.17957
40 -0.726593 -0.69506 4.17957
40 0.518212 -0.446567 4.17957
40 -0.0199668 -0.151286 4.17957
40 -0.674608 -0.290172 -2.10362
40 0.240285 0.176675 4.17957
40 0.688623 0.789801 -2.10362
40 -0.188321 0.752739 4.17957
40 -0.812184 0.096792 4.17957
40 -0.5261 -0.0352705 4.17957
40 0.172016 -0.632158 -2.10362
40 -0.323912 0.134071 4.17957
40 0.340236 -0.742973 4.17957
40 -0.242895 0.199272 4.17957
40 -0.114623 -0.619507 -2.10362
40 -0.591003 -0.157014 4.17957
40 0.627753 -0.218095 4.17957
40 0.451543 0.853049 4.17957
40 0.825392 -0.406391 4.17957
40 0.0974121 -0.974212 -2.10362
40 -0.811558 -0.188945 -2.10362
40 -0.492838 0.74941 4.17957
40 -0.357722 0.272767 4.17957
40 0.846123 -0.00370013 4.17957
40 0.356363 -0.44837 4.17957
40 0.240329 -0.718124 4.17957
40 0.0874924 -0.390224 4.17957
40 -0.300221 -0.0617062 4.17957
40 -0.911846 0.0822602 4.17957
40 -0.114824 0.257332 4.17957
40 0.120231 0.300216 4.17957
40 0.216823 0.849058 -2.10362
40 -0.0805874 -0.33078 4.17957
40 -0.555754 0.0869579 -2.10362
40 -0.266807 -0.54906 4.17957
40 -0.927404 0.39109 4.17957
40 -0.525264 0.3771 4.17957
40 0.173114 0.385935 4.17957
40 -0.524587 -0.346169 4.17957
40 0.230593 -0.536276 -2.10362
40 -0.492615 -0.38139 -2.10362
40 -0.469522 0.188935 4.17957
40 -0.407623 0.266547 4.17957
40 0.490943 0.302096 4.17957
40 -0.751278 0.386812 4.17957
40 -0.231919 0.554071 4.17957
40 -0.921629 0.139567 4.17957
40 0.309173 1.01218 4.17957
40 0.687462 -0.277806 -2.10362
40 -0.152467 -0.194226 4.17957
40 -0.178932 -0.33454 -2.10362
40 -0.465076 0.0436378 4.17957
40 -0.42129 0.458084 4.17957
40 -0.65165 -0.663849 4.17957
40 -0.17931 0.327364 4.17957
40 0.468246 -0.229172 4.17957
40 0.35293 0.571253 4.17957
40 0.564589 0.376641 4.17957
40 -0.44289 -0.831093 4.17957
40 -0.569697 0.811734 4.17957
40 -0.250477 0.505119 4.17957
40 0.58462 -0.253205 4.17957
40 0.219048 0.359172 4.17957
40 -0.950522 -0.165999 -2.10362
40 -0.751658 -0.0910505 4.17957
40 0.188197 -0.813559 4.17957
40 -0.075329 0.545146 4.17957
40 0.837552 0.428841 4.17957
40 0.54945 0.477404 4.17957
40 0.260888 -0.575213 4.17957
40 -0.0622433 0.107777 4.17957
40 0.124207 0.525547 4.17957
40 -0.883022 0.239212 4.17957
40 0.340352 0.737747 4.17957
40 -0.785046 0.330679 4.17957
40 0.36673 -0.398247 -2.10362
40 0.561071 0.576204 4.17957
40 0.281568 0.417527 -2.10362
40 0.00281669 0.865954 4.17957
40 -0.356876 -0.615751 4.17957
40 -0.229441 -0.717001 4.17957
40 -0.311937 -0.524185 4.17957
40 0.546322 -0.819685 -2.10362
40 0.936516 -0.187333 4.17957
40 0.405283 -0.367255 -2.10362
40 0.712413 0.464627 4.17957
40 -0.483006 -0.0534449 4.17957
40 0.371228 -0.131654 4.17957
40 -0.12258 -0.470774 4.17957
40 -0.779917 -0.363807 -2.10362
40 -0.437825 0.685594 4.17957
40 -0.34192 -0.750793 4.17957
40 0.4991 -0.190281 -2.10362
40 -0.437052 0.228433 4.17957
40 -0.350775 0.503594 4.17957
40 0.89294 0.161919 4.17957
40 -0.320572 -0.313762 4.17957
40 -0.32519 0.958042 4.17957
40 -0.676392 0.357588 4.17957
40 -0.0286795 -0.427551 4.17957
40 -0.246074 -0.311253 4.17957
40 0.262121 -0.239432 4.17957
40 -0.14998 0.406396 4.17957
40 -0.184867 -0.605741 4.17957
40 -0.562895 -0.0684848 4.17957
40 -0.180108 -0.0709553 4.17957
40 -0.308684 -0.39285 4.17957
40 0.314178 -0.924734 -2.10362
40 -0.841969 -0.557672 4.17957
40 -0.127563 -0.150237 4.17957
40 0.6052 -0.308017 4.17957
40 -0.105669 0.929513 4.17957
40 -0.763614 -0.537219 4.17957
40 0.177368 0.525041 4.17957
40 0.00060468 -0.200374 4.17957
40 0.255546 -0.799646 4.17957
40 -0.951188 -0.0136285 4.17957
40 -0.0208274 0.0781964 4.17957
40 0.518881 -0.244438 4.17957
40 0.467288 0.565327 4.17957
40 0.340565 0.164 4.17957
40 0.665065 -0.0564248 4.17957
40 -0.532989 -0.528867 4.17957
40 0.0814495 -0.804888 4.17957
40 -0.33693 0.229458 4.17957
40 0.42834 -0.470916 4.17957
40 -0.162949 -0.380761 4.17957
40 0.367452 -0.323758 4.17957
40 -0.665373 0.16973 4.17957
40 -0.67691 -0.724178 4.17957
40 0.168184 -0.968313 -2.10362
40 -1.00103 -0.0364084 4.17957
40 0.629838 -0.62519 4.17957
40 -0.76426 0.64913 4.17957
40 0.622537 -0.093596 4.17957
40 -0.134974 0.454324 4.17957
40 0.990063 -0.167448 -2.10362
40 0.298375 -0.454578 4.17957
40 0.452681 0.0192557 4.17957
40 -0.123329 0.150382 4.17957
40 -0.0220089 1.06254 4.17957
40 0.00971443 -0.0545163 4.17957
40 0.567423 0.278629 4.17957
40 -0.444958 0.791539 4.17957
40 -0.0128968 -0.753407 -2.10362
40 -0.0873301 -0.562929 4.17957
40 -0.0267086 -0.2428 4.17957
40 -0.612284 0.159649 4.17957
40 -1.00047 0.0428879 4.17957
40 -0.264035 -0.833708 4.17957
40 -0.345757 0.0792722 4.17957
40 0.12307 -0.354946 4.17957
40 -0.554014 -0.830518 -2.10362
40 -0.31908 -0.932513 4.17957
40 0.139739 -0.058434 4.17957
40 -0.117027 0.642767 4.17957
40 0.0491781 0.471752 4.17957
40 0.988477 0.240314 -2.10362
40 0.243225 1.03871 -2.10362
40 0.29632 0.54596 4.17957
40 -0.215733 0.863439 4.17957
40 -0.382584 -0.140094 4.17957
40 -0.453844 0.505654 4.17957
40 -0.260464 -0.0254955 -2.10362
40 0.078513 0.315412 4.17957
40 -0.695257 0.206388 4.17957
40 0.651281 -0.512506 -2.10362
40 -0.61197 0.770527 4.17957
40 -0.615645 -0.298795 4.17957
40 0.49078 -0.780414 4.17957
40 -0.348231 -0.559863 4.17957
40 0.401052 -0.843332 4.17957
40 0.0396799 -0.48404 4.17957
40 0.639703 0.16475 4.17957
40 0.673143 0.429738 4.17957
40 -0.60791 -0.103466 4.17957
40 -0.175242 0.833509 4.17957
40 -0.556679 -0.118439 4.17957
40 -0.478741 -0.52578 4.17957
40 0.0843087 0.363745 4.17957
40 -0.554792 -0.680374 4.17957
40 0.661174 -0.32907 4.17957
40 -0.170916 0.0422173 4.17957
40 0.527368 -0.0347694 4.17957
40 -0.196051 0.187211 4.17957
40 0.951897 0.158581 -2.10362
40 0.399541 -0.176418 4.17957
40 -0.709481 -0.439553 4.17957
40 -0.263064 0.606037 4.17957
40 -0.00123573 0.457191 4.17957
40 0.0906403 0.565962 4.17957
40 0.296253 -0.532573 4.17957
40 -0.389553 -0.459977 4.17957
40 0.413646 -0.0133143 -2.10362
40 -0.308907 0.0418469 4.17957
40 -0.870539 -0.40284 -2.10362
40 -0.417656 -0.41643 4.17957
40 0.587804 -0.583607 4.17957
40 0.233626 0.524509 4.17957
40 -0.0637624 -0.468682 4.17957
40 0.162506 -0.869965 4.17957
40 -0.253106 0.667276 -2.10362
40 0.619999 0.434638 -2.10362
40 0.720918 0.379211 4.17957
40 -0.764935 0.0145681 4.17957
40 0.629757 -0.14485 4.17957
40 -0.667306 -0.601701 4.17957
40 0.11034 -0.116724 4.17957
40 0.131295 -0.307674 4.17957
40 -0.55649 0.144222 4.17957
40 0.423737 0.157506 4.17957
40 -0.679074 0.821026 4.17957
40 0.33719 -0.642041 4.17957
40 0.763698 -0.515061 4.17957
40 -0.112912 0.106573 4.17957
40 0.192629 0.196904 4.17957
40 0.116657 0.11387 4.17957
40 -0.210783 0.00546896 4.17957
40 0.376895 0.387729 4.17957
40 -0.619431 0.476232 4.17957
40 0.725356 0.511783 4.17957
40 0.462408 0.0706916 4.17957
40 0.80243 0.0324642 4.17957
40 0.100764 -0.872545 4.17957
40 -0.870087 0.175066 4.17957
40 -0.483361 0.412242 4.17957
40 -0.895537 0.00942797 4.17957
40 -0.993569 -0.260042 4.17957
40 -1.01014 -0.141453 -2.10362
40 -0.381998 -0.382548 4.17957
40 0.701053 0.0428724 4.17957
40 0.760277 0.341887 4.17957
40 -0.554861 -0.392671 4.17957
40 -0.446173 0.84619 4.17957
40 -0.263543 -0.12674 4.17957
40 -0.856722 -0.293372 4.17957
40 -0.521067 0.483645 4.17957
40 -0.313898 -0.644864 4.17957
40 0.0454823 0.145452 -2.10362
40 0.418743 0.417366 4.17957
40 -0.0762251 0.285842 4.17957
40 0.31795 0.949952 4.17957
40 -0.866301 -0.037402 -2.10362
40 0.0643751 -0.534134 -2.10362
40 1.00745 0.113454 4.17957
40 -0.221189 -0.463391 -2.10362
40 0.930583 -0.360419 4.17957
40 -0.533401 -0.161547 4.17957
40 0.665329 -0.180062 4.17957
40 0.778951 -0.610718 4.17957
40 -0.103451 -0.974021 -2.10362
40 -0.512972 0.119878 4.17957
40 0.863693 0.301249 4.17957
40 0.150555 -0.767491 4.17957
40 -0.4517 -0.577967 4.17957
40 -0.805119 0.516177 4.17957
40 -0.421062 0.130736 4.17957
40 -0.0483328 -0.791413 4.17957
40 0.335527 0.116018 4.17957
40 -0.891299 0.350905 4.17957
40 0.138369 0.666083 4.17957
40 -0.370685 0.458086 4.17957
40 -0.537046 0.330081 4.17957
40 0.451416 0.735013 4.17957
40 0.0400277 0.653367 4.17957
40 0.121867 -0.45043 4.17957
40 0.56948 -0.635807 4.17957
40 -0.382458 0.995005 -2.10362
40 -0.578896 0.291051 4.17957
40 0.196109 -0.580863 4.17957
40 -0.713328 0.775011 4.17957
40 -0.337438 0.418659 -2.10362
40 0.907531 0.336574 4.17957
40 -0.265503 1.02152 -2.10362
40 0.04574 0.422766 4.17957
40 -0.489295 0.943811 4.17957
40 0.0355661 -0.983901 -2.10362
40 -0.731695 -0.390325 -2.10362
40 -0.0441432 0.687845 4.17957
40 -0.224838 0.149222 4.17957
40 -0.0518269 0.964591 4.17957
40 0.226105 -0.851942 4.17957
40 0.0422058 -0.293126 4.17957
40 0.217719 -0.214393 4.17957
40 0.109477 0.619587 4.17957
40 0.0517864 -0.63146 4.17957
40 0.537267 -0.567608 4.17957
40 -0.0506036 0.466585 4.17957
40 0.934197 0.216841 4.17957
40 -0.92769 0.497129 -2.10362
40 0.209343 0.481187 4.17957
40 -0.917846 -0.0585868 4.17957
40 0.365828 -0.223794 4.17957
40 0.0826882 0.946451 4.17957
40 -0.662855 0.515026 4.17957
40 -0.869826 -0.507128 4.17957
40 0.556315 0.0836848 4.17957
40 -0.713185 -0.0372077 4.17957
40 0.713763 -0.161597 4.17957
40 0.569054 0.429081 4.17957
40 0.434461 -0.794286 -2.10362
40 -0.886137 -0.159448 4.17957
40 0.378091 0.529787 4.17957
40 0.207559 -0.0117166 4.17957
40 -0.122867 0.0613224 4.17957
40 0.980048 0.0666377 4.17957
40 0.215603 0.616656 4.17957
40 -0.712975 0.132689 4.17957
40 0.00318086 0.168558 4.17957
40 -0.13945 0.356852 -2.10362
40 0.41564 -0.317605 4.17957
40 -0.958742 0.440507 -2.10362
40 0.747133 0.020646 4.17957
40 0.883354 -0.121594 4.17957
40 0.465757 0.395762 4.17957
40 0.240179 -0.45156 4.17957
40 0.0571262 1.00428 4.17957
40 -0.254772 -0.388379 4.17957
40 -0.572768 0.562603 4.17957
40 0.0103776 0.600811 4.17957
40 0.303172 0.0837147 4.17957
40 -0.0930109 0.0200009 -2.10362
40 -0.797377 0.696698 4.17957
40 0.778786 -0.15515 4.17957
40 0.605627 0.487495 -2.10362
40 0.362176 0.627945 4.17957
40 0.246096 -0.0419534 -2.10362
40 -0.702965 0.0796775 4.17957
40 0.0244692 0.757638 4.17957
40 0.741752 -0.205789 4.17957
40 -0.505745 0.00959625 4.17957
40 -0.608653 -0.206797 4.17957
40 -0.747437 0.230942 4.17957
40 0.230934 -0.618975 -2.10362
40 0.156954 -0.101839 -2.10362
40 0.2324 0.126366 4.17957
40 -0.173685 -0.44498 4.17957
40 -0.411631 -0.191658 4.17957
40 -0.22031 0.414965 4.17957
40 -0.322984 -0.8662 4.17957
40 -0.626506 0.645666 4.17957
40 -0.560247 -0.589026 4.17957
40 0.647429 -0.568566 4.17957
40 0.00693069 0.0409642 4.17957
40 0.898284 -0.420854 4.17957
40 0.839941 -0.517434 -2.10362
40 -0.22165 -0.353705 4.17957
40 0.788208 -0.0227336 4.17957
40 0.00433191 -0.816065 4.17957
40 -0.614842 -0.394155 4.17957
40 0.269649 0.217173 4.17957
40 -0.179032 -0.243078 4.17957
40 -0.798336 -0.109693 4.17957
40 0.399507 0.839404 4.17957
40 -0.665849 0.0387877 4.17957
40 -0.944151 0.317593 4.17957
40 -0.857085 0.405349 -2.10362
40 0.144308 0.433589 4.17957
40 0.12844 0.0239058 4.17957
40 0.893888 0.524198 -2.10362
40 0.793868 -0.273125 -2.10362
40 -0.238943 -0.776899 4.17957
40 -0.544343 0.233715 4.17957
40 0.782661 0.460119 4.17957
40 -0.467395 -0.427129 4.17957
40 -0.063366 -0.609042 4.17957
40 -0.647599 -0.439494 4.17957
40 -0.495117 -0.476568 4.17957
40 0.281806 0.128674 4.17957
40 -0.144476 -0.804876 4.17957
40 0.614093 -0.362189 4.17957
40 0.930326 0.10775 4.17957
40 -0.704219 -0.0933654 4.17957
40 0.196845 0.56939 4.17957
40 -0.418605 0.179665 4.17957
40 -1.03357 -0.0849734 -2.10362
40 -0.0250219 0.787494 4.17957
40 -1.03721 0.0853147 4.17957
40 -0.283446 0.340945 -2.10362
40 0.5711 0.8391 4.17957
40 0.0184619 0.104177 4.17957
40 -0.580191 -0.254854 4.17957
40 -0.764498 0.481204 4.17957
40 -0.897241 -0.337999 4.17957
40 0.706589 0.579638 4.17957
40 -0.4705 0.142577 4.17957
40 0.845604 -0.285526 4.17957
40 0.0688022 0.517475 4.17957
40 -0.232685 -0.160626 4.17957
40 -0.084508 -0.665589 4.17957
40 0.508332 0.594368 4.17957
40 0.866323 -0.466638 4.17957
40 -0.0293285 -0.569348 -2.10362
40 0.535976 0.324977 4.17957
40 0.291182 0.17255 4.17957
40 0.182034 -0.712929 4.17957
40 -0.21734 0.290568 4.17957
40 0.466841 0.446948 4.17957
40 0.118062 -0.544364 4.17957
40 -0.638264 -0.345077 4.17957
40 -0.585616 -0.536934 4.17957
40 -0.170072 0.277935 4.17957
40 0.214446 0.76045 4.17957
40 0.574194 -0.0148158 4.17957
40 -0.253611 -0.0782828 4.17957
40 -0.524557 0.279775 4.17957
40 0.449305 -0.618427 4.17957
40 -0.71519 0.0213625 4.17957
40 -0.042112 -0.103488 4.17957
40 -0.137747 -0.525571 4.17957
40 -0.21873 0.800725 4.17957
40 -0.284261 0.419929 4.17957
40 -0.300357 0.651072 4.17957
40 -0.216684 -0.651681 4.17957
40 0.403326 0.596971 4.17957
40 0.365808 -0.593976 4.17957
40 0.314474 -0.315454 -2.10362
40 -0.437342 -0.148891 -2.10362
40 -0.611467 -0.0487504 4.17957
40 -0.0408769 0.0263475 4.17957
40 -0.00597189 -0.290609 4.17957
40 -0.920335 -0.116375 4.17957
40 0.587365 0.18242 4.17957
40 0.0750975 0.840392 4.17957
40 0.454491 0.683742 4.17957
40 -0.204232 -0.204891 4.17957
40 -0.0925967 0.592152 4.17957
40 -0.0227732 0.133159 4.17957
40 -0.90269 -0.460562 4.17957
40 -0.691069 0.405606 4.17957
40 -0.383182 -0.0626096 4.17957
40 0.3485 -0.272717 4.17957
40 0.0277861 -0.157891 4.17957
40 -0.753028 0.0712907 4.17957
40 0.365268 0.7871 4.17957
40 0.0945771 1.05092 4.17957
40 0.54402 0.0271628 4.17957
40 -0.0133266 -0.0110443 4.17957
40 -0.625298 0.585331 4.17957
40 -0.457179 -0.00898882 4.17957
40 0.229379 -0.370441 4.17957
40 -0.154894 -0.868641 4.17957
40 0.870378 -0.367963 4.17957
40 0.276273 0.497131 4.17957
40 0.0989249 0.0652086 -2.10362
40 0.971004 -0.236347 -2.10362
40 -0.732387 0.602004 4.17957
40 0.382263 0.132618 4.17957
40 0.313897 -0.407274 -2.10362
40 -0.29416 -0.787354 -2.10362
40 -0.176506 -0.495169 4.17957
40 0.662989 -0.446825 -2.10362
40 -0.0305306 -0.334506 4.17957
40 0.266051 0.621099 4.17957
40 -0.430325 0.903426 4.17957
40 -0.199855 0.673118 4.17957
40 -0.806889 0.0467406 4.17957
40 -0.153789 0.232791 4.17957
40 0.771187 -0.391265 4.17957
40 -0.396565 -0.0144695 4.17957
40 -0.129296 0.30547 4.17957
40 -0.629909 0.311822 4.17957
40 -0.0488378 -0.195419 4.17957
40 0.508903 0.841764 4.17957
40 0.187079 0.960565 4.17957
40 -0.576736 0.397528 4.17957
40 -0.765942 0.12501 4.17957
40 -0.168434 1.01501 4.17957
40 -0.0810792 0.789144 4.17957
40 -0.432913 -0.0533244 4.17957
40 0.492992 0.647132 4.17957
40 -0.207717 -0.924041 -2.10362
40 0.12828 -0.71823 4.17957
40 -0.341855 -0.812367 -2.10362
40 0.274986 0.745615 4.17957
40 0.868896 0.110885 4.17957
40 0.266227 -0.30233 4.17957
40 0.454344 -0.095158 4.17957
40 -0.614734 -0.591457 4.17957
40 0.0728443 -0.437813 4.17957
40 -0.762759 -0.152035 -2.10362
40 -0.201567 -0.290515 4.17957
40 -0.551833 -0.479505 4.17957
40 -0.505586 -0.577887 4.17957
40 0.543766 0.21526 4.17957
40 -0.633474 0.210998 4.17957
40 -0.251293 0.251381 4.17957
40 0.956246 0.00246648 4.17957
40 -0.385532 0.406171 4.17957
40 0.688666 -0.00845319 4.17957
40 -0.162113 -0.116783 4.17957
40 -0.257658 0.0714881 4.17957
40 -0.188756 -0.549646 4.17957
40 -0.289219 -0.236386 -2.10362
40 0.414638 0.777323 4.17957
40 0.716209 -0.365884 4.17957
40 0.832921 -0.0582764 4.17957
40 0.670783 0.537076 4.17957
40 0.794335 -0.214129 4.17957
40 0.310862 -0.694054 4.17957
40 -0.469566 0.363053 -2.10362
40 -0.238643 0.915695 4.17957
40 -0.99847 0.25201 4.17957
40 -0.830075 0.646102 4.17957
40 -0.213753 0.0548437 -2.10362
40 -0.351652 -0.098783 4.17957
40 -0.184612 0.444796 4.17957
40 -0.527381 -0.632297 4.17957
40 -0.790939 0.261508 4.17957
40 -0.0424177 0.836322 4.17957
40 0.00133457 -0.878566 -2.10362
40 -0.430619 -0.673382 4.17957
40 0.104081 0.885993 4.17957
40 0.365279 0.437063 4.17957
40 0.792063 0.391983 4.17957
40 0.302645 -0.160658 4.17957
40 -0.487342 -0.149245 4.17957
40 0.0120525 0.506811 4.17957
40 0.614833 -0.417158 4.17957
40 0.148589 0.0695348 4.17957
40 0.454051 -0.731201 4.17957
40 0.615133 0.38011 4.17957
40 -0.205369 -0.406072 4.17957
40 -0.463067 0.0930999 4.17957
40 0.319125 0.353642 4.17957
40 0.226153 0.235864 4.17957
40 0.36401 0.340384 4.17957
40 0.328716 0.509029 4.17957
40 -1.04144 0.00327573 -2.10362
40 -0.508586 -0.794991 4.17957
40 -0.0689336 -0.0189332 4.17957
40 0.296542 -0.0370849 -2.10362
40 0.905854 -0.246109 4.17957
40 0.116963 0.717423 4.17957
40 -0.824895 -0.00258047 4.17957
40 0.849021 -0.228596 -2.10362
40 0.509365 -0.614341 4.17957
40 0.311218 0.787147 4.17957
40 -0.54865 0.760794 4.17957
40 0.470411 0.346193 4.17957
40 0.159855 -0.0151668 4.17957
40 0.0901098 0.210221 4.17957
40 0.606674 0.607987 -2.10362
40 0.288772 0.835792 4.17957
40 -0.671508 0.453515 4.17957
40 -0.0401741 0.510599 4.17957
40 -0.389226 0.764267 4.17957
40 -0.466831 0.271242 4.17957
40 0.837671 0.251718 4.17957
40 -0.383288 0.560008 4.17957
40 0.32596 0.210821 4.17957
40 -0.315431 0.601431 4.17957
40 0.799943 0.135129 4.17957
40 -0.639565 0.0792691 4.17957
40 -0.571327 -0.0124805 4.17957
40 -0.204015 0.237191 4.17957
40 0.561692 -0.395919 -2.10362
40 -0.287892 -0.172672 4.17957
40 0.0882912 -0.291609 4.17957
40 -0.273271 -0.489467 -2.10362
40 0.497026 -0.0723713 4.17957
40 0.820131 0.0852679 4.17957
40 0.689795 0.189825 4.17957
40 -0.509836 0.0658519 -2.10362
40 0.409263 0.256766 4.17957
40 0.181962 0.332404 4.17957
40 0.0293792 -0.576621 4.17957
40 -0.362302 0.612917 4.17957
40 -0.972789 0.107262 4.17957
40 -0.773629 -0.645938 4.17957
40 -0.298622 0.507938 -2.10362
40 0.594162 0.0344713 4.17957
40 -0.893328 0.445609 4.17957
40 0.0822408 0.257764 4.17957
40 0.840538 0.548711 4.17957
40 0.75523 0.691159 -2.10362
40 -0.601116 0.714698 4.17957
40 0.470226 -0.569466 -2.10362
40 0.194185 -0.915331 -2.10362
40 0.469305 0.176146 4.17957
40 -0.505808 -0.737957 4.17957
40 -0.0483675 -0.848747 -2.10362
40 0.30394 0.25409 4.17957
40 -0.0498536 0.186791 4.17957
40 0.0578072 -0.917499 4.17957
40 -0.270701 -0.892608 4.17957
40 0.171764 0.709797 4.17957
40 -0.172276 0.138284 4.17957
40 0.61434 -0.0438885 4.17957
40 0.74962 0.13299 4.17957
40 -0.182254 -0.697255 4.17957
40 0.421876 0.100467 4.17957
40 -0.79123 0.193212 4.17957
40 0.799866 0.206447 -2.10362
40 0.266333 -0.190525 4.17957
40 -0.739672 -0.275412 -2.10362
40 0.0890384 -0.748226 4.17957
40 0.747764 0.183675 4.17957
40 0.447022 -0.274802 -2.10362
40 1.00319 0.178656 -2.10362
40 -0.0142447 1.00598 4.17957
40 -0.414091 0.0804939 4.17957
40 -0.443726 -0.369807 4.17957
40 0.0277084 0.235668 4.17957
40 0.837097 0.169491 4.17957
40 0.178144 -0.285822 4.17957
40 -0.711497 0.49161 4.17957
40 -0.346656 0.795364 4.17957
40 -0.83348 0.290238 -2.10362
40 -0.0771629 1.05564 4.17957
40 -0.40353 -0.337881 4.17957
40 -0.266848 -0.67664 4.17957
40 -0.11935 -0.0336833 4.17957
40 -0.371428 0.166095 4.17957
40 -0.643211 -0.540378 -2.10362
40 -0.698565 -0.549627 4.17957
40 0.764148 0.0761809 4.17957
40 0.847641 0.605182 4.17957
40 -0.270936 0.815944 4.17957
40 0.0101945 -0.528488 4.17957
40 -0.572653 0.666928 4.17957
40 0.894064 -0.308882 4.17957
40 0.970341 0.295364 4.17957
40 0.942425 0.415274 4.17957
40 0.44801 0.619858 4.17957
40 -0.833541 0.223886 4.17957
40 0.434003 -0.523965 4.17957
40 -0.138908 0.0100889 4.17957
40 -0.252696 -0.207419 -2.10362
40 0.887133 -0.0655801 4.17957
40 -0.180974 0.918838 4.17957
40 -0.6747 -0.391758 4.17957
40 -0.522675 -0.43091 4.17957
40 0.130727 -0.819657 4.17957
40 0.497939 0.0054051 -2.10362
40 -0.599257 0.111446 4.17957
40 -0.658842 -0.0640877 -2.10362
40 -0.0703111 0.233673 4.17957
40 -0.49552 0.230966 4.17957
40 0.379262 -0.0848548 -2.10362
40 -0.150257 0.187443 4.17957
40 0.744817 0.423209 4.17957
40 -0.462079 -0.323008 -2.10362
40 -0.598227 0.0508679 4.17957
40 0.25429 0.669941 4.17957
40 -0.661314 0.121501 -2.10362
40 -0.068238 -0.149478 4.17957
40 0.84589 0.365291 4.17957
40 -0.0764088 -0.725351 -2.10362
40 0.810581 0.324817 4.17957
40 -0.0923883 0.438841 4.17957
40 -0.109873 -0.37542 4.17957
40 -0.416924 0.35828 4.17957
40 0.418627 0.359349 4.17957
40 -0.0156851 0.552698 4.17957
40 -0.50413 -0.300082 4.17957
40 0.135267 0.347019 4.17957
40 0.480412 -0.484651 4.17957
40 0.422306 -0.683494 4.17957
40 -0.303654 -0.587538 4.17957
40 -0.812061 0.450029 4.17957
40 -0.943836 -0.22383 4.17957
40 0.913636 0.271433 4.17957
40 0.592446 -0.180233 -2.10362
40 0.143068 0.572966 4.17957
40 0.685439 -0.617887 4.17957
40 -0.283322 -0.347084 4.17957
40 0.566539 0.727295 4.17957
40 -0.47696 0.588105 4.17957
40 -0.213951 -0.108654 4.17957
40 0.201151 0.907264 4.17957
40 0.420697 0.471133 -2.10362
40 0.356868 0.684849 4.17957
40 -0.0820839 -0.0683592 4.17957
40 0.553977 -0.762929 -2.10362
40 -0.101875 -0.840975 4.17957
40 0.224561 -0.269404 -2.10362
40 0.0183939 -0.670424 4.17957
40 0.20267 0.0818416 4.17957
40 -0.596744 -0.643781 4.17957
40 0.734625 0.290903 4.17957
40 -0.373923 0.116857 -2.10362
40 -0.720404 0.700982 4.17957
40 -0.956754 -0.356035 4.17957
40 0.84611 0.483114 4.17957
40 -0.288294 0.220103 -2.10362
40 -0.474986 0.461256 4.17957
40 -0.667271 -0.013255 4.17957
40 -0.744715 0.290369 4.17957
40 0.129451 0.824295 4.17957
40 -0.684508 0.305623 4.17957
40 0.196918 0.66431 4.17957
40 0.742743 -0.118514 4.17957
40 0.082146 -0.58421 4.17957
40 0.322594 0.000904619 -2.10362
40 0.642986 0.219968 4.17957
40 -0.197517 -0.817359 4.17957
40 0.0230584 0.818801 4.17957
40 0.396901 0.720804 4.17957
40 -0.840628 -0.359578 4.17957
40 0.553014 0.140536 4.17957
40 -0.0937397 1.00077 4.17957
40 0.251839 0.322518 4.17957
40 -0.906443 -0.270092 4.17957
40 0.997507 -0.104038 4.17957
40 0.623399 -0.678636 4.17957
40 -0.728381 0.34214 4.17957
40 -0.470081 -0.630065 4.17957
40 0.175765 -0.334134 4.17957
40 0.0406243 0.376391 4.17957
40 0.638211 -0.269004 -2.10362
40 0.806585 -0.461446 4.17957
40 -0.538522 0.8558 4.17957
40 -0.721978 -0.496219 4.17957
40 0.620649 0.551068 -2.10362
40 0.474589 -0.667806 -2.10362
40 0.0906701 0.432721 4.17957
40 -0.723216 -0.192629 4.17957
40 -0.315988 0.374649 4.17957
40 -0.366325 -0.18855 4.17957
40 0.343342 -0.856817 4.17957
40 0.372123 0.909879 4.17957
40 0.142983 -0.498397 4.17957
40 0.11879 0.393484 4.17957
40 -0.460733 0.637166 4.17957
40 0.0315927 0.328128 4.17957
40 -0.00354812 0.292674 4.17957
40 0.124015 0.991097 4.17957
40 -0.303688 -0.00650281 4.17957
40 0.578495 -0.125327 4.17957
40 0.348426 -0.176594 4.17957
40 0.822235 -0.341041 4.17957
40 0.0394606 -0.387635 4.17957
40 0.264309 -0.494715 4.17957
40 0.364727 0.985744 4.17957
40 0.0246372 -0.246747 4.17957
40 0.373946 0.0797501 4.17957
40 -0.230449 -0.583441 -2.10362
40 0.31439 -0.215977 4.17957
40 0.265649 -0.669654 4.17957
40 -0.390885 -0.726024 4.17957
40 -0.790799 0.591533 4.17957
40 0.502519 0.899861 -2.10362
40 0.283244 -0.747438 4.17957
40 0.0516464 -0.204345 4.17957
40 0.442657 -0.87845 -2.10362
40 -0.151234 0.497806 4.17957
40 0.227869 0.0383444 4.17957
40 -0.929297 -0.406554 4.17957
40 0.425701 0.902306 4.17957
40 0.504082 0.735863 4.17957
40 -0.15786 -0.648166 -2.10362
40 -0.0558918 0.903344 4.17957
40 -0.560713 -0.736805 4.17957
40 -0.0549576 -0.285543 4.17957
40 0.739479 0.627805 4.17957
40 -0.130679 -0.330147 4.17957
40 0.641341 0.659547 4.17957
40 -0.417836 0.602078 4.17957
40 0.699586 0.238231 4.17957
40 0.367311 -0.689088 -2.10362
40 -0.60053 0.88139 4.17957
40 0.884577 -0.180411 4.17957
40 -0.326432 -0.209316 4.17957
40 -0.707096 -0.64164 4.17957
40 -0.43388 0.408312 4.17957
40 0.310382 0.595199 4.17957
40 0.407134 0.66076 4.17957
40 0.0361709 1.0619 4.17957
40 0.384326 0.189754 4.17957
40 -0.584668 0.344491 -2.10362
40 0.128103 -0.160505 -2.10362
40 -0.0417824 -0.521149 -2.10362
40 -0.39673 0.651695 4.17957
40 0.530234 -0.670071 -2.10362
40 -0.141869 0.589506 4.17957
40 0.0177888 0.697982 4.17957
40 0.772329 -0.330255 4.17957
40 -0.25899 -0.434893 4.17957
40 0.524483 0.786231 4.17957
40 -0.667347 -0.489023 4.17957
40 -0.0441407 -0.981649 4.17957
40 -0.561519 0.511273 4.17957
40 0.272594 0.367274 4.17957
40 0.375189 -0.906708 4.17957
40 -1.02563 0.205038 -2.10362
40 -0.737798 0.43632 4.17957
40 -0.0352825 -0.655372 4.17957
40 0.589182 0.32664 4.17957
40 -0.383156 0.315142 4.17957
40 0.0926365 0.160848 4.17957
40 -0.956863 -0.301617 -2.10362
40 0.651869 0.0515998 4.17957
40 0.0371047 -0.717764 4.17957
40 0.0611584 0.607488 4.17957
40 0.419397 -0.221398 4.17957
40 0.0368238 0.555387 4.17957
40 -0.323458 1.01815 -2.10362
40 0.3986 -0.741643 4.17957
40 0.865573 0.0503234 -2.10362
40 -0.697452 0.256187 4.17957
40 -0.326234 -0.697314 4.17957
40 0.487328 -0.840514 4.17957
40 0.778237 -0.0803405 4.17957
40 -0.691256 -0.339231 -2.10362
40 0.141541 -0.589815 4.17957
40 0.711307 -0.0778572 4.17957
40 -0.411061 -0.623976 -2.10362
40 -0.183998 0.533788 4.17957
40 -0.22409 0.71639 4.17957
40 0.163011 0.619287 4.17957
40 0.961251 0.354026 -2.10362
40 0.2115 -0.763757 4.17957
40 -0.385323 0.708313 4.17957
40 0.183885 0.810546 4.17957
40 0.463185 -0.332569 4.17957
40 -0.575519 0.454426 4.17957
40 -0.336653 0.728644 4.17957
40 -0.372375 0.876796 4.17957
40 -0.258952 0.0234083 4.17957
40 -0.0474849 0.417045 4.17957
40 0.418396 -0.0617872 4.17957
40 -0.450971 -0.776308 -2.10362
40 -0.398413 -0.571319 4.17957
40 -0.594514 0.24527 4.17957
40 0.831738 -0.167366 4.17957
40 0.188368 1.01519 4.17957
40 -0.0299967 0.257246 4.17957
40 0.889468 0.398631 -2.10362
40 -0.271526 0.870023 4.17957
40 0.951836 -0.295256 4.17957
40 0.466682 0.125239 -2.10362
40 -0.227402 -0.515875 4.17957
40 0.0856266 0.670547 4.17957
40 -0.942653 0.254883 4.17957
40 -0.383565 0.2182 4.17957
40 -0.103362 0.201294 4.17957
40 0.324165 -0.118379 4.17957
40 0.175712 -0.379935 4.17957
40 0.510741 -0.722228 4.17957
40 0.906363 0.463963 -2.10362
40 -0.335328 -0.263842 4.17957
40 -0.500041 0.531569 4.17957
40 -0.211579 0.102708 4.17957
40 0.625306 0.719077 4.17957
40 -0.282635 -0.73186 4.17957
40 0.60159 0.130475 4.17957
40 0.318486 -0.577051 4.17957
40 0.734707 -0.655475 4.17957
40 0.943698 -0.0601937 4.17957
40 0.285017 -0.0885886 4.17957
40 0.373835 0.482347 4.17957
40 -0.738442 -0.591126 4.17957
40 0.090188 -0.490864 4.17957
40 1.01428 0.0209201 4.17957
40 -0.0591701 -0.379607 4.17957
40 0.551477 0.631763 -2.10362
40 0.732351 -0.58032 4.17957
40 0.222207 -0.166045 4.17957
40 -0.425045 -0.242036 -2.10362
40 0.396376 -0.268324 4.17957
40 -0.47107 -0.259928 4.17957
40 0.205091 -0.417566 4.17957
40 0.318721 0.892907 4.17957
40 -0.695852 0.652447 4.17957
40 0.192824 0.151843 4.17957
40 0.0495614 -0.851957 4.17957
40 -0.866036 0.113629 -2.10362
40 -0.0215217 0.734021 4.17957
40 -0.640029 -0.768669 4.17957
40 0.802528 0.660284 -2.10362
40 0.167076 -0.194951 4.17957
40 0.17331 -0.453783 4.17957
40 -0.0419517 0.594536 4.17957
40 -0.495732 -0.859647 4.17957
40 -0.58238 -0.347727 4.17957
40 0.156374 0.479842 4.17957
40 0.213336 0.289239 4.17957
40 -0.15161 -0.283822 4.17957
40 0.00196012 -0.940938 -2.10362
40 -0.0479337 -0.915616 4.17957
40 -0.266214 0.298803 4.17957
40 0.563291 -0.343165 4.17957
40 -0.806031 -0.5026 4.17957
40 -0.857714 0.489736 4.17957
40 0.570508 0.526352 4.17957
40 -1.0257 0.143424 4.17957
40 -0.663539 0.749163 4.17957
40 -0.531329 0.430608 4.17957
40 0.789583 0.275404 4.17957
40 -0.027905 -0.706171 4.17957
40 0.0764666 0.0208356 4.17957
40 -1.00674 -0.198912 4.17957
40 0.180006 0.0322462 4.17957
40 0.509148 -0.391993 4.17957
40 0.640988 0.327616 4.17957
40 0.415346 0.965206 4.17957
40 0.174069 -0.148556 4.17957
40 0.622433 0.275097 4.17957
40 -0.794113 -0.413564 4.17957
40 0.366865 0.235549 4.17957
40 0.236807 -0.0850445 4.17957
40 -0.393616 0.826456 4.17957
40 0.106552 -0.0199032 4.17957
40 -0.463156 -0.102061 4.17957
40 -0.488114 0.881856 4.17957
40 0.734697 0.743019 -2.10362
40 0.714143 -0.419421 -2.10362
40 0.697181 0.328919 4.17957
40 -0.373196 -0.671612 -2.10362
40 -0.2529 0.756575 4.17957
40 0.0791973 -0.683765 4.17957
40 0.164975 0.287573 4.17957
40 -1.00284 0.309071 4.17957
40 -0.764857 -0.45932 4.17957
40 -0.157254 0.70023 4.17957
40 -0.314756 0.903979 -2.10362
40 -0.363181 0.360417 4.17957
40 -0.615379 0.530844 4.17957
40 -0.00252742 -0.615548 4.17957
40 0.128312 0.248225 4.17957
40 -0.0550993 0.369855 4.17957
40 -0.385377 -0.851623 4.17957
40 0.459171 0.262087 4.17957
40 -0.300751 0.0915905 4.17957
40 -0.837225 0.558791 4.17957
40 0.484978 -0.135911 4.17957
40 -0.324345 0.843824 -2.10362
40 -0.375114 -0.912382 -2.10362
40 -0.377881 -0.513797 4.17957
40 0.342794 0.281537 4.17957
40 0.592734 0.232106 4.17957
40 0.47295 0.945116 -2.10362
40 0.20968 -0.668258 4.17957
40 0.610254 -0.770557 -2.10362
40 -0.494274 -0.682247 4.17957
40 0.0775688 -0.243782 4.17957
40 -0.0905938 -0.511475 4.17957
40 0.4102 -0.424199 4.17957
40 -0.215329 1.04749 4.17957
40 -0.127319 0.541902 4.17957
40 0.693808 0.141272 4.17957
40 0.178002 0.241552 -2.10362
40 0.514502 0.536048 -2.10362
40 0.264315 -0.407143 4.17957
40 -0.19045 0.376949 4.17957
40 0.70224 -0.539319 4.17957
40 -0.574404 0.193746 4.17957
40 -0.328911 0.31803 4.17957
40 0.587173 0.671195 4.17957
40 0.0385618 -0.772558 4.17957
40 -0.344105 0.671119 4.17957
40 0.193846 0.433749 -2.10362
40 -0.439544 -0.47326 4.17957
40 0.499888 0.486238 4.17957
40 -0.162849 0.0922079 4.17957
40 0.676136 -0.117578 4.17957
40 -0.886186 -0.211163 -2.10362
40 -0.00918047 -0.382165 4.17957
40 -0.400855 0.509247 4.17957
40 -0.148548 0.783027 4.17957
40 -0.459471 -0.200834 4.17957
40 -0.28766 0.708364 4.17957
40 -0.7933 -0.263863 4.17957
40 -0.820308 0.15101 4.17957
40 -0.840324 -0.236161 -2.10362
40 0.258113 0.932965 4.17957
40 0.251559 0.570568 -2.10362
40 -0.0774061 -0.23684 4.17957
40 -0.43607 -0.892058 -2.10362
40 0.752303 0.236511 4.17957
40 -0.343685 -0.354653 4.17957
40 0.546616 -0.501468 4.17957
40 0.141594 0.156699 -2.10362
40 0.0464802 -0.0820254 -2.10362
40 0.0494194 0.895872 4.17957
40 0.501103 -0.528965 4.17957
40 -0.0920972 0.336401 4.17957
40 -0.946794 0.0437812 4.17957
40 -0.376862 0.0471013 4.17957
40 -0.339455 -0.481089 4.17957
40 0.5152 0.374263 4.17957
40 -0.656273 -0.117244 4.17957
40 0.75505 -0.454346 4.17957
40 -0.351082 0.00879244 4.17957
40 0.231434 0.405104 4.17957
40 -0.21812 -0.0446723 4.17957
40 0.228903 0.712255 4.17957
40 0.256675 -0.901139 4.17957
40 -0.655452 0.694083 4.17957
40 -0.205673 0.487433 4.17957
40 -0.334415 0.552719 -2.10362
40 -0.751561 0.542861 4.17957
40 -0.69582 0.554304 4.17957
