640 0.195516 -0.539362 2.45031
640 -0.368318 0.661219 2.45031
640 -0.451512 -0.605668 8.73349
640 0.951291 -0.09222 2.45031
640 -0.168026 -0.542141 2.45031
640 0.928644 0.265385 8.73349
640 -0.359317 0.183348 2.45031
640 -0.412502 -0.227282 2.45031
640 -0.183263 -0.3576 8.73349
640 -0.158134 0.00180697 2.45031
640 0.900002 -0.0668515 2.45031
640 0.166487 -0.82939 2.45031
640 -0.345885 0.609625 2.45031
640 0.487586 0.906789 8.73349
640 -0.0197982 0.159089 2.45031
640 0.679422 0.332475 2.45031
640 -0.842018 0.372052 2.45031
640 0.690548 0.131902 2.45031
640 -0.783808 -0.553485 2.45031
640 -0.460333 -0.361158 2.45031
640 -0.920424 0.471976 2.45031
640 -0.66331 0.0869676 2.45031
640 -0.221099 -0.261648 2.45031
640 0.647588 0.469581 2.45031
640 -1.02924 -0.0225838 2.45031
640 -0.917611 -0.455658 2.45031
640 0.331905 -0.604361 2.45031
640 -0.354934 0.450022 2.45031
640 0.792457 0.342882 2.45031
640 -0.332702 0.980223 2.45031
640 0.0398961 -0.663663 2.45031
640 -0.0276546 0.0257572 2.45031
640 0.408032 -0.167297 2.45031
640 0.440272 0.428601 8.73349
640 0.0978539 -0.441555 2.45031
640 0.0851615 0.711544 2.45031
640 0.237362 -0.239167 2.45031
640 0.541449 -0.581444 2.45031
640 0.15005 0.802402 2.45031
640 0.614851 -0.493422 2.45031
640 0.0730525 -0.39675 2.45031
640 -0.80815 0.419194 2.45031
640 -0.251509 0.824964 2.45031
640 -0.723285 0.352438 2.45031
640 -0.65906 0.19085 2.45031
640 0.0100959 -0.476747 2.45031
640 -0.0438902 -0.469136 2.45031
640 0.196647 -0.332521 2.45031
640 0.346839 -0.51263 8.73349
640 0.675756 0.246964 2.45031
640 -0.820254 -0.510996 2.45031
640 -0.0128269 1.03404 8.73349
640 0.448612 0.689598 2.45031
640 0.666831 0.634473 2.45031
640 0.617337 -0.17807 2.45031
640 0.859699 0.444279 2.45031
640 0.356807 -0.176368 2.45031
640 0.734486 0.538774 2.45031
640 0.0879198 -0.903569 2.45031
640 0.353699 0.803054 2.45031
640 -0.460957 0.0639847 2.45031
640 0.532745 -0.438009 2.45031
640 -0.811466 0.320182 8.73349
640 0.399348 0.550492 2.45031
640 0.556175 -0.487153 2.45031
640 0.624265 -0.398534 2.45031
640 -0.970043 0.356438 2.45031
640 -0.352708 -0.460065 2.45031
640 -0.645976 -0.466178 2.45031
640 -0.446486 0.427544 2.45031
640 -0.51798 0.210782 2.45031
640 0.478311 0.264081 2.45031
640 -0.550971 -0.0855429 2.45031
640 0.677093 0.42408 2.45031
640 -0.245679 -0.92433 2.45031
640 0.0468675 0.137026 2.45031
640 0.225719 -0.148736 2.45031
640 -0.579471 -0.835835 2.45031
640 0.675178 -0.0235982 2.45031
640 -0.246382 0.428342 2.45031
640 0.715222 -0.0596399 2.45031
640 0.499811 0.427146 2.45031
640 -0.742275 -0.328395 2.45031
640 -0.466439 0.690489 2.45031
640 0.788265 -0.00720949 2.45031
640 0.49715 0.716987 2.45031
640 -0.305712 0.173081 2.45031
640 -0.971172 -0.047158 2.45031
640 -0.624778 0.232073 2.45031
640 0.533413 0.756634 2.45031
640 -0.222655 -0.533289 2.45031
640 -0.417022 -0.330278 2.45031
640 -0.0755549 0.817256 2.45031
640 -0.251103 0.293271 2.45031
640 0.802001 -0.0993043 2.45031
640 -0.837001 0.214377 2.45031
640 0.186011 -0.245537 2.45031
640 0.0372425 0.814905 2.45031
640 0.11253 -0.300019 2.45031
640 0.405798 0.645454 2.45031
640 0.183509 0.848491 8.73349
640 0.215454 -0.461185 2.45031
640 0.0876401 0.572095 2.45031
640 0.06224 -0.30822 2.45031
640 -0.107547 -0.0107096 2.45031
640 -0.863747 -0.302828 2.45031
640 -0.334198 0.761887 2.45031
640 -0.458781 0.805327 2.45031
640 0.196973 -0.109655 2.45031
640 -0.511263 -0.679665 2.45031
640 -0.455754 0.931695 2.45031
640 -0.43064 0.240422 2.45031
640 -0.0604559 -0.0613665 8.73349
640 0.404683 -0.300504 2.45031
640 0.542567 0.181934 2.45031
640 0.203911 -0.79345 2.45031
640 -0.744472 0.408145 2.45031
640 -0.01369 0.92264 2.45031
640 -0.37337 -0.540127 2.45031
640 0.844649 0.126109 2.45031
640 0.383662 0.154197 2.45031
640 0.117349 0.75673 2.45031
640 0.53641 0.0797762 2.45031
640 -0.76796 -0.0255497 2.45031
640 -0.044517 0.249481 2.45031
640 -0.53852 -0.18547 2.45031
640 -1.02946 0.0416574 2.45031
640 0.201208 0.0241703 2.45031
640 0.319759 0.60793 2.45031
640 0.436382 0.874802 2.45031
640 0.14302 -0.777357 2.45031
640 0.137917 0.966547 2.45031
640 0.115086 0.470003 2.45031
640 -0.148274 -0.731538 2.45031
640 0.385083 0.426024 2.45031
640 0.582799 -0.686226 2.45031
640 -0.10309 0.868201 2.45031
640 0.133632 -0.252816 2.45031
640 -0.130777 -0.365679 2.45031
640 0.836082 0.183711 2.45031
640 -0.15206 0.138592 2.45031
640 0.668295 -0.264733 8.73349
640 -0.468354 -0.712062 2.45031
640 -0.63715 0.595497 8.73349
640 0.206104 -0.198033 2.45031
640 0.709843 -0.717106 8.73349
640 -0.218749 0.197714 2.45031
640 -0.0230274 -0.517147 2.45031
640 0.279482 -0.372386 2.45031
640 -0.0168422 -0.654207 2.45031
640 0.0948467 -0.671272 2.45031
640 -0.114696 -0.145498 2.45031
640 0.0534168 -0.57122 2.45031
640 -0.460796 0.48214 2.45031
640 -0.751688 0.462524 2.45031
640 0.377231 0.905118 8.73349
640 0.163529 0.648433 8.73349
640 0.895637 -0.13671 2.45031
640 0.00609629 0.765002 2.45031
640 0.257381 -0.691731 2.45031
640 0.0322261 -0.523528 2.45031
640 0.725902 0.646622 2.45031
640 0.704369 0.481672 2.45031
640 0.290981 -0.904643 2.45031
640 0.14201 -0.534378 2.45031
640 0.792158 -0.624746 2.45031
640 0.386427 -0.76848 2.45031
640 -0.363866 0.806349 2.45031
640 0.0355433 -0.0507519 2.45031
640 0.522622 -0.218717 2.45031
640 -0.518401 -0.744329 2.45031
640 0.762828 0.596899 2.45031
640 -0.7502 0.63139 2.45031
640 0.894239 -0.470422 2.45031
640 0.373258 0.599772 8.73349
640 0.445833 0.155921 2.45031
640 0.894943 -0.0121534 2.45031
640 0.196774 0.427587 2.45031
640 -0.700413 0.297541 2.45031
640 -0.711386 -0.653938 2.45031
640 -0.283095 0.931583 2.45031
640 0.452554 -0.147047 2.45031
640 0.428261 -0.724043 2.45031
640 -0.538201 -0.0345991 2.45031
640 0.159456 0.337188 2.45031
640 0.0293501 -0.274801 2.45031
640 0.0190749 -0.613432 2.45031
640 -0.428971 0.37658 2.45031
640 -0.156993 0.673174 2.45031
640 0.139071 0.4217 2.45031
640 -0.16394 0.772368 2.45031
640 -0.596413 -0.447127 2.45031
640 -0.499484 -0.083962 2.45031
640 -0.611113 0.325 2.45031
640 -0.667584 0.0339647 2.45031
640 1.00092 0.18491 2.45031
640 0.173198 0.747246 2.45031
640 -0.506052 -0.223964 2.45031
640 -0.812371 0.642725 2.45031
640 0.4824 -0.247698 2.45031
640 0.480459 0.83872 2.45031
640 0.746844 -0.10763 2.45031
640 0.740382 0.105563 2.45031
640 0.220323 -0.983175 2.45031
640 -0.0324996 -0.901394 2.45031
640 -0.0496157 0.570042 2.45031
640 0.948632 -0.150662 2.45031
640 -0.508554 -0.335484 8.73349
640 -0.0613429 0.295902 2.45031
640 0.479723 0.779828 2.45031
640 0.473583 0.383771 2.45031
640 0.732583 -0.00608705 8.73349
640 -0.0431828 0.977678 2.45031
640 -0.187399 -0.630757 2.45031
640 -0.39931 0.610616 2.45031
640 -0.0669466 -0.953569 2.45031
640 0.0298025 0.713709 2.45031
640 0.48648 -0.341682 2.45031
640 0.216885 0.0729031 2.45031
640 0.0423736 -0.437054 2.45031
640 0.893025 0.163252 2.45031
640 -0.732287 -0.238706 2.45031
640 -0.497875 -0.626885 2.45031
640 0.109431 0.661582 2.45031
640 -0.513927 0.836453 2.45031
640 0.369621 0.509701 2.45031
640 0.085314 -0.0427411 2.45031
640 0.245237 -0.851587 2.45031
640 0.52961 0.556679 2.45031
640 -0.631952 -0.519224 2.45031
640 0.0276183 -1.01203 2.45031
640 -0.302707 -0.609139 2.45031
640 -0.604336 -0.0958402 2.45031
640 0.291383 -0.508622 2.45031
640 0.769556 -0.461725 2.45031
640 0.555667 0.419917 2.45031
640 0.404093 -0.86074 2.45031
640 0.565346 -0.392464 2.45031
640 0.053347 -0.00407287 2.45031
640 -0.151455 -0.31856 2.45031
640 -0.0916857 0.392724 2.45031
640 -0.760801 -0.134225 2.45031
640 -0.192578 0.913328 8.73349
640 0.149638 -0.679314 2.45031
640 -0.691703 0.615247 2.45031
640 -0.270671 -0.388077 2.45031
640 -0.910648 -0.124013 2.45031
640 0.168136 0.0637989 2.45031
640 -0.00587371 0.0734741 2.45031
640 -0.160865 0.459258 2.45031
640 0.0688401 0.229154 2.45031
640 -0.0605604 -0.418071 2.45031
640 0.261667 0.776074 2.45031
640 -0.33388 -0.506889 2.45031
640 -0.461552 0.86922 2.45031
640 0.460709 -0.0929514 2.45031
640 -0.358481 -0.593566 8.73349
640 -0.231482 0.954081 2.45031
640 -0.0370846 -0.605349 2.45031
640 -0.128968 0.358115 2.45031
640 -0.570962 0.865193 2.45031
640 0.236941 -0.639746 2.45031
640 -0.554313 -0.243235 2.45031
640 -0.374635 0.099061 2.45031
640 0.736171 -0.509281 2.45031
640 0.0235596 0.0345252 2.45031
640 0.708594 -0.455134 2.45031
640 -0.132675 0.721696 2.45031
640 -0.697937 0.448362 2.45031
640 0.162757 0.200306 2.45031
640 1.00722 -0.125287 8.73349
640 -0.615721 0.0432736 2.45031
640 -0.134267 0.817914 2.45031
640 0.0413389 0.0859558 2.45031
640 -0.402964 0.897436 2.45031
640 0.281134 0.132031 8.73349
640 0.0123567 0.868311 2.45031
640 0.0712849 -0.176014 2.45031
640 -1.02473 -0.0863094 2.45031
640 -0.148695 -0.887663 2.45031
640 -0.412738 -0.572855 2.45031
640 -0.411088 -0.787298 2.45031
640 0.115508 0.379356 2.45031
640 -0.59118 0.272868 2.45031
640 0.786366 -0.255854 2.45031
640 0.954465 -0.0323738 2.45031
640 -0.0762444 0.718807 2.45031
640 0.228824 0.390376 2.45031
640 0.0866502 0.0959547 2.45031
640 0.317588 -0.271344 2.45031
640 -0.253965 0.571769 2.45031
640 -0.478526 0.0154381 8.73349
640 0.860523 0.552185 2.45031
640 0.31302 0.51085 2.45031
640 0.727861 -0.611819 8.73349
640 -0.790899 -0.462136 2.45031
640 -0.228007 -0.986611 8.73349
640 -0.916133 0.0696329 2.45031
640 0.244937 0.305189 2.45031
640 0.0187647 -0.184617 2.45031
640 -0.411154 0.836995 2.45031
640 -0.640154 0.136516 8.73349
640 -0.563427 -0.707949 2.45031
640 -0.186593 -0.774396 2.45031
640 -0.641093 -0.193455 2.45031
640 0.500766 0.605228 2.45031
640 0.511538 0.665375 2.45031
640 0.364926 0.104479 2.45031
640 0.137809 -0.88059 2.45031
640 0.375292 -0.705433 2.45031
640 0.0344092 0.452049 2.45031
640 0.412434 -0.664233 2.45031
640 0.273602 -0.597504 2.45031
640 0.42475 -0.568752 2.45031
640 0.349075 0.465133 2.45031
640 -0.465764 0.338977 2.45031
640 0.303239 -0.847566 2.45031
640 -0.747027 -0.495407 2.45031
640 0.672067 -0.168167 2.45031
640 -0.230813 0.379499 2.45031
640 0.682371 -0.402661 2.45031
640 -0.548515 -0.420498 2.45031
640 -0.948563 0.245147 8.73349
640 -0.0772106 1.0322 8.73349
640 0.876722 -0.196509 2.45031
640 -0.680177 0.241155 2.45031
640 -0.0189284 0.816944 2.45031
640 -0.20625 -0.58237 2.45031
640 -0.0172334 0.466512 2.45031
640 0.701448 -0.555518 8.73349
640 0.657568 -0.352053 2.45031
640 0.691206 0.186777 2.45031
640 -0.239128 0.113691 2.45031
640 -0.625786 0.827097 2.45031
640 0.338243 -0.949439 2.45031
640 -0.869092 0.0351508 2.45031
640 -0.233503 0.619021 2.45031
640 0.838294 -0.151717 2.45031
640 -0.28971 -0.971237 2.45031
640 0.599485 -0.350377 2.45031
640 0.581258 0.290952 2.45031
640 -0.202831 0.565303 2.45031
640 -0.51534 0.900231 2.45031
640 -0.0610576 -0.14974 2.45031
640 -0.127302 -0.946869 2.45031
640 0.811146 0.292674 2.45031
640 0.501002 -0.129654 2.45031
640 -0.211 0.469704 2.45031
640 0.176113 0.248306 2.45031
640 0.212436 0.210049 2.45031
640 0.825683 0.604999 8.73349
640 -0.13573 -0.229517 2.45031
640 0.0617426 -0.715591 2.45031
640 -0.394266 0.278465 2.45031
640 -0.87571 0.419734 2.45031
640 0.33657 -0.745083 2.45031
640 -0.20568 -0.720938 2.45031
640 0.764455 -0.565415 2.45031
640 -0.33732 0.40097 2.45031
640 -0.770214 0.692523 8.73349
640 -0.294152 -0.473015 2.45031
640 -0.586783 -0.186385 2.45031
640 -0.990781 0.294053 2.45031
640 -0.245811 -0.621619 2.45031
640 -0.1677 0.186649 2.45031
640 0.0967713 -0.35148 2.45031
640 -0.708358 -0.0599688 2.45031
640 0.951746 -0.354398 8.73349
640 -0.167469 -0.68021 2.45031
640 0.379934 -0.468619 2.45031
640 -0.234616 0.245661 2.45031
640 -0.326045 0.0863461 2.45031
640 -0.965679 -0.107148 2.45031
640 0.507459 -0.869437 2.45031
640 -0.39475 0.1456 2.45031
640 0.616717 0.419613 2.45031
640 -0.210108 1.01506 2.45031
640 -0.631152 -0.798386 2.45031
640 -0.0952851 -0.460335 2.45031
640 1.00957 0.121771 8.73349
640 0.348248 -0.309756 2.45031
640 -0.287354 0.621974 2.45031
640 -0.00174893 -0.564751 2.45031
640 0.625029 -0.643475 2.45031
640 -0.727484 -0.714909 2.45031
640 -0.457127 0.624801 2.45031
640 -0.27771 -0.521999 2.45031
640 0.546785 -0.107983 2.45031
640 0.744019 0.707276 2.45031
640 -0.501631 0.15834 2.45031
640 -0.574214 0.364566 2.45031
640 0.638997 0.106196 2.45031
640 -0.117576 0.175683 2.45031
640 0.98168 -0.252193 2.45031
640 0.54972 -0.259175 2.45031
640 0.908041 -0.256094 2.45031
640 0.734134 0.436265 2.45031
640 -0.853585 -0.457786 8.73349
640 -0.694836 -0.594062 2.45031
640 -0.276128 0.76977 2.45031
640 0.160705 -0.997857 2.45031
640 0.341197 0.555675 2.45031
640 -0.701992 -0.283242 2.45031
640 -0.620057 0.763946 2.45031
640 0.0240439 -0.754088 2.45031
640 -0.597841 -0.338104 2.45031
640 -0.0780281 -0.371272 2.45031
640 -0.00433048 0.416461 8.73349
640 0.353248 -0.653895 2.45031
640 -0.273906 0.998571 8.73349
640 0.151672 0.0153426 2.45031
640 0.622382 0.678736 2.45031
640 0.583793 0.0435444 2.45031
640 -0.0179489 -0.28316 2.45031
640 -0.163842 0.32031 2.45031
640 0.348631 0.323203 2.45031
640 0.996912 -0.190587 2.45031
640 0.313962 0.363604 2.45031
640 -0.281341 -0.198578 2.45031
640 -0.573004 -0.772001 2.45031
640 -0.90517 -0.347058 2.45031
640 -0.77118 -0.373072 2.45031
640 0.532686 0.0268609 8.73349
640 0.764962 0.490874 2.45031
640 0.418522 -0.433528 2.45031
640 -0.07772 -0.509579 2.45031
640 0.386087 0.282519 8.73349
640 -0.659672 0.491413 2.45031
640 0.530251 0.469106 2.45031
640 -0.691805 0.149268 2.45031
640 0.285541 -0.0061523 2.45031
640 -0.119199 -0.278635 2.45031
640 0.250717 0.033116 2.45031
640 0.0740082 -0.620426 2.45031
640 0.439431 -0.479196 8.73349
640 0.399754 0.331842 2.45031
640 0.728007 0.226643 2.45031
640 0.195981 0.540092 2.45031
640 -0.413005 0.192631 2.45031
640 0.601798 -0.741223 2.45031
640 0.57075 0.715805 2.45031
640 0.225181 -0.374355 2.45031
640 -0.605263 -0.233615 2.45031
640 0.658556 -0.0739248 2.45031
640 0.197505 -0.874589 2.45031
640 -0.0683295 0.478356 2.45031
640 0.564413 0.662913 2.45031
640 -0.40423 0.770699 2.45031
640 -0.0890054 -0.235618 2.45031
640 0.216261 -0.589106 8.73349
640 0.777799 0.207948 2.45031
640 -0.840788 0.27009 2.45031
640 -0.498804 0.443378 2.45031
640 0.280066 -0.969498 8.73349
640 0.64526 0.574566 2.45031
640 -0.588158 -0.0452775 2.45031
640 -0.259042 0.027755 2.45031
640 0.764121 0.390238 2.45031
640 -0.722875 -0.00181349 2.45031
640 -0.206008 -0.876676 2.45031
640 -0.53756 0.260967 2.45031
640 0.2539 -0.550532 2.45031
640 0.128648 0.609607 2.45031
640 0.402253 -0.518266 2.45031
640 -0.399792 -0.63004 2.45031
640 -0.321605 -0.375554 2.45031
640 0.124852 0.237353 8.73349
640 0.574446 -0.00679283 2.45031
640 -0.411949 -0.385452 2.45031
640 0.428425 -0.254172 2.45031
640 0.175497 -0.158227 2.45031
640 -0.267256 0.341167 2.45031
640 -0.463117 -0.254921 2.45031
640 -0.0969684 0.260374 2.45031
640 0.17811 -0.932416 2.45031
640 -0.916764 -0.0598512 2.45031
640 -0.675643 -0.0190878 2.45031
640 -0.00539378 -0.957626 2.45031
640 -0.658623 -0.415246 2.45031
640 0.102648 0.00588691 2.45031
640 0.590143 0.776931 2.45031
640 -0.131069 -0.501469 2.45031
640 0.710113 0.285811 2.45031
640 0.46015 -0.295656 2.45031
640 -0.884537 -0.24657 2.45031
640 0.770649 -0.0550809 2.45031
640 -0.449147 -0.0762553 2.45031
640 -0.131481 0.919879 2.45031
640 0.649204 -0.449081 2.45031
640 -0.178875 0.512033 2.45031
640 -0.828047 0.532476 2.45031
640 -0.0384658 -1.01121 2.45031
640 -0.00841099 0.279596 8.73349
640 0.497803 -0.482753 8.73349
640 0.835021 -0.0431611 2.45031
640 -0.552465 -0.305952 2.45031
640 -0.15124 -0.046516 2.45031
640 0.432321 -0.342974 2.45031
640 -0.190013 0.101709 2.45031
640 0.227677 0.733251 2.45031
640 -0.380855 0.561076 2.45031
640 0.455065 -0.837517 2.45031
640 -0.37446 0.364258 2.45031
640 0.234705 -0.50498 8.73349
640 0.0130145 0.367553 2.45031
640 0.301858 -0.326256 2.45031
640 -0.37801 -0.830309 2.45031
640 0.610358 0.620659 2.45031
640 0.588983 0.563317 2.45031
640 -0.0731598 0.621995 2.45031
640 0.436518 0.743345 2.45031
640 0.0939815 0.273589 2.45031
640 -0.918443 0.00467806 2.45031
640 0.445601 -0.20635 2.45031
640 0.497633 0.321472 2.45031
640 -0.106915 0.441185 2.45031
640 -0.473278 -0.898653 8.73349
640 0.693737 -0.114151 2.45031
640 0.589055 0.465106 2.45031
640 0.416426 0.118418 8.73349
640 -0.0812042 0.213127 8.73349
640 -0.323469 0.220166 2.45031
640 -0.136668 0.535692 2.45031
640 -0.788448 0.259829 2.45031
640 0.460919 0.637567 2.45031
640 -0.365179 -0.739976 2.45031
640 -0.506275 0.651316 2.45031
640 0.0182981 -0.390102 2.45031
640 -0.417051 -0.277949 2.45031
640 0.00483868 -0.327327 2.45031
640 0.134804 0.103823 2.45031
640 0.297846 0.313167 2.45031
640 -0.464922 -0.306957 2.45031
640 -0.238896 -0.484395 2.45031
640 0.855168 -0.0953358 2.45031
640 0.428699 0.938621 8.73349
640 -0.677928 0.7847 2.45031
640 -0.552856 0.45769 2.45031
640 -0.644148 -0.0600674 2.45031
640 -1.02564 0.105689 8.73349
640 -0.686135 -0.51165 2.45031
640 -0.272526 -0.248466 2.45031
640 0.299953 0.0428572 2.45031
640 -0.843592 -0.206851 2.45031
640 0.266826 0.489732 2.45031
640 -0.484083 -0.562689 2.45031
640 -0.466836 -0.830164 2.45031
640 -0.750968 0.148067 2.45031
640 -0.55654 0.676545 2.45031
640 0.726179 -0.161364 2.45031
640 -0.713074 0.104409 2.45031
640 0.376778 -0.347401 2.45031
640 -0.0964829 0.0797012 2.45031
640 0.742226 -0.408298 2.45031
640 0.114082 1.0267 8.73349
640 0.509587 -0.389675 2.45031
640 -0.513398 0.776295 2.45031
640 -0.666238 0.339046 2.45031
640 0.338719 0.709652 2.45031
640 0.637437 0.0565611 2.45031
640 -0.270321 0.209341 2.45031
640 -0.675397 0.552786 2.45031
640 -0.0267645 0.330552 2.45031
640 0.604661 -0.256591 2.45031
640 -0.201649 -0.445215 2.45031
640 0.424533 0.244283 2.45031
640 -0.84213 -0.359085 2.45031
640 -0.315326 -0.08585 2.45031
640 0.869877 0.279878 2.45031
640 0.0879127 0.427858 2.45031
640 0.154332 0.510571 2.45031
640 0.600943 -0.0906903 2.45031
640 -0.0483623 0.76628 2.45031
640 -0.81479 -0.408872 2.45031
640 0.215555 0.63472 8.73349
640 -0.404119 -0.440655 2.45031
640 -0.422643 -0.864167 2.45031
640 -0.502127 0.300577 2.45031
640 0.212404 0.488399 2.45031
640 -0.0726225 -0.792285 2.45031
640 0.197692 0.956126 2.45031
640 -0.483127 0.389846 2.45031
640 0.331349 0.142628 2.45031
640 -0.418194 -0.729018 2.45031
640 -0.907115 0.367874 2.45031
640 0.177004 1.01733 2.45031
640 -0.943893 -0.229402 2.45031
640 -0.818633 0.00394304 2.45031
640 -0.420044 0.663219 2.45031
640 -0.29046 0.124387 2.45031
640 0.151051 -0.443096 2.45031
640 0.218018 0.895564 2.45031
640 -0.40709 0.0616208 2.45031
640 0.279337 -0.744415 2.45031
640 -0.184162 -0.222801 2.45031
640 -0.646323 0.284253 2.45031
640 -0.899898 -0.18594 2.45031
640 0.91201 0.326792 2.45031
640 0.7899 0.15069 2.45031
640 -0.535265 0.112842 2.45031
640 0.92342 0.439164 8.73349
640 0.877137 -0.303716 2.45031
640 0.0976301 0.142718 2.45031
640 -0.0890428 -0.189434 2.45031
640 0.739078 0.0488948 8.73349
640 -0.448774 0.153506 2.45031
640 -0.730337 0.570609 2.45031
640 0.297491 0.181018 2.45031
640 0.101616 0.522041 2.45031
640 0.279379 0.404144 2.45031
640 -0.61992 -0.734416 2.45031
640 -0.308533 0.0404119 2.45031
640 -0.0914371 -0.739955 2.45031
640 0.540191 -0.343217 2.45031
640 -0.533174 0.551629 2.45031
640 0.828977 -0.575636 2.45031
640 -0.488412 -0.169469 2.45031
640 -0.80192 -0.16837 2.45031
640 0.17048 -0.379157 2.45031
640 -0.570378 0.513177 2.45031
640 -0.563178 0.0654495 2.45031
640 -0.965935 0.12705 2.45031
640 0.466612 -0.680114 2.45031
640 -0.254292 0.161251 2.45031
640 0.102649 0.915411 2.45031
640 -0.367514 -0.0937705 2.45031
640 0.612065 0.250474 2.45031
640 0.882298 0.222134 2.45031
640 -0.163476 0.86673 2.45031
640 0.408162 0.47347 8.73349
640 -0.865469 -0.0863904 2.45031
640 0.642542 -0.220716 2.45031
640 0.0656176 -0.482754 2.45031
640 -0.362734 -0.408138 2.45031
640 -0.427843 0.0201366 2.45031
640 0.288848 0.562675 2.45031
640 -0.111043 -0.839281 2.45031
640 -0.713012 0.508574 2.45031
640 0.893158 0.497532 2.45031
640 -0.666115 -0.695321 2.45031
640 -0.105311 0.768541 2.45031
640 -0.296251 -0.0104467 2.45031
640 -0.823077 -0.262522 2.45031
640 -0.320538 0.352407 2.45031
640 0.61375 0.333688 2.45031
640 -0.988837 -0.274825 2.45031
640 -0.127964 0.626178 8.73349
640 0.263582 0.352717 2.45031
640 -0.555895 -0.643998 8.73349
640 -0.802292 0.169836 2.45031
640 0.465027 -0.0426774 2.45031
640 -0.756444 0.308194 2.45031
640 -0.868823 -0.0255848 2.45031
640 0.560849 -0.0563652 2.45031
640 0.227707 0.257784 2.45031
640 0.649004 0.797716 2.45031
640 0.69477 -0.309516 2.45031
640 0.167661 0.464783 2.45031
640 0.893229 -0.356869 2.45031
640 0.108891 -0.824063 2.45031
640 0.846688 0.0690531 2.45031
640 -0.515433 0.496763 2.45031
640 -0.283124 -0.336855 2.45031
640 -0.725504 0.739592 2.45031
640 0.801479 -0.410853 8.73349
640 0.0508363 1.03226 8.73349
640 -0.477082 0.534653 2.45031
640 0.39582 -0.927418 2.45031
640 -0.447816 0.289607 2.45031
640 -0.174312 0.0517536 2.45031
640 -0.142258 0.0904548 2.45031
640 0.0778892 0.973563 2.45031
640 0.482274 -0.575016 2.45031
640 -0.708974 0.677149 2.45031
640 -0.43905 -0.52885 2.45031
640 -0.437562 0.571702 2.45031
640 -0.5145 0.716454 2.45031
640 -0.582456 -0.499459 2.45031
640 -0.101756 0.672247 2.45031
640 -0.218308 -0.397052 2.45031
640 0.63418 0.735659 2.45031
640 0.740725 0.329188 2.45031
640 -0.783935 -0.21959 2.45031
640 -0.773235 -0.667509 8.73349
640 -0.19346 -0.174652 2.45031
640 -0.714089 -0.113144 8.73349
640 0.0452055 -0.351892 2.45031
640 -0.571803 0.220187 2.45031
640 -0.409776 0.464412 2.45031
640 0.664438 -0.600023 2.45031
640 0.682433 0.693654 2.45031
640 -0.0150554 -0.798257 2.45031
640 -0.126325 0.0387488 2.45031
640 0.411299 -0.0632459 8.73349
640 -0.266726 -0.105872 2.45031
640 0.269264 0.61984 2.45031
640 0.561773 0.512717 2.45031
640 0.372158 -0.0325346 8.73349
640 0.385906 0.0172872 2.45031
640 0.0137167 0.231323 2.45031
640 -0.263021 0.477167 2.45031
640 -0.44544 -0.663094 2.45031
640 0.590161 -0.442246 2.45031
640 -0.233042 -0.212791 2.45031
640 0.576611 -0.209366 2.45031
640 0.950342 0.143772 2.45031
640 -0.0457145 -0.328767 2.45031
640 0.271707 -0.462278 2.45031
640 0.095226 -1.0074 8.73349
640 -0.318171 0.665629 2.45031
640 0.00152061 -0.0117305 2.45031
640 0.172835 -0.733781 2.45031
640 -0.3073 0.81823 2.45031
640 0.0206779 0.183831 2.45031
640 -0.394642 0.958849 2.45031
640 0.299789 0.453027 2.45031
640 0.861289 -0.412834 2.45031
640 0.988586 0.248343 8.73349
640 -0.414177 -0.927962 8.73349
640 -0.732596 0.25313 8.73349
640 -0.76968 0.209117 2.45031
640 0.350233 0.190824 8.73349
640 0.796175 0.546778 2.45031
640 0.120834 -0.48713 8.73349
640 0.554233 0.608954 2.45031
640 0.316024 -0.795011 2.45031
640 0.321179 -0.0445 2.45031
640 -0.18681 -0.937144 2.45031
640 -0.328198 -0.697951 2.45031
640 0.460233 0.208552 2.45031
640 -0.17963 0.369475 2.45031
640 -0.25885 -0.296103 2.45031
640 0.236921 -0.919945 2.45031
640 -0.377021 0.230586 2.45031
640 0.249091 -0.0997718 2.45031
640 0.899336 0.10376 2.45031
640 0.145611 -0.119722 2.45031
640 -0.644644 0.432395 2.45031
640 -0.340846 0.136504 2.45031
640 0.498503 0.51277 2.45031
640 -0.482962 0.111041 2.45031
640 -0.31734 0.486176 2.45031
640 -0.512085 0.0654411 2.45031
640 0.955575 0.083489 2.45031
640 0.629573 0.00760812 2.45031
640 0.467526 0.471238 2.45031
640 0.33274 -0.371243 2.45031
640 0.591427 0.195718 2.45031
640 -0.129621 -0.784589 2.45031
640 -0.232503 -0.0706444 2.45031
640 -0.0785218 0.0280987 2.45031
640 -0.581807 0.130179 2.45031
640 0.119391 0.0551178 8.73349
640 -0.351749 -0.95241 8.73349
640 0.453346 -0.902703 2.45031
640 0.639313 0.156214 2.45031
640 0.268564 -0.053301 2.45031
640 -0.857467 0.155888 2.45031
640 -0.132155 0.223562 2.45031
640 0.863067 -0.524236 2.45031
640 -0.143055 1.0266 8.73349
640 0.502106 -0.626144 2.45031
640 -0.545898 0.613076 2.45031
640 0.0445958 0.920547 2.45031
640 0.923202 -0.414307 8.73349
640 0.0516809 -0.223197 2.45031
640 0.686498 0.0265158 2.45031
640 0.847624 -0.250584 2.45031
640 -0.0429499 -0.237575 2.45031
640 0.225202 -0.74188 2.45031
640 0.831144 -0.466514 8.73349
640 -0.093448 -0.598022 2.45031
640 0.479518 0.00694348 2.45031
640 -0.665623 0.721088 2.45031
640 -0.0204794 0.613546 2.45031
640 -0.143031 -0.183076 2.45031
640 0.756633 -0.208164 2.45031
640 0.165557 -0.0718063 2.45031
640 -0.363789 -0.891125 2.45031
640 0.210166 0.344416 2.45031
640 0.326116 -0.4643 2.45031
640 -0.629291 0.378414 8.73349
640 0.0413882 0.270198 2.45031
640 -0.0346465 -0.190948 2.45031
640 -0.809715 0.117272 2.45031
640 -0.340631 0.267608 2.45031
640 0.481525 -0.740708 2.45031
640 0.257696 -0.797742 2.45031
640 0.934116 -0.206582 2.45031
640 0.437814 0.516369 2.45031
640 -0.537584 -0.474386 2.45031
640 0.0856833 -0.769086 2.45031
640 0.240101 0.835403 2.45031
640 0.754995 -0.307148 2.45031
640 0.48761 0.116275 2.45031
640 -0.187986 0.722679 2.45031
640 -0.971077 0.0691007 2.45031
640 -0.148222 -0.453338 2.45031
640 0.275493 -0.139898 2.45031
640 -0.167401 -0.135137 2.45031
640 0.122875 -0.949379 2.45031
640 0.0267411 -0.904924 8.73349
640 0.314926 0.092808 2.45031
640 -0.552688 -0.36543 2.45031
640 -0.944919 -0.396462 8.73349
640 -0.255531 -0.436134 8.73349
640 -0.881086 -0.404032 2.45031
640 -0.101571 0.12772 2.45031
640 0.0612263 0.762451 2.45031
640 0.60255 -0.589581 2.45031
640 0.250236 -0.417485 2.45031
640 -0.429734 0.107059 2.45031
640 0.314057 -0.694814 2.45031
640 0.491115 0.0583515 2.45031
640 -0.217448 -0.121407 2.45031
640 -0.199081 0.282664 2.45031
640 -0.0138696 -0.0561592 2.45031
640 0.00442527 -0.850852 2.45031
640 -0.802928 -0.32131 2.45031
640 -0.38798 -0.00678026 8.73349
640 -0.392049 0.413505 2.45031
640 -0.597504 -0.28285 2.45031
640 0.696825 0.753829 2.45031
640 0.0813188 -0.260617 2.45031
640 0.424824 0.801419 2.45031
640 0.508026 -0.0735932 8.73349
640 -0.262941 0.670436 2.45031
640 -0.183178 0.234518 2.45031
640 0.293599 -0.645749 2.45031
640 0.0937279 -0.129305 2.45031
640 0.00431701 0.658514 2.45031
640 0.38945 0.844224 8.73349
640 0.59597 0.839031 2.45031
640 0.392436 0.700135 2.45031
640 -0.299715 0.43764 2.45031
640 -0.609408 0.69995 2.45031
640 -0.414561 -0.111903 2.45031
640 -0.930157 0.306911 2.45031
640 0.675092 -0.501371 2.45031
640 0.424695 -0.0144975 2.45031
640 -0.460544 0.748425 2.45031
640 0.365471 0.965887 2.45031
640 -0.0393318 0.379266 2.45031
640 0.12862 -0.627467 2.45031
640 -0.646007 -0.306564 2.45031
640 -0.16579 -0.998414 2.45031
640 0.37203 -0.262297 2.45031
640 -0.197648 -0.033719 8.73349
640 0.302571 -0.0901245 2.45031
640 -0.651416 0.658269 2.45031
640 -0.225183 -0.817842 2.45031
640 0.513336 -0.294058 2.45031
640 -0.0317659 0.518074 2.45031
640 -0.287344 0.256663 2.45031
640 0.141667 0.559176 2.45031
640 -0.113192 -0.550024 8.73349
640 -0.0576147 -0.557429 2.45031
640 -0.21511 0.330884 2.45031
640 -0.365334 -0.250901 2.45031
640 -0.0511576 0.118011 2.45031
640 0.508915 0.222965 2.45031
640 -0.766926 -0.278798 2.45031
640 0.280307 0.266441 2.45031
640 -0.550857 0.169951 2.45031
640 0.814983 -0.204113 2.45031
640 0.269321 -0.281922 2.45031
640 -0.0217892 0.713769 2.45031
640 0.955412 0.0244921 2.45031
640 0.688668 -0.656372 2.45031
640 0.460884 -0.526241 2.45031
640 -0.317782 -0.557794 8.73349
640 0.494109 0.167555 2.45031
640 0.554064 -0.78152 2.45031
640 -0.281807 0.5263 2.45031
640 -0.654934 -0.254491 2.45031
640 -0.147999 0.271622 2.45031
640 -0.872533 0.319577 2.45031
640 -0.344025 -0.0460636 2.45031
640 -0.590245 0.417772 2.45031
640 -0.600857 -0.395572 2.45031
640 -0.0515532 0.0708745 2.45031
640 -0.860248 0.474359 2.45031
640 -0.686279 0.392922 2.45031
640 0.675811 0.528015 2.45031
640 -0.313094 -0.278381 2.45031
640 0.752525 -0.671896 2.45031
640 -0.521569 -0.805762 2.45031
640 0.54007 -0.167718 8.73349
640 0.06433 -0.854409 8.73349
640 -0.926639 -0.289547 2.45031
640 0.331922 0.864159 2.45031
640 0.527027 0.279593 2.45031
640 -0.167813 0.969906 2.45031
640 0.00362242 -0.231749 2.45031
640 -0.331461 -0.130431 2.45031
640 -0.0119157 -0.428901 2.45031
640 -0.624344 -0.00808153 2.45031
640 0.454364 -0.388708 2.45031
640 -0.789785 0.583473 2.45031
640 0.194419 -0.419396 2.45031
640 -0.0908874 -0.895784 2.45031
640 -0.395421 -0.49428 2.45031
640 0.699431 -0.214355 2.45031
640 -0.184801 -0.493535 2.45031
640 0.194916 0.690939 2.45031
640 -0.749109 -0.425625 2.45031
640 -0.702679 -0.454607 2.45031
640 -0.0536459 -0.846019 2.45031
640 -0.768959 0.0330672 2.45031
640 0.239686 1.00412 2.45031
640 0.181794 0.593077 2.45031
640 0.2166 -0.0622881 2.45031
640 -0.0775503 0.344484 2.45031
640 0.0491962 0.543265 2.45031
640 0.51967 -0.0234426 2.45031
640 -0.488507 -0.504969 2.45031
640 0.417478 0.382401 8.73349
640 -0.342443 0.920639 2.45031
640 -0.319902 -0.847897 2.45031
640 -0.371166 -0.298923 2.45031
640 -0.768092 0.524376 2.45031
640 0.367613 -0.820401 2.45031
640 0.727389 -0.260195 2.45031
640 0.853038 0.338284 2.45031
640 -0.342074 0.00158393 2.45031
640 -0.30266 -0.747536 2.45031
640 -0.341293 -0.788707 2.45031
640 0.281929 0.718888 2.45031
640 -0.149841 -0.590534 2.45031
640 -0.330503 -0.18031 2.45031
640 -0.286636 -0.148152 2.45031
640 -0.688617 -0.213359 2.45031
640 0.304669 -0.417128 2.45031
640 0.949952 0.376788 8.73349
640 0.183044 0.112899 2.45031
640 0.071586 0.0452851 2.45031
640 0.447065 -0.621534 2.45031
640 -0.323216 -0.229137 2.45031
640 -0.536273 0.404021 2.45031
640 -0.804667 0.474542 2.45031
640 -0.817579 0.061352 2.45031
640 -0.852517 0.589564 2.45031
640 -0.607133 0.473258 2.45031
640 0.499528 -0.798732 8.73349
640 0.900193 0.0450859 2.45031
640 0.300968 0.664584 2.45031
640 0.380754 0.755539 2.45031
640 0.249852 -0.328787 2.45031
640 0.12397 -0.1669 2.45031
640 -0.194973 0.419239 2.45031
640 0.38991 -0.611878 2.45031
640 -0.264792 -0.708564 2.45031
640 -0.144422 0.407991 2.45031
640 0.0181097 0.504242 2.45031
640 0.263259 0.219392 2.45031
640 -0.0292032 0.205843 2.45031
640 -0.24402 -0.761687 2.45031
640 -0.0985853 -0.32539 2.45031
640 0.0419514 -0.137888 2.45031
640 -0.0830857 0.52795 2.45031
640 -0.229319 0.520366 2.45031
640 0.0675599 0.314563 8.73349
640 -0.864768 0.0962851 2.45031
640 -0.362107 0.0457681 2.45031
640 0.488428 -0.183106 2.45031
640 0.450432 0.0855932 2.45031
640 0.798933 -0.517294 2.45031
640 -0.243075 0.72216 2.45031
640 -0.234484 -0.347739 2.45031
640 0.587353 0.143414 2.45031
640 -0.570816 -0.136967 2.45031
640 -0.754257 -0.606963 2.45031
640 0.196915 0.161313 2.45031
640 0.781826 -0.154689 2.45031
640 0.142626 0.286896 2.45031
640 -0.196557 0.825139 2.45031
640 -0.465753 -0.7724 2.45031
640 0.763402 0.269692 2.45031
640 -0.424918 -0.165273 2.45031
640 0.231882 0.12208 2.45031
640 0.0935706 0.810175 2.45031
640 -0.207892 0.0156266 2.45031
640 -0.370857 -0.35422 2.45031
640 0.31698 0.925373 2.45031
640 -0.156739 0.580196 2.45031
640 0.203546 -0.68637 2.45031
640 0.436812 -0.785454 2.45031
640 0.10818 -0.577521 2.45031
640 0.0141524 -0.0981389 2.45031
640 -0.856206 -0.146592 2.45031
640 -0.135982 -0.0981949 2.45031
640 0.00341612 -0.703959 8.73349
640 -0.717227 0.196493 2.45031
640 1.01374 0.0591064 8.73349
640 -0.609822 0.0913303 2.45031
640 0.399551 0.0671736 2.45031
640 -0.526938 0.017134 2.45031
640 -0.219732 0.773413 2.45031
640 0.815615 -0.303342 2.45031
640 -0.463608 -0.126851 2.45031
640 -0.520293 -0.130754 2.45031
640 -0.421538 0.520798 2.45031
640 -0.66332 -0.105474 2.45031
640 -0.411356 0.32727 2.45031
640 -0.503713 -0.39125 2.45031
640 -0.0683259 -0.283719 2.45031
640 0.940945 0.204529 2.45031
640 -0.67999 -0.757984 8.73349
640 0.717953 -0.357353 2.45031
640 0.182734 -0.633959 2.45031
640 -0.0542805 -0.0156661 2.45031
640 0.583593 -0.142615 2.45031
640 -0.281854 -0.0547375 8.73349
640 -0.0265606 -0.374016 2.45031
640 -1.01596 0.168444 2.45031
640 -0.328917 -0.322867 2.45031
640 0.234151 0.582184 2.45031
640 0.587039 0.0932358 2.45031
640 0.645464 0.29194 2.45031
640 0.536361 0.815466 2.45031
640 -0.737126 -0.181129 2.45031
640 1.01127 -0.0631862 8.73349
640 -0.439679 -0.0277716 2.45031
640 -0.645589 -0.364697 2.45031
640 -0.110502 -0.688856 2.45031
640 0.324172 -0.132071 8.73349
640 0.302318 0.986995 2.45031
640 -0.556178 0.312542 2.45031
640 -0.310709 -0.425859 2.45031
640 0.950399 -0.299386 8.73349
640 0.315994 0.228465 2.45031
640 0.616782 -0.0412333 2.45031
640 -0.850157 -0.565885 8.73349
640 0.103294 -0.213463 2.45031
640 0.352722 0.654023 2.45031
640 0.438539 0.0346212 2.45031
640 0.475791 -0.435406 2.45031
640 -0.525249 -0.867696 2.45031
640 0.160483 0.907081 2.45031
640 -0.565689 0.74091 2.45031
640 0.368096 -0.561695 2.45031
640 -0.58481 0.574021 2.45031
640 -0.223869 0.0641523 2.45031
640 0.551013 0.331686 2.45031
640 -0.725371 -0.548293 2.45031
640 -0.344217 -0.646624 2.45031
640 -0.646698 -0.569961 2.45031
640 0.154993 -0.205805 2.45031
640 -0.568286 0.802759 2.45031
640 -0.466564 0.200932 2.45031
640 0.357448 -0.0808533 2.45031
640 -0.49508 0.588467 2.45031
640 -0.533487 -0.533171 2.45031
640 -0.973004 0.0114211 2.45031
640 0.255816 -0.189361 2.45031
640 -0.130094 -0.639081 2.45031
640 -0.35787 0.715706 2.45031
640 0.0213721 0.320519 2.45031
640 -0.0450432 0.869128 2.45031
640 -0.104725 0.975539 2.45031
640 -0.651746 -0.633932 2.45031
640 0.0645385 -0.0906833 2.45031
640 0.366157 0.373734 2.45031
640 -0.708982 -0.389153 2.45031
640 0.16235 -0.583383 2.45031
640 -0.537097 -0.588621 8.73349
640 0.07431 0.619884 2.45031
640 -0.283274 0.389353 2.45031
640 -0.585329 -0.556783 2.45031
640 0.521101 -0.677025 2.45031
640 0.296165 0.819564 2.45031
640 -0.968891 -0.336481 8.73349
640 0.574339 -0.303919 2.45031
640 0.35749 -0.419238 2.45031
640 0.822764 0.238915 2.45031
640 0.286694 -0.230512 2.45031
640 0.184336 -0.0237764 2.45031
640 -0.761024 -0.0774183 2.45031
640 -0.378261 -0.147903 2.45031
640 0.247802 0.533014 2.45031
640 -0.410643 0.717496 2.45031
640 -0.764096 0.0897722 2.45031
640 0.14134 0.703725 2.45031
640 0.247925 0.675983 2.45031
640 0.690456 0.0787253 2.45031
640 0.0695051 0.864791 2.45031
640 0.79266 0.0964478 8.73349
640 0.318022 0.761176 2.45031
640 0.067355 0.486126 2.45031
640 0.338462 -0.223549 2.45031
640 -0.121492 0.488961 8.73349
640 -0.494948 -0.446337 8.73349
640 -0.245096 -0.0197606 2.45031
640 -0.0351301 -0.105001 2.45031
640 -0.483592 0.250992 2.45031
640 -0.397576 -0.0564809 2.45031
640 0.126541 0.858271 2.45031
640 0.51997 -0.531225 2.45031
640 -0.489721 -0.0343271 2.45031
640 0.536069 -0.728724 2.45031
640 -0.953344 0.185392 2.45031
640 0.193032 0.296342 2.45031
640 -0.373228 0.500795 8.73349
640 0.828182 0.496376 8.73349
640 -0.910583 0.133805 2.45031
640 -0.0722678 0.922187 2.45031
640 0.0581307 -0.957871 2.45031
640 -0.113048 0.308708 2.45031
640 0.429992 0.592703 2.45031
640 0.64679 -0.699472 2.45031
640 -0.889397 0.531584 2.45031
640 -0.357523 0.315595 2.45031
640 0.306079 -0.181765 2.45031
640 -0.235386 0.879962 2.45031
640 -0.273675 0.0770288 2.45031
640 -0.20269 0.15005 2.45031
640 0.244121 0.443648 2.45031
640 0.536925 0.129512 2.45031
640 0.335572 0.00429912 2.45031
640 0.165206 -0.292023 2.45031
640 0.0474251 0.404432 2.45031
640 0.795967 0.442857 2.45031
640 -0.606031 0.178723 2.45031
640 -0.944789 0.415845 8.73349
640 0.639767 -0.545814 2.45031
640 0.246739 0.171037 2.45031
640 0.171633 0.383112 2.45031
640 0.776497 -0.357171 2.45031
640 -1.00653 0.229607 2.45031
640 -0.337095 0.536082 2.45031
640 -0.168142 -0.829965 2.45031
640 -0.608182 -0.672075 2.45031
640 -0.691297 -0.338386 2.45031
640 -0.446018 -0.473096 2.45031
640 -0.626643 -0.143875 2.45031
640 0.409161 0.195224 8.73349
640 0.11305 0.329137 2.45031
640 0.066031 0.183097 2.45031
640 -0.292448 0.874907 2.45031
640 -0.102723 -1.00657 8.73349
640 -0.599316 -0.608942 2.45031
640 0.469678 0.559287 2.45031
640 0.888599 0.387809 8.73349
640 0.332831 0.412962 2.45031
640 -0.0092731 -0.146116 2.45031
640 0.63153 -0.304138 2.45031
640 -0.184307 -0.0850754 2.45031
640 0.00123494 0.559303 2.45031
640 0.147079 0.152212 2.45031
640 0.826569 0.393046 8.73349
640 0.0528723 0.665259 2.45031
640 0.112949 0.191846 2.45031
640 -0.387925 -0.683488 2.45031
640 0.663801 -0.760502 2.45031
640 -0.574298 0.0101691 2.45031
640 -0.105825 -0.0576405 2.45031
640 -0.204627 -0.308876 2.45031
640 0.143725 -0.339267 2.45031
640 0.217933 -0.286346 2.45031
640 0.439425 0.292759 8.73349
640 0.619693 0.516305 2.45031
640 0.00208309 0.119955 2.45031
640 1.01435 -0.00218349 8.73349
640 -0.892922 0.25511 2.45031
640 0.117146 -0.723827 2.45031
640 -0.0682042 0.166022 2.45031
640 -0.0857706 -0.106237 2.45031
640 0.115117 -0.0817971 2.45031
640 0.414422 -0.11071 2.45031
640 -0.30403 0.304307 2.45031
640 0.83406 -0.356776 2.45031
640 -0.286453 -0.659994 2.45031
640 -0.814244 -0.615595 2.45031
640 -0.262046 -0.571821 2.45031
640 -0.622505 0.533415 2.45031
640 -0.0538352 -0.696277 2.45031
640 0.257296 0.942307 8.73349
640 -0.454806 -0.203589 2.45031
640 -0.780374 0.366837 2.45031
640 0.452439 0.339813 2.45031
640 0.583377 0.375762 8.73349
640 -0.685183 -0.157946 2.45031
640 0.0175619 0.9772 2.45031
640 0.0874759 -0.529322 2.45031
640 -0.811622 -0.108956 2.45031
640 -0.165483 -0.405594 2.45031
640 -0.210779 0.672237 2.45031
640 -0.07346 -0.64662 2.45031
640 0.523686 0.37417 2.45031
640 -0.885484 -0.512389 2.45031
640 0.398274 -0.389328 8.73349
640 -0.597469 0.636606 2.45031
640 0.0443022 -0.804027 2.45031
640 -0.262947 -0.863083 2.45031
640 0.134565 -0.0331404 8.73349
640 -0.519973 0.351509 2.45031
640 0.206329 0.790904 2.45031
640 0.540255 0.87503 2.45031
640 0.558565 0.238059 2.45031
640 0.787325 0.656942 2.45031
640 0.55901 -0.840421 2.45031
640 0.23483 -0.0149445 2.45031
640 0.971935 0.312519 2.45031
640 -0.716572 0.0520653 2.45031
640 0.647134 0.375901 2.45031
640 -0.101896 0.577961 8.73349
640 -0.896186 0.197428 2.45031
640 0.791806 0.0441332 2.45031
640 0.17422 -0.490537 2.45031
640 0.3712 -0.127085 2.45031
640 -0.240691 -0.162519 2.45031
640 -0.956993 -0.168346 2.45031
640 0.0295632 0.601752 2.45031
640 -0.0473698 0.667308 2.45031
640 0.265775 0.0823771 2.45031
640 0.275135 0.881035 2.45031
640 0.708845 0.378514 2.45031
640 -1.01662 -0.149405 8.73349
640 0.349264 -0.884258 2.45031
640 -0.0343638 -0.746843 2.45031
640 0.642155 0.207638 2.45031
640 0.6393 -0.125654 8.73349
640 0.31136 -0.555971 2.45031
640 -1.00476 -0.212356 2.45031
640 -0.299078 0.716723 2.45031
640 0.579335 -0.537782 2.45031
640 -0.304385 -0.908987 2.45031
640 0.56295 -0.632667 2.45031
640 0.61439 -0.802777 2.45031
640 -0.308161 0.575519 2.45031
640 0.0687004 0.36309 8.73349
640 -0.453279 -0.416314 2.45031
640 0.702707 0.586998 2.45031
640 0.371953 0.234267 8.73349
640 -0.817017 -0.0533714 2.45031
640 0.844234 0.0124221 2.45031
640 -0.37621 -0.19759 2.45031
640 0.34934 0.0541249 2.45031
640 -0.169747 -0.271094 2.45031
640 0.392595 -0.215824 2.45031
640 -0.35153 0.863271 2.45031
640 -0.282515 -0.80346 2.45031
640 -0.511534 -0.277456 2.45031
640 -0.0549129 0.4288 2.45031
640 0.738888 0.163291 2.45031
640 0.334445 0.273908 2.45031
640 -0.225759 -0.670133 2.45031
640 -0.183702 0.623829 2.45031
640 -0.112588 -0.412705 2.45031
640 0.125253 -0.396953 2.45031
