900 0.197609 -0.539042 2.45031
900 -0.35615 0.645025 2.45031
900 -0.448781 -0.607153 8.73349
900 0.950956 -0.0923198 2.45031
900 -0.167284 -0.539419 2.45031
900 0.928976 0.264444 8.73349
900 -0.360048 0.184649 2.45031
900 -0.413409 -0.234204 2.45031
900 -0.182885 -0.354126 8.73349
900 -0.160759 0.00362926 2.45031
900 0.899464 -0.0677692 2.45031
900 0.168072 -0.829193 2.45031
900 -0.341933 0.593357 2.45031
900 0.488511 0.905999 8.73349
900 -0.0287305 0.163685 2.45031
900 0.678889 0.333918 2.45031
900 -0.841925 0.368917 2.45031
900 0.690245 0.132298 2.45031
900 -0.787835 -0.55608 2.45031
900 -0.460675 -0.363574 2.45031
900 -0.921685 0.469248 2.45031
900 -0.664894 0.0922626 2.45031
900 -0.21828 -0.256118 2.45031
900 0.647278 0.473941 2.45031
900 -1.02869 -0.0224925 2.45031
900 -0.918087 -0.455334 2.45031
900 0.333276 -0.60553 2.45031
900 -0.354625 0.454483 2.45031
900 0.791215 0.340788 2.45031
900 -0.33335 0.980095 2.45031
900 0.0398763 -0.662738 2.45031
900 -0.028312 0.027782 2.45031
900 0.407732 -0.16713 2.45031
900 0.441796 0.424693 8.73349
900 0.0991112 -0.442267 2.45031
900 0.0853909 0.712685 2.45031
900 0.23678 -0.238407 2.45031
900 0.540071 -0.581916 2.45031
900 0.150556 0.802771 2.45031
900 0.613949 -0.493758 2.45031
900 0.0742247 -0.39763 2.45031
900 -0.808151 0.415854 2.45031
900 -0.252907 0.827651 2.45031
900 -0.722632 0.350874 2.45031
900 -0.65863 0.190954 2.45031
900 0.0109542 -0.477122 2.45031
900 -0.0433612 -0.468896 2.45031
900 0.196991 -0.332533 2.45031
900 0.348158 -0.511762 8.73349
900 0.676296 0.246498 2.45031
900 -0.819171 -0.509305 2.45031
900 -0.0130542 1.03412 8.73349
900 0.452096 0.695288 2.45031
900 0.664777 0.631797 2.45031
900 0.61741 -0.177975 2.45031
900 0.859964 0.442229 2.45031
900 0.356361 -0.176328 2.45031
900 0.734923 0.538316 2.45031
900 0.0853887 -0.904708 2.45031
900 0.353645 0.803897 2.45031
900 -0.460094 0.0651569 2.45031
900 0.533301 -0.437242 2.45031
900 -0.811009 0.317312 8.73349
900 0.399657 0.552033 2.45031
900 0.555751 -0.487038 2.45031
900 0.624457 -0.398321 2.45031
900 -0.970167 0.35507 2.45031
900 -0.349358 -0.457131 2.45031
900 -0.646208 -0.470278 2.45031
900 -0.446139 0.43156 2.45031
900 -0.518558 0.211962 2.45031
900 0.479016 0.266413 2.45031
900 -0.554269 -0.0877912 2.45031
900 0.677037 0.427722 2.45031
900 -0.246645 -0.923836 2.45031
900 0.049849 0.135967 2.45031
900 0.225146 -0.148138 2.45031
900 -0.580382 -0.835267 2.45031
900 0.675462 -0.0237563 2.45031
900 -0.2475 0.428165 2.45031
900 0.715144 -0.0599261 2.45031
900 0.500524 0.425624 2.45031
900 -0.741908 -0.331213 2.45031
900 -0.457466 0.690501 2.45031
900 0.78849 -0.00828061 2.45031
900 0.504493 0.713401 2.45031
900 -0.307487 0.173519 2.45031
900 -0.970502 -0.0466349 2.45031
900 -0.624192 0.232555 2.45031
900 0.535993 0.756671 2.45031
900 -0.221646 -0.529972 2.45031
900 -0.417697 -0.332134 2.45031
900 -0.0764957 0.817383 2.45031
900 -0.25324 0.295017 2.45031
900 0.801755 -0.100109 2.45031
900 -0.836818 0.211719 2.45031
900 0.185659 -0.244998 2.45031
900 0.0372419 0.815538 2.45031
900 0.113011 -0.300574 2.45031
900 0.404932 0.648714 2.45031
900 0.183867 0.848756 8.73349
900 0.217598 -0.461836 2.45031
900 0.0858579 0.573019 2.45031
900 0.0627096 -0.30882 2.45031
900 -0.109563 -0.00779662 2.45031
900 -0.864019 -0.302147 2.45031
900 -0.344747 0.758477 2.45031
900 -0.465774 0.807219 2.45031
900 0.196182 -0.108988 2.45031
900 -0.510563 -0.681806 2.45031
900 -0.458761 0.930958 2.45031
900 -0.431307 0.242751 2.45031
900 -0.0567557 -0.0612638 8.73349
900 0.404611 -0.30028 2.45031
900 0.542182 0.183139 2.45031
900 0.199073 -0.78747 2.45031
900 -0.744248 0.405772 2.45031
900 -0.0137464 0.923011 2.45031
900 -0.371182 -0.539734 2.45031
900 0.844143 0.125139 2.45031
900 0.384132 0.152986 2.45031
900 0.11779 0.75743 2.45031
900 0.537036 0.0808735 2.45031
900 -0.768494 -0.0261793 2.45031
900 -0.05136 0.247971 2.45031
900 -0.538192 -0.185132 2.45031
900 -1.02938 0.0411181 2.45031
900 0.200527 0.0245859 2.45031
900 0.319629 0.607405 2.45031
900 0.437878 0.874234 2.45031
900 0.140776 -0.775782 2.45031
900 0.138177 0.966708 2.45031
900 0.114436 0.469926 2.45031
900 -0.148351 -0.730281 2.45031
900 0.384737 0.421255 2.45031
900 0.582627 -0.686097 2.45031
900 -0.103185 0.868237 2.45031
900 0.133769 -0.252768 2.45031
900 -0.130746 -0.363521 2.45031
900 0.8358 0.182719 2.45031
900 -0.156365 0.13867 2.45031
900 0.669462 -0.264406 8.73349
900 -0.467204 -0.712853 2.45031
900 -0.638474 0.594219 8.73349
900 0.205562 -0.197193 2.45031
900 0.708466 -0.718396 8.73349
900 -0.222323 0.198449 2.45031
900 -0.0224822 -0.516932 2.45031
900 0.279775 -0.371896 2.45031
900 -0.0169539 -0.653407 2.45031
900 0.0952046 -0.670228 2.45031
900 -0.112338 -0.143939 2.45031
900 0.0543103 -0.571089 2.45031
900 -0.462349 0.48429 2.45031
900 -0.752804 0.459754 2.45031
900 0.378407 0.904928 8.73349
900 0.163411 0.648685 8.73349
900 0.895454 -0.137901 2.45031
900 0.00592989 0.765884 2.45031
900 0.260075 -0.690789 2.45031
900 0.0331418 -0.523712 2.45031
900 0.725771 0.643441 2.45031
900 0.705091 0.48327 2.45031
900 0.288914 -0.906538 2.45031
900 0.143792 -0.534339 2.45031
900 0.790755 -0.626399 2.45031
900 0.390507 -0.780105 2.45031
900 -0.365129 0.807098 2.45031
900 0.0365045 -0.0485714 2.45031
900 0.522514 -0.218673 2.45031
900 -0.518456 -0.744908 2.45031
900 0.763081 0.595116 2.45031
900 -0.75243 0.628394 2.45031
900 0.893045 -0.472624 2.45031
900 0.373269 0.601378 8.73349
900 0.446058 0.15667 2.45031
900 0.894986 -0.0129642 2.45031
900 0.197736 0.430596 2.45031
900 -0.69989 0.296501 2.45031
900 -0.710277 -0.651337 2.45031
900 -0.284136 0.931161 2.45031
900 0.452395 -0.1466 2.45031
900 0.426865 -0.725781 2.45031
900 -0.539743 -0.0358695 2.45031
900 0.158536 0.338302 2.45031
900 0.0303566 -0.274953 2.45031
900 0.0193856 -0.61286 2.45031
900 -0.429436 0.380302 2.45031
900 -0.158375 0.670591 2.45031
900 0.139588 0.424005 2.45031
900 -0.165032 0.77237 2.45031
900 -0.596409 -0.451272 2.45031
900 -0.503706 -0.0810704 2.45031
900 -0.610908 0.326326 2.45031
900 -0.662107 0.0408119 2.45031
900 1.00092 0.184275 2.45031
900 0.173781 0.747563 2.45031
900 -0.50731 -0.224909 2.45031
900 -0.814628 0.639659 2.45031
900 0.481893 -0.246766 2.45031
900 0.481611 0.836734 2.45031
900 0.746677 -0.108351 2.45031
900 0.740173 0.106061 2.45031
900 0.218276 -0.983539 2.45031
900 -0.0337864 -0.900325 2.45031
900 -0.0482019 0.569614 2.45031
900 0.948803 -0.150549 2.45031
900 -0.509908 -0.339201 8.73349
900 -0.0596965 0.294663 2.45031
900 0.482288 0.776292 2.45031
900 0.475453 0.380458 2.45031
900 0.73291 -0.00621398 8.73349
900 -0.0434524 0.977931 2.45031
900 -0.186818 -0.628718 2.45031
900 -0.397995 0.61056 2.45031
900 -0.0689577 -0.952745 2.45031
900 0.0295475 0.714625 2.45031
900 0.487727 -0.340112 2.45031
900 0.21649 0.0728044 2.45031
900 0.0433872 -0.437722 2.45031
900 0.892697 0.162255 2.45031
900 -0.730987 -0.241296 2.45031
900 -0.494335 -0.629871 2.45031
900 0.109469 0.662504 2.45031
900 -0.520207 0.834958 2.45031
900 0.371439 0.5092 2.45031
900 0.084944 -0.0402721 2.45031
900 0.2384 -0.850431 2.45031
900 0.525442 0.556993 2.45031
900 -0.629376 -0.521549 2.45031
900 0.0244133 -1.0122 2.45031
900 -0.300271 -0.607206 2.45031
900 -0.606741 -0.0956058 2.45031
900 0.293413 -0.50843 2.45031
900 0.768415 -0.462995 2.45031
900 0.55763 0.421653 2.45031
900 0.400439 -0.858572 2.45031
900 0.566105 -0.39147 2.45031
900 0.0512897 -0.00115786 2.45031
900 -0.150547 -0.315447 2.45031
900 -0.0896004 0.391308 2.45031
900 -0.754529 -0.134686 2.45031
900 -0.192385 0.913071 8.73349
900 0.150411 -0.677823 2.45031
900 -0.69382 0.612636 2.45031
900 -0.269474 -0.382917 2.45031
900 -0.909469 -0.126312 2.45031
900 0.167365 0.0644133 2.45031
900 -0.0078714 0.0787771 2.45031
900 -0.157928 0.453979 2.45031
900 0.0763025 0.231548 2.45031
900 -0.0598906 -0.417547 2.45031
900 0.26214 0.776023 2.45031
900 -0.332047 -0.50499 2.45031
900 -0.465986 0.869591 2.45031
900 0.46054 -0.0922314 2.45031
900 -0.35585 -0.592768 8.73349
900 -0.232075 0.953945 2.45031
900 -0.0369769 -0.604579 2.45031
900 -0.128201 0.356259 2.45031
900 -0.576562 0.861935 2.45031
900 0.239133 -0.639094 2.45031
900 -0.555933 -0.243847 2.45031
900 -0.3745 0.0993511 2.45031
900 0.734951 -0.510396 2.45031
900 0.0209082 0.0377762 2.45031
900 0.707622 -0.456081 2.45031
900 -0.133931 0.720821 2.45031
900 -0.69836 0.447349 2.45031
900 0.162675 0.201367 2.45031
900 1.00726 -0.125082 8.73349
900 -0.609759 0.0417553 2.45031
900 -0.135234 0.817705 2.45031
900 0.0392877 0.0873553 2.45031
900 -0.405248 0.898845 2.45031
900 0.281182 0.131033 8.73349
900 0.0124209 0.86893 2.45031
900 0.0714814 -0.175587 2.45031
900 -1.02452 -0.0855065 2.45031
900 -0.149319 -0.886779 2.45031
900 -0.410419 -0.573421 2.45031
900 -0.410718 -0.786388 2.45031
900 0.120965 0.379694 2.45031
900 -0.590844 0.274262 2.45031
900 0.787777 -0.257265 2.45031
900 0.954238 -0.0327163 2.45031
900 -0.0760122 0.720965 2.45031
900 0.229491 0.392449 2.45031
900 0.0864873 0.0964496 2.45031
900 0.317332 -0.271327 2.45031
900 -0.235198 0.573043 2.45031
900 -0.472064 0.0178881 8.73349
900 0.861768 0.550489 2.45031
900 0.315558 0.511079 2.45031
900 0.726573 -0.612873 8.73349
900 -0.79189 -0.458705 2.45031
900 -0.229461 -0.986176 8.73349
900 -0.916906 0.0648295 2.45031
900 0.244644 0.305652 2.45031
900 0.0191382 -0.185023 2.45031
900 -0.414216 0.839991 2.45031
900 -0.637419 0.139046 8.73349
900 -0.564172 -0.708337 2.45031
900 -0.186329 -0.773547 2.45031
900 -0.641629 -0.194031 2.45031
900 0.491808 0.599979 2.45031
900 0.510655 0.659374 2.45031
900 0.365747 0.103705 2.45031
900 0.134239 -0.879142 2.45031
900 0.37538 -0.710972 2.45031
900 0.0344452 0.450757 2.45031
900 0.410493 -0.666153 2.45031
900 0.276217 -0.59885 2.45031
900 0.424402 -0.568819 2.45031
900 0.349953 0.464194 2.45031
900 -0.466141 0.342247 2.45031
900 0.295495 -0.850211 2.45031
900 -0.74899 -0.494944 2.45031
900 0.6724 -0.168009 2.45031
900 -0.232072 0.379641 2.45031
900 0.682056 -0.403075 2.45031
900 -0.548569 -0.424551 2.45031
900 -0.948146 0.244692 8.73349
900 -0.0776588 1.03229 8.73349
900 0.876512 -0.198134 2.45031
900 -0.67948 0.240969 2.45031
900 -0.0191709 0.817916 2.45031
900 -0.205075 -0.579492 2.45031
900 -0.0165997 0.464051 2.45031
900 0.700143 -0.556349 8.73349
900 0.658127 -0.351812 2.45031
900 0.69143 0.18695 2.45031
900 -0.242593 0.113069 2.45031
900 -0.630403 0.82308 2.45031
900 0.337141 -0.9507 2.45031
900 -0.869777 0.031218 2.45031
900 -0.242597 0.622952 2.45031
900 0.838209 -0.152983 2.45031
900 -0.290971 -0.970823 2.45031
900 0.600375 -0.3496 2.45031
900 0.58276 0.29125 2.45031
900 -0.189441 0.556238 2.45031
900 -0.519989 0.898288 2.45031
900 -0.0598993 -0.149731 2.45031
900 -0.128836 -0.946095 2.45031
900 0.81191 0.291329 2.45031
900 0.500595 -0.129064 2.45031
900 -0.210455 0.466474 2.45031
900 0.177435 0.249091 2.45031
900 0.212663 0.209861 2.45031
900 0.82676 0.603299 8.73349
900 -0.133994 -0.226731 2.45031
900 0.0611697 -0.714259 2.45031
900 -0.39539 0.2809 2.45031
900 -0.875518 0.416972 2.45031
900 0.341995 -0.753072 2.45031
900 -0.205393 -0.719906 2.45031
900 0.763129 -0.566792 2.45031
900 -0.338793 0.404302 2.45031
900 -0.772829 0.68952 8.73349
900 -0.292592 -0.469859 2.45031
900 -0.586173 -0.190911 2.45031
900 -0.990788 0.293503 2.45031
900 -0.244045 -0.619232 2.45031
900 -0.171986 0.187294 2.45031
900 0.0978317 -0.35202 2.45031
900 -0.705976 -0.0555381 2.45031
900 0.94977 -0.356641 8.73349
900 -0.16742 -0.678708 2.45031
900 0.381176 -0.467266 2.45031
900 -0.236977 0.24692 2.45031
900 -0.328227 0.0838963 2.45031
900 -0.965506 -0.107121 2.45031
900 0.503476 -0.871568 2.45031
900 -0.394752 0.14706 2.45031
900 0.617705 0.423105 2.45031
900 -0.210844 1.01492 2.45031
900 -0.632151 -0.797707 2.45031
900 -0.0947483 -0.458782 2.45031
900 1.00951 0.121367 8.73349
900 0.348324 -0.309983 2.45031
900 -0.296889 0.627075 2.45031
900 -0.00125629 -0.564425 2.45031
900 0.624016 -0.643577 2.45031
900 -0.727772 -0.713585 2.45031
900 -0.44977 0.632533 2.45031
900 -0.276333 -0.519061 2.45031
900 0.546576 -0.107749 2.45031
900 0.746581 0.703851 2.45031
900 -0.501853 0.1599 2.45031
900 -0.574573 0.366715 2.45031
900 0.639154 0.106112 2.45031
900 -0.122605 0.175926 2.45031
900 0.9813 -0.251331 2.45031
900 0.550921 -0.258379 2.45031
900 0.910287 -0.257906 2.45031
900 0.734826 0.436881 2.45031
900 -0.85405 -0.457135 8.73349
900 -0.693486 -0.588671 2.45031
900 -0.277313 0.774536 2.45031
900 0.158047 -0.998758 2.45031
900 0.342391 0.556063 2.45031
900 -0.702506 -0.286475 2.45031
900 -0.62199 0.759639 2.45031
900 0.0235395 -0.753485 2.45031
900 -0.598461 -0.341029 2.45031
900 -0.0776916 -0.3706 2.45031
900 -0.0041732 0.412584 8.73349
900 0.353928 -0.656806 2.45031
900 -0.274537 0.998247 8.73349
900 0.150796 0.0162431 2.45031
900 0.624204 0.676749 2.45031
900 0.584567 0.0440762 2.45031
900 -0.0165051 -0.284461 2.45031
900 -0.164308 0.319902 2.45031
900 0.347337 0.322128 2.45031
900 0.996874 -0.190336 2.45031
900 0.312996 0.363646 2.45031
900 -0.283984 -0.195407 2.45031
900 -0.573752 -0.771727 2.45031
900 -0.906583 -0.345953 2.45031
900 -0.769822 -0.376035 2.45031
900 0.533711 0.0275911 8.73349
900 0.766223 0.490419 2.45031
900 0.420167 -0.43278 2.45031
900 -0.0773686 -0.508494 2.45031
900 0.384426 0.281174 8.73349
900 -0.660027 0.49136 2.45031
900 0.529901 0.46884 2.45031
900 -0.691374 0.148169 2.45031
900 0.285282 -0.00638134 2.45031
900 -0.117859 -0.276598 2.45031
900 0.250349 0.0329346 2.45031
900 0.0747192 -0.619876 2.45031
900 0.44038 -0.47871 8.73349
900 0.399063 0.330306 2.45031
900 0.728609 0.227341 2.45031
900 0.194575 0.541245 2.45031
900 -0.413425 0.194538 2.45031
900 0.60196 -0.742445 2.45031
900 0.576804 0.717754 2.45031
900 0.225768 -0.374464 2.45031
900 -0.608998 -0.236672 2.45031
900 0.658466 -0.0741064 2.45031
900 0.192715 -0.87832 2.45031
900 -0.0671322 0.477467 2.45031
900 0.563719 0.666261 2.45031
900 -0.411782 0.778218 2.45031
900 -0.0869064 -0.234891 2.45031
900 0.218391 -0.588607 8.73349
900 0.777748 0.208048 2.45031
900 -0.840257 0.267311 2.45031
900 -0.499776 0.445865 2.45031
900 0.277946 -0.970309 8.73349
900 0.641597 0.575748 2.45031
900 -0.590143 -0.0462655 2.45031
900 -0.261481 0.0254603 2.45031
900 0.764022 0.389592 2.45031
900 -0.723377 -0.00195497 2.45031
900 -0.206427 -0.876064 2.45031
900 -0.53737 0.263223 2.45031
900 0.256475 -0.551289 2.45031
900 0.12747 0.61048 2.45031
900 0.402883 -0.517519 2.45031
900 -0.396784 -0.63014 2.45031
900 -0.320384 -0.371746 2.45031
900 0.126627 0.24078 8.73349
900 0.575054 -0.00645251 2.45031
900 -0.410741 -0.386191 2.45031
900 0.427858 -0.25383 2.45031
900 0.174808 -0.157267 2.45031
900 -0.269159 0.343097 2.45031
900 -0.466355 -0.258085 2.45031
900 -0.100347 0.259743 2.45031
900 0.1752 -0.934446 2.45031
900 -0.915868 -0.0641082 2.45031
900 -0.673794 -0.0100693 2.45031
900 -0.00794611 -0.956925 2.45031
900 -0.658652 -0.419166 2.45031
900 0.101224 0.00758904 2.45031
900 0.593225 0.777948 2.45031
900 -0.130529 -0.499213 2.45031
900 0.709826 0.286436 2.45031
900 0.460424 -0.294698 2.45031
900 -0.883488 -0.245676 2.45031
900 0.770344 -0.0558742 2.45031
900 -0.453555 -0.072714 2.45031
900 -0.13144 0.920185 2.45031
900 0.648595 -0.449485 2.45031
900 -0.173563 0.503899 2.45031
900 -0.829447 0.529367 2.45031
900 -0.0412002 -1.01084 2.45031
900 -0.00856484 0.266911 8.73349
900 0.498077 -0.482361 8.73349
900 0.835023 -0.0442656 2.45031
900 -0.553032 -0.310138 2.45031
900 -0.14896 -0.0443309 2.45031
900 0.433348 -0.341966 2.45031
900 -0.19359 0.101624 2.45031
900 0.228288 0.733203 2.45031
900 -0.383886 0.557762 2.45031
900 0.450733 -0.83785 2.45031
900 -0.375866 0.367535 2.45031
900 0.237201 -0.505561 8.73349
900 0.0168227 0.360597 2.45031
900 0.301454 -0.325456 2.45031
900 -0.378655 -0.829884 2.45031
900 0.604907 0.621259 2.45031
900 0.583783 0.566354 2.45031
900 -0.0721193 0.623234 2.45031
900 0.436786 0.745838 2.45031
900 0.0929934 0.2805 2.45031
900 -0.918485 -0.000512241 2.45031
900 0.44501 -0.205836 2.45031
900 0.499821 0.322837 2.45031
900 -0.105047 0.440268 2.45031
900 -0.474111 -0.898123 8.73349
900 0.693605 -0.114349 2.45031
900 0.589045 0.468363 2.45031
900 0.417872 0.117999 8.73349
900 -0.081718 0.210685 8.73349
900 -0.324967 0.221746 2.45031
900 -0.135119 0.538219 2.45031
900 -0.787887 0.257268 2.45031
900 0.458559 0.642388 2.45031
900 -0.363467 -0.739651 2.45031
900 -0.502368 0.653879 2.45031
900 0.0192313 -0.390839 2.45031
900 -0.419708 -0.28262 2.45031
900 0.00600912 -0.328463 2.45031
900 0.134325 0.104811 2.45031
900 0.296744 0.313299 2.45031
900 -0.46809 -0.309842 2.45031
900 -0.238072 -0.480772 2.45031
900 0.854912 -0.0967084 2.45031
900 0.429836 0.938111 8.73349
900 -0.680963 0.781205 2.45031
900 -0.55332 0.460676 2.45031
900 -0.648371 -0.0575827 2.45031
900 -1.02607 0.105496 8.73349
900 -0.684979 -0.518036 2.45031
900 -0.269241 -0.244988 2.45031
900 0.299867 0.0423619 2.45031
900 -0.841188 -0.207097 2.45031
900 0.268642 0.492796 2.45031
900 -0.479731 -0.563703 2.45031
900 -0.467346 -0.829745 2.45031
900 -0.75128 0.147268 2.45031
900 -0.556391 0.675206 2.45031
900 0.7266 -0.161869 2.45031
900 -0.716476 0.103319 2.45031
900 0.377503 -0.347475 2.45031
900 -0.0979424 0.0804289 2.45031
900 0.741426 -0.409259 2.45031
900 0.11425 1.02675 8.73349
900 0.510984 -0.38828 2.45031
900 -0.51757 0.773436 2.45031
900 -0.665813 0.33894 2.45031
900 0.339685 0.709968 2.45031
900 0.638098 0.0564507 2.45031
900 -0.272811 0.210446 2.45031
900 -0.67677 0.551058 2.45031
900 -0.0270656 0.328768 2.45031
900 0.605848 -0.255459 2.45031
900 -0.201038 -0.441878 2.45031
900 0.424175 0.243087 2.45031
900 -0.844069 -0.357885 2.45031
900 -0.314342 -0.0948375 2.45031
900 0.870445 0.278829 2.45031
900 0.0872503 0.426745 2.45031
900 0.152996 0.511998 2.45031
900 0.600726 -0.0908082 2.45031
900 -0.0486006 0.767754 2.45031
900 -0.815878 -0.406676 2.45031
900 0.215606 0.635129 8.73349
900 -0.401056 -0.439979 2.45031
900 -0.42331 -0.863616 2.45031
900 -0.502356 0.303556 2.45031
900 0.21304 0.490107 2.45031
900 -0.0727417 -0.791225 2.45031
900 0.198098 0.956265 2.45031
900 -0.483136 0.393302 2.45031
900 0.331594 0.141357 2.45031
900 -0.416496 -0.728412 2.45031
900 -0.906825 0.365605 2.45031
900 0.177336 1.01734 2.45031
900 -0.943566 -0.22842 2.45031
900 -0.818549 0.00182008 2.45031
900 -0.4057 0.668444 2.45031
900 -0.293144 0.123112 2.45031
900 0.152375 -0.443432 2.45031
900 0.218362 0.895832 2.45031
900 -0.408725 0.0655986 2.45031
900 0.28172 -0.744134 2.45031
900 -0.183318 -0.217587 2.45031
900 -0.645655 0.28459 2.45031
900 -0.898393 -0.186328 2.45031
900 0.91193 0.325899 2.45031
900 0.789607 0.150103 2.45031
900 -0.534464 0.113539 2.45031
900 0.923949 0.437503 8.73349
900 0.879901 -0.305498 2.45031
900 0.0985511 0.1449 2.45031
900 -0.089389 -0.188752 2.45031
900 0.739302 0.0490753 8.73349
900 -0.44957 0.156509 2.45031
900 -0.732252 0.567663 2.45031
900 0.297602 0.179825 2.45031
900 0.1008 0.522346 2.45031
900 0.279314 0.405344 2.45031
900 -0.620968 -0.734002 2.45031
900 -0.310621 0.0380281 2.45031
900 -0.0916958 -0.738775 2.45031
900 0.541244 -0.341537 2.45031
900 -0.531077 0.557133 2.45031
900 0.827605 -0.577485 2.45031
900 -0.488319 -0.171043 2.45031
900 -0.798075 -0.168731 2.45031
900 0.171605 -0.379876 2.45031
900 -0.569215 0.517243 2.45031
900 -0.56157 0.0662558 2.45031
900 -0.966314 0.12832 2.45031
900 0.464524 -0.68022 2.45031
900 -0.257533 0.161146 2.45031
900 0.102862 0.915681 2.45031
900 -0.366474 -0.0940693 2.45031
900 0.612785 0.250237 2.45031
900 0.882239 0.221049 2.45031
900 -0.163181 0.866814 2.45031
900 0.4069 0.467052 8.73349
900 -0.863004 -0.0899243 2.45031
900 0.643728 -0.220075 2.45031
900 0.0667849 -0.483266 2.45031
900 -0.360459 -0.405312 2.45031
900 -0.419115 0.0204606 2.45031
900 0.2893 0.561831 2.45031
900 -0.111025 -0.838235 2.45031
900 -0.714299 0.50631 2.45031
900 0.894097 0.495534 2.45031
900 -0.666821 -0.694514 2.45031
900 -0.106789 0.768425 2.45031
900 -0.295922 -0.0140522 2.45031
900 -0.822526 -0.264172 2.45031
900 -0.322412 0.355103 2.45031
900 0.615414 0.334317 2.45031
900 -0.989113 -0.273319 2.45031
900 -0.126521 0.630336 8.73349
900 0.262746 0.353568 2.45031
900 -0.553534 -0.645405 8.73349
900 -0.802831 0.16755 2.45031
900 0.465641 -0.0419347 2.45031
900 -0.755857 0.306008 2.45031
900 -0.8679 -0.0294676 2.45031
900 0.561022 -0.0561287 2.45031
900 0.228164 0.257913 2.45031
900 0.651969 0.796213 2.45031
900 0.695881 -0.309463 2.45031
900 0.167768 0.46719 2.45031
900 0.891618 -0.359518 2.45031
900 0.109389 -0.822497 2.45031
900 0.846403 0.0681863 2.45031
900 -0.516117 0.500234 2.45031
900 -0.283439 -0.331693 2.45031
900 -0.728386 0.736668 2.45031
900 0.800502 -0.412287 8.73349
900 0.0508105 1.03233 8.73349
900 -0.478141 0.538484 2.45031
900 0.394308 -0.927112 2.45031
900 -0.448631 0.292203 2.45031
900 -0.17768 0.0522382 2.45031
900 -0.1452 0.0907571 2.45031
900 0.0780113 0.973802 2.45031
900 0.481283 -0.575644 2.45031
900 -0.711515 0.674324 2.45031
900 -0.434869 -0.528448 2.45031
900 -0.438853 0.575268 2.45031
900 -0.511644 0.712707 2.45031
900 -0.579648 -0.50258 2.45031
900 -0.100773 0.675116 2.45031
900 -0.21761 -0.39318 2.45031
900 0.638745 0.734422 2.45031
900 0.738853 0.330795 2.45031
900 -0.783308 -0.221871 2.45031
900 -0.77248 -0.667584 8.73349
900 -0.195159 -0.169913 2.45031
900 -0.710474 -0.107975 8.73349
900 0.0465716 -0.352882 2.45031
900 -0.570969 0.221853 2.45031
900 -0.408583 0.468964 2.45031
900 0.663145 -0.600482 2.45031
900 0.684736 0.690242 2.45031
900 -0.0151767 -0.797472 2.45031
900 -0.128451 0.0406842 2.45031
900 0.411355 -0.0632637 8.73349
900 -0.263688 -0.108377 2.45031
900 0.269615 0.619533 2.45031
900 0.559316 0.514394 2.45031
900 0.372043 -0.0328362 8.73349
900 0.386018 0.0168653 2.45031
900 0.023401 0.225222 2.45031
900 -0.262739 0.477482 2.45031
900 -0.442225 -0.664581 2.45031
900 0.590072 -0.442012 2.45031
900 -0.233438 -0.20728 2.45031
900 0.5765 -0.208594 2.45031
900 0.950116 0.143115 2.45031
900 -0.0449142 -0.329278 2.45031
900 0.27361 -0.462043 2.45031
900 0.0922724 -1.00767 8.73349
900 -0.314256 0.677177 2.45031
900 0.000202084 -0.0098568 2.45031
900 0.172644 -0.731086 2.45031
900 -0.310777 0.816494 2.45031
900 0.0179716 0.176254 2.45031
900 -0.395954 0.958939 2.45031
900 0.300181 0.454259 2.45031
900 0.860103 -0.4151 2.45031
900 0.988791 0.247552 8.73349
900 -0.415198 -0.927473 8.73349
900 -0.732128 0.251324 8.73349
900 -0.769246 0.20674 2.45031
900 0.350356 0.189355 8.73349
900 0.797321 0.545614 2.45031
900 0.122374 -0.487557 8.73349
900 0.547205 0.610826 2.45031
900 0.307634 -0.795959 2.45031
900 0.320915 -0.0447343 2.45031
900 -0.187986 -0.936491 2.45031
900 -0.32566 -0.697408 2.45031
900 0.460945 0.209842 2.45031
900 -0.179821 0.368372 2.45031
900 -0.254945 -0.292539 2.45031
900 0.234954 -0.919718 2.45031
900 -0.378 0.232515 2.45031
900 0.248426 -0.0995194 2.45031
900 0.898971 0.102956 2.45031
900 0.144791 -0.11855 2.45031
900 -0.64445 0.433816 2.45031
900 -0.341715 0.136572 2.45031
900 0.49682 0.511277 2.45031
900 -0.483099 0.112102 2.45031
900 -0.315838 0.490946 2.45031
900 -0.511223 0.0654079 2.45031
900 0.955356 0.0830403 2.45031
900 0.630066 0.00748969 2.45031
900 0.467358 0.468786 2.45031
900 0.332972 -0.370223 2.45031
900 0.59135 0.19584 2.45031
900 -0.12961 -0.783494 2.45031
900 -0.231441 -0.071286 2.45031
900 -0.0795217 0.0288168 2.45031
900 -0.581432 0.128276 2.45031
900 0.118493 0.0559419 8.73349
900 -0.3529 -0.951969 8.73349
900 0.449916 -0.903142 2.45031
900 0.638648 0.155933 2.45031
900 0.268088 -0.0532679 2.45031
900 -0.858235 0.152663 2.45031
900 -0.134096 0.223313 2.45031
900 0.861761 -0.526278 2.45031
900 -0.143742 1.02654 8.73349
900 0.500606 -0.626846 2.45031
900 -0.544463 0.615645 2.45031
900 0.0447256 0.920955 2.45031
900 0.922317 -0.416668 8.73349
900 0.0527549 -0.223187 2.45031
900 0.687051 0.0264057 2.45031
900 0.849507 -0.252586 2.45031
900 -0.0411076 -0.238949 2.45031
900 0.227141 -0.738567 2.45031
900 0.829853 -0.46844 8.73349
900 -0.0933401 -0.596711 2.45031
900 0.480455 0.00760319 2.45031
900 -0.668157 0.718102 2.45031
900 -0.0200986 0.613547 2.45031
900 -0.143738 -0.18045 2.45031
900 0.757688 -0.209035 2.45031
900 0.164896 -0.0708227 2.45031
900 -0.364637 -0.890676 2.45031
900 0.209877 0.345467 2.45031
900 0.327796 -0.463174 2.45031
900 -0.629401 0.379723 8.73349
900 0.0441866 0.269622 2.45031
900 -0.0349563 -0.191814 2.45031
900 -0.811012 0.115068 2.45031
900 -0.342144 0.269781 2.45031
900 0.483938 -0.738591 2.45031
900 0.251316 -0.796767 2.45031
900 0.933351 -0.206373 2.45031
900 0.433225 0.510438 2.45031
900 -0.535176 -0.477231 2.45031
900 0.0842541 -0.767583 2.45031
900 0.240369 0.83562 2.45031
900 0.75639 -0.307849 2.45031
900 0.486923 0.116868 2.45031
900 -0.187953 0.72224 2.45031
900 -0.97142 0.0708112 2.45031
900 -0.147701 -0.450776 2.45031
900 0.275085 -0.139585 2.45031
900 -0.163049 -0.132491 2.45031
900 0.120116 -0.949725 2.45031
900 0.0250489 -0.904048 8.73349
900 0.315238 0.0919484 2.45031
900 -0.55384 -0.369843 2.45031
900 -0.945664 -0.39557 8.73349
900 -0.25443 -0.431921 8.73349
900 -0.882188 -0.403593 2.45031
900 -0.105408 0.127178 2.45031
900 0.0612432 0.763223 2.45031
900 0.600859 -0.590136 2.45031
900 0.251444 -0.417446 2.45031
900 -0.43054 0.110658 2.45031
900 0.317326 -0.699852 2.45031
900 0.49228 0.0589104 2.45031
900 -0.213238 -0.120445 2.45031
900 -0.201299 0.283438 2.45031
900 -0.0114251 -0.0552034 2.45031
900 0.00461646 -0.850004 2.45031
900 -0.802127 -0.323883 2.45031
900 -0.385115 -0.0142879 8.73349
900 -0.392403 0.417736 2.45031
900 -0.596139 -0.284594 2.45031
900 0.700448 0.750849 2.45031
900 0.082032 -0.261035 2.45031
900 0.426882 0.802705 2.45031
900 0.508113 -0.0730965 8.73349
900 -0.261322 0.674787 2.45031
900 -0.185649 0.235053 2.45031
900 0.296563 -0.648255 2.45031
900 0.0934114 -0.128231 2.45031
900 0.00475927 0.65831 2.45031
900 0.389974 0.844293 8.73349
900 0.597165 0.838909 2.45031
900 0.393871 0.701927 2.45031
900 -0.30103 0.440696 2.45031
900 -0.611079 0.697223 2.45031
900 -0.418597 -0.109185 2.45031
900 -0.929623 0.305346 2.45031
900 0.673871 -0.502206 2.45031
900 0.424862 -0.0148857 2.45031
900 -0.463939 0.747894 2.45031
900 0.366468 0.965578 2.45031
900 -0.0366905 0.376686 2.45031
900 0.129754 -0.626669 2.45031
900 -0.644593 -0.308138 2.45031
900 -0.167564 -0.997963 2.45031
900 0.371553 -0.262332 2.45031
900 -0.197116 -0.0335662 8.73349
900 0.302078 -0.0901221 2.45031
900 -0.653626 0.655883 2.45031
900 -0.224896 -0.817435 2.45031
900 0.513911 -0.292342 2.45031
900 -0.0315238 0.516861 2.45031
900 -0.289254 0.25852 2.45031
900 0.139964 0.560515 2.45031
900 -0.112839 -0.54831 8.73349
900 -0.0573433 -0.556586 2.45031
900 -0.216385 0.331449 2.45031
900 -0.364029 -0.246472 2.45031
900 -0.0525034 0.118258 2.45031
900 0.508947 0.224751 2.45031
900 -0.766885 -0.280959 2.45031
900 0.280004 0.265996 2.45031
900 -0.551201 0.169823 2.45031
900 0.815688 -0.205852 2.45031
900 0.268757 -0.281166 2.45031
900 -0.0217252 0.71456 2.45031
900 0.955384 0.0241436 2.45031
900 0.687535 -0.657103 2.45031
900 0.46089 -0.5263 2.45031
900 -0.315732 -0.555846 8.73349
900 0.494075 0.168606 2.45031
900 0.553057 -0.782953 2.45031
900 -0.275692 0.528172 2.45031
900 -0.657558 -0.256667 2.45031
900 -0.150458 0.271706 2.45031
900 -0.872155 0.316612 2.45031
900 -0.340225 -0.0503934 2.45031
900 -0.590616 0.420114 2.45031
900 -0.601428 -0.399625 2.45031
900 -0.0529638 0.0710334 2.45031
900 -0.861751 0.471779 2.45031
900 -0.685865 0.392581 2.45031
900 0.674685 0.52967 2.45031
900 -0.309667 -0.278893 2.45031
900 0.751124 -0.67334 2.45031
900 -0.522092 -0.805638 2.45031
900 0.539365 -0.16735 8.73349
900 0.0650302 -0.853849 8.73349
900 -0.926689 -0.287972 2.45031
900 0.332323 0.86464 2.45031
900 0.528292 0.280621 2.45031
900 -0.168463 0.969866 2.45031
900 0.00478916 -0.23191 2.45031
900 -0.34016 -0.138025 2.45031
900 -0.0111281 -0.429389 2.45031
900 -0.622383 -0.00812798 2.45031
900 0.456191 -0.38744 2.45031
900 -0.791611 0.58033 2.45031
900 0.195872 -0.420219 2.45031
900 -0.09182 -0.89472 2.45031
900 -0.391454 -0.492934 2.45031
900 0.700586 -0.214439 2.45031
900 -0.184153 -0.490474 2.45031
900 0.195036 0.691157 2.45031
900 -0.746059 -0.427716 2.45031
900 -0.701688 -0.46026 2.45031
900 -0.0536377 -0.84495 2.45031
900 -0.768372 0.0326514 2.45031
900 0.240194 1.00407 2.45031
900 0.18102 0.593795 2.45031
900 0.216011 -0.0618652 2.45031
900 -0.0771198 0.343253 2.45031
900 0.0491522 0.541589 2.45031
900 0.520361 -0.0228644 2.45031
900 -0.484792 -0.506228 2.45031
900 0.41868 0.379163 8.73349
900 -0.343486 0.920807 2.45031
900 -0.320383 -0.847686 2.45031
900 -0.371504 -0.29388 2.45031
900 -0.769724 0.521048 2.45031
900 0.356933 -0.823894 2.45031
900 0.728649 -0.260712 2.45031
900 0.852529 0.337219 2.45031
900 -0.341557 -0.000688715 2.45031
900 -0.301675 -0.74777 2.45031
900 -0.34106 -0.788855 2.45031
900 0.282705 0.71884 2.45031
900 -0.149389 -0.588469 2.45031
900 -0.337729 -0.187136 2.45031
900 -0.293822 -0.14766 2.45031
900 -0.688469 -0.212907 2.45031
900 0.305852 -0.416344 2.45031
900 0.950212 0.375641 8.73349
900 0.182865 0.113021 2.45031
900 0.0698522 0.0469221 2.45031
900 0.4455 -0.62231 2.45031
900 -0.319824 -0.231846 2.45031
900 -0.536941 0.406534 2.45031
900 -0.806211 0.47104 2.45031
900 -0.818683 0.0587144 2.45031
900 -0.854343 0.586586 2.45031
900 -0.606576 0.476 2.45031
900 0.499737 -0.801839 8.73349
900 0.90003 0.0443566 2.45031
900 0.300745 0.664574 2.45031
900 0.38092 0.757035 2.45031
900 0.249694 -0.328335 2.45031
900 0.123614 -0.166044 2.45031
900 -0.19482 0.417034 2.45031
900 0.389515 -0.612613 2.45031
900 -0.263853 -0.707976 2.45031
900 -0.142344 0.40482 2.45031
900 0.0175773 0.502745 2.45031
900 0.263341 0.218702 2.45031
900 -0.0243457 0.210457 2.45031
900 -0.243425 -0.761326 2.45031
900 -0.0981446 -0.324427 2.45031
900 0.0422431 -0.137596 2.45031
900 -0.0824039 0.527813 2.45031
900 -0.225444 0.517627 2.45031
900 0.0598287 0.321885 8.73349
900 -0.866012 0.0926891 2.45031
900 -0.364547 0.0431438 2.45031
900 0.488115 -0.182841 2.45031
900 0.450953 0.0843054 2.45031
900 0.797604 -0.518935 2.45031
900 -0.241983 0.724798 2.45031
900 -0.233869 -0.343434 2.45031
900 0.586406 0.143752 2.45031
900 -0.572484 -0.139253 2.45031
900 -0.752375 -0.607442 2.45031
900 0.197133 0.161565 2.45031
900 0.782139 -0.155625 2.45031
900 0.143463 0.288541 2.45031
900 -0.19764 0.826645 2.45031
900 -0.46531 -0.772416 2.45031
900 0.763098 0.270958 2.45031
900 -0.432951 -0.163841 2.45031
900 0.231739 0.121697 2.45031
900 0.0938046 0.810639 2.45031
900 -0.211096 0.0149488 2.45031
900 -0.371329 -0.351715 2.45031
900 0.317817 0.92551 2.45031
900 -0.152276 0.588411 2.45031
900 0.205094 -0.68462 2.45031
900 0.442888 -0.782083 2.45031
900 0.109512 -0.57726 2.45031
900 0.0154258 -0.0976501 2.45031
900 -0.853186 -0.148185 2.45031
900 -0.132264 -0.0944513 2.45031
900 0.00307616 -0.703154 8.73349
900 -0.716307 0.195335 2.45031
900 1.0137 0.0588931 8.73349
900 -0.61182 0.0901798 2.45031
900 0.400003 0.0666968 2.45031
900 -0.522414 0.0170502 2.45031
900 -0.220072 0.77531 2.45031
900 0.81764 -0.304517 2.45031
900 -0.468384 -0.123413 2.45031
900 -0.521541 -0.131178 2.45031
900 -0.423905 0.521579 2.45031
900 -0.660171 -0.107044 2.45031
900 -0.412486 0.330202 2.45031
900 -0.50393 -0.394486 2.45031
900 -0.0672874 -0.284024 2.45031
900 0.940842 0.203658 2.45031
900 -0.681146 -0.757196 8.73349
900 0.717957 -0.357741 2.45031
900 0.184367 -0.632922 2.45031
900 -0.0549012 -0.0145981 2.45031
900 0.583179 -0.142705 2.45031
900 -0.283098 -0.0595694 8.73349
900 -0.0257715 -0.374549 2.45031
900 -1.01606 0.168728 2.45031
900 -0.331792 -0.320488 2.45031
900 0.233877 0.583151 2.45031
900 0.587404 0.0938074 2.45031
900 0.64641 0.291726 2.45031
900 0.53738 0.815145 2.45031
900 -0.737152 -0.183676 2.45031
900 1.01115 -0.0631668 8.73349
900 -0.439116 -0.0253302 2.45031
900 -0.645339 -0.367833 2.45031
900 -0.110727 -0.687532 2.45031
900 0.323902 -0.131948 8.73349
900 0.303053 0.986892 2.45031
900 -0.556169 0.314841 2.45031
900 -0.308269 -0.421839 2.45031
900 0.953607 -0.301432 8.73349
900 0.315793 0.227148 2.45031
900 0.616935 -0.0413634 2.45031
900 -0.851498 -0.565267 8.73349
900 0.103691 -0.213166 2.45031
900 0.351974 0.654729 2.45031
900 0.438901 0.0338124 2.45031
900 0.476995 -0.434466 2.45031
900 -0.526126 -0.867299 2.45031
900 0.16076 0.907316 2.45031
900 -0.565818 0.736473 2.45031
900 0.368733 -0.56143 2.45031
900 -0.584322 0.575746 2.45031
900 -0.227254 0.0634087 2.45031
900 0.553461 0.33255 2.45031
900 -0.731136 -0.547005 2.45031
900 -0.341179 -0.645659 2.45031
900 -0.641516 -0.572915 2.45031
900 0.154774 -0.205121 2.45031
900 -0.572774 0.798733 2.45031
900 -0.467228 0.20372 2.45031
900 0.357226 -0.080985 2.45031
900 -0.491435 0.595556 2.45031
900 -0.529346 -0.535374 2.45031
900 -0.972415 0.012806 2.45031
900 0.25536 -0.188852 2.45031
900 -0.130083 -0.63752 2.45031
900 -0.359758 0.706378 2.45031
900 0.0141972 0.30943 2.45031
900 -0.0452823 0.869471 2.45031
900 -0.105168 0.975815 2.45031
900 -0.652417 -0.633161 2.45031
900 0.0647653 -0.0892298 2.45031
900 0.365334 0.371641 2.45031
900 -0.707271 -0.391287 2.45031
900 0.164122 -0.58286 2.45031
900 -0.532307 -0.590821 8.73349
900 0.073324 0.621381 2.45031
900 -0.285231 0.391569 2.45031
900 -0.580685 -0.559309 2.45031
900 0.519656 -0.677781 2.45031
900 0.296229 0.819853 2.45031
900 -0.969591 -0.334886 8.73349
900 0.575691 -0.302837 2.45031
900 0.358833 -0.417625 2.45031
900 0.822747 0.237913 2.45031
900 0.286269 -0.230208 2.45031
900 0.183843 -0.0230529 2.45031
900 -0.758783 -0.0776414 2.45031
900 -0.386725 -0.146762 2.45031
900 0.246488 0.534545 2.45031
900 -0.408409 0.725796 2.45031
900 -0.765661 0.0878301 2.45031
900 0.141645 0.704313 2.45031
900 0.248079 0.676109 2.45031
900 0.690777 0.0788888 2.45031
900 0.0696941 0.86518 2.45031
900 0.792223 0.0955308 8.73349
900 0.318414 0.761305 2.45031
900 0.0671698 0.484995 2.45031
900 0.337927 -0.223507 2.45031
900 -0.119563 0.489118 8.73349
900 -0.493083 -0.448439 8.73349
900 -0.246062 -0.0228053 2.45031
900 -0.0330524 -0.105538 2.45031
900 -0.484368 0.253417 2.45031
900 -0.399335 -0.0598944 2.45031
900 0.126823 0.858556 2.45031
900 0.519241 -0.531408 2.45031
900 -0.490593 -0.0303192 2.45031
900 0.538436 -0.729156 2.45031
900 -0.952427 0.185362 2.45031
900 0.19333 0.29758 2.45031
900 -0.369933 0.505474 8.73349
900 0.829377 0.494868 8.73349
900 -0.911125 0.129817 2.45031
900 -0.0723563 0.922482 2.45031
900 0.0549423 -0.958366 2.45031
900 -0.112516 0.307531 2.45031
900 0.42951 0.595483 2.45031
900 0.646047 -0.700086 2.45031
900 -0.890961 0.528936 2.45031
900 -0.359139 0.318276 2.45031
900 0.305633 -0.181539 2.45031
900 -0.236835 0.881884 2.45031
900 -0.276516 0.0752944 2.45031
900 -0.206699 0.15017 2.45031
900 0.245304 0.44633 2.45031
900 0.536041 0.130436 2.45031
900 0.335495 0.00392057 2.45031
900 0.16526 -0.292003 2.45031
900 0.044217 0.402814 2.45031
900 0.796579 0.441632 2.45031
900 -0.604108 0.180038 2.45031
900 -0.945113 0.413517 8.73349
900 0.63828 -0.546484 2.45031
900 0.246945 0.170411 2.45031
900 0.174443 0.385162 2.45031
900 0.776113 -0.35822 2.45031
900 -1.0063 0.229477 2.45031
900 -0.329867 0.541607 2.45031
900 -0.167998 -0.829156 2.45031
900 -0.608599 -0.671905 2.45031
900 -0.689939 -0.340217 2.45031
900 -0.442714 -0.473285 2.45031
900 -0.625645 -0.146631 2.45031
900 0.409237 0.194467 8.73349
900 0.110134 0.328721 2.45031
900 0.0644075 0.185295 2.45031
900 -0.294774 0.873865 2.45031
900 -0.104933 -1.00615 8.73349
900 -0.596199 -0.611385 2.45031
900 0.463134 0.553151 2.45031
900 0.888441 0.386373 8.73349
900 0.332182 0.412758 2.45031
900 -0.00848031 -0.147045 2.45031
900 0.632692 -0.303449 2.45031
900 -0.181412 -0.0829938 2.45031
900 0.0018001 0.558337 2.45031
900 0.147832 0.152989 2.45031
900 0.825902 0.391056 8.73349
900 0.0528785 0.666865 2.45031
900 0.113519 0.192858 2.45031
900 -0.38457 -0.683361 2.45031
900 0.662517 -0.762103 2.45031
900 -0.569855 0.00908604 2.45031
900 -0.101698 -0.0539122 2.45031
900 -0.202398 -0.304624 2.45031
900 0.144668 -0.339794 2.45031
900 0.217572 -0.285841 2.45031
900 0.437606 0.29072 8.73349
900 0.617097 0.52031 2.45031
900 0.000754136 0.125387 2.45031
900 1.01431 -0.00232109 8.73349
900 -0.892391 0.252183 2.45031
900 0.11677 -0.722252 2.45031
900 -0.0741582 0.164959 2.45031
900 -0.083558 -0.104631 2.45031
900 0.114536 -0.0801195 2.45031
900 0.414276 -0.110638 2.45031
900 -0.30597 0.30662 2.45031
900 0.833217 -0.358177 2.45031
900 -0.284179 -0.658437 2.45031
900 -0.814009 -0.616798 2.45031
900 -0.260325 -0.569028 2.45031
900 -0.62256 0.534259 2.45031
900 -0.0541304 -0.695253 2.45031
900 0.257891 0.942432 8.73349
900 -0.454434 -0.207817 2.45031
900 -0.779986 0.364001 2.45031
900 0.452924 0.336418 2.45031
900 0.585884 0.377311 8.73349
900 -0.686736 -0.157084 2.45031
900 0.0174819 0.977456 2.45031
900 0.0888003 -0.529518 2.45031
900 -0.807226 -0.111349 2.45031
900 -0.165136 -0.402724 2.45031
900 -0.209407 0.671155 2.45031
900 -0.0736009 -0.645504 2.45031
900 0.526751 0.375475 2.45031
900 -0.885196 -0.511632 2.45031
900 0.400312 -0.388635 8.73349
900 -0.59854 0.635659 2.45031
900 0.0442628 -0.803857 2.45031
900 -0.263317 -0.862761 2.45031
900 0.134029 -0.0316705 8.73349
900 -0.520134 0.354527 2.45031
900 0.206904 0.791015 2.45031
900 0.540778 0.87453 2.45031
900 0.559062 0.238664 2.45031
900 0.788499 0.654401 2.45031
900 0.55622 -0.842973 2.45031
900 0.234379 -0.01474 2.45031
900 0.972088 0.311701 2.45031
900 -0.714108 0.0505842 2.45031
900 0.647539 0.378525 2.45031
900 -0.0992901 0.578945 8.73349
900 -0.895699 0.194358 2.45031
900 0.791819 0.0430585 2.45031
900 0.176058 -0.490508 2.45031
900 0.371003 -0.12713 2.45031
900 -0.244814 -0.1586 2.45031
900 -0.956763 -0.168106 2.45031
900 0.0294926 0.601069 2.45031
900 -0.0465484 0.668318 2.45031
900 0.265669 0.0818139 2.45031
900 0.275497 0.881325 2.45031
900 0.707867 0.381007 2.45031
900 -1.01672 -0.148383 8.73349
900 0.346502 -0.885978 2.45031
900 -0.034705 -0.745932 2.45031
900 0.64233 0.207104 2.45031
900 0.63901 -0.125744 8.73349
900 0.313089 -0.556245 2.45031
900 -1.00496 -0.211169 2.45031
900 -0.298999 0.727463 2.45031
900 0.578134 -0.538096 2.45031
900 -0.305276 -0.908597 2.45031
900 0.561218 -0.63329 2.45031
900 0.612236 -0.804754 2.45031
900 -0.287198 0.57753 2.45031
900 0.0742665 0.367974 8.73349
900 -0.451859 -0.417663 2.45031
900 0.701466 0.585571 2.45031
900 0.371365 0.233003 8.73349
900 -0.815916 -0.056301 2.45031
900 0.844325 0.0114608 2.45031
900 -0.386049 -0.195805 2.45031
900 0.349572 0.0535663 2.45031
900 -0.167839 -0.266598 2.45031
900 0.39197 -0.215714 2.45031
900 -0.353723 0.863883 2.45031
900 -0.282167 -0.803504 2.45031
900 -0.51488 -0.278887 2.45031
900 -0.0537429 0.42707 2.45031
900 0.738906 0.163756 2.45031
900 0.333112 0.272938 2.45031
900 -0.224985 -0.66868 2.45031
900 -0.190853 0.61973 2.45031
900 -0.112201 -0.410871 2.45031
900 0.126357 -0.397445 2.45031
