755 0.196617 -0.539272 2.45031
755 -0.36263 0.650776 2.45031
755 -0.450049 -0.606126 8.73349
755 0.951187 -0.0924396 2.45031
755 -0.167628 -0.540665 2.45031
755 0.92886 0.264869 8.73349
755 -0.359392 0.183665 2.45031
755 -0.413725 -0.230216 2.45031
755 -0.183412 -0.355431 8.73349
755 -0.159673 0.00376245 2.45031
755 0.899787 -0.0674137 2.45031
755 0.166739 -0.829228 2.45031
755 -0.343655 0.601486 2.45031
755 0.488028 0.906388 8.73349
755 -0.0262152 0.159943 2.45031
755 0.67921 0.333268 2.45031
755 -0.84193 0.370346 2.45031
755 0.690411 0.132091 2.45031
755 -0.786288 -0.555001 2.45031
755 -0.460435 -0.362917 2.45031
755 -0.921108 0.470522 2.45031
755 -0.663612 0.0897652 2.45031
755 -0.220116 -0.257414 2.45031
755 0.647473 0.47262 2.45031
755 -1.02893 -0.0225877 2.45031
755 -0.917863 -0.455351 2.45031
755 0.332442 -0.604444 2.45031
755 -0.355374 0.452541 2.45031
755 0.79173 0.341617 2.45031
755 -0.333231 0.980103 2.45031
755 0.0398148 -0.663387 2.45031
755 -0.0279648 0.0269271 2.45031
755 0.40785 -0.167269 2.45031
755 0.441024 0.426215 8.73349
755 0.0984942 -0.442177 2.45031
755 0.0854506 0.711983 2.45031
755 0.236869 -0.238655 2.45031
755 0.540786 -0.581799 2.45031
755 0.15041 0.802501 2.45031
755 0.614421 -0.493725 2.45031
755 0.0736158 -0.397458 2.45031
755 -0.808148 0.417381 2.45031
755 -0.252661 0.824987 2.45031
755 -0.723056 0.351307 2.45031
755 -0.658695 0.190786 2.45031
755 0.0105525 -0.477289 2.45031
755 -0.0436571 -0.469282 2.45031
755 0.196606 -0.332424 2.45031
755 0.347503 -0.511757 8.73349
755 0.676201 0.246563 2.45031
755 -0.819956 -0.510121 2.45031
755 -0.0131024 1.03413 8.73349
755 0.450422 0.693699 2.45031
755 0.665281 0.632525 2.45031
755 0.617074 -0.177909 2.45031
755 0.859815 0.443109 2.45031
755 0.356524 -0.176477 2.45031
755 0.734871 0.538504 2.45031
755 0.0868108 -0.904502 2.45031
755 0.35377 0.803475 2.45031
755 -0.460042 0.0647259 2.45031
755 0.53318 -0.437562 2.45031
755 -0.811156 0.318514 8.73349
755 0.400286 0.551882 2.45031
755 0.556027 -0.487137 2.45031
755 0.624457 -0.398558 2.45031
755 -0.970108 0.355721 2.45031
755 -0.350763 -0.458796 2.45031
755 -0.646682 -0.468453 2.45031
755 -0.44639 0.429343 2.45031
755 -0.517914 0.211405 2.45031
755 0.478718 0.265376 2.45031
755 -0.552546 -0.0864246 2.45031
755 0.676929 0.426449 2.45031
755 -0.246158 -0.924089 2.45031
755 0.0503056 0.136014 2.45031
755 0.225357 -0.148435 2.45031
755 -0.579908 -0.835544 2.45031
755 0.675277 -0.0236805 2.45031
755 -0.247297 0.428398 2.45031
755 0.715066 -0.0598259 2.45031
755 0.500603 0.426263 2.45031
755 -0.742294 -0.329043 2.45031
755 -0.462101 0.691033 2.45031
755 0.788369 -0.00777957 2.45031
755 0.501929 0.714267 2.45031
755 -0.306403 0.173089 2.45031
755 -0.970769 -0.0467714 2.45031
755 -0.624371 0.232337 2.45031
755 0.534679 0.756653 2.45031
755 -0.222031 -0.531453 2.45031
755 -0.417142 -0.331394 2.45031
755 -0.0755473 0.817921 2.45031
755 -0.252205 0.294573 2.45031
755 0.801781 -0.0996839 2.45031
755 -0.836806 0.212979 2.45031
755 0.185622 -0.245183 2.45031
755 0.0375066 0.815149 2.45031
755 0.112539 -0.300419 2.45031
755 0.406003 0.647552 2.45031
755 0.183772 0.848559 8.73349
755 0.21641 -0.461317 2.45031
755 0.08692 0.572454 2.45031
755 0.0622606 -0.308789 2.45031
755 -0.109022 -0.00839238 2.45031
755 -0.863865 -0.302626 2.45031
755 -0.340895 0.758237 2.45031
755 -0.462146 0.806349 2.45031
755 0.196484 -0.10937 2.45031
755 -0.510877 -0.680553 2.45031
755 -0.457309 0.93122 2.45031
755 -0.430627 0.241316 2.45031
755 -0.0573159 -0.0618399 8.73349
755 0.404574 -0.30048 2.45031
755 0.542327 0.182667 2.45031
755 0.20253 -0.791699 2.45031
755 -0.744378 0.406635 2.45031
755 -0.0137033 0.923038 2.45031
755 -0.371996 -0.539974 2.45031
755 0.844414 0.125569 2.45031
755 0.384106 0.153666 2.45031
755 0.11768 0.756962 2.45031
755 0.536808 0.0804959 2.45031
755 -0.768529 -0.0259363 2.45031
755 -0.0462055 0.249004 2.45031
755 -0.53764 -0.184694 2.45031
755 -1.02948 0.0413553 2.45031
755 0.200885 0.0241874 2.45031
755 0.320308 0.607629 2.45031
755 0.437174 0.874545 2.45031
755 0.142423 -0.776669 2.45031
755 0.138016 0.966635 2.45031
755 0.115261 0.470497 2.45031
755 -0.148387 -0.730955 2.45031
755 0.383846 0.422807 2.45031
755 0.582518 -0.686444 2.45031
755 -0.103002 0.868752 2.45031
755 0.133498 -0.252837 2.45031
755 -0.13117 -0.364453 2.45031
755 0.835965 0.183127 2.45031
755 -0.154435 0.139339 2.45031
755 0.668909 -0.264395 8.73349
755 -0.4678 -0.71229 2.45031
755 -0.638129 0.594474 8.73349
755 0.205645 -0.197509 2.45031
755 0.709115 -0.7178 8.73349
755 -0.220757 0.198451 2.45031
755 -0.0227939 -0.517314 2.45031
755 0.27945 -0.371986 2.45031
755 -0.0170172 -0.654008 2.45031
755 0.0950422 -0.670942 2.45031
755 -0.112627 -0.145122 2.45031
755 0.0538436 -0.571459 2.45031
755 -0.461993 0.483149 2.45031
755 -0.752431 0.460838 2.45031
755 0.37778 0.90511 8.73349
755 0.163745 0.648403 8.73349
755 0.895518 -0.137239 2.45031
755 0.00622088 0.76536 2.45031
755 0.258348 -0.691516 2.45031
755 0.0326879 -0.523958 2.45031
755 0.725582 0.64457 2.45031
755 0.704932 0.48264 2.45031
755 0.289732 -0.905292 2.45031
755 0.142948 -0.534582 2.45031
755 0.791462 -0.625597 2.45031
755 0.38735 -0.771165 2.45031
755 -0.362846 0.806717 2.45031
755 0.036352 -0.0494414 2.45031
755 0.522453 -0.218811 2.45031
755 -0.518437 -0.744464 2.45031
755 0.762875 0.595885 2.45031
755 -0.751354 0.629768 2.45031
755 0.893718 -0.471417 2.45031
755 0.373954 0.60081 8.73349
755 0.445891 0.156474 2.45031
755 0.895009 -0.012667 2.45031
755 0.196535 0.428265 2.45031
755 -0.700169 0.296809 2.45031
755 -0.71059 -0.652503 2.45031
755 -0.283714 0.930946 2.45031
755 0.452413 -0.146795 2.45031
755 0.428039 -0.72444 2.45031
755 -0.539255 -0.0351314 2.45031
755 0.158591 0.337978 2.45031
755 0.0295882 -0.275214 2.45031
755 0.0191369 -0.613389 2.45031
755 -0.429031 0.378217 2.45031
755 -0.156042 0.67402 2.45031
755 0.138746 0.422629 2.45031
755 -0.165288 0.773773 2.45031
755 -0.596934 -0.449104 2.45031
755 -0.50133 -0.0819148 2.45031
755 -0.610907 0.325559 2.45031
755 -0.665466 0.0377699 2.45031
755 1.00094 0.18453 2.45031
755 0.173587 0.747309 2.45031
755 -0.507441 -0.224763 2.45031
755 -0.813524 0.641127 2.45031
755 0.481991 -0.247182 2.45031
755 0.481107 0.837627 2.45031
755 0.746629 -0.107989 2.45031
755 0.740324 0.1058 2.45031
755 0.219326 -0.983246 2.45031
755 -0.0330807 -0.900871 2.45031
755 -0.0485933 0.569425 2.45031
755 0.948608 -0.150821 2.45031
755 -0.509301 -0.337478 8.73349
755 -0.0610617 0.295258 2.45031
755 0.48136 0.777766 2.45031
755 0.474709 0.382107 2.45031
755 0.73273 -0.00619811 8.73349
755 -0.0434801 0.97797 2.45031
755 -0.187228 -0.629748 2.45031
755 -0.400525 0.611237 2.45031
755 -0.0679561 -0.953137 2.45031
755 0.0297893 0.713965 2.45031
755 0.487329 -0.340689 2.45031
755 0.216816 0.0726163 2.45031
755 0.042933 -0.437753 2.45031
755 0.892894 0.162687 2.45031
755 -0.731641 -0.239747 2.45031
755 -0.496045 -0.628147 2.45031
755 0.109765 0.661922 2.45031
755 -0.516788 0.835689 2.45031
755 0.370955 0.509702 2.45031
755 0.0849987 -0.0411862 2.45031
755 0.242534 -0.851199 2.45031
755 0.526849 0.556593 2.45031
755 -0.630523 -0.520215 2.45031
755 0.0260263 -1.01216 2.45031
755 -0.301372 -0.608294 2.45031
755 -0.605547 -0.095586 2.45031
755 0.292394 -0.508153 2.45031
755 0.76905 -0.462485 2.45031
755 0.557303 0.420698 2.45031
755 0.402635 -0.860796 2.45031
755 0.565891 -0.391892 2.45031
755 0.0516337 -0.00209493 2.45031
755 -0.15179 -0.316667 2.45031
755 -0.0909163 0.392301 2.45031
755 -0.757382 -0.134313 2.45031
755 -0.193084 0.91309 8.73349
755 0.150075 -0.678858 2.45031
755 -0.692888 0.613734 2.45031
755 -0.269825 -0.384936 2.45031
755 -0.91011 -0.125347 2.45031
755 0.167796 0.0638549 2.45031
755 -0.00756824 0.0779032 2.45031
755 -0.16005 0.457533 2.45031
755 0.0725013 0.230149 2.45031
755 -0.0602376 -0.418011 2.45031
755 0.26198 0.775967 2.45031
755 -0.332686 -0.50605 2.45031
755 -0.463428 0.869206 2.45031
755 0.460613 -0.092588 2.45031
755 -0.356982 -0.593252 8.73349
755 -0.232176 0.953845 2.45031
755 -0.0371648 -0.605161 2.45031
755 -0.128658 0.357862 2.45031
755 -0.573414 0.863755 2.45031
755 0.23791 -0.639517 2.45031
755 -0.555292 -0.243766 2.45031
755 -0.373862 0.0989401 2.45031
755 0.735601 -0.51002 2.45031
755 0.0213121 0.0369601 2.45031
755 0.708192 -0.455815 2.45031
755 -0.132914 0.722999 2.45031
755 -0.698292 0.447478 2.45031
755 0.162754 0.200368 2.45031
755 1.00719 -0.125411 8.73349
755 -0.613402 0.0427963 2.45031
755 -0.134487 0.818425 2.45031
755 0.0402496 0.0861724 2.45031
755 -0.404048 0.898006 2.45031
755 0.281423 0.13145 8.73349
755 0.0126378 0.868725 2.45031
755 0.0713127 -0.176047 2.45031
755 -1.0246 -0.0858939 2.45031
755 -0.148962 -0.887213 2.45031
755 -0.411311 -0.573072 2.45031
755 -0.410995 -0.786849 2.45031
755 0.115173 0.380115 2.45031
755 -0.590851 0.273557 2.45031
755 0.786914 -0.256539 2.45031
755 0.954387 -0.0326848 2.45031
755 -0.0758437 0.720445 2.45031
755 0.228194 0.391164 2.45031
755 0.0869317 0.0957802 2.45031
755 0.317373 -0.271434 2.45031
755 -0.246313 0.571609 2.45031
755 -0.475554 0.0170384 8.73349
755 0.861221 0.551293 2.45031
755 0.314391 0.511167 2.45031
755 0.727178 -0.612466 8.73349
755 -0.791337 -0.460804 2.45031
755 -0.22873 -0.986391 8.73349
755 -0.916619 0.0671593 2.45031
755 0.24455 0.305538 2.45031
755 0.0189635 -0.185363 2.45031
755 -0.411976 0.838444 2.45031
755 -0.638366 0.137953 8.73349
755 -0.563801 -0.708075 2.45031
755 -0.186479 -0.774037 2.45031
755 -0.641139 -0.193569 2.45031
755 0.49371 0.600205 2.45031
755 0.512104 0.661188 2.45031
755 0.365498 0.104128 2.45031
755 0.136043 -0.879888 2.45031
755 0.375347 -0.706969 2.45031
755 0.0337077 0.451655 2.45031
755 0.411676 -0.664581 2.45031
755 0.274716 -0.597776 2.45031
755 0.424535 -0.568394 2.45031
755 0.348821 0.46507 2.45031
755 -0.465658 0.340382 2.45031
755 0.300411 -0.848554 2.45031
755 -0.747812 -0.495212 2.45031
755 0.672059 -0.168007 2.45031
755 -0.23162 0.379882 2.45031
755 0.682319 -0.403091 2.45031
755 -0.548831 -0.422565 2.45031
755 -0.948303 0.24492 8.73349
755 -0.0777195 1.03229 8.73349
755 0.876687 -0.197207 2.45031
755 -0.679722 0.24094 2.45031
755 -0.0186486 0.817579 2.45031
755 -0.205634 -0.580843 2.45031
755 -0.0176221 0.465307 2.45031
755 0.700771 -0.556119 8.73349
755 0.657943 -0.352126 2.45031
755 0.691274 0.186831 2.45031
755 -0.24123 0.113286 2.45031
755 -0.627761 0.825372 2.45031
755 0.337327 -0.949843 2.45031
755 -0.869636 0.0331552 2.45031
755 -0.23324 0.62019 2.45031
755 0.838231 -0.152279 2.45031
755 -0.290338 -0.971033 2.45031
755 0.600089 -0.349988 2.45031
755 0.582048 0.291223 2.45031
755 -0.197055 0.563362 2.45031
755 -0.517406 0.899276 2.45031
755 -0.0603359 -0.150374 2.45031
755 -0.12806 -0.946458 2.45031
755 0.811634 0.291899 2.45031
755 0.500748 -0.129371 2.45031
755 -0.211135 0.468524 2.45031
755 0.177023 0.248501 2.45031
755 0.212627 0.209813 2.45031
755 0.826234 0.604131 8.73349
755 -0.135269 -0.228191 2.45031
755 0.0614655 -0.715029 2.45031
755 -0.394503 0.279437 2.45031
755 -0.875561 0.418259 2.45031
755 0.337774 -0.74735 2.45031
755 -0.205624 -0.720509 2.45031
755 0.763811 -0.566206 2.45031
755 -0.338148 0.402933 2.45031
755 -0.771586 0.690956 8.73349
755 -0.293168 -0.471393 2.45031
755 -0.585668 -0.18869 2.45031
755 -0.990773 0.293772 2.45031
755 -0.244912 -0.620475 2.45031
755 -0.170252 0.187597 2.45031
755 0.0971407 -0.351971 2.45031
755 -0.706614 -0.0578787 2.45031
755 0.951009 -0.355384 8.73349
755 -0.167589 -0.679502 2.45031
755 0.380593 -0.467489 2.45031
755 -0.235839 0.246714 2.45031
755 -0.327058 0.0841206 2.45031
755 -0.965647 -0.10713 2.45031
755 0.50574 -0.870247 2.45031
755 -0.394401 0.146019 2.45031
755 0.617502 0.421647 2.45031
755 -0.210892 1.01491 2.45031
755 -0.631599 -0.798064 2.45031
755 -0.0950409 -0.459536 2.45031
755 1.00956 0.121485 8.73349
755 0.348245 -0.310042 2.45031
755 -0.287228 0.622921 2.45031
755 -0.0015772 -0.56486 2.45031
755 0.624408 -0.643754 2.45031
755 -0.727475 -0.714268 2.45031
755 -0.453663 0.630964 2.45031
755 -0.276784 -0.520491 2.45031
755 0.546504 -0.107721 2.45031
755 0.745621 0.705221 2.45031
755 -0.501531 0.158978 2.45031
755 -0.574283 0.365481 2.45031
755 0.639134 0.106247 2.45031
755 -0.1206 0.176788 2.45031
755 0.981524 -0.252087 2.45031
755 0.550525 -0.25874 2.45031
755 0.90875 -0.25693 2.45031
755 0.73451 0.436568 2.45031
755 -0.853776 -0.457206 8.73349
755 -0.694049 -0.590871 2.45031
755 -0.279627 0.769933 2.45031
755 0.159685 -0.998218 2.45031
755 0.34251 0.55589 2.45031
755 -0.702136 -0.284542 2.45031
755 -0.621004 0.762145 2.45031
755 0.023889 -0.753955 2.45031
755 -0.598356 -0.339618 2.45031
755 -0.0780524 -0.371158 2.45031
755 -0.00417288 0.414697 8.73349
755 0.353464 -0.654622 2.45031
755 -0.274543 0.998227 8.73349
755 0.151176 0.0155866 2.45031
755 0.624171 0.677537 2.45031
755 0.584286 0.0439998 2.45031
755 -0.0175344 -0.284232 2.45031
755 -0.1642 0.320697 2.45031
755 0.347612 0.322585 2.45031
755 0.996866 -0.190661 2.45031
755 0.312844 0.363749 2.45031
755 -0.282893 -0.195853 2.45031
755 -0.573332 -0.771835 2.45031
755 -0.905712 -0.346567 2.45031
755 -0.7703 -0.374023 2.45031
755 0.533314 0.0273737 8.73349
755 0.765795 0.490573 2.45031
755 0.419638 -0.433081 2.45031
755 -0.077612 -0.509137 2.45031
755 0.385261 0.281956 8.73349
755 -0.660011 0.490952 2.45031
755 0.530765 0.468719 2.45031
755 -0.691232 0.148158 2.45031
755 0.285485 -0.00639733 2.45031
755 -0.119204 -0.277994 2.45031
755 0.250607 0.0328515 2.45031
755 0.0743433 -0.6204 2.45031
755 0.440075 -0.478862 8.73349
755 0.399168 0.331076 2.45031
755 0.728454 0.226934 2.45031
755 0.195851 0.540888 2.45031
755 -0.4129 0.193279 2.45031
755 0.601573 -0.74192 2.45031
755 0.574327 0.717221 2.45031
755 0.225293 -0.374295 2.45031
755 -0.606956 -0.234806 2.45031
755 0.658381 -0.0740225 2.45031
755 0.195468 -0.875813 2.45031
755 -0.0684192 0.47775 2.45031
755 0.565168 0.66502 2.45031
755 -0.407695 0.775774 2.45031
755 -0.0884618 -0.236123 2.45031
755 0.217327 -0.588901 8.73349
755 0.777849 0.207972 2.45031
755 -0.840437 0.26866 2.45031
755 -0.499353 0.444378 2.45031
755 0.279009 -0.969873 8.73349
755 0.642769 0.575237 2.45031
755 -0.589449 -0.0457888 2.45031
755 -0.260315 0.026218 2.45031
755 0.764007 0.389786 2.45031
755 -0.723388 -0.00234563 2.45031
755 -0.206197 -0.876388 2.45031
755 -0.537153 0.262115 2.45031
755 0.255111 -0.550581 2.45031
755 0.128289 0.609864 2.45031
755 0.402539 -0.517481 2.45031
755 -0.398284 -0.630051 2.45031
755 -0.320497 -0.373608 2.45031
755 0.126321 0.238202 8.73349
755 0.574813 -0.0064603 2.45031
755 -0.411192 -0.386085 2.45031
755 0.427987 -0.254052 2.45031
755 0.17498 -0.157674 2.45031
755 -0.268363 0.342658 2.45031
755 -0.465059 -0.257736 2.45031
755 -0.0981806 0.260537 2.45031
755 0.17666 -0.93288 2.45031
755 -0.916332 -0.0622938 2.45031
755 -0.674667 -0.0140698 2.45031
755 -0.00667775 -0.957331 2.45031
755 -0.658658 -0.417299 2.45031
755 0.101694 0.00661114 2.45031
755 0.591885 0.777599 2.45031
755 -0.130797 -0.500238 2.45031
755 0.710062 0.286101 2.45031
755 0.460289 -0.295117 2.45031
755 -0.884069 -0.246129 2.45031
755 0.770396 -0.0554886 2.45031
755 -0.450836 -0.0738611 2.45031
755 -0.131851 0.920271 2.45031
755 0.648961 -0.449466 2.45031
755 -0.177309 0.509315 2.45031
755 -0.828797 0.530882 2.45031
755 -0.0398721 -1.01103 2.45031
755 -0.00780856 0.274419 8.73349
755 0.498073 -0.482517 8.73349
755 0.834988 -0.0437043 2.45031
755 -0.553102 -0.308097 2.45031
755 -0.14894 -0.044688 2.45031
755 0.43299 -0.342389 2.45031
755 -0.192086 0.102163 2.45031
755 0.228036 0.73313 2.45031
755 -0.384555 0.560309 2.45031
755 0.453168 -0.83795 2.45031
755 -0.37499 0.365867 2.45031
755 0.235899 -0.505006 8.73349
755 0.0139246 0.365155 2.45031
755 0.301418 -0.32568 2.45031
755 -0.378427 -0.830129 2.45031
755 0.606447 0.620675 2.45031
755 0.585061 0.565885 2.45031
755 -0.0718224 0.622532 2.45031
755 0.436971 0.745186 2.45031
755 0.0947638 0.275836 2.45031
755 -0.918509 0.00185515 2.45031
755 0.445198 -0.206094 2.45031
755 0.498594 0.322402 2.45031
755 -0.106382 0.440986 2.45031
755 -0.473774 -0.898362 8.73349
755 0.6935 -0.114265 2.45031
755 0.589551 0.467158 2.45031
755 0.417313 0.118198 8.73349
755 -0.0813593 0.213226 8.73349
755 -0.324043 0.220804 2.45031
755 -0.137097 0.536981 2.45031
755 -0.788149 0.258011 2.45031
755 0.460703 0.641581 2.45031
755 -0.364453 -0.739858 2.45031
755 -0.505327 0.653196 2.45031
755 0.0187637 -0.390872 2.45031
755 -0.418084 -0.280038 2.45031
755 0.0052444 -0.328233 2.45031
755 0.134822 0.104083 2.45031
755 0.29698 0.313342 2.45031
755 -0.466122 -0.309256 2.45031
755 -0.238385 -0.482332 2.45031
755 0.854951 -0.0959482 2.45031
755 0.429245 0.938385 8.73349
755 -0.679323 0.783202 2.45031
755 -0.553218 0.458908 2.45031
755 -0.646786 -0.0589 2.45031
755 -1.02589 0.105668 8.73349
755 -0.685591 -0.515569 2.45031
755 -0.271299 -0.245531 2.45031
755 0.3 0.0425033 2.45031
755 -0.842431 -0.206696 2.45031
755 0.267769 0.491081 2.45031
755 -0.482001 -0.563098 2.45031
755 -0.467102 -0.829874 2.45031
755 -0.750902 0.147419 2.45031
755 -0.557398 0.676114 2.45031
755 0.726286 -0.161576 2.45031
755 -0.714648 0.103497 2.45031
755 0.377225 -0.347598 2.45031
755 -0.0973035 0.0809815 2.45031
755 0.741893 -0.408905 2.45031
755 0.114104 1.02674 8.73349
755 0.510567 -0.388795 2.45031
755 -0.515188 0.774732 2.45031
755 -0.666032 0.33878 2.45031
755 0.339187 0.709809 2.45031
755 0.637875 0.0566126 2.45031
755 -0.271551 0.209999 2.45031
755 -0.676277 0.551506 2.45031
755 -0.0268364 0.328504 2.45031
755 0.605486 -0.255943 2.45031
755 -0.201331 -0.443316 2.45031
755 0.424412 0.243975 2.45031
755 -0.842759 -0.358721 2.45031
755 -0.313295 -0.0929692 2.45031
755 0.870248 0.279297 2.45031
755 0.0873527 0.428298 2.45031
755 0.154384 0.511318 2.45031
755 0.600694 -0.090631 2.45031
755 -0.0482257 0.767329 2.45031
755 -0.814845 -0.407881 2.45031
755 0.215941 0.634819 8.73349
755 -0.402312 -0.440506 2.45031
755 -0.423065 -0.86393 2.45031
755 -0.501921 0.301948 2.45031
755 0.212785 0.489374 2.45031
755 -0.0726305 -0.791798 2.45031
755 0.197854 0.956194 2.45031
755 -0.483006 0.391312 2.45031
755 0.331709 0.142015 2.45031
755 -0.417448 -0.728677 2.45031
755 -0.906952 0.366701 2.45031
755 0.177113 1.01735 2.45031
755 -0.943764 -0.229004 2.45031
755 -0.818914 0.0028631 2.45031
755 -0.412178 0.669162 2.45031
755 -0.291848 0.123252 2.45031
755 0.151692 -0.443455 2.45031
755 0.218167 0.895671 2.45031
755 -0.406985 0.063933 2.45031
755 0.280019 -0.744632 2.45031
755 -0.184133 -0.21904 2.45031
755 -0.645916 0.284348 2.45031
755 -0.899197 -0.186172 2.45031
755 0.91198 0.326327 2.45031
755 0.789736 0.150341 2.45031
755 -0.53473 0.112975 2.45031
755 0.923692 0.438278 8.73349
755 0.878 -0.304539 2.45031
755 0.0989231 0.144036 2.45031
755 -0.0894173 -0.189921 2.45031
755 0.739297 0.0489398 8.73349
755 -0.448949 0.154866 2.45031
755 -0.731364 0.568923 2.45031
755 0.29777 0.180418 2.45031
755 0.101566 0.522188 2.45031
755 0.278354 0.404805 2.45031
755 -0.620388 -0.734206 2.45031
755 -0.309884 0.0380103 2.45031
755 -0.0916072 -0.739428 2.45031
755 0.540913 -0.34215 2.45031
755 -0.532214 0.554821 2.45031
755 0.82833 -0.576548 2.45031
755 -0.487924 -0.16958 2.45031
755 -0.79982 -0.168269 2.45031
755 0.170855 -0.37942 2.45031
755 -0.569754 0.515213 2.45031
755 -0.562314 0.0656178 2.45031
755 -0.966095 0.127718 2.45031
755 0.465762 -0.680034 2.45031
755 -0.256012 0.161162 2.45031
755 0.102787 0.915549 2.45031
755 -0.36692 -0.093058 2.45031
755 0.612414 0.250465 2.45031
755 0.882297 0.221521 2.45031
755 -0.163375 0.866989 2.45031
755 0.406427 0.468506 8.73349
755 -0.86415 -0.0883294 2.45031
755 0.643163 -0.220133 2.45031
755 0.0662516 -0.483362 2.45031
755 -0.361203 -0.407 2.45031
755 -0.423732 0.0208178 2.45031
755 0.289677 0.562353 2.45031
755 -0.110953 -0.838763 2.45031
755 -0.713832 0.507072 2.45031
755 0.893664 0.496436 2.45031
755 -0.666396 -0.694936 2.45031
755 -0.105876 0.769497 2.45031
755 -0.295002 -0.0132067 2.45031
755 -0.823065 -0.26302 2.45031
755 -0.321426 0.353981 2.45031
755 0.614891 0.333833 2.45031
755 -0.988952 -0.274185 2.45031
755 -0.125961 0.6287 8.73349
755 0.262616 0.353207 2.45031
755 -0.554689 -0.644685 8.73349
755 -0.802414 0.168728 2.45031
755 0.465359 -0.0422158 2.45031
755 -0.75622 0.306662 2.45031
755 -0.868466 -0.027725 2.45031
755 0.560885 -0.0560917 2.45031
755 0.228023 0.257802 2.45031
755 0.650729 0.796859 2.45031
755 0.695225 -0.30951 2.45031
755 0.16799 0.465679 2.45031
755 0.892643 -0.357987 2.45031
755 0.108856 -0.823082 2.45031
755 0.846644 0.06858 2.45031
755 -0.516167 0.498296 2.45031
755 -0.282913 -0.333437 2.45031
755 -0.727019 0.738198 2.45031
755 0.801059 -0.411659 8.73349
755 0.0507341 1.03232 8.73349
755 -0.478618 0.536716 2.45031
755 0.394647 -0.927639 2.45031
755 -0.447843 0.290691 2.45031
755 -0.176299 0.0527547 2.45031
755 -0.143881 0.0915129 2.45031
755 0.0779178 0.973715 2.45031
755 0.481857 -0.57528 2.45031
755 -0.710404 0.675705 2.45031
755 -0.436943 -0.528763 2.45031
755 -0.440229 0.574288 2.45031
755 -0.513371 0.714619 2.45031
755 -0.581019 -0.500705 2.45031
755 -0.100315 0.674267 2.45031
755 -0.217969 -0.394787 2.45031
755 0.636866 0.735016 2.45031
755 0.739593 0.330178 2.45031
755 -0.783642 -0.220353 2.45031
755 -0.772684 -0.66779 8.73349
755 -0.19495 -0.171095 2.45031
755 -0.711835 -0.110603 8.73349
755 0.04573 -0.352688 2.45031
755 -0.571093 0.221178 2.45031
755 -0.409707 0.466732 2.45031
755 0.663719 -0.600448 2.45031
755 0.684108 0.691573 2.45031
755 -0.0150135 -0.797959 2.45031
755 -0.127489 0.0408907 2.45031
755 0.411427 -0.0632297 8.73349
755 -0.262712 -0.107723 2.45031
755 0.269948 0.619654 2.45031
755 0.560653 0.513868 2.45031
755 0.372151 -0.0327558 8.73349
755 0.385974 0.0170562 2.45031
755 0.0179822 0.227301 2.45031
755 -0.263376 0.47711 2.45031
755 -0.443912 -0.663629 2.45031
755 0.590192 -0.442194 2.45031
755 -0.233584 -0.208496 2.45031
755 0.57646 -0.208996 2.45031
755 0.950265 0.143378 2.45031
755 -0.0455356 -0.329509 2.45031
755 0.27263 -0.46189 2.45031
755 0.0939328 -1.0076 8.73349
755 -0.314953 0.666601 2.45031
755 0.000554847 -0.0106336 2.45031
755 0.172904 -0.732967 2.45031
755 -0.308385 0.816636 2.45031
755 0.0184631 0.178371 2.45031
755 -0.395524 0.958791 2.45031
755 0.299416 0.453451 2.45031
755 0.860802 -0.413872 2.45031
755 0.988712 0.247901 8.73349
755 -0.414728 -0.927721 8.73349
755 -0.732254 0.251925 8.73349
755 -0.768943 0.207542 2.45031
755 0.350451 0.19017 8.73349
755 0.796897 0.54618 2.45031
755 0.121631 -0.487607 8.73349
755 0.54827 0.610596 2.45031
755 0.313944 -0.796014 2.45031
755 0.321127 -0.0447267 2.45031
755 -0.187384 -0.936809 2.45031
755 -0.327059 -0.697776 2.45031
755 0.460567 0.209357 2.45031
755 -0.179833 0.369448 2.45031
755 -0.256891 -0.293168 2.45031
755 0.23581 -0.91993 2.45031
755 -0.377221 0.231259 2.45031
755 0.248756 -0.0997175 2.45031
755 0.899207 0.103299 2.45031
755 0.144993 -0.119094 2.45031
755 -0.644572 0.432875 2.45031
755 -0.340876 0.136158 2.45031
755 0.497868 0.51123 2.45031
755 -0.482897 0.111481 2.45031
755 -0.318364 0.489698 2.45031
755 -0.511478 0.0653549 2.45031
755 0.955509 0.0831772 2.45031
755 0.629871 0.00766353 2.45031
755 0.467655 0.469384 2.45031
755 0.332714 -0.370482 2.45031
755 0.591295 0.195967 2.45031
755 -0.129604 -0.784072 2.45031
755 -0.230568 -0.0708877 2.45031
755 -0.079256 0.0284456 2.45031
755 -0.581204 0.129563 2.45031
755 0.11892 0.0552131 8.73349
755 -0.352335 -0.952192 8.73349
755 0.451895 -0.903256 2.45031
755 0.638945 0.156154 2.45031
755 0.268381 -0.0534049 2.45031
755 -0.857787 0.154324 2.45031
755 -0.133217 0.224274 2.45031
755 0.862478 -0.525197 2.45031
755 -0.143801 1.02653 8.73349
755 0.501414 -0.626589 2.45031
755 -0.546008 0.614482 2.45031
755 0.0447065 0.920818 2.45031
755 0.922804 -0.415336 8.73349
755 0.0520076 -0.223583 2.45031
755 0.686846 0.0264557 2.45031
755 0.848248 -0.251476 2.45031
755 -0.0424931 -0.238817 2.45031
755 0.225818 -0.740825 2.45031
755 0.83059 -0.467465 8.73349
755 -0.0935339 -0.59746 2.45031
755 0.480056 0.00738796 2.45031
755 -0.66716 0.719836 2.45031
755 -0.0197178 0.613163 2.45031
755 -0.143697 -0.181813 2.45031
755 0.757175 -0.208534 2.45031
755 0.165149 -0.0714051 2.45031
755 -0.364254 -0.890918 2.45031
755 0.209354 0.345128 2.45031
755 0.327006 -0.46334 2.45031
755 -0.629338 0.378858 8.73349
755 0.0420718 0.268868 2.45031
755 -0.0349761 -0.192015 2.45031
755 -0.810408 0.116259 2.45031
755 -0.341171 0.268584 2.45031
755 0.482114 -0.740338 2.45031
755 0.255965 -0.79757 2.45031
755 0.933861 -0.206734 2.45031
755 0.434044 0.511116 2.45031
755 -0.536407 -0.475619 2.45031
755 0.0851394 -0.768284 2.45031
755 0.240306 0.835434 2.45031
755 0.755474 -0.307608 2.45031
755 0.487219 0.116719 2.45031
755 -0.187962 0.724156 2.45031
755 -0.971373 0.0700553 2.45031
755 -0.147966 -0.451876 2.45031
755 0.275267 -0.139792 2.45031
755 -0.163175 -0.133628 2.45031
755 0.121763 -0.94977 2.45031
755 0.0259597 -0.904639 8.73349
755 0.315251 0.0923388 2.45031
755 -0.553299 -0.367629 2.45031
755 -0.945247 -0.395994 8.73349
755 -0.254913 -0.433688 8.73349
755 -0.881474 -0.403712 2.45031
755 -0.10356 0.128417 2.45031
755 0.0613643 0.762663 2.45031
755 0.60168 -0.590031 2.45031
755 0.250716 -0.417303 2.45031
755 -0.429851 0.10883 2.45031
755 0.315047 -0.696295 2.45031
755 0.491834 0.0587383 2.45031
755 -0.212902 -0.120961 2.45031
755 -0.200163 0.283523 2.45031
755 -0.0118746 -0.0557843 2.45031
755 0.00467863 -0.850518 2.45031
755 -0.802692 -0.322252 2.45031
755 -0.386223 -0.00973945 8.73349
755 -0.392321 0.415568 2.45031
755 -0.597264 -0.283749 2.45031
755 0.698936 0.752089 2.45031
755 0.0814757 -0.261063 2.45031
755 0.426047 0.802439 2.45031
755 0.507991 -0.0732211 8.73349
755 -0.260741 0.671818 2.45031
755 -0.184502 0.235381 2.45031
755 0.294671 -0.646452 2.45031
755 0.0934589 -0.128833 2.45031
755 0.00491322 0.658086 2.45031
755 0.389576 0.844426 8.73349
755 0.596677 0.839004 2.45031
755 0.393077 0.701248 2.45031
755 -0.301105 0.440119 2.45031
755 -0.610806 0.698889 2.45031
755 -0.416047 -0.109531 2.45031
755 -0.929868 0.306107 2.45031
755 0.674506 -0.501979 2.45031
755 0.424805 -0.0146375 2.45031
755 -0.461767 0.748077 2.45031
755 0.365905 0.965775 2.45031
755 -0.0382975 0.377683 2.45031
755 0.129222 -0.62732 2.45031
755 -0.645693 -0.307665 2.45031
755 -0.166684 -0.998179 2.45031
755 0.371669 -0.262444 2.45031
755 -0.196424 -0.0332084 8.73349
755 0.302387 -0.0902106 2.45031
755 -0.652887 0.65706 2.45031
755 -0.225034 -0.817705 2.45031
755 0.513705 -0.292968 2.45031
755 -0.0322556 0.517276 2.45031
755 -0.288216 0.257729 2.45031
755 0.141103 0.559732 2.45031
755 -0.113088 -0.549184 8.73349
755 -0.0575822 -0.557173 2.45031
755 -0.215868 0.331576 2.45031
755 -0.365132 -0.249684 2.45031
755 -0.0522082 0.117585 2.45031
755 0.50893 0.223981 2.45031
755 -0.767167 -0.279325 2.45031
755 0.280103 0.266293 2.45031
755 -0.550659 0.170072 2.45031
755 0.815326 -0.204852 2.45031
755 0.268819 -0.281393 2.45031
755 -0.0215805 0.714192 2.45031
755 0.955453 0.0241972 2.45031
755 0.688018 -0.656877 2.45031
755 0.460972 -0.526189 2.45031
755 -0.316495 -0.55692 8.73349
755 0.494045 0.168204 2.45031
755 0.553397 -0.782401 2.45031
755 -0.280004 0.525842 2.45031
755 -0.655861 -0.255645 2.45031
755 -0.149071 0.272264 2.45031
755 -0.87231 0.318054 2.45031
755 -0.340244 -0.0497767 2.45031
755 -0.590474 0.418709 2.45031
755 -0.601225 -0.397453 2.45031
755 -0.0525585 0.0702116 2.45031
755 -0.861108 0.473018 2.45031
755 -0.686089 0.392427 2.45031
755 0.675253 0.529072 2.45031
755 -0.311251 -0.278466 2.45031
755 0.7518 -0.672658 2.45031
755 -0.521819 -0.805614 2.45031
755 0.5396 -0.167602 8.73349
755 0.0648409 -0.854478 8.73349
755 -0.926622 -0.288856 2.45031
755 0.332021 0.864427 2.45031
755 0.527606 0.280379 2.45031
755 -0.168591 0.969835 2.45031
755 0.00384126 -0.232293 2.45031
755 -0.339585 -0.134781 2.45031
755 -0.0115144 -0.429531 2.45031
755 -0.623311 -0.00803068 2.45031
755 0.455628 -0.387914 2.45031
755 -0.790716 0.581809 2.45031
755 0.194955 -0.419676 2.45031
755 -0.0912984 -0.895231 2.45031
755 -0.393298 -0.493783 2.45031
755 0.700058 -0.214282 2.45031
755 -0.184416 -0.491813 2.45031
755 0.195184 0.690889 2.45031
755 -0.747875 -0.426434 2.45031
755 -0.702421 -0.457526 2.45031
755 -0.0535232 -0.845505 2.45031
755 -0.76906 0.0327524 2.45031
755 0.239878 1.00411 2.45031
755 0.181699 0.593416 2.45031
755 0.216305 -0.0621963 2.45031
755 -0.0771868 0.344107 2.45031
755 0.0494578 0.542 2.45031
755 0.52005 -0.0230048 2.45031
755 -0.486619 -0.505505 2.45031
755 0.417764 0.380759 8.73349
755 -0.343 0.920791 2.45031
755 -0.320202 -0.847826 2.45031
755 -0.371312 -0.297296 2.45031
755 -0.768987 0.522544 2.45031
755 0.36514 -0.8214 2.45031
755 0.727965 -0.260442 2.45031
755 0.852765 0.337696 2.45031
755 -0.341061 -0.00166357 2.45031
755 -0.302269 -0.747746 2.45031
755 -0.34126 -0.788836 2.45031
755 0.282354 0.718824 2.45031
755 -0.149707 -0.589494 2.45031
755 -0.334027 -0.183815 2.45031
755 -0.292471 -0.146414 2.45031
755 -0.688246 -0.213367 2.45031
755 0.305224 -0.416484 2.45031
755 0.950085 0.376193 8.73349
755 0.183244 0.112682 2.45031
755 0.0704608 0.0458158 2.45031
755 0.446346 -0.62153 2.45031
755 -0.322193 -0.230635 2.45031
755 -0.536545 0.405049 2.45031
755 -0.805585 0.472705 2.45031
755 -0.818335 0.0601416 2.45031
755 -0.853451 0.588044 2.45031
755 -0.606828 0.474465 2.45031
755 0.499101 -0.799817 8.73349
755 0.900196 0.0446306 2.45031
755 0.301195 0.664516 2.45031
755 0.38102 0.756424 2.45031
755 0.24954 -0.328424 2.45031
755 0.123644 -0.166516 2.45031
755 -0.195181 0.418615 2.45031
755 0.389677 -0.611748 2.45031
755 -0.26443 -0.708401 2.45031
755 -0.143784 0.407165 2.45031
755 0.0174436 0.503457 2.45031
755 0.263367 0.219034 2.45031
755 -0.0271079 0.207632 2.45031
755 -0.243777 -0.761609 2.45031
755 -0.0988706 -0.32522 2.45031
755 0.0421231 -0.138024 2.45031
755 -0.0835153 0.527656 2.45031
755 -0.227649 0.519488 2.45031
755 0.0654289 0.315328 8.73349
755 -0.865511 0.0945216 2.45031
755 -0.36312 0.0431213 2.45031
755 0.488194 -0.18298 2.45031
755 0.450787 0.0849088 2.45031
755 0.798332 -0.518165 2.45031
755 -0.24298 0.723652 2.45031
755 -0.234128 -0.344935 2.45031
755 0.586852 0.143761 2.45031
755 -0.571151 -0.13782 2.45031
755 -0.753206 -0.607591 2.45031
755 0.197504 0.161219 2.45031
755 0.781915 -0.155091 2.45031
755 0.143426 0.287695 2.45031
755 -0.197437 0.826116 2.45031
755 -0.465607 -0.772282 2.45031
755 0.763278 0.270422 2.45031
755 -0.430434 -0.165476 2.45031
755 0.232126 0.121675 2.45031
755 0.0938428 0.810297 2.45031
755 -0.209776 0.0155947 2.45031
755 -0.370812 -0.353537 2.45031
755 0.317335 0.925459 2.45031
755 -0.15311 0.583941 2.45031
755 0.204205 -0.685775 2.45031
755 0.438179 -0.784884 2.45031
755 0.108881 -0.577678 2.45031
755 0.0150788 -0.0981442 2.45031
755 -0.854608 -0.147299 2.45031
755 -0.132651 -0.0954707 2.45031
755 0.00320232 -0.703749 8.73349
755 -0.716327 0.195479 2.45031
755 1.01374 0.0588867 8.73349
755 -0.610193 0.0909683 2.45031
755 0.399825 0.0669278 2.45031
755 -0.52492 0.0169202 2.45031
755 -0.221729 0.77455 2.45031
755 0.816258 -0.30403 2.45031
755 -0.465368 -0.124264 2.45031
755 -0.520334 -0.130311 2.45031
755 -0.423869 0.521516 2.45031
755 -0.661108 -0.106877 2.45031
755 -0.411599 0.328533 2.45031
755 -0.503954 -0.393031 2.45031
755 -0.0681863 -0.284545 2.45031
755 0.940917 0.204038 2.45031
755 -0.680504 -0.757643 8.73349
755 0.71796 -0.357656 2.45031
755 0.183541 -0.633617 2.45031
755 -0.0547552 -0.0152136 2.45031
755 0.583116 -0.142508 2.45031
755 -0.281893 -0.0584642 8.73349
755 -0.0261932 -0.374669 2.45031
755 -1.01597 0.168649 2.45031
755 -0.33004 -0.321862 2.45031
755 0.234502 0.582699 2.45031
755 0.58729 0.0937162 2.45031
755 0.646197 0.291661 2.45031
755 0.536997 0.815354 2.45031
755 -0.736853 -0.182243 2.45031
755 1.01123 -0.0633628 8.73349
755 -0.439397 -0.0261663 2.45031
755 -0.645809 -0.366307 2.45031
755 -0.110749 -0.68826 2.45031
755 0.324028 -0.132108 8.73349
755 0.302614 0.986962 2.45031
755 -0.555976 0.313602 2.45031
755 -0.30916 -0.423785 2.45031
755 0.951442 -0.300279 8.73349
755 0.315895 0.22784 2.45031
755 0.616831 -0.0411923 2.45031
755 -0.851009 -0.565622 8.73349
755 0.103306 -0.213468 2.45031
755 0.352778 0.654369 2.45031
755 0.43877 0.0342379 2.45031
755 0.476645 -0.434821 2.45031
755 -0.525704 -0.867434 2.45031
755 0.160628 0.907178 2.45031
755 -0.565886 0.738919 2.45031
755 0.368354 -0.561118 2.45031
755 -0.584936 0.574552 2.45031
755 -0.225899 0.0639777 2.45031
755 0.552275 0.332185 2.45031
755 -0.729056 -0.547802 2.45031
755 -0.342725 -0.646239 2.45031
755 -0.643801 -0.571419 2.45031
755 0.154691 -0.205437 2.45031
755 -0.570204 0.800906 2.45031
755 -0.466603 0.202157 2.45031
755 0.357427 -0.0810161 2.45031
755 -0.493718 0.593376 2.45031
755 -0.53143 -0.534088 2.45031
755 -0.972725 0.0122654 2.45031
755 0.255486 -0.189099 2.45031
755 -0.13025 -0.638351 2.45031
755 -0.357281 0.707686 2.45031
755 0.0191142 0.316987 2.45031
755 -0.0448803 0.869685 2.45031
755 -0.105269 0.975817 2.45031
755 -0.652131 -0.63345 2.45031
755 0.0646884 -0.089958 2.45031
755 0.365115 0.372341 2.45031
755 -0.708197 -0.390407 2.45031
755 0.163275 -0.583298 2.45031
755 -0.534772 -0.589632 8.73349
755 0.0740828 0.620609 2.45031
755 -0.284591 0.391155 2.45031
755 -0.582924 -0.557857 2.45031
755 0.520366 -0.677667 2.45031
755 0.296262 0.819635 2.45031
755 -0.969174 -0.335763 8.73349
755 0.575262 -0.303284 2.45031
755 0.358224 -0.417996 2.45031
755 0.822797 0.238343 2.45031
755 0.286375 -0.230388 2.45031
755 0.184112 -0.0235601 2.45031
755 -0.759386 -0.0774043 2.45031
755 -0.385437 -0.148533 2.45031
755 0.247773 0.533821 2.45031
755 -0.407421 0.723688 2.45031
755 -0.76498 0.0888446 2.45031
755 0.141701 0.703907 2.45031
755 0.248267 0.675932 2.45031
755 0.690722 0.0787949 2.45031
755 0.0697709 0.864963 2.45031
755 0.792484 0.0959285 8.73349
755 0.318333 0.761224 2.45031
755 0.0671812 0.485588 2.45031
755 0.33809 -0.223646 2.45031
755 -0.12138 0.489304 8.73349
755 -0.494 -0.447378 8.73349
755 -0.244993 -0.0219261 2.45031
755 -0.0335669 -0.106009 2.45031
755 -0.483608 0.252104 2.45031
755 -0.39749 -0.0569578 2.45031
755 0.126794 0.858358 2.45031
755 0.519678 -0.531348 2.45031
755 -0.490257 -0.0319537 2.45031
755 0.536688 -0.729196 2.45031
755 -0.952842 0.185398 2.45031
755 0.193218 0.296988 2.45031
755 -0.372878 0.503654 8.73349
755 0.828881 0.495519 8.73349
755 -0.910815 0.131848 2.45031
755 -0.0724521 0.922669 2.45031
755 0.0565955 -0.958312 2.45031
755 -0.113031 0.308763 2.45031
755 0.430644 0.595075 2.45031
755 0.646283 -0.699937 2.45031
755 -0.890223 0.530221 2.45031
755 -0.358099 0.316865 2.45031
755 0.305786 -0.181729 2.45031
755 -0.236276 0.880137 2.45031
755 -0.27548 0.0755062 2.45031
755 -0.204997 0.150414 2.45031
755 0.243824 0.445023 2.45031
755 0.536447 0.13011 2.45031
755 0.33559 0.00403148 2.45031
755 0.165007 -0.291975 2.45031
755 0.0469194 0.404115 2.45031
755 0.796299 0.442072 2.45031
755 -0.604764 0.179628 2.45031
755 -0.944954 0.414612 8.73349
755 0.639008 -0.546319 2.45031
755 0.247169 0.170661 2.45031
755 0.171043 0.383876 2.45031
755 0.776334 -0.357818 2.45031
755 -1.00639 0.229578 2.45031
755 -0.336512 0.540857 2.45031
755 -0.168023 -0.829593 2.45031
755 -0.608418 -0.671919 2.45031
755 -0.691188 -0.339423 2.45031
755 -0.4442 -0.47334 2.45031
755 -0.625272 -0.145525 2.45031
755 0.409202 0.195116 8.73349
755 0.112058 0.329561 2.45031
755 0.0639963 0.184768 2.45031
755 -0.293433 0.873966 2.45031
755 -0.103854 -1.00635 8.73349
755 -0.597673 -0.610152 2.45031
755 0.464611 0.553479 2.45031
755 0.888496 0.387036 8.73349
755 0.33166 0.412885 2.45031
755 -0.00870467 -0.147268 2.45031
755 0.632307 -0.303827 2.45031
755 -0.18126 -0.0834586 2.45031
755 0.0017229 0.558395 2.45031
755 0.147986 0.152453 2.45031
755 0.826156 0.391864 8.73349
755 0.0531469 0.665968 2.45031
755 0.112616 0.192047 2.45031
755 -0.386386 -0.68341 2.45031
755 0.663082 -0.761293 2.45031
755 -0.572428 0.00986106 2.45031
755 -0.102194 -0.0548228 2.45031
755 -0.204044 -0.305744 2.45031
755 0.143965 -0.339534 2.45031
755 0.217525 -0.285966 2.45031
755 0.438657 0.292018 8.73349
755 0.618072 0.519371 2.45031
755 0.00312244 0.12392 2.45031
755 1.01434 -0.00240294 8.73349
755 -0.892582 0.253655 2.45031
755 0.117098 -0.7232 2.45031
755 -0.0720381 0.166801 2.45031
755 -0.0840544 -0.105476 2.45031
755 0.114647 -0.080853 2.45031
755 0.414288 -0.11066 2.45031
755 -0.304898 0.305627 2.45031
755 0.833736 -0.357555 2.45031
755 -0.28537 -0.659345 2.45031
755 -0.814081 -0.61635 2.45031
755 -0.261019 -0.570425 2.45031
755 -0.622728 0.53338 2.45031
755 -0.0540791 -0.695897 2.45031
755 0.257539 0.942369 8.73349
755 -0.456161 -0.207034 2.45031
755 -0.780209 0.365164 2.45031
755 0.452427 0.338436 2.45031
755 0.585056 0.376369 8.73349
755 -0.685771 -0.157734 2.45031
755 0.0174585 0.977424 2.45031
755 0.0881765 -0.529751 2.45031
755 -0.809106 -0.11005 2.45031
755 -0.165432 -0.403921 2.45031
755 -0.209011 0.673364 2.45031
755 -0.0736835 -0.646186 2.45031
755 0.525535 0.374918 2.45031
755 -0.885449 -0.511815 2.45031
755 0.399661 -0.388969 8.73349
755 -0.598697 0.636022 2.45031
755 0.0444029 -0.8041 2.45031
755 -0.26315 -0.862955 2.45031
755 0.134267 -0.0324803 8.73349
755 -0.519855 0.35283 2.45031
755 0.206703 0.79088 2.45031
755 0.540488 0.874808 2.45031
755 0.558739 0.238588 2.45031
755 0.787874 0.655463 2.45031
755 0.557675 -0.841553 2.45031
755 0.234658 -0.0149908 2.45031
755 0.972021 0.312089 2.45031
755 -0.715992 0.050988 2.45031
755 0.647432 0.377372 2.45031
755 -0.0998643 0.578227 8.73349
755 -0.895892 0.19593 2.45031
755 0.791931 0.043544 2.45031
755 0.175171 -0.49066 2.45031
755 0.371087 -0.127252 2.45031
755 -0.244137 -0.159084 2.45031
755 -0.956958 -0.1683 2.45031
755 0.0299772 0.600926 2.45031
755 -0.0463645 0.667822 2.45031
755 0.265896 0.0819323 2.45031
755 0.275256 0.881161 2.45031
755 0.708132 0.380102 2.45031
755 -1.01669 -0.148909 8.73349
755 0.347754 -0.884582 2.45031
755 -0.034515 -0.746508 2.45031
755 0.642155 0.207437 2.45031
755 0.638926 -0.12567 8.73349
755 0.31216 -0.555676 2.45031
755 -1.00487 -0.211842 2.45031
755 -0.299177 0.718861 2.45031
755 0.578748 -0.538059 2.45031
755 -0.304846 -0.908807 2.45031
755 0.562061 -0.633167 2.45031
755 0.613352 -0.803708 2.45031
755 -0.298547 0.574694 2.45031
755 0.0686526 0.363236 8.73349
755 -0.452419 -0.417306 2.45031
755 0.701831 0.586026 2.45031
755 0.371643 0.233816 8.73349
755 -0.816461 -0.0549563 2.45031
755 0.844356 0.0118941 2.45031
755 -0.380519 -0.197541 2.45031
755 0.34952 0.0538274 2.45031
755 -0.169463 -0.268083 2.45031
755 0.392174 -0.215856 2.45031
755 -0.352226 0.863681 2.45031
755 -0.282385 -0.803555 2.45031
755 -0.513324 -0.278716 2.45031
755 -0.0544587 0.427681 2.45031
755 0.738886 0.163525 2.45031
755 0.333671 0.273461 2.45031
755 -0.225488 -0.669502 2.45031
755 -0.183767 0.624125 2.45031
755 -0.1125 -0.411694 2.45031
755 0.125752 -0.397397 2.45031
