600 0.194962 -0.539427 2.45031
600 -0.37065 0.662656 2.45031
600 -0.452107 -0.605734 8.73349
600 0.951321 -0.0921266 2.45031
600 -0.16822 -0.542785 2.45031
600 0.928589 0.265628 8.73349
600 -0.359225 0.183403 2.45031
600 -0.411591 -0.225629 2.45031
600 -0.183261 -0.358543 8.73349
600 -0.156984 7.20542e-05 2.45031
600 0.900128 -0.0665597 2.45031
600 0.166699 -0.829658 2.45031
600 -0.346295 0.611286 2.45031
600 0.487443 0.906968 8.73349
600 -0.0173505 0.159162 2.45031
600 0.679445 0.332317 2.45031
600 -0.842055 0.372777 2.45031
600 0.69059 0.1319 2.45031
600 -0.783011 -0.553082 2.45031
600 -0.460038 -0.360388 2.45031
600 -0.920133 0.472582 2.45031
600 -0.663103 0.0859047 2.45031
600 -0.221572 -0.264079 2.45031
600 0.647616 0.468339 2.45031
600 -1.02937 -0.0225351 2.45031
600 -0.917527 -0.455816 2.45031
600 0.331709 -0.604415 2.45031
600 -0.354766 0.449363 2.45031
600 0.792653 0.34347 2.45031
600 -0.332189 0.980227 2.45031
600 0.0400423 -0.663709 2.45031
600 -0.027365 0.0258438 2.45031
600 0.408076 -0.167271 2.45031
600 0.4401 0.429258 8.73349
600 0.0974409 -0.441238 2.45031
600 0.085065 0.711462 2.45031
600 0.237692 -0.239418 2.45031
600 0.541814 -0.581263 2.45031
600 0.149902 0.802352 2.45031
600 0.615221 -0.493261 2.45031
600 0.0725959 -0.396468 2.45031
600 -0.808095 0.419917 2.45031
600 -0.251364 0.824745 2.45031
600 -0.72324 0.353009 2.45031
600 -0.659361 0.190824 2.45031
600 0.00972775 -0.476327 2.45031
600 -0.0442213 -0.468757 2.45031
600 0.196822 -0.332694 2.45031
600 0.346562 -0.513209 8.73349
600 0.675658 0.247125 2.45031
600 -0.820177 -0.511262 2.45031
600 -0.0127553 1.034 8.73349
600 0.448182 0.687976 2.45031
600 0.667412 0.635383 2.45031
600 0.618523 -0.178238 2.45031
600 0.859628 0.444765 2.45031
600 0.35695 -0.176108 2.45031
600 0.734165 0.53895 2.45031
600 0.0882641 -0.902656 2.45031
600 0.353548 0.803042 2.45031
600 -0.461031 0.0641508 2.45031
600 0.53267 -0.438332 2.45031
600 -0.811634 0.320961 8.73349
600 0.398749 0.549449 2.45031
600 0.55643 -0.487185 2.45031
600 0.624271 -0.398284 2.45031
600 -0.969994 0.356774 2.45031
600 -0.353413 -0.460299 2.45031
600 -0.645603 -0.465482 2.45031
600 -0.446682 0.426978 2.45031
600 -0.51808 0.210522 2.45031
600 0.478275 0.263602 2.45031
600 -0.550911 -0.085623 2.45031
600 0.677234 0.423248 2.45031
600 -0.24552 -0.924438 2.45031
600 0.0447268 0.137809 2.45031
600 0.225851 -0.148838 2.45031
600 -0.579318 -0.835957 2.45031
600 0.675067 -0.0233894 2.45031
600 -0.245943 0.428159 2.45031
600 0.715386 -0.0592598 2.45031
600 0.499402 0.427372 2.45031
600 -0.742328 -0.328503 2.45031
600 -0.467168 0.690749 2.45031
600 0.788232 -0.00686981 2.45031
600 0.494823 0.718774 2.45031
600 -0.30538 0.173117 2.45031
600 -0.971381 -0.0473763 2.45031
600 -0.625016 0.231845 2.45031
600 0.533329 0.756301 2.45031
600 -0.223016 -0.534077 2.45031
600 -0.416887 -0.329231 2.45031
600 -0.0757075 0.816979 2.45031
600 -0.250764 0.292867 2.45031
600 0.802262 -0.099077 2.45031
600 -0.837084 0.214882 2.45031
600 0.186326 -0.245762 2.45031
600 0.0370965 0.81484 2.45031
600 0.112799 -0.3 2.45031
600 0.406026 0.644671 2.45031
600 0.183353 0.848465 8.73349
600 0.215097 -0.46124 2.45031
600 0.0877725 0.572078 2.45031
600 0.06252 -0.308236 2.45031
600 -0.106661 -0.0135505 2.45031
600 -0.863729 -0.302815 2.45031
600 -0.333095 0.762267 2.45031
600 -0.457903 0.805484 2.45031
600 0.19714 -0.109756 2.45031
600 -0.511391 -0.679515 2.45031
600 -0.454973 0.932056 2.45031
600 -0.430615 0.240163 2.45031
600 -0.0631067 -0.059498 8.73349
600 0.40474 -0.300434 2.45031
600 0.542746 0.18161 2.45031
600 0.204401 -0.793993 2.45031
600 -0.744383 0.408841 2.45031
600 -0.0137818 0.922474 2.45031
600 -0.374055 -0.540224 2.45031
600 0.844765 0.126366 2.45031
600 0.383443 0.154324 2.45031
600 0.117254 0.756655 2.45031
600 0.536184 0.0793878 2.45031
600 -0.767902 -0.0252744 2.45031
600 -0.0446274 0.249476 2.45031
600 -0.538678 -0.185613 2.45031
600 -1.02943 0.0418099 2.45031
600 0.201263 0.0242616 2.45031
600 0.319662 0.608045 2.45031
600 0.436096 0.874902 2.45031
600 0.14323 -0.777875 2.45031
600 0.137815 0.966513 2.45031
600 0.115058 0.469822 2.45031
600 -0.148139 -0.73174 2.45031
600 0.385719 0.42687 2.45031
600 0.582843 -0.686163 2.45031
600 -0.103259 0.867916 2.45031
600 0.13382 -0.252986 2.45031
600 -0.130691 -0.366265 2.45031
600 0.836196 0.184025 2.45031
600 -0.151317 0.137985 2.45031
600 0.667981 -0.265215 8.73349
600 -0.468547 -0.71216 2.45031
600 -0.636821 0.596281 8.73349
600 0.206375 -0.198296 2.45031
600 0.710113 -0.716855 8.73349
600 -0.218105 0.197399 2.45031
600 -0.023208 -0.516805 2.45031
600 0.279572 -0.372588 2.45031
600 -0.0166233 -0.654091 2.45031
600 0.0947609 -0.671449 2.45031
600 -0.113621 -0.144093 2.45031
600 0.0532649 -0.570935 2.45031
600 -0.460861 0.481572 2.45031
600 -0.751286 0.463225 2.45031
600 0.377004 0.905168 8.73349
600 0.163456 0.648465 8.73349
600 0.89577 -0.136597 2.45031
600 0.00598837 0.764941 2.45031
600 0.256956 -0.691763 2.45031
600 0.0319857 -0.52313 2.45031
600 0.72604 0.647385 2.45031
600 0.704035 0.481569 2.45031
600 0.291454 -0.90435 2.45031
600 0.141545 -0.53422 2.45031
600 0.792412 -0.624418 2.45031
600 0.386024 -0.767664 2.45031
600 -0.364205 0.80583 2.45031
600 0.0350985 -0.0511058 2.45031
600 0.523191 -0.218335 2.45031
600 -0.518446 -0.744383 2.45031
600 0.762733 0.597256 2.45031
600 -0.749819 0.632036 2.45031
600 0.894337 -0.470161 2.45031
600 0.37307 0.599417 8.73349
600 0.445946 0.155628 2.45031
600 0.89487 -0.01189 2.45031
600 0.197073 0.427645 2.45031
600 -0.700493 0.297806 2.45031
600 -0.711648 -0.65432 2.45031
600 -0.282565 0.931511 2.45031
600 0.452734 -0.14734 2.45031
600 0.428222 -0.723987 2.45031
600 -0.537834 -0.034661 2.45031
600 0.159859 0.337041 2.45031
600 0.0290963 -0.275444 2.45031
600 0.0191671 -0.613267 2.45031
600 -0.429063 0.376118 2.45031
600 -0.15762 0.672723 2.45031
600 0.139407 0.421584 2.45031
600 -0.163743 0.771813 2.45031
600 -0.596079 -0.446598 2.45031
600 -0.499411 -0.0840905 2.45031
600 -0.611282 0.324621 2.45031
600 -0.668032 0.032618 2.45031
600 1.00093 0.18505 2.45031
600 0.173109 0.747195 2.45031
600 -0.505856 -0.223926 2.45031
600 -0.811959 0.643295 2.45031
600 0.482891 -0.247862 2.45031
600 0.480329 0.839195 2.45031
600 0.747144 -0.107305 2.45031
600 0.740366 0.105586 2.45031
600 0.220601 -0.983337 2.45031
600 -0.0322996 -0.901605 2.45031
600 -0.049805 0.570296 2.45031
600 0.948756 -0.150596 2.45031
600 -0.508076 -0.334881 8.73349
600 -0.0615146 0.29605 2.45031
600 0.479176 0.780703 2.45031
600 0.473282 0.384105 2.45031
600 0.732522 -0.00581383 8.73349
600 -0.043115 0.977534 2.45031
600 -0.187298 -0.631123 2.45031
600 -0.398906 0.609685 2.45031
600 -0.066492 -0.953786 2.45031
600 0.0297502 0.713703 2.45031
600 0.485772 -0.342455 2.45031
600 0.216831 0.0731041 2.45031
600 0.0418535 -0.436571 2.45031
600 0.893111 0.163497 2.45031
600 -0.732428 -0.238283 2.45031
600 -0.498566 -0.626593 2.45031
600 0.1093 0.661551 2.45031
600 -0.513112 0.836942 2.45031
600 0.368924 0.509255 2.45031
600 0.0854396 -0.0432471 2.45031
600 0.246189 -0.851657 2.45031
600 0.529927 0.556845 2.45031
600 -0.632498 -0.518988 2.45031
600 0.0282745 -1.01189 2.45031
600 -0.303216 -0.609409 2.45031
600 -0.604075 -0.0961519 2.45031
600 0.290924 -0.508973 2.45031
600 0.769718 -0.461337 2.45031
600 0.55498 0.419725 2.45031
600 0.404652 -0.860676 2.45031
600 0.565185 -0.392859 2.45031
600 0.0541625 -0.00469639 2.45031
600 -0.150832 -0.319448 2.45031
600 -0.0916845 0.392806 2.45031
600 -0.761952 -0.134062 2.45031
600 -0.192522 0.913359 8.73349
600 0.149361 -0.679568 2.45031
600 -0.691337 0.615988 2.45031
600 -0.271148 -0.389309 2.45031
600 -0.910815 -0.123464 2.45031
600 0.168213 0.0639237 2.45031
600 -0.00501426 0.0718279 2.45031
600 -0.160784 0.459527 2.45031
600 0.0682563 0.229088 2.45031
600 -0.0610846 -0.41763 2.45031
600 0.261482 0.776082 2.45031
600 -0.334508 -0.50716 2.45031
600 -0.460795 0.869552 2.45031
600 0.460805 -0.093109 2.45031
600 -0.359117 -0.593677 8.73349
600 -0.231153 0.954275 2.45031
600 -0.0368963 -0.60523 2.45031
600 -0.128948 0.358081 2.45031
600 -0.570218 0.865696 2.45031
600 0.23645 -0.63986 2.45031
600 -0.554318 -0.243104 2.45031
600 -0.374715 0.0991371 2.45031
600 0.736377 -0.508854 2.45031
600 0.0247867 0.0339296 2.45031
600 0.708718 -0.454616 2.45031
600 -0.132818 0.721162 2.45031
600 -0.697635 0.448938 2.45031
600 0.162487 0.200305 2.45031
600 1.00726 -0.125218 8.73349
600 -0.61615 0.043255 2.45031
600 -0.134356 0.817632 2.45031
600 0.0415962 0.0868584 2.45031
600 -0.402272 0.897595 2.45031
600 0.280903 0.132188 8.73349
600 0.0121761 0.868177 2.45031
600 0.071476 -0.17635 2.45031
600 -1.0248 -0.0864669 2.45031
600 -0.148643 -0.887912 2.45031
600 -0.413437 -0.572875 2.45031
600 -0.411075 -0.787443 2.45031
600 0.116242 0.379095 2.45031
600 -0.591364 0.272462 2.45031
600 0.786189 -0.255424 2.45031
600 0.954497 -0.0322231 2.45031
600 -0.076483 0.718387 2.45031
600 0.22921 0.390219 2.45031
600 0.0865442 0.0960952 2.45031
600 0.317761 -0.271116 2.45031
600 -0.255676 0.572006 2.45031
600 -0.479192 0.0154207 8.73349
600 0.86023 0.552558 2.45031
600 0.31266 0.510702 2.45031
600 0.728151 -0.611562 8.73349
600 -0.790779 -0.46236 2.45031
600 -0.227739 -0.986709 8.73349
600 -0.915964 0.0706951 2.45031
600 0.245199 0.305017 2.45031
600 0.0191018 -0.184583 2.45031
600 -0.410645 0.836982 2.45031
600 -0.640977 0.135911 8.73349
600 -0.56337 -0.707943 2.45031
600 -0.186618 -0.774507 2.45031
600 -0.641038 -0.193359 2.45031
600 0.504187 0.608465 2.45031
600 0.510914 0.667966 2.45031
600 0.364714 0.104562 2.45031
600 0.138706 -0.881067 2.45031
600 0.375236 -0.704892 2.45031
600 0.0346354 0.452229 2.45031
600 0.412797 -0.664207 2.45031
600 0.273081 -0.597472 2.45031
600 0.424969 -0.569035 2.45031
600 0.349349 0.4647 2.45031
600 -0.465861 0.338486 2.45031
600 0.304227 -0.847169 2.45031
600 -0.74686 -0.49539 2.45031
600 0.672599 -0.168134 2.45031
600 -0.230499 0.379274 2.45031
600 0.682321 -0.402124 2.45031
600 -0.548271 -0.419864 2.45031
600 -0.948677 0.245287 8.73349
600 -0.0770218 1.03215 8.73349
600 0.876642 -0.196371 2.45031
600 -0.680479 0.241114 2.45031
600 -0.0191114 0.816767 2.45031
600 -0.206466 -0.582996 2.45031
600 -0.0170305 0.466779 2.45031
600 0.701778 -0.555232 8.73349
600 0.657314 -0.351566 2.45031
600 0.691278 0.186807 2.45031
600 -0.238163 0.113746 2.45031
600 -0.625166 0.827611 2.45031
600 0.338601 -0.949286 2.45031
600 -0.868887 0.0359997 2.45031
600 -0.23426 0.619008 2.45031
600 0.838427 -0.15155 2.45031
600 -0.289493 -0.971311 2.45031
600 0.599133 -0.350462 2.45031
600 0.5811 0.290808 2.45031
600 -0.204202 0.56581 2.45031
600 -0.514563 0.900682 2.45031
600 -0.059369 -0.148969 2.45031
600 -0.126988 -0.947101 2.45031
600 0.810981 0.293081 2.45031
600 0.50109 -0.129762 2.45031
600 -0.210641 0.469903 2.45031
600 0.175922 0.248193 2.45031
600 0.212222 0.210031 2.45031
600 0.825447 0.605324 8.73349
600 -0.13537 -0.2266 2.45031
600 0.0619366 -0.715911 2.45031
600 -0.394201 0.278241 2.45031
600 -0.875758 0.420355 2.45031
600 0.33612 -0.744215 2.45031
600 -0.205572 -0.721041 2.45031
600 0.764688 -0.565054 2.45031
600 -0.337153 0.400475 2.45031
600 -0.769741 0.693172 8.73349
600 -0.294683 -0.473582 2.45031
600 -0.587026 -0.186509 2.45031
600 -0.990772 0.29422 2.45031
600 -0.246083 -0.622024 2.45031
600 -0.166865 0.186111 2.45031
600 0.096749 -0.351477 2.45031
600 -0.709282 -0.0605203 2.45031
600 0.951835 -0.35429 8.73349
600 -0.16724 -0.680444 2.45031
600 0.379641 -0.46936 2.45031
600 -0.23421 0.245307 2.45031
600 -0.325732 0.0872387 2.45031
600 -0.965668 -0.107179 2.45031
600 0.508186 -0.869147 2.45031
600 -0.39473 0.145558 2.45031
600 0.616323 0.419048 2.45031
600 -0.209705 1.01516 2.45031
600 -0.631032 -0.798496 2.45031
600 -0.0955174 -0.46061 2.45031
600 1.00957 0.121865 8.73349
600 0.348272 -0.309425 2.45031
600 -0.288209 0.621903 2.45031
600 -0.00176579 -0.564457 2.45031
600 0.625291 -0.643404 2.45031
600 -0.72752 -0.715075 2.45031
600 -0.457562 0.621494 2.45031
600 -0.278253 -0.522577 2.45031
600 0.547287 -0.108448 2.45031
600 0.743408 0.707998 2.45031
600 -0.501741 0.158189 2.45031
600 -0.574309 0.364052 2.45031
600 0.63888 0.106096 2.45031
600 -0.116622 0.174926 2.45031
600 0.981666 -0.252151 2.45031
600 0.548778 -0.259464 2.45031
600 0.908031 -0.255956 2.45031
600 0.733949 0.436385 2.45031
600 -0.853554 -0.458083 8.73349
600 -0.695107 -0.594928 2.45031
600 -0.275503 0.769632 2.45031
600 0.160761 -0.997753 2.45031
600 0.340802 0.555614 2.45031
600 -0.702281 -0.283028 2.45031
600 -0.619616 0.764444 2.45031
600 0.0240188 -0.753936 2.45031
600 -0.597633 -0.337859 2.45031
600 -0.0786535 -0.370591 2.45031
600 -0.00429549 0.41675 8.73349
600 0.353191 -0.653655 2.45031
600 -0.273571 0.998684 8.73349
600 0.151836 0.0153089 2.45031
600 0.621343 0.679219 2.45031
600 0.583442 0.0432483 2.45031
600 -0.0184143 -0.283138 2.45031
600 -0.163691 0.32009 2.45031
600 0.349032 0.323178 2.45031
600 0.996918 -0.190598 2.45031
600 0.31441 0.363382 2.45031
600 -0.279534 -0.198661 2.45031
600 -0.572947 -0.77209 2.45031
600 -0.905039 -0.347195 2.45031
600 -0.77161 -0.37294 2.45031
600 0.532308 0.0265085 8.73349
600 0.764597 0.491112 2.45031
600 0.417852 -0.433799 2.45031
600 -0.0778044 -0.509647 2.45031
600 0.386386 0.282478 8.73349
600 -0.659349 0.491927 2.45031
600 0.529667 0.469279 2.45031
600 -0.692273 0.149886 2.45031
600 0.285507 -0.00597142 2.45031
600 -0.119523 -0.276653 2.45031
600 0.250698 0.0332902 2.45031
600 0.0739018 -0.620347 2.45031
600 0.439139 -0.479394 8.73349
600 0.40002 0.331896 2.45031
600 0.727918 0.226642 2.45031
600 0.195956 0.539893 2.45031
600 -0.412996 0.192466 2.45031
600 0.601832 -0.740916 2.45031
600 0.569681 0.714905 2.45031
600 0.225216 -0.374459 2.45031
600 -0.605528 -0.23381 2.45031
600 0.658693 -0.0736597 2.45031
600 0.198412 -0.874496 2.45031
600 -0.0681675 0.478567 2.45031
600 0.563449 0.661516 2.45031
600 -0.403825 0.769484 2.45031
600 -0.0890014 -0.23465 2.45031
600 0.215704 -0.589239 8.73349
600 0.777845 0.208051 2.45031
600 -0.840955 0.270585 2.45031
600 -0.498957 0.442909 2.45031
600 0.280472 -0.969377 8.73349
600 0.645927 0.574546 2.45031
600 -0.587771 -0.0451739 2.45031
600 -0.257701 0.0287663 2.45031
600 0.764118 0.390585 2.45031
600 -0.72267 -0.00163615 2.45031
600 -0.205976 -0.876819 2.45031
600 -0.537771 0.260452 2.45031
600 0.253326 -0.550629 2.45031
600 0.128686 0.609616 2.45031
600 0.402221 -0.518787 2.45031
600 -0.400331 -0.630099 2.45031
600 -0.322297 -0.376072 2.45031
600 0.124409 0.237329 8.73349
600 0.574145 -0.00706821 2.45031
600 -0.412182 -0.384875 2.45031
600 0.428807 -0.254208 2.45031
600 0.175737 -0.158545 2.45031
600 -0.266927 0.340681 2.45031
600 -0.462417 -0.254088 2.45031
600 -0.0968661 0.260139 2.45031
600 0.178635 -0.932627 2.45031
600 -0.916963 -0.0588029 2.45031
600 -0.675984 -0.0208638 2.45031
600 -0.00481608 -0.957669 2.45031
600 -0.658588 -0.414644 2.45031
600 0.102914 0.00588145 2.45031
600 0.589567 0.776682 2.45031
600 -0.131265 -0.502002 2.45031
600 0.710123 0.285812 2.45031
600 0.46004 -0.295871 2.45031
600 -0.884672 -0.246661 2.45031
600 0.770854 -0.0547943 2.45031
600 -0.449165 -0.0767295 2.45031
600 -0.131461 0.919616 2.45031
600 0.649406 -0.448722 2.45031
600 -0.178887 0.512601 2.45031
600 -0.827707 0.533061 2.45031
600 -0.037811 -1.01127 2.45031
600 -0.00882871 0.280873 8.73349
600 0.497791 -0.482895 8.73349
600 0.835091 -0.0429252 2.45031
600 -0.552087 -0.305559 2.45031
600 -0.152842 -0.0482167 2.45031
600 0.431833 -0.343262 2.45031
600 -0.188928 0.101362 2.45031
600 0.227602 0.733216 2.45031
600 -0.379433 0.56054 2.45031
600 0.455819 -0.837364 2.45031
600 -0.374377 0.363806 2.45031
600 0.234172 -0.505093 8.73349
600 0.0132383 0.367872 2.45031
600 0.302204 -0.326526 2.45031
600 -0.377797 -0.830317 2.45031
600 0.611842 0.621028 2.45031
600 0.590532 0.561612 2.45031
600 -0.0736248 0.621988 2.45031
600 0.435698 0.742929 2.45031
600 0.0938029 0.273564 2.45031
600 -0.91844 0.00588597 2.45031
600 0.445762 -0.206545 2.45031
600 0.497461 0.321067 2.45031
600 -0.106872 0.441229 2.45031
600 -0.47303 -0.898783 8.73349
600 0.694119 -0.113776 2.45031
600 0.588523 0.464474 2.45031
600 0.416117 0.118519 8.73349
600 -0.0812814 0.212714 8.73349
600 -0.323211 0.22004 2.45031
600 -0.136292 0.535531 2.45031
600 -0.788543 0.260924 2.45031
600 0.461065 0.635568 2.45031
600 -0.365342 -0.739977 2.45031
600 -0.50505 0.650588 2.45031
600 0.01774 -0.389596 2.45031
600 -0.416481 -0.276484 2.45031
600 0.00432118 -0.327419 2.45031
600 0.134657 0.103943 2.45031
600 0.298208 0.312971 2.45031
600 -0.464398 -0.306042 2.45031
600 -0.239271 -0.485284 2.45031
600 0.855415 -0.0951437 2.45031
600 0.428488 0.938708 8.73349
600 -0.677394 0.785182 2.45031
600 -0.552901 0.457261 2.45031
600 -0.643232 -0.0604674 2.45031
600 -1.02554 0.105714 8.73349
600 -0.686345 -0.510272 2.45031
600 -0.272654 -0.249126 2.45031
600 0.299919 0.0430181 2.45031
600 -0.843933 -0.206903 2.45031
600 0.266654 0.489421 2.45031
600 -0.484657 -0.562562 2.45031
600 -0.466725 -0.830334 2.45031
600 -0.751025 0.148255 2.45031
600 -0.555167 0.676527 2.45031
600 0.726397 -0.161145 2.45031
600 -0.71228 0.104671 2.45031
600 0.376445 -0.347202 2.45031
600 -0.0962823 0.0784191 2.45031
600 0.742348 -0.407946 2.45031
600 0.114021 1.02668 8.73349
600 0.508991 -0.390398 2.45031
600 -0.512819 0.77695 2.45031
600 -0.666307 0.339122 2.45031
600 0.33861 0.709513 2.45031
600 0.637102 0.0564259 2.45031
600 -0.269879 0.20916 2.45031
600 -0.674976 0.553479 2.45031
600 -0.026819 0.33123 2.45031
600 0.603492 -0.256994 2.45031
600 -0.201953 -0.446056 2.45031
600 0.424642 0.244161 2.45031
600 -0.842032 -0.359093 2.45031
600 -0.319222 -0.083838 2.45031
600 0.869764 0.280178 2.45031
600 0.088242 0.42755 2.45031
600 0.154218 0.510461 2.45031
600 0.601115 -0.0910225 2.45031
600 -0.0485106 0.766004 2.45031
600 -0.814969 -0.409157 2.45031
600 0.215449 0.634693 8.73349
600 -0.404729 -0.4405 2.45031
600 -0.422414 -0.864223 2.45031
600 -0.502246 0.300036 2.45031
600 0.212409 0.488205 2.45031
600 -0.0727191 -0.792462 2.45031
600 0.197564 0.956111 2.45031
600 -0.483282 0.389304 2.45031
600 0.33113 0.142759 2.45031
600 -0.418388 -0.729165 2.45031
600 -0.907143 0.36835 2.45031
600 0.176904 1.01734 2.45031
600 -0.943923 -0.229506 2.45031
600 -0.818558 0.00441759 2.45031
600 -0.422738 0.660841 2.45031
600 -0.289878 0.124698 2.45031
600 0.150762 -0.442946 2.45031
600 0.217877 0.895544 2.45031
600 -0.406928 0.0611479 2.45031
600 0.279055 -0.744266 2.45031
600 -0.18332 -0.226711 2.45031
600 -0.646556 0.284062 2.45031
600 -0.900109 -0.185822 2.45031
600 0.912005 0.327032 2.45031
600 0.790034 0.15094 2.45031
600 -0.535553 0.112754 2.45031
600 0.923295 0.439539 8.73349
600 0.876985 -0.303416 2.45031
600 0.0964901 0.142315 2.45031
600 -0.0874637 -0.188387 2.45031
600 0.738868 0.0490567 8.73349
600 -0.448745 0.153215 2.45031
600 -0.729909 0.571278 2.45031
600 0.297243 0.181105 2.45031
600 0.101577 0.522039 2.45031
600 0.279878 0.403896 2.45031
600 -0.619827 -0.734488 2.45031
600 -0.308015 0.041816 2.45031
600 -0.0913342 -0.740121 2.45031
600 0.539625 -0.34416 2.45031
600 -0.534048 0.550715 2.45031
600 0.829185 -0.575308 2.45031
600 -0.488578 -0.169613 2.45031
600 -0.802596 -0.168399 2.45031
600 0.170367 -0.379225 2.45031
600 -0.570894 0.512552 2.45031
600 -0.563333 0.0652893 2.45031
600 -0.965873 0.126839 2.45031
600 0.466997 -0.680312 2.45031
600 -0.253703 0.161205 2.45031
600 0.102522 0.915354 2.45031
600 -0.368635 -0.0956834 2.45031
600 0.612051 0.250427 2.45031
600 0.882348 0.222432 2.45031
600 -0.163655 0.866523 2.45031
600 0.408949 0.475195 8.73349
600 -0.866039 -0.0856324 2.45031
600 0.64196 -0.221682 2.45031
600 0.0652071 -0.482289 2.45031
600 -0.363419 -0.408223 2.45031
600 -0.428861 0.0201734 2.45031
600 0.28862 0.562771 2.45031
600 -0.111207 -0.839536 2.45031
600 -0.712574 0.509254 2.45031
600 0.89295 0.497985 2.45031
600 -0.666085 -0.695411 2.45031
600 -0.105341 0.768158 2.45031
600 -0.295928 -0.00808801 2.45031
600 -0.823032 -0.262372 2.45031
600 -0.32035 0.352022 2.45031
600 0.613388 0.333678 2.45031
600 -0.988799 -0.27502 2.45031
600 -0.128725 0.625614 8.73349
600 0.263986 0.35253 2.45031
600 -0.556289 -0.643859 8.73349
600 -0.802168 0.170123 2.45031
600 0.464983 -0.043029 2.45031
600 -0.756447 0.309044 2.45031
600 -0.869016 -0.0246877 2.45031
600 0.560875 -0.0567031 2.45031
600 0.227669 0.257703 2.45031
600 0.648359 0.79808 2.45031
600 0.694776 -0.309499 2.45031
600 0.167658 0.464726 2.45031
600 0.893316 -0.356531 2.45031
600 0.109089 -0.824781 2.45031
600 0.84663 0.0692807 2.45031
600 -0.515509 0.496354 2.45031
600 -0.28348 -0.338299 2.45031
600 -0.724809 0.740163 2.45031
600 0.801582 -0.410421 8.73349
600 0.0508295 1.03223 8.73349
600 -0.476932 0.533964 2.45031
600 0.396299 -0.927316 2.45031
600 -0.447827 0.289249 2.45031
600 -0.173133 0.0507102 2.45031
600 -0.141562 0.0893648 2.45031
600 0.0778207 0.973502 2.45031
600 0.482517 -0.574887 2.45031
600 -0.708537 0.677871 2.45031
600 -0.439681 -0.528771 2.45031
600 -0.4364 0.56987 2.45031
600 -0.514528 0.717163 2.45031
600 -0.582917 -0.499176 2.45031
600 -0.102358 0.671755 2.45031
600 -0.218584 -0.397937 2.45031
600 0.633315 0.735911 2.45031
600 0.741108 0.328934 2.45031
600 -0.784018 -0.219392 2.45031
600 -0.773401 -0.667374 8.73349
600 -0.190367 -0.179026 2.45031
600 -0.71489 -0.11377 8.73349
600 0.044982 -0.351566 2.45031
600 -0.57215 0.21968 2.45031
600 -0.409774 0.463533 2.45031
600 0.664792 -0.59988 2.45031
600 0.681694 0.69443 2.45031
600 -0.0152392 -0.798256 2.45031
600 -0.125779 0.0367143 2.45031
600 0.411159 -0.0634166 8.73349
600 -0.271274 -0.103638 2.45031
600 0.269109 0.61985 2.45031
600 0.561555 0.512338 2.45031
600 0.372183 -0.0323998 8.73349
600 0.385965 0.0173425 2.45031
600 0.0123562 0.233147 2.45031
600 -0.262507 0.476982 2.45031
600 -0.445937 -0.663089 2.45031
600 0.590356 -0.442249 2.45031
600 -0.232271 -0.214882 2.45031
600 0.576994 -0.209207 2.45031
600 0.950383 0.143916 2.45031
600 -0.0463846 -0.328333 2.45031
600 0.271319 -0.462559 2.45031
600 0.0955258 -1.00726 8.73349
600 -0.31984 0.665967 2.45031
600 0.00227223 -0.0119205 2.45031
600 0.172693 -0.734173 2.45031
600 -0.30726 0.818348 2.45031
600 0.021286 0.186583 2.45031
600 -0.39393 0.959073 2.45031
600 0.300038 0.452899 2.45031
600 0.861368 -0.412454 2.45031
600 0.988547 0.24853 8.73349
600 -0.41394 -0.928046 8.73349
600 -0.732798 0.253665 8.73349
600 -0.770367 0.209973 2.45031
600 0.350082 0.190921 8.73349
600 0.795827 0.547036 2.45031
600 0.120428 -0.486826 8.73349
600 0.557238 0.607123 2.45031
600 0.316694 -0.79454 2.45031
600 0.321122 -0.044302 2.45031
600 -0.186602 -0.937326 2.45031
600 -0.328476 -0.697961 2.45031
600 0.460263 0.20819 2.45031
600 -0.179471 0.369372 2.45031
600 -0.259914 -0.297294 2.45031
600 0.23742 -0.920126 2.45031
600 -0.376933 0.230476 2.45031
600 0.249163 -0.099758 2.45031
600 0.899375 0.103949 2.45031
600 0.145958 -0.120048 2.45031
600 -0.644663 0.432277 2.45031
600 -0.34074 0.136796 2.45031
600 0.498272 0.513506 2.45031
600 -0.483083 0.11105 2.45031
600 -0.316566 0.484867 2.45031
600 -0.512183 0.0654793 2.45031
600 0.955587 0.0836031 2.45031
600 0.629254 0.00745324 2.45031
600 0.467259 0.471911 2.45031
600 0.332774 -0.37168 2.45031
600 0.59157 0.195552 2.45031
600 -0.129667 -0.7848 2.45031
600 -0.235067 -0.0696124 2.45031
600 -0.0787097 0.0273412 2.45031
600 -0.582169 0.130326 2.45031
600 0.119621 0.0551615 8.73349
600 -0.351534 -0.95248 8.73349
600 0.453914 -0.902471 2.45031
600 0.639487 0.156176 2.45031
600 0.268561 -0.0531725 2.45031
600 -0.857289 0.156483 2.45031
600 -0.131884 0.223039 2.45031
600 0.863221 -0.523929 2.45031
600 -0.142715 1.0266 8.73349
600 0.502434 -0.625906 2.45031
600 -0.545584 0.613359 2.45031
600 0.0444765 0.920444 2.45031
600 0.923238 -0.414109 8.73349
600 0.0516456 -0.223515 2.45031
600 0.686223 0.026656 2.45031
600 0.847538 -0.250211 2.45031
600 -0.0428907 -0.237283 2.45031
600 0.22494 -0.742203 2.45031
600 0.831277 -0.466124 8.73349
600 -0.0932595 -0.598144 2.45031
600 0.479263 0.00662876 2.45031
600 -0.664728 0.721514 2.45031
600 -0.0207551 0.61376 2.45031
600 -0.141294 -0.18002 2.45031
600 0.756138 -0.207967 2.45031
600 0.165748 -0.071872 2.45031
600 -0.363589 -0.891166 2.45031
600 0.210588 0.344201 2.45031
600 0.325707 -0.464898 2.45031
600 -0.629298 0.378198 8.73349
600 0.0416107 0.27069 2.45031
600 -0.0334477 -0.190739 2.45031
600 -0.809399 0.117531 2.45031
600 -0.340443 0.267373 2.45031
600 0.481179 -0.741001 2.45031
600 0.258304 -0.797743 2.45031
600 0.934057 -0.206458 2.45031
600 0.439377 0.518604 2.45031
600 -0.537908 -0.474053 2.45031
600 0.0859818 -0.769665 2.45031
600 0.239949 0.8354 2.45031
600 0.754952 -0.306728 2.45031
600 0.487795 0.115998 2.45031
600 -0.188159 0.722101 2.45031
600 -0.970955 0.0687383 2.45031
600 -0.148499 -0.454027 2.45031
600 0.275578 -0.139875 2.45031
600 -0.17294 -0.135671 2.45031
600 0.122989 -0.949037 2.45031
600 0.0270314 -0.904845 8.73349
600 0.314781 0.0929367 2.45031
600 -0.552361 -0.364868 2.45031
600 -0.944822 -0.39663 8.73349
600 -0.25587 -0.437117 8.73349
600 -0.881017 -0.404161 2.45031
600 -0.101275 0.12692 2.45031
600 0.0611508 0.762412 2.45031
600 0.60302 -0.589386 2.45031
600 0.250104 -0.41763 2.45031
600 -0.429611 0.106782 2.45031
600 0.313647 -0.694228 2.45031
600 0.490761 0.0580938 2.45031
600 -0.222456 -0.119959 2.45031
600 -0.198752 0.282316 2.45031
600 -0.0151419 -0.0559689 2.45031
600 0.00408317 -0.85086 2.45031
600 -0.802982 -0.321 2.45031
600 -0.388528 -0.00594219 8.73349
600 -0.392017 0.412876 2.45031
600 -0.597313 -0.28283 2.45031
600 0.696116 0.754461 2.45031
600 0.0812454 -0.260761 2.45031
600 0.42436 0.801216 2.45031
600 0.508274 -0.0740277 8.73349
600 -0.264119 0.67011 2.45031
600 -0.182768 0.234081 2.45031
600 0.293146 -0.645481 2.45031
600 0.0941247 -0.129586 2.45031
600 0.0040702 0.658722 2.45031
600 0.389325 0.844236 8.73349
600 0.595621 0.839077 2.45031
600 0.392379 0.699679 2.45031
600 -0.299166 0.436726 2.45031
600 -0.60826 0.7002 2.45031
600 -0.415106 -0.113263 2.45031
600 -0.930253 0.307271 2.45031
600 0.675429 -0.500996 2.45031
600 0.4247 -0.01466 2.45031
600 -0.460102 0.748757 2.45031
600 0.365282 0.965951 2.45031
600 -0.0393451 0.379667 2.45031
600 0.128306 -0.627516 2.45031
600 -0.645907 -0.306135 2.45031
600 -0.165417 -0.998534 2.45031
600 0.372296 -0.262085 2.45031
600 -0.198443 -0.0339993 8.73349
600 0.302541 -0.0900096 2.45031
600 -0.650952 0.65902 2.45031
600 -0.225266 -0.817867 2.45031
600 0.512901 -0.294996 2.45031
600 -0.031506 0.518304 2.45031
600 -0.28705 0.256405 2.45031
600 0.141744 0.559109 2.45031
600 -0.113194 -0.55032 8.73349
600 -0.0575518 -0.557369 2.45031
600 -0.214837 0.3306 2.45031
600 -0.364829 -0.250529 2.45031
600 -0.0514631 0.118202 2.45031
600 0.509017 0.222569 2.45031
600 -0.766793 -0.278677 2.45031
600 0.280429 0.26635 2.45031
600 -0.551031 0.169794 2.45031
600 0.814693 -0.203843 2.45031
600 0.269715 -0.282175 2.45031
600 -0.0219305 0.713713 2.45031
600 0.955346 0.0246212 2.45031
600 0.688933 -0.656204 2.45031
600 0.460934 -0.526262 2.45031
600 -0.318408 -0.558096 8.73349
600 0.494255 0.16724 2.45031
600 0.554335 -0.781038 2.45031
600 -0.281553 0.52623 2.45031
600 -0.65534 -0.254255 2.45031
600 -0.147763 0.271266 2.45031
600 -0.872601 0.32015 2.45031
600 -0.346685 -0.0446338 2.45031
600 -0.590228 0.41737 2.45031
600 -0.600718 -0.395128 2.45031
600 -0.051265 0.0709919 2.45031
600 -0.859859 0.474902 2.45031
600 -0.686286 0.393247 2.45031
600 0.675697 0.527829 2.45031
600 -0.313573 -0.278284 2.45031
600 0.752805 -0.671615 2.45031
600 -0.521493 -0.805877 2.45031
600 0.540284 -0.167484 8.73349
600 0.0638056 -0.853947 8.73349
600 -0.926648 -0.289735 2.45031
600 0.331783 0.864144 2.45031
600 0.52696 0.27924 2.45031
600 -0.167474 0.969863 2.45031
600 0.00387615 -0.232173 2.45031
600 -0.32785 -0.130578 2.45031
600 -0.0124026 -0.42849 2.45031
600 -0.624726 -0.00818572 2.45031
600 0.453531 -0.389248 2.45031
600 -0.789405 0.584066 2.45031
600 0.194289 -0.419396 2.45031
600 -0.0907695 -0.89608 2.45031
600 -0.396092 -0.494291 2.45031
600 0.698758 -0.214469 2.45031
600 -0.185101 -0.494323 2.45031
600 0.194901 0.690917 2.45031
600 -0.749373 -0.425372 2.45031
600 -0.702685 -0.453657 2.45031
600 -0.0538743 -0.846233 2.45031
600 -0.768787 0.0332774 2.45031
600 0.239555 1.00414 2.45031
600 0.181773 0.593011 2.45031
600 0.216692 -0.0622687 2.45031
600 -0.0776312 0.344588 2.45031
600 0.0491439 0.543616 2.45031
600 0.51947 -0.0238388 2.45031
600 -0.489057 -0.504771 2.45031
600 0.417512 0.38272 8.73349
600 -0.341861 0.920516 2.45031
600 -0.319762 -0.847877 2.45031
600 -0.371098 -0.298648 2.45031
600 -0.767677 0.525057 2.45031
600 0.368329 -0.820136 2.45031
600 0.727124 -0.259916 2.45031
600 0.8531 0.338588 2.45031
600 -0.341918 0.00242853 2.45031
600 -0.302696 -0.747382 2.45031
600 -0.341243 -0.788594 2.45031
600 0.281825 0.718809 2.45031
600 -0.149777 -0.590936 2.45031
600 -0.327901 -0.179297 2.45031
600 -0.281687 -0.148995 2.45031
600 -0.68881 -0.212947 2.45031
600 0.30444 -0.417509 2.45031
600 0.949883 0.37706 8.73349
600 0.182791 0.113112 2.45031
600 0.0719271 0.0456037 2.45031
600 0.447458 -0.62168 2.45031
600 -0.322375 -0.228451 2.45031
600 -0.536361 0.403485 2.45031
600 -0.804235 0.47523 2.45031
600 -0.817207 0.0617854 2.45031
600 -0.852154 0.590117 2.45031
600 -0.607352 0.472865 2.45031
600 0.499783 -0.798426 8.73349
600 0.90013 0.0453034 2.45031
600 0.301054 0.664525 2.45031
600 0.38026 0.755272 2.45031
600 0.250143 -0.328988 2.45031
600 0.124178 -0.167276 2.45031
600 -0.194728 0.419275 2.45031
600 0.3901 -0.612048 2.45031
600 -0.264776 -0.708537 2.45031
600 -0.144369 0.408056 2.45031
600 0.0183732 0.504476 2.45031
600 0.263127 0.219388 2.45031
600 -0.0297885 0.20527 2.45031
600 -0.24404 -0.761646 2.45031
600 -0.0991215 -0.324258 2.45031
600 0.0425081 -0.137866 2.45031
600 -0.0827984 0.528129 2.45031
600 -0.229254 0.520564 2.45031
600 0.0678409 0.315083 8.73349
600 -0.864457 0.0969889 2.45031
600 -0.361723 0.0463599 2.45031
600 0.488545 -0.183387 2.45031
600 0.450273 0.0857878 2.45031
600 0.799118 -0.516922 2.45031
600 -0.243277 0.721629 2.45031
600 -0.23484 -0.348815 2.45031
600 0.587574 0.1432 2.45031
600 -0.570945 -0.137293 2.45031
600 -0.754514 -0.606671 2.45031
600 0.196339 0.161372 2.45031
600 0.781952 -0.154484 2.45031
600 0.142651 0.286685 2.45031
600 -0.196427 0.824642 2.45031
600 -0.465787 -0.772546 2.45031
600 0.763462 0.269552 2.45031
600 -0.423377 -0.165572 2.45031
600 0.231619 0.122277 2.45031
600 0.0934422 0.810126 2.45031
600 -0.206737 0.015212 2.45031
600 -0.371087 -0.353926 2.45031
600 0.316796 0.925389 2.45031
600 -0.157646 0.579338 2.45031
600 0.203178 -0.686634 2.45031
600 0.436273 -0.785727 2.45031
600 0.107845 -0.57734 2.45031
600 0.0144146 -0.0977683 2.45031
600 -0.85676 -0.146358 2.45031
600 -0.138977 -0.101809 2.45031
600 0.0035652 -0.703855 8.73349
600 -0.717969 0.196974 2.45031
600 1.01373 0.0591834 8.73349
600 -0.609669 0.0913424 2.45031
600 0.399481 0.0672597 2.45031
600 -0.527461 0.0171339 2.45031
600 -0.219398 0.77291 2.45031
600 0.81552 -0.302895 2.45031
600 -0.463757 -0.127485 2.45031
600 -0.520441 -0.130788 2.45031
600 -0.42099 0.519706 2.45031
600 -0.664114 -0.104935 2.45031
600 -0.411353 0.326936 2.45031
600 -0.503433 -0.390624 2.45031
600 -0.0688535 -0.283047 2.45031
600 0.940984 0.204733 2.45031
600 -0.679863 -0.758073 8.73349
600 0.718004 -0.357142 2.45031
600 0.182291 -0.634142 2.45031
600 -0.0533504 -0.0151175 2.45031
600 0.584339 -0.143244 2.45031
600 -0.284783 -0.0528085 8.73349
600 -0.0272862 -0.373739 2.45031
600 -1.01596 0.168387 2.45031
600 -0.328817 -0.322979 2.45031
600 0.234008 0.582068 2.45031
600 0.58688 0.0929454 2.45031
600 0.64526 0.29206 2.45031
600 0.536113 0.815292 2.45031
600 -0.737361 -0.180672 2.45031
600 1.01127 -0.0630926 8.73349
600 -0.43949 -0.0279786 2.45031
600 -0.645494 -0.364228 2.45031
600 -0.110246 -0.689035 2.45031
600 0.324247 -0.131935 8.73349
600 0.302156 0.987031 2.45031
600 -0.556317 0.312019 2.45031
600 -0.31139 -0.426468 2.45031
600 0.95033 -0.299279 8.73349
600 0.31599 0.2285 2.45031
600 0.616614 -0.0414204 2.45031
600 -0.849867 -0.565959 8.73349
600 0.103388 -0.213788 2.45031
600 0.352949 0.653886 2.45031
600 0.43842 0.0346387 2.45031
600 0.475332 -0.435822 2.45031
600 -0.525058 -0.867841 2.45031
600 0.160349 0.907047 2.45031
600 -0.56542 0.741506 2.45031
600 0.36806 -0.562093 2.45031
600 -0.584703 0.574583 2.45031
600 -0.22241 0.0642095 2.45031
600 0.550706 0.331478 2.45031
600 -0.72418 -0.548297 2.45031
600 -0.344699 -0.64673 2.45031
600 -0.647499 -0.56961 2.45031
600 0.155215 -0.206103 2.45031
600 -0.567691 0.80335 2.45031
600 -0.466566 0.200616 2.45031
600 0.357342 -0.0806528 2.45031
600 -0.495928 0.586696 2.45031
600 -0.534055 -0.5329 2.45031
600 -0.973103 0.011048 2.45031
600 0.255975 -0.189413 2.45031
600 -0.129835 -0.639321 2.45031
600 -0.358356 0.716901 2.45031
600 0.0217183 0.321028 2.45031
600 -0.0452226 0.868903 2.45031
600 -0.104533 0.975356 2.45031
600 -0.651669 -0.634032 2.45031
600 0.0648878 -0.0907957 2.45031
600 0.366586 0.373959 2.45031
600 -0.709178 -0.388661 2.45031
600 0.161868 -0.583413 2.45031
600 -0.537773 -0.588296 8.73349
600 0.0743041 0.61977 2.45031
600 -0.282869 0.388715 2.45031
600 -0.586033 -0.556462 2.45031
600 0.521412 -0.676653 2.45031
600 0.296022 0.819565 2.45031
600 -0.96881 -0.336702 8.73349
600 0.573396 -0.304411 2.45031
600 0.35713 -0.42 2.45031
600 0.822797 0.239243 2.45031
600 0.286877 -0.230461 2.45031
600 0.184369 -0.0237977 2.45031
600 -0.761888 -0.077352 2.45031
600 -0.376006 -0.148102 2.45031
600 0.247784 0.532851 2.45031
600 -0.411464 0.715646 2.45031
600 -0.763569 0.0901017 2.45031
600 0.141268 0.703676 2.45031
600 0.247928 0.675909 2.45031
600 0.690216 0.0787929 2.45031
600 0.0693468 0.864725 2.45031
600 0.792704 0.0967689 8.73349
600 0.317759 0.761152 2.45031
600 0.0675121 0.48618 2.45031
600 0.338686 -0.223321 2.45031
600 -0.121329 0.488932 8.73349
600 -0.495198 -0.445964 8.73349
600 -0.245515 -0.0191977 2.45031
600 -0.0349973 -0.103297 2.45031
600 -0.483618 0.250614 2.45031
600 -0.398154 -0.057172 2.45031
600 0.126391 0.858229 2.45031
600 0.520216 -0.531162 2.45031
600 -0.489379 -0.0344672 2.45031
600 0.535625 -0.728474 2.45031
600 -0.953548 0.185443 2.45031
600 0.193151 0.29617 2.45031
600 -0.37303 0.499955 8.73349
600 0.827902 0.496762 8.73349
600 -0.910488 0.134624 2.45031
600 -0.0723094 0.921946 2.45031
600 0.0587188 -0.957405 2.45031
600 -0.113055 0.308574 2.45031
600 0.429349 0.591393 2.45031
600 0.64696 -0.699309 2.45031
600 -0.889054 0.532123 2.45031
600 -0.357383 0.315267 2.45031
600 0.306224 -0.181662 2.45031
600 -0.235054 0.879673 2.45031
600 -0.272697 0.0776301 2.45031
600 -0.201918 0.149824 2.45031
600 0.244467 0.443283 2.45031
600 0.537148 0.129201 2.45031
600 0.33558 0.00444395 2.45031
600 0.165544 -0.29215 2.45031
600 0.0474303 0.404696 2.45031
600 0.795816 0.443258 2.45031
600 -0.606651 0.178272 2.45031
600 -0.944697 0.416362 8.73349
600 0.640224 -0.545587 2.45031
600 0.246357 0.171098 2.45031
600 0.172239 0.383032 2.45031
600 0.776551 -0.356726 2.45031
600 -1.00659 0.229657 2.45031
600 -0.33628 0.534179 2.45031
600 -0.168269 -0.830134 2.45031
600 -0.608187 -0.672135 2.45031
600 -0.691156 -0.337954 2.45031
600 -0.446579 -0.472908 2.45031
600 -0.627068 -0.143521 2.45031
600 0.409256 0.195056 8.73349
600 0.113405 0.328901 2.45031
600 0.0663796 0.18251 2.45031
600 -0.292096 0.874886 2.45031
600 -0.102206 -1.00669 8.73349
600 -0.599757 -0.608609 2.45031
600 0.47179 0.562327 2.45031
600 0.888606 0.388153 8.73349
600 0.333318 0.41277 2.45031
600 -0.00846388 -0.145168 2.45031
600 0.630778 -0.304026 2.45031
600 -0.186762 -0.0856262 2.45031
600 0.00115654 0.559613 2.45031
600 0.146259 0.152205 2.45031
600 0.826671 0.393559 8.73349
600 0.0527309 0.665147 2.45031
600 0.112818 0.191846 2.45031
600 -0.388363 -0.683541 2.45031
600 0.664061 -0.760195 2.45031
600 -0.574737 0.0100524 2.45031
600 -0.109221 -0.0614215 2.45031
600 -0.204674 -0.310455 2.45031
600 0.143804 -0.339292 2.45031
600 0.218311 -0.286582 2.45031
600 0.439666 0.292767 8.73349
600 0.620111 0.514748 2.45031
600 0.000408451 0.118291 2.45031
600 1.01434 -0.00207984 8.73349
600 -0.89308 0.255665 2.45031
600 0.11712 -0.724246 2.45031
600 -0.0669775 0.165529 2.45031
600 -0.0850009 -0.105856 2.45031
600 0.115529 -0.0820934 2.45031
600 0.414671 -0.110892 2.45031
600 -0.303802 0.30399 2.45031
600 0.83411 -0.35637 2.45031
600 -0.286744 -0.660169 2.45031
600 -0.81427 -0.615403 2.45031
600 -0.262511 -0.572348 2.45031
600 -0.622258 0.533939 2.45031
600 -0.0536302 -0.696291 2.45031
600 0.257141 0.942308 8.73349
600 -0.454545 -0.202911 2.45031
600 -0.78037 0.367605 2.45031
600 0.452547 0.339997 2.45031
600 0.582817 0.37563 8.73349
600 -0.685031 -0.157756 2.45031
600 0.0175465 0.977103 2.45031
600 0.0871237 -0.52895 2.45031
600 -0.812617 -0.108593 2.45031
600 -0.165695 -0.406375 2.45031
600 -0.211615 0.671822 2.45031
600 -0.0731902 -0.646661 2.45031
600 0.523157 0.373893 2.45031
600 -0.885427 -0.512642 2.45031
600 0.397433 -0.389469 8.73349
600 -0.59697 0.637324 2.45031
600 0.0440727 -0.8037 2.45031
600 -0.26288 -0.863115 2.45031
600 0.134589 -0.0332383 8.73349
600 -0.520086 0.350934 2.45031
600 0.206167 0.790889 2.45031
600 0.540165 0.87504 2.45031
600 0.558626 0.2378 2.45031
600 0.787139 0.657467 2.45031
600 0.559591 -0.839912 2.45031
600 0.234822 -0.014837 2.45031
600 0.971893 0.312727 2.45031
600 -0.71652 0.0523686 2.45031
600 0.646975 0.375528 2.45031
600 -0.102344 0.578044 8.73349
600 -0.89629 0.197996 2.45031
600 0.791635 0.0444828 2.45031
600 0.173775 -0.490473 2.45031
600 0.371285 -0.126754 2.45031
600 -0.235839 -0.164278 2.45031
600 -0.95697 -0.168346 2.45031
600 0.0293894 0.602067 2.45031
600 -0.0477677 0.667258 2.45031
600 0.265661 0.0825703 2.45031
600 0.274995 0.881026 2.45031
600 0.709141 0.378012 2.45031
600 -1.01658 -0.149586 8.73349
600 0.349825 -0.88419 2.45031
600 -0.0343415 -0.746846 2.45031
600 0.642247 0.207657 2.45031
600 0.639856 -0.125471 8.73349
600 0.311008 -0.556237 2.45031
600 -1.00471 -0.212521 2.45031
600 -0.299329 0.716396 2.45031
600 0.579733 -0.537664 2.45031
600 -0.304219 -0.909036 2.45031
600 0.563388 -0.632419 2.45031
600 0.614801 -0.802386 2.45031
600 -0.310262 0.57547 2.45031
600 0.0692643 0.363603 8.73349
600 -0.453467 -0.415866 2.45031
600 0.702876 0.587419 2.45031
600 0.372127 0.234175 8.73349
600 -0.817376 -0.0527657 2.45031
600 0.844114 0.0126967 2.45031
600 -0.373846 -0.197327 2.45031
600 0.349312 0.0542062 2.45031
600 -0.168952 -0.273022 2.45031
600 0.392805 -0.215743 2.45031
600 -0.351206 0.862978 2.45031
600 -0.282535 -0.803361 2.45031
600 -0.511058 -0.277051 2.45031
600 -0.0548986 0.429099 2.45031
600 0.738961 0.163282 2.45031
600 0.334755 0.273824 2.45031
600 -0.22569 -0.670304 2.45031
600 -0.184183 0.623493 2.45031
600 -0.112798 -0.413159 2.45031
600 0.12499 -0.396869 2.45031
