655 0.195698 -0.539347 2.45031
655 -0.367668 0.660424 2.45031
655 -0.4513 -0.605673 8.73349
655 0.951283 -0.092258 2.45031
655 -0.167961 -0.541922 2.45031
655 0.928669 0.265304 8.73349
655 -0.359321 0.183326 2.45031
655 -0.412756 -0.227899 2.45031
655 -0.183314 -0.357244 8.73349
655 -0.158487 0.00236495 2.45031
655 0.899968 -0.0669478 2.45031
655 0.166457 -0.829332 2.45031
655 -0.345646 0.608904 2.45031
655 0.487629 0.906729 8.73349
655 -0.0209238 0.159089 2.45031
655 0.67942 0.332559 2.45031
655 -0.842004 0.3718 2.45031
655 0.69053 0.131915 2.45031
655 -0.784131 -0.553662 2.45031
655 -0.460379 -0.36147 2.45031
655 -0.920526 0.471762 2.45031
655 -0.663366 0.0873597 2.45031
655 -0.220985 -0.260736 2.45031
655 0.647575 0.470108 2.45031
655 -1.02919 -0.0225932 2.45031
655 -0.917641 -0.455607 2.45031
655 0.331974 -0.604349 2.45031
655 -0.355013 0.450328 2.45031
655 0.792372 0.342684 2.45031
655 -0.33285 0.980218 2.45031
655 0.0398633 -0.663638 2.45031
655 -0.0277369 0.025889 2.45031
655 0.408006 -0.167299 2.45031
655 0.440381 0.428283 8.73349
655 0.097975 -0.441667 2.45031
655 0.0852014 0.711583 2.45031
655 0.237264 -0.23908 2.45031
655 0.541333 -0.581506 2.45031
655 0.150103 0.802418 2.45031
655 0.614761 -0.493478 2.45031
655 0.0731719 -0.396866 2.45031
655 -0.808159 0.418933 2.45031
655 -0.251608 0.824999 2.45031
655 -0.723273 0.352247 2.45031
655 -0.658975 0.19085 2.45031
655 0.010191 -0.476876 2.45031
655 -0.0438282 -0.469211 2.45031
655 0.196607 -0.332482 2.45031
655 0.346936 -0.512456 8.73349
655 0.675813 0.2469 2.45031
655 -0.820258 -0.510884 2.45031
655 -0.0128604 1.03406 8.73349
655 0.448818 0.690352 2.45031
655 0.666541 0.634093 2.45031
655 0.617176 -0.178027 2.45031
655 0.859719 0.444109 2.45031
655 0.35676 -0.176414 2.45031
655 0.734586 0.53872 2.45031
655 0.0877793 -0.903798 2.45031
655 0.35374 0.803071 2.45031
655 -0.460859 0.0640172 2.45031
655 0.532808 -0.437921 2.45031
655 -0.811411 0.319924 8.73349
655 0.399633 0.55093 2.45031
655 0.556128 -0.48715 2.45031
655 0.624293 -0.398571 2.45031
655 -0.970056 0.356327 2.45031
655 -0.35242 -0.459941 2.45031
655 -0.646111 -0.466462 2.45031
655 -0.446446 0.427776 2.45031
655 -0.517941 0.210874 2.45031
655 0.478345 0.264257 2.45031
655 -0.551112 -0.0855869 2.45031
655 0.677036 0.424443 2.45031
655 -0.245744 -0.924293 2.45031
655 0.0476766 0.136734 2.45031
655 0.225674 -0.148692 2.45031
655 -0.579526 -0.835795 2.45031
655 0.675194 -0.0236329 2.45031
655 -0.246544 0.428394 2.45031
655 0.715177 -0.0597077 2.45031
655 0.499995 0.427029 2.45031
655 -0.742263 -0.32839 2.45031
655 -0.466174 0.690541 2.45031
655 0.788274 -0.00730925 2.45031
655 0.498077 0.716286 2.45031
655 -0.30582 0.173047 2.45031
655 -0.971104 -0.0470871 2.45031
655 -0.6247 0.232132 2.45031
655 0.533456 0.756704 2.45031
655 -0.222543 -0.533008 2.45031
655 -0.417014 -0.330596 2.45031
655 -0.0755156 0.817361 2.45031
655 -0.251247 0.293447 2.45031
655 0.80194 -0.0993714 2.45031
655 -0.836975 0.214188 2.45031
655 0.185923 -0.245469 2.45031
655 0.0372912 0.814932 2.45031
655 0.112478 -0.300063 2.45031
655 0.405796 0.645786 2.45031
655 0.183561 0.848498 8.73349
655 0.215589 -0.461183 2.45031
655 0.0875707 0.572119 2.45031
655 0.0621806 -0.308273 2.45031
655 -0.107894 -0.0100413 2.45031
655 -0.863758 -0.302826 2.45031
655 -0.334788 0.761615 2.45031
655 -0.459092 0.805337 2.45031
655 0.196911 -0.109614 2.45031
655 -0.511213 -0.679743 2.45031
655 -0.45601 0.931586 2.45031
655 -0.430619 0.240516 2.45031
655 -0.0597378 -0.0616444 8.73349
655 0.404658 -0.300514 2.45031
655 0.542517 0.182046 2.45031
655 0.203736 -0.79325 2.45031
655 -0.744475 0.407903 2.45031
655 -0.0136704 0.922701 2.45031
655 -0.373135 -0.540102 2.45031
655 0.844613 0.126023 2.45031
655 0.383737 0.154142 2.45031
655 0.117387 0.756759 2.45031
655 0.536481 0.0799009 2.45031
655 -0.768006 -0.0256349 2.45031
655 -0.0445398 0.249457 2.45031
655 -0.538371 -0.185345 2.45031
655 -1.02947 0.0416075 2.45031
655 0.201169 0.0241512 2.45031
655 0.319836 0.607872 2.45031
655 0.436487 0.874768 2.45031
655 0.142948 -0.777216 2.45031
655 0.137944 0.966559 2.45031
655 0.115116 0.470082 2.45031
655 -0.148309 -0.731463 2.45031
655 0.3848 0.425557 2.45031
655 0.582764 -0.686257 2.45031
655 -0.103045 0.868299 2.45031
655 0.133588 -0.252795 2.45031
655 -0.130863 -0.365484 2.45031
655 0.836054 0.18361 2.45031
655 -0.152401 0.138804 2.45031
655 0.6684 -0.264633 8.73349
655 -0.468282 -0.71205 2.45031
655 -0.637289 0.595274 8.73349
655 0.206022 -0.197943 2.45031
655 0.709745 -0.717198 8.73349
655 -0.219036 0.197838 2.45031
655 -0.0229855 -0.517221 2.45031
655 0.279459 -0.372315 2.45031
655 -0.0168956 -0.654213 2.45031
655 0.0948759 -0.671223 2.45031
655 -0.114317 -0.145663 2.45031
655 0.0534753 -0.571295 2.45031
655 -0.460869 0.482329 2.45031
655 -0.751819 0.462266 2.45031
655 0.377305 0.905109 8.73349
655 0.163565 0.648419 8.73349
655 0.895609 -0.136766 2.45031
655 0.00612922 0.765034 2.45031
655 0.257522 -0.691717 2.45031
655 0.0323018 -0.523639 2.45031
655 0.725814 0.646296 2.45031
655 0.704479 0.481769 2.45031
655 0.290807 -0.90474 2.45031
655 0.142164 -0.534427 2.45031
655 0.792065 -0.624863 2.45031
655 0.386555 -0.768787 2.45031
655 -0.363738 0.806529 2.45031
655 0.0356748 -0.0505786 2.45031
655 0.522549 -0.218773 2.45031
655 -0.518392 -0.744324 2.45031
655 0.762838 0.596761 2.45031
655 -0.750349 0.631148 2.45031
655 0.894187 -0.470535 2.45031
655 0.373392 0.599943 8.73349
655 0.445814 0.156018 2.45031
655 0.89496 -0.0122422 2.45031
655 0.196685 0.427603 2.45031
655 -0.700375 0.297438 2.45031
655 -0.711279 -0.653773 2.45031
655 -0.283249 0.931556 2.45031
655 0.452521 -0.146991 2.45031
655 0.428251 -0.724076 2.45031
655 -0.538381 -0.0346138 2.45031
655 0.159307 0.337268 2.45031
655 0.0293743 -0.274775 2.45031
655 0.0190622 -0.613461 2.45031
655 -0.428958 0.376771 2.45031
655 -0.156793 0.673351 2.45031
655 0.138971 0.421783 2.45031
655 -0.16406 0.772576 2.45031
655 -0.596526 -0.447355 2.45031
655 -0.499659 -0.0837288 2.45031
655 -0.61106 0.325101 2.45031
655 -0.667381 0.0344847 2.45031
655 1.00092 0.184859 2.45031
655 0.173237 0.747261 2.45031
655 -0.506202 -0.224027 2.45031
655 -0.812527 0.642504 2.45031
655 0.482296 -0.247618 2.45031
655 0.480514 0.838534 2.45031
655 0.746778 -0.107706 2.45031
655 0.740383 0.105576 2.45031
655 0.2202 -0.98315 2.45031
655 -0.032574 -0.901319 2.45031
655 -0.0495191 0.569946 2.45031
655 0.948607 -0.150694 2.45031
655 -0.508705 -0.335752 8.73349
655 -0.0612681 0.295827 2.45031
655 0.479959 0.779471 2.45031
655 0.473736 0.38359 2.45031
655 0.732601 -0.00613814 8.73349
655 -0.0432166 0.977728 2.45031
655 -0.187406 -0.630619 2.45031
655 -0.399394 0.610886 2.45031
655 -0.0670985 -0.9535 2.45031
655 0.0298165 0.713721 2.45031
655 0.486655 -0.341486 2.45031
655 0.216892 0.0728403 2.45031
655 0.0425048 -0.437207 2.45031
655 0.893001 0.163165 2.45031
655 -0.73222 -0.238851 2.45031
655 -0.497623 -0.627014 2.45031
655 0.109486 0.661606 2.45031
655 -0.514229 0.836305 2.45031
655 0.36993 0.509873 2.45031
655 0.0852483 -0.0425233 2.45031
655 0.244885 -0.851554 2.45031
655 0.529348 0.556647 2.45031
655 -0.63175 -0.519327 2.45031
655 0.0273868 -1.01206 2.45031
655 -0.302516 -0.609036 2.45031
655 -0.604492 -0.095756 2.45031
655 0.291539 -0.508518 2.45031
655 0.769491 -0.461852 2.45031
655 0.555973 0.41999 2.45031
655 0.403895 -0.860766 2.45031
655 0.565436 -0.392353 2.45031
655 0.05301 -0.0038028 2.45031
655 -0.151654 -0.31825 2.45031
655 -0.0916412 0.392682 2.45031
655 -0.760359 -0.134269 2.45031
655 -0.192625 0.913308 8.73349
655 0.14972 -0.679241 2.45031
655 -0.691856 0.614995 2.45031
655 -0.270505 -0.387578 2.45031
655 -0.910584 -0.12421 2.45031
655 0.168095 0.0637671 2.45031
655 -0.00615109 0.0742651 2.45031
655 -0.160845 0.459103 2.45031
655 0.0692143 0.22924 2.45031
655 -0.0604644 -0.418124 2.45031
655 0.261726 0.77606 2.45031
655 -0.333667 -0.506787 2.45031
655 -0.461809 0.869141 2.45031
655 0.460691 -0.0928959 2.45031
655 -0.358254 -0.593527 8.73349
655 -0.231599 0.954023 2.45031
655 -0.0371255 -0.605357 2.45031
655 -0.128948 0.358118 2.45031
655 -0.571242 0.86501 2.45031
655 0.237098 -0.639713 2.45031
655 -0.554373 -0.243275 2.45031
655 -0.374518 0.0989897 2.45031
655 0.736092 -0.509411 2.45031
655 0.0230943 0.0348425 2.45031
655 0.708541 -0.455273 2.45031
655 -0.132644 0.721904 2.45031
655 -0.698016 0.448187 2.45031
655 0.162793 0.200302 2.45031
655 1.00721 -0.125316 8.73349
655 -0.615503 0.043265 2.45031
655 -0.134259 0.818009 2.45031
655 0.0412179 0.0857629 2.45031
655 -0.403177 0.897413 2.45031
655 0.281207 0.131966 8.73349
655 0.0124146 0.868364 2.45031
655 0.0712676 -0.175998 2.45031
655 -1.02471 -0.0862506 2.45031
655 -0.148724 -0.88759 2.45031
655 -0.412502 -0.572861 2.45031
655 -0.411085 -0.787238 2.45031
655 0.115285 0.379473 2.45031
655 -0.591115 0.272987 2.45031
655 0.786433 -0.255972 2.45031
655 0.954454 -0.0324263 2.45031
655 -0.0761623 0.71899 2.45031
655 0.228687 0.390462 2.45031
655 0.0867395 0.095862 2.45031
655 0.31754 -0.271389 2.45031
655 -0.253191 0.571699 2.45031
655 -0.478163 0.0155984 8.73349
655 0.860624 0.55206 2.45031
655 0.313219 0.510932 2.45031
655 0.727761 -0.611912 8.73349
655 -0.790943 -0.462017 2.45031
655 -0.228109 -0.986577 8.73349
655 -0.916199 0.0692606 2.45031
655 0.244846 0.30525 2.45031
655 0.0187482 -0.184764 2.45031
655 -0.411309 0.837043 2.45031
655 -0.639873 0.136733 8.73349
655 -0.563459 -0.707958 2.45031
655 -0.186583 -0.774353 2.45031
655 -0.641092 -0.193477 2.45031
655 0.499259 0.603921 2.45031
655 0.511833 0.664385 2.45031
655 0.365006 0.104442 2.45031
655 0.137524 -0.88046 2.45031
655 0.375301 -0.705625 2.45031
655 0.0343104 0.451986 2.45031
655 0.412313 -0.664255 2.45031
655 0.273773 -0.597525 2.45031
655 0.424693 -0.568668 2.45031
655 0.348977 0.46529 2.45031
655 -0.465728 0.339152 2.45031
655 0.302876 -0.847706 2.45031
655 -0.747104 -0.495403 2.45031
655 0.672001 -0.168145 2.45031
655 -0.230935 0.379581 2.45031
655 0.682375 -0.402778 2.45031
655 -0.548591 -0.420759 2.45031
655 -0.948522 0.245107 8.73349
655 -0.0772842 1.03222 8.73349
655 0.876735 -0.196583 2.45031
655 -0.680087 0.241143 2.45031
655 -0.0188693 0.817018 2.45031
655 -0.206166 -0.582146 2.45031
655 -0.017311 0.466387 2.45031
655 0.701341 -0.555616 8.73349
655 0.657642 -0.35212 2.45031
655 0.691193 0.186774 2.45031
655 -0.239507 0.113633 2.45031
655 -0.626021 0.826901 2.45031
655 0.338111 -0.949493 2.45031
655 -0.869169 0.0348532 2.45031
655 -0.233238 0.619065 2.45031
655 0.838274 -0.151788 2.45031
655 -0.289796 -0.971209 2.45031
655 0.599604 -0.350324 2.45031
655 0.581341 0.290999 2.45031
655 -0.202221 0.565097 2.45031
655 -0.515616 0.90008 2.45031
655 -0.0611177 -0.150026 2.45031
655 -0.127412 -0.9468 2.45031
655 0.811214 0.292546 2.45031
655 0.500962 -0.129614 2.45031
655 -0.211094 0.469594 2.45031
655 0.176206 0.248339 2.45031
655 0.212481 0.210039 2.45031
655 0.82576 0.604887 8.73349
655 -0.135781 -0.229528 2.45031
655 0.0616868 -0.715498 2.45031
655 -0.394278 0.278558 2.45031
655 -0.87569 0.419517 2.45031
655 0.336721 -0.745385 2.45031
655 -0.205696 -0.720891 2.45031
655 0.764368 -0.565536 2.45031
655 -0.337418 0.401207 2.45031
655 -0.770404 0.69229 8.73349
655 -0.293976 -0.472793 2.45031
655 -0.586614 -0.186507 2.45031
655 -0.990781 0.294003 2.45031
655 -0.245697 -0.621468 2.45031
655 -0.168074 0.186854 2.45031
655 0.0967961 -0.351527 2.45031
655 -0.708054 -0.0597287 2.45031
655 0.951686 -0.354482 8.73349
655 -0.16752 -0.680118 2.45031
655 0.380035 -0.468398 2.45031
655 -0.234785 0.245814 2.45031
655 -0.326193 0.0859257 2.45031
655 -0.965681 -0.10714 2.45031
655 0.507213 -0.869543 2.45031
655 -0.394699 0.145604 2.45031
655 0.616877 0.419869 2.45031
655 -0.210247 1.01503 2.45031
655 -0.631199 -0.798346 2.45031
655 -0.0952296 -0.460221 2.45031
655 1.00957 0.121733 8.73349
655 0.348241 -0.309839 2.45031
655 -0.287052 0.62207 2.45031
655 -0.00173613 -0.564813 2.45031
655 0.624934 -0.643513 2.45031
655 -0.727472 -0.714838 2.45031
655 -0.456827 0.625659 2.45031
655 -0.277534 -0.521786 2.45031
655 0.546692 -0.107893 2.45031
655 0.744271 0.706974 2.45031
655 -0.50159 0.158414 2.45031
655 -0.57419 0.364716 2.45031
655 0.63903 0.106218 2.45031
655 -0.118017 0.175964 2.45031
655 0.981672 -0.252207 2.45031
655 0.549903 -0.259108 2.45031
655 0.908077 -0.256177 2.45031
655 0.734189 0.436261 2.45031
655 -0.853596 -0.457683 8.73349
655 -0.694731 -0.593687 2.45031
655 -0.276467 0.769779 2.45031
655 0.160623 -0.9979 2.45031
655 0.341419 0.555722 2.45031
655 -0.701933 -0.283351 2.45031
655 -0.620227 0.763754 2.45031
655 0.0240316 -0.754104 2.45031
655 -0.597926 -0.338245 2.45031
655 -0.0779804 -0.37134 2.45031
655 -0.00432901 0.416303 8.73349
655 0.353269 -0.653979 2.45031
655 -0.27402 0.998524 8.73349
655 0.151595 0.0153515 2.45031
655 0.622825 0.678545 2.45031
655 0.583889 0.0436371 2.45031
655 -0.0178847 -0.283333 2.45031
655 -0.163893 0.320396 2.45031
655 0.348466 0.323158 2.45031
655 0.996907 -0.190599 2.45031
655 0.313774 0.363671 2.45031
655 -0.281739 -0.198096 2.45031
655 -0.573032 -0.771974 2.45031
655 -0.905226 -0.347005 2.45031
655 -0.771029 -0.373142 2.45031
655 0.532795 0.0269639 8.73349
655 0.765094 0.490803 2.45031
655 0.418728 -0.433452 2.45031
655 -0.0777024 -0.509533 2.45031
655 0.385974 0.282492 8.73349
655 -0.65975 0.491276 2.45031
655 0.530497 0.469018 2.45031
655 -0.691673 0.149072 2.45031
655 0.285545 -0.00619926 2.45031
655 -0.119301 -0.278762 2.45031
655 0.250712 0.0330652 2.45031
655 0.0740519 -0.620444 2.45031
655 0.439537 -0.479138 8.73349
655 0.399656 0.331776 2.45031
655 0.72806 0.226659 2.45031
655 0.195984 0.540185 2.45031
655 -0.412973 0.192684 2.45031
655 0.601774 -0.741326 2.45031
655 0.571266 0.716172 2.45031
655 0.22518 -0.374329 2.45031
655 -0.605305 -0.233633 2.45031
655 0.658507 -0.0739641 2.45031
655 0.197203 -0.874685 2.45031
655 -0.0683814 0.478271 2.45031
655 0.564819 0.663426 2.45031
655 -0.404396 0.771143 2.45031
655 -0.0890309 -0.235966 2.45031
655 0.216438 -0.58907 8.73349
655 0.777798 0.207929 2.45031
655 -0.840728 0.2699 2.45031
655 -0.498805 0.443534 2.45031
655 0.279918 -0.969547 8.73349
655 0.644898 0.574636 2.45031
655 -0.588344 -0.0453208 2.45031
655 -0.259396 0.0274148 2.45031
655 0.764109 0.390137 2.45031
655 -0.722954 -0.00188512 2.45031
655 -0.206029 -0.876632 2.45031
655 -0.537479 0.261138 2.45031
655 0.25409 -0.550513 2.45031
655 0.128626 0.609616 2.45031
655 0.40228 -0.518108 2.45031
655 -0.399591 -0.630025 2.45031
655 -0.321347 -0.375301 2.45031
655 0.125048 0.23739 8.73349
655 0.574517 -0.00671346 2.45031
655 -0.411825 -0.385643 2.45031
655 0.428327 -0.254157 2.45031
655 0.175419 -0.158125 2.45031
655 -0.267397 0.341371 2.45031
655 -0.463407 -0.255408 2.45031
655 -0.0970435 0.260459 2.45031
655 0.177913 -0.932407 2.45031
655 -0.916698 -0.0602195 2.45031
655 -0.675512 -0.0183986 2.45031
655 -0.00558668 -0.957596 2.45031
655 -0.658638 -0.415496 2.45031
655 0.102502 0.00592006 2.45031
655 0.590361 0.777069 2.45031
655 -0.131015 -0.50128 2.45031
655 0.710121 0.285827 2.45031
655 0.460172 -0.295569 2.45031
655 -0.884485 -0.246529 2.45031
655 0.770593 -0.0551588 2.45031
655 -0.449237 -0.0758801 2.45031
655 -0.13151 0.919963 2.45031
655 0.649158 -0.449173 2.45031
655 -0.17879 0.511761 2.45031
655 -0.828161 0.532259 2.45031
655 -0.0386827 -1.01118 2.45031
655 -0.00824878 0.278991 8.73349
655 0.497836 -0.48271 8.73349
655 0.835004 -0.0432412 2.45031
655 -0.552595 -0.306175 2.45031
655 -0.15066 -0.0460043 2.45031
655 0.432453 -0.342877 2.45031
655 -0.190389 0.101841 2.45031
655 0.227709 0.733249 2.45031
655 -0.381332 0.561177 2.45031
655 0.454803 -0.837576 2.45031
655 -0.374511 0.364446 2.45031
655 0.234888 -0.504958 8.73349
655 0.013 0.367365 2.45031
655 0.301757 -0.326159 2.45031
655 -0.378079 -0.830293 2.45031
655 0.609637 0.620565 2.45031
655 0.588288 0.563972 2.45031
655 -0.072964 0.622023 2.45031
655 0.436744 0.743602 2.45031
655 0.094091 0.273726 2.45031
655 -0.918447 0.00425382 2.45031
655 0.445531 -0.206302 2.45031
655 0.497727 0.321618 2.45031
655 -0.106898 0.441165 2.45031
655 -0.473358 -0.898608 8.73349
655 0.693656 -0.114203 2.45031
655 0.589259 0.465399 2.45031
655 0.416547 0.118386 8.73349
655 -0.0811777 0.213273 8.73349
655 -0.323551 0.220216 2.45031
655 -0.136785 0.535805 2.45031
655 -0.788406 0.259502 2.45031
655 0.460983 0.638486 2.45031
655 -0.365104 -0.739964 2.45031
655 -0.506406 0.651525 2.45031
655 0.0184277 -0.390269 2.45031
655 -0.417187 -0.278433 2.45031
655 0.00492821 -0.327439 2.45031
655 0.134861 0.103807 2.45031
655 0.297703 0.313225 2.45031
655 -0.465089 -0.307372 2.45031
655 -0.238792 -0.484072 2.45031
655 0.855108 -0.0954113 2.45031
655 0.428768 0.938593 8.73349
655 -0.67813 0.784515 2.45031
655 -0.552852 0.457848 2.45031
655 -0.644523 -0.059904 2.45031
655 -1.02568 0.105684 8.73349
655 -0.686059 -0.512191 2.45031
655 -0.27235 -0.24794 2.45031
655 0.299964 0.0428039 2.45031
655 -0.843457 -0.20683 2.45031
655 0.266948 0.489905 2.45031
655 -0.483842 -0.562736 2.45031
655 -0.466872 -0.830109 2.45031
655 -0.750954 0.147989 2.45031
655 -0.556828 0.6765 2.45031
655 0.726163 -0.16141 2.45031
655 -0.713333 0.104303 2.45031
655 0.376869 -0.347455 2.45031
655 -0.096561 0.080074 2.45031
655 0.742183 -0.408409 2.45031
655 0.114095 1.0267 8.73349
655 0.509772 -0.389494 2.45031
655 -0.513603 0.776095 2.45031
655 -0.666201 0.339008 2.45031
655 0.338752 0.709678 2.45031
655 0.637527 0.0565883 2.45031
655 -0.2705 0.209418 2.45031
655 -0.675533 0.552552 2.45031
655 -0.0267393 0.33026 2.45031
655 0.604868 -0.256478 2.45031
655 -0.201571 -0.444931 2.45031
655 0.424504 0.244293 2.45031
655 -0.842181 -0.35907 2.45031
655 -0.31424 -0.087327 2.45031
655 0.869926 0.279782 2.45031
655 0.0878033 0.427975 2.45031
655 0.154368 0.510639 2.45031
655 0.600881 -0.0906405 2.45031
655 -0.0483183 0.766399 2.45031
655 -0.81474 -0.408755 2.45031
655 0.215612 0.634725 8.73349
655 -0.40385 -0.44069 2.45031
655 -0.422714 -0.86414 2.45031
655 -0.502077 0.300764 2.45031
655 0.212439 0.488508 2.45031
655 -0.0726104 -0.792223 2.45031
655 0.197728 0.956132 2.45031
655 -0.483083 0.390039 2.45031
655 0.331422 0.142568 2.45031
655 -0.418112 -0.728963 2.45031
655 -0.907098 0.367705 2.45031
655 0.177031 1.01733 2.45031
655 -0.943881 -0.22936 2.45031
655 -0.818668 0.00377726 2.45031
655 -0.419281 0.66404 2.45031
655 -0.290686 0.124196 2.45031
655 0.151151 -0.443154 2.45031
655 0.218056 0.895572 2.45031
655 -0.407075 0.0619234 2.45031
655 0.27943 -0.744462 2.45031
655 -0.184304 -0.221929 2.45031
655 -0.646246 0.284289 2.45031
655 -0.899816 -0.185981 2.45031
655 0.912011 0.326717 2.45031
655 0.789863 0.150619 2.45031
655 -0.535166 0.112872 2.45031
655 0.92346 0.439037 8.73349
655 0.877208 -0.303829 2.45031
655 0.0979973 0.142903 2.45031
655 -0.0893405 -0.189788 2.45031
655 0.739134 0.048871 8.73349
655 -0.448778 0.153662 2.45031
655 -0.730482 0.570355 2.45031
655 0.297562 0.180968 2.45031
655 0.101623 0.522052 2.45031
655 0.27918 0.404251 2.45031
655 -0.619964 -0.734391 2.45031
655 -0.308789 0.0398605 2.45031
655 -0.0914711 -0.739892 2.45031
655 0.540341 -0.342993 2.45031
655 -0.532992 0.551988 2.45031
655 0.828896 -0.575757 2.45031
655 -0.488263 -0.169423 2.45031
655 -0.801657 -0.168356 2.45031
655 0.170525 -0.379167 2.45031
655 -0.570251 0.513396 2.45031
655 -0.563088 0.0654971 2.45031
655 -0.965957 0.127137 2.45031
655 0.466479 -0.680072 2.45031
655 -0.254547 0.161239 2.45031
655 0.102685 0.915431 2.45031
655 -0.367295 -0.0931765 2.45031
655 0.612091 0.250489 2.45031
655 0.882289 0.222035 2.45031
655 -0.163428 0.866794 2.45031
655 0.407787 0.472615 8.73349
655 -0.865272 -0.0866657 2.45031
655 0.642654 -0.220547 2.45031
655 0.0657385 -0.482892 2.45031
655 -0.362454 -0.40805 2.45031
655 -0.4273 0.0202154 2.45031
655 0.288975 0.562626 2.45031
655 -0.111009 -0.839203 2.45031
655 -0.713151 0.508328 2.45031
655 0.893229 0.497376 2.45031
655 -0.666135 -0.695283 2.45031
655 -0.105328 0.76869 2.45031
655 -0.296071 -0.0111665 2.45031
655 -0.823092 -0.262581 2.45031
655 -0.320637 0.352597 2.45031
655 0.613918 0.333683 2.45031
655 -0.988852 -0.274751 2.45031
655 -0.127658 0.626441 8.73349
655 0.26342 0.35279 2.45031
655 -0.555742 -0.644067 8.73349
655 -0.802321 0.169714 2.45031
655 0.465064 -0.0425839 2.45031
655 -0.756425 0.307928 2.45031
655 -0.868762 -0.0259028 2.45031
655 0.560842 -0.0562841 2.45031
655 0.227729 0.257803 2.45031
655 0.649252 0.797589 2.45031
655 0.694816 -0.309518 2.45031
655 0.167697 0.464848 2.45031
655 0.893177 -0.357005 2.45031
655 0.108849 -0.823861 2.45031
655 0.846701 0.0689772 2.45031
655 -0.515449 0.496957 2.45031
655 -0.283004 -0.336262 2.45031
655 -0.725737 0.739388 2.45031
655 0.80143 -0.410989 8.73349
655 0.0508304 1.03226 8.73349
655 -0.477202 0.534956 2.45031
655 0.39565 -0.927455 2.45031
655 -0.447796 0.289735 2.45031
655 -0.174714 0.0520921 2.45031
655 -0.142503 0.09079 2.45031
655 0.0779049 0.973585 2.45031
655 0.482198 -0.575059 2.45031
655 -0.70917 0.676917 2.45031
655 -0.43879 -0.528863 2.45031
655 -0.437879 0.572173 2.45031
655 -0.514509 0.716256 2.45031
655 -0.582274 -0.499588 2.45031
655 -0.101535 0.672469 2.45031
655 -0.218234 -0.396728 2.45031
655 0.634562 0.735584 2.45031
655 0.740573 0.329317 2.45031
655 -0.783904 -0.219673 2.45031
655 -0.773164 -0.667561 8.73349
655 -0.194164 -0.173771 2.45031
655 -0.713789 -0.112865 8.73349
655 0.04528 -0.352022 2.45031
655 -0.571678 0.22035 2.45031
655 -0.409769 0.464729 2.45031
655 0.664321 -0.600084 2.45031
655 0.682747 0.693332 2.45031
655 -0.0150244 -0.798237 2.45031
655 -0.126535 0.039353 2.45031
655 0.411336 -0.0632221 8.73349
655 -0.265339 -0.106517 2.45031
655 0.269356 0.619814 2.45031
655 0.561795 0.512907 2.45031
655 0.37216 -0.032572 8.73349
655 0.385905 0.0172615 2.45031
655 0.0143329 0.230586 2.45031
655 -0.263166 0.477215 2.45031
655 -0.445249 -0.663121 2.45031
655 0.590145 -0.442243 2.45031
655 -0.233258 -0.21184 2.45031
655 0.576552 -0.209341 2.45031
655 0.95033 0.143718 2.45031
655 -0.0456409 -0.328966 2.45031
655 0.271844 -0.462194 2.45031
655 0.09508 -1.00744 8.73349
655 -0.317707 0.665529 2.45031
655 0.00125871 -0.0116058 2.45031
655 0.172869 -0.73366 2.45031
655 -0.307359 0.818097 2.45031
655 0.0203325 0.182735 2.45031
655 -0.394858 0.958788 2.45031
655 0.299702 0.453091 2.45031
655 0.861242 -0.412975 2.45031
655 0.988602 0.248278 8.73349
655 -0.414259 -0.927929 8.73349
655 -0.73253 0.252946 8.73349
655 -0.769498 0.208853 2.45031
655 0.350279 0.190769 8.73349
655 0.796296 0.546694 2.45031
655 0.120968 -0.487226 8.73349
655 0.552913 0.609553 2.45031
655 0.315779 -0.795171 2.45031
655 0.321189 -0.0445472 2.45031
655 -0.186889 -0.937089 2.45031
655 -0.328074 -0.697936 2.45031
655 0.460247 0.208677 2.45031
655 -0.179678 0.369504 2.45031
655 -0.258474 -0.295567 2.45031
655 0.236751 -0.919914 2.45031
655 -0.377033 0.23063 2.45031
655 0.249059 -0.0997677 2.45031
655 0.899323 0.103691 2.45031
655 0.145506 -0.119616 2.45031
655 -0.644636 0.432433 2.45031
655 -0.340848 0.136377 2.45031
655 0.498591 0.512456 2.45031
655 -0.48293 0.111069 2.45031
655 -0.317581 0.486678 2.45031
655 -0.512025 0.0654298 2.45031
655 0.955569 0.0834443 2.45031
655 0.629641 0.0076384 2.45031
655 0.467647 0.470943 2.45031
655 0.332727 -0.371104 2.45031
655 0.591388 0.195774 2.45031
655 -0.129616 -0.784518 2.45031
655 -0.231772 -0.0707661 2.45031
655 -0.0786169 0.0282427 2.45031
655 -0.581686 0.13012 2.45031
655 0.119309 0.0550815 8.73349
655 -0.35183 -0.952382 8.73349
655 0.453147 -0.902785 2.45031
655 0.639253 0.156218 2.45031
655 0.268555 -0.0533285 2.45031
655 -0.857523 0.155673 2.45031
655 -0.132277 0.223757 2.45031
655 0.862999 -0.524356 2.45031
655 -0.143177 1.0266 8.73349
655 0.501992 -0.626221 2.45031
655 -0.546009 0.613146 2.45031
655 0.0446284 0.920585 2.45031
655 0.923169 -0.414411 8.73349
655 0.0517017 -0.22323 2.45031
655 0.686568 0.02649 2.45031
655 0.847673 -0.250709 2.45031
655 -0.0429774 -0.237853 2.45031
655 0.225288 -0.741761 2.45031
655 0.831082 -0.466651 8.73349
655 -0.0934892 -0.59796 2.45031
655 0.479599 0.00703511 2.45031
655 -0.665889 0.720924 2.45031
655 -0.0203633 0.613468 2.45031
655 -0.143445 -0.183104 2.45031
655 0.756739 -0.208222 2.45031
655 0.165498 -0.071764 2.45031
655 -0.363858 -0.891101 2.45031
655 0.210012 0.344512 2.45031
655 0.326256 -0.464115 2.45031
655 -0.629279 0.378477 8.73349
655 0.0413536 0.269986 2.45031
655 -0.0348726 -0.191212 2.45031
655 -0.809826 0.117161 2.45031
655 -0.340695 0.267708 2.45031
655 0.481617 -0.740636 2.45031
655 0.257481 -0.797736 2.45031
655 0.934113 -0.206625 2.45031
655 0.437076 0.515323 2.45031
655 -0.537446 -0.474528 2.45031
655 0.085592 -0.768926 2.45031
655 0.240149 0.835399 2.45031
655 0.755036 -0.307248 2.45031
655 0.487547 0.116359 2.45031
655 -0.18794 0.722892 2.45031
655 -0.971123 0.0692372 2.45031
655 -0.148155 -0.453102 2.45031
655 0.275466 -0.139892 2.45031
655 -0.166153 -0.134989 2.45031
655 0.122776 -0.94947 2.45031
655 0.0266368 -0.904915 8.73349
655 0.314979 0.0927534 2.45031
655 -0.552802 -0.365689 2.45031
655 -0.944956 -0.396403 8.73349
655 -0.255427 -0.435758 8.73349
655 -0.881118 -0.403987 2.45031
655 -0.101792 0.127961 2.45031
655 0.0612514 0.76247 2.45031
655 0.602401 -0.589653 2.45031
655 0.250295 -0.417442 2.45031
655 -0.429756 0.107254 2.45031
655 0.314193 -0.695014 2.45031
655 0.49123 0.0584299 2.45031
655 -0.216015 -0.121531 2.45031
655 -0.199219 0.282808 2.45031
655 -0.0134846 -0.0561648 2.45031
655 0.00450568 -0.850826 2.45031
655 -0.802904 -0.321428 2.45031
655 -0.387662 -0.00711282 8.73349
655 -0.392081 0.413756 2.45031
655 -0.597525 -0.282898 2.45031
655 0.697121 0.753578 2.45031
655 0.0813362 -0.260652 2.45031
655 0.425002 0.80155 2.45031
655 0.50799 -0.0734972 8.73349
655 -0.262588 0.670594 2.45031
655 -0.183354 0.234689 2.45031
655 0.293752 -0.645843 2.45031
655 0.0936525 -0.12923 2.45031
655 0.00441006 0.658437 2.45031
655 0.389467 0.844242 8.73349
655 0.596079 0.83904 2.45031
655 0.392463 0.700303 2.45031
655 -0.299929 0.437992 2.45031
655 -0.609703 0.699829 2.45031
655 -0.414563 -0.111332 2.45031
655 -0.930118 0.30679 2.45031
655 0.674993 -0.501485 2.45031
655 0.424707 -0.0144845 2.45031
655 -0.460669 0.748381 2.45031
655 0.365529 0.965869 2.45031
655 -0.0392718 0.37908 2.45031
655 0.12872 -0.627454 2.45031
655 -0.646008 -0.306716 2.45031
655 -0.165922 -0.998376 2.45031
655 0.371954 -0.262346 2.45031
655 -0.197313 -0.0335562 8.73349
655 0.302567 -0.090149 2.45031
655 -0.65163 0.65806 2.45031
655 -0.225161 -0.817829 2.45031
655 0.513417 -0.293837 2.45031
655 -0.0318581 0.517975 2.45031
655 -0.287462 0.256788 2.45031
655 0.14162 0.559221 2.45031
655 -0.113187 -0.549909 8.73349
655 -0.0576268 -0.557421 2.45031
655 -0.215216 0.330999 2.45031
655 -0.365317 -0.2509 2.45031
655 -0.0511933 0.117885 2.45031
655 0.508897 0.223108 2.45031
655 -0.766975 -0.278844 2.45031
655 0.280262 0.266456 2.45031
655 -0.550796 0.169995 2.45031
655 0.815049 -0.20421 2.45031
655 0.26921 -0.281833 2.45031
655 -0.0217409 0.713801 2.45031
655 0.955428 0.0244447 2.45031
655 0.688573 -0.656439 2.45031
655 0.460886 -0.526233 2.45031
655 -0.317565 -0.557683 8.73349
655 0.494076 0.167659 2.45031
655 0.55397 -0.781667 2.45031
655 -0.281763 0.526303 2.45031
655 -0.654893 -0.254604 2.45031
655 -0.14811 0.271761 2.45031
655 -0.872502 0.319366 2.45031
655 -0.342887 -0.0468281 2.45031
655 -0.590249 0.417904 2.45031
655 -0.600916 -0.395777 2.45031
655 -0.0516788 0.0707395 2.45031
655 -0.860381 0.474167 2.45031
655 -0.686259 0.392817 2.45031
655 0.675799 0.528148 2.45031
655 -0.312743 -0.278439 2.45031
655 0.752425 -0.671999 2.45031
655 -0.521597 -0.80573 2.45031
655 0.539987 -0.16773 8.73349
655 0.0644611 -0.854492 8.73349
655 -0.926636 -0.289472 2.45031
655 0.331948 0.864173 2.45031
655 0.527073 0.279718 2.45031
655 -0.167937 0.969911 2.45031
655 0.0035624 -0.231797 2.45031
655 -0.333397 -0.130943 2.45031
655 -0.0118099 -0.429044 2.45031
655 -0.624193 -0.00803627 2.45031
655 0.454606 -0.388559 2.45031
655 -0.789915 0.583243 2.45031
655 0.194482 -0.419416 2.45031
655 -0.0909368 -0.895695 2.45031
655 -0.395141 -0.494255 2.45031
655 0.699558 -0.214326 2.45031
655 -0.184715 -0.493272 2.45031
655 0.194934 0.690936 2.45031
655 -0.748982 -0.425718 2.45031
655 -0.702669 -0.454983 2.45031
655 -0.0535968 -0.845947 2.45031
655 -0.769011 0.0330015 2.45031
655 0.239723 1.00411 2.45031
655 0.181802 0.593108 2.45031
655 0.216568 -0.0622823 2.45031
655 -0.0774962 0.344436 2.45031
655 0.0492226 0.543111 2.45031
655 0.519727 -0.0233403 2.45031
655 -0.488276 -0.50504 2.45031
655 0.417486 0.38222 8.73349
655 -0.342606 0.920687 2.45031
655 -0.31995 -0.847893 2.45031
655 -0.371143 -0.298849 2.45031
655 -0.76823 0.524116 2.45031
655 0.367338 -0.820512 2.45031
655 0.727476 -0.260245 2.45031
655 0.85301 0.338188 2.45031
655 -0.341951 0.000941181 2.45031
655 -0.302629 -0.747575 2.45031
655 -0.341303 -0.788732 2.45031
655 0.281967 0.718894 2.45031
655 -0.149843 -0.590391 2.45031
655 -0.331288 -0.180934 2.45031
655 -0.288325 -0.14761 2.45031
655 -0.688547 -0.213447 2.45031
655 0.304751 -0.417007 2.45031
655 0.949974 0.376699 8.73349
655 0.183126 0.112838 2.45031
655 0.0714107 0.0452236 2.45031
655 0.446938 -0.621502 2.45031
655 -0.323159 -0.229445 2.45031
655 -0.536263 0.404183 2.45031
655 -0.804814 0.474289 2.45031
655 -0.817707 0.0611918 2.45031
655 -0.852648 0.589357 2.45031
655 -0.607074 0.473386 2.45031
655 0.499451 -0.798858 8.73349
655 0.900208 0.0450094 2.45031
655 0.30096 0.664579 2.45031
655 0.380881 0.755645 2.45031
655 0.249771 -0.32872 2.45031
655 0.123913 -0.166814 2.45031
655 -0.195047 0.4192 2.45031
655 0.389856 -0.61183 2.45031
655 -0.26477 -0.708558 2.45031
655 -0.144401 0.407936 2.45031
655 0.01801 0.504142 2.45031
655 0.263286 0.219376 2.45031
655 -0.0289149 0.206093 2.45031
655 -0.244001 -0.761689 2.45031
655 -0.0986449 -0.325508 2.45031
655 0.0419106 -0.137939 2.45031
655 -0.0831814 0.527888 2.45031
655 -0.229236 0.520274 2.45031
655 0.0673857 0.314454 8.73349
655 -0.864881 0.0960334 2.45031
655 -0.362241 0.0453216 2.45031
655 0.488387 -0.183072 2.45031
655 0.450486 0.0855096 2.45031
655 0.798859 -0.517423 2.45031
655 -0.243016 0.722363 2.45031
655 -0.234386 -0.347311 2.45031
655 0.587277 0.143485 2.45031
655 -0.570825 -0.136945 2.45031
655 -0.754142 -0.607073 2.45031
655 0.197084 0.161299 2.45031
655 0.781818 -0.154753 2.45031
655 0.142668 0.286995 2.45031
655 -0.196635 0.825309 2.45031
655 -0.465737 -0.772359 2.45031
655 0.763387 0.269771 2.45031
655 -0.425895 -0.165231 2.45031
655 0.231964 0.122015 2.45031
655 0.0936149 0.810192 2.45031
655 -0.208292 0.0157418 2.45031
655 -0.370785 -0.354249 2.45031
655 0.317035 0.925372 2.45031
655 -0.156342 0.580589 2.45031
655 0.20366 -0.686286 2.45031
655 0.436988 -0.785374 2.45031
655 0.108293 -0.577571 2.45031
655 0.0142388 -0.0982229 2.45031
655 -0.855998 -0.146683 2.45031
655 -0.135147 -0.0975151 2.45031
655 0.00337059 -0.703962 8.73349
655 -0.717025 0.196329 2.45031
655 1.01374 0.0590753 8.73349
655 -0.609868 0.0913181 2.45031
655 0.399583 0.067143 2.45031
655 -0.526683 0.0171104 2.45031
655 -0.219919 0.773591 2.45031
655 0.815668 -0.303473 2.45031
655 -0.463759 -0.126383 2.45031
655 -0.520266 -0.130718 2.45031
655 -0.42178 0.521023 2.45031
655 -0.66302 -0.10568 2.45031
655 -0.411364 0.327409 2.45031
655 -0.503786 -0.391499 2.45031
655 -0.0683171 -0.284014 2.45031
655 0.940936 0.204457 2.45031
655 -0.680043 -0.757949 8.73349
655 0.717948 -0.357417 2.45031
655 0.182872 -0.633907 2.45031
655 -0.0545007 -0.0156645 2.45031
655 0.583445 -0.142534 2.45031
655 -0.281365 -0.0555186 8.73349
655 -0.0264317 -0.374163 2.45031
655 -1.01596 0.168471 2.45031
655 -0.329017 -0.322786 2.45031
655 0.234218 0.58224 2.45031
655 0.587088 0.0933296 2.45031
655 0.645571 0.29189 2.45031
655 0.536443 0.815507 2.45031
655 -0.737057 -0.18129 2.45031
655 1.01126 -0.0632198 8.73349
655 -0.439696 -0.0275492 2.45031
655 -0.645632 -0.36489 2.45031
655 -0.110567 -0.688784 2.45031
655 0.324155 -0.132096 8.73349
655 0.302365 0.986985 2.45031
655 -0.556129 0.312705 2.45031
655 -0.310447 -0.425589 2.45031
655 0.950464 -0.299464 8.73349
655 0.315983 0.228422 2.45031
655 0.616797 -0.0412007 2.45031
655 -0.85027 -0.565854 8.73349
655 0.103278 -0.213428 2.45031
655 0.352678 0.654061 2.45031
655 0.438576 0.0345906 2.45031
655 0.475944 -0.435294 2.45031
655 -0.525313 -0.867651 2.45031
655 0.160521 0.907093 2.45031
655 -0.565803 0.740701 2.45031
655 0.36812 -0.561574 2.45031
655 -0.584853 0.573959 2.45031
655 -0.224339 0.064152 2.45031
655 0.551159 0.331756 2.45031
655 -0.725855 -0.548271 2.45031
655 -0.344028 -0.64658 2.45031
655 -0.646354 -0.57012 2.45031
655 0.154932 -0.205726 2.45031
655 -0.56851 0.802547 2.45031
655 -0.466547 0.201078 2.45031
655 0.357468 -0.0808943 2.45031
655 -0.494909 0.589091 2.45031
655 -0.533245 -0.533279 2.45031
655 -0.972965 0.0115529 2.45031
655 0.255764 -0.18933 2.45031
655 -0.130152 -0.638989 2.45031
655 -0.357705 0.715017 2.45031
655 0.0211778 0.320224 2.45031
655 -0.0449911 0.869213 2.45031
655 -0.104801 0.975597 2.45031
655 -0.651786 -0.633885 2.45031
655 0.0645117 -0.0906056 2.45031
655 0.365968 0.373566 2.45031
655 -0.708894 -0.389327 2.45031
655 0.162505 -0.583376 2.45031
655 -0.536821 -0.588747 8.73349
655 0.0743057 0.619952 2.45031
655 -0.283447 0.389607 2.45031
655 -0.585038 -0.556912 2.45031
655 0.520988 -0.67714 2.45031
655 0.296204 0.819557 2.45031
655 -0.968924 -0.336397 8.73349
655 0.574552 -0.3038 2.45031
655 0.357609 -0.419002 2.45031
655 0.822763 0.238814 2.45031
655 0.286636 -0.230511 2.45031
655 0.184312 -0.0237585 2.45031
655 -0.760739 -0.0774332 2.45031
655 -0.379624 -0.148098 2.45031
655 0.247812 0.533107 2.45031
655 -0.410309 0.718152 2.45031
655 -0.764263 0.0896508 2.45031
655 0.141378 0.703744 2.45031
655 0.247943 0.675988 2.45031
655 0.690519 0.0787187 2.45031
655 0.0695566 0.864815 2.45031
655 0.792643 0.0963523 8.73349
655 0.318099 0.761175 2.45031
655 0.06731 0.486083 2.45031
655 0.338392 -0.223594 2.45031
655 -0.121535 0.488989 8.73349
655 -0.494836 -0.446482 8.73349
655 -0.244981 -0.0201013 2.45031
655 -0.0349131 -0.105396 2.45031
655 -0.483569 0.251137 2.45031
655 -0.397362 -0.0562101 2.45031
655 0.12659 0.858285 2.45031
655 0.519908 -0.531247 2.45031
655 -0.489847 -0.0340802 2.45031
655 0.536181 -0.728806 2.45031
655 -0.953273 0.185384 2.45031
655 0.193013 0.296419 2.45031
655 -0.373231 0.501177 8.73349
655 0.828282 0.496245 8.73349
655 -0.910616 0.133518 2.45031
655 -0.0722703 0.922271 2.45031
655 0.0579162 -0.957986 2.45031
655 -0.113035 0.308756 2.45031
655 0.430305 0.593279 2.45031
655 0.646722 -0.699534 2.45031
655 -0.889518 0.531391 2.45031
655 -0.357582 0.315738 2.45031
655 0.306032 -0.181779 2.45031
655 -0.235509 0.880028 2.45031
655 -0.274052 0.0767383 2.45031
655 -0.203039 0.15013 2.45031
655 0.244014 0.443834 2.45031
655 0.53685 0.129613 2.45031
655 0.335576 0.00425592 2.45031
655 0.165126 -0.292 2.45031
655 0.0474133 0.404354 2.45031
655 0.796016 0.442721 2.45031
655 -0.60582 0.178872 2.45031
655 -0.944817 0.415663 8.73349
655 0.639631 -0.545897 2.45031
655 0.246851 0.171009 2.45031
655 0.171434 0.383173 2.45031
655 0.776476 -0.357295 2.45031
655 -1.00651 0.229598 2.45031
655 -0.337229 0.536828 2.45031
655 -0.168114 -0.829912 2.45031
655 -0.608194 -0.672054 2.45031
655 -0.691326 -0.33853 2.45031
655 -0.445777 -0.473155 2.45031
655 -0.626466 -0.144064 2.45031
655 0.409144 0.195257 8.73349
655 0.112908 0.329236 2.45031
655 0.0657356 0.183361 2.45031
655 -0.292574 0.874849 2.45031
655 -0.102896 -1.00654 8.73349
655 -0.599128 -0.609083 2.45031
655 0.468706 0.55794 2.45031
655 0.888592 0.387695 8.73349
655 0.332617 0.413019 2.45031
655 -0.00928276 -0.146456 2.45031
655 0.631707 -0.30411 2.45031
655 -0.183427 -0.0847421 2.45031
655 0.00127783 0.559177 2.45031
655 0.147327 0.152234 2.45031
655 0.826521 0.392868 8.73349
655 0.0529225 0.665322 2.45031
655 0.112904 0.191848 2.45031
655 -0.387747 -0.683469 2.45031
655 0.663705 -0.76061 2.45031
655 -0.574085 0.0102056 2.45031
655 -0.104941 -0.0568731 2.45031
655 -0.204628 -0.308273 2.45031
655 0.143724 -0.339289 2.45031
655 0.21783 -0.286273 2.45031
655 0.439333 0.292715 8.73349
655 0.619485 0.516937 2.45031
655 0.00257809 0.1207 2.45031
655 1.01435 -0.0022209 8.73349
655 -0.892867 0.254909 2.45031
655 0.117149 -0.723712 2.45031
655 -0.0687979 0.166221 2.45031
655 -0.0855388 -0.106161 2.45031
655 0.115013 -0.0816672 2.45031
655 0.414384 -0.110683 2.45031
655 -0.304133 0.304463 2.45031
655 0.834029 -0.356909 2.45031
655 -0.286326 -0.65992 2.45031
655 -0.814231 -0.615681 2.45031
655 -0.261882 -0.571628 2.45031
655 -0.62256 0.533306 2.45031
655 -0.053892 -0.696248 2.45031
655 0.257341 0.942309 8.73349
655 -0.454986 -0.204146 2.45031
655 -0.780361 0.366578 2.45031
655 0.45241 0.339694 2.45031
655 0.583632 0.375807 8.73349
655 -0.685249 -0.157979 2.45031
655 0.0175584 0.977235 2.45031
655 0.0875921 -0.529429 2.45031
655 -0.811263 -0.109097 2.45031
655 -0.165455 -0.405323 2.45031
655 -0.210519 0.672398 2.45031
655 -0.0735254 -0.646582 2.45031
655 0.523935 0.374273 2.45031
655 -0.885495 -0.512299 2.45031
655 0.398533 -0.389278 8.73349
655 -0.597685 0.636456 2.45031
655 0.0443454 -0.804086 2.45031
655 -0.262976 -0.863067 2.45031
655 0.134532 -0.0330793 8.73349
655 -0.519933 0.351698 2.45031
655 0.206387 0.790903 2.45031
655 0.540266 0.875024 2.45031
655 0.558562 0.23815 2.45031
655 0.787383 0.656731 2.45031
655 0.558815 -0.840589 2.45031
655 0.23482 -0.0149652 2.45031
655 0.971948 0.312451 2.45031
655 -0.716567 0.0519405 2.45031
655 0.6472 0.376072 2.45031
655 -0.101683 0.577956 8.73349
655 -0.896149 0.19722 2.45031
655 0.79185 0.0440289 2.45031
655 0.174372 -0.49056 2.45031
655 0.371183 -0.127144 2.45031
655 -0.241918 -0.161654 2.45031
655 -0.956999 -0.168345 2.45031
655 0.0296346 0.601627 2.45031
655 -0.0472187 0.667346 2.45031
655 0.265809 0.0823095 2.45031
655 0.275168 0.88104 2.45031
655 0.708727 0.378743 2.45031
655 -1.01663 -0.149337 8.73349
655 0.349059 -0.884289 2.45031
655 -0.0343837 -0.74682 2.45031
655 0.642134 0.207625 2.45031
655 0.63918 -0.12567 8.73349
655 0.311479 -0.555895 2.45031
655 -1.00478 -0.212294 2.45031
655 -0.299015 0.716848 2.45031
655 0.579222 -0.537828 2.45031
655 -0.30445 -0.908964 2.45031
655 0.562804 -0.632751 2.45031
655 0.614247 -0.802911 2.45031
655 -0.307183 0.575528 2.45031
655 0.0685358 0.362953 8.73349
655 -0.453172 -0.416493 2.45031
655 0.702592 0.586831 2.45031
655 0.371896 0.234262 8.73349
655 -0.816907 -0.053594 2.45031
655 0.844265 0.0123337 2.45031
655 -0.377017 -0.197735 2.45031
655 0.34936 0.0540901 2.45031
655 -0.169867 -0.270511 2.45031
655 0.392519 -0.215842 2.45031
655 -0.351625 0.863379 2.45031
655 -0.282505 -0.803482 2.45031
655 -0.51177 -0.277641 2.45031
655 -0.0548925 0.428666 2.45031
655 0.738873 0.163309 2.45031
655 0.334325 0.273896 2.45031
655 -0.225752 -0.67006 2.45031
655 -0.183538 0.623967 2.45031
655 -0.112552 -0.412543 2.45031
655 0.125334 -0.397008 2.45031
