65 0.161148 -0.547841 2.45031
65 -0.385834 0.653886 2.45031
65 -0.458322 -0.62595 8.73349
65 0.964795 -0.0971264 2.45031
65 -0.165681 -0.556032 2.45031
65 0.946943 0.266786 8.73349
65 -0.353347 0.18773 2.45031
65 -0.389605 -0.225302 2.45031
65 -0.193601 -0.371403 8.73349
65 -0.146277 -0.0138947 2.45031
65 0.91199 -0.0743717 2.45031
65 0.16539 -0.823563 2.45031
65 -0.349226 0.60788 2.45031
65 0.493009 0.908847 8.73349
65 -0.0175787 0.157093 2.45031
65 0.666688 0.316953 2.45031
65 -0.838353 0.389829 2.45031
65 0.701896 0.1367 2.45031
65 -0.768972 -0.543068 2.45031
65 -0.451348 -0.358182 2.45031
65 -0.910855 0.487291 2.45031
65 -0.650384 0.0716894 2.45031
65 -0.211021 -0.271897 2.45031
65 0.673309 0.44333 2.45031
65 -1.03115 -0.0239031 2.45031
65 -0.917262 -0.453183 2.45031
65 0.33992 -0.585773 2.45031
65 -0.363229 0.465276 2.45031
65 0.808533 0.359971 2.45031
65 -0.319813 0.984636 2.45031
65 0.0347728 -0.657837 2.45031
65 -0.0158297 0.0269213 2.45031
65 0.421212 -0.157616 2.45031
65 0.444616 0.427086 8.73349
65 0.122165 -0.435688 2.45031
65 0.0909569 0.722125 2.45031
65 0.245234 -0.241457 2.45031
65 0.535414 -0.598628 2.45031
65 0.145501 0.813878 2.45031
65 0.606289 -0.506441 2.45031
65 0.0807053 -0.408852 2.45031
65 -0.787387 0.417161 2.45031
65 -0.264865 0.812665 2.45031
65 -0.726302 0.344291 2.45031
65 -0.649889 0.192416 2.45031
65 9.64595e-05 -0.459729 2.45031
65 -0.0598326 -0.454113 2.45031
65 0.198104 -0.327985 2.45031
65 0.329701 -0.526308 8.73349
65 0.688357 0.243769 2.45031
65 -0.817929 -0.518362 2.45031
65 -0.0330596 1.03461 8.73349
65 0.439385 0.687117 2.45031
65 0.659299 0.64407 2.45031
65 0.622553 -0.177901 2.45031
65 0.861541 0.45728 2.45031
65 0.371318 -0.171565 2.45031
65 0.70914 0.540017 2.45031
65 0.105029 -0.895278 2.45031
65 0.353994 0.803723 2.45031
65 -0.451136 0.0878168 2.45031
65 0.544056 -0.442784 2.45031
65 -0.824137 0.330355 8.73349
65 0.394487 0.549008 2.45031
65 0.554323 -0.49243 2.45031
65 0.623846 -0.391309 2.45031
65 -0.963038 0.368039 2.45031
65 -0.356029 -0.468578 2.45031
65 -0.637153 -0.463749 2.45031
65 -0.448238 0.418056 2.45031
65 -0.502713 0.209509 2.45031
65 0.477058 0.274383 2.45031
65 -0.550611 -0.0867487 2.45031
65 0.709763 0.407388 2.45031
65 -0.243912 -0.917402 2.45031
65 0.0322891 0.157884 2.45031
65 0.235277 -0.156574 2.45031
65 -0.569897 -0.844821 2.45031
65 0.67996 -0.015095 2.45031
65 -0.230164 0.431701 2.45031
65 0.714744 -0.0545427 2.45031
65 0.49625 0.423235 2.45031
65 -0.732211 -0.333887 2.45031
65 -0.477107 0.688339 2.45031
65 0.791379 0.00396296 2.45031
65 0.487466 0.730308 2.45031
65 -0.308748 0.165408 2.45031
65 -0.987736 -0.0594693 2.45031
65 -0.630235 0.246625 2.45031
65 0.542336 0.735719 2.45031
65 -0.220385 -0.553889 2.45031
65 -0.412013 -0.317434 2.45031
65 -0.0462709 0.798203 2.45031
65 -0.250612 0.295086 2.45031
65 0.798893 -0.0941728 2.45031
65 -0.851747 0.228099 2.45031
65 0.183581 -0.235608 2.45031
65 0.0705673 0.823898 2.45031
65 0.11778 -0.300122 2.45031
65 0.405314 0.63999 2.45031
65 0.186879 0.866707 8.73349
65 0.194832 -0.465286 2.45031
65 0.0775613 0.574222 2.45031
65 0.0586324 -0.308846 2.45031
65 -0.0955531 -0.0209246 2.45031
65 -0.86666 -0.308472 2.45031
65 -0.342241 0.755359 2.45031
65 -0.441638 0.80748 2.45031
65 0.196885 -0.129249 2.45031
65 -0.53946 -0.673843 2.45031
65 -0.440811 0.93697 2.45031
65 -0.419659 0.253181 2.45031
65 -0.0639421 -0.0614633 8.73349
65 0.402198 -0.301911 2.45031
65 0.545333 0.194471 2.45031
65 0.212184 -0.792892 2.45031
65 -0.729876 0.406846 2.45031
65 -0.0311701 0.913551 2.45031
65 -0.399604 -0.539657 2.45031
65 0.852521 0.122523 2.45031
65 0.379038 0.157739 2.45031
65 0.139303 0.748392 2.45031
65 0.529996 0.0791603 2.45031
65 -0.770023 -0.0213535 2.45031
65 -0.0244586 0.245092 2.45031
65 -0.533065 -0.185206 2.45031
65 -1.02862 0.0367758 2.45031
65 0.206609 0.0175705 2.45031
65 0.314361 0.60228 2.45031
65 0.436555 0.883577 2.45031
65 0.144365 -0.77472 2.45031
65 0.125298 0.974624 2.45031
65 0.119051 0.469223 2.45031
65 -0.140869 -0.756332 2.45031
65 0.39198 0.423145 2.45031
65 0.614285 -0.680122 2.45031
65 -0.0916202 0.833622 2.45031
65 0.134145 -0.248899 2.45031
65 -0.143959 -0.382719 2.45031
65 0.856473 0.201081 2.45031
65 -0.154328 0.135657 2.45031
65 0.658713 -0.274425 8.73349
65 -0.492532 -0.701223 2.45031
65 -0.615694 0.613767 8.73349
65 0.219976 -0.20354 2.45031
65 0.695396 -0.73808 8.73349
65 -0.223731 0.193901 2.45031
65 -0.0315844 -0.499812 2.45031
65 0.278917 -0.377288 2.45031
65 -0.0139935 -0.642888 2.45031
65 0.0760669 -0.687625 2.45031
65 -0.115829 -0.147714 2.45031
65 0.0496164 -0.560694 2.45031
65 -0.47287 0.464028 2.45031
65 -0.738378 0.458827 2.45031
65 0.372117 0.901561 8.73349
65 0.160601 0.642715 8.73349
65 0.87561 -0.147842 2.45031
65 -0.00706412 0.761053 2.45031
65 0.251589 -0.669225 2.45031
65 0.0212027 -0.504863 2.45031
65 0.716387 0.651339 2.45031
65 0.720655 0.478475 2.45031
65 0.300815 -0.897443 2.45031
65 0.116219 -0.53138 2.45031
65 0.785055 -0.633598 2.45031
65 0.384155 -0.741657 2.45031
65 -0.375486 0.800046 2.45031
65 0.03088 -0.0548098 2.45031
65 0.534739 -0.218409 2.45031
65 -0.515855 -0.758691 2.45031
65 0.739283 0.598389 2.45031
65 -0.735076 0.634337 2.45031
65 0.894332 -0.474086 2.45031
65 0.369782 0.597639 8.73349
65 0.454589 0.15106 2.45031
65 0.884755 -0.0268879 2.45031
65 0.201064 0.427219 2.45031
65 -0.719806 0.286964 2.45031
65 -0.720298 -0.658693 2.45031
65 -0.260081 0.934348 2.45031
65 0.472496 -0.15693 2.45031
65 0.430438 -0.711976 2.45031
65 -0.547885 -0.0335876 2.45031
65 0.181129 0.337531 2.45031
65 0.0169292 -0.277185 2.45031
65 0.0222865 -0.601815 2.45031
65 -0.420218 0.378589 2.45031
65 -0.159387 0.681995 2.45031
65 0.1428 0.420507 2.45031
65 -0.173356 0.768036 2.45031
65 -0.592014 -0.434714 2.45031
65 -0.500161 -0.0924116 2.45031
65 -0.616909 0.305298 2.45031
65 -0.673267 0.0237608 2.45031
65 1.00535 0.16624 2.45031
65 0.18647 0.76841 2.45031
65 -0.492133 -0.21562 2.45031
65 -0.796064 0.652146 2.45031
65 0.474171 -0.256799 2.45031
65 0.462903 0.834995 2.45031
65 0.742012 -0.100603 2.45031
65 0.742289 0.10286 2.45031
65 0.228487 -0.981869 2.45031
65 -0.0575831 -0.91527 2.45031
65 -0.0427991 0.577341 2.45031
65 0.929114 -0.138662 2.45031
65 -0.503827 -0.352725 8.73349
65 -0.0523234 0.282835 2.45031
65 0.480921 0.78351 2.45031
65 0.475844 0.375841 2.45031
65 0.734792 -0.000318904 8.73349
65 -0.0513801 0.973012 2.45031
65 -0.170172 -0.6504 2.45031
65 -0.407383 0.604612 2.45031
65 -0.0640076 -0.969856 2.45031
65 0.0346509 0.718498 2.45031
65 0.479929 -0.358017 2.45031
65 0.216016 0.0660673 2.45031
65 0.0316732 -0.418554 2.45031
65 0.898359 0.164194 2.45031
65 -0.739203 -0.241546 2.45031
65 -0.506388 -0.629969 2.45031
65 0.114425 0.671249 2.45031
65 -0.498412 0.845838 2.45031
65 0.377719 0.503552 2.45031
65 0.0798986 -0.0615301 2.45031
65 0.270137 -0.841517 2.45031
65 0.53431 0.566968 2.45031
65 -0.640436 -0.527424 2.45031
65 0.0402477 -1.00682 2.45031
65 -0.294584 -0.621635 2.45031
65 -0.600005 -0.100172 2.45031
65 0.281077 -0.506967 2.45031
65 0.766575 -0.452966 2.45031
65 0.547391 0.410049 2.45031
65 0.402895 -0.855117 2.45031
65 0.570813 -0.398067 2.45031
65 0.0644879 -0.0151084 2.45031
65 -0.155553 -0.334359 2.45031
65 -0.0899277 0.375456 2.45031
65 -0.776384 -0.120193 2.45031
65 -0.202246 0.893674 8.73349
65 0.146592 -0.695223 2.45031
65 -0.678751 0.611998 2.45031
65 -0.278144 -0.399759 2.45031
65 -0.902701 -0.119547 2.45031
65 0.167385 0.0534046 2.45031
65 0.011892 0.0690592 2.45031
65 -0.148647 0.451388 2.45031
65 0.0804171 0.248567 2.45031
65 -0.0709253 -0.39959 2.45031
65 0.249567 0.777385 2.45031
65 -0.350356 -0.522666 2.45031
65 -0.446793 0.874343 2.45031
65 0.464344 -0.105724 2.45031
65 -0.373147 -0.583149 8.73349
65 -0.204123 0.950485 2.45031
65 -0.0323221 -0.595051 2.45031
65 -0.125789 0.338731 2.45031
65 -0.557468 0.876442 2.45031
65 0.216287 -0.631208 2.45031
65 -0.560805 -0.227222 2.45031
65 -0.38135 0.0908318 2.45031
65 0.738866 -0.501944 2.45031
65 0.0364214 0.0264007 2.45031
65 0.70452 -0.453318 2.45031
65 -0.133326 0.73092 2.45031
65 -0.680336 0.475677 2.45031
65 0.16004 0.19973 2.45031
65 1.00748 -0.140491 8.73349
65 -0.612696 0.0422396 2.45031
65 -0.13983 0.806667 2.45031
65 0.0387592 0.112536 2.45031
65 -0.384417 0.905649 2.45031
65 0.274646 0.12258 8.73349
65 0.0153549 0.867303 2.45031
65 0.0951706 -0.16777 2.45031
65 -1.02648 -0.10343 2.45031
65 -0.159951 -0.8982 2.45031
65 -0.434485 -0.579229 2.45031
65 -0.403587 -0.778933 2.45031
65 0.112456 0.382782 2.45031
65 -0.581303 0.261975 2.45031
65 0.789147 -0.252238 2.45031
65 0.959312 -0.0312633 2.45031
65 -0.0944093 0.696809 2.45031
65 0.236003 0.395257 2.45031
65 0.0879581 0.111472 2.45031
65 0.3191 -0.272873 2.45031
65 -0.262821 0.565482 2.45031
65 -0.469964 0.0420493 8.73349
65 0.851455 0.57389 2.45031
65 0.324514 0.504324 2.45031
65 0.740889 -0.584989 8.73349
65 -0.787062 -0.468933 2.45031
65 -0.230637 -0.987304 8.73349
65 -0.928017 0.0924854 2.45031
65 0.256355 0.306121 2.45031
65 0.0476281 -0.190978 2.45031
65 -0.397131 0.848282 2.45031
65 -0.650389 0.122512 8.73349
65 -0.56113 -0.723045 2.45031
65 -0.201122 -0.753808 2.45031
65 -0.639518 -0.194209 2.45031
65 0.514318 0.623053 2.45031
65 0.496256 0.677342 2.45031
65 0.367706 0.105845 2.45031
65 0.162895 -0.880057 2.45031
65 0.349714 -0.69794 2.45031
65 0.0294457 0.456277 2.45031
65 0.39574 -0.669301 2.45031
65 0.249142 -0.593178 2.45031
65 0.42496 -0.571729 2.45031
65 0.355942 0.457102 2.45031
65 -0.458791 0.342072 2.45031
65 0.337746 -0.849069 2.45031
65 -0.738033 -0.486769 2.45031
65 0.672642 -0.179862 2.45031
65 -0.223379 0.380406 2.45031
65 0.680296 -0.387909 2.45031
65 -0.545554 -0.404235 2.45031
65 -0.96349 0.255719 8.73349
65 -0.0911196 1.02072 8.73349
65 0.859722 -0.20337 2.45031
65 -0.691266 0.225917 2.45031
65 0.0119431 0.813394 2.45031
65 -0.19279 -0.602055 2.45031
65 -0.033646 0.481594 2.45031
65 0.699695 -0.534888 8.73349
65 0.651 -0.339234 2.45031
65 0.703761 0.188081 2.45031
65 -0.238364 0.103725 2.45031
65 -0.618921 0.834634 2.45031
65 0.340451 -0.954482 2.45031
65 -0.872725 0.0724879 2.45031
65 -0.24143 0.624503 2.45031
65 0.822642 -0.145064 2.45031
65 -0.287447 -0.968533 2.45031
65 0.594122 -0.346583 2.45031
65 0.59373 0.295004 2.45031
65 -0.214452 0.584244 2.45031
65 -0.4997 0.908714 2.45031
65 -0.048779 -0.151043 2.45031
65 -0.122313 -0.945663 2.45031
65 0.815217 0.304865 2.45031
65 0.512763 -0.122033 2.45031
65 -0.195335 0.469746 2.45031
65 0.182867 0.247481 2.45031
65 0.207731 0.203017 2.45031
65 0.809163 0.623423 8.73349
65 -0.131591 -0.20627 2.45031
65 0.0544691 -0.742725 2.45031
65 -0.381431 0.287834 2.45031
65 -0.866259 0.439662 2.45031
65 0.329741 -0.751783 2.45031
65 -0.187332 -0.70333 2.45031
65 0.780377 -0.551 2.45031
65 -0.328787 0.420821 2.45031
65 -0.762767 0.700877 8.73349
65 -0.30499 -0.480211 2.45031
65 -0.591002 -0.183176 2.45031
65 -0.990346 0.308098 2.45031
65 -0.243099 -0.612262 2.45031
65 -0.170356 0.18296 2.45031
65 0.0950266 -0.344872 2.45031
65 -0.726022 -0.0705356 2.45031
65 0.951474 -0.352523 8.73349
65 -0.13612 -0.703283 2.45031
65 0.360214 -0.48707 2.45031
65 -0.239375 0.241585 2.45031
65 -0.331374 0.0917989 2.45031
65 -0.963373 -0.118671 2.45031
65 0.518311 -0.866508 2.45031
65 -0.39707 0.16329 2.45031
65 0.622228 0.437745 2.45031
65 -0.207615 1.01107 2.45031
65 -0.627454 -0.803408 2.45031
65 -0.109887 -0.465532 2.45031
65 1.01334 0.100005 8.73349
65 0.346452 -0.312745 2.45031
65 -0.293412 0.612088 2.45031
65 -0.00269976 -0.549639 2.45031
65 0.640914 -0.626299 2.45031
65 -0.727506 -0.716925 2.45031
65 -0.468973 0.592453 2.45031
65 -0.298224 -0.527659 2.45031
65 0.553414 -0.0949215 2.45031
65 0.732349 0.712523 2.45031
65 -0.509483 0.159571 2.45031
65 -0.583324 0.348027 2.45031
65 0.637035 0.111777 2.45031
65 -0.118713 0.167506 2.45031
65 0.984557 -0.24392 2.45031
65 0.52426 -0.265465 2.45031
65 0.915936 -0.250014 2.45031
65 0.759475 0.438861 2.45031
65 -0.848416 -0.461679 8.73349
65 -0.707824 -0.600242 2.45031
65 -0.286098 0.759482 2.45031
65 0.16954 -0.994753 2.45031
65 0.338885 0.552558 2.45031
65 -0.702003 -0.278458 2.45031
65 -0.61664 0.774045 2.45031
65 0.0101987 -0.774181 2.45031
65 -0.601901 -0.325509 2.45031
65 -0.101917 -0.359727 2.45031
65 -0.013704 0.434982 8.73349
65 0.346032 -0.638633 2.45031
65 -0.263234 0.996277 8.73349
65 0.133603 0.0200729 2.45031
65 0.605081 0.658308 2.45031
65 0.572997 0.0460798 2.45031
65 -0.0259281 -0.30356 2.45031
65 -0.163898 0.308028 2.45031
65 0.357938 0.303145 2.45031
65 0.980134 -0.188582 2.45031
65 0.328481 0.35163 2.45031
65 -0.265289 -0.190117 2.45031
65 -0.569578 -0.785336 2.45031
65 -0.904056 -0.352129 2.45031
65 -0.772985 -0.367273 2.45031
65 0.524831 0.0219111 8.73349
65 0.761493 0.517582 2.45031
65 0.410246 -0.443144 2.45031
65 -0.0824043 -0.506107 2.45031
65 0.386431 0.255476 8.73349
65 -0.676604 0.531335 2.45031
65 0.520521 0.468989 2.45031
65 -0.685598 0.156707 2.45031
65 0.276369 -0.0147405 2.45031
65 -0.124469 -0.25478 2.45031
65 0.252248 0.0247923 2.45031
65 0.0730815 -0.621436 2.45031
65 0.449187 -0.474062 8.73349
65 0.395637 0.330018 2.45031
65 0.739451 0.22704 2.45031
65 0.19312 0.538184 2.45031
65 -0.411309 0.206964 2.45031
65 0.583952 -0.72948 2.45031
65 0.600502 0.713248 2.45031
65 0.230255 -0.373751 2.45031
65 -0.607223 -0.243347 2.45031
65 0.665881 -0.0751248 2.45031
65 0.21634 -0.852933 2.45031
65 -0.0782245 0.467948 2.45031
65 0.550403 0.676432 2.45031
65 -0.403933 0.753592 2.45031
65 -0.0809428 -0.229116 2.45031
65 0.197168 -0.580761 8.73349
65 0.788615 0.210023 2.45031
65 -0.866019 0.286025 2.45031
65 -0.509876 0.426259 2.45031
65 0.281158 -0.96166 8.73349
65 0.644888 0.545107 2.45031
65 -0.595722 -0.0443105 2.45031
65 -0.242677 0.0386338 2.45031
65 0.759552 0.383167 2.45031
65 -0.719768 -0.0138077 2.45031
65 -0.205375 -0.864452 2.45031
65 -0.525983 0.26031 2.45031
65 0.241219 -0.540338 2.45031
65 0.126259 0.606707 2.45031
65 0.406235 -0.504293 2.45031
65 -0.403201 -0.628926 2.45031
65 -0.329563 -0.376133 2.45031
65 0.132992 0.244568 8.73349
65 0.575462 -0.00306073 2.45031
65 -0.405779 -0.377964 2.45031
65 0.425682 -0.256476 2.45031
65 0.180881 -0.176641 2.45031
65 -0.262467 0.348065 2.45031
65 -0.466208 -0.260438 2.45031
65 -0.0855181 0.248722 2.45031
65 0.198352 -0.927781 2.45031
65 -0.931808 -0.0636354 2.45031
65 -0.677753 -0.0386092 2.45031
65 -0.00169594 -0.958187 2.45031
65 -0.649575 -0.411467 2.45031
65 0.0876177 0.0262366 2.45031
65 0.583542 0.777729 2.45031
65 -0.138168 -0.511993 2.45031
65 0.714472 0.289567 2.45031
65 0.450851 -0.30864 2.45031
65 -0.87582 -0.251452 2.45031
65 0.769226 -0.0467884 2.45031
65 -0.453859 -0.0642079 2.45031
65 -0.146452 0.912129 2.45031
65 0.651971 -0.436934 2.45031
65 -0.17259 0.511834 2.45031
65 -0.820861 0.554026 2.45031
65 -0.0249378 -1.01539 2.45031
65 0.00395505 0.286652 8.73349
65 0.502004 -0.497905 8.73349
65 0.828206 -0.0446181 2.45031
65 -0.517258 -0.304132 2.45031
65 -0.156158 -0.0609884 2.45031
65 0.430394 -0.360977 2.45031
65 -0.187586 0.103171 2.45031
65 0.217733 0.728387 2.45031
65 -0.374114 0.561166 2.45031
65 0.451325 -0.827484 2.45031
65 -0.363156 0.377815 2.45031
65 0.200722 -0.516221 8.73349
65 0.00289103 0.384346 2.45031
65 0.298521 -0.32963 2.45031
65 -0.377104 -0.82634 2.45031
65 0.620673 0.598403 2.45031
65 0.587989 0.552419 2.45031
65 -0.077246 0.623981 2.45031
65 0.430596 0.742056 2.45031
65 0.108056 0.289306 2.45031
65 -0.917671 0.0343138 2.45031
65 0.44029 -0.204635 2.45031
65 0.498412 0.32063 2.45031
65 -0.10528 0.427337 2.45031
65 -0.462333 -0.902139 8.73349
65 0.692515 -0.119851 2.45031
65 0.572788 0.455083 2.45031
65 0.415312 0.125578 8.73349
65 -0.0865749 0.20368 8.73349
65 -0.317639 0.222545 2.45031
65 -0.127324 0.540603 2.45031
65 -0.808347 0.270122 2.45031
65 0.460005 0.632038 2.45031
65 -0.361186 -0.732869 2.45031
65 -0.502894 0.636411 2.45031
65 0.00461695 -0.377697 2.45031
65 -0.416142 -0.267804 2.45031
65 0.0142326 -0.329867 2.45031
65 0.135813 0.113522 2.45031
65 0.307464 0.305689 2.45031
65 -0.463628 -0.308774 2.45031
65 -0.249711 -0.506343 2.45031
65 0.859609 -0.092304 2.45031
65 0.42654 0.940353 8.73349
65 -0.673824 0.788521 2.45031
65 -0.560621 0.436808 2.45031
65 -0.640133 -0.0702599 2.45031
65 -1.02363 0.100835 8.73349
65 -0.683132 -0.492823 2.45031
65 -0.260316 -0.26483 2.45031
65 0.300183 0.0337998 2.45031
65 -0.842089 -0.206642 2.45031
65 0.2765 0.493877 2.45031
65 -0.487419 -0.566716 2.45031
65 -0.454036 -0.813354 2.45031
65 -0.729779 0.129032 2.45031
65 -0.539129 0.680257 2.45031
65 0.720913 -0.16529 2.45031
65 -0.698316 0.0870969 2.45031
65 0.382898 -0.347407 2.45031
65 -0.0929733 0.0688713 2.45031
65 0.735335 -0.405089 2.45031
65 0.0922595 1.03037 8.73349
65 0.511063 -0.397737 2.45031
65 -0.499747 0.789921 2.45031
65 -0.669499 0.325148 2.45031
65 0.33013 0.705997 2.45031
65 0.625257 0.0625126 2.45031
65 -0.273561 0.202354 2.45031
65 -0.639279 0.566461 2.45031
65 -0.0226108 0.325765 2.45031
65 0.581128 -0.251848 2.45031
65 -0.214836 -0.463732 2.45031
65 0.43585 0.238295 2.45031
65 -0.8388 -0.365802 2.45031
65 -0.332861 -0.087676 2.45031
65 0.874462 0.285435 2.45031
65 0.0887862 0.428269 2.45031
65 0.153808 0.510431 2.45031
65 0.610227 -0.0913388 2.45031
65 -0.0612225 0.737988 2.45031
65 -0.808466 -0.414806 2.45031
65 0.214935 0.627283 8.73349
65 -0.404143 -0.439358 2.45031
65 -0.425156 -0.85959 2.45031
65 -0.491112 0.295593 2.45031
65 0.215609 0.484174 2.45031
65 -0.0444685 -0.797891 2.45031
65 0.188409 0.965714 2.45031
65 -0.487034 0.381791 2.45031
65 0.325242 0.129389 2.45031
65 -0.41797 -0.723557 2.45031
65 -0.90435 0.391002 2.45031
65 0.160574 1.02301 2.45031
65 -0.930767 -0.23057 2.45031
65 -0.850465 0.0191309 2.45031
65 -0.44403 0.643816 2.45031
65 -0.292366 0.119232 2.45031
65 0.167591 -0.424527 2.45031
65 0.218313 0.911216 2.45031
65 -0.415217 0.0523615 2.45031
65 0.28433 -0.724082 2.45031
65 -0.173909 -0.233938 2.45031
65 -0.669848 0.274372 2.45031
65 -0.892845 -0.181779 2.45031
65 0.917 0.326888 2.45031
65 0.816298 0.163849 2.45031
65 -0.548422 0.112449 2.45031
65 0.922467 0.445443 8.73349
65 0.887979 -0.298957 2.45031
65 0.0824105 0.157377 2.45031
65 -0.0863282 -0.181538 2.45031
65 0.725507 0.0502072 8.73349
65 -0.457878 0.145031 2.45031
65 -0.719318 0.571739 2.45031
65 0.283746 0.169813 2.45031
65 0.100473 0.522149 2.45031
65 0.285906 0.401755 2.45031
65 -0.61698 -0.739948 2.45031
65 -0.31366 0.046638 2.45031
65 -0.0880969 -0.758463 2.45031
65 0.537973 -0.352444 2.45031
65 -0.546972 0.527701 2.45031
65 0.826926 -0.584642 2.45031
65 -0.470746 -0.172722 2.45031
65 -0.799304 -0.166064 2.45031
65 0.179891 -0.377747 2.45031
65 -0.578356 0.485159 2.45031
65 -0.562982 0.060491 2.45031
65 -0.965762 0.132939 2.45031
65 0.477502 -0.689826 2.45031
65 -0.25719 0.152885 2.45031
65 0.0955912 0.923732 2.45031
65 -0.381771 -0.0830335 2.45031
65 0.60074 0.242357 2.45031
65 0.900827 0.234673 2.45031
65 -0.150561 0.858996 2.45031
65 0.416597 0.473718 8.73349
65 -0.874572 -0.0650403 2.45031
65 0.629358 -0.230973 2.45031
65 0.0569077 -0.460181 2.45031
65 -0.365425 -0.409373 2.45031
65 -0.428782 0.00469653 2.45031
65 0.287064 0.554852 2.45031
65 -0.145527 -0.842725 2.45031
65 -0.728391 0.51344 2.45031
65 0.889451 0.510106 2.45031
65 -0.66379 -0.701794 2.45031
65 -0.0983239 0.77275 2.45031
65 -0.28231 0.00805121 2.45031
65 -0.817634 -0.263957 2.45031
65 -0.31311 0.368711 2.45031
65 0.622954 0.342369 2.45031
65 -0.987668 -0.277427 2.45031
65 -0.136184 0.603157 8.73349
65 0.278871 0.353263 2.45031
65 -0.565222 -0.624927 8.73349
65 -0.776785 0.168153 2.45031
65 0.457003 -0.0533088 2.45031
65 -0.769848 0.305557 2.45031
65 -0.898473 -0.0149872 2.45031
65 0.576154 -0.0516655 2.45031
65 0.232623 0.253352 2.45031
65 0.630558 0.816141 2.45031
65 0.696444 -0.30814 2.45031
65 0.170482 0.464511 2.45031
65 0.894295 -0.353531 2.45031
65 0.110426 -0.83801 2.45031
65 0.832119 0.0685904 2.45031
65 -0.519833 0.482891 2.45031
65 -0.290523 -0.346247 2.45031
65 -0.717021 0.744488 2.45031
65 0.800371 -0.407673 8.73349
65 0.0283409 1.03202 8.73349
65 -0.491389 0.536141 2.45031
65 0.415204 -0.923952 2.45031
65 -0.4385 0.297737 2.45031
65 -0.157472 0.0384024 2.45031
65 -0.141599 0.082023 2.45031
65 0.0625466 0.975382 2.45031
65 0.471309 -0.595979 2.45031
65 -0.703777 0.682515 2.45031
65 -0.452846 -0.523367 2.45031
65 -0.431123 0.556798 2.45031
65 -0.513934 0.729578 2.45031
65 -0.593983 -0.499016 2.45031
65 -0.120235 0.651689 2.45031
65 -0.226906 -0.413256 2.45031
65 0.639878 0.755728 2.45031
65 0.754811 0.326908 2.45031
65 -0.784938 -0.219297 2.45031
65 -0.778795 -0.663539 8.73349
65 -0.197496 -0.19162 2.45031
65 -0.724758 -0.124861 8.73349
65 0.0536519 -0.365966 2.45031
65 -0.551021 0.213586 2.45031
65 -0.417348 0.462677 2.45031
65 0.680933 -0.591455 2.45031
65 0.66726 0.699936 2.45031
65 -0.000686448 -0.835535 2.45031
65 -0.113433 0.0251368 2.45031
65 0.404655 -0.0616456 8.73349
65 -0.287458 -0.0927039 2.45031
65 0.26687 0.619078 2.45031
65 0.553131 0.511079 2.45031
65 0.371082 -0.0270002 8.73349
65 0.390017 0.0218157 2.45031
65 0.0305115 0.245909 2.45031
65 -0.243673 0.486065 2.45031
65 -0.446189 -0.676888 2.45031
65 0.600345 -0.450452 2.45031
65 -0.230585 -0.225125 2.45031
65 0.57822 -0.195482 2.45031
65 0.9573 0.130615 2.45031
65 -0.0700332 -0.324607 2.45031
65 0.243845 -0.475948 2.45031
65 0.10691 -1.0082 8.73349
65 -0.329773 0.657023 2.45031
65 0.00821668 -0.0144451 2.45031
65 0.181587 -0.741494 2.45031
65 -0.31823 0.812171 2.45031
65 0.00846204 0.202267 2.45031
65 -0.381124 0.964772 2.45031
65 0.304602 0.450654 2.45031
65 0.865386 -0.40941 2.45031
65 0.994993 0.233477 8.73349
65 -0.407151 -0.930084 8.73349
65 -0.74766 0.242532 8.73349
65 -0.794375 0.217115 2.45031
65 0.333785 0.176526 8.73349
65 0.785057 0.568817 2.45031
65 0.103256 -0.477627 8.73349
65 0.566746 0.614346 2.45031
65 0.314107 -0.80151 2.45031
65 0.317845 -0.0380734 2.45031
65 -0.191666 -0.94185 2.45031
65 -0.329179 -0.683267 2.45031
65 0.467436 0.201777 2.45031
65 -0.175647 0.35919 2.45031
65 -0.25829 -0.311092 2.45031
65 0.246626 -0.90399 2.45031
65 -0.367689 0.23645 2.45031
65 0.245903 -0.105366 2.45031
65 0.903946 0.105199 2.45031
65 0.157953 -0.105351 2.45031
65 -0.669612 0.425577 2.45031
65 -0.352057 0.135983 2.45031
65 0.49749 0.523407 2.45031
65 -0.496502 0.11012 2.45031
65 -0.314335 0.475872 2.45031
65 -0.514004 0.0645615 2.45031
65 0.949316 0.0672709 2.45031
65 0.625509 0.011321 2.45031
65 0.468086 0.477413 2.45031
65 0.335583 -0.367454 2.45031
65 0.595554 0.192385 2.45031
65 -0.102329 -0.811068 2.45031
65 -0.248512 -0.0596199 2.45031
65 -0.0657583 0.0223393 2.45031
65 -0.60923 0.152204 2.45031
65 0.118501 0.0687301 8.73349
65 -0.347299 -0.952512 8.73349
65 0.463796 -0.889089 2.45031
65 0.652109 0.160207 2.45031
65 0.258701 -0.0586879 2.45031
65 -0.836942 0.173116 2.45031
65 -0.133397 0.217922 2.45031
65 0.860297 -0.528797 2.45031
65 -0.14834 1.02781 8.73349
65 0.502601 -0.642277 2.45031
65 -0.557997 0.618775 2.45031
65 0.0302376 0.921275 2.45031
65 0.924641 -0.414662 8.73349
65 0.0466594 -0.2414 2.45031
65 0.674406 0.0355119 2.45031
65 0.848782 -0.254625 2.45031
65 -0.0290228 -0.252316 2.45031
65 0.233554 -0.731562 2.45031
65 0.835879 -0.4583 8.73349
65 -0.0846553 -0.600067 2.45031
65 0.479276 -0.00607819 2.45031
65 -0.6546 0.723748 2.45031
65 -0.0202913 0.62067 2.45031
65 -0.15853 -0.166868 2.45031
65 0.746263 -0.211375 2.45031
65 0.165696 -0.0532952 2.45031
65 -0.366404 -0.888215 2.45031
65 0.227309 0.349514 2.45031
65 0.308991 -0.465782 2.45031
65 -0.632257 0.365924 8.73349
65 0.0530359 0.293589 2.45031
65 -0.0390944 -0.200599 2.45031
65 -0.786718 0.118173 2.45031
65 -0.332436 0.275515 2.45031
65 0.481405 -0.754528 2.45031
65 0.263347 -0.781214 2.45031
65 0.920246 -0.196267 2.45031
65 0.442243 0.526671 2.45031
65 -0.549961 -0.466751 2.45031
65 0.0924749 -0.783438 2.45031
65 0.25124 0.843247 2.45031
65 0.762809 -0.303641 2.45031
65 0.495242 0.115221 2.45031
65 -0.19588 0.720758 2.45031
65 -0.975749 0.0593128 2.45031
65 -0.161061 -0.466405 2.45031
65 0.282682 -0.136461 2.45031
65 -0.18943 -0.130372 2.45031
65 0.141624 -0.94165 2.45031
65 0.0422093 -0.922623 8.73349
65 0.313254 0.0822844 2.45031
65 -0.554115 -0.345481 2.45031
65 -0.944967 -0.396638 8.73349
65 -0.264102 -0.451941 8.73349
65 -0.876705 -0.408354 2.45031
65 -0.107237 0.117901 2.45031
65 0.0492254 0.768813 2.45031
65 0.599898 -0.576608 2.45031
65 0.269566 -0.430529 2.45031
65 -0.41511 0.121528 2.45031
65 0.302343 -0.673381 2.45031
65 0.486374 0.0527816 2.45031
65 -0.241872 -0.110267 2.45031
65 -0.202126 0.276056 2.45031
65 -0.0133861 -0.0656334 2.45031
65 -0.00666869 -0.891723 2.45031
65 -0.80837 -0.320211 2.45031
65 -0.381409 -0.000552876 8.73349
65 -0.386869 0.420347 2.45031
65 -0.569801 -0.284866 2.45031
65 0.694953 0.761627 2.45031
65 0.0845711 -0.267633 2.45031
65 0.416474 0.795793 2.45031
65 0.504278 -0.0693589 8.73349
65 -0.274269 0.665824 2.45031
65 -0.187213 0.228885 2.45031
65 0.291295 -0.621039 2.45031
65 0.0963858 -0.117962 2.45031
65 0.00904357 0.663015 2.45031
65 0.389478 0.846642 8.73349
65 0.576742 0.853224 2.45031
65 0.38467 0.694659 2.45031
65 -0.278451 0.447098 2.45031
65 -0.592618 0.71801 2.45031
65 -0.422918 -0.106426 2.45031
65 -0.929254 0.312216 2.45031
65 0.660654 -0.490709 2.45031
65 0.425851 -0.0138876 2.45031
65 -0.458148 0.748644 2.45031
65 0.365657 0.964403 2.45031
65 -0.0409473 0.369475 2.45031
65 0.113967 -0.650494 2.45031
65 -0.635926 -0.289432 2.45031
65 -0.165553 -0.996915 2.45031
65 0.369857 -0.262533 2.45031
65 -0.197376 -0.0356704 8.73349
65 0.299583 -0.0838909 2.45031
65 -0.650575 0.663984 2.45031
65 -0.226834 -0.811258 2.45031
65 0.501271 -0.310461 2.45031
65 -0.024079 0.533288 2.45031
65 -0.285029 0.259721 2.45031
65 0.134734 0.558435 2.45031
65 -0.109395 -0.55457 8.73349
65 -0.0555302 -0.549198 2.45031
65 -0.213592 0.327654 2.45031
65 -0.342862 -0.236306 2.45031
65 -0.0594328 0.110633 2.45031
65 0.503938 0.234307 2.45031
65 -0.763501 -0.290025 2.45031
65 0.282056 0.261409 2.45031
65 -0.559603 0.160991 2.45031
65 0.802269 -0.199008 2.45031
65 0.27098 -0.284121 2.45031
65 -0.0189028 0.707684 2.45031
65 0.928592 0.0122759 2.45031
65 0.717991 -0.638385 2.45031
65 0.454081 -0.529428 2.45031
65 -0.323286 -0.575309 8.73349
65 0.504229 0.168433 2.45031
65 0.554502 -0.777259 2.45031
65 -0.282348 0.517665 2.45031
65 -0.661259 -0.24338 2.45031
65 -0.148072 0.26145 2.45031
65 -0.881159 0.342035 2.45031
65 -0.352788 -0.0428857 2.45031
65 -0.602739 0.40589 2.45031
65 -0.595171 -0.381915 2.45031
65 -0.0416565 0.0672091 2.45031
65 -0.849769 0.497141 2.45031
65 -0.683682 0.378004 2.45031
65 0.665378 0.495962 2.45031
65 -0.308951 -0.277995 2.45031
65 0.742747 -0.689207 2.45031
65 -0.509498 -0.817672 2.45031
65 0.531985 -0.165233 8.73349
65 0.0542791 -0.867042 8.73349
65 -0.926386 -0.289974 2.45031
65 0.3253 0.859586 2.45031
65 0.537649 0.293516 2.45031
65 -0.145981 0.970863 2.45031
65 0.00518206 -0.21742 2.45031
65 -0.33201 -0.136536 2.45031
65 -0.0255707 -0.417806 2.45031
65 -0.632355 -0.00773497 2.45031
65 0.450095 -0.408459 2.45031
65 -0.773092 0.587885 2.45031
65 0.221541 -0.421078 2.45031
65 -0.103634 -0.882796 2.45031
65 -0.404217 -0.490165 2.45031
65 0.687929 -0.228171 2.45031
65 -0.194225 -0.509838 2.45031
65 0.201282 0.67824 2.45031
65 -0.74914 -0.419381 2.45031
65 -0.698242 -0.438184 2.45031
65 -0.0572728 -0.852221 2.45031
65 -0.786776 0.0244529 2.45031
65 0.230211 1.0096 2.45031
65 0.179913 0.587843 2.45031
65 0.206166 -0.0773446 2.45031
65 -0.0751143 0.326232 2.45031
65 0.04985 0.533326 2.45031
65 0.527027 -0.029154 2.45031
65 -0.501831 -0.506958 2.45031
65 0.424086 0.37793 8.73349
65 -0.324423 0.926829 2.45031
65 -0.322775 -0.848507 2.45031
65 -0.367376 -0.281849 2.45031
65 -0.77944 0.517631 2.45031
65 0.377391 -0.801133 2.45031
65 0.727728 -0.263015 2.45031
65 0.863044 0.346767 2.45031
65 -0.330031 -0.00111086 2.45031
65 -0.303041 -0.731858 2.45031
65 -0.337933 -0.781828 2.45031
65 0.274418 0.726431 2.45031
65 -0.13813 -0.602087 2.45031
65 -0.319231 -0.18551 2.45031
65 -0.283926 -0.143509 2.45031
65 -0.698533 -0.20729 2.45031
65 0.317762 -0.411877 2.45031
65 0.945775 0.381671 8.73349
65 0.178745 0.101533 2.45031
65 0.0644473 0.0688866 2.45031
65 0.441655 -0.641901 2.45031
65 -0.293664 -0.228661 2.45031
65 -0.546533 0.38337 2.45031
65 -0.803369 0.465428 2.45031
65 -0.815551 0.0671513 2.45031
65 -0.838623 0.610426 2.45031
65 -0.624712 0.453692 2.45031
65 0.50506 -0.808176 8.73349
65 0.88628 0.0506452 2.45031
65 0.300533 0.66184 2.45031
65 0.374405 0.749378 2.45031
65 0.247611 -0.327013 2.45031
65 0.139079 -0.148289 2.45031
65 -0.182758 0.414007 2.45031
65 0.392729 -0.610991 2.45031
65 -0.244157 -0.710588 2.45031
65 -0.138406 0.391146 2.45031
65 0.0137055 0.501607 2.45031
65 0.257777 0.211777 2.45031
65 -0.0407248 0.202215 2.45031
65 -0.257891 -0.761784 2.45031
65 -0.116193 -0.305358 2.45031
65 0.048953 -0.144882 2.45031
65 -0.0748157 0.522513 2.45031
65 -0.221036 0.530361 2.45031
65 0.0845175 0.330778 8.73349
65 -0.841808 0.120317 2.45031
65 -0.363738 0.0445023 2.45031
65 0.488396 -0.205038 2.45031
65 0.452845 0.0908251 2.45031
65 0.804249 -0.50248 2.45031
65 -0.25095 0.715872 2.45031
65 -0.242025 -0.361949 2.45031
65 0.595445 0.145402 2.45031
65 -0.567767 -0.139341 2.45031
65 -0.763656 -0.599756 2.45031
65 0.183344 0.152318 2.45031
65 0.769289 -0.149156 2.45031
65 0.156614 0.291716 2.45031
65 -0.198354 0.822558 2.45031
65 -0.462109 -0.754627 2.45031
65 0.77003 0.271487 2.45031
65 -0.418561 -0.166512 2.45031
65 0.225231 0.11563 2.45031
65 0.10125 0.782372 2.45031
65 -0.195768 0.0109542 2.45031
65 -0.370837 -0.343079 2.45031
65 0.317023 0.925694 2.45031
65 -0.171259 0.565518 2.45031
65 0.200565 -0.687163 2.45031
65 0.43029 -0.774878 2.45031
65 0.0977688 -0.578418 2.45031
65 0.00375954 -0.116705 2.45031
65 -0.850034 -0.143668 2.45031
65 -0.145354 -0.108738 2.45031
65 0.0165343 -0.708708 8.73349
65 -0.728331 0.189191 2.45031
65 1.00056 0.0434752 8.73349
65 -0.598818 0.100112 2.45031
65 0.40611 0.071514 2.45031
65 -0.521437 0.0144595 2.45031
65 -0.228711 0.770448 2.45031
65 0.822047 -0.303635 2.45031
65 -0.46306 -0.126085 2.45031
65 -0.516416 -0.139368 2.45031
65 -0.449578 0.508635 2.45031
65 -0.676895 -0.102415 2.45031
65 -0.399561 0.334739 2.45031
65 -0.494922 -0.40108 2.45031
65 -0.0732842 -0.275341 2.45031
65 0.947507 0.194639 2.45031
65 -0.677901 -0.761325 8.73349
65 0.721829 -0.351198 2.45031
65 0.166453 -0.641998 2.45031
65 -0.041099 -0.0198433 2.45031
65 0.580291 -0.13901 2.45031
65 -0.297117 -0.0422704 8.73349
65 -0.0388246 -0.359628 2.45031
65 -1.0177 0.163023 2.45031
65 -0.330401 -0.317768 2.45031
65 0.236252 0.577482 2.45031
65 0.580031 0.0963419 2.45031
65 0.643811 0.272059 2.45031
65 0.533843 0.802121 2.45031
65 -0.742538 -0.176654 2.45031
65 1.01478 -0.0695208 8.73349
65 -0.472693 -0.00885367 2.45031
65 -0.64527 -0.360549 2.45031
65 -0.0847185 -0.704878 2.45031
65 0.329005 -0.123637 8.73349
65 0.303246 0.989139 2.45031
65 -0.555427 0.305452 2.45031
65 -0.317912 -0.430156 2.45031
65 0.958741 -0.295741 8.73349
65 0.309111 0.218214 2.45031
65 0.629499 -0.0388579 2.45031
65 -0.853307 -0.561893 8.73349
65 0.0932067 -0.216532 2.45031
65 0.350527 0.648546 2.45031
65 0.441999 0.0338691 2.45031
65 0.489892 -0.444559 2.45031
65 -0.512046 -0.874529 2.45031
65 0.154144 0.916302 2.45031
65 -0.557012 0.762498 2.45031
65 0.377989 -0.54914 2.45031
65 -0.583958 0.561778 2.45031
65 -0.202781 0.0614724 2.45031
65 0.568786 0.340871 2.45031
65 -0.710383 -0.542503 2.45031
65 -0.346116 -0.631813 2.45031
65 -0.657072 -0.577399 2.45031
65 0.140643 -0.200553 2.45031
65 -0.559259 0.819179 2.45031
65 -0.456393 0.192259 2.45031
65 0.353531 -0.0757052 2.45031
65 -0.523364 0.57945 2.45031
65 -0.548009 -0.526843 2.45031
65 -0.965795 -0.00267678 2.45031
65 0.272753 -0.188705 2.45031
65 -0.117929 -0.65208 2.45031
65 -0.366634 0.705232 2.45031
65 0.0252287 0.337834 2.45031
65 -0.0374746 0.854595 2.45031
65 -0.0947359 0.943016 2.45031
65 -0.662387 -0.645246 2.45031
65 0.0483527 -0.0987992 2.45031
65 0.372133 0.373363 2.45031
65 -0.703853 -0.381224 2.45031
65 0.142567 -0.598692 2.45031
65 -0.536725 -0.578664 8.73349
65 0.081328 0.626466 2.45031
65 -0.274724 0.398635 2.45031
65 -0.59351 -0.562604 2.45031
65 0.550251 -0.672031 2.45031
65 0.295225 0.810184 2.45031
65 -0.967556 -0.336998 8.73349
65 0.559126 -0.303779 2.45031
65 0.35879 -0.438046 2.45031
65 0.828125 0.249518 2.45031
65 0.294114 -0.230707 2.45031
65 0.169905 -0.00919463 2.45031
65 -0.783369 -0.069248 2.45031
65 -0.380046 -0.134291 2.45031
65 0.242379 0.527115 2.45031
65 -0.422576 0.698962 2.45031
65 -0.755597 0.0753836 2.45031
65 0.156651 0.702697 2.45031
65 0.25268 0.677372 2.45031
65 0.68308 0.0878508 2.45031
65 0.0720633 0.875023 2.45031
65 0.793539 0.113354 8.73349
65 0.316572 0.759215 2.45031
65 0.070361 0.480803 2.45031
65 0.341686 -0.219205 2.45031
65 -0.121798 0.491491 8.73349
65 -0.502889 -0.451123 8.73349
65 -0.241824 -0.0135992 2.45031
65 -0.0415374 -0.105818 2.45031
65 -0.469236 0.247132 2.45031
65 -0.411813 -0.0432654 2.45031
65 0.126841 0.862811 2.45031
65 0.503071 -0.552337 2.45031
65 -0.502207 -0.0440029 2.45031
65 0.525183 -0.721656 2.45031
65 -0.954761 0.190454 2.45031
65 0.208067 0.295513 2.45031
65 -0.394716 0.511592 8.73349
65 0.828488 0.52084 8.73349
65 -0.896571 0.137849 2.45031
65 -0.087816 0.88761 2.45031
65 0.0828415 -0.957282 2.45031
65 -0.109772 0.2898 2.45031
65 0.428796 0.586688 2.45031
65 0.674156 -0.678919 2.45031
65 -0.881361 0.549924 2.45031
65 -0.347067 0.328488 2.45031
65 0.32096 -0.173976 2.45031
65 -0.240089 0.859244 2.45031
65 -0.274265 0.0730733 2.45031
65 -0.207852 0.147806 2.45031
65 0.251411 0.446728 2.45031
65 0.5443 0.136656 2.45031
65 0.337537 0.00774812 2.45031
65 0.16751 -0.285674 2.45031
65 0.0426315 0.411848 2.45031
65 0.801458 0.471745 2.45031
65 -0.599079 0.204737 2.45031
65 -0.941275 0.433004 8.73349
65 0.643236 -0.547895 2.45031
65 0.233552 0.162471 2.45031
65 0.175179 0.383908 2.45031
65 0.777895 -0.35639 2.45031
65 -1.01036 0.225823 2.45031
65 -0.341247 0.518438 2.45031
65 -0.171928 -0.799656 2.45031
65 -0.604123 -0.677425 2.45031
65 -0.678539 -0.324297 2.45031
65 -0.454655 -0.468619 2.45031
65 -0.630677 -0.139524 2.45031
65 0.415788 0.190656 8.73349
65 0.133695 0.340746 2.45031
65 0.0586734 0.202233 2.45031
65 -0.287017 0.881569 2.45031
65 -0.104459 -1.0097 8.73349
65 -0.616159 -0.61627 2.45031
65 0.47969 0.574865 2.45031
65 0.884636 0.397831 8.73349
65 0.33526 0.406577 2.45031
65 -1.21665e-05 -0.165264 2.45031
65 0.612854 -0.29568 2.45031
65 -0.200444 -0.0839831 2.45031
65 0.0142468 0.569172 2.45031
65 0.132829 0.15919 2.45031
65 0.821533 0.413481 8.73349
65 0.0604105 0.673251 2.45031
65 0.107725 0.202881 2.45031
65 -0.384613 -0.678511 2.45031
65 0.640633 -0.740315 2.45031
65 -0.575065 0.00904068 2.45031
65 -0.111299 -0.0673266 2.45031
65 -0.207012 -0.321132 2.45031
65 0.148674 -0.337691 2.45031
65 0.216197 -0.279466 2.45031
65 0.42351 0.286899 8.73349
65 0.609461 0.495986 2.45031
65 -0.0107114 0.111624 2.45031
65 1.01588 -0.00716713 8.73349
65 -0.909193 0.248034 2.45031
65 0.109512 -0.728477 2.45031
65 -0.0676496 0.156365 2.45031
65 -0.0888421 -0.111317 2.45031
65 0.122429 -0.0766048 2.45031
65 0.418701 -0.106282 2.45031
65 -0.298748 0.314472 2.45031
65 0.836317 -0.356037 2.45031
65 -0.278407 -0.67114 2.45031
65 -0.818472 -0.608518 2.45031
65 -0.268307 -0.567297 2.45031
65 -0.623101 0.51069 2.45031
65 -0.0327686 -0.691435 2.45031
65 0.256521 0.954852 8.73349
65 -0.436866 -0.2146 2.45031
65 -0.77817 0.364282 2.45031
65 0.449309 0.329243 2.45031
65 0.595697 0.390554 8.73349
65 -0.68106 -0.15753 2.45031
65 0.00341029 0.972922 2.45031
65 0.0685832 -0.515051 2.45031
65 -0.831623 -0.0943607 2.45031
65 -0.175207 -0.421874 2.45031
65 -0.215388 0.67037 2.45031
65 -0.0675201 -0.648887 2.45031
65 0.526121 0.36428 2.45031
65 -0.887165 -0.508137 2.45031
65 0.386971 -0.396496 8.73349
65 -0.593218 0.665202 2.45031
65 0.0501442 -0.812694 2.45031
65 -0.262949 -0.860445 2.45031
65 0.11655 -0.0251737 8.73349
65 -0.517769 0.338921 2.45031
65 0.204978 0.816856 2.45031
65 0.520155 0.860657 2.45031
65 0.551015 0.247028 2.45031
65 0.773974 0.668098 2.45031
65 0.572864 -0.832403 2.45031
65 0.220893 -0.0290117 2.45031
65 0.975293 0.316805 2.45031
65 -0.724459 0.0365982 2.45031
65 0.654116 0.386098 2.45031
65 -0.0923911 0.574404 8.73349
65 -0.89781 0.190418 2.45031
65 0.7791 0.0551533 2.45031
65 0.152024 -0.489182 2.45031
65 0.375416 -0.122597 2.45031
65 -0.231025 -0.157148 2.45031
65 -0.949032 -0.173147 2.45031
65 0.0331469 0.61389 2.45031
65 -0.0513282 0.667558 2.45031
65 0.263983 0.074775 2.45031
65 0.273188 0.890775 2.45031
65 0.703044 0.352962 2.45031
65 -1.01348 -0.165621 8.73349
65 0.362885 -0.901467 2.45031
65 -0.0335337 -0.743379 2.45031
65 0.647394 0.210536 2.45031
65 0.640611 -0.130013 8.73349
65 0.292399 -0.562866 2.45031
65 -0.994898 -0.221042 2.45031
65 -0.309526 0.707949 2.45031
65 0.557288 -0.544826 2.45031
65 -0.304279 -0.907234 2.45031
65 0.582382 -0.628197 2.45031
65 0.624526 -0.794399 2.45031
65 -0.315913 0.563079 2.45031
65 0.0623399 0.370782 8.73349
65 -0.447121 -0.413966 2.45031
65 0.681753 0.590103 2.45031
65 0.368666 0.211959 8.73349
65 -0.828726 -0.0288141 2.45031
65 0.845165 0.012332 2.45031
65 -0.367821 -0.182854 2.45031
65 0.35442 0.0568571 2.45031
65 -0.164478 -0.284986 2.45031
65 0.392957 -0.215357 2.45031
65 -0.339 0.862806 2.45031
65 -0.28796 -0.804876 2.45031
65 -0.520726 -0.256626 2.45031
65 -0.0559169 0.417668 2.45031
65 0.755758 0.161772 2.45031
65 0.335746 0.258172 2.45031
65 -0.223148 -0.658824 2.45031
65 -0.180556 0.629323 2.45031
65 -0.114911 -0.420316 2.45031
65 0.125783 -0.383949 2.45031
