285 -0.498195 -0.14087 27.2565
285 -0.751835 0.0106831 34.6378
285 -0.56218 0.606362 -39.9612
285 -0.916861 0.242151 61.4462
285 0.120018 0.475897 -14.0434
285 -0.861629 0.289302 41.3986
285 -0.627847 0.237408 -59.7596
285 0.789556 -0.351489 63.7323
285 -0.836699 -0.604326 53.453
285 -0.106141 0.659755 -52.628
285 -0.176876 -1.14149 58.986
285 1.25374 -0.225033 45.2847
285 0.987909 0.0842213 6.09855
285 0.634851 0.37677 -44.6727
285 0.246955 1.08123 -19.6797
285 0.0514514 -0.669606 -49.6195
285 -0.465197 -0.879572 15.1736
285 0.0841018 1.13792 -32.7599
285 -0.568331 -0.796962 -54.8595
285 -0.971729 0.611756 -21.3941
285 0.952018 -0.869011 -24.1885
285 -0.158315 -0.885208 -22.9923
285 0.811331 -0.545756 57.7224
285 -0.188139 0.681059 42.5707
285 1.04198 0.265294 50.6782
285 -0.46191 -0.724332 -4.10495
285 -0.0749981 1.18523 -25.9346
285 0.349342 0.36319 -12.4477
285 0.38817 0.484758 24.7586
285 0.866443 0.718767 -45.228
285 1.11267 0.233119 -25.537
285 -0.839723 0.0333497 3.16394
285 0.231075 -0.482317 44.9078
285 -0.307517 1.01114 -39.6895
285 -0.0276953 1.22384 54.5847
285 -0.696817 -0.732132 38.8717
285 -0.967164 0.686209 -14.2684
285 -0.503257 -0.369357 9.27398
285 -1.14754 -0.110231 -3.52469
285 0.73165 0.795753 -45.7409
285 1.12437 -0.0703062 13.022
285 0.461323 -1.07784 -42.5656
285 -0.630238 0.633867 67.9868
285 1.17566 0.145954 11.8433
285 0.328243 1.11323 -1.99717
285 -0.331694 -0.798283 52.5977
285 -0.098166 0.874359 -45.7027
285 0.151059 1.1723 -45.4248
285 0.795294 0.0978593 56.7178
285 0.3203 -0.898609 46.5412
285 -0.72634 -0.725415 34.7421
285 -0.52152 0.0553628 -3.41128
285 0.675997 -0.777739 46.0302
285 0.246529 0.661041 56.1089
285 -0.0667251 -0.919589 47.181
285 0.158245 -0.773177 -62.1721
285 1.14375 -0.530509 -49.6689
285 -0.0344439 0.805935 56.0392
285 -0.238165 1.21613 -32.4955
285 -0.928122 0.488671 41.7873
285 -0.0156538 -0.556165 52.9911
285 -0.46726 0.924093 -45.8999
285 0.141783 -1.05937 -5.31146
285 -0.0814216 -0.469998 46.386
285 0.257234 -0.930717 -48.773
285 -0.0459611 0.855285 55.3669
285 -0.234684 0.945666 -13.8211
285 0.748008 0.696745 -0.242378
285 0.768728 0.682831 11.5781
285 -0.919489 -0.538942 32.9111
285 0.0191696 -1.22776 20.0177
285 0.868965 0.276009 31.4942
285 1.09737 -0.315543 44.9585
285 0.521088 0.0529389 -24.5593
285 -0.640952 0.19818 42.1887
285 1.08865 -0.103851 63.8087
285 0.328436 0.690002 -51.9597
285 -0.602361 0.401751 -40.2035
285 -0.926187 -0.00203993 -1.58021
285 -1.09667 0.208807 3.19689
285 0.621359 0.401633 44.921
285 -0.480841 0.760203 -46.0528
285 0.850201 -0.0150548 -50.6539
285 1.23142 0.123568 -38.0969
285 0.813095 0.586452 62.879
285 -0.563732 -0.228251 8.34483
285 1.0803 -0.656741 13.9733
285 -0.612793 -0.718745 40.3225
285 0.727738 -0.767818 -49.7114
285 -0.715535 0.810646 -13.9781
285 1.04399 0.00492539 50.97
285 0.263202 1.04802 43.8978
285 0.380396 -0.670536 -42.8249
285 0.126157 -1.23882 39.2022
285 0.95604 -0.228042 -50.3918
285 -0.143143 0.866633 -7.54713
285 -0.552591 -0.0628405 28.708
285 -0.863307 0.641998 -33.5263
285 -0.740411 -0.0766025 42.4249
285 0.040308 0.910413 55.9885
285 -0.739474 -0.56867 59.372
285 1.0527 0.462606 43.6846
285 0.648146 0.963609 43.0084
285 -0.142135 -1.01507 65.3936
285 0.0597519 1.00423 -39.1815
285 -0.764963 -0.292211 40.7855
285 0.21651 -0.709423 52.6289
285 1.21678 -0.0534019 45.0288
285 1.05302 0.494486 -45.102
285 -0.0866553 -0.591815 53.0689
285 -1.0854 0.423323 47.924
285 -0.265154 -0.994993 -36.8083
285 0.568978 0.270098 43.8881
285 1.28161 0.038066 38.3821
285 -0.852391 -0.856245 15.738
285 -0.116708 -0.638815 46.1538
285 0.659309 0.954946 4.71114
285 0.0674104 0.736019 68.1644
285 0.479407 -0.76548 52.4756
285 -0.399594 0.585468 55.6485
285 0.814535 -0.59585 52.0238
285 -0.149385 1.09212 -39.2496
285 -0.970044 -0.363334 35.2592
285 0.432355 0.780361 -57.9113
285 0.529684 -0.301179 51.2787
285 1.04565 0.54274 -38.3107
285 -1.05023 -0.0998112 8.37277
285 0.896447 0.127059 -18.7396
285 -0.454807 1.175 -51.9761
285 0.683841 0.00613838 -43.9371
285 0.54959 0.616467 62.6802
285 1.02183 -0.0886429 6.86993
285 -0.0880794 0.618393 62.3474
285 0.892963 -0.81735 45.8433
285 -0.415105 0.903239 17.4644
285 -0.412661 0.981004 29.16
285 0.882952 -0.883268 -37.0288
285 -0.50551 -0.340451 -42.5762
285 0.0885697 -0.59025 -55.2365
285 -0.468589 1.06151 -46.0787
285 -1.05736 -0.165037 47.6877
285 -0.649214 -0.715561 14.9079
285 1.11629 0.54184 18.507
285 -1.03043 -0.676451 3.33108
285 0.103204 -1.01236 -36.0524
285 -0.0935272 -1.14508 -22.5487
285 -0.181393 -0.701975 -48.3446
285 -0.804842 0.574947 41.894
285 0.459369 -0.691419 -55.5982
285 1.08673 -0.558069 44.008
285 1.0407 0.138369 -50.7753
285 -0.312911 1.09717 49.2751
285 -0.591874 0.768569 48.703
285 -0.924918 -0.469378 40.9985
285 -0.365623 0.615275 23.3797
285 0.862756 0.158911 -24.7996
285 0.0737681 -0.585026 -43.0469
285 1.02877 0.731546 6.10815
285 -0.417944 -0.639378 -55.3049
285 -0.612126 0.0255783 66.5827
285 -0.307582 0.831935 -28.2514
285 0.652939 -0.351796 33.2423
285 -0.310378 -0.406297 26.8118
285 -1.00051 0.132444 -53.6833
285 -0.827528 -0.186357 34.4375
285 0.86661 0.471478 -0.29718
285 0.584501 -0.476067 21.1596
285 1.17385 0.517896 12.6498
285 -0.765835 -0.940767 1.66481
285 0.469769 -0.309125 8.24806
285 0.0165606 0.946244 50.308
285 0.698421 0.631729 -19.6996
285 -0.233416 -0.624949 65.7565
285 -0.306664 0.922867 -46.8473
285 0.125439 -1.20304 26.3623
285 -0.644696 -0.114429 60.5503
285 0.461312 0.685801 56.3677
285 0.943444 -0.539787 -30.7758
285 -0.586946 0.799148 48.5975
285 -0.435067 0.893577 49.9294
285 0.416891 0.901511 -57.8815
285 0.612479 0.2475 37.8466
285 -0.161448 -0.958563 -48.5282
285 0.19875 -0.698536 -55.6451
285 -0.652133 -0.508459 40.4225
285 0.925882 -0.229796 -50.0504
285 0.0867244 -0.850959 -55.298
285 -1.05583 -0.597709 53.1898
285 1.06371 0.080957 -19.4461
285 -0.355574 0.760459 -33.3841
285 0.17538 -1.07983 33.705
285 0.688384 0.556751 63.0633
285 -1.24569 0.00362071 -53.8423
285 -0.658532 0.812029 -33.6105
285 -0.114059 0.50033 28.7209
285 0.853526 -0.77882 -17.2229
285 0.786697 -0.422529 -50.4585
285 0.159444 0.608546 22.8599
285 -0.476632 0.199844 48.1822
285 0.864704 -0.237383 70.3253
285 -0.541304 -0.382373 41.3181
285 0.977055 0.207683 63.6071
285 0.966048 0.391689 38.2408
285 -1.07906 -0.681729 46.5494
285 -0.754479 -0.969347 -47.2705
285 0.68753 0.292733 50.8136
285 0.610799 -0.88429 19.6702
285 -0.646548 0.877499 -1.84324
285 0.0335056 -0.636728 52.3906
285 0.444903 0.441322 63.3069
285 -1.15142 0.115516 48.0403
285 0.695614 1.02774 -25.5818
285 -0.935965 -0.023709 -48.0875
285 0.894837 -0.138098 57.1839
285 0.900145 -0.57616 -6.39469
285 1.06731 -0.041592 51.7163
285 -0.393062 0.43067 48.4248
285 -0.199351 1.06796 -39.2208
285 -0.967311 0.241422 17.0725
285 1.01765 -0.141098 31.8072
285 -0.858275 0.574349 55.0713
285 0.27648 0.52596 23.2133
285 -1.14554 -0.312723 41.0669
285 -0.379892 -0.881351 53.8662
285 -0.120877 0.98524 42.787
285 0.402782 -1.02031 59.0631
285 1.08347 -0.173771 -56.6277
285 1.27821 0.108999 38.3624
285 0.363093 0.337651 43.821
285 0.425926 -0.239591 -36.4779
285 0.25191 -0.632515 59.0749
285 0.213031 0.595299 -57.9892
285 0.216313 -0.908176 -55.5399
285 1.00782 -0.1465 -45.2013
285 0.0541176 1.26118 36.2348
285 0.686492 -0.982217 -42.8226
285 0.0425027 0.774922 -15.0547
285 0.512377 1.12653 -44.523
285 0.162455 0.535594 56.6056
285 -0.529558 -0.362402 46.8509
285 -0.669941 -0.0701988 23.2587
285 0.943101 0.218501 18.6336
285 -0.131194 0.736064 -26.4883
285 1.18451 0.302012 -44.4393
285 -0.0883521 -0.875282 58.884
285 -0.700258 0.0461942 -29.2766
285 0.274247 -0.745111 -42.9467
285 -1.11514 0.325812 47.7984
285 -0.569997 -0.919163 -61.0028
285 0.543089 -1.03038 -31.221
285 0.375266 0.985903 -20.1471
285 0.426138 0.18184 -57.4622
285 0.544059 1.0004 24.2157
285 0.761561 0.437028 62.724
285 0.147276 0.647743 17.9089
285 -0.786972 -0.885152 -15.5493
285 -0.92072 -0.714661 27.8043
285 1.21407 -0.210289 19.111
285 -0.79753 0.638682 -53.4626
285 -0.267774 -1.22372 -17.0014
285 -0.821818 0.337922 28.7986
285 -0.644294 -0.196904 40.9029
285 -0.632894 -0.494127 -60.8858
285 0.806505 0.580998 -20.0088
285 -0.00594776 -0.494306 -42.5631
285 0.516041 0.892652 -12.7552
285 0.319606 -0.613521 39.1749
285 0.341097 -0.571459 2.52158
285 0.841658 -0.866258 58.1929
285 -0.632737 -0.360308 60.0125
285 0.757889 0.609587 50.1072
285 0.34462 -0.602612 45.795
285 -0.677316 0.223358 54.2171
285 -0.133021 1.10482 23.035
285 -0.998119 -0.3475 59.8116
285 0.131887 1.01485 -51.7613
285 -0.908918 -0.744192 46.8947
285 0.631623 -1.11104 19.8299
285 -0.712278 0.557077 54.6106
285 0.00980466 -1.11462 -43.3299
285 0.943343 0.0112121 -0.126278
285 0.182686 1.21281 -38.6781
285 -0.320806 -1.0038 -10.086
285 0.209577 0.554031 24.5112
285 -0.253196 0.667389 55.6447
285 -0.3323 0.886863 -7.68459
285 1.31826 0.138078 -18.7647
285 -0.0275765 -0.969639 -42.5019
285 -0.169083 0.829287 -39.335
285 -0.909199 0.284871 -47.6085
285 0.144139 1.21781 -32.2021
285 -0.518446 -0.22086 -41.4377
285 -1.05876 -0.00289819 47.5145
285 0.704224 0.860582 -0.545536
285 -0.534835 -0.747915 -48.0319
285 0.603406 -0.544555 -49.691
285 -0.0910227 -0.753806 46.0487
285 0.888702 0.576007 0.177508
285 0.708544 -0.398352 13.1614
285 -0.311398 -0.842452 65.9442
285 -1.20849 -0.0238729 48.184
285 0.231329 -1.16559 65.341
285 -1.26986 0.103906 35.141
285 0.814887 0.71052 -12.4218
285 0.651025 -0.56274 25.9532
285 0.722731 -0.0537843 -57.0717
285 0.874947 -0.900347 -6.01109
285 0.648812 0.876566 68.6377
285 -0.285307 0.77358 -58.5672
285 -0.737541 0.680434 -46.737
285 -0.463842 0.457237 55.4886
285 -0.0182163 -1.10222 7.83171
285 0.560376 0.057418 24.9293
285 0.0819631 0.559508 -45.4857
285 0.105272 -0.961427 -49.3087
285 -0.293652 -0.873281 -42.1528
285 -0.224917 -1.14188 46.2112
285 -0.430344 -0.439779 -41.6666
285 0.401268 0.392463 -51.3171
285 0.31979 0.683308 44.428
285 -0.201346 -0.711347 9.24691
285 -0.580981 0.628901 -46.5541
285 0.220288 -1.05383 -31.0757
285 1.00433 0.150406 -6.20514
285 1.01769 -0.223741 -13.1149
285 0.29667 0.823758 5.05003
285 -0.967288 0.506564 29.8752
285 0.857282 0.585225 -33.0814
285 0.634097 -0.149107 -56.6671
285 0.925172 -0.620062 45.7566
285 0.79805 -0.843126 -42.9075
285 0.27687 0.789459 49.3772
285 -0.427295 0.696261 -39.7028
285 -0.0348612 -0.56766 -42.7041
285 0.977631 0.562964 -6.32605
285 0.854555 0.516024 50.0425
285 1.21241 -0.178144 32.3237
285 -0.0733628 -0.901725 -49.2856
285 0.5204 -0.218325 51.6269
285 0.84431 0.761562 -45.0131
285 0.960005 0.531446 57.1779
285 0.417624 -1.08223 -42.7503
285 1.26651 -0.300735 -37.2118
285 0.793456 -0.657533 -11.6797
285 -0.916908 -0.570038 -2.64814
285 0.775465 -0.388899 -50.1989
285 -0.181186 0.43885 55.4604
285 0.411177 -0.934759 -37.1966
285 0.560259 -0.947321 1.76659
285 0.175902 1.16718 -27.1426
285 -0.213773 0.999366 43.3068
285 0.931334 -0.841136 45.6117
285 -0.990734 -0.159962 40.744
285 -0.441943 -0.724956 59.4535
285 -0.0303721 -0.986756 58.5621
285 0.408376 0.790434 62.7757
285 0.830664 -0.752857 -23.7872
285 0.039004 -0.812254 53.029
285 -0.696503 0.449743 -35.0847
285 1.21174 -0.301682 -43.9471
285 -0.677843 1.04773 48.8629
285 0.194298 -0.978902 -29.294
285 0.306174 -1.11303 51.0367
285 0.885505 -0.104175 7.3089
285 0.64018 -0.482914 -30.6705
285 -0.91788 0.0448949 53.8046
285 -1.22156 0.108291 -34.3818
285 0.921615 -0.560246 -18.5292
285 1.04831 0.402351 50.2806
285 0.274066 -0.831001 7.69396
285 0.381916 0.923514 -13.2554
285 -0.480726 -0.985711 59.4356
285 -0.347001 -0.704837 -61.051
285 -0.91311 -0.335022 -23.3739
285 -0.917782 0.188612 -59.9563
285 0.529708 -0.732539 51.762
285 0.95156 -0.0311503 -56.8889
285 0.529128 1.06038 -44.1745
285 0.992352 -0.822649 -36.6745
285 0.240793 1.20347 42.4159
285 0.831795 0.745435 37.2149
285 0.82814 0.33529 51.492
285 -0.12075 -0.856331 46.2051
285 0.0701033 -1.008 -49.0211
285 0.652213 0.681442 56.3431
285 -0.220712 -0.814127 58.8507
285 1.14207 -0.23154 -38.2263
285 -0.101985 0.697671 -45.7734
285 -0.947876 0.317834 -40.5925
285 0.350847 1.18669 -26.7217
285 0.577313 -0.618041 -62.3225
285 -0.303207 0.629804 62.0021
285 -0.829127 0.380521 -53.5788
285 1.03756 0.525175 19.1396
285 -0.765604 -0.496036 9.05772
285 -0.990864 -0.705167 53.7171
285 -0.271479 0.733156 55.2989
285 0.865106 -0.778648 43.9185
285 0.956509 -0.914096 -36.8022
285 0.182142 1.06931 50.2564
285 -1.2642 -0.0396323 41.4079
285 0.785221 -0.0663351 -62.9053
285 -0.904648 0.634768 30.079
285 -0.22281 0.649697 -45.9592
285 0.828837 0.324029 50.8095
285 -0.238148 -1.2056 -35.3927
285 0.450098 -0.278859 12.7822
285 0.332112 1.14895 -45.7388
285 0.541626 0.300533 43.8786
285 -0.440291 0.301739 -34.771
285 -0.570315 1.13113 -39.1446
285 -0.657018 -0.433473 -47.72
285 0.550785 -0.916826 31.9208
285 1.08177 -0.328068 25.71
285 -0.0635926 0.467197 10.5843
285 0.100005 0.978206 55.3821
285 -0.805284 -0.460349 -41.291
285 -0.187003 -1.23507 -47.9181
285 0.484336 0.411804 -1.74372
285 -1.03697 0.277654 -39.0576
285 0.574321 -0.502371 51.3707
285 -1.02677 -0.169199 -41.8906
285 0.276109 -0.691396 -42.689
285 -0.336308 0.648217 -59.3458
285 0.477638 -0.625442 51.745
285 -0.277238 -0.585476 53.0371
285 0.135923 -0.974958 -10.4906
285 -0.608247 0.891072 -33.3705
285 -1.10586 -0.538154 8.61508
285 -0.844408 0.679276 -59.3843
285 -0.176428 0.575977 -45.722
285 0.743265 0.407497 10.8572
285 0.425871 0.87048 -1.4616
285 0.832268 -0.554538 -43.2357
285 0.669105 -0.58832 -37.7881
285 0.53157 -0.414356 -30.3494
285 0.904814 -0.199241 -5.90865
285 0.707873 -0.108437 -50.3712
285 0.663144 0.485653 49.9336
285 -0.684133 -0.243317 -54.5829
285 0.184703 -0.73694 65.017
285 -0.494615 0.688587 -33.244
285 -0.88235 -0.217382 4.03961
285 -0.0771257 1.21159 42.3294
285 0.170316 0.886653 49.6611
285 -1.0022 -0.0242298 34.5425
285 1.27317 0.317716 56.4282
285 -0.332428 -0.684805 58.9704
285 0.298835 -1.26869 51.3779
285 0.468852 -0.957009 -36.6269
285 1.28121 -0.0329738 -31.6872
285 0.702591 -0.183407 57.7581
285 -0.572215 0.87259 9.77665
285 1.05538 0.517989 -44.8211
285 0.548845 0.158464 -38.023
285 1.08129 -0.758216 25.8008
285 0.51021 0.292474 -6.21907
285 1.21013 -0.258702 -37.4956
285 0.903205 0.203681 -50.6678
285 0.221967 1.00625 -51.6559
285 -0.835275 -0.474284 -60.8675
285 -0.0630131 0.756957 -64.9478
285 0.425467 -1.2127 -42.604
285 -0.469445 -1.06785 -29.9904
285 -0.81814 -0.556227 53.9005
285 -1.10156 -0.278579 8.89953
285 0.62675 -0.819476 58.303
285 -0.396344 -0.847199 -43.1288
285 1.14639 0.0242181 12.4635
285 -0.747714 -0.8387 -54.9296
285 0.822972 -0.162615 -56.8455
285 -1.01145 -0.463987 47.949
285 0.626549 -0.0258027 -51.2716
285 -0.762425 -0.632515 2.94254
285 -1.25784 -0.162666 40.7489
285 -0.677667 -0.830398 46.4819
285 -1.22336 0.231439 60.5557
285 -0.828291 0.137449 -3.15319
285 -1.04716 -0.466691 47.2356
285 -0.389897 1.11785 43.0122
285 0.505129 0.959875 55.9018
285 0.910419 0.733709 37.6631
285 0.0811646 0.88989 62.2406
285 -1.09212 -0.339519 -48.238
285 -0.270669 1.0745 -27.8793
285 -0.539158 1.13173 4.6747
285 0.649522 0.588607 -57.2966
285 0.82573 -0.142486 -50.0905
285 -0.346828 0.934503 55.2038
285 0.689444 0.583449 -38.5662
285 0.436371 0.56367 12.0225
285 -0.378899 -1.10643 -36.3473
285 -0.565361 0.525203 42.1927
285 0.552537 0.77902 43.4114
285 0.948061 0.752035 50.0579
285 -0.544984 -0.801754 35.0817
285 0.0653083 0.671201 49.161
285 -0.0131776 -0.80226 -49.6289
285 -1.13067 0.472505 -34.6225
285 -0.340147 -0.906793 65.2815
285 -0.830158 -0.697757 -48.6706
285 -0.681154 -0.221475 7.69529
285 -0.681743 0.337635 35.7779
285 -0.516886 0.448946 -46.3524
285 -0.430653 0.298874 28.6657
285 1.16837 -0.337347 -6.35689
285 -0.567306 1.08266 16.6255
285 -1.04884 0.112566 -40.7363
285 0.645266 1.03759 -13.9132
285 -0.363809 0.470388 -39.9736
285 -0.765845 0.501909 -53.5052
285 0.860938 -0.124344 51.0653
285 0.199249 -0.573786 25.5018
285 -1.28677 -0.210735 -41.27
285 -0.0418791 0.552571 23.9437
285 -0.428288 0.274214 48.2469
285 0.400909 -0.978698 -37.6258
285 0.765896 -0.790914 -56.1752
285 1.19464 -0.514846 -11.6606
285 0.372432 0.615204 -45.0189
285 -0.777645 -0.325375 20.3687
285 0.51973 0.58025 35.5597
285 -0.8032 0.410879 -53.7082
285 0.631342 0.129691 -11.8365
285 -0.38907 -0.379796 65.9524
285 -0.846711 0.479738 -46.5968
285 0.387193 -0.865181 26.8799
285 0.186195 0.902986 -46.1837
285 0.117707 0.525788 4.30038
285 -0.3364 1.0423 49.6444
285 -1.16787 0.393772 -40.8144
285 0.186743 -1.26265 -4.31845
285 0.646566 -0.301857 -43.4819
285 -0.0953752 0.939163 49.6422
285 -0.0071912 0.788 55.368
285 -0.944357 -0.734951 21.0055
285 -0.616829 1.08518 -45.4109
285 -0.849968 0.171031 29.9573
285 0.683784 0.517985 -51.8206
285 -0.318772 0.377279 48.8743
285 -0.0241627 -0.714653 58.8073
285 1.15899 0.311765 -5.58935
285 0.958565 0.018505 30.1722
285 -0.435322 -0.894735 53.1851
285 0.384581 -1.19502 -35.8139
285 0.656501 0.697779 17.9998
285 0.497613 0.775208 56.1979
285 0.60848 -0.725924 -11.2413
285 -1.16779 -0.48381 -27.9355
285 -0.661137 -0.770362 -9.35018
285 0.450671 -1.02546 -31.1084
285 1.01789 0.611326 -38.8786
285 -0.461659 0.332805 54.7918
285 0.563086 -0.0998337 51.6316
285 0.00492448 0.893362 -46.8557
285 0.434428 -0.816808 -61.7762
285 -0.602792 -0.648139 -54.2585
285 -0.0473953 -0.942754 -23.3834
285 -0.21706 0.589725 48.7985
285 -0.413382 0.546649 61.2561
285 1.04806 0.734495 43.4671
285 0.679054 -0.600432 51.4651
285 -1.16217 0.367108 -40.5739
285 0.466732 -0.375231 6.83776
285 0.750917 -0.544713 -24.1454
285 1.19246 -0.0224616 18.1448
285 -0.70528 0.938217 -46.6895
285 -0.653044 0.295152 3.96087
285 0.185922 -1.00682 -17.0988
285 0.71969 -0.404993 13.6833
285 -1.09758 0.48242 40.5297
285 -0.367952 -0.753681 -41.8515
285 0.157997 0.729459 -14.1806
285 -1.2558 0.238182 -9.21715
285 0.491093 -0.577443 -17.9561
285 0.982174 -0.349328 5.83533
285 0.356362 1.21276 42.761
285 -0.591904 0.248048 -7.61374
285 -0.787714 -0.0325371 -2.67925
285 -0.513527 -0.237356 59.7514
285 0.553173 -0.223789 32.9918
285 -0.455281 0.591919 23.3149
285 0.611126 -1.07982 -42.5891
285 -0.461598 -0.610652 -16.222
285 -0.291488 -0.327659 -54.8411
285 0.360934 -1.13712 46.4326
285 -0.3827 0.514629 -40.2558
285 -0.73353 0.16214 -41.1647
285 1.02352 -0.694164 -18.7483
285 0.667789 0.152703 6.59095
285 -0.895786 -0.485749 -3.86542
285 -0.881503 -0.258507 54.4977
285 -0.926404 0.648318 -40.2855
285 0.844811 0.19213 57.3557
285 -0.161009 0.740091 -46.648
285 0.578794 0.461142 -12.542
285 0.965696 -0.304393 -37.4944
285 -0.705876 0.372521 -34.1283
285 0.415163 -0.392601 58.3008
285 0.734098 0.202898 50.4038
285 0.768456 -0.592385 25.0838
285 -1.03961 -0.296913 3.74986
285 -0.938604 -0.175931 -53.9528
285 -0.209605 -0.693677 -49.4126
285 -0.740806 -1.02996 -41.505
285 0.19356 -1.2045 8.59374
285 0.0952016 0.888963 -32.7954
285 0.709957 -0.705675 -43.9304
285 0.954646 -0.194305 63.8358
285 -0.544481 -0.537879 -10.2495
285 -0.0813397 1.12429 37.3607
285 0.749632 0.350603 57.3615
285 -0.34114 -1.04092 -42.447
285 -0.452357 0.747141 61.6207
285 1.12018 -0.505723 -43.637
285 -0.623914 0.162905 -15.5282
285 0.572757 1.03751 43.5299
285 0.634802 0.657094 43.3963
285 0.318328 -1.22094 38.4608
285 0.279079 0.910006 50.5898
285 -1.23344 -0.120918 -41.35
285 -0.537847 0.538713 48.3253
285 0.36814 1.07259 -33.487
285 1.17169 -0.228013 44.5416
285 -0.398391 0.288154 22.0639
285 -0.701563 0.562546 -21.1864
285 0.961596 -0.644014 -49.6154
285 -0.921248 0.447279 -40.3965
285 -1.2045 -0.17232 54.0359
285 0.6639 -0.310513 -11.607
285 -0.802908 -0.859877 46.8208
285 -0.637254 -0.555574 -41.7182
285 0.675099 0.421871 -57.565
285 0.510701 -0.50812 51.907
285 -0.45448 -0.103945 -35.326
285 -0.246307 1.02392 -46.1454
285 0.0566522 -1.15594 0.848156
285 0.803045 0.264241 56.5255
285 -0.146032 0.766979 55.6556
285 0.991117 0.675515 43.4287
285 0.592678 -0.264347 -49.9965
285 0.814977 -0.751881 -56.6519
285 -0.896384 0.166644 66.6906
285 1.08056 0.557827 57.109
285 0.728873 0.0499984 44.2712
285 -0.254642 -0.919105 -54.6987
285 -0.643381 0.0779657 3.18786
285 1.25671 0.31412 -11.9555
285 0.674645 0.789636 50.8976
285 0.982218 -0.326731 63.9509
285 0.863039 -0.876634 -42.7711
285 -0.202 0.706285 36.4401
285 0.275329 0.688188 49.5494
285 1.06644 0.368408 -44.6193
285 -1.06007 -0.417084 -3.62217
285 0.694915 0.108669 56.7278
285 -0.985366 0.256119 -46.9988
285 -0.66174 0.895748 -8.63987
285 0.947497 -0.725678 -43.3585
285 -0.692035 0.848913 10.7516
285 0.324152 -1.01916 -42.722
285 0.961808 0.344938 37.3559
285 1.22921 0.305365 -30.479
285 -0.569669 -0.832978 40.342
285 -0.609905 0.304809 61.1844
285 0.0122616 1.10384 -13.8464
285 1.17194 0.0947724 25.2815
285 0.635065 0.806347 43.6924
285 -1.04852 -0.499024 47.616
285 -1.22739 0.260277 -15.7538
285 0.775339 -0.652034 58.3791
285 -0.249297 -1.24914 -41.8115
285 0.429752 -0.430761 58.038
285 0.485196 0.600374 -7.2225
285 -0.920504 0.661623 28.0555
285 -1.13436 0.242913 60.8463
285 0.825212 0.0379793 63.5963
285 1.08834 0.309381 -51.454
285 -0.858983 0.834837 -33.5451
285 -0.862014 0.899028 -46.4829
285 -0.7989 -0.333972 53.5307
285 -0.0917685 -0.769613 47.3752
285 -0.64864 -0.449081 15.5368
285 -0.878218 -0.131977 53.8205
285 0.315159 -0.81613 58.1082
285 -0.0432733 -0.658955 58.7266
285 1.18788 0.569231 37.3576
285 -0.0715604 0.609233 -20.5211
285 0.683548 0.253359 -12.933
285 0.634079 0.1177 -57.5585
285 -0.882542 0.354354 60.8504
285 0.583145 0.213151 -38.1661
285 0.155498 -0.417999 -29.0512
285 -0.490119 0.615942 55.231
285 -0.214784 0.517188 3.89294
285 0.976079 -0.126331 -44.4945
285 0.243813 0.440792 -19.1539
285 1.04219 0.208967 50.6154
285 -0.917057 0.878767 -46.2562
285 0.944524 0.200139 30.2551
285 -0.979112 -0.805709 46.6029
285 0.996444 0.43197 -50.9589
285 -0.991179 0.747372 29.7774
285 0.757854 -0.15232 57.1891
285 -0.496744 -0.0333888 -54.3194
285 0.181709 -0.656592 15.3199
285 -1.0041 0.367131 9.7976
285 0.249499 -0.972443 2.1454
285 -0.867319 0.664804 -34.1054
285 0.154043 0.767937 49.2884
285 0.790896 -0.545817 -24.5003
285 -1.06013 -0.119903 47.5843
285 -0.151509 0.70271 -52.0082
285 0.628762 -0.751915 -55.8535
285 0.565353 -0.0823185 33.159
285 0.152201 -0.695335 -23.3828
285 0.274724 -1.08587 -37.2953
285 0.373891 0.568368 -57.7979
285 0.510296 -1.13232 -42.9299
285 -0.581627 0.362762 -27.2907
285 -0.67047 -0.610788 59.6216
285 -0.347844 -1.02721 2.8534
285 0.622197 -0.921227 -12.6687
285 0.569021 0.409063 49.9614
285 0.154236 -0.633527 52.5468
285 -0.402173 0.549287 -2.27655
285 -0.85149 -0.0320807 48.6842
285 -0.411528 0.800592 49.382
285 0.459564 0.468961 -26.2177
285 0.298785 -1.14508 20.0773
285 -0.565511 0.712429 -8.36136
285 -0.20545 0.890216 -58.3717
285 -0.0211175 -0.916138 -55.5348
285 -0.0917619 1.27029 -7.27476
285 -0.806486 -0.53191 -48.2234
285 -0.356539 -1.19823 26.6768
285 -1.18666 0.397578 54.2434
285 0.117062 0.931646 -39.4662
285 1.25409 0.149986 -5.46181
285 0.911896 -0.230302 -50.7898
285 -0.799456 0.921098 48.7416
285 -0.288757 0.492568 3.82153
285 -0.375579 0.810533 -33.3015
285 -0.363147 -0.524259 -60.9567
285 -0.228197 -0.738047 -42.7159
285 0.852252 0.855473 -37.6855
285 0.735035 -0.0554865 44.4833
285 -0.465364 -1.04221 52.9416
285 -0.104818 1.21416 -32.739
285 0.385605 0.886934 -38.8326
285 -0.485903 -0.82177 1.98749
285 -0.506807 -0.655944 52.8048
285 -1.06495 0.716229 -40.1018
285 0.446705 0.407956 49.9461
285 -0.757276 0.235529 -8.80655
285 -0.723714 -0.117644 -15.4689
285 0.824161 -0.907872 6.89138
285 1.33985 -0.0863156 25.5419
285 -0.526368 -1.00787 -28.773
285 0.506152 -0.25252 -5.12268
285 -0.420976 0.827963 -46.1632
285 0.684708 -0.895062 -31.4386
285 -0.603535 0.95503 11.7664
285 0.886398 0.850438 -51.7127
285 0.040029 0.561291 49.1976
285 -0.86435 -0.111337 -34.6726
285 0.60273 -0.252138 -6.90138
285 -0.572135 0.96434 -33.7671
285 1.07455 0.0666006 -17.3434
285 -0.941415 -0.0996619 -34.7918
285 -0.70311 -0.898262 52.8571
285 0.542377 -1.06982 -36.272
285 0.939843 -0.153858 31.5788
285 -1.03181 0.346279 -47.5698
285 -0.728272 -0.815076 47.0056
285 0.0237079 0.881268 62.4734
285 -0.23676 1.12072 -19.7648
285 -0.300581 0.402755 -14.1553
285 0.820075 -0.463927 32.5296
285 -0.632353 -0.765389 47.6677
285 0.717037 0.312743 31.6925
285 0.793713 -0.968716 -49.8201
285 0.658969 -0.724935 -49.5394
285 -0.127609 -0.519135 46.679
285 -0.653697 -0.108844 -41.681
285 -0.0117916 -1.19763 -23.3149
285 -0.351511 -0.800054 -61.1864
285 0.34667 -0.530667 20.2875
285 -1.06864 -0.351234 -28.7859
285 0.199662 -0.729168 53.2077
285 1.01718 -0.576722 32.983
285 -0.222247 -0.73503 40.3819
285 -0.374771 -0.314214 28.2072
285 -0.160448 0.892944 -46.0238
285 -0.47435 -0.918086 14.9217
285 -0.567302 0.74447 49.5773
285 -0.281662 0.583786 -58.7523
285 0.874982 -0.178162 -30.8537
285 -0.21822 -0.775011 46.1683
285 -0.42279 0.651518 67.5845
285 -0.763398 0.262374 61.003
285 -0.577303 -0.100445 28.1033
285 0.737591 0.309847 -31.7733
285 0.845595 -0.312247 -62.7689
285 0.682475 -0.258632 58.4332
285 1.13579 0.534084 -57.3196
285 -0.257334 -1.09897 -42.2067
285 0.0628984 -0.925801 -42.3285
285 1.28004 -0.0864145 -44.3554
285 -0.635236 0.247328 -41.5914
285 0.106866 1.14658 -52.2209
285 -0.306029 0.963648 -33.1981
285 0.096032 0.629078 -45.7622
285 0.521546 -0.254272 -43.5602
285 0.628909 0.766724 56.8377
285 0.13673 -0.835263 40.7086
285 1.06329 0.102178 19.4068
285 0.918418 0.275144 57.0129
285 -0.494569 -1.11356 8.54788
285 -0.817227 0.301277 54.2303
285 1.10703 0.335485 -50.9884
285 1.09229 -0.504297 -43.8696
285 0.717849 0.754671 56.5937
285 -0.601682 0.707517 -53.1571
285 -0.876876 0.0720634 -15.5882
285 0.284736 -0.765237 -43.2516
285 -0.10557 -1.24508 -10.1342
285 -1.17757 -0.255787 -35.0248
285 -0.970081 0.780622 35.9295
285 0.734386 0.857377 50.5472
285 0.894195 -0.554774 -29.3508
285 -0.18447 -0.433781 52.9986
285 1.01093 0.0842393 -7.14897
285 1.17506 0.398605 43.8191
285 0.789904 0.0865633 -63.2164
285 -0.590914 1.05308 -39.7635
285 -0.923153 -0.407227 53.4783
285 -0.907962 -0.101539 47.4089
285 1.24674 -0.135798 44.6013
285 -0.760616 -0.376131 66.1978
285 -0.489374 0.672759 -52.8522
285 0.933468 0.350714 43.8611
285 -0.459055 -0.514906 46.616
285 0.429069 -0.920318 -42.5787
285 0.304073 0.946618 55.9081
285 -0.250586 1.15729 23.496
285 1.13508 0.115937 24.2067
285 -1.00435 -0.0352724 48.2082
285 -1.20441 0.117201 4.26846
285 0.031833 0.811869 -13.9695
285 0.414539 -0.776365 14.1759
285 -0.148714 0.853055 62.5819
285 -0.763732 -0.249841 -41.9131
285 0.530434 0.485791 11.7318
285 -0.354455 -0.675498 -49.0406
285 -0.0127408 -0.475518 52.6332
285 1.06718 -0.476529 32.5561
285 0.984744 0.326951 -13.0325
285 -0.105628 -1.03958 -43.3925
285 1.07233 -0.118885 -37.6128
285 -0.786536 0.0346491 60.7325
285 -1.10059 -0.0975391 53.6536
285 0.486293 -0.786422 -49.2746
285 -0.868928 0.173594 39.7575
285 1.13153 0.328915 -51.3137
285 0.749286 -0.754082 20.8678
285 -1.0678 0.099546 -14.5078
285 -1.27483 0.215507 -9.02742
285 0.41724 -0.263239 6.20439
285 -0.671667 -0.52625 41.2114
285 0.868702 0.540801 37.6143
285 1.01448 0.0442058 -45.0346
285 0.16454 -0.65418 -31.2626
285 -0.29228 0.969767 -14.755
285 0.463744 0.820395 -38.6995
285 -0.259834 -1.03383 53.2174
285 -0.766294 -0.599825 -54.3874
285 -0.0923175 -0.5497 -42.2858
285 -0.758565 0.461515 -8.33992
285 -0.888922 0.780678 -8.16962
285 0.587853 0.282132 -39.2013
285 -0.200436 1.22631 17.4616
285 0.789442 0.553927 50.0427
285 -0.549482 -1.09617 21.0486
285 1.12098 -0.173398 51.7184
285 -0.873363 0.60076 48.3464
285 -0.849366 -0.299123 42.0434
285 -1.15882 0.472112 -34.3519
285 0.876228 0.321853 -45.2126
285 -0.543543 -0.509207 59.7705
285 -1.10777 -0.386753 60.1362
285 -0.5096 1.013 -7.40496
285 -0.687364 0.296007 28.8177
285 0.818977 0.207911 45.2922
285 -0.869576 -0.31218 9.16403
285 -0.944897 -0.359845 -35.5962
285 0.784976 0.27879 19.0412
285 -0.29802 0.681314 43.5026
285 -0.726968 0.485121 -40.0714
285 0.848836 0.0821003 25.0188
285 0.358642 0.787866 -51.5357
285 -0.0131681 -0.875285 52.4088
285 0.382562 -0.538663 -42.9894
285 -0.943983 0.5677 -8.53524
285 -0.353885 -0.769343 -55.4926
285 0.213465 0.758056 -13.7762
285 0.603614 0.614449 56.2489
285 -0.556639 -0.709033 -54.5856
285 0.958541 0.468658 -19.4189
285 0.572925 0.134088 12.0281
285 -0.1216 0.789899 24.0616
285 1.04055 -0.425255 -42.2003
285 -0.745475 -0.77933 -48.8096
285 -0.382414 -0.396432 47.3525
285 -1.10593 0.309316 54.5991
285 0.286951 0.619295 49.6878
285 0.386751 1.03272 50.1402
285 0.935198 -0.446034 57.5827
285 0.759561 0.717068 -51.0994
285 0.222026 -0.646861 -55.2723
285 -0.42488 0.448583 23.3777
285 -0.578185 0.991754 49.1682
285 0.324562 -0.866042 -12.2411
285 1.1839 0.349414 -44.193
285 -0.964263 -0.199137 53.7874
285 0.930936 0.587828 56.8863
285 -0.73085 -0.832889 3.68971
285 1.01166 -0.195676 6.48558
285 0.458565 0.999365 -19.3185
285 1.1078 0.0186677 38.1584
285 -0.757502 0.635886 -39.9524
285 1.01822 0.312631 44.5231
285 -0.869786 0.267041 -2.26351
285 0.888718 0.87986 49.2076
285 -0.688277 -0.326792 -35.0159
285 -0.684704 -0.170447 -41.3502
285 0.300093 -0.786391 -56.2917
285 -0.85683 -0.60993 -54.6105
285 0.73309 -0.486879 1.4022
285 0.52673 -0.0394744 -30.8109
285 0.97093 0.0307517 6.45196
285 0.00625791 -0.676549 -54.9466
285 0.616444 -0.423326 52.1588
285 0.149046 1.09116 -40.1401
285 -0.923683 -0.547957 3.35529
285 -0.616901 -0.522422 60.2204
285 -0.494051 0.0932631 28.3237
285 0.133352 -0.501654 -36.6712
285 0.593754 -0.909949 40.2095
285 0.164426 -1.10767 52.3237
285 1.18916 -0.54246 -49.5639
285 0.77872 -0.726157 -29.2419
285 -0.273685 0.690244 -27.7439
285 -0.381283 -1.12277 -15.8958
285 -0.508497 0.84218 54.9478
285 0.583454 0.945365 56.17
285 -0.436389 -0.508214 9.14767
285 0.880288 -0.95746 -49.5771
285 -0.458514 -0.780612 52.7167
285 0.491375 -0.417587 -25.0876
285 0.354588 -1.02036 21.2387
285 -0.431819 -0.299492 41.5298
285 0.767403 -0.648859 -43.3828
285 -0.300744 1.06349 -39.2363
285 -0.693536 0.798924 61.1886
285 -0.754615 -0.0354457 -2.90722
285 -0.740087 0.969841 -40.1095
285 -0.74877 -0.603185 8.7792
285 -0.758441 -0.132847 14.3646
285 0.575754 -0.420836 19.5101
285 -0.772895 0.282491 60.634
285 0.340705 0.742941 -38.7207
285 -0.345701 -0.635223 59.2324
285 0.667872 0.707082 6.4922
285 -0.67015 -1.01453 -48.2898
285 0.769138 -0.923526 -30.3558
285 0.544732 0.312943 19.59
285 -0.817717 -0.330843 -41.194
285 1.01999 -0.803584 -5.11325
285 -0.904851 -0.250708 8.96664
285 -0.348992 -1.10655 39.4781
285 -0.381682 -0.603052 -41.9299
285 -1.01678 0.206448 54.1087
285 -0.813237 0.874317 -39.8862
285 -0.533375 0.401662 60.7065
285 -1.17052 0.102119 -28.9118
285 -0.30224 0.509211 61.8111
285 -0.547467 -0.262323 -53.903
285 -0.650156 -0.328692 47.2124
285 0.117011 -0.519745 59.0382
285 0.244387 -1.01939 -55.3726
285 -0.646331 -0.417394 -16.6518
285 0.516991 -0.799168 -49.1448
285 0.463463 -0.704996 -49.8827
285 -0.673078 -0.700156 -48.0637
285 0.8756 0.0692354 19.2503
285 0.350624 0.442165 -32.4115
285 0.489693 0.847877 -1.93337
285 0.230328 0.978639 -58.4168
285 0.551017 0.00852344 -19.6488
285 0.276202 -1.21268 -48.8355
285 -1.02609 -0.0465635 27.064
285 -0.483217 -0.206078 60.1303
285 -0.639635 -0.829627 -4.59216
285 0.879664 -0.550324 51.4252
285 -1.0724 0.164973 47.8633
285 1.217 -0.372 45.0336
285 0.0934759 -0.836245 -54.9743
285 0.382911 0.300762 -45.0504
285 -0.599362 -0.133702 60.111
285 0.857714 0.814768 49.5408
285 1.12313 0.588031 -12.356
285 0.301651 -0.773765 -10.9434
285 0.834482 0.517806 -51.5587
285 0.0562003 0.432966 43.3354
285 0.897197 0.238738 44.0329
285 -0.569429 -0.426715 59.3346
285 0.722257 -0.89711 -56.2955
285 0.658409 0.351722 63.5794
285 -0.969277 -0.0495586 -53.8942
285 -0.0617998 0.669188 -46.3896
285 -0.347545 -0.511145 21.4518
285 -1.17669 0.0558867 -9.75029
285 -1.01798 0.351797 48.0238
285 0.612728 -0.635956 51.4781
285 -0.379046 0.834567 -52.9824
285 0.0292266 0.857125 -58.1399
285 0.394634 0.728323 -58.3552
285 -0.792183 -0.96979 52.3214
285 -0.668835 0.716703 21.7159
285 0.772939 0.12265 25.4579
285 -0.343061 0.690575 -52.2295
285 -0.812506 0.101725 53.9195
285 0.140524 0.823009 30.4522
285 -0.118297 1.24659 23.5715
285 -1.20357 0.0428443 23.0359
285 -0.999571 -0.238846 59.8054
285 -1.08326 -0.525382 53.2263
285 -0.302658 -0.479481 3.20079
285 -1.1185 -0.082809 67.0399
285 0.623088 0.587832 56.1537
285 0.543547 -0.871813 -17.033
285 0.346701 -0.850606 -49.2776
285 -1.07304 0.352381 -47.3151
285 -0.779231 -1.01137 46.2987
285 0.150134 -0.754071 52.4163
285 -0.0578693 -1.06088 46.907
285 -1.07407 -0.101953 61.0048
285 -0.644345 -0.922255 53.1774
285 0.493641 -0.851828 -49.4403
285 -0.959117 0.654899 -47.0714
285 0.0700965 -0.767026 58.4829
285 -0.996278 -0.393498 59.9328
285 -0.365489 1.14629 -39.721
285 1.03906 0.426875 -11.6539
285 -0.257239 0.79149 49.9901
285 0.450864 -0.972206 -37.0869
285 -0.372562 -0.636958 -48.091
285 -0.769364 0.134877 67.0752
285 0.814235 0.442846 -38.6464
285 0.304026 0.996429 49.9296
285 0.18056 -1.19542 -29.6726
285 -0.484087 1.10123 41.3095
285 0.583657 -0.00808761 -5.55291
285 -0.65429 0.591707 -27.6332
285 1.12596 -0.660019 -49.6149
285 -0.791072 -0.833439 46.4379
285 0.291053 0.676859 11.4134
285 -0.22155 -0.965148 66.3228
285 0.178305 0.683634 56.6216
285 -0.334319 -1.17877 52.3474
285 -0.150628 -0.866591 47.1234
285 -0.945529 0.38469 10.4403
285 0.75363 0.878107 -12.794
285 0.923873 -0.924084 -49.5026
285 0.815237 -0.183369 -19.8361
285 0.0814309 0.724877 -21.4312
285 -0.0375688 -0.731894 -42.3785
285 -0.651823 -0.755255 53.0652
285 0.235319 0.617245 -52.1686
285 0.0542221 1.0719 -39.4755
285 0.728301 -0.85635 1.81746
285 -0.466464 -0.154264 -21.5811
285 -0.75472 0.336718 -15.1993
285 0.458886 -0.362669 58.5752
285 -0.434349 0.47957 -39.9309
285 0.474468 1.04857 -37.6369
285 -0.670291 0.546053 -33.8607
285 0.242345 0.862697 55.9202
285 0.706567 0.0281589 -44.2563
285 -0.684658 0.0761484 35.0861
285 -0.486437 0.798499 -46.2275
285 0.243174 0.88415 -45.1705
285 -0.498294 0.165107 -7.86667
285 -0.768828 0.667453 -41.1876
285 1.01527 0.450413 50.3569
285 -0.775382 0.531644 54.6806
285 0.019589 -1.17081 -3.6097
285 -0.554828 0.477457 17.2037
285 0.75338 1.00989 5.39218
285 -0.860442 -0.842876 -9.91036
285 -1.16484 -0.00806742 -40.5661
285 0.00186619 -0.787231 58.8237
285 0.0973666 -0.902557 58.8309
285 -1.11986 -0.0459565 -41.0422
285 0.641581 1.01291 -39.3957
285 0.866893 0.624772 11.6301
285 -1.0136 0.680381 -34.1973
285 -1.10267 -0.578513 -41.5198
285 0.410226 -0.525438 51.9438
285 0.0133387 0.721444 -25.1812
285 0.877289 0.85268 -31.6186
285 1.08844 0.595695 37.4038
285 0.26794 -1.06361 52.5229
285 0.0746127 -1.03382 -55.0134
285 -1.05177 0.199613 -46.923
285 0.802363 -0.0479965 -43.7996
285 0.650291 0.119834 12.8163
285 -0.769115 -0.142328 22.7397
285 -1.04918 -0.0507788 9.97786
285 0.0115094 1.07259 17.3366
285 -0.908109 0.0283574 54.0732
285 -0.159188 -1.10886 -4.51511
285 0.231657 0.904258 -52.5405
285 0.0580978 1.05213 -40.1168
285 -0.544331 -0.90141 47.1176
285 -0.0517858 -0.838514 -48.7553
285 -0.746348 -0.179724 53.7798
285 1.18201 -0.409346 -49.7358
285 0.546261 0.643317 57.0807
285 -0.753986 0.942921 16.6597
285 0.453531 0.475531 -6.62654
285 -1.09198 0.478153 23.317
285 -0.520943 -0.967768 -42.0418
285 0.693043 -0.839565 -42.9958
285 0.92484 0.100767 -19.1221
285 0.885745 0.740319 -24.6993
285 -0.406129 -0.388348 53.0556
285 -0.00766433 0.997577 55.3847
285 -0.856723 0.698883 29.9487
285 0.654648 0.527282 -57.4746
285 0.607168 -0.12552 38.4679
285 -0.564607 0.421481 -53.2082
285 -1.08723 -0.588764 -15.383
285 0.752592 -1.04579 32.3078
285 0.88013 0.0236577 -10.9151
285 1.28774 -0.0135355 50.8999
285 1.07336 0.241325 -44.7258
285 -0.623454 -0.513733 34.2959
285 -0.0907133 -0.669881 -55.1958
285 0.502188 -0.619028 58.1987
285 -0.213874 -0.997535 14.986
285 -1.11306 -0.45842 53.2129
285 -0.406489 -0.907834 -3.14907
285 0.31574 -0.907812 20.5428
285 0.257785 0.351613 25.1756
285 -0.565933 0.157318 48.2521
285 -0.510359 0.245287 42.3445
285 -0.290751 -0.634495 -41.9068
285 -1.04458 0.509618 -40.4004
285 0.540289 -0.298433 -44.2109
285 0.311081 -0.961415 64.9488
285 -0.80787 -0.783276 -10.3861
285 0.248913 0.476602 55.9249
285 -0.422681 1.03259 28.7064
285 -0.954771 0.247521 -21.616
285 0.277152 1.04557 23.5206
285 0.712311 -0.47513 57.5729
285 0.400158 -0.753017 64.8829
285 -0.399061 -0.957024 -49.3075
285 -0.0926795 1.01141 -39.8934
285 0.75511 -0.523631 64.6949
285 0.753452 -0.0730246 -38.9534
285 -0.108835 1.1543 17.0853
285 -0.438837 -0.866015 -41.9069
285 0.0331644 1.1836 17.2112
285 -0.377636 1.0479 9.7387
285 -0.891124 -0.603632 60.383
285 -1.15988 -0.368229 46.9451
285 0.0373688 1.03096 55.9388
285 0.0420318 0.496488 55.7648
285 0.765472 -0.78171 -30.181
285 -0.603522 -0.611767 -48.4739
285 -1.20493 -0.390227 47.3509
285 0.704019 0.8168 -38.6538
285 -1.18695 0.313994 48.0358
285 1.01342 -0.43328 12.7155
285 1.03297 -0.334327 19.1803
285 -0.510834 0.3097 -34.9126
285 -0.586772 0.7015 67.9649
285 -0.823548 -0.678435 16.336
285 -0.530311 0.502924 -19.5748
285 -0.433873 -0.803901 59.1445
285 -1.26447 -0.218872 -28.2807
285 0.840993 0.42001 -51.6476
285 -0.537657 -0.373069 -4.13401
285 -0.290267 -0.40376 3.13122
285 0.751401 -0.907117 14.2008
285 0.672949 -0.722306 -17.7656
285 -0.711995 0.677624 -47.1207
285 -0.580474 -0.385702 -54.1577
285 -1.0679 0.464376 -14.9912
285 0.2205 1.12798 -39.2269
285 -0.951919 0.81452 -33.3835
285 0.579021 -0.571978 -16.4781
285 0.394021 -0.62765 51.7507
285 -0.167892 -1.0207 -42.5856
285 -0.775999 -0.299046 -48.0992
285 -0.432545 1.0121 -26.8491
285 -0.668222 0.0137888 53.8543
285 -0.0587372 -0.587715 19.8566
285 -0.0924983 -1.03564 59.1484
285 -0.847281 0.153182 -3.51195
285 0.602836 0.458908 6.04567
285 -0.711383 1.07379 41.9526
285 -0.589303 -0.224844 53.9398
285 0.207162 0.932735 -20.4558
285 -0.29024 -0.761988 39.9652
285 0.970485 -0.67156 51.6274
285 0.107446 0.851897 -45.5706
285 -0.851276 0.575486 -40.3594
285 0.673255 -0.356233 -24.2847
285 -1.08509 -0.397816 -35.5353
285 -0.664935 0.137583 9.9467
285 -0.7694 0.352445 -53.3083
285 1.22911 0.162878 -37.8191
285 -0.248836 -1.13923 26.3586
285 -0.929033 -0.286555 34.217
285 -1.09344 -0.266284 -54.6181
285 -0.102635 -0.796202 -23.842
285 1.31086 -0.090404 -43.7604
285 0.377681 0.70826 -45.1466
285 0.0738484 0.944465 49.5244
285 0.545887 -0.775633 -42.8352
285 0.800971 0.192464 24.8813
285 1.09682 -0.371993 -31.1106
285 -0.926584 -0.235426 53.8645
285 0.518838 0.391443 -51.4114
285 -0.45468 0.972679 37.0625
285 0.140567 0.945986 62.0676
285 0.792004 -0.00524836 11.55
285 -0.648563 0.973947 -40.4273
285 0.38795 0.658753 43.305
285 -0.482305 -0.118278 -47.5568
285 0.495709 -0.258405 -37.4727
285 -0.155028 -0.390086 -36.0885
285 -1.22279 -0.3779 -15.9603
285 -0.813017 0.789513 -40.4895
285 1.11631 -0.230504 13.6722
285 -0.547149 0.563145 -25.9081
