385 0.356516 -1.04237 20.3839
385 -0.0922311 -1.03151 13.7553
385 -0.778021 0.949798 -52.5
385 0.832275 -0.325251 82.7822
385 0.961597 0.447488 -17.7501
385 0.127005 -0.621231 58.518
385 0.331648 -0.970127 -80.6694
385 -0.560398 -0.00327474 86.0888
385 -0.913547 -0.130683 72.8174
385 0.976888 0.00270834 -76.0351
385 -0.465426 0.517821 80.4139
385 0.969323 0.622209 63.0681
385 -0.564212 -0.360483 -16.7686
385 0.605197 0.96715 -64.1121
385 0.0380081 1.20263 -7.82322
385 -0.941867 0.620296 -66.1274
385 -0.166923 -1.05467 33.6666
385 -0.657578 1.04075 -33.9377
385 0.251341 0.667533 -76.6046
385 -0.629946 -0.916942 -36.4168
385 0.20685 0.555083 -6.62989
385 -1.08464 -0.347575 -9.22547
385 0.839927 0.695285 75.2608
385 -0.505879 -0.141983 60.752
385 0.866409 0.884273 69.2123
385 0.203058 -0.936318 -24.1892
385 -1.26763 0.197044 -14.9421
385 0.643386 0.705386 5.82108
385 0.985504 -0.519191 45.8346
385 0.345863 -0.976038 -61.2626
385 0.269419 -0.75903 -49.0489
385 -0.890538 -0.765916 -17.059
385 0.631334 -0.76814 25.9066
385 0.403162 -0.543204 -62.1611
385 -0.826045 0.192604 33.7615
385 -0.987697 -0.756818 27.183
385 -0.280286 -0.730964 8.63027
385 0.958337 -0.561066 6.09271
385 0.63707 -0.0631876 -25.2887
385 -0.297323 -0.710126 -60.7793
385 0.20704 -1.18228 27.5533
385 -0.826537 -0.606951 -28.375
385 -0.602912 -0.156886 92.0203
385 -0.164068 -1.076 -4.52707
385 0.676412 -0.604504 7.4897
385 -0.498744 -0.606542 65.4328
385 0.589324 1.0614 -64.3176
385 0.407369 0.872877 -64.2004
385 -0.0222699 1.26666 67.3358
385 0.522566 0.7633 68.7086
385 0.824117 0.742993 56.5095
385 0.320289 -1.01094 -24.3982
385 0.607184 0.325364 69.8989
385 -0.847433 0.0899013 79.8882
385 1.31212 0.12043 56.7581
385 -0.510722 0.776447 -84.4736
385 0.528819 0.149751 -49.8341
385 -0.807044 -0.204983 79.2506
385 -0.620333 0.840481 -14.1067
385 -0.91036 0.220811 34.8963
385 0.537245 -0.0279397 70.6966
385 -1.15102 0.241411 -59.9662
385 -0.793271 -0.0737428 -9.05722
385 -0.500712 0.248748 34.4037
385 1.05251 0.180395 -63.4093
385 0.403919 1.1982 67.8662
385 -0.573067 0.642498 4.46739
385 -0.853587 -0.299898 -4.72683
385 0.714518 -0.594202 -5.42989
385 -1.11542 0.358808 21.7946
385 -0.397816 0.393042 4.05364
385 0.894597 0.584284 49.986
385 0.59499 0.322995 62.7175
385 -1.0945 0.151202 -7.79332
385 0.152466 0.784788 61.9948
385 -0.16066 -0.865545 85.0381
385 -0.769448 -0.0134498 -72.0741
385 0.724032 -0.0634044 -57.6395
385 -0.64283 -0.699728 16.108
385 0.145501 0.899449 -14.0063
385 1.21203 -0.0046489 49.4169
385 0.429444 0.613606 -63.7569
385 -0.981088 0.213445 -72.0819
385 0.228931 -0.839768 -55.0893
385 -0.652397 -0.943834 84.4325
385 0.568038 -0.569803 -11.8853
385 0.124528 1.03415 30.4215
385 0.406653 0.524584 57.2454
385 0.550066 0.41545 -70.6469
385 -0.965225 0.0775522 -21.7695
385 -0.582246 -0.739704 72.7287
385 -0.967979 -0.308014 59.9175
385 1.14403 -0.101674 -56.6987
385 0.427516 -1.16918 26.5468
385 0.220083 -0.774613 -74.5483
385 -0.633201 -0.4039 16.0596
385 -0.652503 -0.0983479 47.4845
385 -0.687781 -0.0764526 -15.4003
385 0.270899 -0.655415 64.9949
385 -1.09536 -0.367428 79.2769
385 0.823893 -0.770409 56.5915
385 0.79768 -0.100365 25.4346
385 0.470337 -0.277852 25.6089
385 0.41505 -0.442054 82.9827
385 -0.849759 0.631831 -52.7232
385 -1.2039 0.09724 54.0855
385 0.59918 -0.44043 77.4067
385 -0.717867 0.723663 61.0497
385 0.588488 -0.884142 -61.7987
385 -0.403187 1.0775 68.4835
385 -0.911218 0.307144 60.6195
385 0.197354 0.955652 -58.1868
385 0.963048 -0.229051 31.7001
385 0.843708 0.0287341 31.4887
385 -0.473382 -1.16221 27.4122
385 0.621474 0.967888 56.8628
385 0.0659217 -1.02699 2.08821
385 -0.828437 0.886399 86.4121
385 -0.264259 -0.670573 72.5166
385 0.84564 -0.364328 76.393
385 0.954961 0.373831 56.2317
385 -0.911938 -0.371617 -48.1861
385 -1.14439 -0.436826 54.0931
385 -0.421657 -0.727196 -79.5113
385 -0.796089 0.625758 68.2072
385 -0.844124 -0.145942 -60.266
385 0.532888 0.365691 -6.85304
385 1.27837 -0.157789 -5.46165
385 1.07172 0.61067 -37.2437
385 0.761512 0.846366 -57.8352
385 -0.711624 0.110385 85.9082
385 -0.46356 1.09468 16.3745
385 0.356441 1.09313 61.1902
385 0.314638 0.487984 62.2468
385 0.727639 0.1155 38.7567
385 0.8427 -0.175158 12.9772
385 -0.0388122 -0.858579 -54.8027
385 0.545142 -0.7033 -61.8008
385 -0.136104 -0.492064 -73.581
385 0.543676 0.723141 -63.9169
385 -1.01348 -0.0244377 67.1704
385 -0.615728 -0.768632 -4.47195
385 -0.991439 0.70112 3.21399
385 -0.405403 1.02998 18.4482
385 -0.148297 -1.21102 -41.5935
385 0.92901 0.35991 -6.23847
385 0.0494499 -1.24141 -61.0703
385 0.931445 0.527029 57.4892
385 0.0998602 0.673327 -77.6239
385 -0.180234 -0.612903 27.0863
385 -0.557908 -0.226989 -72.8987
385 -0.851134 0.938955 67.4172
385 -0.509994 -0.499384 71.9829
385 -0.889903 0.67101 61.4804
385 -0.374843 1.19783 29.7663
385 -0.515943 0.606306 -1.45576
385 -0.863734 0.121631 -51.3898
385 -0.404634 -0.528927 1.62659
385 0.788905 0.230858 -75.7621
385 -0.621958 -0.166779 85.0554
385 -0.926871 -0.868105 -21.8654
385 -1.13571 -0.569064 47.3433
385 1.23511 -0.315324 25.7781
385 -1.13924 -0.0152731 -72.5889
385 -0.851582 -0.441467 14.7612
385 0.661077 0.22352 -19.2358
385 -1.13784 0.461347 35.8412
385 1.09152 0.642762 24.6207
385 -0.28383 0.693604 -14.3336
385 -1.01698 -0.454287 9.00487
385 -0.414189 0.242676 53.5565
385 0.942998 -0.125612 -37.4059
385 -0.831102 -0.212465 85.0412
385 0.0221726 -0.77615 -67.6123
385 -0.273453 0.768396 4.29846
385 0.76004 0.505462 82.3112
385 -0.00596615 0.759422 81.0191
385 0.866501 0.742624 -45.5053
385 -0.619214 0.63538 68.135
385 -0.910094 -0.714121 66.3484
385 0.405987 -0.679381 -80.6121
385 0.557265 -1.06969 52.3209
385 -0.0692262 -1.0906 -67.7466
385 0.423481 0.847554 -77.5293
385 -1.00707 -0.370817 53.3393
385 1.00443 0.433923 -70.1578
385 -0.252412 -1.07574 -73.5903
385 1.13402 -0.183582 49.6393
385 -0.569864 0.375795 -40.8623
385 0.0295159 -0.580797 -49.6953
385 0.487175 -1.07781 52.2727
385 -0.964523 -0.387429 85.1526
385 0.178668 0.949266 -70.2404
385 -1.12457 -0.283021 -48.0211
385 -0.81363 -0.922615 14.4847
385 -0.638309 0.0884844 3.98265
385 -0.811421 0.532487 -71.9448
385 -0.0843376 0.524133 4.2538
385 -0.593847 0.231117 66.9102
385 0.742054 -0.053012 95.3711
385 -0.233236 0.814316 61.4922
385 -0.772518 0.441889 86.2112
385 0.386902 -0.740828 59.1529
385 -0.711445 0.34916 28.9256
385 0.344032 -0.747035 -29.802
385 -0.800152 0.434806 73.799
385 0.737066 0.301198 -1.42688
385 0.153201 -0.667866 15.4008
385 0.292085 -0.925728 51.5178
385 -1.07719 0.400065 79.8688
385 -1.14001 -0.0463834 67.0637
385 -0.730073 -0.563153 -29.8447
385 -0.478318 0.961934 -65.8411
385 0.0233878 -1.06267 77.7529
385 -0.784591 -0.216876 -28.5381
385 -0.361487 0.762014 74.0677
385 0.655262 -0.782648 64.8515
385 0.995288 -0.628984 -23.2815
385 -0.378711 -0.877206 33.8379
385 0.646908 -1.03568 45.9003
385 0.605416 -0.284612 76.5602
385 -0.73405 0.188815 3.45812
385 -0.740781 -0.534458 59.5387
385 0.747112 0.700707 68.7939
385 0.119383 0.967185 62.0181
385 1.12801 0.591484 68.6799
385 -0.101158 0.649722 -77.9204
385 1.05813 0.742665 56.5501
385 1.06641 -0.665908 57.6477
385 -0.0295541 -0.729509 -23.0309
385 -0.625966 0.678995 80.2295
385 -0.944239 0.300437 -78.4767
385 -0.926072 -0.13269 -78.9318
385 -1.02538 -0.34915 -60.2512
385 0.490054 0.31345 18.0105
385 -0.0634159 -1.13596 -28.9332
385 1.02214 -0.683999 -30.8933
385 -0.25768 0.672709 -26.5894
385 -0.855638 0.326889 74.4071
385 -1.02817 -0.396062 34.0732
385 0.737737 0.672961 44.1799
385 0.861016 0.486739 -1.11817
385 0.562977 0.0846917 -25.3295
385 1.02718 0.135441 -63.5632
385 0.922471 -0.101259 82.6926
385 0.897708 -0.794424 -42.8022
385 -0.791472 -0.391155 -66.616
385 -0.743127 0.95091 61.565
385 -0.865477 -0.701358 -80.0519
385 -0.95922 -0.176434 -47.2124
385 1.15971 -0.0708396 -37.5989
385 -1.10717 0.550443 -65.6456
385 -1.00691 0.671 16.3045
385 1.09308 0.229796 82.6761
385 0.515076 0.259137 5.75899
385 -0.768006 -0.409087 4.29123
385 1.0751 -0.482919 12.2225
385 0.431616 -1.1909 8.15743
385 0.0511949 -0.496694 -73.9243
385 -0.602725 0.0464474 -34.4818
385 0.47102 -0.742146 21.4756
385 0.769169 0.225391 57.9078
385 -0.443553 0.377866 -84.5297
385 -0.599653 -0.0790024 -41.4061
385 0.445414 -1.13225 -36.6047
385 0.154475 1.11059 5.5649
385 0.200179 0.614054 29.0632
385 0.925086 -0.0384852 20.3009
385 1.05057 0.615364 68.227
385 0.0455785 -0.767085 84.0448
385 0.887622 0.541466 69.323
385 0.653757 0.525728 69.5262
385 -0.75194 0.149745 73.1636
385 -0.0765702 1.01886 3.67814
385 0.954664 -0.817182 57.1308
385 -0.793182 -0.00126441 -73.0001
385 -0.391463 0.457093 41.6818
385 -0.364952 0.896438 3.29368
385 -0.803045 0.317237 73.1363
385 -0.714079 0.645096 -58.7626
385 0.305503 -0.807858 -17.4063
385 1.08169 0.662041 -25.2922
385 -0.538889 0.816392 5.66577
385 -0.5732 1.02652 35.1084
385 -0.741742 -0.135119 79.0702
385 -0.655441 0.501669 10.5501
385 0.849013 0.716678 -32.3099
385 0.47836 0.372372 -63.6809
385 1.16135 0.257423 -30.8635
385 0.358511 1.16671 -64.6063
385 0.820397 -0.6135 -25.5201
385 -0.620525 -0.402228 -60.26
385 -0.346926 1.09039 62.1819
385 0.426484 1.02456 -1.19524
385 -0.463037 0.389332 -66.0576
385 -0.742549 0.387137 -72.2536
385 0.380592 -0.302649 58.5936
385 -0.501234 1.11209 10.5364
385 0.28644 -0.886815 -4.90417
385 -0.368035 -0.623709 90.9423
385 0.347289 0.840085 63.2498
385 1.16144 0.121602 82.0045
385 0.605017 0.859132 50.727
385 0.0200495 0.63915 5.17496
385 0.0440932 -1.21248 14.9158
385 0.740456 0.647643 -76.2011
385 -0.768097 -0.707672 -22.8096
385 -1.00154 0.15173 65.3454
385 -0.174928 -0.560859 -80.562
385 0.109855 1.15885 -64.7458
385 0.176056 0.609325 74.598
385 -0.296462 0.852185 -9.3563
385 0.847537 0.136732 6.26371
385 -0.756077 0.798848 -58.8307
385 -0.225065 0.640557 -70.9098
385 0.0549049 0.673325 -64.8518
385 0.981561 -0.169399 63.6944
385 0.224149 -0.85883 -61.6913
385 0.562774 1.06272 -50.8945
385 0.78274 -0.0431123 63.5473
385 -0.86963 0.47138 29.3498
385 0.253476 0.590522 -70.543
385 -0.644257 0.862821 -46.198
385 0.436593 0.946468 -20.0361
385 -0.723302 -0.827325 -29.3848
385 -0.303429 0.922824 -14.6549
385 -0.211913 0.86345 49.9393
385 1.11509 0.552186 -44.9427
385 -0.598877 0.867724 -78.0607
385 0.448456 1.10534 62.1198
385 1.13583 0.447725 -32.007
385 0.56794 0.559896 62.366
385 -0.72735 0.174265 -40.1123
385 -0.654921 0.51646 -60.1238
385 1.08443 0.333472 12.8863
385 1.18918 -0.0484037 63.3174
385 -1.10957 0.250269 40.2546
385 -0.266517 -0.562362 -73.7472
385 -0.342351 -0.925488 52.0462
385 1.10535 -0.206841 -62.5299
385 0.666263 0.12153 77.0837
385 1.17498 -0.226868 -56.8543
385 0.906432 0.637586 -38.8082
385 -0.44663 -1.07245 2.95523
385 0.550281 0.367015 18.9771
385 -0.968212 0.248204 -72.2191
385 0.642457 -0.872093 71.0043
385 0.627226 0.906839 -37.5465
385 0.153608 -1.02367 21.4782
385 -0.711663 0.609838 -47.4707
385 -0.654888 -0.491546 66.1844
385 -0.861747 0.149308 39.6503
385 0.807051 -0.495411 33.6032
385 0.436032 -0.674648 83.7565
385 0.687489 -0.296442 76.2976
385 -0.751354 -0.330108 84.8687
385 0.894576 0.271628 -6.02101
385 -0.0860274 0.945132 74.5029
385 -0.452215 -1.12161 -40.8588
385 -0.64445 -1.00037 -53.4225
385 -1.19366 -0.349699 46.917
385 0.90248 0.352075 -5.96154
385 -0.865445 0.74185 48.7749
385 0.248361 0.839004 31.3028
385 0.745839 0.180377 -44.0708
385 0.527294 0.687559 69.6691
385 -1.07403 -0.664963 -34.8681
385 -0.389803 0.50567 -40.4569
385 1.2699 0.140267 63.1066
385 -0.0732836 -0.881558 -10.9945
385 0.337211 0.729541 -13.6305
385 0.630911 0.612014 81.6147
385 -0.381981 0.706866 -83.7686
385 0.278574 -0.489165 -43.108
385 0.425687 -0.314641 -82.003
385 -0.485733 0.473484 73.854
385 -0.643166 -0.596646 -79.3586
385 0.184872 1.13627 -25.4167
385 1.11572 -0.0827463 -18.1633
385 0.264803 1.02501 23.7168
385 0.810565 0.318607 24.8278
385 -0.697974 -0.874563 65.2115
385 -0.138151 -0.852365 65.0228
385 -1.14357 -0.372524 -66.5909
385 0.812456 -0.714492 77.4317
385 0.930839 -0.858775 63.2546
385 -0.592155 0.316464 -59.2912
385 0.359998 0.838471 -63.9414
385 0.149452 -0.648385 -62.1283
385 1.17913 0.274443 -44.3609
385 -1.05204 0.123895 -85.2532
385 -0.180279 -0.952066 84.5517
385 1.02528 0.262764 -76.059
385 0.389428 1.20519 30.5673
385 0.157764 -1.15715 -5.49428
385 -0.718973 -0.581387 72.5192
385 -0.77919 -0.394617 78.6052
385 -1.19135 -0.193522 27.7743
385 -0.312531 -1.07368 -22.4754
385 0.914163 -0.255225 43.1145
385 -0.646584 0.146985 34.6131
385 -0.279868 -0.482876 -86.3286
385 -0.277016 -0.884134 27.1414
385 -0.409023 0.651452 -64.8461
385 -0.813248 0.186604 73.5528
385 -1.12869 0.194681 -20.6643
385 -1.00334 0.596189 -2.89318
385 1.05202 -0.0033455 -62.849
385 1.04254 0.316522 62.9782
385 1.05974 -0.0973321 -50.8224
385 -0.689643 0.0285424 -21.4979
385 0.206946 -0.850371 -68.5282
385 -0.205195 -1.03226 13.4085
385 -0.558076 -0.857607 41.1465
385 1.06135 0.355905 13.6227
385 -0.158986 -0.910075 72.2198
385 -0.787652 -0.51221 -60.3188
385 0.852937 -0.543918 -30.3614
385 -0.730414 -0.974444 -4.04964
385 0.696486 0.134614 -18.4702
385 -0.266786 0.713423 68.7587
385 -0.16946 1.15144 -58.6718
385 -0.373904 -0.243121 -54.7491
385 -0.574208 -0.140851 -79.1868
385 -0.583486 -0.877177 72.8433
385 0.416698 0.624945 60.7262
385 0.229461 0.60423 12.2618
385 0.568724 -0.326757 -16.7428
385 -1.09738 0.628355 -2.24499
385 -0.514428 0.881343 -77.7887
385 0.818122 0.854675 -31.1253
385 0.1486 0.426837 -7.79937
385 0.936794 -0.275824 -24.9107
385 -0.80742 -0.141011 -39.2229
385 0.209409 0.907562 -57.9341
385 0.172887 0.82397 -12.5226
385 0.593697 -0.339096 -18.1663
385 -0.0436697 -0.818126 -73.959
385 0.647749 0.631696 62.2711
385 0.770539 0.473304 -76.6748
385 -0.704422 -0.909279 84.3795
385 -0.801747 0.793869 -13.9733
385 -0.534072 -0.614608 22.8261
385 -0.639794 -0.209537 20.934
385 0.756466 -0.656059 71.1759
385 0.602806 0.146559 17.458
385 0.297235 -0.899792 58.3264
385 0.333412 -0.531654 76.861
385 -0.0734543 -0.953315 33.0308
385 1.05671 -0.0329266 -56.9469
385 0.53088 -0.875112 -49.0306
385 -1.08909 -0.162389 79.5911
385 0.0969571 -0.548523 -11.4112
385 0.318287 -0.418704 -61.8923
385 -0.847158 -0.124361 -54.7886
385 1.22964 -0.428197 12.8907
385 0.696224 -0.0535897 13.3203
385 0.0800504 -0.924449 -35.8309
385 0.210405 -0.608456 -74.4659
385 0.00700148 0.992389 -70.8406
385 -1.16773 -0.0362162 -79.3199
385 -0.928584 -0.297074 -85.1971
385 -0.160994 0.600287 -25.5897
385 -0.642758 1.08688 -26.4905
385 0.533072 0.668614 75.0426
385 -0.445644 0.886673 -8.17391
385 0.053859 0.453644 80.9618
385 -0.0140064 1.06317 -57.9909
385 0.868151 -0.615893 -5.67092
385 0.0117929 0.838414 -51.414
385 -0.251796 0.840684 -77.0929
385 -0.551203 -0.991699 65.4674
385 -0.473736 1.03427 -64.8675
385 -0.301981 -0.833687 1.90466
385 -0.0965875 0.5654 23.4966
385 0.920852 -0.627589 31.3021
385 -0.835042 -0.846616 58.8723
385 -0.738975 0.911798 -21.3639
385 -0.223662 -1.20069 58.1635
385 -0.657388 0.659263 61.5258
385 0.612662 0.382159 55.9402
385 0.22254 -0.995697 53.1122
385 -0.0245062 -0.842209 83.8568
385 0.573696 0.498368 -63.5156
385 1.31056 -0.117412 -37.4697
385 -0.596066 0.171144 22.8658
385 -1.06858 0.498699 -71.9086
385 -0.72276 0.410917 -72.7819
385 -0.0313329 1.18091 68.4084
385 0.823879 -0.370886 -55.9117
385 0.631415 -0.837922 27.621
385 0.631078 0.729416 -24.6941
385 -1.16841 0.359372 60.4667
385 -1.18123 0.08383 46.4867
385 0.606241 0.880089 49.2347
385 0.49103 0.393951 50.0291
385 0.910165 0.785747 62.5429
385 0.295783 0.790703 -70.4556
385 0.313381 0.371928 -51.3812
385 0.49897 -0.0546097 82.6464
385 -0.544267 0.702211 -64.9406
385 -0.69857 -0.00969601 -4.25777
385 0.211636 1.12234 55.8322
385 -0.83858 0.80605 -45.939
385 -1.13606 -0.288469 28.5828
385 -0.331728 -0.955926 -23.1041
385 0.600504 0.427793 -0.591214
385 0.161947 -0.811203 -62.1067
385 0.995222 -0.338865 -31.0722
385 0.194995 -1.15655 -55.6225
385 0.906483 -0.121103 -75.4319
385 0.055364 0.718587 74.5944
385 0.741256 0.0843578 6.12351
385 0.0645369 0.72276 -57.8721
385 0.670183 0.708742 11.806
385 0.308945 1.16214 62.0631
385 1.22353 -0.276857 -30.1047
385 -0.109049 0.742035 -77.9892
385 1.01869 -0.0225505 7.12853
385 0.280062 0.452984 -64.0026
385 0.866097 0.283447 -0.657854
385 -0.459689 0.642249 16.8182
385 0.139338 -0.568192 -74.0399
385 -0.712008 -0.196516 10.06
385 -0.0930344 -0.67776 83.9928
385 -0.390424 0.864465 -64.9585
385 -0.870835 -0.127446 48.2844
385 0.786795 -0.922809 -61.8062
385 -0.980394 0.547775 4.24028
385 0.285841 -0.501559 65.37
385 -0.891591 -0.856914 -54.6637
385 -1.22858 -0.10315 10.3945
385 0.598367 -0.499333 -62.0635
385 -1.1757 -0.374598 59.6588
385 -0.280101 0.437822 73.8109
385 0.63893 0.0554117 -0.562263
385 0.598182 -0.602843 -28.9021
385 0.0679966 -1.11456 46.7771
385 -0.0452713 0.520526 -71.5402
385 1.00248 0.0827653 70.2636
385 -0.918383 -0.236528 79.2984
385 0.909433 0.877776 5.55646
385 -0.992606 0.0461268 16.0685
385 0.85922 -0.273955 76.623
385 1.11857 0.147696 -18.5968
385 0.180985 -0.968548 0.245288
385 -0.458079 0.707786 80.271
385 0.408509 -0.776722 7.90292
385 -0.750919 0.752219 -13.4103
385 0.0814543 0.508528 11.8078
385 -1.12689 0.436128 -46.6645
385 1.25719 -0.411848 -49.5904
385 1.13933 0.233648 69.2155
385 -0.148086 -0.781798 39.5395
385 0.607143 -0.937013 -61.9263
385 -0.0416482 0.498777 -83.8148
385 0.791308 0.14211 -76.2822
385 -1.1763 -0.211748 -40.9361
385 1.21968 0.411571 63.3316
385 -0.0589805 0.833094 80.5369
385 0.148791 1.04103 30.1108
385 0.896991 -0.0235792 69.5764
385 -1.09605 0.0032704 -60.1485
385 -0.61434 -1.00271 -2.91259
385 1.21045 0.00761126 -5.47783
385 0.971658 -0.476773 0.150337
385 -0.320356 -0.689229 -68.2256
385 -0.920415 0.079804 22.5981
385 0.683907 0.00809033 0.431069
385 -0.856053 -0.628881 34.8913
385 0.566387 0.973219 24.0483
385 -0.0145853 -0.643395 -41.8771
385 0.764739 -0.226508 -37.643
385 -0.804482 0.961994 -20.5993
385 0.234211 -0.730281 -36.2937
385 -1.27169 -0.0635897 -9.37563
385 -0.34974 1.02573 29.6964
385 1.10167 -0.591301 7.70009
385 -0.187125 0.545174 -8.36973
385 -0.142005 1.183 68.6061
385 0.36979 -0.498672 52.1835
385 -0.583748 0.372878 41.8808
385 0.886671 -0.109004 -24.5679
385 -0.939843 -0.445525 3.60075
385 -0.303594 -0.955954 -41.5805
385 0.95221 -0.855659 58.1848
385 0.618252 -0.733597 -62.9071
385 -0.186808 0.649731 -65.1577
385 0.977663 -0.523914 -37.7835
385 0.332937 -0.880128 27.2097
385 -0.720988 -1.03696 -17.019
385 0.978487 -0.624113 70.3874
385 1.03104 -0.17543 -35.9644
385 -0.0406295 0.907258 81.1503
385 -0.762925 -0.582148 -66.5426
385 -0.207296 0.737081 11.5735
385 1.22664 0.335388 -50.9162
385 0.55967 -0.278565 -56.4575
385 0.431414 -0.958651 57.7582
385 0.109086 -0.427109 57.3368
385 1.04199 0.68146 13.038
385 0.82459 0.516767 25.2909
385 -0.25221 -1.00131 -74.6137
385 0.790799 -0.417014 -68.4942
385 -1.28467 -0.0753888 -27.4492
385 0.781114 -0.767743 26.4889
385 0.106872 1.23903 -45.2895
385 -0.205901 0.870307 -64.5992
385 0.423656 0.762185 87.8725
385 0.675029 0.0902748 -32.2331
385 -1.02406 0.402925 54.9911
385 0.177847 -0.896052 77.4704
385 -0.226242 -0.843999 -61.9015
385 0.185346 -0.972534 83.902
385 -0.347808 -1.1127 -54.1503
385 0.716733 0.16223 -38.098
385 0.909417 0.823931 62.6278
385 -0.0724438 1.07579 29.4567
385 -1.2778 0.0708193 22.1991
385 -0.55947 -0.322386 65.7996
385 0.178187 1.24962 -51.1569
385 -0.452313 -0.0948189 66.6845
385 0.587778 -0.572997 -49.2716
385 0.599732 0.728068 62.3368
385 -0.761198 -0.364904 2.76578
385 -0.789468 0.893857 -33.573
385 -0.451557 -1.17025 -53.9797
385 -1.03108 0.170347 -53.3391
385 0.102199 0.454319 60.7206
385 1.07382 -0.182083 -0.802054
385 -0.176993 -0.999723 45.9751
385 -0.0511211 0.597636 -64.5923
385 0.1781 -0.571025 -80.2062
385 0.741604 0.264596 75.8819
385 0.642384 0.169209 -37.3496
385 1.23099 -0.367836 -62.4696
385 0.0337763 0.484301 -14.2104
385 0.691442 -1.00076 71.2105
385 -0.607486 -0.273285 79.0417
385 0.565408 -0.167694 25.3755
385 -0.684266 0.375944 -72.3672
385 -0.298523 -1.0981 -74.2592
385 0.772836 -0.368755 83.9228
385 -0.572224 0.526844 79.8122
385 0.981987 0.193665 63.2235
385 0.63496 -0.858872 -75.1037
385 0.632405 2.70729e-05 -19.0326
385 -0.64374 0.985039 -15.0746
385 0.545068 0.512068 69.6744
385 0.47294 0.524153 87.5718
385 0.823084 0.410746 -25.1767
385 0.512626 0.798157 56.3663
385 0.171131 0.918566 68.1824
385 -0.335862 -0.608812 -67.0609
385 -1.04192 -0.277808 -22.4965
385 1.00553 -0.104531 69.9062
385 0.0723877 -0.697905 -68.7056
385 1.0112 -0.453795 -16.8891
385 -0.926847 -0.476226 -39.993
385 0.193102 -1.24511 20.0114
385 0.0880756 -0.958694 -61.2221
385 0.68093 -0.420182 19.6249
385 -0.211811 1.08553 -13.7543
385 -0.937688 0.109575 60.8198
385 1.01787 0.0428855 82.7211
385 -0.56422 0.302099 4.2536
385 0.979171 -0.433209 38.8895
385 0.707607 0.934666 62.5064
385 -0.877903 -0.734003 66.482
385 -0.220413 0.549568 -27.043
385 0.716189 0.779166 75.3684
385 -0.159386 -1.18998 -29.5919
385 -0.617278 -0.653896 78.2447
385 0.710716 0.811958 -26.0692
385 0.113672 -1.20132 21.2819
385 -0.552432 -1.07981 77.6849
385 -0.0766886 0.891802 86.8953
385 -0.830883 -0.760525 -67.112
385 -0.76341 -0.188289 -15.4713
385 -1.22122 -0.280077 -60.4627
385 -1.18168 0.452247 66.9781
385 -0.860773 0.235092 66.7438
385 -0.945825 -0.855652 27.9607
385 -0.0613298 0.807718 75.1019
385 0.557365 -0.8676 76.9464
385 0.189885 0.680488 75.7603
385 -0.939176 0.409656 21.5458
385 -1.00847 -0.0848637 -34.7305
385 -0.220269 0.763302 -33.7161
385 -0.574055 0.7353 -58.2563
385 0.151754 -0.727745 83.7016
385 0.616859 0.481787 -57.2474
385 -0.403198 -1.03307 -42.3492
385 -0.52244 -0.542404 78.7289
385 -0.40886 -0.932906 -17.4948
385 -0.617699 0.758939 -64.8185
385 1.16826 -0.348914 -5.19108
385 0.9586 -0.720295 64.6646
385 -0.24853 -0.406937 -47.0731
385 -0.153955 -0.788428 7.51827
385 0.452101 -1.02017 32.2102
385 1.20265 0.247858 -69.9867
385 -0.453302 -0.797765 20.9829
385 0.106966 0.52205 75.4346
385 0.99943 -0.776452 -61.9157
385 0.00757895 -0.507574 33.8878
385 0.51544 -0.383499 -12.3256
385 0.791039 -0.527449 26.7208
385 -0.915545 0.615642 -52.9669
385 0.269796 0.696836 68.4644
385 0.659487 -0.464401 -36.9346
385 -0.126099 -0.716528 65.0073
385 -0.0562155 1.24156 -64.1014
385 -0.535715 0.124704 -78.5856
385 -0.856777 0.0123198 34.7463
385 -0.833936 0.40067 -7.32714
385 -1.11222 -0.109548 -40.5275
385 -0.612664 0.662228 -78.4191
385 0.405323 -1.22763 -54.8838
385 0.428336 0.93629 -6.18265
385 0.823377 0.135698 82.1908
385 -0.305928 0.500164 23.6383
385 -0.0379378 1.00948 -0.693538
385 -0.301491 1.0193 34.914
385 0.185807 -0.589938 71.0357
385 -1.24443 -0.000895401 -16.1166
385 0.752547 0.987998 62.1737
385 -0.732824 -0.471133 72.5781
385 0.144459 0.66918 -45.239
385 0.513876 -0.998896 0.909084
385 0.553326 -0.563443 8.48374
385 -0.560844 0.854453 -77.7466
385 -0.781708 0.570257 -78.2505
385 0.287305 -0.945029 9.16489
385 -0.949382 -0.293302 -67.0127
385 -0.608976 0.565252 10.3644
385 -1.00382 0.0277235 72.8684
385 0.742441 -0.252665 -62.8638
385 -0.0833256 1.10978 11.4295
385 -0.118869 1.12992 -63.7126
385 0.265864 -0.385739 64.746
385 -0.13916 1.24634 -7.26902
385 -1.12564 0.478917 -46.7281
385 0.845415 -0.43879 -81.4435
385 -0.548491 0.73126 -65.1731
385 0.379626 1.02097 -19.4993
385 0.509187 -0.687923 64.4089
385 -0.701661 -0.660484 72.4734
385 -0.70765 1.00298 -27.2822
385 0.952613 0.152637 -56.7411
385 0.864709 -0.475981 -19.0329
385 -0.932189 -0.773033 65.928
385 -1.21346 -0.326177 -54.0325
385 0.604195 0.93603 48.8238
385 -0.433625 -0.405305 9.48698
385 -0.690282 -1.0776 -3.94315
385 0.295109 -1.06451 -11.6285
385 1.12159 -0.615873 38.8619
385 -0.662476 0.724408 -13.33
385 0.650797 -0.753604 13.9653
385 0.561309 -0.349517 -69.0645
385 -1.07292 -0.198721 -47.5344
385 -0.228498 0.610669 3.37646
385 0.635699 -0.889929 -67.8719
385 -0.419018 0.942419 34.6997
385 -0.56927 -0.710575 -54.6187
385 0.636499 0.509507 5.93473
385 -0.378414 1.11085 -52.633
385 -0.235767 -0.509291 2.737
385 -1.0729 0.120232 -53.3404
385 0.396831 -1.11504 51.3421
385 -0.313077 0.900251 -19.2374
385 -0.0752186 1.14929 16.5553
385 1.01011 -0.313717 -49.4154
385 -0.698643 0.527857 68.0427
385 1.12575 -0.334731 82.6033
385 -0.2539 0.956659 -0.697401
385 1.18905 -0.189016 1.06825
385 1.19444 0.0628936 51.1098
385 0.955387 0.427421 62.9047
385 0.351464 0.648484 56.2108
385 0.0402124 -0.777126 -67.3994
385 1.01634 -0.392743 -69.3711
385 -1.23167 -0.0814424 60.2698
385 -0.780676 0.398297 -65.6521
385 0.53507 0.971624 -12.2299
385 -0.0245481 0.668864 -83.2869
385 0.574325 -0.424802 38.9435
385 -0.110926 0.476331 -45.8311
385 -0.161071 1.11169 74.623
385 0.306541 0.597182 49.5532
385 -1.09222 0.276189 61.1138
385 -0.519977 0.832271 42.9921
385 0.569801 -1.09714 -61.3597
385 -0.468673 -0.368998 2.53318
385 -1.0697 -0.413675 66.7807
385 -0.187377 -0.863088 -80.4411
385 0.798529 0.61714 -12.4159
385 -0.49825 -0.737409 46.2928
385 -0.512642 0.30065 85.8912
385 -0.614371 -0.567042 84.9983
385 0.595365 -1.1295 13.6602
385 0.485714 0.69575 -52.1126
385 -0.519966 -0.706159 -85.7497
385 -0.273227 -0.673821 77.9123
385 0.430549 -0.803117 -74.204
385 -0.540941 -0.171318 -59.9974
385 0.941451 -0.693825 -55.7881
385 -0.577792 -1.09701 -53.7309
385 0.68719 -0.983406 -55.5308
385 0.218588 -0.645942 -74.0711
385 -0.137297 0.764489 -32.6272
385 0.716436 0.246495 -69.9948
385 0.850388 -0.812494 -61.9849
385 -0.783489 0.636683 73.573
385 0.398442 0.647967 55.9018
385 1.11938 0.268219 37.9753
385 -0.237019 0.638334 80.462
385 -0.507606 0.240134 9.99018
385 -0.836391 -0.0160893 72.6117
385 -0.765263 0.0283584 -45.3856
385 -0.239747 0.700709 -64.9412
385 0.855395 0.776014 75.8064
385 0.873581 -0.588373 -74.6015
385 0.326623 -1.12094 -30.8196
385 -0.39864 -0.686345 -67.472
385 -0.288711 -0.965402 9.31525
385 -0.525548 0.0584304 -40.1441
385 0.787444 0.882016 38.0742
385 0.353983 0.948231 69.4751
385 0.677735 0.946128 -12.548
385 0.415356 -1.06777 38.3688
385 -0.862453 -0.320034 -28.9763
385 -0.601124 -0.309306 27.1352
385 -0.716234 -0.515965 -85.787
385 0.500975 -0.385195 -56.884
385 0.410621 -0.221553 70.8895
385 -1.17428 -0.425342 59.7163
385 1.00413 -0.184193 57.0907
385 0.27139 -0.677539 89.6544
385 0.550985 0.857067 -76.8149
385 0.896234 0.667414 30.5046
385 0.118918 -0.888138 32.4988
385 -0.171081 0.526693 -25.7519
385 -0.335756 -0.476044 78.332
385 0.00568951 1.01804 36.5917
385 -0.863314 0.0841803 3.1822
385 1.04957 -0.277279 70.3083
385 0.506258 -0.125246 20.3198
385 -0.250931 0.997597 -7.47502
385 -0.670325 0.107029 36.3859
385 -0.275212 -1.13435 77.7681
385 -0.44143 0.893263 -59.2624
385 0.590208 -0.0707412 -6.96437
385 0.771834 0.547257 -69.835
385 0.810941 -0.522037 37.3793
385 0.311938 1.00922 23.4761
385 0.860389 0.230299 -31.598
385 0.102198 -0.622512 -61.8739
385 -0.00180067 -1.12521 -35.1058
385 -0.0298256 -0.780992 84.4662
385 1.03213 -0.258366 55.7552
385 0.13215 -0.855178 -67.5906
385 0.277394 1.19135 29.7901
385 0.894791 -0.256085 -69.3427
385 0.380938 0.894619 43.6731
385 0.434845 -0.868335 8.39547
385 -0.69555 0.290433 4.03313
385 -0.578804 -0.401658 -10.9095
385 0.780631 0.296011 63.5304
385 0.761887 1.0275 49.3502
385 -0.947569 -0.758965 -60.4693
385 -0.679624 0.916178 -46.5326
385 0.865608 0.771408 -32.7802
385 0.406381 0.718598 -57.779
385 0.256313 0.809382 74.6472
385 0.790858 0.085975 -75.9417
385 0.488001 -0.246791 -42.9108
385 0.799255 -0.277381 14.3291
385 -0.544105 -1.03064 -10.6711
385 -1.02552 0.115204 -53.2108
385 1.20923 0.340451 31.5616
385 0.556206 0.445391 68.8612
385 0.632907 -0.996286 7.04825
385 1.14715 0.325217 69.7575
385 -0.779128 0.198906 53.8632
385 0.894169 0.497801 62.9035
385 1.20277 0.256057 -42.998
385 -0.400948 -0.837879 -67.3699
385 0.426746 -0.777278 83.7504
385 -0.766557 -0.981674 78.2228
385 -0.0831961 1.04119 12.049
385 -0.910351 0.49904 10.0613
385 -0.60557 -0.532322 46.4975
385 -0.788887 0.3688 -8.94739
385 0.702779 0.560665 -57.5827
385 -0.256985 -0.812217 40.8074
385 0.513568 0.52884 62.639
385 -0.623047 0.918088 -52.3189
385 1.04641 -0.486995 6.71996
385 0.610333 -0.69207 -74.7918
385 0.573139 -0.76278 70.4466
385 0.476236 -0.882233 -61.9874
385 -0.908186 -0.0938784 9.87223
385 -0.152125 0.940813 -77.7083
385 -0.412232 0.32774 -14.4949
385 0.31659 0.807551 74.5523
385 0.289508 -1.00797 -75.1721
385 0.425284 -0.560545 -36.6947
385 -0.981196 -0.311316 -4.47821
385 0.457982 1.07119 43.8508
385 -0.058713 0.944754 -26.3163
385 0.20664 0.78185 -63.9697
385 -1.02161 0.094166 67.0028
385 -0.326661 -0.427665 71.9155
385 1.07857 -0.455168 38.2409
385 -0.674637 -1.01424 65.1751
385 -0.293138 0.422766 74.7752
385 0.861794 0.354275 -69.7164
385 0.801294 0.410648 -76.7173
385 -0.690654 0.577645 42.0212
385 0.88354 0.25634 54.9205
385 0.433222 0.509064 -32.2384
385 0.738475 -0.201826 -62.5494
385 -0.595178 0.292779 60.2313
385 -0.747259 0.223037 79.7269
385 -0.663058 -0.775643 22.1407
385 -0.270408 0.747866 -15.3596
385 0.716973 1.05123 -6.97036
385 1.09443 0.703498 49.8163
385 -0.836011 0.509683 -53.0033
385 -0.0929796 -0.761787 66.0049
385 0.326105 -0.577788 20.7829
385 1.00931 -0.222155 31.6188
385 -0.14708 0.721938 -58.2589
385 0.280574 -0.546541 -62.4516
385 -0.814336 0.831441 -71.6055
385 -0.162032 -1.00366 -59.5583
385 0.472004 0.902669 24.6675
385 0.469104 0.34707 -12.1951
385 1.21385 0.400562 -6.95048
385 0.987626 -0.851729 -68.3178
385 0.828168 -0.0532828 70.9135
385 -0.773104 -0.603578 -34.5694
385 -0.935281 0.827599 17.2431
385 0.308322 1.08544 81.135
385 -0.540928 0.508692 10.3445
385 -0.245751 -0.455885 -54.4895
385 -0.311468 1.21541 48.4148
385 -0.781995 0.269157 73.91
385 0.318696 -0.790786 -29.4641
385 -0.469073 -0.299745 -8.73789
385 0.87608 0.18318 -50.7198
385 -0.0708649 -0.978552 2.18299
385 -0.34446 0.839175 74.0883
385 0.0973697 0.897798 74.4445
385 -0.668325 -0.671171 28.6242
385 0.738932 -0.819894 -68.673
385 0.404888 -0.231028 70.4653
385 -0.586335 0.529336 -46.7838
385 0.688607 -0.905718 39.9491
385 0.528284 0.912019 56.068
385 0.634175 -1.10034 -54.9629
385 0.941967 0.778095 -25.5545
385 -0.691525 -0.413007 65.6006
385 0.263319 -0.360566 14.2176
385 -0.937472 -0.719373 -54.8674
385 -0.540796 -0.589504 -10.1204
385 -0.836516 0.588034 -3.49412
385 0.858553 0.801675 5.09549
385 0.350594 1.07639 81.061
385 0.18038 0.549683 -51.5611
385 -0.989578 -0.338765 78.928
385 -0.853512 -0.323722 28.5111
385 0.749705 -0.345856 -69.3055
385 0.658982 -0.0951773 -30.7745
385 -0.503541 -1.00701 34.102
385 0.790898 0.0294994 -63.5033
385 1.29509 0.0965301 6.24882
385 -0.5702 0.607816 -14.9336
385 -0.880373 0.408138 22.6754
385 0.108064 -1.16105 -62.0708
385 -0.381735 -0.640672 71.6173
385 0.361295 -0.834094 -41.2935
385 -0.871498 -0.00837989 79.1388
385 -1.03242 -0.0848469 -48.1106
385 0.603206 0.572487 81.2911
385 -0.646168 -0.351223 -72.7846
385 -0.954868 -0.537809 66.1855
385 0.211649 0.844278 75.4283
385 0.915577 -0.148398 -76.1097
385 -0.318784 0.471217 -39.9545
385 0.452147 -1.11552 -61.3101
385 -0.345473 0.855824 -71.7876
385 -0.492461 0.585655 -52.1082
385 1.04161 0.389575 38.0457
385 0.864267 0.504357 -50.7961
385 -0.926921 -0.674852 -15.4462
385 -0.434471 -0.443303 -79.6601
385 0.289746 0.894719 -39.2355
385 0.304579 -0.76875 -48.6793
385 1.03534 0.284725 12.223
385 -0.0334457 1.21905 73.9262
385 -0.0847532 -0.645089 -9.41378
385 0.559688 0.799339 42.3613
385 -0.616043 -0.907103 65.1993
385 0.708017 0.265465 56.531
385 0.747105 -0.41067 -55.5219
385 0.468399 1.12444 -38.6458
385 -0.559447 -0.381366 78.359
385 1.20589 -0.288526 37.8815
385 0.0847352 -0.930315 8.96453
385 -0.95085 -0.602571 2.8785
385 -0.85113 -0.218258 -72.7456
385 -0.248133 -1.11576 52.9931
385 -0.198515 1.05481 42.0959
385 0.305689 -0.947945 44.3813
385 -0.495926 0.374821 -78.0028
385 0.000160737 -1.0296 64.6344
385 0.637037 0.490177 -76.3481
385 0.593419 -0.980445 -61.7956
385 0.300826 -0.486502 39.4827
385 0.740277 -0.54947 -25.6519
385 -0.432573 -0.337427 65.8662
385 -0.143245 -0.523716 65.3736
385 0.989621 0.0426495 -56.1811
385 -0.391389 -0.86678 -74.439
385 -0.700119 -0.184359 -78.8086
385 0.784581 -0.229739 30.6759
385 0.452226 -0.592564 32.7812
385 -0.340079 -0.872874 47.1498
385 -1.09811 -0.0904254 -66.3108
385 -0.511976 -0.126996 66.3743
385 -0.36498 0.302211 48.5171
385 0.225282 1.07771 11.2754
385 0.412302 0.683984 44.2953
385 -0.957451 -0.795301 71.8858
385 -0.996114 -0.45293 66.1363
385 0.503201 0.625263 25.7717
385 -1.00205 -0.503731 85.002
385 -0.598866 -0.652793 73.1207
385 0.848025 -0.0761613 7.23179
385 -0.638766 -0.54333 -73.1984
385 0.0744385 1.20948 -64.6407
385 0.8162 0.191741 30.0709
385 0.709035 -0.299818 76.6938
385 0.0352447 1.0012 35.7398
385 -0.797356 -0.634988 79.2777
385 0.409008 -1.17457 63.8286
385 1.05233 0.234002 -70.3439
385 0.288559 -0.616256 -68.2021
385 0.571337 0.473883 75.9377
385 0.627242 -0.344928 82.7477
385 -0.730981 0.75259 -59.3852
385 -0.646682 -0.434024 9.2976
385 -0.998863 -0.549456 66.5232
385 -0.75972 0.254674 -59.7456
385 0.971324 0.563124 -64.2742
385 0.243931 -0.727006 90.4192
385 0.705196 -0.514277 -62.4122
385 0.524598 -0.684127 71.6829
385 -0.286305 -0.5399 -16.3596
385 1.19759 -0.207142 25.3446
385 0.111146 0.738255 12.8575
385 0.57139 -0.00762693 -44.6726
385 1.21328 0.304904 -63.664
385 -0.634428 0.408377 28.9419
385 0.692777 0.537006 -6.90118
385 0.577879 0.752048 81.2792
385 0.470632 -0.35205 76.8393
385 0.788622 -0.876283 38.263
385 0.853876 0.851828 62.6762
385 -0.942956 0.446141 29.3928
385 -0.294245 0.803354 4.9435
385 1.1958 -0.389133 -56.516
385 -0.757701 0.788882 -20.5093
385 -0.518646 -1.14151 -36.0381
385 -0.551254 -0.252544 -60.1546
385 0.157199 -1.10323 51.7602
385 -0.251783 -0.986109 -73.9489
385 -1.0576 0.409033 -59.8887
385 0.790929 0.675761 18.4331
385 0.209835 0.727181 -0.653623
385 -0.306647 1.10575 -13.3538
385 -0.839541 -0.557419 72.0946
385 -1.18175 0.242266 -53.3072
385 -1.02423 0.667283 -20.599
385 0.113599 1.10788 -32.0294
385 -0.562161 0.50431 80.0083
385 0.505721 -0.278269 -62.2178
385 -0.410077 1.01159 48.9732
385 0.570761 0.289101 -63.3388
385 0.465704 0.133383 -57.5124
385 -0.807921 -0.280987 4.43395
385 -0.460809 -0.270342 -60.6249
385 1.10992 0.419735 69.2582
385 -0.300578 -0.791366 77.8731
385 -0.805331 -0.671138 10.4841
385 -0.26866 -0.624503 40.7382
385 0.058619 -0.554896 -11.6687
385 -0.986675 -0.0936787 3.66665
385 -1.29858 -0.0251613 -27.5906
385 -0.0778081 0.61895 81.2468
385 -0.0668138 0.71941 81.5516
385 -0.632249 -0.991447 -54.9714
385 0.728155 -0.608031 -29.8478
385 -0.463209 -0.577087 -10.6067
385 -0.900373 0.570467 -53.326
385 -0.972122 0.513882 -52.8174
385 -0.238986 -0.893918 71.6082
385 0.372624 -0.905647 -4.56192
385 -0.0160776 0.427348 -13.4953
385 1.10766 0.185089 50.6637
385 0.905868 -0.566979 70.2099
385 -0.530673 -0.055249 -72.5483
385 0.998342 0.141782 -42.7809
385 1.15114 -0.00171537 -56.4611
385 0.781422 0.16756 31.9798
385 -0.365129 -0.766326 47.1578
385 -0.364574 -0.569136 27.7847
385 -1.17715 -0.109573 2.31905
385 0.318767 -0.44059 77.1354
385 -0.0895389 0.877284 -21.3218
385 0.762066 -0.834077 -68.244
385 0.311536 -0.537361 -55.3436
385 -0.0948616 -1.06609 65.1705
385 -0.654677 0.0646329 -72.3857
385 -1.20533 0.153576 72.8982
385 0.966424 -0.161436 -62.6209
385 0.490919 -0.56237 76.8254
385 -1.21694 -0.0840918 2.71127
385 0.101936 0.547184 11.6456
385 -0.687089 0.242116 16.1831
385 -0.101207 -0.975871 -61.9414
385 -0.212206 -0.408958 -60.9384
385 -0.539489 -0.474114 -41.5293
385 0.985068 0.432742 -5.51856
385 -1.04471 0.322726 66.9115
385 -0.29817 0.313659 67.5867
385 -1.05692 0.0912473 47.7363
385 0.0459206 -0.612666 -80.3462
385 -0.368435 -0.89041 59.4197
385 0.535248 0.643963 -76.5473
385 -0.621306 -0.84468 2.69391
385 1.26252 -0.0384783 18.3816
385 0.400989 -0.399985 8.40507
385 -0.592247 -0.261179 45.5872
385 1.24962 0.0338425 -57.0057
385 -1.12133 -0.239664 47.3428
385 -0.834397 0.286859 -78.4272
385 0.667307 0.308097 82.1787
385 -0.0170117 0.585385 37.0638
385 0.235335 0.779632 36.4162
385 0.959148 0.8035 5.49845
385 0.37889 0.433243 37.9984
385 1.03769 -0.69675 38.7325
385 -0.39242 -0.444659 66.614
385 0.472338 -0.514573 64.7088
385 -0.0541292 -1.10799 -54.8081
385 -0.497826 0.442119 -58.8187
385 -0.953638 0.711613 -59.133
385 1.04534 -0.628554 83.0498
385 -0.768269 0.35707 -27.4813
385 0.851383 0.256946 69.1898
385 1.13321 -0.154416 12.3599
385 -1.07748 0.287344 -40.4868
385 0.735799 -0.062068 6.51713
385 0.174834 -1.10451 78.0736
385 0.691179 0.834542 88.0449
385 -0.111571 1.22934 -57.7276
385 -0.0934265 -0.696644 -61.0865
385 -1.07263 -0.0156724 85.4328
385 -0.110441 1.19873 -25.8162
385 -0.336823 0.995698 -2.09613
385 0.391941 -0.815941 -61.8071
385 0.926571 0.186578 0.0768044
385 0.850868 -0.911937 -5.15199
385 0.441107 0.258203 75.7429
385 -0.682431 -0.663216 33.8246
385 -0.430111 -0.688631 78.2883
385 1.03875 0.588923 69.0729
385 1.08267 0.029379 -12.2815
385 -0.435773 0.745398 -71.7715
385 -0.162827 -1.2451 58.5315
385 0.390166 0.824755 -58.3529
385 -0.965457 0.128575 41.087
385 0.110853 -0.787138 -11.5542
385 1.0945 -0.691184 7.07393
385 -0.718652 -0.0505324 -53.4009
385 -0.71877 -0.422605 91.2354
385 -0.537117 -0.383462 35.5139
385 1.16946 0.080074 -6.11252
385 -0.725567 -0.730885 78.128
385 -0.00818204 -1.16392 -42.9507
385 -0.537375 -0.822911 -74.0613
385 0.983958 0.400255 -19.3932
385 0.250888 -1.23597 13.8042
385 0.944677 0.29106 31.4538
385 1.22908 0.44389 -6.68555
385 0.747541 -0.627201 -68.5054
385 0.0392788 0.690929 -77.1506
385 -0.852342 -0.53945 -16.3201
385 0.87226 -0.829012 -55.4511
385 -1.00799 0.326335 -14.4763
385 -0.488959 -0.430745 2.94446
385 0.705087 -0.466569 70.1915
385 0.368071 -1.10344 -62.172
385 -0.814049 0.0946746 -72.3289
385 0.126244 -0.800196 -9.64248
385 0.841855 0.615952 69.9694
385 0.961222 -0.411176 0.441811
385 -0.907491 -0.534581 79.4694
385 -0.167195 0.867342 -26.9711
385 -0.0248675 0.457071 24.4381
385 1.03634 -0.258659 39.4847
385 0.0765888 0.835695 74.244
385 0.854347 -0.206229 -43.9156
385 -0.00098102 0.429318 29.0469
385 0.814274 0.330084 69.2519
385 0.787119 -0.177035 -69.0873
385 -0.486605 0.963818 -58.2512
385 -0.432699 0.40624 -1.38614
385 -0.752573 1.00976 -45.7082
385 -0.89509 -0.468442 -3.84559
385 0.60448 0.693769 -76.4903
385 -0.232247 -0.399907 -55.0175
385 -0.442265 0.584057 10.5723
385 -0.198564 0.462039 16.8963
385 -0.999955 0.222984 -72.9566
385 -0.502562 -0.633611 -48.618
385 0.296122 0.926569 -58.5329
385 0.483327 -0.626538 -68.0806
385 -0.72994 -0.783519 72.2109
385 -1.09203 -0.231888 -27.2538
385 0.770364 -0.741886 7.20912
385 -1.12575 -0.0808094 -26.9047
385 0.570183 -0.620646 77.3742
385 -0.448375 0.778547 -71.1156
385 -1.03013 -0.491876 53.2493
385 -0.621522 0.934351 80.5145
385 -0.816788 0.47984 -8.74031
385 1.24708 0.0574005 -56.6405
385 -0.460687 -0.580804 60.5034
385 0.230179 0.948124 -65.3292
385 -0.0388825 -0.512531 -55.1565
385 -1.23625 -0.347972 -27.8171
385 -0.593129 0.773829 -33.5603
385 0.579864 -0.392338 -62.3421
385 -0.726076 -0.675747 23.0446
385 -0.0850316 0.536451 -6.92833
