700 -0.453477 -1.06547 1.40327
700 0.433989 -0.758096 -49.9359
700 -0.605404 -0.414323 -123.957
700 0.460279 0.878877 98.7431
700 0.641057 -0.239819 38.6217
700 0.925174 -0.46748 114.739
700 0.521712 0.567538 -151.913
700 -0.539589 -1.00029 147.594
700 -0.45487 0.997716 116.423
700 -0.54379 0.292091 -140.974
700 -0.79392 -0.074522 154.65
700 -0.615563 -0.951501 76.7148
700 -0.216432 -0.861505 -86.2889
700 0.128171 -0.559775 -118.426
700 0.884911 -0.277782 -68.8452
700 -0.155215 -0.725849 -124.763
700 0.270232 -0.843164 70.7859
700 0.184638 -0.632704 -87.6768
700 0.886332 0.806229 -94.1185
700 -0.156995 1.1542 11.251
700 -0.345756 1.19689 29.5974
700 -0.721241 -0.692823 40.9957
700 -1.01812 0.567991 46.8682
700 1.30277 -0.026768 113.735
700 1.00152 0.598623 126.15
700 -0.381571 1.06856 -51.5222
700 -1.11842 0.42858 4.72639
700 0.733495 -0.15971 -43.7125
700 -0.781983 0.446971 104.349
700 -0.608433 -0.179483 -3.06639
700 -0.757101 -0.78007 -111.25
700 0.967989 -0.304237 -36.869
700 0.090863 0.900488 -27.8951
700 0.277907 0.420592 -56.5846
700 -0.371696 -0.888603 -23.1645
700 -0.850593 0.575704 -40.5503
700 -0.4694 0.4098 73.6783
700 0.423106 0.871056 -57.7076
700 -0.288076 1.2361 -70.764
700 -0.676724 0.602431 -115.454
700 0.0530689 -0.787041 96.9599
700 0.770885 -0.737136 -75.1061
700 0.346436 0.964606 143.917
700 0.483063 -0.830406 -53.8032
700 -0.129998 -1.21706 21.4527
700 -0.915022 -0.697258 115.955
700 1.25666 0.101529 -119.793
700 0.297837 0.651428 -139.996
700 0.58686 0.271799 17.3102
700 1.13349 -0.32233 94.1185
700 -0.583431 -1.02332 82.9375
700 -0.631897 -0.66915 -98.638
700 -0.137724 -1.16659 114.522
700 0.179772 -1.10403 152.972
700 0.344895 0.46458 49.2361
700 0.501633 0.238138 -157.719
700 0.535582 -0.354232 -62.2958
700 -0.216987 0.693767 136.869
700 -0.748671 0.559006 42.0475
700 0.664145 0.835697 31.3975
700 0.774069 0.025244 30.1749
700 -0.626793 -0.613929 -53.6512
700 1.0572 -0.190777 -25.8832
700 -0.222511 -1.11089 -23.4736
700 -1.05718 -0.344568 -59.094
700 0.714854 0.735589 17.8297
700 0.752708 -0.539042 63.7771
700 1.02407 -0.0211693 -63.0243
700 0.83593 0.0627109 31.8632
700 -0.843626 -0.344252 9.45009
700 -0.418963 -0.997691 -42.7308
700 0.346622 -0.770137 -11.5116
700 -1.09932 -0.536539 122.202
700 -0.67188 0.821779 3.78642
700 -0.041736 1.11123 66.7248
700 0.400904 0.974983 92.9835
700 0.199602 -0.655922 -93.3736
700 -0.44953 -0.537003 -47.5387
700 0.738406 0.676752 4.56155
700 -0.578521 0.175414 -65.8653
700 -0.474793 0.565667 -8.42388
700 -0.546999 1.10927 -84.2986
700 0.44772 0.516091 -126.634
700 -0.826641 -0.654217 -123.846
700 -0.963029 0.271187 85.0657
700 0.448403 0.150325 -49.6524
700 1.086 -0.223318 69.821
700 -0.219116 -0.471016 77.3782
700 1.07627 -0.176922 -117.775
700 0.056072 -0.43965 -10.1822
700 -0.0389418 -0.477473 134.515
700 0.603866 -0.00324545 18.2774
700 0.516418 -0.249417 -30.3944
700 0.1936 0.980961 87.4639
700 0.969613 0.359893 -132.488
700 -0.964088 0.837699 67.1212
700 -1.21458 0.155468 104.505
700 0.102301 0.699715 -27.4567
700 -0.380806 0.592853 136.79
700 -0.332499 0.882573 104.027
700 1.22989 0.32135 25.7669
700 0.984334 0.304192 -32.5774
700 0.37932 -1.21623 -36.0109
700 -0.22057 -0.812142 134.742
700 -0.70422 -1.05445 -98.6967
700 -1.09043 -0.00237508 66.1808
700 -0.664031 -0.445756 134.807
700 -0.384784 -1.02931 89.4676
700 -0.828169 0.623314 -122.24
700 0.679609 -1.0503 44.9197
700 -0.3169 -0.67702 121.737
700 1.1831 0.0940756 -119.52
700 -0.30535 -1.05888 -23.6872
700 0.971064 0.0344997 -26.1198
700 0.517522 -0.341091 82.7153
700 0.0195911 0.677923 118.885
700 -0.0189381 -0.597877 32.1779
700 0.701752 -0.0689578 139.836
700 -0.479979 0.979331 130.469
700 -0.926142 0.563799 149.098
700 1.14982 0.283223 94.83
700 -0.991604 -0.59536 -111.11
700 0.168092 0.639292 106.564
700 -1.25245 0.318439 -77.9223
700 0.631563 -0.199469 107.104
700 0.741204 -0.157823 -79.793
700 -0.436723 -0.818044 -67.2392
700 -0.270399 -0.638498 52.9059
700 0.943489 0.626157 12.8943
700 -1.05251 -0.0716772 -89.9579
700 0.877925 0.492806 150.916
700 -0.730072 -0.109781 -7.94396
700 1.06984 -0.516771 13.3166
700 1.05033 -0.284242 37.6758
700 0.995732 0.823824 99.7334
700 0.0584393 -1.06136 -43.4868
700 0.913597 -0.375303 -18.0092
700 -0.168151 1.07902 -40.099
700 1.13203 -0.534622 -44.068
700 0.941179 -0.0898052 -100.183
700 -0.517812 0.606845 136.878
700 -1.03611 0.469763 8.88606
700 -0.574448 0.536608 -46.2283
700 0.725845 0.0899411 75.6558
700 -0.0560952 1.01002 -6.32729
700 -0.314007 0.962867 55.5399
700 0.70155 -0.0886311 -112.975
700 -0.525269 -0.498925 109.5
700 -0.76667 0.578281 -147.59
700 -0.845094 -0.685854 -35.5312
700 0.500498 -0.981657 -124.542
700 -0.989248 -0.264701 122.768
700 0.647183 -1.01304 119.709
700 0.0682193 1.08265 106.713
700 0.395492 0.78864 87.8191
700 0.680596 0.401068 18.3236
700 -0.137771 0.5631 -46.7481
700 0.0509477 -0.86172 -54.9289
700 -0.74855 0.0825403 -148.364
700 -0.363643 1.0975 137.714
700 0.733234 -0.388238 51.732
700 -1.21126 0.0286261 41.8813
700 0.466015 0.784181 81.1458
700 0.342169 0.605463 -94.792
700 0.59659 -0.5614 -16.5498
700 -0.778568 -0.615213 -73.7668
700 -0.459319 0.274271 9.71991
700 0.974628 -0.331818 -31.218
700 -0.134213 -0.790447 39.9762
700 -0.462931 0.394689 -40.15
700 0.543575 0.947712 -7.54942
700 0.709972 -0.559756 -99.9999
700 -0.70584 -0.96442 115.974
700 0.109986 -0.995725 -130.435
700 0.506182 -0.738695 -68.5191
700 -0.844947 -0.582681 135.345
700 -0.70022 0.917293 143.314
700 0.867772 0.786272 -95.771
700 -0.292734 0.842761 137.148
700 -0.672771 -0.737517 123.121
700 -0.828391 -0.792103 -53.7297
700 0.946026 0.462617 107.181
700 -0.551535 0.914519 -128.039
700 0.395765 -0.630086 -111.705
700 0.610433 0.138173 -0.996058
700 0.0623719 -0.842971 -137.458
700 -0.955627 0.473531 -121.902
700 -0.844209 -0.469186 -3.87953
700 -0.436691 0.362119 -58.4707
700 1.05511 0.468913 -107.818
700 0.844648 0.849466 113.391
700 0.862704 -0.420536 145.282
700 -0.690813 1.0497 -58.269
700 -1.01467 -0.318916 -97.7221
700 -1.05281 -0.2072 -41.4627
700 -0.894387 0.180259 66.6061
700 0.856598 -0.805466 -92.8608
700 -1.16822 0.128708 -60.3836
700 -0.809789 0.0357437 78.5625
700 -0.199745 0.898571 116.368
700 0.759296 0.340505 132.137
700 -1.01117 -0.228741 142.428
700 -0.805888 -0.872769 109.69
700 0.501313 0.0957845 -19.2268
700 -1.09019 0.0544562 14.7374
700 -0.0859626 0.773783 143.128
700 0.609254 -0.92468 -56.6641
700 1.09304 0.261328 43.1736
700 -0.584192 0.221769 3.933
700 0.186885 0.44567 29.9849
700 1.03248 0.213414 132.788
700 -0.242863 0.807825 -83.4947
700 0.790234 -0.969079 -118.013
700 -0.72201 0.329606 110.276
700 0.989409 -0.170706 -61.2403
700 0.199631 -0.926213 146.72
700 -0.327284 0.446485 117.706
700 0.0359424 0.639478 30.3052
700 -0.974844 -0.730774 84.725
700 0.426363 -0.49867 25.9429
700 0.741246 0.537379 144.259
700 -0.157237 -1.18503 -55.5394
700 -1.1425 -0.0578361 110.582
700 0.434947 0.521891 112.535
700 -1.07706 -0.57492 116.238
700 0.378425 -0.657016 7.35479
700 1.1998 0.0749311 -138.917
700 -0.559861 0.843053 41.8662
700 0.234602 1.20164 67.2574
700 0.175354 1.20981 17.4582
700 -1.1171 -0.572295 109.782
700 -0.683408 0.154825 -46.4947
700 0.839101 -0.0897264 -151.447
700 -0.329297 0.905983 -127.425
700 -0.810497 -0.00822797 53.6271
700 0.323439 0.692106 30.6302
700 -0.781375 -0.738143 -46.9982
700 -0.785494 0.181735 28.8177
700 -1.18713 0.428487 136.124
700 0.168474 1.15564 62.3762
700 -0.79666 -0.626954 103.835
700 0.58143 -0.62267 -75.3145
700 0.760069 0.297578 -75.7938
700 -0.641513 -0.0902249 -129.112
700 -0.348065 1.17404 80.2121
700 0.639058 0.685667 12.1386
700 -0.692476 0.170371 -141.72
700 1.26141 -0.114691 81.3815
700 0.189254 1.03172 -139.729
700 -0.410529 0.338934 -103.081
700 0.863539 -0.831677 -93.4172
700 -0.456096 0.61848 -45.7063
700 0.902036 0.477097 37.6023
700 -0.944014 -0.744194 147.665
700 -0.697528 -0.314903 15.5754
700 0.0291737 0.918806 62.3731
700 -1.02884 0.207747 -47.2122
700 0.190388 0.718129 68.4154
700 -0.406832 0.286974 -20.2341
700 1.02727 0.62438 -75.4338
700 0.770675 0.803458 75.1289
700 1.17269 -0.0528135 45.1958
700 -0.857125 -0.80636 -142.625
700 0.236363 -1.16964 -99.3767
700 0.207353 0.651782 -7.16203
700 0.651507 -1.08224 -5.5379
700 -0.518982 0.731216 -33.3793
700 -1.02518 0.114593 53.8004
700 -0.423484 -0.287144 26.7766
700 0.498354 0.660997 145.016
700 0.195413 1.21805 92.5493
700 1.14306 0.178181 132.019
700 0.348948 -1.15778 120.458
700 1.25869 -0.264359 -56.7859
700 0.948878 0.332716 5.96762
700 -1.15072 0.162046 -89.9624
700 -0.263386 -1.20036 14.253
700 0.844586 0.0549857 -51.2386
700 -0.754608 0.268052 104.082
700 0.512886 -0.172087 -4.70981
700 0.0105958 -1.24471 33.9179
700 0.596612 0.646767 -19.681
700 0.604223 -0.707303 70.7365
700 -0.3067 -0.345912 -23.1184
700 0.105898 -0.843426 152.84
700 0.601804 0.520357 75.2823
700 0.668628 -0.820523 -67.8255
700 1.06991 0.625935 -106.49
700 0.402935 -0.833376 -87.4177
700 0.756143 0.136488 -11.667
700 -0.211912 0.956304 -77.316
700 0.905574 0.61096 -127.358
700 -0.472908 -0.890805 115.708
700 0.239735 1.03356 -58.2313
700 -0.641641 -0.251411 -84.7717
700 1.10856 0.0858167 -145.234
700 -1.17179 -0.0510312 116.624
700 -0.53792 0.810768 -47.2099
700 0.969311 -0.497816 -11.7433
700 -0.74209 -0.087986 167.333
700 -1.19169 0.248791 91.6758
700 -0.455555 1.07028 143.236
700 -0.0748475 0.590787 4.46525
700 0.272268 0.51241 49.5589
700 1.21906 -0.376223 63.7233
700 -1.16779 0.426047 -128.781
700 1.15778 -0.583415 -62.5091
700 0.979944 0.182376 -6.7636
700 -0.84732 0.513897 -132.851
700 0.218038 0.832147 -114.46
700 0.370059 -0.985202 122.036
700 -0.199893 0.693429 -59.4892
700 0.439013 -0.765594 39.1783
700 -0.859057 0.0914642 -27.9018
700 -1.05381 0.581766 -21.015
700 0.327075 -0.717971 -137.406
700 -1.011 0.635161 97.1094
700 -0.916826 -0.804627 -116.25
700 -0.993229 0.223558 3.89752
700 -0.476816 -0.608873 134.855
700 0.576338 -0.569407 102.28
700 0.653154 0.382537 -139.06
700 0.046396 0.53449 -26.2631
700 0.193384 0.965701 -89.1831
700 0.391761 0.261535 -83.0629
700 0.119604 -0.927786 -60.7918
700 -0.554155 0.655064 111.459
700 -0.970212 0.216268 -71.1084
700 0.982301 0.342999 -138.998
700 0.797422 -0.450319 121.083
700 -0.102233 -1.11338 -54.2129
700 0.942625 -0.156358 12.3617
700 0.454822 0.60257 12.9967
700 0.794456 -0.639914 -105.981
700 0.796848 -0.552544 70.7214
700 -0.151489 0.62666 124.388
700 0.60957 1.09129 -19.5566
700 -0.514404 0.69431 -140.62
700 0.847153 -0.362097 -12.4077
700 1.07452 -0.403078 -119.82
700 -0.111333 -1.1518 58.2182
700 -1.10668 0.350259 -116.023
700 0.57163 -0.608613 -87.0109
700 0.437653 -0.675533 71.7658
700 0.212286 1.14734 74.8077
700 1.14459 0.025356 -49.3329
700 -1.05082 -0.540624 134.964
700 -0.576324 -0.628451 -60.694
700 0.814129 0.42995 87.8729
700 0.522228 -0.495425 -106.004
700 0.511366 0.6514 131.888
700 -0.148751 0.479317 24.3967
700 -0.466799 0.651146 105.434
700 -0.742361 0.354792 46.8096
700 -0.243109 1.1094 111.441
700 -0.615318 -0.789439 96.489
700 1.20451 -0.312334 51.415
700 -1.0302 0.0513219 136.409
700 -0.386511 0.832333 23.9107
700 0.361399 0.734331 5.6689
700 0.514899 -0.369142 -6.11656
700 1.23968 0.123714 57.0217
700 0.237824 0.447739 112.471
700 0.531169 0.288908 -1.11622
700 -0.658389 -0.187884 -110.521
700 -1.09299 0.280438 53.557
700 -0.138057 0.509798 -90.2097
700 -0.30423 1.09027 -102.083
700 1.16458 0.347651 106.751
700 -0.03965 -1.27905 -54.3403
700 -0.115156 -0.934742 -74.716
700 0.338836 -0.391416 146.352
700 -0.495322 -0.0388932 -122.168
700 -0.740554 0.844329 -103.31
700 -0.454473 -0.606286 -142.415
700 0.939218 -0.255415 145.26
700 -0.214544 0.933482 -147.196
700 1.00261 0.17902 23.7842
700 -0.0969717 0.922459 36.3534
700 0.163906 -0.526621 -36.4998
700 0.0479102 -1.21592 -42.386
700 -0.526608 0.634794 3.93164
700 0.445522 -0.962641 121.348
700 -0.901718 0.272592 -40.2103
700 -1.11243 0.161136 135.45
700 -0.0922282 0.49204 10.0647
700 -0.761926 -0.486548 -92.7897
700 -0.494594 0.743663 -128.471
700 0.732678 -0.180487 -119.367
700 -1.04395 0.240511 -97.8845
700 0.0948269 1.23423 -139.293
700 0.131438 1.07335 157.021
700 0.562414 -0.86461 -131.356
700 -0.48094 1.028 87.0708
700 -1.07845 -0.432654 28.205
700 -0.412521 -0.475407 135.56
700 0.573741 -1.16471 107.901
700 0.21828 -0.65824 -36.5355
700 -0.837222 -0.0482725 35.7959
700 -0.369165 0.486845 -8.43662
700 -0.804573 -0.540957 -23.466
700 -0.517776 0.900727 -146.54
700 -0.365118 0.446589 -27.7339
700 -0.062008 -0.967398 -54.9085
700 -0.583782 -0.761821 135.77
700 1.09333 -0.451445 32.7412
700 0.186011 -1.23161 -67.3407
700 0.314283 -1.14563 -79.2355
700 -0.27653 -0.666423 45.7169
700 -0.249914 -0.821259 -117.377
700 0.424116 0.898926 43.3401
700 0.215008 -0.820113 -99.8804
700 -0.553125 1.09811 11.2912
700 0.676783 0.829636 80.6821
700 -0.196698 -1.25036 52.3505
700 0.912106 -0.388445 50.5359
700 -0.645508 0.888021 -83.1454
700 1.0851 0.274815 31.9992
700 0.626168 0.593812 -76.4326
700 0.584918 -0.227189 19.596
700 0.548926 0.221146 125.681
700 -0.790077 -0.444144 -72.3221
700 0.220028 -0.887728 -99.0521
700 0.938238 0.44323 -132.591
700 0.894608 0.641564 105.92
700 -0.165445 -1.0211 1.13057
700 0.207393 0.66376 81.3041
700 0.549942 0.40484 -45.2173
700 -0.854834 -0.561158 59.7244
700 -0.340467 0.727419 -153.108
700 0.031477 0.792209 -15.2623
700 -0.607812 0.613131 -72.1527
700 0.587341 -1.01021 -86.6564
700 0.14715 0.787698 -0.889439
700 -0.019794 -1.25785 -86.8896
700 -0.34513 -0.99121 53.1072
700 -0.085432 0.942736 -71.7103
700 0.301023 0.958612 -139.485
700 0.598375 -0.165275 5.84942
700 -1.14082 0.244259 -128.695
700 0.538991 -0.760782 32.1889
700 0.670149 0.300183 50.3247
700 -1.15618 -0.140449 85.3798
700 -0.462468 -0.821956 -42.2626
700 0.512766 0.461769 138.663
700 -0.418378 1.09932 -39.8403
700 -0.0712692 -0.953087 116.296
700 0.58547 -0.675853 140.017
700 1.07216 -0.667908 -24.8531
700 0.396277 0.449077 -37.9291
700 0.226859 -1.11573 -10.2473
700 -0.611568 0.843048 53.0694
700 0.549125 -0.777211 -36.3426
700 0.760471 0.0731305 -12.3872
700 -0.889162 0.628402 -16.1887
700 -0.0549818 -0.663805 52.305
700 0.708964 -1.05888 -11.179
700 0.290204 -0.636655 26.8136
700 -0.295707 -0.721265 -123.703
700 -0.32403 1.04415 -121.733
700 -0.654462 -0.127464 -53.2774
700 -0.796749 -0.186685 -155.128
700 0.512108 -0.723957 45.5961
700 -0.874004 0.346516 36.002
700 -0.70993 0.636632 97.5438
700 -0.354415 0.751113 -58.6696
700 -0.741507 -0.407445 20.9563
700 0.656386 0.576991 -120.945
700 -0.0379553 1.21284 -70.5857
700 -1.0429 0.402999 -16.1444
700 0.503619 -0.513032 -22.989
700 0.518679 0.885775 113.522
700 -0.4744 0.485519 -115.706
700 -0.784786 -0.396923 -60.1057
700 0.261484 0.673138 -32.6856
700 -0.911977 0.147502 47.9113
700 -0.835423 -0.0388828 53.7621
700 1.19866 -0.0581273 -75.4963
700 0.199286 -1.16156 13.6216
700 0.876883 -0.125961 126.206
700 0.277914 -0.502872 -11.6563
700 0.666696 1.05382 99.505
700 -0.437006 -0.215695 148.002
700 0.40567 -0.559806 -23.7259
700 0.76945 -0.834164 -87.1995
700 0.226051 -0.963348 46.8385
700 -0.825141 0.302377 -115.448
700 1.02695 0.568958 -44.3078
700 0.934391 -0.409997 74.9087
700 0.443304 0.663669 -114.272
700 0.845304 -0.580086 89.7346
700 -0.260374 -1.1078 -36.1912
700 -0.290461 1.00783 74.1601
700 -1.18154 0.0998195 -3.55802
700 0.675036 0.85881 43.421
700 -0.194553 -0.403044 39.0743
700 -0.164407 -0.716394 103.672
700 -0.090704 1.07206 -133.612
700 0.570073 -1.08209 -74.9374
700 -0.158168 0.865217 137.847
700 0.95227 0.52926 -44.2558
700 0.452291 -1.17647 -54.7833
700 -0.66021 0.456579 52.9271
700 -0.0439888 -1.20277 7.90837
700 -1.11239 -0.204949 2.70421
700 -0.22143 0.834466 -89.8742
700 -0.951236 0.808017 -65.608
700 0.868486 0.839825 -126.945
700 0.000700201 0.781649 -89.6934
700 -0.566416 0.860854 -45.5632
700 -0.752869 0.835254 -140.532
700 0.127331 -1.04411 147.083
700 0.0968887 -1.0215 -61.774
700 0.0747672 -1.05983 2.04556
700 -0.892922 0.41737 -34.1871
700 1.1972 0.490246 93.7548
700 0.230028 1.16868 -20.3565
700 -0.385735 0.559875 -134.154
700 -0.387626 1.15506 74.1441
700 -0.918893 -0.56991 -15.9497
700 0.218394 0.764857 -77.1368
700 0.809784 0.488623 -38.4546
700 -0.246495 0.75263 -121.948
700 0.848868 -0.607999 83.0132
700 0.966353 0.805031 74.0687
700 -0.199524 0.992022 -101.828
700 0.761747 0.874573 106.215
700 -0.528367 -0.422538 -116.897
700 -0.24795 -0.976796 52.6281
700 0.63082 0.188429 132.593
700 0.105406 -1.01958 2.17398
700 -0.926666 0.202832 73.5625
700 0.858576 -0.670966 -67.9821
700 -1.00395 -0.104865 110.234
700 0.572575 0.956498 125.375
700 0.776303 -0.453462 -68.6424
700 0.548296 0.452333 37.7401
700 0.452265 0.843326 -1.45251
700 0.523722 0.204221 -127.038
700 0.802676 0.270466 139.066
700 0.213789 0.465668 144.056
700 0.53694 0.353655 -50.8626
700 -1.25342 0.264831 60.5515
700 -0.657915 -0.683557 134.614
700 -0.737002 -0.395586 47.1484
700 -0.560175 1.13928 -46.0329
700 -0.124837 -1.07634 64.3737
700 0.70542 0.413269 75.2439
700 0.893078 0.0502005 -7.62262
700 -0.276214 -0.332172 65.8648
700 0.239943 -0.692332 -106.653
700 -0.664295 0.507549 4.08919
700 -0.757955 0.130762 98.6415
700 0.603673 -0.448792 7.29695
700 -0.137055 0.656355 -127.65
700 -0.886968 0.544727 -141.076
700 -0.872078 0.145258 -46.1895
700 -0.862285 0.237998 -97.6593
700 1.11898 0.453892 107.254
700 -0.669189 0.0456281 28.0618
700 0.826431 0.730708 -20.1261
700 0.868222 0.332526 119.353
700 -0.838056 -0.896437 -103.573
700 -0.0118454 0.951032 -52.877
700 0.859886 0.780274 -5.97378
700 0.362209 0.406529 -58.4561
700 -0.785713 0.817269 -115.352
700 -1.09049 0.542778 67.0356
700 0.965521 0.779806 43.7019
700 -0.535784 0.174908 104.5
700 0.417919 0.771509 11.5198
700 -1.17795 -0.317648 3.24869
700 -1.16382 0.535449 -77.7295
700 -0.982048 -0.0792307 8.08214
700 1.08418 0.146992 -24.8817
700 -0.541383 -0.693732 -61.7216
700 -1.06481 -0.398005 -16.3012
700 0.578649 -0.710934 -18.0708
700 0.238429 0.93483 5.38918
700 -0.546296 -0.642131 27.4239
700 0.502651 0.456537 54.7558
700 -0.995843 0.287679 28.7334
700 -0.514262 0.442839 42.1188
700 -0.512259 -0.455709 72.6401
700 -0.438784 -0.782848 8.83022
700 -0.674249 -0.550769 110.26
700 0.161147 1.10925 -121.464
700 0.415115 1.08042 -127.059
700 0.494615 0.13418 -95.3139
700 0.178163 0.791261 93.274
700 -0.586277 0.340487 -2.33949
700 -0.245458 -0.477864 82.86
700 -1.0538 0.129338 3.21242
700 -1.17512 0.0321113 129.098
700 -0.977432 0.132991 -122.497
700 -0.487202 0.583334 -9.78255
700 0.394375 1.07459 -18.7312
700 0.584634 -0.270677 -106.455
700 -0.692474 -0.819698 97.0875
700 1.04653 -0.0020256 44.5727
700 0.52491 0.100115 75.9718
700 -0.18409 -0.895589 83.8026
700 -0.728939 0.817385 -39.2911
700 1.04842 -0.651314 -86.9071
700 -0.60259 0.418102 -78.0568
700 0.697092 0.633039 43.1935
700 -0.528836 -0.587654 -53.8401
700 1.11519 -0.203232 -67.9129
700 0.187952 1.00119 156.857
700 1.10333 0.548421 -57.3757
700 -0.550878 0.446432 123.991
700 -0.908835 -0.12498 147.855
700 -0.33088 -1.16276 -111.55
700 -1.1014 -0.327595 115.034
700 -1.00973 -0.729204 -9.75921
700 -0.825663 0.0555349 -58.048
700 -0.506514 0.935849 41.5665
700 -0.440451 -0.940216 40.5488
700 -0.577651 -0.900137 -30.2955
700 -0.85762 0.0531023 47.685
700 -0.673033 0.846773 -34.5077
700 -0.815832 -0.227161 116.334
700 -0.0853988 1.10698 -46.2919
700 0.851357 0.343661 126.468
700 -0.650721 -0.634508 -61.2228
700 -0.384329 -1.13086 -61.5217
700 0.478525 0.126152 6.58571
700 -0.81285 -0.275421 -123.417
700 0.452425 1.12651 11.2077
700 -0.775922 0.597163 -27.2425
700 0.625468 -0.578592 101.677
700 -0.124802 -0.571205 -136.452
700 0.100511 -0.621682 -29.5776
700 -0.25227 0.9561 143.458
700 0.836008 0.244183 25.6237
700 -0.88092 -0.850963 -103.668
700 0.27151 -0.664053 -68.4196
700 -0.441091 0.580424 35.2416
700 0.0850737 0.572175 150.461
700 1.24805 -0.439954 -31.1439
700 0.384367 1.00944 -94.4443
700 0.925546 0.891466 -57.1631
700 0.477804 0.995142 125.287
700 -0.942037 -0.373332 135.119
700 1.23615 0.290873 119.68
700 0.0513038 -0.968535 -125.372
700 0.88767 0.204295 -76.0559
700 0.836103 -0.452852 -81.8739
700 0.736634 -0.303559 120.148
700 0.574931 -0.455237 106.175
700 0.967225 0.712288 25.1568
700 0.197486 0.852525 131.487
700 0.270494 0.800923 55.1149
700 -0.702238 -0.193462 -129.147
700 0.497678 -0.581952 -87.0924
700 -1.25205 0.107029 128.914
700 -0.626078 0.775976 -121.515
700 -0.302901 0.595901 17.1714
700 -0.340127 -0.378087 28.2545
700 -0.170455 0.83589 -39.6952
700 0.688926 -1.10849 -105.706
700 0.548254 -0.766018 77.74
700 -0.273596 0.843305 23.8098
700 0.387987 0.833838 80.2756
700 -0.211327 1.03157 155.96
700 -1.21962 0.0909622 60.6172
700 1.09357 0.636471 87.7109
700 0.332913 0.387831 99.5634
700 1.22185 -0.188259 120.034
700 0.464876 0.209336 -76.3108
700 -1.05603 0.362244 97.2619
700 0.788894 -0.132508 -81.2509
700 -0.00485695 -0.789995 89.5486
700 0.406578 -0.901442 -86.9544
700 1.17164 -0.421113 82.6226
700 -1.14003 -0.251544 72.8444
700 0.0749552 0.825996 150.489
700 -0.859658 -0.510998 -41.089
700 -0.332054 0.800479 -8.19889
700 -0.548487 -0.698973 -53.6612
700 -1.06184 0.213594 103.942
700 0.641257 0.732042 119.797
700 -0.0175217 0.930904 -20.9239
700 -0.102949 0.891803 143.317
700 0.821422 -0.265791 139.622
700 -0.0187898 -0.637644 140.612
700 0.732011 -0.931507 -36.6604
700 -0.594282 0.0905806 -46.4997
700 -0.0989161 0.8029 -102.346
700 0.057095 -0.832068 -4.34475
700 1.00283 0.0174646 151.603
700 1.15345 -0.443534 -119.1
700 -0.814154 0.358766 -21.3796
700 -0.427172 -0.915432 147.123
700 0.88536 -0.873387 -87.4875
700 -0.399999 1.21943 -20.2306
700 -0.471635 -0.699604 53.7872
700 -1.13934 0.058712 123.162
700 -0.883698 -0.576362 3.02228
700 0.66714 -0.936118 -49.3786
700 -0.636348 1.10873 -26.9217
700 1.02302 -0.501653 -118.799
700 -0.930219 0.338729 -21.6927
700 -0.532458 1.06895 98.3163
700 -0.0544947 0.456827 -13.2766
700 -1.08354 0.0903096 47.364
700 -0.898175 0.631165 -52.1663
700 -0.573178 -0.54182 98.0195
700 -0.959891 -0.407741 -78.8682
700 0.60733 0.842371 30.5053
700 0.916221 -0.727966 -80.8872
700 0.214816 -0.553959 19.5516
700 0.686339 -0.244942 -62.6318
700 0.933595 0.0236403 -106.532
700 -0.613159 1.03353 -20.8141
700 -0.112162 -0.649538 53.6207
700 0.614746 0.54359 -57.1687
700 0.730838 0.235936 -151.346
700 -0.422368 -0.864893 -92.3807
700 0.740526 0.392564 44.8822
700 -0.60226 0.730391 142.777
700 0.391394 0.349307 67.2312
700 0.541808 -1.07898 65.1692
700 -1.08907 0.372563 -28.1896
700 -0.0814679 -0.909393 134.808
700 -0.380286 -0.348429 -66.8674
700 1.1308 0.429564 31.6209
700 -0.532392 0.48582 90.7577
700 0.31412 0.897523 -95.9907
700 -0.923034 0.521342 -66.2165
700 -0.927926 0.163698 73.7037
700 -0.725178 0.19353 -141.182
700 -0.484016 0.812843 -129.025
700 -0.981639 -0.52059 66.1358
700 -0.0361519 -1.04426 -78.8614
700 -0.520568 -0.321472 65.7799
700 0.989417 0.254071 49.4927
700 0.230485 -0.787902 -124.394
700 0.402614 1.05758 49.873
700 0.864378 0.0164674 -17.2084
700 0.63937 0.817866 10.5232
700 0.0355678 -0.461302 52.4311
700 -0.503235 -0.35722 -15.6564
700 -0.133271 0.626242 -153.269
700 0.953329 0.180038 -119.614
700 -0.240514 1.18218 -1.94242
700 -0.589059 0.306877 136.132
700 -0.592575 -0.811654 140.833
700 0.276212 -0.812315 -81.6783
700 0.662589 -0.738927 -105.848
700 1.07003 -0.101034 -88.2551
700 -0.562839 -0.71702 77.5059
700 -0.522914 -0.00231207 -90.4846
700 -0.510779 0.411681 86.4753
700 0.700023 -0.407158 82.9601
700 0.733689 -0.603757 -68.7843
700 -0.117997 -0.77252 -80.7342
700 0.967521 0.639683 87.7043
700 0.382073 -0.8604 46.4028
700 -0.169168 0.614643 24.1321
700 -1.03833 0.564803 -122.086
700 -0.796561 0.466412 -14.3419
700 -0.562121 -0.919316 -61.023
700 0.181416 0.581544 -6.67653
700 -0.558374 0.0618969 86.144
700 0.0387101 0.899489 -114.494
700 0.399642 0.74879 -52.585
700 0.3056 1.04776 -102.811
700 0.70163 -0.973773 6.71023
700 -0.201048 -0.610281 -22.7188
700 1.18115 0.23151 75.2255
700 -0.771067 -0.103486 -47.2898
700 0.836087 -0.155584 -31.158
700 1.11745 0.267772 0.0520724
700 1.04657 -0.69623 113.265
700 0.40661 0.366307 100.263
700 0.438095 -1.01844 13.1138
700 -0.0461516 -0.635536 65.0641
700 0.664763 -0.293392 6.38332
700 -0.398871 -0.601893 70.3384
700 0.760459 -0.0572457 126.154
700 0.24154 -1.26441 -86.5791
700 -0.445687 0.620657 -134.184
700 -0.995621 -0.481969 58.9561
700 0.809078 0.381215 -132.835
700 0.719027 -0.396987 -37.9446
700 0.672448 -0.2338 -48.9986
700 -0.742443 -0.81818 91.6396
700 0.81732 -0.932943 -42.1358
700 0.473874 0.457785 49.0316
700 0.403045 -0.42022 13.2249
700 -0.782681 -0.340152 15.2512
700 0.738925 -0.826175 89.2294
700 0.475157 0.809462 -0.282047
700 -0.321898 0.537666 36.2272
700 1.04114 0.46977 119.829
700 0.0335599 0.843147 -153.018
700 1.02022 -0.721172 37.7423
700 -0.868708 -0.11648 61.033
700 -0.750529 0.450252 149.225
700 0.798799 0.807385 145.066
700 0.0948827 0.639788 -39.8593
700 -0.808232 0.467126 -117.03
700 -0.0483428 1.17846 -94.984
700 0.819599 0.585169 144.449
700 0.751232 -0.0930412 -100.07
700 -0.325216 -0.52333 -111.022
700 0.319466 -0.896288 -61.0485
700 -0.242924 0.911879 -33.2372
700 -0.522624 -0.959639 -84.5073
700 -0.588805 0.530616 -26.9422
700 -0.77302 -0.491219 28.3445
700 -1.25429 0.152284 -129.082
700 0.148389 -0.895761 -118.183
700 -0.423971 0.606434 47.1606
700 0.0948414 -0.650298 38.3332
700 -0.435264 0.268522 93.1222
700 0.633927 -0.719414 63.5877
700 0.439195 0.482997 -57.7566
700 -0.237521 -0.695343 127.879
700 0.571424 -0.299562 -88.5541
700 -0.182519 0.685783 -140.633
700 -0.620217 -0.095998 97.2764
700 1.02041 -0.812471 -49.0949
700 0.69908 0.0802009 -88.1057
700 -0.719194 0.444101 -141.583
700 -0.464951 0.124292 67.1112
700 0.200761 -0.476588 15.3517
700 -0.873065 -0.384854 2.15142
700 -0.696428 -0.529214 21.3908
700 -1.0616 -0.281563 40.9438
700 -0.735222 -0.245163 15.6688
700 -0.569597 -0.75191 -99.1001
700 1.02959 -0.379866 -44.0098
700 1.06882 0.393845 -88.0305
700 -0.601255 0.696338 -116.267
700 -0.0403669 -1.06057 83.7327
700 -0.219075 -1.06546 20.3099
700 1.16141 -0.153421 101.214
700 -0.600877 -0.755807 141.173
700 -1.01658 -0.0313989 -83.7095
700 0.555909 0.369258 56.3077
700 0.900937 -0.451771 -37.5423
700 1.0599 0.235488 25.3238
700 -1.03733 -0.712226 128.091
700 0.679196 0.537935 17.6484
700 -0.579136 -0.978294 -55.01
700 0.493794 0.882789 124.961
700 1.32212 -0.160664 19.1597
700 -1.01782 0.177761 54.8127
700 0.996762 -0.641168 83.0896
700 0.256428 -0.993149 133.889
700 1.20997 -0.35517 -125.952
700 -0.173812 1.02005 -58.2394
700 -1.19172 -0.0589904 -77.5955
700 -0.352292 -0.453311 40.9568
700 -0.303758 0.572184 -47.0707
700 0.094237 -0.766183 -10.7137
700 -0.424752 -0.672751 -123.818
700 0.866872 0.233077 12.5683
700 -0.350735 -0.828591 146.941
700 0.69577 0.318845 4.54607
700 0.53341 0.658778 -82.2472
700 0.773684 0.591247 -26.0085
700 0.314524 0.389598 -81.3644
700 -0.634942 -0.40764 103.374
700 -0.642096 -0.975927 53.6932
700 0.472721 -1.00249 13.5321
700 0.72489 -0.24566 -75.4961
700 -0.441069 0.315581 136.549
700 0.137145 0.460815 24.7071
700 -0.255995 -0.734632 -16.4579
700 0.201105 -1.13339 -111.599
700 -0.788106 0.309139 -103.834
700 0.390416 1.19027 -114.081
700 0.0295329 -0.676623 134.967
700 0.862918 -0.709123 -137.856
700 0.830007 0.136512 13.0138
700 0.709403 -0.69072 -18.8653
700 -1.10866 0.540859 -65.7764
700 -0.831111 -0.306369 -104.896
700 -0.630643 0.286467 -9.87019
700 -0.397907 -0.42043 134.776
700 -0.798414 -0.834009 -27.8499
700 0.660065 -0.469426 139.451
700 0.386847 -0.533158 -5.98444
700 -0.468403 0.238384 129.91
700 -1.21198 -0.325425 9.27103
700 -0.355292 -0.570906 -136.584
700 0.701435 -0.240556 146.273
700 0.316587 -0.604855 127.451
700 0.109337 -1.07184 -24.428
700 -0.261406 0.52413 -46.3523
700 1.26668 -0.0497975 -6.55172
700 -0.986377 -0.0219885 28.4937
700 -0.755816 -0.815157 -117.353
700 0.200833 -0.538004 108.915
700 -0.37941 0.86305 125.127
700 0.894157 0.233614 -107.115
700 0.457772 1.1972 -44.644
700 0.111163 0.563828 -133.679
700 0.9415 0.337839 126.023
700 -0.624511 0.650684 -128.103
700 0.561013 0.090081 69.9029
700 -0.285344 -0.902429 -91.6894
700 0.864745 0.0436641 31.72
700 0.769515 -0.28774 75.6513
700 1.15375 -0.409093 -87.5408
700 0.998197 -0.313985 -87.6025
700 0.718806 0.707492 -64.325
700 -0.796155 0.691868 99.0121
700 -0.0866771 0.67309 37.4063
700 0.526077 1.0783 -114.619
700 0.393158 -0.304105 101.878
700 -0.647705 0.938005 35.3799
700 0.294264 -1.13036 -17.4727
700 0.808359 -0.496679 12.3404
700 0.568507 0.937876 92.6919
700 -0.786685 -0.799612 -90.8729
700 0.733683 -0.462653 -74.4448
700 0.24542 0.58265 106.215
700 -0.877951 0.820389 54.1942
700 -0.0144501 -0.52139 -92.7742
700 -0.609544 -0.931821 -97.6265
700 0.920547 0.515316 38.1267
700 -0.820186 -0.985841 140.851
700 -0.483695 0.836067 81.072
700 -0.576758 -0.967577 -59.8503
700 -0.0603516 0.975696 -7.97243
700 0.172022 -0.94317 -11.2437
700 0.547712 1.11045 -107.138
700 0.614778 -0.162318 127.351
700 0.630547 -0.610273 95.6782
700 0.759384 -0.687354 -18.0942
700 1.03148 -0.202065 -80.82
700 0.67695 0.924281 -94.7002
700 -0.944984 0.600459 -121.996
700 0.205549 -1.03957 -3.64982
700 -0.402625 -0.51371 32.5774
700 0.0760285 0.466025 43.157
700 -0.831895 0.340952 41.6046
700 -0.13534 -0.506595 -111.434
700 -0.70002 -0.715928 135.438
700 0.258339 0.738877 -64.0309
700 0.33434 -0.752178 0.143661
700 -0.362234 -0.630442 108.953
700 0.978201 -0.423637 -56.7378
700 0.787501 -0.328504 -55.2977
700 -0.520866 -0.19698 85.1262
700 -0.812567 0.486977 136.208
700 0.215816 1.08849 43.9697
700 0.271276 -0.805023 52.1686
700 -0.376406 -0.386185 -118.099
700 1.04149 -0.479264 19.7922
700 0.183332 0.67085 116.875
700 0.394302 0.536448 125.118
700 0.175705 0.819282 17.5416
700 0.90143 -0.199873 -137.982
700 -1.06737 0.625365 110.081
700 -0.738421 -0.482127 -123.645
700 0.379284 -0.744049 108.576
700 -0.339498 -0.768626 90.0124
700 -0.0362825 -0.853468 9.19328
700 0.110253 -0.678472 -80.4396
700 -0.817421 -0.497135 8.79109
700 -0.4098 -0.802135 21.7006
700 0.104006 1.24735 -95.7377
700 -0.89998 -0.00787243 28.4999
700 0.53505 0.339051 -64.2235
700 -0.896746 0.0899249 4.62259
700 -0.163475 -0.454894 140.807
700 -0.715454 0.933615 -1.70072
700 -0.54753 -0.764757 33.2625
700 1.13644 -0.469044 37.6101
700 -1.07675 -0.198423 -117.124
700 -0.512646 0.13236 29.5449
700 0.501634 -1.11073 75.8424
700 0.319306 -1.09874 -104.257
700 -0.266748 1.22015 -39.6076
700 0.471667 0.569603 -89.0276
700 -0.707546 -1.02001 71.34
700 -0.915858 -0.194246 -65.7299
700 -0.585536 -1.08121 121.842
700 0.850783 -0.859414 -56.2777
700 -0.0719605 1.25343 136.521
700 0.150043 1.07349 -82.425
700 0.0458212 -1.0064 51.7392
700 -0.835105 0.0937644 -128.786
700 0.333189 -1.01766 127.496
700 -0.623144 0.193784 110.276
700 0.652899 0.941283 -113.423
700 -0.748189 -0.0524555 -78.2912
700 -0.276057 0.561312 -1.52655
700 -1.24869 -0.0575451 -135.601
700 1.15395 0.388782 -31.3359
700 -0.611111 -1.11147 90.2075
700 1.09728 0.126777 -101.145
700 1.27577 -0.16099 38.6694
700 -1.05129 -0.371393 -127.971
700 -0.103725 -1.24903 -104.648
700 -0.696202 0.302499 10.7369
700 -0.82016 -0.732022 -60.945
700 -0.0186081 -0.71148 56.9601
700 -0.672769 0.229368 -8.75493
700 -0.0297059 1.06004 -8.94999
700 0.99458 -0.849418 19.7158
700 0.970003 0.192401 113.386
700 0.901921 -0.320905 7.87069
700 0.327685 0.589359 -33.5034
700 -0.496007 -0.709525 109.105
700 0.751515 -0.551671 -13.1639
700 -0.354682 0.874368 73.877
700 0.189774 1.06065 -45.2865
700 -0.76733 0.574878 -132.827
700 0.286184 1.13539 105.909
700 -0.0537048 0.716479 -20.4296
700 -0.43902 0.864426 -15.1332
700 0.469006 -0.246995 -138.402
700 0.277368 0.820191 88.3381
700 0.2749 -0.954244 -143.226
700 0.761679 0.894741 -101.892
700 0.358637 0.852904 99.8297
700 -0.0236358 0.778187 -64.3221
700 0.500555 -0.875433 37.938
700 -0.572368 -0.0986926 129.45
700 -1.0888 -0.155708 -16.655
700 0.817064 0.00622754 -138.336
700 0.147819 -1.15074 -118.81
700 -0.843407 0.860094 -15.0557
700 -0.442111 0.703639 92.5162
700 0.587758 -0.917468 102.937
700 -0.586003 0.818572 -45.1993
700 -0.496322 -0.87128 121.847
700 -0.645067 -1.08001 96.384
700 -0.362484 -0.788894 -28.2566
700 -0.740179 0.965433 66.312
700 -1.08499 0.64146 54.1538
700 0.675098 0.441786 126.701
700 0.463504 -0.317981 1.05684
700 0.121218 -0.966503 114.927
700 0.912718 0.845216 94.1721
700 -0.641771 -0.289665 78.9631
700 -0.306153 0.722595 -147.046
700 0.0207529 -0.706307 -28.9841
700 -0.409934 1.03948 30.4275
700 -0.467993 -0.682621 147.081
700 0.209289 -1.20176 33.3812
700 0.397933 1.08964 130.901
700 0.295139 -0.715885 64.3668
700 -0.390431 -0.152665 -123.493
700 -0.639753 0.288866 -70.2116
700 0.675872 0.0309203 145.243
700 0.823821 -0.715497 146.621
700 -0.725809 0.520549 -128.053
700 0.609885 -0.36297 63.7261
700 1.09113 -0.364578 120.042
700 0.738285 -0.110512 -120.456
700 -0.943903 0.19121 -128.959
700 0.357791 -0.966816 107.579
700 0.877997 0.12048 -81.9169
700 -0.858374 0.712479 124.404
700 -1.11281 -0.397901 -54.3096
700 0.459523 0.741069 -45.2204
700 -0.367553 0.76338 10.763
700 0.601778 0.755522 -88.9692
700 -0.72418 0.764583 -20.2762
700 0.120725 0.398005 17.217
700 -0.766986 0.488837 -72.1447
700 -0.798877 -0.0404503 154.493
700 -0.179609 -0.950167 134.875
700 1.08744 0.355165 -20.2874
700 0.110462 0.964646 119.437
700 1.19353 -0.481712 88.7871
700 1.27973 -0.238701 76.1454
700 -0.793861 0.227883 -122.503
700 0.544007 -0.218124 38.8845
700 0.295078 0.937457 -102.188
700 0.54816 -0.847695 -112.012
700 1.11972 -0.270921 88.7068
700 -1.06956 -0.272952 -129.312
700 -0.290969 -0.933088 -123.758
700 1.0994 0.692888 18.2532
700 0.58757 0.0118325 70.3402
700 -0.118958 -0.850421 46.046
700 0.659972 -0.359978 56.0883
700 1.07637 0.608046 -101.235
700 -1.04386 0.539045 11.1057
700 -0.393379 -0.531801 -35.4464
700 1.23684 0.013349 144.71
700 -0.564541 -0.413505 -117.082
700 0.574331 0.636268 112.539
700 1.07424 0.0376498 -126.523
700 0.591152 0.200943 -119.764
700 1.06387 -0.0620189 -18.8648
700 0.633738 0.0410417 -93.9416
700 -0.355224 0.603388 22.8126
700 -0.675537 -0.0806182 109.548
700 1.27291 0.1502 56.6569
700 0.772108 0.561855 67.347
700 -0.94525 -0.659336 -41.9768
700 0.746181 -0.810417 70.745
700 -0.939986 -0.199174 2.87599
700 -0.910358 0.715864 149.231
700 1.15204 -0.293094 138.771
700 0.10497 0.791097 -0.652457
700 -0.105896 0.797962 30.22
700 -0.840817 0.142776 -84.9082
700 -0.259295 -1.2341 -23.222
700 -0.684492 -0.221862 -110.202
700 -0.676583 0.432684 136.238
700 -0.0290989 -0.903919 45.9456
700 0.465748 -0.605945 -5.91748
700 0.93812 -0.79313 63.8388
700 0.115447 -0.709324 140.85
700 0.898034 -0.691299 -87.4483
700 -1.15694 -0.438693 9.26224
700 -0.931023 -0.25676 -123.821
700 -0.940298 -0.0251465 104.494
700 0.493925 -0.654302 57.5006
700 -0.522039 1.00355 80.9932
700 -0.00691676 1.20625 -52.0742
700 0.541204 0.748137 150.296
700 0.740338 0.563399 -36.8278
700 0.524537 -1.0516 -54.6179
700 1.09039 -0.308323 -11.8607
700 0.797006 0.614176 138.324
700 -0.0932593 -1.20534 -80.1639
700 0.958134 -0.136567 133.263
700 -0.789647 -0.586988 -123.117
700 -0.289927 1.043 53.6197
700 0.794444 0.494662 -11.9166
700 -0.960543 -0.0178385 46.9963
700 0.168807 -1.17566 13.3771
700 -0.171422 -0.691597 -28.9403
700 0.974694 -0.0457697 -56.1305
700 -0.768575 0.689584 -91.2678
700 0.9296 0.16164 51.3315
700 1.06617 -0.139388 49.6564
700 0.876026 -0.809498 108.762
700 0.726902 -0.813368 25.1147
700 -1.01718 -0.642441 -116.316
700 0.928192 -0.160792 119.852
700 -0.0740892 -0.934571 -136.713
700 -1.26465 -0.0783931 21.8274
700 0.95893 0.860513 43.2569
700 0.327942 -0.506954 77.0794
700 0.503952 0.576939 68.6161
700 -0.698545 -0.560141 -34.7532
700 0.300185 0.836514 100.019
700 -0.603857 -0.534775 -148.735
700 -0.59486 -0.863103 140.611
700 0.997473 0.456471 106.946
700 0.856484 0.614029 69.8111
700 0.605669 0.259138 -18.0326
700 1.15743 -0.236912 101.614
700 -0.596922 -0.427769 103.925
700 -1.13966 0.568921 78.6098
700 -0.644219 0.669984 136.864
700 -0.548938 -0.356093 -105.154
700 0.629154 -0.955917 -106.088
700 -0.711162 -0.0580712 -21.4076
700 -0.0629408 0.912869 60.9258
700 -0.208488 -0.515084 21.4817
700 -0.857673 0.903914 124.087
700 0.0772013 -1.11973 -4.37811
700 -0.550095 -0.343588 -28.3212
700 0.102705 0.975814 -52.7396
700 0.083178 1.04692 130.777
700 -0.892165 0.478516 142.879
700 -0.117551 -0.639386 -4.19421
700 0.782682 -0.736365 -55.3011
700 -0.865292 0.520174 41.3008
700 1.27143 -0.0194771 26.0444
700 0.347748 1.21602 -44.4497
700 0.616892 -0.483572 -112.348
700 1.06884 0.279579 -50.7728
700 -0.437199 1.11582 41.3821
700 0.526815 -0.955026 133.996
700 -0.196893 -0.626153 -35.9668
700 0.872265 0.672775 144.109
700 0.868374 -0.8719 114.947
700 -0.462434 -0.256967 47.8149
700 0.890455 -0.729412 -132.069
700 0.22513 -1.22498 109.213
700 0.778959 0.318238 -81.8043
700 0.111811 -0.574073 27.2036
700 1.17551 0.354259 -82.6599
700 -0.209699 0.513186 56.0961
700 -0.617366 0.585088 -102.788
700 -0.533034 -0.0794537 109.619
700 -0.652949 0.377161 66.5391
700 0.704261 -0.804909 -68.7456
700 -1.09318 0.343883 117.346
700 -0.954315 0.700525 -96.8169
700 -0.57804 -0.562998 -148.644
700 -0.665432 -0.172574 -73.613
700 0.629729 0.521975 -51.4209
700 -0.319074 0.980423 60.8395
700 -0.0568425 -0.82979 -61.3193
700 -1.21444 -0.309132 -123.196
700 -0.610902 1.11187 -140.276
700 0.475478 -0.646487 -87.3213
700 0.0735397 -0.595799 2.67754
700 -0.813706 0.166666 -15.5861
700 -1.00671 0.359765 -40.6477
700 -0.748598 -0.0281208 84.598
700 0.409967 0.462872 -120.387
700 1.03816 0.264135 -118.091
700 -0.185827 -1.09984 52.5406
700 0.295092 -0.475367 120.844
700 -0.530673 -0.225884 -53.8399
700 0.302393 -0.664134 64.0066
700 -0.641289 0.217166 -97.66
700 0.188466 0.634395 30.1145
700 -0.779967 -0.722835 96.9401
700 -0.114729 0.604793 42.5568
700 -0.238724 0.498226 -108.907
700 0.383318 0.509742 -26.0514
700 -1.25822 -0.0939346 135.319
700 0.359677 -0.534131 -143.733
700 -1.14302 0.21552 3.88521
700 0.845155 0.493688 -13.1414
700 -0.0941823 0.70178 5.00268
700 -0.578443 0.778105 11.0442
700 -1.01902 0.101435 -52.0957
700 -0.0685277 -0.991033 -111.983
700 0.786584 -0.239717 70.1176
700 -0.813702 0.817486 61.2032
700 -0.0891693 -0.810884 -130.759
700 -1.20293 0.297312 -109.759
700 0.0555501 -1.11629 -117.92
700 0.637513 0.426707 -81.8593
700 -0.266179 -1.00675 128.952
700 0.777414 -0.402314 45.1091
700 0.425139 -0.915749 -42.7406
700 0.645226 0.966947 31.6063
700 0.824062 -0.56514 139.088
700 -0.671666 -0.80208 -123.842
700 -0.0284516 -1.15079 83.3879
700 -0.450492 0.72624 106.257
700 -0.281523 -0.973668 21.0605
700 0.578817 -0.546502 -99.4704
700 0.105494 -0.54545 51.0464
700 0.1011 -1.11351 -35.4321
700 0.830486 0.407287 -114.448
700 0.616355 -0.81192 20.5807
700 0.966148 -0.547229 -93.6712
700 0.795664 -1.02455 -124.66
700 -0.940314 0.356646 -15.7928
700 1.25692 0.187719 44.4094
