370 -0.242125 -0.326314 20.6036
370 -0.597308 0.322432 16.1044
370 -0.486976 1.16743 -51.9767
370 -0.863264 -0.179811 79.4965
370 -0.939562 0.823338 -20.7136
370 -0.982315 0.166411 54.4516
370 -0.542421 0.335884 -78.4139
370 0.933274 0.345428 81.8902
370 0.740333 0.405294 70.1855
370 -0.594262 -0.271404 -72.9292
370 0.822758 -0.411165 76.4987
370 -0.131012 0.732823 61.517
370 0.914935 0.0873575 -12.7956
370 0.627006 -0.0291284 -62.7702
370 0.623588 1.00494 -7.09559
370 0.71112 0.787531 -63.6361
370 0.567688 -0.0722782 32.1812
370 0.814519 0.971361 -32.2542
370 -1.0904 -0.135708 -72.9496
370 -0.784506 0.77701 -33.7417
370 0.559804 -0.797058 -10.86
370 -0.396871 -0.610304 -10.0049
370 -0.388962 0.163533 73.9291
370 0.961544 0.561514 56.6265
370 -0.331415 0.80133 67.5399
370 -0.448788 0.403872 -21.5913
370 -1.13922 -0.248962 -15.6338
370 -0.257595 -0.991631 3.1843
370 -0.065634 0.916455 42.9309
370 -0.425059 -0.208769 -60.9671
370 0.47919 0.807008 -45.5476
370 -0.574376 0.570615 -14.8667
370 -0.512763 0.540291 28.2709
370 0.204659 0.922132 -58.1513
370 0.988448 -0.0955987 37.6893
370 -1.13985 0.591132 28.7861
370 -0.601622 0.755652 5.10053
370 -0.826138 -0.663472 8.73285
370 -0.374738 0.923107 -21.1196
370 1.24079 0.0441632 -57.095
370 1.29394 -0.0789194 25.6401
370 0.431418 -0.246644 -29.7034
370 0.533923 0.713753 87.7432
370 -0.179252 0.706693 -2.98014
370 -0.976007 0.214225 5.02863
370 -0.244164 1.1744 62.3744
370 0.718339 -0.0788116 -62.653
370 0.213475 -0.594469 -62.0569
370 0.857944 0.889977 68.4304
370 -0.146201 -0.738073 66.0384
370 -0.369401 0.366479 54.8405
370 -0.644941 0.200633 -21.7886
370 -0.677411 -0.540428 65.922
370 0.733746 -0.205567 76.4425
370 1.21952 0.248816 56.7026
370 0.809506 -0.272791 -81.4263
370 -0.0683037 -1.2235 -54.0373
370 0.499519 0.579096 75.5922
370 -0.351732 -0.350504 -15.581
370 0.718179 -0.669006 37.7059
370 -1.2301 -0.225844 66.56
370 0.16884 0.85842 -57.866
370 0.745138 0.843786 -12.134
370 0.880575 -0.790569 38.2949
370 -0.104019 -0.71088 -61.1273
370 0.59442 0.791783 68.4473
370 1.1775 0.0370827 1.23069
370 0.28501 1.13139 -1.34775
370 -0.622139 0.60112 -3.59541
370 -0.135805 1.23726 23.6324
370 -0.587134 -1.0947 7.89452
370 -0.0443036 0.49746 49.2133
370 0.171674 -1.20477 59.0716
370 0.422545 -1.02652 -10.7639
370 0.953215 -0.43669 58.2243
370 0.77041 0.80489 81.5112
370 0.829691 -0.865846 -69.0407
370 -1.13629 0.101862 -53.5009
370 0.793146 0.121302 12.8577
370 -0.174046 -0.881432 -11.8262
370 -0.102826 -1.24766 51.8881
370 -1.17524 -0.0117032 -60.3602
370 0.554657 0.223304 -70.36
370 0.57765 0.982988 -52.2966
370 0.409819 -0.361787 83.2363
370 0.272874 0.927014 -8.11166
370 -0.305244 -0.578141 28.7275
370 -0.671098 -1.01208 53.1521
370 -0.621837 -0.706306 -66.8541
370 0.889799 -0.431489 -19.4734
370 0.853379 0.343245 69.2262
370 0.664236 -0.009659 58.0777
370 0.377449 -0.621165 -55.3865
370 0.151474 -1.14079 26.7952
370 -0.0498631 0.708236 -71.1021
370 -0.00713363 0.867218 11.8651
370 0.186688 1.09553 43.4864
370 0.384562 1.06649 -19.097
370 -0.757112 0.422814 60.9896
370 0.495095 -0.392977 76.8035
370 -0.677337 -0.487818 59.157
370 -0.528018 0.972932 28.6678
370 0.164587 1.12118 29.7528
370 -1.0649 -0.571537 78.9798
370 0.144681 0.53607 -51.6679
370 -0.550656 -0.338665 53.2827
370 -0.858655 0.194806 73.178
370 -0.189053 -0.440748 59.8262
370 -0.436822 -0.151914 -60.6603
370 -0.985588 -0.612044 65.931
370 0.771414 -0.245222 58.5957
370 -0.661586 -0.511589 -54.9555
370 -0.788934 0.193159 33.6343
370 -0.795549 0.621333 34.4109
370 -0.301811 -1.22734 27.1891
370 -1.17415 0.464342 54.3631
370 0.468714 0.229735 0.537769
370 -0.742002 -0.0132334 85.2212
370 0.418409 0.887088 68.6111
370 -0.866682 0.0530154 73.8009
370 -0.89883 -0.307431 58.2747
370 0.0695322 0.780677 -45.4186
370 0.172005 -1.12485 52.2007
370 1.11598 -0.0983942 -75.9849
370 -0.15481 -1.15388 65.1483
370 0.815824 0.127067 -56.9351
370 -1.01698 0.639047 -3.0685
370 0.885487 0.54155 -6.44217
370 -0.328099 0.903883 -39.1921
370 1.01873 -0.134155 -56.2643
370 0.817755 0.506299 81.816
370 1.08951 0.673008 18.3732
370 0.803713 -0.0171848 62.9399
370 1.06048 -0.66952 58.1222
370 -0.851871 -0.085386 35.0793
370 -0.746127 0.74845 15.6411
370 0.952536 0.617184 -51.6583
370 -0.0199735 1.03594 -59.0428
370 1.22382 -0.160875 -69.327
370 -0.955287 -0.200342 -60.7114
370 0.254672 -0.801073 64.6668
370 -0.0635865 0.514402 -2.32204
370 0.242766 1.01279 5.07582
370 -0.916679 -0.835624 15.5575
370 0.44541 -0.736009 -42.6387
370 -0.713056 -0.731221 -8.71084
370 -0.111582 -1.02381 -60.8778
370 -1.08884 0.359941 54.3133
370 -0.248116 -0.827692 -73.6439
370 1.25186 0.0716742 31.0146
370 0.850557 -0.580087 -68.7549
370 -0.777445 -0.0170594 66.3776
370 -0.518904 0.901582 68.0725
370 -0.607132 -0.729104 59.2896
370 0.0097081 1.26523 30.0832
370 0.954078 -0.0579153 -5.24226
370 0.935374 -0.758969 -55.2122
370 0.589757 0.64185 5.35326
370 -0.837093 0.541225 -72.2798
370 -0.0265046 1.08684 81.0557
370 -0.0222204 -1.26038 -23.1489
370 -0.586724 -1.01333 46.4375
370 0.741132 0.0911599 25.3287
370 -0.253911 0.625363 -70.9735
370 0.46295 0.414115 17.4839
370 -0.563349 0.914406 -15.2404
370 -0.951276 -0.389412 34.4578
370 1.03948 0.489763 25.034
370 -0.671279 -0.93047 -11.0586
370 -0.171578 0.474157 10.1088
370 0.124911 -1.2157 57.7547
370 -0.913297 0.407208 -35.1001
370 0.683664 0.867863 82.1518
370 0.886045 0.49998 -64.0777
370 -0.68142 -0.724278 8.03891
370 -0.789291 -0.0593687 79.0586
370 0.487827 -0.63468 77.2772
370 0.694994 -0.667631 -43.0706
370 0.0892967 -0.718076 64.9283
370 0.213254 -0.869913 64.5911
370 0.648626 0.784136 -76.7924
370 1.17227 -0.000371098 50.683
370 -0.672822 -0.0288214 -66.0259
370 0.512656 -0.844932 -74.33
370 -0.327256 -0.4659 52.9764
370 0.418365 -0.750957 -67.931
370 -0.468438 0.148588 -72.459
370 -0.481889 -0.949084 52.3268
370 0.714869 -0.712871 -36.996
370 -0.202231 1.15803 -45.816
370 0.864192 -0.0150506 50.6305
370 0.29804 -0.688186 83.4895
370 0.245065 -0.698894 -69.1488
370 -0.461634 0.923448 -45.8789
370 -1.09828 0.113902 15.936
370 0.681975 0.59741 -0.024401
370 0.658718 0.12268 -69.6675
370 -0.870592 -0.65942 8.49326
370 0.880609 0.676685 62.9517
370 -0.764643 -0.412827 91.4177
370 1.0824 -0.192814 58.0947
370 0.778404 -0.22087 83.0449
370 -0.168034 0.948079 55.4649
370 0.543407 -0.979992 31.6651
370 -1.1371 0.0893378 -33.2183
370 0.38536 -0.659565 70.9775
370 -0.740558 -0.553052 2.40034
370 -0.230434 1.07966 11.4388
370 -0.309914 0.616588 53.5012
370 -0.532296 -0.821599 78.0303
370 -0.0368775 -0.866353 64.9033
370 0.205582 0.841882 -26.49
370 1.13946 -0.0666167 -62.77
370 0.584463 0.278287 75.5396
370 0.785725 -0.630642 -25.076
370 0.883009 -0.232324 70.505
370 0.574093 0.805667 62.3283
370 0.380837 1.00752 -25.7525
370 0.370296 0.697644 31.8456
370 0.729982 0.172727 44.1581
370 -0.609108 -0.811277 72.1926
370 0.387166 -0.986256 6.83467
370 0.24531 0.953133 56.7118
370 -0.601467 -0.3952 67.1209
370 0.0854778 -0.798347 59.7183
370 1.10141 0.359457 69.0599
370 -0.302113 -0.886876 -73.6592
370 0.129031 0.877131 55.4937
370 0.855036 0.273154 56.6317
370 -1.07584 0.44267 -26.7451
370 -0.276835 -0.548158 78.1368
370 0.722159 0.00119151 -75.8397
370 0.76981 -0.170732 -75.8874
370 -0.299171 0.44786 -58.7945
370 -1.04699 0.553369 22.1475
370 0.66777 -0.0945061 -30.8815
370 0.137096 -0.951171 -29.8369
370 1.19568 -0.00237303 -30.2973
370 0.529619 -0.962555 70.8366
370 -0.404706 0.352578 35.2518
370 -0.393996 -0.552545 41.0704
370 -0.0477216 -0.652463 1.42176
370 -0.347606 1.1352 -21.0681
370 -0.303324 -0.620096 -60.908
370 -0.673943 -0.575749 78.7927
370 0.332987 -0.496901 -42.94
370 0.867912 -0.134744 -63.2611
370 -1.18986 -0.267678 59.8827
370 -0.571368 0.796855 -77.4971
370 0.69843 0.266233 -45.6289
370 0.29184 -0.501151 -36.7271
370 -0.637165 1.107 -64.6945
370 -0.279674 1.11827 17.2228
370 -0.324314 0.657441 80.2471
370 -0.776228 0.905638 9.81553
370 0.982383 0.156403 0.362072
370 -0.558084 -0.821608 14.7603
370 0.817837 -0.928554 7.45093
370 0.967993 0.726502 -69.9447
370 0.35014 -1.10734 -30.4369
370 -0.0373646 1.22174 17.9964
370 -1.05666 0.13086 54.1641
370 -0.000392993 -1.0057 -80.2921
370 0.840785 -0.82066 -37.1531
370 -0.390279 -1.20038 -35.671
370 -0.58386 0.186194 4.00549
370 0.10684 -1.02757 32.8237
370 -0.888003 0.335285 16.6541
370 1.28739 -0.214501 69.4882
370 -0.69545 0.606439 80.1794
370 -0.227329 0.410867 67.6964
370 -0.508255 -0.609953 65.8082
370 0.845816 0.678483 69.4565
370 1.13911 -0.298767 6.60021
370 -0.0507629 -0.875582 58.2928
370 0.787517 0.298075 -69.525
370 -0.543386 -1.00977 45.7473
370 1.0067 -0.606343 6.77003
370 1.04545 -0.0269164 70.6408
370 0.682869 -0.57805 -57.1548
370 -0.0801559 1.10739 -15.0953
370 0.684787 0.822757 -25.6139
370 -0.537121 -1.00253 2.57276
370 0.965205 0.8317 37.0599
370 0.469347 0.763802 75.2298
370 1.1361 0.296106 7.31329
370 0.511339 -0.224827 -31.1414
370 -0.972613 0.338051 -59.628
370 0.133073 0.960866 -32.373
370 1.02127 -0.000263269 -62.7086
370 -1.22245 -0.21036 -22.2278
370 0.94746 -0.492786 -56.5897
370 -1.16023 -0.475049 59.8143
370 0.482994 -0.0448594 -0.256376
370 0.423182 -1.09977 -61.8017
370 0.768958 -0.31159 -68.8819
370 -1.2462 0.244666 54.4202
370 0.0960474 1.24445 11.2756
370 -0.0317426 0.9519 -2.7079
370 -0.542946 0.739334 86.7427
370 -1.12476 -0.608579 59.7907
370 0.513357 0.50289 81.2871
370 -1.09008 -0.000739561 47.6825
370 1.18195 -0.266699 1.24383
370 0.835501 -0.786674 13.5917
370 -0.860214 -0.402213 -73.5202
370 0.145389 0.629935 -21.2091
370 0.509271 0.690153 68.2408
370 0.610621 0.818402 -76.4261
370 0.884883 0.0788556 -62.8267
370 1.00212 -0.64681 70.5543
370 1.0626 -0.703708 -5.81652
370 -0.887644 0.624336 9.35102
370 -0.0295122 0.603746 -58.0525
370 -0.663035 -0.748009 -67.2203
370 -0.556203 -0.704419 -60.7818
370 -0.825694 -0.342183 60.8204
370 -0.0276242 0.707848 -58.8692
370 -0.296522 0.617042 -51.8468
370 -0.398373 -0.971519 59.4854
370 0.706003 -0.459887 27.4326
370 -0.903843 -0.125487 -66.4291
370 0.491358 0.138768 -44.9865
370 0.1132 -0.626268 -18.3875
370 -0.721477 0.131191 -27.9385
370 0.430743 -0.465622 -12.2788
370 -0.269366 -0.955433 46.4159
370 1.1292 -0.545017 -43.3943
370 0.702497 -0.134757 -75.4166
370 -0.311185 0.711808 61.2662
370 0.966479 0.0853276 -31.2417
370 0.179174 -1.15382 59.3156
370 0.895338 0.724173 -43.3964
370 0.991935 -0.340889 -56.2705
370 -0.0155166 0.668516 11.5856
370 0.660912 0.225829 62.8164
370 0.496278 1.14731 42.8399
370 0.816375 0.0629341 -69.5604
370 -0.370664 0.345035 53.654
370 0.0752344 -0.458911 -61.6964
370 -1.13707 0.222078 73.1002
370 0.205147 -0.824549 -55.0785
370 0.595087 -0.457807 -36.9397
370 0.596056 -0.524454 1.1323
370 0.380798 -0.860899 14.7303
370 0.59698 0.384833 -69.8982
370 0.70348 0.388114 69.0573
370 -0.828335 0.284973 -40.0366
370 0.768209 0.381495 18.829
370 0.875037 -0.422068 -43.6645
370 0.180713 0.785397 62.6068
370 1.24964 0.301416 43.5745
370 -0.481319 1.129 30.1535
370 -0.633842 0.509932 79.9867
370 -0.860538 -0.637003 72.6328
370 0.33172 0.94858 81.506
370 -0.523716 -0.783218 -9.25869
370 0.111501 -0.691586 71.9251
370 1.08225 -0.745711 -42.9571
370 0.675709 -0.975701 -55.1724
370 -0.96111 -0.0105155 47.2733
370 -0.548878 -0.588119 -8.8578
370 -0.420578 -0.501812 46.7831
370 -0.338648 -0.703955 27.8181
370 -0.636655 0.88863 -40.6959
370 -0.911807 -0.373876 66.1116
370 -0.931699 -0.622053 -34.8977
370 0.305405 -0.902783 -36.5341
370 0.923994 0.274163 62.8818
370 0.642923 0.743634 -7.94283
370 -1.08145 -0.420229 -10.6067
370 -0.0102022 -0.962903 78.0117
370 -0.393105 -0.899657 -80.1675
370 0.627765 0.781285 -38.8282
370 -0.567799 1.01686 -77.6893
370 0.83702 0.212173 69.5852
370 0.98627 0.012585 -76.3229
370 -0.809359 0.113153 -27.659
370 -0.520103 0.382486 -20.047
370 0.477378 -0.366105 25.3512
370 -1.0291 0.411481 27.9184
370 -0.148158 -0.574642 65.117
370 -0.265394 0.967385 62.5111
370 -0.642727 0.474648 -65.2318
370 0.0234488 0.928898 74.4434
370 -0.434767 -1.18126 64.7988
370 -0.111873 -1.00958 -55.1758
370 -0.918852 -0.616404 -61.1548
370 0.0159987 0.959532 -58.1768
370 0.931309 -0.359959 -43.4364
370 0.475525 0.624804 -82.6988
370 0.577055 0.49744 81.5612
370 -0.45535 -0.436239 -73.5955
370 0.392603 1.18783 30.4373
370 -0.978898 0.0237234 -3.13535
370 0.484386 0.437583 69.6402
370 0.294545 0.933955 75.389
370 -0.590322 0.499052 29.0951
370 0.557282 0.0645183 -24.4736
370 -1.03871 -0.576309 46.5017
370 0.00541606 -1.0677 38.9409
370 0.900194 0.207103 -82.0609
370 0.395908 0.863756 29.0863
370 -0.685653 -0.861133 -61.3448
370 0.434898 -0.565316 70.7118
370 -0.24294 -0.866251 -22.8445
370 0.396675 0.66633 -0.963393
370 -0.434574 -0.361664 -61.4096
370 -0.491028 0.320483 61.626
370 -0.214426 -0.817971 -48.3779
370 0.784546 0.842535 -25.0079
370 -0.432124 0.506945 -65.2659
370 -0.952783 0.57497 16.2762
370 1.1086 -0.0199744 38.179
370 -0.617205 0.791613 10.78
370 0.842136 0.468253 69.1472
370 0.910371 -0.262229 -57.1073
370 -0.0991334 0.545345 -31.5996
370 -0.702796 -0.521959 -3.48096
370 -0.224622 -1.05716 -22.3739
370 -0.00454519 -0.887543 64.9962
370 0.87414 0.514422 -56.9953
370 1.24591 0.104135 -50.5874
370 0.979118 -0.650514 -74.985
370 1.09389 0.0632246 69.5541
370 0.25995 -1.20524 64.1295
370 0.522125 -0.707214 8.01524
370 -0.826987 0.645013 -20.7371
370 -0.544915 0.62695 -2.12889
370 0.610583 0.0895228 -75.7452
370 -0.678931 0.871123 -33.2148
370 -1.12554 -0.236422 -3.56301
370 -0.565523 0.633639 -21.9633
370 1.01828 -0.300995 -43.1687
370 -0.307326 -0.758494 -55.4177
370 -0.45019 -0.936808 -16.2154
370 0.00142058 1.1929 -14.4506
370 0.611102 0.600873 -70.4099
370 -0.481001 -0.928081 60.1829
370 -0.488065 -0.512523 -73.3064
370 0.286691 -0.478123 83.4458
370 -0.550019 -0.427364 -15.8974
370 1.11096 0.527265 19.0765
370 1.00562 0.165113 24.8931
370 -0.30017 0.845774 67.8604
370 -1.17789 -0.112059 21.7231
370 -0.355687 0.783714 56.1195
370 -1.15865 -0.291438 72.9893
370 0.0976067 0.710417 35.3089
370 -0.353966 -0.511105 -54.5465
370 -0.316334 0.904214 -46.9691
370 0.394631 -0.706997 77.0773
370 0.748886 0.686615 -7.21499
370 0.68798 1.00915 -57.8355
370 0.930217 0.759474 -51.0725
370 0.779181 -0.8206 13.5503
370 -0.507411 -0.970164 9.1961
370 -0.147806 0.848375 -37.792
370 0.40773 0.764492 -70.4327
370 0.568469 -0.380849 -68.7904
370 -0.0680561 1.06084 -76.9499
370 0.679832 0.301116 -83.0179
370 0.453863 -0.912182 -29.6454
370 -1.14335 -0.04913 -27.9151
370 0.370403 -0.955716 71.5978
370 0.562288 -0.540691 -6.73857
370 1.12544 -0.263809 76.4453
370 0.543821 -0.309254 -56.8421
370 -0.346865 -0.403466 -4.39556
370 0.954649 -0.621588 -54.4761
370 -0.146455 -0.99642 -74.5711
370 0.432292 -0.199687 64.024
370 0.334211 0.481014 -63.806
370 0.705424 0.626786 4.39864
370 -1.02235 -0.709504 27.2639
370 -0.920774 -0.558034 34.021
370 -1.00969 -0.346841 59.5139
370 0.376486 0.977923 -19.9034
370 -0.850655 -0.715253 59.1983
370 0.0510711 -0.577509 58.9271
370 -0.88455 0.785704 59.8208
370 0.955087 0.869906 50.0911
370 -0.751167 0.764096 80.5744
370 -1.1591 0.28962 -59.938
370 1.23863 -0.387124 -37.152
370 0.529161 0.883921 18.6393
370 -0.0271642 0.80816 -70.6133
370 0.919784 -0.223815 -68.9519
370 -1.14803 0.538952 66.9325
370 -0.46202 0.979342 -53.1859
370 0.663755 1.0192 24.7157
370 -0.542774 -0.488019 -28.3011
370 -0.71069 -0.184855 59.8381
370 0.127655 1.22641 48.8838
370 0.184868 -0.576529 50.6652
370 0.831114 -0.948024 45.8632
370 0.0537159 0.669617 61.775
370 -0.783601 -0.516138 -67.2453
370 -1.16422 0.264232 -47.2211
370 -0.809351 -0.915467 78.4653
370 0.202496 -1.00187 -62.4147
370 0.947768 0.390322 -0.411705
370 -0.632625 0.376889 54.3774
370 -0.585618 0.120411 -46.5267
370 -0.543154 -0.532579 27.8223
370 0.220366 0.849662 -21.3502
370 -1.14279 0.365073 2.91812
370 -0.395482 0.724632 -58.7162
370 -0.780863 0.0779728 -29.3877
370 -0.986113 -0.205677 -53.5209
370 -0.654395 0.360765 -72.5548
370 0.699892 -0.661791 70.7681
370 -0.350852 0.961216 10.1189
370 -1.11299 -0.523164 -54.4623
370 -0.582275 -0.616164 13.6367
370 -0.508186 0.757099 61.049
370 0.725337 1.0378 -31.8921
370 0.209455 -1.02513 -74.1203
370 -0.573417 0.221364 4.6405
370 -1.07526 0.207828 -59.7929
370 -0.775045 0.0411498 2.5916
370 -0.285135 -1.03974 20.0633
370 0.998881 0.436361 -69.8537
370 0.595647 0.544592 6.18809
370 -0.991486 0.561334 80.0508
370 0.267694 -0.662428 -62.6132
370 0.71905 -0.467786 45.0997
370 -0.0402031 -0.759642 -61.086
370 -0.226625 -0.455195 2.90005
370 -0.920278 0.660546 61.124
370 -1.06564 0.525661 -52.9486
370 -0.281989 -1.14712 8.61438
370 0.405799 1.01737 -58.3392
370 -1.2635 -0.230743 59.7433
370 1.17475 0.279169 69.6164
370 -0.649213 0.649543 3.66579
370 -0.675286 0.973692 -32.8387
370 1.28369 0.105046 44.419
370 -0.344381 -1.06347 -67.38
370 -0.653661 0.351019 67.12
370 0.5846 -0.257543 76.6705
370 0.568679 0.482336 5.84933
370 -0.132057 0.448501 16.4302
370 -0.845493 -0.228497 73.3338
370 -0.272682 0.421431 -19.6329
370 -0.912129 0.75559 3.7267
370 0.928177 0.0219375 76.4893
370 -0.9073 0.481814 5.18673
370 -0.704996 -0.86948 -16.1384
370 0.953882 -0.518636 7.53252
370 -0.320021 0.518358 -45.9611
370 1.1788 -0.316026 -49.7283
370 0.288657 0.420532 68.6639
370 1.11562 0.323563 43.0731
370 -0.411437 -0.4154 -60.4863
370 -0.581501 -0.797409 -79.6179
370 -0.713467 -0.36529 -72.799
370 -0.522495 0.226215 -40.3072
370 0.168747 1.05292 61.8839
370 1.0179 -0.356333 77.1371
370 0.467779 -0.430485 31.1077
370 -0.854463 -0.665141 66.6865
370 0.103097 0.677746 -57.9073
370 0.914221 -0.778795 -5.12712
370 0.366322 0.77764 -7.00312
370 -0.440577 -0.644824 2.19683
370 0.16278 0.940667 -64.301
370 0.835478 0.102876 20.26
370 -0.431471 -1.08716 -3.32703
370 0.621348 -0.481194 32.6186
370 0.542248 -0.0657956 25.1065
370 -1.17197 0.274259 -45.7265
370 -0.22774 0.882819 -33.6645
370 -0.766328 0.37131 -21.2879
370 0.961244 0.697438 -32.664
370 -0.930726 0.123415 -9.08953
370 0.519773 -0.0771149 30.6694
370 0.983983 0.532822 6.24346
370 -0.780055 -0.835741 -4.20466
370 -1.07768 -0.281522 66.1843
370 -0.957687 -0.0423692 47.7886
370 0.991434 0.610324 38.1475
370 -0.927655 -0.491845 -27.3388
370 0.628542 0.00477096 0.882749
370 0.315443 0.626334 -43.6314
370 1.24912 0.349539 56.7367
370 -0.726011 0.451504 -59.2584
370 -0.0238763 -0.834043 -61.3872
370 -0.502642 -0.756687 -35.5222
370 0.395998 0.472005 24.9641
370 -1.22658 0.161015 -15.5384
370 0.620648 0.231888 69.1623
370 -0.604433 0.832335 -39.2964
370 0.0535414 -0.663982 77.8058
370 0.982705 0.242871 -63.9791
370 0.818086 -0.356492 7.56743
370 0.98157 -0.576648 -49.5895
370 -0.16729 0.956528 -52.2176
370 -0.469179 -0.0306897 58.8406
370 0.327955 1.17165 61.3527
370 -0.393316 1.1306 11.1377
370 -0.629867 -0.265154 22.8602
370 -0.711054 0.698437 -71.4971
370 -0.295709 0.998586 -65.3517
370 -0.746556 -0.790046 -28.717
370 0.440569 0.23421 25.3841
370 0.397714 1.04902 -44.9178
370 -0.0970652 -0.888149 -62.0531
370 -0.266939 -0.71654 84.3543
370 -0.961152 0.0734308 -28.2869
370 -0.0684947 -0.734696 52.4943
370 -0.712475 0.554594 74.4091
370 -0.496332 0.67241 -58.7592
370 -0.599491 0.71835 80.7727
370 0.243845 -1.01725 -54.8959
370 -0.846322 0.41236 -34.5264
370 -0.242194 0.505118 61.4689
370 0.676927 0.172807 31.1886
370 -0.782895 0.277695 22.5086
370 -0.220786 1.19447 62.2472
370 -0.225991 1.2648 -51.7003
370 0.485481 1.04504 62.4992
370 0.478315 1.10131 -45.8707
370 0.0193899 -1.0668 59.4681
370 1.08053 -0.341032 5.79692
370 -0.638787 0.943346 -33.2704
370 0.509238 -1.17073 -55.0004
370 0.185459 0.486895 -51.8051
370 -0.707833 -0.946628 64.9086
370 -0.512106 -1.10843 2.00714
370 -0.411049 0.474282 46.9416
370 -0.97345 -0.358599 -60.3852
370 0.900178 0.692024 -76.4512
370 -0.333248 -0.732835 72.0778
370 -0.11418 -1.10441 -41.3784
370 0.826814 -0.566865 -62.036
370 -1.07729 -0.520902 -10.1329
370 0.908434 0.591193 69.0467
370 0.323475 0.861008 74.952
370 -0.100062 1.1964 29.5671
370 0.737907 -0.483259 -68.7189
370 -0.967436 0.50222 -71.7467
370 -0.684485 1.05276 80.2107
370 1.02665 0.15318 76.2792
370 -0.728416 -0.625239 60.4372
370 -0.903911 0.0180716 -72.2665
370 -0.635937 0.82762 -15.0366
370 0.680144 0.629384 -13.2137
370 -0.711546 -0.780164 65.7506
370 0.572831 -0.836222 83.8051
370 -0.338958 -1.09236 -28.3095
370 -0.271562 -0.621937 53.5997
370 0.244199 -0.916497 65.7638
370 1.0404 -0.329176 -62.9629
370 -0.168788 0.51949 -20.8916
370 -0.795141 -0.00962363 67.6379
370 -0.402006 0.914292 -64.922
370 0.0483838 1.17267 -19.8093
370 0.789159 -0.52132 -42.9209
370 -0.983752 -0.793936 21.4135
370 0.283056 0.945366 -58.9409
370 -0.114979 1.12698 22.7688
370 -0.516528 -0.0382808 -15.0038
370 0.490957 -0.352932 58.2122
370 -0.518736 0.53081 79.9548
370 0.849555 0.609155 0.189909
370 -0.00794294 0.547437 37.0737
370 -0.486702 0.49792 61.0178
370 0.58555 -0.62863 64.1218
370 -0.905551 -0.800682 -23.0481
370 -0.370031 0.457064 73.6321
370 -0.271914 -0.854146 -29.2462
370 0.265455 0.830049 75.4366
370 -0.345039 -0.674171 -24.2418
370 1.14871 -0.609284 19.712
370 -0.101702 -0.695792 77.5185
370 0.475107 -0.775086 84.0686
370 -0.856463 0.0920187 -65.7075
370 0.129971 1.07835 -19.2111
370 -0.438257 0.973664 -58.4459
370 -0.81394 -0.343292 65.9545
370 0.969368 0.182009 64.0346
370 -0.276146 -0.665893 27.4541
370 -0.336359 -0.77936 71.6419
370 -0.149824 0.751253 75.0428
370 -0.464549 -1.06531 71.7666
370 0.893133 0.465586 24.6637
370 0.142415 0.432325 -33.4064
370 -0.151358 -0.775422 -30.0614
370 0.753653 -0.626229 -60.3693
370 -1.02398 0.0448598 79.7177
370 -0.944812 0.41098 -53.5212
370 -0.663697 0.082681 -40.6889
370 0.126002 0.914205 74.7647
370 -0.413162 0.639152 -14.8047
370 0.634854 -0.560478 -63.1553
370 0.695572 0.474973 -6.48474
370 0.92742 0.769698 62.6706
370 -0.205633 1.22687 -51.1883
370 0.0739503 0.642865 10.7971
370 -0.817221 -0.151408 34.4141
370 0.442398 -0.958268 -67.8963
370 -0.0972155 0.603174 22.5466
370 0.495736 -1.10831 71.1286
370 0.928517 -0.930409 -61.8025
370 -0.686672 0.806623 29.818
370 -0.006771 0.897708 -8.08221
370 -0.531474 0.466863 23.7582
370 0.393313 0.554792 -51.2482
370 0.866112 -0.555406 64.4634
370 0.163098 1.16277 -33.5224
370 -1.05535 0.59524 61.3877
370 -0.148455 1.00399 -64.2844
370 0.450835 -0.994622 -74.4218
370 0.942886 -0.565922 37.2664
370 0.301887 -1.04566 -10.6676
370 -0.420722 -0.260937 -40.8423
370 0.817364 -0.0882144 -75.2943
370 0.441342 -1.10195 -55.0827
370 -0.754727 -0.156735 -9.03447
370 -0.492291 -0.871861 78.3869
370 1.03085 -0.0883841 19.6147
370 -0.384374 -0.428091 -3.15504
370 1.08526 -0.199679 37.8973
370 -1.06773 -0.0125487 66.8277
370 -0.625731 1.01953 -14.5298
370 0.234682 0.764351 61.9147
370 0.439527 0.592776 69.2685
370 -1.08867 -0.21489 -41.5422
370 -0.560683 -0.300076 2.61368
370 -0.439235 0.731899 4.81357
370 0.592664 -0.00315556 -75.7397
370 0.68412 -0.263131 -75.4865
370 0.508707 0.954541 5.81034
370 0.0321404 0.867725 -64.2975
370 0.176214 -1.09029 13.2477
370 0.329962 -0.441144 71.3233
370 -0.53498 0.787337 -59.054
370 -0.511311 -0.22754 10.1005
370 -0.660001 0.435596 -65.1364
370 -1.15228 0.116398 60.5236
370 -0.872376 0.886087 -8.21472
370 -0.237852 0.802684 -45.6517
370 -0.601244 0.341925 -78.67
370 0.0682935 -0.883748 -62.0512
370 -0.483978 0.322799 -20.897
370 -0.795004 0.245353 61.2195
370 0.604935 -0.410975 70.1456
370 -0.177371 1.27181 -26.6577
370 -0.524685 -0.394489 -55.0627
370 -0.877958 -0.074318 -15.8097
370 -0.113959 -0.877508 64.9282
370 -0.800622 0.55962 -52.604
370 0.567682 -0.198228 50.5448
370 -0.216151 0.94177 5.25791
370 -0.642954 -0.985989 -3.83175
370 -0.718229 -0.0561187 -9.50185
370 0.964627 0.128123 37.8917
370 -0.452864 -1.13267 -16.3248
370 0.324208 0.509207 12.4398
370 -0.220883 0.966915 -64.8362
370 -0.498594 0.392499 -46.3817
370 0.49534 -1.12261 7.34512
370 -0.713589 0.299988 -66.8446
370 1.05547 -0.051267 37.7978
370 0.198414 0.627881 -52.0379
370 0.41559 -1.06894 2.55906
370 0.746968 0.357541 -50.6277
370 -0.75251 0.783491 -1.53583
370 0.0741999 0.577993 -51.9822
370 -0.602581 -0.482006 52.8271
370 -0.512084 -0.905426 -22.4966
370 1.25088 0.129043 18.7454
370 0.396389 0.326944 -50.3359
370 0.0247697 -0.801394 64.8647
370 0.253855 0.472599 81.3119
370 -0.776377 -0.388271 -3.15567
370 0.342933 0.674062 -0.659341
370 -0.00632257 0.789777 49.202
370 -0.77708 -0.133233 61.4084
370 0.687713 -0.635728 52.0805
370 1.04816 0.499911 -64.0481
370 -0.526147 -0.573605 -66.7944
370 -0.958939 -0.81285 59.3851
370 0.332379 -0.825085 -62.1958
370 -1.22471 -0.0204557 -15.1033
370 -0.935004 -0.545264 -79.4487
370 -0.764438 -0.546951 34.8509
370 -1.09714 -0.619719 -41.7831
370 -0.524346 -0.414349 72.3417
370 0.922162 -0.869411 45.7703
370 -0.0902049 -0.963432 58.7589
370 -0.396657 -0.694514 40.2998
370 0.530024 -0.797516 -61.6177
370 1.0251 -0.73374 6.49533
370 0.467447 -0.718818 64.3245
370 -0.487002 0.559214 -77.7337
370 -0.608801 -0.0944116 -14.751
370 1.05292 0.333924 49.0188
370 0.920922 0.785515 81.9201
370 0.48964 0.54939 81.5895
370 0.0531395 -1.15746 14.2887
370 0.189911 -0.861085 -48.8846
370 0.793625 0.37003 -82.9491
370 -0.895008 0.617793 74.0119
370 0.245374 1.06024 -71.4928
370 1.06174 -0.768524 -56.1858
370 -0.0534012 -0.564344 -54.8636
370 0.614216 -1.10773 -55.0715
370 -0.172467 -0.643624 -54.6694
370 0.914448 0.524232 -70.0067
370 1.18367 -0.0834972 -36.4587
370 -0.74972 0.149426 -66.2015
370 -0.314098 -0.456297 -60.9164
370 0.225299 -0.522634 71.7152
370 0.675253 -0.957122 52.5641
370 0.369849 0.557197 37.0868
370 0.977109 -0.0922257 76.4301
370 -0.133866 -1.18986 13.931
370 0.845679 0.725215 69.7004
370 0.821345 -0.448704 -49.2569
370 -0.134101 -0.870713 -61.4184
370 -0.77093 0.70281 73.4869
370 -0.695318 0.217041 -72.8988
370 -1.2445 -0.130191 -28.4012
370 0.70744 0.422822 -63.7989
370 0.699839 0.245531 6.45428
370 0.358086 1.14067 -44.3435
370 -1.00914 0.723885 35.7541
370 -1.08405 -0.449774 66.1314
370 -0.991722 0.364758 -14.8097
370 -1.08823 -0.267147 40.5892
370 0.391183 0.496952 -26.4153
370 1.03942 0.262521 31.0972
370 0.798135 0.273116 -82.5708
370 -0.736017 0.877212 -52.7139
370 -1.21512 -0.119752 66.6715
370 -0.99103 -0.510871 59.4627
370 0.491843 0.238157 56.6374
370 -1.05602 -0.0653938 85.8083
370 0.236364 -0.613831 -74.3882
370 0.820644 -0.232185 31.7888
370 -0.210778 0.562452 35.2221
370 0.777887 -0.749114 -29.9458
370 -0.592592 0.94316 74.1388
370 -0.00836588 -0.825306 34.6835
370 0.503215 -0.806236 6.70612
370 -0.240567 0.582192 67.9428
370 -1.1098 -0.502231 16.0745
370 0.677923 -0.745141 -9.97234
370 0.954529 -0.171997 32.1607
370 0.366346 -0.422033 76.7919
370 1.11998 0.173928 -56.5789
370 -0.910623 0.782908 -2.75456
370 -0.946611 0.185758 -66.5351
370 -0.99661 -0.0912749 40.736
370 0.323954 -0.593199 25.8205
370 -0.971049 0.0794061 -29.1949
370 0.332964 0.854722 -57.9106
370 0.833449 -0.303206 -36.9879
370 0.00994937 0.76303 80.8853
370 -0.820864 -0.967104 58.7844
370 0.889629 0.663406 -64.2805
370 1.2552 0.326222 31.2425
370 -0.658732 0.104601 -66.2979
370 -0.58453 -0.131205 41.4117
370 -0.0459579 0.68517 5.47235
370 0.934915 0.674856 0.486467
370 0.789842 0.721312 -7.0729
370 -0.670594 -0.121443 60.3163
370 0.64832 0.721507 49.6998
370 -0.879179 -0.105656 -59.5871
370 0.68286 0.350917 -44.4594
370 1.01802 -0.515168 -30.8006
370 -0.988876 -0.0805204 -54.2842
370 0.842544 -0.671939 71.0568
370 -0.89454 0.183381 -72.3076
370 -0.887696 -0.847796 -47.063
370 -0.60926 0.659895 10.884
370 -0.675666 -0.106726 -9.49567
370 0.68835 0.165063 -51.7613
370 0.471222 0.707174 30.7788
370 0.515745 -1.09376 65.13
370 -0.147149 -0.951703 8.18584
370 -0.294285 0.74779 67.7505
370 0.667224 -0.923568 56.8173
370 -0.603116 -0.486851 60.4283
370 -0.155997 1.14687 -45.173
370 0.291236 0.607831 -64.6773
370 -0.345413 0.626734 80.5315
370 0.202061 -0.800694 77.2465
370 -0.679751 -0.44724 9.41603
370 0.388652 0.389957 11.1708
370 1.12302 0.100198 49.1895
370 0.38019 -0.894248 -5.85106
370 -0.592457 -0.461473 -54.535
370 0.608949 0.66697 37.4294
370 0.501869 -0.880434 58.72
370 0.267631 0.406795 -51.4284
370 0.0535107 -0.650614 7.77617
370 -0.271727 0.744622 -71.6444
370 -0.766752 0.631278 68.1729
370 -0.551883 -0.0225092 -60.0602
370 0.795571 0.437129 7.13367
370 0.466936 -0.594857 -74.719
370 1.03258 0.687849 -18.5326
370 0.492613 -1.04088 71.7515
370 -0.893545 0.366167 -71.8954
370 0.387256 1.0236 -32.8516
370 -0.104256 1.15088 -1.56654
370 -0.864441 0.494524 41.8175
370 0.572289 -0.880191 -28.8923
370 -1.01561 -0.508113 -60.9441
370 -0.052232 -0.632107 65.0604
370 -0.762288 0.987596 67.8606
370 0.315931 -0.576956 38.8079
370 -0.440953 -0.731025 65.2646
370 0.821532 -0.982414 70.7792
370 -0.569818 -0.303711 -67.416
370 -0.657696 -0.450876 -73.0149
370 1.06199 -0.105858 39.1782
370 -0.478471 -1.17091 58.343
370 -1.0613 0.25089 -28.4436
370 -0.101098 1.03175 -58.8252
370 0.039912 -1.19789 64.0033
370 0.742099 0.226596 76.0757
370 0.73924 -0.22997 19.5945
370 0.462592 -0.796251 -11.6221
370 0.783111 0.981129 -6.94897
370 1.06689 0.72641 49.9666
370 0.611756 -0.29681 -50.5499
370 0.169123 0.988844 62.102
370 -0.858818 -0.145206 16.439
370 -0.0657732 -0.490258 32.7857
370 -0.759055 -0.647546 -54.6599
370 -0.364428 1.02307 -58.4742
370 0.182945 1.04116 -70.3736
370 1.19579 0.453493 -62.586
370 -0.465405 -0.449392 22.4038
370 -0.247619 -1.06053 -16.3218
370 1.10397 -0.508363 -5.70396
370 0.527709 -0.940441 -67.8404
370 -0.939588 0.486294 67.0618
370 0.592416 0.385301 -36.5709
370 -1.18903 -0.389677 15.8274
370 -0.577737 0.0589405 79.3638
370 -0.0343615 -1.09104 13.5458
370 1.21543 -0.343293 -50.3394
370 0.459065 1.16409 49.2515
370 0.644734 -0.437461 70.4296
370 -0.620958 0.540261 -32.6807
370 0.642377 0.86285 -12.8322
370 -0.797184 0.375497 -47.3359
370 0.107054 0.776071 0.0847215
370 0.791577 -0.554639 71.1561
370 0.682206 -0.840445 71.5355
370 0.658087 -0.0424268 25.7147
370 -0.606398 -0.331472 -66.4138
370 -0.957096 -0.632704 66.1282
370 0.341436 -0.686201 -43.2758
370 0.562344 0.860665 37.2658
370 -0.36015 0.307377 54.763
370 1.01215 -0.856816 -55.5313
370 0.244291 0.674841 -25.9852
370 0.999386 -0.688437 68.9868
370 -1.13149 -0.263093 9.95249
370 -0.578239 0.90567 -52.3472
370 1.22625 0.00965811 -6.95956
370 1.00445 -0.189181 0.123878
370 1.14401 -0.443499 6.79178
370 -0.56243 0.316225 79.5517
370 -1.20611 -0.0493888 -47.5074
370 0.0641209 -0.539484 77.4338
370 0.55027 0.725567 25.5366
370 -0.902017 0.129348 -65.933
370 -0.626395 -1.01693 -34.7199
370 0.43638 -0.274918 32.6669
370 -0.825005 0.0493495 -59.7765
370 1.17429 -0.222839 6.7423
370 0.107975 -0.911375 -11.5738
370 0.783561 -0.320671 24.4195
370 -1.02743 0.171971 -59.5368
370 -0.670187 0.944451 67.9698
370 0.325971 1.21185 -44.629
370 0.7653 0.747605 75.7834
370 0.36444 0.804171 -45.1321
370 0.155332 -1.06469 78.1958
370 0.843462 -0.691004 -68.9165
370 0.268645 -0.54684 64.5597
370 -0.790695 -0.575156 72.142
370 -0.760441 -0.209665 -72.6071
370 -0.654862 -0.777126 -35.6629
370 0.328939 -0.992376 -61.3223
370 0.76142 -0.553096 -68.4938
370 1.18392 0.144327 -55.4195
370 -0.03561 0.581675 36.6266
370 -0.71191 -0.393957 -48.6152
370 0.0425969 -1.01672 -16.9577
370 0.93265 -0.0468884 -75.5509
370 -0.411734 -0.607473 -36.2516
370 -0.893385 0.542666 -51.4125
370 0.156479 -0.434855 13.4625
370 0.0283965 0.752307 74.1852
370 0.0898882 1.22795 -13.3061
370 0.303683 -0.669668 45.0632
370 0.0100014 -0.560833 64.8926
370 -0.0812232 -1.16908 53.1825
370 -1.05027 -0.133955 -58.4366
370 -0.0675212 0.742828 -38.9748
370 -0.368704 1.0837 74.6796
370 0.775749 -0.471572 38.4776
370 0.483213 0.653259 5.95478
370 0.0254995 -0.492291 2.14207
370 0.770212 -0.399975 -69.3103
370 0.733579 -0.286903 51.0472
370 0.609897 0.442237 43.4459
370 -0.755285 0.307516 47.5146
370 -0.339733 -0.936654 -73.7624
370 -0.527222 0.161868 65.3993
370 -0.930987 0.270519 -72.3964
370 -0.361826 -0.558618 -60.6539
370 -0.948861 -0.139044 35.165
370 -1.2519 -0.0626449 -22.1408
370 -0.513399 1.10929 61.7531
370 -1.05341 0.634968 61.1854
370 -1.01314 -0.373801 -58.4756
370 -0.592785 1.05249 -71.2054
370 0.784857 -0.842365 -74.9272
370 -0.951714 0.172688 34.6093
370 -1.07196 -0.326155 29.0889
370 0.669284 0.472647 43.9162
370 -0.301299 0.665402 -64.7659
370 -0.189599 1.18978 62.0444
370 1.04348 0.560368 44.2929
370 0.570629 0.265391 12.0508
370 -0.574925 -0.74181 40.5572
370 -0.616797 -0.564193 71.8356
370 -0.406846 -0.652924 65.2923
370 -0.77616 -0.466935 22.0012
370 -0.00469755 -0.717657 83.7164
370 1.08555 0.296366 69.4005
370 -0.577931 -0.636752 3.24298
370 0.919511 -0.0808185 -69.5396
370 1.02742 0.297876 -63.0759
370 -0.847247 -0.482929 34.0274
370 -0.779514 -0.239047 72.9245
370 0.672007 -0.215974 37.8688
370 1.04227 -0.449014 76.2368
370 -0.685047 -0.99691 65.0983
370 -0.178316 -0.935174 -67.3175
370 0.708343 0.668828 -63.9106
370 -0.757114 -0.623687 72.1534
370 -0.730569 -0.803497 78.59
370 0.72599 0.0686685 -56.7491
370 -0.0667574 1.02417 5.6919
370 0.428859 -0.600535 64.2592
370 0.718307 -0.53919 -56.302
370 0.556424 -1.11514 -61.6942
370 -0.115285 0.867299 86.8827
370 -0.558199 0.534238 -59.3707
370 -0.551691 1.00818 67.7992
370 -0.892001 0.741299 -20.2291
370 0.512807 -0.430037 25.9485
370 -0.39191 -1.16139 8.88102
370 -1.11038 0.564325 -40.6622
370 0.766679 -0.984247 -61.7948
370 0.236652 -1.08153 32.2689
370 -1.01 -0.149311 -4.29641
370 -0.450325 -0.794324 79.1856
370 -0.917499 -0.47943 72.509
370 -0.585546 -0.409563 40.1975
370 -0.170333 0.634741 61.437
370 0.371217 -0.447369 27.5796
370 0.983177 -0.306754 1.61137
370 0.408006 -1.19014 -55.2342
370 -0.624694 0.0120903 -21.5498
370 -0.982228 -0.254759 -34.6721
370 0.93671 -0.680048 -56.1187
370 -0.442103 -0.104623 52.7502
370 -0.293647 0.500597 -71.528
370 0.532296 0.770197 -57.4939
370 -0.663948 -0.277443 17.0888
370 0.799658 -0.503947 -4.63172
370 -0.938118 -0.0316988 -15.3873
370 0.752218 0.15902 70.5704
370 -0.365134 0.987004 -52.0372
370 -0.900998 -0.177747 -21.8619
370 -0.689428 0.160349 -33.8802
370 0.895912 0.351272 76.0073
370 0.424024 1.09483 -58.0898
370 -0.26485 -0.468722 47.1599
370 -1.03166 0.608129 -59.5034
370 -1.20418 0.251661 -53.4198
370 1.06587 -0.155047 0.623729
370 0.962532 -0.35909 -56.3802
370 0.139358 0.791117 68.189
370 -0.365935 0.833561 74.6531
370 1.24617 -0.313474 7.07375
370 -0.462155 0.752413 36.4578
370 0.26867 0.994759 -7.68137
370 0.68608 -0.144635 1.65025
370 -0.848451 -0.813312 -28.6823
370 0.404153 -0.792157 77.2227
370 -0.0352513 -0.965272 77.649
370 -1.20945 0.227584 -53.2082
370 -0.397177 0.502799 -32.4129
370 0.901745 0.0545237 -6.64481
370 0.5249 0.463564 -51.0413
370 -0.202646 0.487727 -52.2856
370 -0.125574 0.817987 68.7607
370 -0.425367 0.671663 -6.98757
370 1.2047 -0.103064 -17.9098
370 0.175371 0.455983 49.6498
370 0.551156 0.235108 69.1536
370 0.744014 -1.00847 -68.4315
370 -0.70719 0.538462 -45.9413
370 0.628705 -0.286937 -55.9886
370 -0.16404 -1.03038 27.8928
370 0.340592 0.639994 43.7
370 -0.817917 0.808886 23.7863
370 -0.204731 1.0682 4.5861
370 -0.984134 -0.278776 72.7413
370 0.374875 -0.773587 -17.7467
370 -0.416491 -0.715022 -66.9998
370 0.920241 0.835061 -51.5326
370 0.361104 0.468896 63.316
370 0.483336 -0.871234 -68.2658
370 -0.810116 -0.266197 72.2627
370 -0.640228 -0.202657 -61.2353
370 -0.938519 -0.293292 72.9002
370 -0.529881 0.865064 4.34168
370 1.15343 -0.430852 7.56462
370 0.312563 -1.11331 19.6787
370 -0.820975 0.396291 -59.1576
370 1.09332 -0.267093 -56.5676
370 0.980454 -0.4249 -37.7705
370 -0.724286 0.22322 -8.49178
370 -0.360459 -0.323792 65.8762
370 1.22197 0.267687 63.3449
370 0.140004 -0.466821 46.5345
370 0.776279 0.522618 -76.2564
370 0.571359 0.0390771 57.0584
370 -0.738245 -0.411292 -73.1477
370 0.522856 -0.0446976 1.46073
370 0.0201509 -1.00895 20.4512
370 -0.961704 0.276272 4.09346
370 0.982695 0.469763 49.7316
370 0.666611 -1.11325 -55.4149
370 -0.396979 -0.466305 46.6495
370 0.661754 -0.599075 -75.1764
370 -0.154242 -0.908682 77.946
370 0.832262 -0.647816 32.7959
370 -0.858921 -0.541027 39.5034
370 1.135 0.457936 6.1501
370 -0.257687 -1.19164 33.9417
370 0.794852 0.074709 37.9325
370 0.622725 1.02396 62.5254
370 -0.746165 0.123365 60.7258
370 -0.482322 0.0961053 -53.873
370 -0.593526 -0.958833 -54.9027
370 -0.0429231 0.903697 -58.0268
370 0.752627 0.541947 81.4708
370 0.786096 -0.70272 -25.3752
370 -0.555636 -0.960961 66.2802
370 0.343295 -0.73788 13.9122
370 -0.0562282 0.620262 -39.4633
370 -0.330584 1.06268 10.0169
370 1.06349 0.382503 75.5513
370 -0.622667 0.0954705 85.6247
370 -0.660146 1.06973 -58.2865
370 1.03563 0.238953 -57.2313
370 0.66155 -0.211762 83.3939
370 -1.06376 0.171068 -27.6268
370 0.604774 -0.118742 -0.121625
370 -0.0237937 0.818718 -59.0785
370 -0.992108 -0.0451002 2.05745
370 0.669174 -0.825589 -5.15825
370 0.136901 -1.18561 71.4565
370 0.713825 0.495586 35.8868
370 -0.336077 0.84138 74.388
370 0.494443 0.830635 68.4261
370 0.152113 0.446974 -13.0002
370 0.238259 -0.758323 -68.1742
370 -0.256858 -1.10971 58.5961
370 0.0542292 -0.766023 -55.1735
370 0.814816 0.0341975 42.985
370 0.290102 0.742072 -7.82775
370 1.01699 -0.711769 7.14539
370 0.716416 -0.882603 -49.7737
370 -0.0553224 0.819922 87.6481
370 1.01709 0.455726 31.5662
370 0.881187 0.200446 -6.21506
370 0.651475 0.407463 76.5485
370 -0.776456 0.127838 -40.6706
370 -0.0775475 0.703679 -70.9158
370 0.356209 -0.365508 -18.115
370 -0.874166 -0.832217 15.049
370 -0.879877 -0.414141 29.4691
370 1.30238 -0.104711 -5.93932
370 -0.189862 0.898279 -65.4202
370 -0.797501 -0.472753 -73.1131
370 0.460113 0.498596 -14.583
370 0.463144 -0.655637 -55.3882
370 -0.0337012 -0.586178 -16.4519
370 -0.345226 1.06578 -1.02725
370 -1.05893 -0.367575 66.919
370 -1.09786 -0.151408 -59.8255
370 0.582323 -0.703439 -68.7391
370 0.245695 1.07953 -13.2137
370 -1.11176 0.285644 66.8253
370 -0.524312 -0.26574 1.96896
370 0.855762 -0.226519 76.1206
370 -0.297968 -0.845395 -24.0487
370 1.10497 -0.340678 19.9471
370 -0.176871 1.23205 36.6059
370 0.724263 -0.801687 71.474
370 -0.432286 0.817435 -40.2092
370 -0.568488 -0.940249 33.3939
370 -0.0514572 -1.07225 65.7307
370 -0.695544 0.490089 -65.6117
370 0.292147 0.343245 -57.7507
370 0.944199 0.199268 -5.84183
370 -0.941501 0.670321 -46.183
370 0.0666261 0.525095 -2.01869
370 -0.570499 -0.431872 -73.7641
370 1.13401 0.1602 -50.5707
370 -0.378251 -1.13811 13.8624
370 -0.97245 -0.757246 20.9815
370 0.871998 0.339947 -69.5524
370 0.723995 0.322781 -44.6713
370 0.651417 -0.510149 -55.8323
370 0.520033 0.957953 -64.646
370 0.537771 0.278615 69.8701
370 0.336117 -0.83157 -29.6663
370 -0.36814 -0.330717 8.19847
370 0.356377 -0.952758 -29.6373
370 -0.647269 0.626704 73.7958
370 0.271692 -0.853206 -68.6495
370 -0.312552 -0.554652 52.7625
370 -0.582626 -0.0840997 78.8864
370 0.678287 -0.446783 -6.66812
370 0.697132 -0.446584 -55.8633
370 0.897853 0.634496 56.571
370 0.605664 -0.955901 -61.8803
370 1.07944 0.629463 -51.0066
370 -0.719112 -1.05339 -28.8318
370 0.476174 -0.739291 -31.5108
370 -0.110119 1.10285 -58.4041
370 1.29619 -0.0465122 19.4894
370 1.07864 -0.479313 -11.364
