200 -0.592765 -1.05194 34.6309
200 0.691473 0.601774 38.3347
200 0.43663 -0.949449 -24.5793
200 -0.692359 0.730762 42.9845
200 -0.929278 -0.615936 2.32337
200 -1.27413 -0.00896963 28.7146
200 -0.474074 0.524701 -40.4966
200 0.581104 -0.282527 45.3967
200 -0.867437 -0.499778 40.6295
200 -0.666254 0.229478 -34.9098
200 0.457483 -0.239821 45.3579
200 0.666848 -0.835886 33.7624
200 -0.668869 0.98521 22.4238
200 -0.733018 0.999327 -27.5259
200 -1.12401 0.457331 -22.0115
200 0.529383 0.39976 -32.0898
200 -0.791953 -0.78792 2.67533
200 0.21714 0.733412 -20.011
200 0.0202211 -0.897242 -36.0865
200 -0.826732 0.495912 -8.7839
200 0.512205 -0.745582 -11.4918
200 0.618865 -1.0786 -23.9978
200 -0.390354 -0.929863 40.6202
200 -0.114257 0.680834 30.0549
200 0.451488 -0.947983 33.3311
200 -0.219974 -1.18974 8.08469
200 -1.00249 0.549749 -15.1961
200 0.74721 -1.03327 -23.9086
200 0.627093 -1.09301 8.1291
200 -0.00957403 -0.631901 -36.0691
200 0.212325 -0.500023 -11.5285
200 -0.0509083 -1.15128 20.125
200 0.712624 0.478602 43.7685
200 -0.53254 0.459706 -21.4419
200 0.88148 -0.185282 44.8738
200 0.287928 0.747064 36.9549
200 -0.963096 0.36552 -27.4924
200 0.322064 1.09669 -7.08627
200 -0.290341 0.412588 10.1735
200 1.18201 -0.348581 -31.113
200 1.23788 -0.111683 0.510493
200 0.448481 -0.83297 -30.1569
200 -0.815034 0.115201 48.0498
200 0.760257 0.6658 23.1987
200 1.21301 0.355905 12.1921
200 -0.81962 0.695964 36.0608
200 -1.10894 0.166091 -28.6634
200 0.759542 0.538439 -32.0081
200 0.976198 0.366954 44.0226
200 0.404369 0.443586 31.0662
200 0.0539765 0.737644 19.2213
200 0.00498829 -1.16895 13.9596
200 0.609111 0.872043 30.9493
200 -0.580618 0.610814 35.8923
200 -0.22071 -1.13297 34.456
200 -0.856824 -0.453008 -41.5467
200 0.886511 -0.344175 -37.2602
200 -0.84099 0.0449241 35.7841
200 0.291025 0.899343 -26.2657
200 0.970936 0.011452 33.1537
200 1.06518 -0.164627 32.3475
200 -0.908287 0.620225 -34.0789
200 -0.658647 -1.00845 8.67064
200 0.830505 -0.101495 33.3645
200 0.0533198 -0.904198 -36.0299
200 0.451314 -0.773802 40.4496
200 -0.439462 -1.1009 -17.5383
200 -0.279563 0.464528 -14.0308
200 1.16978 0.218255 25.1786
200 0.878958 0.860705 31.0938
200 -1.24822 -0.212877 28.0998
200 -0.0477022 0.465793 18.7027
200 1.2106 0.0252506 32.5434
200 0.873677 -0.867187 -24.1548
200 0.805496 0.000234818 25.6236
200 0.994009 0.254196 44.3677
200 0.89486 -0.199098 -32.0279
200 -0.73232 0.3378 -27.6952
200 0.00728303 0.552892 -12.7346
200 -0.952166 -0.526063 21.3845
200 0.0308708 -0.692563 33.4702
200 0.460062 0.747029 -32.3431
200 0.501871 -0.719135 -30.6185
200 -0.383933 0.507366 -28.4637
200 0.486626 -0.992558 46.4483
200 1.00402 0.779967 24.4039
200 0.678814 -0.200138 0.72374
200 -0.862837 -0.358748 28.2137
200 0.759216 -0.668226 -30.6629
200 -0.582819 0.91925 -27.0042
200 0.452267 -1.01525 33.7051
200 0.778843 0.854903 31.8131
200 0.0362752 1.08951 -27.4888
200 -0.380384 -0.818162 33.8626
200 0.827819 -0.120994 -31.5823
200 -0.201801 1.24346 -20.2119
200 -0.484126 -0.0428522 16.3711
200 -0.916599 0.753216 -21.2128
200 0.208766 0.863935 30.5241
200 0.357355 1.13889 37.3136
200 -0.377315 0.834785 42.8418
200 1.19328 0.285047 31.7022
200 0.791883 0.553866 31.2112
200 -0.732647 -0.516799 47.3376
200 0.539981 0.219888 -25.5816
200 -0.132601 1.10149 30.8766
200 0.388662 -0.71206 33.1391
200 0.478181 0.953943 30.8683
200 0.833037 -0.973303 -30.5417
200 -0.013362 1.10331 36.6708
200 -0.20692 -0.552782 34.5317
200 -0.99475 0.465474 -21.6567
200 0.807084 -0.306196 26.1372
200 1.23421 0.395987 25.3452
200 -0.0109237 -1.01429 2.09947
200 -0.966307 -0.730733 34.4375
200 0.76906 -0.0890131 19.1136
200 0.202037 0.610489 49.8362
200 0.726719 0.207435 31.985
200 0.346886 -1.02605 39.5685
200 0.260296 1.14446 37.005
200 -0.070654 0.799934 -26.689
200 -0.595695 -1.1136 21.2471
200 0.847294 0.0137469 -37.8673
200 -0.916486 -0.796652 34.7318
200 1.16748 0.0878734 -25.1201
200 0.539357 1.07409 23.7164
200 -0.279049 1.09567 -21.5696
200 0.676254 -0.506172 -37.8707
200 0.915251 0.279341 -25.5587
200 -0.576854 0.467685 42.7364
200 1.0536 0.250137 -6.15055
200 0.450859 0.597154 44.6111
200 0.632224 -1.05442 33.6225
200 1.11362 -0.190941 1.61653
200 0.650129 -1.01718 33.83
200 0.674715 -0.845602 -24.0839
200 0.173425 0.981329 -26.51
200 0.809789 0.233468 -37.9348
200 0.581471 -0.20217 -31.3619
200 -0.104053 0.715888 30.3119
200 1.08723 -0.283853 30.8494
200 0.238322 1.21274 11.4795
200 -0.557677 0.762722 9.29601
200 -0.127159 -1.07221 -23.413
200 -0.535937 0.279172 -28.7943
200 -0.444015 -0.754915 -35.4999
200 0.0365724 -0.506959 28.0047
200 0.295332 -0.651543 -36.9653
200 0.61809 -0.141746 39.0545
200 0.0674383 0.926995 -33.1943
200 -0.60369 0.411784 35.7135
200 0.82134 0.85323 31.3276
200 -1.0277 -0.664579 28.094
200 1.04921 -0.152404 7.70269
200 0.646791 0.91866 -33.0574
200 0.359738 0.964399 -26.4066
200 1.03396 0.603167 -5.99218
200 -0.842527 -0.443108 -35.8002
200 -0.762935 -0.32094 47.6351
200 1.22552 -0.418914 -12.2732
200 -0.811912 0.342233 22.5918
200 0.277148 -1.13588 33.7365
200 -0.844688 -0.196202 -34.849
200 -1.23563 -0.0828428 35.1233
200 1.22599 -0.182239 -12.0549
200 0.52263 -0.483904 21.4355
200 0.884179 0.504939 -0.0443631
200 0.388882 1.01874 -6.52924
200 -0.722629 0.781522 -8.0895
200 -1.00049 -0.319273 34.5698
200 -0.941172 0.772551 -2.74389
200 0.703461 -0.658726 45.5993
200 0.865421 0.214777 -31.5825
200 -0.0664951 1.17151 18.2192
200 -0.708075 -0.366273 41.6087
200 -0.249587 0.618203 36.5417
200 1.05722 -0.337867 -18.3645
200 0.844659 -0.274362 33.3862
200 -1.05776 -0.146645 35.5399
200 0.700679 0.316372 -38.6575
200 -0.201311 -1.19051 21.6738
200 1.10779 -0.400381 -31.3956
200 -0.506805 -0.814938 -35.7119
200 -1.20126 -0.448738 28.3209
200 -0.0763129 -0.820589 -30.2672
200 -0.22848 -0.699707 -35.9196
200 0.468668 0.70924 37.9338
200 0.161032 1.1482 -1.71402
200 0.536594 -0.808186 -18.8589
200 0.188283 0.52109 19.053
200 -0.132373 0.709871 43.0562
200 -0.918882 0.328516 -40.9318
200 -1.18783 0.363777 -21.5176
200 0.840696 0.426716 38.837
200 1.17565 -0.560936 -30.4873
200 0.94074 -0.539393 -31.5011
200 -0.637389 -0.979938 39.7089
200 1.22985 -0.317471 32.6849
200 0.144895 0.733022 49.9309
200 0.595893 0.968364 24.8753
200 0.715664 -0.0940645 44.8071
200 -0.457911 -0.514421 22.4153
200 -1.1174 0.265681 35.3872
200 0.741971 -0.694522 -37.0619
200 -0.586689 -0.122124 35.007
200 -0.593401 -0.723045 27.7083
200 0.10791 -1.13477 13.5487
200 0.586143 -0.382514 33.3111
200 0.49161 -0.522426 46.1348
200 -0.210284 -0.983676 33.6778
200 -1.14586 -0.386532 -22.7903
200 0.728855 0.341485 -31.7338
200 0.617036 0.176684 38.3983
200 -1.14448 0.493307 -1.73864
200 0.0282588 0.937098 36.5994
200 0.106924 -0.952527 34.3777
200 0.0467447 0.830367 -26.6347
200 0.47227 -0.296825 1.21224
200 1.06837 -0.233268 32.1836
200 -0.611747 -0.26159 40.9048
200 0.470005 0.992377 31.6761
200 -0.861908 0.546112 29.4562
200 1.11792 0.128436 38.5468
200 0.568195 1.13203 30.6571
200 0.599645 0.379737 44.089
200 0.271632 0.869725 -39.3048
200 0.159365 0.884683 30.5076
200 0.696427 0.208131 31.5022
200 -0.56078 -0.266818 -35.4017
200 -0.631326 -0.0150408 41.6249
200 0.866833 -0.435212 -37.9658
200 -0.149666 -1.03907 -36.1796
200 1.03532 -0.320799 -32.1066
200 0.946164 -0.771262 26.7803
200 0.738102 -0.213249 -31.0106
200 -0.09784 0.871403 3.71338
200 -0.685792 0.661056 -34.0465
200 0.716403 -0.198413 38.6213
200 -0.248674 -0.502066 33.9939
200 0.0665852 0.559375 5.51837
200 -0.538919 0.335568 30.5466
200 -0.757193 0.866301 -27.4177
200 -0.792711 0.288631 -28.2666
200 -0.371199 -0.722284 40.4962
200 0.328324 -1.23411 -17.3643
200 0.681607 0.156469 -25.3932
200 -0.628243 0.0263509 35.177
200 0.128542 -0.908396 -42.7939
200 -1.23923 0.339399 -21.9138
200 -0.500759 1.06477 -2.12157
200 -0.38715 0.592994 -39.8622
200 1.12237 -0.520085 26.6259
200 0.744308 0.153086 44.3982
200 -0.340064 0.424881 4.77287
200 1.06134 -0.755436 -11.9115
200 -0.629293 0.64541 16.9987
200 1.05339 0.116697 31.5178
200 0.0633911 -0.705119 -37.0177
200 0.026718 -1.17202 -23.2079
200 -0.0520908 -0.440808 40.164
200 -0.731042 -0.172904 28.4478
200 -0.435948 0.654874 -40.0727
200 0.634558 -0.401058 -5.48687
200 0.770871 -0.313892 -24.6306
200 -0.761184 1.04052 -27.0371
200 0.0371881 -0.80807 27.1077
200 -0.446205 0.772481 -14.105
200 -0.992961 0.181568 42.3291
200 0.941605 -0.326802 38.9091
200 -0.11837 0.490788 37.0271
200 -1.05653 -0.687849 28.2838
200 0.0296109 0.888157 36.7152
200 1.07605 -0.543017 13.7162
200 0.0131275 1.04226 43.5199
200 -0.600791 0.659938 -34.0291
200 -0.87189 -0.653159 34.3249
200 0.0140127 -0.611894 27.2521
200 0.784696 0.329677 38.5619
200 -0.795082 0.0561138 -28.0452
200 0.618883 -0.511572 13.4787
200 -0.633484 0.524429 -27.6042
200 0.0842047 -0.991262 -23.321
200 -0.276734 0.663236 5.71219
200 -0.82978 0.471097 36.2741
200 -0.461567 0.722879 -20.6678
200 0.183591 -1.19769 -29.2051
200 0.856002 0.0335032 -25.1038
200 -0.707875 1.07928 -27.1378
200 0.904125 0.405171 -31.816
200 0.632632 -0.59523 -25.3648
200 0.0873026 -0.946185 -23.5715
200 -0.339788 -0.597573 34.1279
200 -0.458239 1.11571 -14.1362
200 -0.260408 0.56128 -34.044
200 -1.04323 -0.328678 -29.2371
200 -0.44961 0.934688 30.9297
200 -0.28446 0.400952 -14.1779
200 0.0349539 1.19564 29.6034
200 0.474341 -0.640424 45.8042
200 -0.332616 -0.705715 33.8441
200 -0.514521 -0.748958 47.0891
200 0.944288 -0.111647 20.2405
200 -0.304332 0.979674 -26.739
200 0.194779 0.444795 37.1859
200 0.735399 0.238926 -39.0281
200 -0.657352 -0.81306 8.64141
200 0.861777 -0.130957 51.2552
200 0.505295 0.500058 -39.1367
200 -0.134402 -0.938718 -30.8118
200 0.899585 -0.849389 39.2485
200 0.615572 0.449294 23.3514
200 1.02329 -0.451998 26.7131
200 -0.516439 -0.26739 -28.6945
200 -0.924762 0.0191717 -28.6373
200 1.05355 0.337995 -26.2799
200 0.254751 -0.517934 39.3738
200 0.346282 -0.925291 -23.8676
200 0.60842 -0.390784 -31.1858
200 -0.901977 0.14082 28.855
200 -0.660936 -0.633774 -9.07097
200 -0.6266 0.0546181 -28.1909
200 -0.388166 0.245517 -15.3442
200 0.737109 -0.777647 -17.7959
200 -0.761634 -0.413817 2.84541
200 -1.07305 0.180364 21.3165
200 -0.0585369 -0.476131 15.308
200 0.940846 -0.733401 -18.6124
200 0.74113 0.25019 -38.1416
200 -0.180111 -0.874329 34.7027
200 -0.425152 -0.517073 -30.097
200 1.03061 0.516548 38.0042
200 0.166423 0.644583 -26.3495
200 0.901145 0.334475 -25.5079
200 0.807668 0.964183 -19.1647
200 0.182262 -0.875602 33.8998
200 0.351917 0.909486 24.3724
200 -0.259182 -0.868947 -29.6511
200 -1.07867 0.370533 36.021
200 0.307612 -0.44507 -30.7723
200 -0.27251 -0.654744 41.126
200 -0.748878 -0.0888887 -28.276
200 0.826812 0.77789 -26.6713
200 0.812638 0.72322 5.31049
200 0.271768 -1.11199 -17.0654
200 -0.360447 -0.68154 -29.5101
200 0.415979 -1.09146 40.1306
200 0.848125 0.192314 -20.1189
200 0.667618 -0.463325 -11.5425
200 0.652067 1.0463 -14.0664
200 -0.487966 0.0344892 29.0298
200 0.703509 0.806581 37.2747
200 -0.508042 -0.360645 40.6991
200 -0.616476 0.406218 42.9586
200 -0.837935 -0.250642 41.3684
200 0.0565821 0.843455 43.2337
200 -0.189398 1.05689 -27.9743
200 0.830028 -0.44982 32.738
200 1.06527 0.218764 -19.1228
200 0.420922 -0.590062 -30.3341
200 -0.500112 0.563531 35.9465
200 0.603002 -0.604538 -30.4493
200 -0.589615 0.88858 42.8915
200 -0.305245 -0.285087 -9.2026
200 -0.916867 0.348623 -16.4905
200 0.138049 0.842746 36.8785
200 -1.19746 -0.0469152 -22.0133
200 -0.134498 1.03373 -2.44522
200 -0.436564 0.169593 42.3783
200 0.37163 -0.371598 19.65
200 -0.922146 0.87901 -27.1472
200 -0.979335 -0.301939 41.2492
200 -0.668927 -0.241552 -41.7181
200 -0.219947 0.894065 -8.0489
200 0.20466 0.78193 -39.2433
200 -0.207258 -1.21978 33.8771
200 -0.0516629 -0.872146 -36.2786
200 -0.993458 0.304286 -34.3348
200 0.452902 -0.417029 -24.3381
200 1.32349 -0.013941 31.8966
200 -0.302605 0.499111 23.79
200 0.468156 -0.683095 33.6995
200 -0.74428 -0.488933 28.2085
200 0.687572 -0.78179 -30.8884
200 0.987221 -0.101254 38.7431
200 -0.856438 -0.243061 40.9971
200 0.567584 -1.08613 -23.9756
200 -1.11049 -0.169456 -28.6877
200 -0.157399 0.526312 -26.9726
200 -0.0901395 -0.485593 -30.2345
200 -0.885838 -0.121847 -41.3542
200 -0.918905 -0.00933659 41.5658
200 -0.84193 0.512594 -34.5777
200 -0.437974 0.940485 4.66721
200 0.127683 1.09438 -6.65068
200 -1.136 -0.254608 41.685
200 -0.343382 -0.785461 34.3182
200 0.636089 0.681418 38.4159
200 1.05876 0.155717 -26.2389
200 0.296431 -0.388913 39.5855
200 -0.6673 0.043689 28.7942
200 0.108281 -0.825092 -43.2113
200 -1.21767 0.215531 16.6336
200 -0.862374 -0.284921 -28.5394
200 0.42028 0.741248 31.0182
200 1.19804 -0.424861 -25.2409
200 -0.617834 -0.897034 22.5764
200 1.32435 -0.139623 -31.5036
200 1.17814 0.474482 31.3699
200 -0.415358 -0.531215 -22.9195
200 -0.0274652 -0.812898 -30.7973
200 0.336135 -0.738041 -30.1262
200 -1.19497 0.303543 35.4212
200 0.263455 0.487564 24.5997
200 -0.175894 0.611916 23.3511
200 0.21049 -1.07629 40.2859
200 0.681902 -0.964743 -24.3531
200 -0.0381502 0.84374 -40.1397
200 0.538182 1.02274 -6.51274
200 0.135711 -0.767232 -36.1496
200 -1.1404 -0.15842 35.4397
200 0.638794 0.900601 -26.1467
200 1.05027 -0.109166 -25.4261
200 0.912662 0.105977 -38.1809
200 0.644183 0.0281501 32.5699
200 0.95893 -0.234933 32.6927
200 1.02201 -0.714346 -24.2718
200 -1.22448 0.0149782 -22.3168
200 -0.403873 -1.15615 20.3158
200 -0.931235 -0.477033 -41.7132
200 0.370686 -0.990361 -30.9646
200 -0.368914 -1.12231 26.7804
200 0.515834 0.181914 12.3334
200 0.89126 -0.480165 -30.7131
200 -1.07291 -0.403604 -22.4112
200 1.18079 -0.221897 -31.0904
200 0.551073 0.324049 6.12222
200 0.701087 0.713794 -32.176
200 0.700005 0.64302 37.3805
200 -0.805669 -0.0993241 -35.5502
200 0.617818 0.576227 44.067
200 -1.04041 0.0868535 -34.5276
200 0.484337 -0.111961 -11.3452
200 1.15624 0.485216 37.8886
200 0.512383 0.738374 31.1062
200 0.605395 0.612327 38.5905
200 0.725864 -0.548748 45.3699
200 0.576963 -0.136437 44.9102
200 -0.371592 0.98082 43.5282
200 -0.530744 -0.186053 -22.7179
200 -0.453016 0.663047 -22.2688
200 0.113713 -0.542317 40.0628
200 0.90074 0.900954 24.2946
200 -0.578543 0.794182 -27.4733
200 -0.732214 0.857761 -21.4152
200 -0.0564685 -1.20548 33.1002
200 -0.188687 -0.389977 -17.3295
200 -0.0472571 -0.58156 -29.697
200 0.222061 0.887621 -32.8883
200 -0.699258 0.618605 -33.9739
200 -0.237738 0.695498 -40.0239
200 0.721895 -0.534584 -43.7219
200 -0.483943 -0.720986 -29.2471
200 -0.875218 0.142808 -15.4141
200 0.483621 -0.0149226 38.4855
200 -0.710416 0.221856 22.3129
200 -0.600025 -0.823906 40.5678
200 0.506319 0.869196 -26.168
200 -0.434677 1.13333 28.9997
200 -0.796846 0.392129 -40.2861
200 0.0152501 -0.96322 -36.5148
200 -0.48559 -0.998534 34.3665
200 -0.755931 -0.877729 -36.0264
200 0.311136 -0.465029 -10.9678
200 0.353468 0.94825 31.6267
200 -1.24626 0.0788452 35.1802
200 -1.02103 0.263614 48.2165
200 -0.737741 -0.00339793 15.7868
200 -0.0272575 1.0112 31.0699
200 0.0201893 1.17294 30.7704
200 0.993608 0.081595 38.5096
200 0.43402 0.690948 24.4963
200 -0.62855 0.297728 42.2136
200 0.20847 0.818923 -32.6832
200 1.02046 0.495712 -13.1105
200 0.480509 -0.119817 12.3084
200 -0.491141 0.775996 -40.0549
200 0.542337 0.61549 -32.2516
200 0.681423 0.757481 37.9264
200 -0.438678 1.11066 -20.96
200 1.02433 -0.758686 -5.01653
200 0.688139 -0.674044 -25.4487
200 0.471984 0.85042 24.551
200 0.560176 0.405527 31.1735
200 0.38538 0.625462 37.1153
200 1.31485 -0.0686101 25.4869
200 1.23846 -0.0308059 32.072
200 -0.640896 -0.714944 -36.0799
200 -0.682608 0.951325 -21.3928
200 -0.938179 0.0984828 48.2723
200 0.682411 -0.369099 -31.5529
200 0.475409 -1.16001 14.6857
200 -0.293256 0.679791 17.3135
200 -0.774138 -0.241727 -28.4753
200 -0.453521 -0.277377 40.7966
200 0.241432 -0.716528 7.62572
200 0.864616 0.93481 24.4475
200 -1.11637 0.548543 -27.6614
200 1.0962 0.356784 -0.666057
200 0.903517 -0.235372 -25.9941
200 -0.273851 0.900175 -33.6312
200 0.843031 -0.314291 32.2974
200 1.14614 0.0594917 25.6169
200 -0.638189 -0.942604 -29.8519
200 0.576046 -0.786011 8.9423
200 1.08178 -0.359647 33.099
200 -0.688573 0.985891 -27.2444
200 0.985798 -0.276244 -37.868
200 0.791138 0.82537 -1.05513
200 -1.06998 -0.0715596 -28.2589
200 0.278554 1.2051 36.2937
200 -0.873398 -0.931228 34.1267
200 -0.867317 -0.301438 -35.6953
200 -0.53927 -1.12144 -28.7495
200 0.304287 -0.64376 46.1372
200 -0.0662342 0.540521 -33.1383
200 -0.854551 -0.457536 9.93294
200 -0.576841 0.0952657 -28.6784
200 -0.846641 -0.749889 21.0844
200 -0.996283 0.508336 35.5801
200 -0.89336 0.687842 -27.9578
200 -0.115506 -0.584511 7.8918
200 -0.94904 0.598942 -28.412
200 -0.00150669 0.985945 30.7028
200 0.872063 0.535614 37.8541
200 -1.15005 -0.328498 34.374
200 -0.405478 0.496932 -33.7913
200 0.977712 -0.546523 13.5077
200 0.498914 0.843822 -32.7143
200 0.909322 -0.0386185 31.8089
200 0.995815 0.120448 38.6234
200 -0.494474 1.1589 -20.4063
200 -1.27084 -0.0431648 28.8977
200 0.114906 -0.833987 33.6184
200 1.0382 0.0307298 -25.3539
200 1.19232 0.427196 31.256
200 0.657678 0.554244 37.6287
200 0.749128 -0.863691 -23.8146
200 -0.308246 -0.634407 -23.1003
200 0.329408 -1.15821 -23.6017
200 -1.01832 -0.149127 -34.4637
200 0.019623 -0.788713 -29.6769
200 0.976922 0.540404 37.6115
200 -1.09707 0.0484462 35.4138
200 1.03325 -0.514476 -31.5129
200 -0.529087 -0.670377 -42.1321
200 -0.00576175 -0.830153 -36.1671
200 0.16627 -1.11015 -11.0461
200 -0.622204 0.170292 35.412
200 -0.711255 -0.0440719 42.1549
200 1.27554 -0.0919668 32.4211
200 -0.748361 -0.792846 34.2771
200 -0.861281 -0.752054 -29.8165
200 0.997572 -0.694753 8.02952
200 1.09162 0.449828 -25.9052
200 -0.127046 1.0231 18.7953
200 0.487661 0.1802 -32.1637
200 0.857647 0.728814 -12.7045
200 1.15651 0.306441 -19.7261
200 -0.375022 -1.0613 -3.8245
200 -0.337762 -0.953775 47.3991
200 0.00851286 0.770393 -27.8119
200 0.663101 0.399527 4.65451
200 -0.732653 0.83177 -2.03918
200 1.25235 0.244894 -6.64028
200 -0.0769722 0.474168 22.5733
200 -0.649025 -0.350719 42.0362
200 0.903134 -0.894692 -23.8685
200 -0.435234 0.611975 -20.5228
200 -0.404427 0.907361 42.881
200 -0.166141 0.860239 18.6629
200 -0.0845729 0.588638 5.46895
200 1.13316 -0.336611 -31.2316
200 0.281917 -1.01088 -29.8407
200 -0.441736 -0.593592 -36.1601
200 0.074832 -1.0864 34.0125
200 -0.76194 0.354762 -22.6797
200 0.094648 1.01327 -20.5423
200 1.10743 0.0126936 -7.05707
200 0.184713 -0.933638 -10.6041
200 0.191801 -1.15544 13.4838
200 0.814327 -0.110731 38.2895
200 -0.56515 0.342787 -27.6505
200 0.543659 0.259852 38.0091
200 -0.420966 0.608351 -28.4617
200 0.364121 -0.970655 -29.8846
200 -0.591159 0.697652 -21.746
200 -0.684579 -0.961029 -16.9103
200 -0.4491 -0.412301 40.8537
200 0.474567 -0.700237 32.91
200 0.742485 0.86807 31.987
200 -0.129972 0.879753 -13.7324
200 -0.615708 -0.402095 -35.3318
200 0.545182 -0.172599 -31.3151
200 -0.135945 0.551821 -34.2159
200 -0.922105 0.200397 14.756
200 0.0840721 1.04041 -20.1868
200 0.382741 0.87899 -27.4319
200 -0.330596 0.799366 43.2595
200 -0.872633 0.334119 -8.85121
200 -1.08028 0.679186 23.0941
200 0.733939 -0.186961 39.2206
200 -0.819246 -0.0118922 -28.1304
200 -0.664885 0.583427 42.43
200 0.0768329 -1.03216 -29.9363
200 -0.677013 -0.793925 2.23063
200 -0.591702 -0.0189364 30.0377
200 1.17409 -0.189879 32.2602
200 -0.692284 -0.351481 34.4656
200 0.618193 0.0984368 38.9248
200 0.379152 0.344962 -32.3384
200 0.864648 0.353733 31.4038
200 0.0546718 0.881237 -21.3747
200 -0.380248 0.682633 31.0152
200 -0.194419 1.13785 31.0199
200 -0.182332 0.771303 -7.98349
200 0.103551 -0.557105 -36.4712
200 -0.241886 -1.05932 -23.6314
200 0.937861 0.114221 39.0203
200 0.663853 0.883425 -20.6318
200 -0.0682536 -0.851696 33.5945
200 0.900328 -0.698752 -24.516
200 0.256495 -0.764933 -36.9152
200 -0.13889 -0.605415 34.8819
200 -0.238849 -0.63276 -23.0375
200 -0.0652312 0.972455 -26.8267
200 -0.956141 -0.140332 15.669
200 0.187031 -0.896215 39.733
200 -0.78528 -0.0663099 35.2031
200 0.179681 0.686008 36.7983
200 0.911425 0.182772 -31.8257
200 -0.517122 0.294284 -40.7201
200 -0.223671 -0.76147 46.7683
200 -0.146148 0.657504 42.7565
200 -0.688757 -0.706685 27.9954
200 0.734936 -0.867089 -36.8479
200 -0.209232 -1.16152 20.2877
200 0.683791 1.01127 -25.3221
200 -0.98813 0.125464 35.2624
200 0.68663 -0.430074 45.2988
200 1.14128 -0.279365 -30.9895
200 0.434534 0.546739 18.5449
200 1.00394 -0.390968 32.4581
200 -0.775438 -0.221647 -29.6107
200 0.228018 -1.15298 13.6218
200 0.0674059 -0.898948 39.9177
200 0.0389262 -0.984588 -29.9847
200 0.895759 0.468858 5.93524
200 -0.317849 0.939213 -27.6083
200 -0.349935 0.392064 22.8113
200 0.810184 0.811455 -26.4725
200 0.874143 -0.786622 39.0843
200 -1.11004 -0.490412 -22.8871
200 -0.934182 0.266155 23.3564
200 0.877046 0.399861 44.0573
200 -0.130936 1.20356 -1.82024
200 0.82603 0.307617 12.5875
200 -0.810413 -0.645004 29.1958
200 -0.24033 -1.09824 33.7767
200 0.932024 -0.461297 -0.40671
200 0.487433 -0.8015 39.74
200 1.24967 -0.15415 -31.699
200 -0.812745 -0.211871 41.2252
200 0.205608 0.54891 10.9925
200 -0.67796 0.344734 24.2443
200 -0.624561 -0.80472 46.7324
200 0.236211 0.741822 43.9441
200 -0.366614 -0.443688 -35.6861
200 -0.866859 0.402339 -21.4239
200 -0.268938 1.05109 -33.324
200 -0.478858 -0.557607 34.7948
200 0.279416 -0.883055 34.2877
200 -0.560823 1.11792 -1.56157
200 -0.640422 -0.326244 34.8624
200 0.234018 0.663048 44.2141
200 -0.62792 -0.48659 40.7539
200 1.00028 0.474355 31.3876
200 -0.273547 -0.912389 -5.35042
200 0.30609 1.1885 4.7002
200 0.340075 -0.950116 -36.8718
200 -0.702805 0.532278 42.0478
200 -1.15557 0.337908 -21.9528
200 -0.873818 -0.480496 -28.7389
200 -0.814224 0.146767 35.3105
200 -0.89754 -0.897602 21.1252
200 0.131759 1.0699 -27.4501
200 0.41748 -0.76512 -30.1284
200 -0.0412559 0.508357 36.8817
200 0.220624 0.698827 -32.7023
200 -0.940083 0.716344 36.3666
200 -1.14161 0.528443 35.7772
200 -0.119967 0.892735 -33.3987
200 0.309117 0.926421 25.6043
200 -1.10221 0.256338 42.3121
200 0.762789 -0.422558 -37.3073
200 -0.733753 0.160861 -2.37757
200 -0.133308 0.430521 22.9628
200 -0.593188 -1.00566 -15.9061
200 0.817246 -0.386242 -19.4707
200 -0.530713 -0.32874 35.56
200 0.57347 -0.422041 -5.63917
200 0.150362 0.9324 30.9464
200 0.510354 0.53448 -33.2441
200 -0.106429 -0.697712 -36.5208
200 -0.230604 1.02628 18.4618
200 1.04012 0.458347 -26.3746
200 -0.381399 0.759129 -27.1121
200 0.64422 0.264678 -38.5359
200 0.482793 -1.12532 -30.1745
200 -0.273973 0.706492 -26.9578
200 -0.303582 -0.710338 40.5093
200 0.423168 -1.1952 -10.8344
200 -0.433012 0.724531 -1.92778
200 0.745623 0.607412 37.4078
200 0.792348 -0.63898 33.7323
200 -1.07564 -0.443471 15.3583
200 0.651026 -0.518304 32.6886
200 0.261909 -0.731615 33.1424
200 0.492983 0.375018 -8.017
200 0.344615 -1.19975 32.3967
200 0.384008 0.395811 4.89068
200 -0.940271 0.188021 -40.8635
200 -0.700205 -0.421735 -35.3538
200 -1.03513 0.276977 2.56736
200 0.312738 -0.968509 -31.108
200 -0.980436 0.771163 17.1022
200 -0.0867342 -0.497898 46.4056
200 0.464686 0.94381 -20.1872
200 -0.2457 0.49597 -14.051
200 1.00018 -0.325828 -31.0846
200 -0.533499 0.878716 36.0673
200 -0.44788 -1.0351 20.6501
200 0.4547 0.182487 -25.717
200 -0.556483 0.5615 -40.595
200 0.577198 -0.0410556 -26.022
200 -1.1182 0.10197 -28.4135
200 0.397373 0.277523 31.6317
200 0.551185 -0.415287 39.0429
200 -1.00041 0.709648 -21.515
200 -0.301511 -0.782602 -24.1193
200 -1.07438 -0.663177 15.3817
200 -0.199742 1.01778 37.0582
200 -1.14757 -0.150557 -29.1743
200 0.259213 0.567283 37.0275
200 -1.04193 0.477376 -21.2794
200 -0.415247 0.957238 -26.8959
200 -0.796145 0.508277 21.4275
200 -0.764489 -0.693292 29.0033
200 1.01406 -0.796292 -30.8201
200 -0.865785 -0.887417 -21.9533
200 -0.106118 0.633977 -27.229
200 -0.716878 0.60502 -27.4355
200 -0.279348 -0.79098 2.14742
200 0.946492 -0.159964 -37.6808
200 -0.533298 -0.868556 34.8513
200 1.20102 -0.0644029 -19.4939
200 0.380344 -0.415924 6.49334
200 -0.30093 1.0589 -20.5962
200 0.385107 0.305279 -26.4883
200 -1.02324 -0.445299 -22.1369
200 0.183643 -0.614726 39.5858
200 1.05959 0.183609 -25.6309
200 0.769778 0.0563237 31.7897
200 -0.652622 -0.777649 -29.7524
200 0.00258799 0.907482 31.4554
200 -0.430133 0.543887 43.0178
200 -1.17414 -0.201699 -22.4556
200 0.90311 -0.669344 -30.3253
200 -0.525909 -0.959336 15.1332
200 -0.610053 -0.592837 35.339
200 -0.467958 0.618457 11.3086
200 -0.215415 -1.07616 -35.9522
200 1.1307 0.0572692 -31.7341
200 -0.533982 -0.640068 34.0895
200 0.928742 -0.0876826 -24.9357
200 -0.262404 -0.49391 -29.3997
200 -0.902605 -0.198965 -41.3932
200 0.419146 -0.741641 7.80649
200 -1.16783 0.240189 -15.4503
200 0.33657 0.92948 37.1336
200 1.07489 0.643151 19.0922
200 0.877759 -0.467711 20.3307
200 0.807147 0.782698 13.0179
200 0.111739 0.650906 -27.2047
200 -0.654467 -0.908053 2.73997
200 0.511993 -0.549847 32.8527
200 0.615918 0.55538 -38.7915
200 1.2202 -0.382279 -30.9192
200 -0.398421 -0.549849 34.0309
200 -0.789482 -0.450356 47.4077
200 -0.823033 -0.338258 41.274
200 -0.974107 -0.613293 40.5146
200 -0.730415 0.663897 -15.0325
200 -0.777006 -0.322039 -41.6547
200 -0.698798 -0.0257672 41.4267
200 -0.311733 0.731748 -40.1711
200 -0.664028 -0.290549 -28.6169
200 0.0318968 -1.12441 -29.7863
200 -0.371977 -0.752651 -35.4953
200 0.93819 -0.779227 -30.516
200 0.149718 -0.579932 -36.9419
200 0.113503 0.521235 -20.2082
200 -0.333479 0.522789 -27.6669
200 0.442587 -0.487056 -24.7624
200 -0.5807 -0.264014 41.3998
200 1.2959 0.0410479 26.0218
200 0.532905 -0.74965 1.56862
200 0.645109 0.0790877 38.3164
200 -0.517166 -1.16665 -3.92965
200 -0.135518 0.999255 36.8882
200 0.575743 -0.940323 -36.6988
200 -0.0906498 -0.751471 -29.6042
200 -0.507428 -0.0600123 41.7738
200 0.836296 -0.00213609 -31.9878
200 0.255645 0.530485 -2.02243
200 0.216521 -1.20783 -23.9419
200 1.16283 -0.102695 0.141218
200 -1.08477 -0.538352 -22.7963
200 -0.224303 -0.428621 27.9882
200 -0.741592 0.225926 35.3225
200 -1.26752 0.113265 -28.1953
200 -0.642432 -0.458591 40.6164
200 0.998554 -0.0752736 12.0511
200 0.478871 0.442011 31.3561
200 -0.260346 -0.830673 -42.3688
200 0.273454 0.457983 -26.3861
200 0.712095 0.487352 38.3627
200 0.439215 0.969061 30.8741
200 0.895914 -0.514004 32.7031
200 0.320032 -0.698091 45.9382
200 0.782058 0.416664 -32.1583
200 -0.476016 0.548977 30.8637
200 -0.477341 0.700692 29.7706
200 0.965349 0.150087 -25.3637
200 0.659818 -0.88271 39.8319
200 0.541743 0.785888 30.737
200 -0.88327 -0.759055 34.1278
200 -0.753713 0.482699 29.4746
200 -0.87851 -0.692871 -9.45018
200 -0.0483353 1.25267 -1.46629
200 -1.17431 -0.426692 -2.72915
200 0.156188 -0.773421 45.95
200 0.674859 -0.0269774 -24.9607
200 0.616747 0.967507 24.4049
200 0.758029 0.305647 -31.7806
200 -0.990736 -0.0045904 35.1152
200 -0.418841 -0.912879 15.3431
200 -0.341869 1.10078 4.01644
200 -0.961545 0.101939 -28.1376
200 0.532122 0.938805 -26.5744
200 -0.432978 -0.81895 40.8086
200 0.410517 -0.546234 39.1538
200 0.868984 0.143069 -31.5327
200 -0.652854 -0.818923 35.0855
200 0.983936 -0.373505 -37.8494
200 1.26077 0.0621741 6.87134
200 -0.325382 -1.18653 -28.935
200 0.591107 1.06748 -19.0367
200 -0.647164 -0.657089 20.149
200 -0.571561 -0.858825 22.1628
200 0.921404 0.610722 24.9744
200 -0.552339 -0.0225201 -28.5054
200 -0.863757 0.9032 -15.115
200 -0.619321 0.839771 3.64103
200 0.462402 0.482943 -32.191
200 -0.943838 -0.358136 35.44
200 0.530757 -0.932752 -36.8721
200 0.59953 1.00886 -26.8685
200 0.0864533 0.969591 -20.1367
200 -0.32942 0.901307 -20.5227
200 -0.667384 -0.438894 -22.5806
200 0.621223 1.10745 24.2186
200 0.698154 -0.593727 32.7472
200 -1.21199 -0.200739 10.1286
200 -0.59183 0.293744 35.6647
200 -0.758832 0.763755 36.0282
200 -0.399744 0.299912 30.3454
200 0.581986 0.497305 -25.7199
200 -0.505947 0.145439 -28.8565
200 0.892801 0.140501 38.6249
200 0.526477 -0.399854 45.2412
200 -0.702349 0.968363 -20.7134
200 -0.0593648 1.07927 30.8815
200 0.860772 -0.226123 33.4007
200 0.894712 -0.721555 25.1928
200 0.501006 0.204598 -20.2479
200 0.483416 0.349326 0.389409
200 -0.939647 -0.508981 28.2108
200 -0.438696 0.490382 -27.281
200 0.696368 0.0244535 25.5223
200 -0.164034 0.918697 -33.1653
200 -0.817054 -0.805601 34.5189
200 0.845012 -0.63953 -30.5247
200 -1.03298 0.786091 -20.9653
200 -0.382422 -0.648895 -35.8561
200 -0.697326 -0.712017 1.29795
200 0.75872 0.433249 37.7606
200 -0.558336 -0.39337 -35.7858
200 0.434334 -0.353654 -5.91058
200 1.00684 0.711962 24.7398
200 0.877267 0.799085 6.26111
200 -0.912754 0.24893 -34.6398
200 -1.13328 -0.0429361 -35.3763
200 0.0257755 0.712703 30.3359
200 -0.993179 -0.107172 41.4187
200 0.993468 -0.446 32.414
200 -0.639423 0.204223 35.3542
200 -0.813364 -0.545005 41.5483
200 -1.09991 -0.122932 -35.1514
200 0.852591 -0.333183 -37.4947
200 -0.492344 0.499175 5.48864
200 0.0116715 -0.547694 34.7354
200 -1.05384 0.350736 3.59622
200 0.59834 -0.107457 -31.3259
200 -0.434234 1.04787 36.8777
200 0.73365 0.522622 37.8079
200 -0.105054 1.14842 10.6765
200 -1.04626 0.572021 21.7314
200 0.061373 0.731478 -26.5062
200 0.624567 0.0471168 25.4822
200 -1.01716 0.759397 -27.5599
200 0.611789 -0.828484 26.8175
200 0.989781 0.657075 -18.4717
200 1.09926 -0.146191 38.3574
200 0.507637 -1.03761 -18.2034
200 0.253417 -1.22319 -23.7113
200 0.557152 -0.572343 -37.3987
200 -0.0110978 -0.882725 -36.7891
200 0.0369603 -0.873813 -16.7711
200 0.797366 -0.611934 -30.6898
200 0.969843 -0.238236 19.2503
200 1.03146 0.115397 -38.252
200 0.246918 -0.845964 34.2285
200 1.24564 0.0728989 -31.9808
200 0.151516 -1.14507 -10.7028
200 -0.968499 -0.531565 41.2444
200 -1.24657 -0.289729 28.6224
200 0.478691 -0.614334 -24.0831
200 0.041061 0.607815 30.4032
200 -1.04875 0.527295 36.3416
200 0.474527 0.818607 -39.4834
200 -0.339849 1.22254 -26.9702
200 0.793418 0.451671 -7.5426
200 0.847148 -0.98072 -29.9908
200 0.99655 0.358481 38.4522
200 0.795379 0.295729 37.9612
200 -0.499507 0.3848 -8.30119
200 -0.520348 0.679607 -34.4015
200 0.367693 -0.659578 39.2814
200 -0.140992 -0.918292 -5.21037
200 0.341753 0.374758 6.40082
200 1.10202 0.0371975 25.9179
200 0.805088 -0.225608 -25.1467
200 -0.902218 -0.521604 -22.7954
200 0.942836 0.206956 45.1813
200 0.807233 0.911046 -18.8218
200 -1.05672 -0.390481 -29.3846
200 -0.648525 -1.08982 21.0508
200 1.01894 0.346147 25.1137
200 1.29912 -0.144267 31.7891
200 0.198325 -0.953641 39.9917
200 0.384822 0.610783 -26.0938
200 -0.195084 -0.638062 40.2007
200 -0.596248 0.330067 -8.51871
200 -0.653775 -0.240811 -35.0388
200 -0.482447 -0.175956 -22.4046
200 -1.02373 -0.703814 3.31458
200 0.574363 -0.995897 -24.3735
200 0.66315 0.806377 5.19885
200 0.849086 -0.779369 25.1286
200 -0.971633 0.24265 41.5425
200 1.28292 -0.203688 -24.9013
200 0.155498 -0.417435 39.9953
200 -0.323693 0.509617 -27.2574
200 0.922733 0.542087 44.5518
200 -1.08284 0.404572 -15.9921
200 -0.695629 -0.555825 41.1228
200 -0.179309 -0.904909 -35.9504
200 0.555473 -0.743635 27.1557
200 0.293651 1.03852 43.6656
200 0.347085 -0.805393 -36.4412
200 -0.83231 -0.365615 2.75134
200 -0.386242 -0.408729 -35.8028
200 0.79716 -0.719966 -31.3471
200 0.73442 -0.901188 -30.7327
200 0.11297 -1.04473 2.15207
200 -0.461311 -1.02496 -17.7567
200 0.274496 -1.15108 13.8029
200 0.527945 0.590074 -38.7509
200 -0.484646 0.836829 -8.19843
200 -0.044423 -1.06937 -36.0986
200 1.14737 0.392723 25.2855
200 -0.411593 0.270239 42.3534
200 0.515692 -0.9449 13.0432
200 -0.731959 -0.334834 35.8245
200 1.10987 0.201065 32.5046
200 -0.624707 0.456791 30.533
200 0.246447 -0.608804 -36.675
200 0.366621 -0.831722 -31.3251
200 -0.599015 -0.32413 41.1369
200 -0.301195 -0.948859 34.5113
200 -0.364795 1.1873 -26.569
200 0.158803 -0.635539 -23.6814
200 0.989278 0.451854 -32.3518
200 0.0200148 -1.08248 27.4842
200 -0.870375 -0.123505 29.5154
200 -0.361427 0.866782 42.6939
200 0.889005 -0.402543 -37.7409
200 -0.785273 -0.525826 46.8801
200 0.0661347 0.793919 -33.2274
200 -0.477178 -0.839624 -29.2767
200 -0.397309 -0.332253 9.34005
200 0.579733 0.261703 4.9856
200 -0.353194 -0.383 34.4458
200 -1.07524 -0.11908 35.3419
200 -0.911928 -0.13648 -35.4299
200 0.0566571 0.692571 -39.417
200 0.311249 -0.800236 -36.6987
200 -0.562477 -0.557687 40.6932
200 0.522487 -0.371915 32.2328
200 0.656447 -0.300831 7.18303
200 -1.03215 -0.0181844 -34.6518
200 -0.844824 0.332773 35.5361
200 1.17434 -0.168992 13.9959
200 0.0170709 1.24059 36.0218
200 -0.93886 -0.764068 9.48136
200 -0.747419 0.544848 42.3719
200 -0.51401 -0.670278 40.4663
200 -0.082765 0.790667 -13.7002
200 -0.667221 0.760863 49.1194
200 0.617143 -0.978866 39.4781
200 0.882456 -0.316842 -30.8486
200 0.465809 -0.641667 -30.5728
200 -0.410011 -1.10637 -29.938
200 -0.801488 0.871423 36.4372
200 0.394147 0.684981 31.2295
200 0.769006 -0.228289 32.1573
200 0.0893903 -0.800288 45.9427
200 -0.0478843 0.827099 37.621
200 0.600777 -0.835412 -30.5653
200 0.700346 -0.0264684 -31.4967
200 -1.20643 -0.0962503 41.6335
200 -0.69126 0.594628 42.0817
200 0.00873118 1.00311 -26.8181
200 -0.412377 1.21031 -20.5548
200 -1.0952 -0.0170893 35.3837
200 -0.54122 0.146412 -21.818
200 1.09236 -0.204751 -31.998
200 -0.252014 -0.657122 46.662
200 0.35263 -0.578708 -23.9943
200 1.12499 0.421912 31.8183
200 1.16691 0.171563 -19.7763
200 -0.335322 0.356472 36.6293
200 0.62662 -1.04499 -17.5736
200 -0.84072 0.102418 -9.38622
200 0.603625 -0.636268 -37.2256
200 0.9569 -0.0864057 33.1683
200 -1.05841 -0.613772 27.5444
200 0.359527 0.517227 50.043
200 0.0494515 0.790949 37.3308
200 -0.886889 -0.370041 41.007
200 0.397432 0.413228 31.433
200 0.175359 1.11666 -7.02617
200 -0.14664 1.25857 -20.299
200 0.963327 -0.448116 -37.338
200 -1.15633 -0.23855 -3.39411
200 0.455875 -1.13902 -5.22644
200 -0.591049 -0.463605 -28.8581
200 -0.833258 0.808415 36.5375
200 0.861121 0.476288 -32.4536
200 -0.918279 -0.351704 -23.4435
200 0.739465 -0.300918 -11.7722
200 0.739098 -0.63266 -19.1123
200 -1.01544 -0.289941 2.76441
200 0.779989 -0.397201 39.3398
200 -0.669769 -0.680668 -22.8167
200 -0.469944 -1.0774 -30.1653
200 -0.114512 -1.12008 -17.6344
200 0.841773 -0.678355 39.7804
200 -0.094513 0.743997 -26.7821
200 -0.397902 -0.450123 22.7898
200 0.253296 0.809878 -27.2771
200 -0.785187 0.156226 -28.1125
200 0.456053 -0.923239 -22.4738
200 0.478091 1.01847 -26.3691
200 0.848849 0.244275 37.7668
200 -0.291537 0.565013 36.2981
200 -1.02625 0.250525 -13.8148
200 -0.537249 -0.833365 -3.38717
200 0.516237 0.969121 -0.762121
200 -0.224109 -1.24507 -16.821
200 -1.03716 -0.63549 -28.7754
200 0.586389 0.572104 38.1042
200 0.382556 -0.523156 39.5225
200 -0.612345 0.3669 -27.643
200 0.617777 -0.00502069 -25.1764
200 1.27339 0.287651 24.9784
200 -0.369363 1.08692 -20.9447
200 -0.822228 -0.663718 -29.1017
200 -1.08077 0.10904 35.1296
200 -0.120636 -0.934735 -35.756
200 -0.415127 1.04558 -26.9972
200 0.962105 0.0133638 25.6746
200 -0.951581 -0.259227 35.2555
200 0.717432 -0.485828 -37.3202
200 -0.216843 -1.02053 -30.0961
200 -0.879894 0.425071 -28.3324
200 -1.05626 -0.530046 -2.59445
200 0.47792 -0.830151 1.92136
200 0.471318 -0.447366 -3.96707
200 0.921745 0.805997 30.8692
200 -0.43857 1.00495 36.6667
200 0.336657 -0.359854 1.97811
200 -0.260096 0.934908 -34.036
200 -0.507905 -0.410047 -28.8558
200 -0.830132 -0.493105 28.886
200 -0.0720247 -0.688892 -30
200 0.199746 -0.863991 34.1449
200 0.804135 -0.466252 -37.0976
200 0.0829003 -0.683425 39.9141
200 -0.200808 1.20843 29.5311
200 -0.113303 -1.2484 -22.7156
200 -0.742008 0.991394 10.9
200 0.296414 0.65957 -27.1896
200 -0.50171 -0.253477 -29.3602
200 0.752257 0.509214 -0.753603
200 -0.807015 0.761619 -33.5106
200 -0.226879 0.756223 36.4274
200 -0.460969 -0.6491 41.4509
200 -0.807171 -0.0279822 16.0618
200 0.597341 0.532546 -38.5632
200 0.156293 -0.881099 20.7813
200 0.662421 0.698801 -32.5792
200 -0.546356 -0.617346 -10.1226
200 -0.654676 -0.884705 40.1983
200 -0.573243 0.542147 -21.0734
200 0.540037 0.726935 37.2605
200 0.741715 0.708927 -26.3386
200 -0.620672 0.974261 17.8007
200 -0.673232 -0.0876939 -34.9698
200 0.276751 -0.632983 39.6342
200 -0.47609 0.86331 -0.482474
200 -0.998595 0.343516 42.014
200 0.546816 -1.16704 -17.1322
200 -0.648825 0.654766 5.67999
200 -0.844291 -0.670275 9.85552
200 1.04212 -0.317052 32.8518
200 0.545716 0.555254 24.7456
200 0.893465 0.698015 -26.5291
200 -1.13216 0.3185 -27.9897
200 0.598589 0.68356 -26.1422
200 0.0778779 -0.965686 46.13
200 -0.821894 0.24351 3.58673
200 1.0387 -0.609608 38.8225
200 0.651088 0.372982 37.5199
200 -1.03231 -0.0488569 -9.37148
200 0.458004 0.324948 31.1987
200 -0.826377 -0.855914 40.9705
200 0.529721 0.606635 44.0714
200 0.763387 0.157065 -31.9491
200 0.273024 -0.446153 -24.553
200 0.856422 0.36898 44.6784
200 -1.03876 -0.363523 -22.5154
200 0.674682 1.08077 30.4244
200 -0.189825 -0.960301 -29.4858
200 0.42614 0.458223 12.0925
200 1.07578 0.458371 24.7389
200 0.57604 0.173081 44.2777
200 -0.116183 -0.715028 39.8985
200 0.752616 0.666583 37.9556
200 0.916655 -0.730923 39.4984
200 -0.391027 -0.383578 -35.2985
200 -0.756153 0.28947 -28.4213
200 -0.90697 0.66746 36.6354
200 0.54452 0.697455 -25.9864
200 -1.0082 -0.486401 34.7568
200 -0.194693 1.10753 29.0456
200 0.872032 0.704108 31.1147
200 -0.895954 0.468992 -16.1656
200 -0.631862 0.791297 49.0188
200 0.642742 -0.627356 1.31053
200 -0.70103 0.658862 -16.0618
200 -0.649044 -0.217909 41.2571
200 -1.18417 0.195805 -21.5829
200 1.01984 -0.0417669 -31.7456
200 -0.132847 -0.519388 13.4553
200 -0.948478 0.672339 -8.46041
200 0.556467 -0.817981 1.257
200 -0.162316 -0.592586 -5.05827
200 0.891185 0.570403 -32.0195
200 0.12627 -0.726273 -36.2715
200 -1.08495 -0.587361 -16.5847
200 -1.05783 0.0953972 -22.6579
200 -0.621048 0.613443 -27.3244
200 -0.311645 0.765146 -26.8861
200 -0.163627 -1.00138 33.8078
200 -0.579846 -0.0371197 -28.2711
200 -0.703505 0.292063 -27.9329
200 -0.31174 0.917434 -14.414
200 1.12941 0.465206 38.1942
200 -0.713102 -0.0708084 29.8902
200 -0.924324 0.481218 42.5355
200 -0.971926 0.430154 15.849
200 -1.06619 -0.328511 -8.23808
200 0.565723 1.02791 37.0128
200 0.0303132 1.0366 36.8647
200 -0.45446 0.860326 -2.56393
200 0.607223 0.831161 25.547
200 -0.489054 0.430822 36.5584
200 -0.0675783 0.729957 -27.0039
200 -0.537739 -0.809508 -23.4302
200 0.150545 -1.02063 -23.6206
200 -0.755196 0.668034 -21.1014
200 1.22194 0.104542 -5.16568
200 0.00189251 1.06646 -33.6054
200 0.716955 -0.617943 -30.4924
200 -1.12085 0.600151 29.3953
200 -0.947282 -0.216354 34.7123
200 0.394931 0.650814 -38.832
200 -0.329746 -0.498948 -4.73477
200 -0.623473 0.91889 -34.5016
200 0.495228 0.508979 -26.0039
200 0.399062 0.972836 31.0727
200 1.15835 -0.359408 -31.7245
200 -0.479496 -0.878158 28.744
200 -0.527005 0.0232968 -22.9981
200 -0.872148 0.109628 35.3289
200 0.239236 0.631505 -32.8006
200 -0.485998 -0.364782 22.0821
200 0.792653 0.677534 44.0061
200 -1.0169 -0.779679 27.3817
200 -0.225752 1.18463 -26.8099
200 -0.0200471 -1.09896 27.9837
200 0.818678 -0.886424 -30.6152
200 0.710731 -0.10693 -18.9714
200 0.299879 -0.594712 -23.9515
200 -0.595945 1.09292 -26.5637
200 0.541127 -0.198436 -25.4414
200 -0.845292 0.0225819 -1.41922
200 0.149053 1.00422 -33.4834
