180 0.933686 -0.621246 32.3559
180 -0.718501 -0.139412 34.8239
180 -0.296503 0.475228 -21.1856
180 -0.0104241 -0.624935 39.8068
180 0.871453 -0.127257 5.534
180 -1.18408 -0.436815 28.3184
180 0.176787 -0.766949 -36.2748
180 -0.317717 -0.670057 40.3675
180 -0.283513 1.07425 37.0566
180 0.336376 -0.630535 -30.3107
180 -0.457241 -0.879217 40.3074
180 0.102056 0.879156 30.4254
180 1.01903 0.711493 24.7036
180 0.389778 0.607904 -26.1001
180 -0.00710496 1.15022 -20.2862
180 -0.487106 0.899684 -27.3031
180 0.56046 0.670628 0.828724
180 -1.07861 0.330162 -15.4867
180 1.1528 0.0112024 -31.7323
180 -0.173009 -1.08635 -5.0741
180 0.982148 0.466716 -7.0606
180 -0.142 -0.937893 -23.2381
180 -0.504135 0.61182 36.5602
180 1.10487 0.438534 25.4073
180 -1.15102 -0.0439009 29.9146
180 -0.602446 -0.363521 8.97414
180 0.407852 0.240062 -13.7725
180 0.430813 -0.951946 -23.7901
180 0.544722 -0.44886 7.17034
180 0.742778 -0.531443 -30.904
180 1.02042 0.126209 -6.51321
180 -1.06877 -0.719405 21.6946
180 0.80538 -0.77437 39.209
180 -0.632685 -0.474996 -16.7304
180 0.23031 -0.907949 39.9743
180 1.26612 -0.0863231 32.3658
180 0.842371 -0.751715 -25.1296
180 -0.513324 -0.298725 -8.61835
180 -0.841138 -0.628822 15.0495
180 0.242083 -0.529671 -30.2278
180 -0.561876 0.31881 -0.959367
180 0.965156 0.797625 -26.3539
180 -0.086178 0.848984 43.2509
180 -0.509401 -1.04599 27.143
180 1.13462 -0.10662 12.9244
180 0.956414 0.19753 32.5507
180 0.554751 0.190056 -25.7893
180 -0.826007 0.815829 -27.8281
180 0.0430968 -0.974002 40.5318
180 1.00364 -0.30614 26.0741
180 -0.181338 -1.12968 14.8712
180 -0.652394 -0.161338 15.5759
180 0.14109 -0.938732 28.2022
180 0.672973 0.852466 31.424
180 0.686858 0.0534045 31.7772
180 0.630867 -0.662329 -37.3554
180 0.210277 1.01756 -33.1901
180 0.771059 0.12096 31.6825
180 -1.03225 0.335043 -22.2314
180 -1.00902 0.032429 28.7988
180 -0.421926 0.180986 29.9402
180 0.498879 0.314606 -32.2013
180 0.613725 0.00395301 7.99918
180 -1.2688 0.0569297 28.9326
180 1.16606 -0.078474 -31.8261
180 -0.522903 0.537615 35.9595
180 -0.940862 0.404895 -15.1205
180 0.884675 0.848394 -18.9415
180 0.91299 0.159077 25.1732
180 -0.0894298 0.738351 30.1126
180 -1.23261 0.393077 28.8324
180 0.987768 -0.476476 13.5983
180 -0.537181 0.856337 29.7395
180 -0.041264 -0.667058 -23.373
180 0.363495 -0.992337 20.8391
180 0.151395 -0.997497 40.3677
180 -0.638559 0.288342 -27.9431
180 -0.649923 -0.823259 -23.1302
180 0.986905 -0.798812 -17.572
180 0.876527 -0.347578 24.637
180 -1.14495 -0.329517 28.712
180 -1.14843 0.339736 -28.4142
180 0.75922 0.591515 -26.0379
180 0.130433 -0.969828 -23.6621
180 0.318992 0.740296 43.2467
180 1.2253 0.360157 25.1484
180 0.124048 -1.18828 -3.98276
180 -0.294801 1.1475 24.3416
180 0.484705 0.82784 -26.6659
180 0.250183 -0.973311 -24.8927
180 0.48786 0.355637 31.2418
180 -0.765551 0.155694 28.9332
180 0.824183 -0.44055 -24.463
180 -1.15017 0.29181 29.533
180 -0.151112 0.672201 -27.1427
180 0.325242 0.448922 -19.861
180 -0.149618 1.12057 11.5243
180 -0.0113205 0.65101 -20.3408
180 1.24944 -0.297824 26.4521
180 -0.657323 0.0324681 35.1202
180 0.859856 0.113752 38.627
180 0.36278 0.457761 30.9274
180 0.347695 -1.10095 27.6109
180 -0.940062 0.453087 42.4781
180 -0.275336 1.1926 -20.7707
180 -0.695582 -0.288927 28.3169
180 -0.824689 -0.682547 28.4309
180 -0.208287 -0.665123 28.4543
180 0.0477221 -0.953277 -29.7027
180 0.982111 -0.50656 33.3812
180 -0.536824 0.69611 29.7366
180 0.453808 0.136205 -19.9594
180 0.0355689 -1.01416 21.3643
180 0.0112118 0.914986 24.0132
180 -0.971615 0.414709 -1.32239
180 0.121434 -0.624617 33.2376
180 0.313817 1.17711 23.5185
180 0.728773 -0.33002 45.1704
180 0.621668 -0.621078 26.7611
180 -1.18547 -0.00520243 35.8502
180 -0.590642 0.291794 35.5182
180 -1.06079 -0.000225668 -22.0682
180 -0.55839 -1.12231 21.134
180 -0.0640234 0.825664 -33.3476
180 0.395287 -0.520864 32.8265
180 -0.924594 0.0664939 -23.096
180 0.882427 0.476784 24.9366
180 1.25422 -0.374228 -18.4445
180 -0.656904 0.356179 -33.9661
180 -0.232594 -0.527709 -23.4635
180 0.493642 0.471278 37.815
180 -0.71302 -0.663433 -8.65451
180 -0.729496 -0.668388 40.4937
180 0.913139 0.36042 31.3968
180 -0.373975 0.992594 -1.47403
180 0.943384 0.771778 31.2086
180 0.258754 1.03611 -20.829
180 -0.896293 -0.444968 -23.508
180 -0.142074 1.11871 -33.3631
180 0.0921958 1.08533 -26.6284
180 0.94537 0.712033 25.2793
180 -0.836149 -0.769438 33.8938
180 0.408407 0.382986 11.7852
180 1.0751 -0.413992 13.0522
180 0.646274 0.720079 -20.8369
180 0.92529 -0.688113 -24.3898
180 1.02397 -0.565033 -31.2529
180 -0.843886 0.390674 22.9284
180 0.628265 0.519542 -32.2449
180 -0.652906 -0.57952 34.3862
180 -0.926145 0.336328 -28.3311
180 0.259124 0.939391 30.8101
180 -0.547629 -0.194204 29.033
180 -0.449731 -0.748463 27.6323
180 -0.408231 0.41269 4.58535
180 0.653844 -0.747335 -30.3857
180 -0.58365 -0.560434 -23.9432
180 -0.562969 0.385527 -8.29995
180 0.546658 0.440087 -32.1485
180 -0.413385 0.637134 42.788
180 0.793324 -1.03498 -11.4522
180 -0.388822 -1.10313 26.6005
180 0.794959 -0.116462 31.984
180 -0.352831 -0.940359 -29.7975
180 0.209313 -0.360465 33.5664
180 -0.272897 0.424522 -13.0675
180 -1.14676 0.497731 16.7282
180 0.450804 -0.952838 -3.81334
180 -0.376978 -0.35173 -9.10811
180 1.07602 0.0732886 -11.1093
180 0.762684 0.818933 32.2067
180 0.275901 0.591607 -1.09091
180 -0.784253 -0.631918 41.2501
180 -0.0525373 1.07486 -27.3306
180 -0.586332 -0.109907 16.0585
180 0.48601 0.452619 37.5618
180 0.870984 0.495703 31.4028
180 -0.599292 0.94163 -15.517
180 -1.12104 0.332317 29.1166
180 0.595347 0.227708 32.4397
180 -0.547528 0.410615 -34.1878
180 1.10938 -0.419894 19.5886
180 -0.428976 -0.394891 -29.1386
180 0.961275 -0.468423 -31.4343
180 0.144003 -0.40638 27.3642
180 0.634762 0.175568 -25.8773
180 0.821851 -0.45691 -31.064
180 -0.267003 -0.484058 34.1792
180 0.661055 -0.0675931 0.233501
180 -1.06196 0.652359 -15.1135
180 0.298144 -0.784704 14.3529
180 0.776662 0.42161 37.9574
180 0.177391 -0.719946 -36.8396
180 -0.644286 0.644204 -21.0267
180 -1.10271 -0.223198 34.9081
180 1.09512 -0.685217 -30.6399
180 -0.735249 0.0601615 -28.1843
180 0.693531 -0.128683 39.6413
180 0.299095 1.15011 30.5925
180 0.750781 -0.246978 45.1763
180 -0.46189 0.266817 23.1328
180 -0.0133896 -0.915035 39.9469
180 0.22258 0.825318 18.063
180 0.897659 0.14952 32.8229
180 0.543978 0.796089 -33.1868
180 -0.264726 0.923492 30.1468
180 -0.841607 0.829569 23.846
180 -0.843654 0.14775 16.1208
180 -0.800755 -0.188561 28.6796
180 -0.757918 0.127226 41.6458
180 -0.734744 0.693988 30.473
180 -0.0613165 0.545745 -20.5418
180 -0.489549 1.06019 -27.4055
180 0.172657 -0.897789 33.3758
180 -0.579031 -1.06121 -3.70869
180 1.24367 -0.0321704 32.4962
180 0.16618 0.679751 30.5287
180 -1.01958 0.0603851 -22.2969
180 -0.539318 -1.08634 -3.61015
180 -0.940576 -0.0242112 29.9967
180 -0.680664 0.639977 35.9577
180 -1.20385 0.0589268 28.7558
180 0.983605 0.565682 25.9816
180 -0.506796 0.294625 35.8228
180 0.0516945 0.99023 30.3081
180 0.456892 -0.540136 39.3627
180 -0.848776 -0.11318 -35.3702
180 1.19857 -0.15051 26.1602
180 0.761475 -0.931815 26.8128
180 0.452653 -0.71703 -30.4377
180 -0.141919 0.754551 36.585
180 -0.526563 0.29343 -34.2195
180 0.666374 0.387943 -32.6311
180 -0.84037 -0.120978 -28.3676
180 0.698562 0.413395 24.9523
180 0.704317 0.851157 -26.2847
180 0.322427 -0.6006 7.49558
180 -0.315071 -0.62844 -30.2154
180 -0.199221 -0.864464 33.8784
180 -1.24095 0.145999 29.0877
180 0.690148 0.170192 0.428572
180 0.905561 -0.092399 25.769
180 0.550838 -0.125133 -25.7098
180 -0.118335 -0.737219 -23.8633
180 -0.943399 -0.214029 35.4554
180 -0.172945 -1.21136 -16.8999
180 -0.161425 0.996667 -20.6629
180 -0.271579 1.06859 30.2397
180 0.889274 0.0692073 -38.3311
180 -0.0552542 1.08929 -20.3152
180 0.501552 -0.167292 -0.208836
180 -0.858482 -0.257284 -34.9562
180 0.716949 1.04804 24.5633
180 0.646609 -0.663372 39.2558
180 0.610929 0.859092 -0.302774
180 0.429367 -1.1583 -11.1762
180 0.815731 0.912438 12.7391
180 -0.864886 -0.633005 29.1485
180 0.428192 0.66519 -32.4621
180 -0.379409 -0.555579 -22.8943
180 -1.16987 0.0473178 35.2041
180 -0.607872 0.952588 23.836
180 -0.560333 -0.553337 -35.673
180 0.828382 0.791175 -0.958707
180 0.423641 1.13076 -20.5295
180 -0.0835524 1.22507 -26.6605
180 -1.23084 0.0633813 22.9209
180 1.1678 0.263057 -17.8257
180 0.565398 -0.578358 38.9328
180 -0.749858 -0.323342 35.6145
180 0.890482 -0.00600893 31.9868
180 -0.60029 -0.963662 27.6179
180 0.937528 0.0378748 32.4544
180 0.173854 0.547924 11.9905
180 0.158636 -0.580767 40.1712
180 -0.725621 -0.353787 -29.2161
180 0.651184 0.166014 32.8295
180 -1.10572 -0.364415 22.3714
180 -0.360168 -0.57991 34.1882
180 0.100651 -1.18401 -23.9066
180 0.917485 0.865353 17.6224
180 -0.80688 -0.594095 -22.8635
180 0.719242 0.76816 -20.5259
180 0.748306 -0.598313 1.18371
180 0.68038 0.328491 31.8701
180 -1.09148 -0.607088 -16.7309
180 0.421335 -0.846156 -30.0813
180 0.11636 1.02891 -20.6461
180 -0.174261 1.14155 -26.6616
180 -0.775643 0.726598 -28.0167
180 -0.801238 0.354058 -21.4071
180 0.979431 0.548813 -20.2222
180 -0.997333 0.135818 29.1091
180 0.104218 0.457748 -14.0463
180 -0.444184 -0.647669 -29.3382
180 0.452913 0.439591 -26.1387
180 0.0609336 -1.0687 27.1966
180 0.606225 1.06652 -19.1866
180 0.681297 0.868167 30.8512
180 -0.814541 -0.415969 41.3083
180 -1.10175 0.186405 29.1706
180 -0.607154 0.450847 42.5959
180 -0.620172 0.241766 16.6541
180 -0.841683 -0.749203 -23.6662
180 1.09259 -0.149462 32.1744
180 -0.79546 0.166774 -34.4105
180 1.05568 0.363968 11.1507
180 0.229442 -0.824982 46.3163
180 -0.628656 0.396905 -34.4392
180 -0.764416 0.884543 -27.2865
180 0.0709942 0.542189 37.249
180 -0.958341 -0.749077 27.5517
180 -0.151666 0.635592 23.7855
180 0.10067 -0.995243 -23.7709
180 -0.0233411 -0.820006 -24.0688
180 -0.099783 -0.707928 -23.3084
180 -1.00877 -0.619157 34.7357
180 0.88743 0.657546 -20.3409
180 0.448938 0.615523 -26.3028
180 0.232024 0.945812 24.6945
180 0.323828 0.477944 -12.454
180 -0.234659 -0.871508 -23.3123
180 -0.639771 -0.866111 -10.3744
180 -0.38552 0.940434 -15.5489
180 0.782051 -1.00887 6.86605
180 0.901504 0.857441 24.4504
180 -1.09791 0.406199 10.3472
180 -0.540758 -0.935913 -16.6235
180 -0.3843 0.723267 -33.5126
180 0.183926 0.767862 30.589
180 0.828596 0.275091 -25.5069
180 -0.541747 0.187443 35.7023
180 -1.13974 0.508445 -21.678
180 -0.653826 0.93624 -21.5115
180 0.0839464 1.26903 -19.9531
180 -0.861674 0.0468345 29.7866
180 1.04572 -0.613425 20.526
180 0.896657 -0.60008 -24.9715
180 0.669386 -0.0347783 32.8079
180 0.726366 0.58966 -25.8612
180 -0.148028 0.90027 36.508
180 0.0296832 -1.04417 -23.7482
180 0.394301 -0.80834 -23.8395
180 -0.599768 -0.326866 7.70151
180 -0.0834531 -0.525475 -17.0231
180 0.57502 -0.727865 -24.4202
180 0.82887 0.397022 37.6087
180 -0.687994 -0.114688 -15.9546
180 -0.510092 -1.08559 -16.0255
180 1.25013 -0.210747 -12.2159
180 0.11621 1.22958 24.3669
180 0.662592 -0.849873 33.7165
180 -0.88616 0.430665 35.6152
180 0.753195 -0.0619031 38.3488
180 -0.702466 0.69772 36.3058
180 0.81268 0.295802 38.1695
180 0.845935 -0.904697 -24.255
180 -0.117732 -0.988806 27.9513
180 -0.741008 -0.0702605 -16.8607
180 1.05536 0.192013 -25.5356
180 0.675183 0.745289 31.2517
180 0.924077 0.572274 -26.0119
180 0.693604 -0.171107 39.4424
180 -0.828416 0.885659 -14.1793
180 0.981749 0.0929305 -12.5417
180 1.06045 0.234301 32.1367
180 0.156466 0.572299 -20.3601
180 0.70528 -0.401712 0.640819
180 0.493613 0.920622 37.1968
180 1.14284 0.465262 24.6214
180 -0.481048 0.816326 -27.0201
180 -0.000425893 0.930599 37.1951
180 0.252887 -0.596821 -36.8976
180 -1.19507 -0.303967 -4.02844
180 -0.779542 0.233939 -34.4761
180 0.606787 -0.424184 32.4595
180 0.943855 -0.25179 -31.5464
180 0.487314 -0.815689 -31.1488
180 1.09317 0.609144 -19.4415
180 1.16494 0.52153 31.3582
180 1.18056 0.548233 19.0193
180 -0.604184 0.17694 29.5213
180 -0.945157 0.678307 23.6423
180 -0.0773827 0.705774 -27.5429
180 -0.390468 -0.633049 34.6776
180 -0.704128 0.855336 36.3709
180 -0.210607 -0.773815 -23.1394
180 0.774136 -0.149229 -25.6698
180 -1.06557 -0.0312823 -22.0109
180 1.12185 0.178393 -25.2523
180 -0.133738 -0.903112 -36.3495
180 -0.384151 0.95908 36.7461
180 -0.176444 -0.69445 -30.286
180 0.343277 -1.00249 6.52053
180 0.546288 -0.560468 -10.0822
180 0.130754 -0.932262 39.5685
180 -0.952368 0.0902093 29.3945
180 -1.00866 -0.136123 34.911
180 -0.531086 -0.677548 -22.8055
180 -1.03991 -0.719049 34.5896
180 -0.493074 0.990289 23.8681
180 0.465849 0.568081 -38.8968
180 -0.55457 -0.633262 15.2369
180 0.294244 -0.994708 -24.2871
180 0.959268 -0.195141 26.1755
180 -0.340107 -1.10979 -23.1533
180 1.16903 0.0774049 19.1959
180 0.689242 -0.968138 -30.2635
180 0.187571 0.588895 30.5872
180 0.65847 -0.827461 -17.978
180 -0.244561 0.903414 -26.9547
180 1.01914 0.311776 -25.6329
180 -0.0562407 -0.470257 34.0013
180 1.10785 0.0138822 19.4674
180 -1.22366 0.117923 28.3381
180 0.357921 0.578131 37.2032
180 -0.449317 -0.27812 -22.7087
180 -0.274604 -0.567246 -35.8423
180 -0.565033 0.057877 -8.59334
180 1.04324 -0.208298 -31.4478
180 0.563722 -0.51853 32.7308
180 -0.834148 -0.329777 -23.6515
180 -0.68746 0.0654202 -22.2384
180 -0.00319415 0.886608 -33.4751
180 -0.281192 -0.807592 27.6172
180 -0.695768 -0.315077 28.8077
180 -0.0756239 -0.481337 -23.628
180 -0.333567 0.871091 -20.6607
180 -1.26391 0.224849 22.3734
180 0.738737 -0.328025 -37.8425
180 -0.833751 0.355485 -27.726
180 -0.993121 -0.0785996 28.536
180 0.0660472 1.1986 17.1834
180 0.00185274 1.09488 -27.3149
180 -0.507167 0.451294 -21.1208
180 0.154009 -0.511196 -30.2746
180 0.951342 -0.563797 1.17714
180 -1.1406 0.38728 -28.5262
180 0.759622 -0.733085 33.195
180 0.523678 -0.498239 -30.7943
180 0.558898 -0.475876 39.5335
180 0.238527 -1.04962 -30.6429
180 -0.182188 -1.24081 -16.3833
180 -0.269881 0.336585 36.4033
180 1.02321 -0.154695 26.2662
180 -0.915259 -0.712788 34.468
180 -0.49443 -0.793907 40.7861
180 -0.200754 -0.969142 40.0818
180 -0.332606 -1.02417 40.0669
180 0.621154 -0.74857 -17.9172
180 1.21988 -0.487751 -18.3606
180 -0.947804 -0.0707598 35.0974
180 1.04121 0.448791 25.024
180 -0.928471 -0.47445 -23.253
180 0.350476 -0.70548 -18.69
180 -0.270964 -0.915518 33.6187
180 1.30844 -0.153171 -12.5176
180 1.1716 -0.417847 -24.8229
180 -0.792507 0.661639 -27.9918
180 -0.764681 -0.563417 -29.4822
180 -0.761346 -0.110318 -35.0077
180 0.378474 0.710712 -39.3057
180 0.753373 -0.879307 -24.6341
180 0.0343222 -1.12272 -11.4183
180 0.200953 -1.04596 33.4682
180 -0.796116 -0.958511 27.1781
180 -0.54361 0.792251 36.7737
180 -1.04213 0.272462 -22.595
180 0.468998 0.754155 30.6941
180 -0.484556 -0.889225 -35.9748
180 0.975707 -0.0856608 -32.0898
180 0.654264 -0.349112 32.3619
180 -0.486434 0.680758 -33.5024
180 -0.94758 -0.812228 -15.7308
180 -0.882548 -0.254519 28.452
180 -0.71373 -0.574838 34.2279
180 0.484688 0.683084 44.2291
180 -0.350293 -1.13233 20.4671
180 -0.530238 -0.312912 28.1821
180 0.260849 -0.5867 27.9788
180 0.0085963 -0.803946 34.1658
180 1.22762 -0.339074 20.0587
180 0.483767 0.612695 37.5127
180 -0.831229 0.64277 -27.9294
180 -0.315091 -0.370055 -11.2422
180 -0.334517 1.02294 16.9995
180 -0.885427 -0.235113 -35.4074
180 -0.7019 0.864264 -27.5984
180 -0.466252 -0.30096 34.9657
180 0.537523 -0.07406 -19.1143
180 0.94331 -0.166459 -5.82211
180 -0.865144 0.584258 -21.3347
180 0.676131 -0.686027 20.9125
180 1.0729 -0.635421 26.4094
180 1.19325 -0.234848 32.4292
180 1.24328 0.207569 25.2839
180 0.80336 0.732069 31.0758
180 0.550341 0.379148 -32.2665
180 0.536757 0.480348 -19.5576
180 0.0912963 0.795198 43.6706
180 -0.34677 0.556194 -27.2991
180 0.627294 -0.0670044 13.0738
180 0.838273 0.839035 12.639
180 0.259931 -1.09761 -24.0213
180 -0.829312 0.805381 35.9558
180 1.13363 0.0907633 12.3342
180 0.908905 0.903576 24.6669
180 -0.22157 0.668986 -26.906
180 -0.772483 0.0301215 2.18662
180 -1.08445 -0.0482537 -21.8409
180 -0.534889 -0.476194 -29.6454
180 -0.701873 -0.856926 28.8219
180 -0.608312 0.170112 23.9308
180 -0.701282 0.441972 -27.484
180 -0.126742 1.17516 5.1773
180 -0.27598 0.67023 29.9438
180 0.24272 0.708279 -26.2951
180 -0.709099 -0.226363 -34.987
180 0.638726 -0.17697 0.42363
180 0.692723 -0.751299 -25.1646
180 0.475529 0.7927 36.9791
180 -0.225286 -1.05597 33.5776
180 0.564174 -0.456884 -31.2158
180 0.20452 -1.25032 -29.657
180 -0.718194 -0.527116 41.021
180 -1.19524 0.303772 -28.0417
180 0.570329 0.119488 6.79322
180 0.327094 -0.879758 -23.8828
180 0.0609593 0.450807 22.7505
180 0.60948 -0.432447 33.6707
180 0.611561 -0.115112 -25.3648
180 1.09991 -0.18317 12.779
180 0.452323 -0.399331 -25.0643
180 1.0306 -0.0999927 26.5638
180 -0.111252 -0.811275 34.6495
180 -0.796061 -0.0882426 34.7961
180 -0.939158 -0.00258815 -28.3653
180 -0.756343 0.852891 15.7258
180 -0.942298 0.468703 -28.4355
180 -0.269901 -1.1383 28.0416
180 -0.651352 -0.302291 34.8683
180 -0.175992 0.77977 -20.4889
180 -0.756861 -0.973871 27.7799
180 -0.953617 -0.466071 28.6909
180 -0.575497 0.863035 -21.9576
180 0.759688 0.636276 31.0368
180 0.977163 -0.408255 32.616
180 -0.736762 -0.0266219 -23.264
180 0.90392 -0.582504 -18.3326
180 -0.269572 -0.44042 -23.0353
180 1.08056 -0.170766 -32.329
180 1.17211 0.172401 -25.5147
180 -0.56898 -0.687754 35.1985
180 0.606728 0.603542 32.0238
180 -0.715396 -0.334901 -28.7038
180 0.608084 -0.573543 -37.4006
180 0.853145 -0.652647 -31.1982
180 -0.307959 0.581093 -9.34639
180 -0.272663 1.1644 30.4198
180 0.99794 0.165492 37.9215
180 0.302939 0.960418 30.6005
180 -0.0931361 1.03904 31.2442
180 -0.534479 1.06117 -27.0729
180 0.755477 0.933639 5.85095
180 0.559362 -0.596755 -24.1624
180 -0.855945 -0.803121 15.4417
180 -0.691134 0.699709 -27.4739
180 -0.628104 -0.491586 -14.757
180 0.253291 -0.768001 -17.4359
180 -0.546698 0.852755 -6.80489
180 0.525158 0.49752 43.669
180 0.352882 -1.19916 -23.8248
180 -0.840017 -0.407509 9.06865
180 0.575315 -0.864978 -0.10376
180 1.29985 -0.324902 -5.82085
180 -0.61227 -1.09277 27.1789
180 0.702467 0.509088 37.5402
180 0.46963 -0.499642 -24.156
180 0.852162 0.901645 -25.2013
180 0.782806 -0.204532 39.4085
180 -0.0848779 -0.907556 14.7473
180 0.691009 -0.3213 0.980098
180 -0.562032 -0.101299 -29.1633
180 0.173257 0.91617 -27.3964
180 0.74088 -0.221852 -31.2237
180 0.830558 0.0586654 31.684
180 0.885459 -0.0822139 -18.6353
180 -0.792511 -0.375094 -17.1764
180 -0.404405 -0.651539 -4.07811
180 -1.16973 -0.21683 -14.6357
180 -0.429945 0.257167 16.1375
180 0.276088 -1.0742 33.731
180 -1.10789 -0.637109 -22.8011
180 0.544032 -0.672596 32.9104
180 0.625965 -1.01192 -24.0633
180 -0.454682 0.527984 -28.5383
180 0.127683 -0.561826 -17.9489
180 -0.553041 0.304972 -15.1508
180 -0.776605 0.539027 35.7968
180 -0.656033 -0.791813 28.3518
180 -1.17054 0.154193 28.8555
180 1.12002 -0.221344 -17.3733
180 0.243058 -0.834588 -30.2642
180 0.404805 0.866766 -26.3431
180 0.0413132 -1.14893 -29.8227
180 1.29011 0.279989 18.6846
180 -0.817713 -0.566046 -17.1317
180 0.184984 -1.22605 -23.6383
180 0.788952 0.00240899 38.6311
180 0.230598 -1.17839 -5.57321
180 -1.26092 0.176061 22.4379
180 -0.788388 -0.288193 34.8075
180 -0.0216684 -1.10529 -23.8658
180 0.633222 0.699298 37.785
180 0.78821 0.625946 -26.775
180 1.15348 -0.211828 5.66164
180 1.27976 0.33675 25.4431
180 0.122255 0.48495 30.8351
180 -0.475163 1.1123 30.3239
180 -0.934293 -0.584999 34.5553
180 -0.923088 0.874675 -27.5586
180 0.125203 -1.12775 27.7196
180 0.659772 -1.04272 -17.6854
180 0.379063 -0.895258 26.8022
180 -1.21091 -0.481271 28.3938
180 -0.878555 -0.20351 -3.50088
180 0.886454 -0.264285 -31.1724
180 0.956199 0.166758 -20.1996
180 -0.756586 0.225706 35.3284
180 0.626348 -0.910274 -17.7298
180 -1.04715 -0.127291 29.0259
180 -0.344086 -0.295737 -23.0252
180 0.76859 0.0500148 -32.1066
180 0.19975 1.16757 30.5613
180 1.19172 -0.496812 -18.5706
180 -1.01648 0.119359 -22.4989
180 0.603277 -1.02497 19.364
180 -1.00762 -0.175352 35.3744
180 -0.550356 0.671333 29.9528
180 1.16367 0.246533 31.9692
180 -0.266151 0.846635 -27.5408
180 -0.25414 -0.66925 -35.9277
180 -0.823946 -0.24075 41.4372
180 0.758375 0.727034 37.6038
180 -0.354346 1.07865 24.5288
180 -0.388959 0.606588 -34.4397
180 -1.10203 -0.107191 22.1569
180 -0.407151 0.768867 -26.9002
180 0.800133 0.780515 32.2008
180 -0.154772 -0.854942 40.2588
180 -0.798905 0.136583 -29.3278
180 0.929518 -0.460033 13.6737
180 -1.05203 -0.0790776 29.7428
180 0.709025 0.184257 -25.4891
180 -0.145654 0.519427 16.1216
180 -1.06722 -0.328035 35.2897
180 1.09834 0.180244 -26.2569
180 -0.741023 0.960903 9.79423
180 0.420842 -0.34548 -24.5036
180 -1.06151 -0.622543 27.6233
180 0.199705 -0.527911 -23.9605
180 -0.417114 0.504167 37.0849
180 -0.519467 0.688376 -20.891
180 0.371152 0.641924 18.8163
180 0.393684 -0.909601 39.727
180 0.484865 -0.286144 0.209301
180 0.459905 -1.11912 8.31577
180 1.22233 -0.149816 25.6738
180 -0.078108 0.783126 31.2604
180 -0.914278 -0.0247466 3.31934
180 -0.83192 -0.457694 35.3097
180 0.00495568 -0.740222 -29.7124
180 -0.326857 0.899861 36.5539
180 -1.04571 0.126017 15.9336
180 0.9724 -0.599652 19.8662
180 -0.455838 0.89467 43.1437
180 0.459657 -0.449384 39.562
180 0.894398 -0.474858 -30.8622
180 -0.13404 -1.1503 -17.7168
180 -0.180952 -0.778736 -30.701
180 0.058501 0.662117 30.6708
180 0.216011 0.871191 30.5198
180 -0.36579 0.668969 -1.84575
180 -0.783331 0.318064 29.4215
180 0.295216 -0.719632 39.5199
180 -0.832025 0.439732 35.8472
180 -0.626863 -0.715663 28.8761
180 -0.0850237 0.753346 -1.66266
180 0.82548 0.680525 5.94362
180 0.275514 0.636681 -33.403
180 0.687548 0.939874 37.8851
180 0.130137 0.663231 -20.1785
180 0.901865 -0.687867 -25.1065
180 -0.122909 1.07231 30.551
180 -1.2775 -0.21321 22.1395
180 0.491367 -0.646349 -24.0483
180 1.17553 0.310007 -25.7601
180 1.08381 0.218499 31.7064
180 -0.977183 0.433367 -27.9139
180 -0.3317 -0.80059 33.8618
180 -0.593826 -0.800447 34.0457
180 -0.956733 0.179642 -28.5912
180 -1.12218 -0.648939 22.0286
180 0.391408 -0.637723 39.2505
180 0.696766 0.565825 -32.5257
180 -0.00655642 1.18835 -7.1095
180 -0.997504 -0.497372 27.8612
180 0.734153 -1.01509 -17.5386
180 -0.984339 0.265872 -15.2845
180 0.424522 0.831724 30.7407
180 0.667191 0.649744 -0.881225
180 0.938774 0.0712027 26.5327
180 -0.571391 -0.318829 -28.9678
180 0.751275 0.244548 -31.8904
180 -0.520918 -0.499227 15.3809
180 0.178102 -0.965587 -23.6425
180 -0.948751 -0.509044 -22.7566
180 -0.450054 0.674486 -33.5845
180 -0.355723 -0.710516 -29.2505
180 -1.09876 -0.184187 -22.38
180 -0.968405 -0.133568 35.2437
180 0.516981 -1.13158 -11.2029
180 -1.12688 -0.514098 2.19407
180 0.536895 -0.771389 33.5169
180 -0.24561 0.993945 30.0376
180 0.00698444 0.462403 16.6992
180 -0.38943 -1.06374 27.8506
180 -1.12224 -0.441366 28.694
180 -0.867652 -0.0215281 -3.1504
180 -0.780997 -0.568485 34.1929
180 -1.08021 0.0708301 9.61996
180 -0.0604792 -0.939321 -36.9736
180 0.417732 -0.753554 -30.5265
180 0.756032 0.285488 5.94113
180 -0.871734 0.643757 -27.5745
180 -0.858398 -0.128581 15.9669
180 -1.14095 -0.129604 41.3948
180 -1.06403 0.127355 -16.4698
180 1.08232 0.718239 -18.783
180 -0.625184 0.592702 -28.3468
180 1.22735 0.0873111 32.6707
180 0.634792 0.627752 23.0244
180 -0.725323 0.815429 -21.1458
180 -0.473002 -0.624334 -35.7482
180 -1.02717 0.714361 -21.3747
180 0.63937 -0.00398867 -26.1835
180 0.476054 -0.872344 26.773
180 -0.324183 -0.858782 34.0279
180 0.137555 0.742113 -20.1238
180 0.188151 0.900496 -20.1554
180 -0.103842 -0.462796 14.9344
180 -0.388499 -0.477539 34.258
180 0.533732 0.766551 -26.083
180 1.00977 0.271182 31.7848
180 0.815993 -0.0186308 -20.019
180 -0.381936 -1.00079 -24.0621
180 1.21199 0.138594 25.2448
180 1.09302 -0.033351 25.568
180 -0.212055 -0.548566 -29.4889
180 -0.113763 -1.21816 -23.1608
180 -0.822065 -0.311901 -22.3661
180 -0.428901 -0.951471 -23.7591
180 1.09996 -0.429005 6.18596
180 0.109728 0.914968 -33.39
180 -0.0778995 0.568525 30.9257
180 -0.204474 -1.19317 -17.0213
180 0.179706 1.08159 11.1306
180 -0.906526 -0.584872 -17.0244
180 -1.17351 0.368028 -21.6334
180 0.712096 0.440041 -20.4572
180 -0.810425 -0.657519 34.5843
180 -0.473122 -0.337343 -23.1954
180 0.364361 -1.20685 27.191
180 -0.377749 0.458168 -27.2424
180 -0.146648 -0.753847 27.453
180 0.776221 -0.412999 38.7061
180 -0.551499 0.922237 -20.794
180 -0.734422 0.70765 -28.4046
180 0.011707 0.866414 12.6471
180 0.525418 0.673932 30.9263
180 0.609106 0.513029 6.54825
180 1.00207 -0.0145646 -32.078
180 0.21128 -0.659239 -30.0433
180 -1.01657 0.591117 29.8923
180 -0.12502 1.10632 -21.1821
180 1.23679 -0.410967 -24.7667
180 0.0452833 -0.939044 -36.5597
180 -0.903968 -0.785601 3.47465
180 -0.0566358 0.47767 -14.3217
180 1.00881 -0.399085 32.857
180 -0.414701 0.617494 17.1635
180 -0.464113 -0.783741 15.9629
180 -0.793233 0.482123 10.3234
180 -0.359393 -1.00113 -23.1057
180 0.513912 0.333069 0.812292
180 -0.636557 -0.890274 28.0338
180 -0.462664 0.705131 -33.9225
180 0.345338 -0.474499 -30.3753
180 -1.19617 0.284117 29.2399
180 -0.296077 0.79759 42.9668
180 -0.800264 0.536693 36.1824
180 0.792411 -0.0450044 39.404
180 -0.503148 -0.780403 -10.9663
180 0.245881 -0.778564 -37.0223
180 -0.272177 0.824377 36.494
180 -0.753349 -0.207023 -35.1862
180 0.367347 -1.15369 -24.046
180 0.0589604 0.776412 -27.6409
180 1.1476 -0.541118 -31.3437
180 -0.631665 0.230339 -29.0591
180 0.823956 0.453038 -31.9756
180 -1.08974 0.528244 -15.2889
180 -0.653442 -0.569571 -22.7322
180 0.095055 0.94483 -20.2509
180 -0.456237 0.652686 36.2282
180 -0.0645399 0.889104 23.9604
180 -1.01609 -0.636418 -2.56721
180 0.253954 -0.682924 33.4029
180 0.0182873 -0.761286 -4.32678
180 0.242401 -0.57361 33.9202
180 0.387604 0.920749 -33.4341
180 1.05898 -0.440233 -24.8332
180 0.039837 0.966597 36.8145
180 -0.00304072 0.782563 -27.4459
180 -0.751886 -0.478043 2.67902
180 -0.532258 -0.115302 -22.2615
180 0.0773648 -0.493894 1.1225
180 -0.568027 0.43586 -21.134
180 -1.10247 0.626363 23.1475
180 0.307208 1.03993 30.8249
180 -0.879418 0.708899 -27.3781
180 -0.925346 0.717004 36.1042
180 -0.674876 -0.0459621 15.4559
180 1.04071 -0.411181 26.1758
180 0.894105 -0.101474 -37.8622
180 -0.966151 0.536836 -21.4339
180 -0.578624 -0.259471 34.7647
180 0.406654 -0.834034 27.8442
180 -0.788108 -0.750444 28.912
180 -0.547796 -0.686797 40.804
180 -0.566542 0.698936 -27.8576
180 0.851194 -0.442238 26.1271
180 1.00874 0.658126 25.3495
180 -0.451731 0.887529 -21.3868
180 -0.488959 0.280574 36.2333
180 0.725405 -0.913593 27.295
180 0.845507 0.158024 32.9081
180 0.414549 1.05955 25.0456
180 0.542275 0.352317 -11.4363
180 0.507564 0.96891 -0.851017
180 -0.160036 -0.803616 -4.11405
180 -0.987368 -0.354938 41.2955
180 0.153917 1.20375 -20.4559
180 -0.106829 0.507465 23.8692
180 -0.261021 1.14974 -27.2364
180 0.553998 0.909808 31.7167
180 0.120731 0.539192 12.625
180 0.625577 0.122062 6.16796
180 -0.0499732 -1.10041 -24.0564
180 -0.0247682 -0.530587 -24.2328
180 -0.713143 0.396748 36.1197
180 -0.774661 -0.848456 34.4231
180 -0.168824 0.9628 -27.2175
180 0.652048 0.336475 31.4802
180 -0.330014 0.598995 -34.0344
180 0.541203 0.862641 5.70041
180 0.0571381 -0.661211 -29.7207
180 -0.53677 0.63826 -20.844
180 0.431314 1.08874 23.9513
180 0.0326581 0.596829 18.4754
180 -0.109155 -0.954866 22.0536
180 -0.0523073 -0.865039 -23.4912
180 0.441588 1.18373 -13.6337
180 0.556617 -0.259574 6.73371
180 -0.871955 0.741282 -27.6341
180 0.531931 0.0976152 32.3043
180 0.404115 0.71516 -33.4385
180 0.781868 -0.636248 -24.269
180 -1.11655 -0.10371 -16.4943
180 -0.980496 -0.616705 -16.8609
180 0.611076 -0.836038 -18.0602
180 0.0308248 0.757982 23.9894
180 -0.830166 -0.82799 28.6369
180 -0.341428 -0.762023 8.62438
180 -0.0499834 1.04787 30.4996
180 0.914429 -0.0942383 33.0512
180 1.21253 0.256689 25.4433
180 -0.78875 0.937373 -21.3884
180 0.758431 -0.862569 -24.2207
180 -0.194262 -0.619873 34.2178
180 -0.339946 -0.968218 40.2647
180 0.090574 0.570088 -20.2719
180 -0.406333 -0.371413 28.1127
180 -1.07957 0.271144 29.064
180 -0.705526 -0.758259 27.6302
180 -1.24346 0.25673 -15.447
180 0.504205 -0.745655 -4.77915
180 0.450929 -0.271628 27.2544
180 -0.872534 -0.357656 -22.4659
180 0.673592 -1.01659 20.6614
180 -1.0272 -0.333121 -29.3762
180 0.448707 0.435755 31.996
180 -0.441031 0.838774 -28.1175
180 -0.810189 0.592007 -21.138
180 0.647696 -0.554217 -30.8537
180 -0.0352302 1.21885 4.66919
180 0.494944 -0.713148 33.2897
180 0.691193 -0.196342 -31.0872
180 0.628597 0.797488 -0.989984
180 0.120077 0.523566 24.2255
180 -0.534109 0.024869 4.36896
180 0.0209441 -0.745427 -30.7128
180 0.331619 0.706938 -32.5265
180 1.02457 0.203605 25.5858
180 0.652649 0.854204 38.4203
180 -0.995228 -0.246069 29.648
180 -0.0951398 1.21166 30.5583
180 0.734133 -0.160273 38.4464
180 0.531525 -0.659541 -31.1478
180 0.421642 0.876468 -33.0382
180 0.853498 -0.226475 0.802205
180 -0.551305 1.02491 29.9474
180 0.523039 -1.00784 6.63481
180 0.335068 1.065 -26.5179
180 -0.0914705 -0.56456 33.9015
180 0.62772 -0.543074 33.1843
180 0.584301 -0.0618922 12.6614
180 0.778674 0.840393 24.5205
180 -1.20766 0.394967 -21.8256
180 0.325971 -1.11737 20.8557
180 -0.298384 1.20881 -26.8042
180 -1.04091 -0.456467 22.9803
180 -0.364906 1.18985 -20.4247
180 -0.895562 -0.385939 35.786
180 -0.732405 -0.0975311 -15.7449
180 -0.551287 -0.0134671 -22.281
180 0.258704 0.663232 -32.8714
180 0.227026 0.79824 -32.7569
180 -1.25853 0.00513783 -20.8225
180 0.561315 0.981758 -26.8448
180 0.0718455 1.13939 23.0474
180 -0.663078 0.133321 -34.9885
180 -0.0964392 0.709529 30.2335
180 0.308564 -1.0537 -29.9908
180 -0.42073 -0.175272 -10.3177
180 0.54176 -0.0621935 38.8109
180 -0.493603 -0.85088 27.6662
180 1.18312 0.519956 -19.6109
180 1.12997 0.386617 25.4053
180 0.273181 -0.933749 33.1986
180 -0.460996 -0.468986 -35.7513
180 0.525472 0.644253 -25.9139
180 -0.456398 -0.522501 -4.02755
180 0.956858 -0.834368 -30.4228
180 -0.317018 -0.600956 34.7344
180 0.545121 -0.839109 33.2086
180 0.53703 1.10385 -12.9816
180 0.441238 -0.538677 -30.5015
180 -0.828989 -0.786586 34.56
180 -0.396994 0.49704 -2.21394
180 0.706318 -0.852012 1.41284
180 -0.671843 -0.575028 22.6971
180 0.578972 0.730379 -20.0016
180 0.757391 -0.719345 -18.7451
180 -0.807094 -0.123629 41.2982
180 -0.872266 0.8984 -20.763
180 0.0415028 1.0688 -26.5698
180 -0.841551 -0.717743 21.5993
180 -0.210393 -1.03139 22.053
180 1.18927 -0.247215 31.9264
180 -1.01501 0.0124076 35.8863
180 -0.861298 0.892114 -21.4379
180 -0.848037 0.00302915 35.281
180 0.360119 1.18543 -13.0598
180 0.412716 -0.926231 -30.3122
180 0.180068 -1.15883 -17.5407
180 0.212366 -0.73662 1.7291
180 -0.490546 0.229707 -21.9671
180 -1.0398 0.37486 8.9572
180 -0.953281 -0.573748 28.0017
180 0.344714 0.965544 37.3969
180 1.00351 -0.660865 -24.3026
180 -1.07354 -0.0799616 35.0461
180 -1.02386 -0.247235 -22.2105
180 0.171362 -0.710291 40.358
180 0.613408 0.198385 -13.0303
180 -0.330022 0.701415 36.8185
180 1.06458 -0.0544921 -31.9072
180 -0.740193 -0.54607 22.7673
180 0.657766 -0.529672 39.6402
180 0.942126 0.335534 -32.2506
180 0.711745 -1.04175 6.80178
180 0.818911 -0.28302 -31.0315
180 0.0592631 0.704224 -27.1769
180 -0.481621 0.386185 -28.2536
180 -1.07669 0.262052 -1.44527
180 -0.9632 0.824176 -14.9365
180 -0.414194 -0.303536 15.063
180 -0.61942 0.684347 -33.8862
180 -0.898684 -0.672337 -4.28384
180 1.00829 0.431448 -32.797
180 -0.252163 0.269544 24.236
180 0.764444 0.685501 37.4988
180 -0.638096 0.0767764 15.9314
180 1.05659 0.615196 31.4379
180 -0.67563 0.358979 29.2819
180 0.799495 -0.67693 26.302
180 0.973247 0.0666489 -31.5908
180 -0.218211 0.816345 -26.9468
180 -0.749016 0.410325 35.7271
180 0.43241 0.416521 31.3926
180 -0.183384 1.00656 -26.6953
180 1.23545 -0.232757 -18.7719
180 -0.78272 0.460023 -28.5393
180 0.589254 -0.0270894 25.7462
180 0.699731 -0.0847953 25.7919
180 0.980426 0.510065 38.2875
180 0.199523 0.764787 -33.4258
180 -0.443683 0.93841 42.9963
180 -0.927463 0.167114 -28.3196
180 1.14125 -0.31493 -25.5447
180 -0.881274 0.56227 4.25699
180 -1.10553 0.274136 9.77031
180 -1.00013 0.576411 29.3843
180 0.343632 -0.458128 32.9967
180 0.661415 -0.104378 -31.5878
180 -0.656078 0.442395 -34.1547
180 1.01448 0.0704299 -31.7913
180 -0.883179 0.248722 35.5737
180 0.921165 0.911639 36.656
180 -0.0803985 -1.23571 2.48554
180 -0.0876734 -1.00607 -30.1585
180 0.112443 0.993687 30.8828
180 -0.0736722 1.08928 11.365
180 0.291397 0.855124 36.8192
180 0.427456 -0.274849 7.68318
180 0.474512 0.908171 37.4657
180 -0.954793 0.512391 35.9799
180 1.13006 0.467509 -18.3679
180 0.409024 -0.481825 45.6849
180 -0.619804 0.543997 36.8938
180 0.184075 1.09501 -27.1319
180 0.902686 0.469287 -25.7682
180 -0.737886 0.241476 -27.7646
180 -1.22912 -0.278741 34.747
180 0.916868 -0.0504996 26.1589
180 0.0422408 -1.12794 27.5227
180 -1.13629 -0.211172 41.4702
180 -0.00170663 -0.69229 33.5915
180 0.617345 0.729005 -26.8356
180 0.0824697 1.03679 -26.7032
180 0.066223 -0.748947 39.6429
180 0.800933 0.743924 38.1215
180 -0.410877 -0.597226 -23.9402
180 0.047913 0.935849 -20.2164
180 0.680886 0.105026 32.7424
180 -0.492778 -0.8303 -16.7888
180 -0.73726 -0.434693 -28.7818
180 -0.829319 -0.354697 41.2925
180 1.29173 0.249404 -19.2219
180 -0.200932 0.446852 29.9785
180 0.323159 -1.14117 -17.4093
180 1.2987 0.0812384 31.881
180 -0.00459648 -0.83869 -17.0859
180 -0.470566 -0.795633 -4.53871
180 0.610369 0.448758 -32.703
180 -1.29301 0.201536 29.0414
180 -0.984823 0.070035 28.7041
180 0.870013 0.0925768 44.5562
180 0.119261 -0.591847 33.4208
180 -0.243865 1.02282 36.8403
180 0.880447 -0.575346 26.3029
180 -0.109957 -0.586159 -9.18221
180 0.388091 0.245668 -19.7093
180 -0.566824 0.272374 -34.8432
180 -0.121694 0.411488 -2.06475
180 -0.774688 -0.993986 -3.9237
180 0.536499 -1.01118 -24.1898
180 -0.398479 -0.790496 33.9162
180 -0.621309 -0.156768 -29.0367
180 0.616241 0.639855 -19.6534
180 -0.121904 -1.14679 -16.3784
180 -0.977955 0.35517 -15.2475
180 0.929429 -0.0964372 5.05028
180 -0.751184 -0.0929739 35.2609
180 0.987296 -0.619671 -18.8753
180 -0.735089 0.514075 -27.4883
180 -0.351248 0.440803 -14.9713
180 -0.225837 0.839838 36.4186
180 -1.08565 0.110085 -21.9813
180 0.622412 0.938811 18.3736
180 -0.239575 -0.729465 -23.1678
180 -0.467645 -0.722304 -23.1281
180 0.619729 1.09489 -25.734
180 -0.223378 -0.615836 -24.4113
180 0.415499 -1.00766 33.5951
180 1.06846 0.526085 31.5822
180 0.726589 -0.948789 -17.486
180 -0.298729 0.809965 -6.54669
180 0.230023 -1.02033 -3.4498
180 -0.329559 -1.18514 -16.7301
180 -0.474363 0.210897 -27.9059
180 0.475033 -0.576249 33.4387
180 -0.535391 -0.611582 34.4003
180 -1.0125 -0.722222 -22.9387
180 0.243011 0.964824 -20.2547
180 1.28072 -0.109343 25.455
180 0.386872 -0.417614 -18.8106
180 0.119634 0.430015 -27.3022
180 0.984043 0.250789 32.804
180 1.18509 0.00632974 -31.9979
180 0.161876 -0.820584 -24.8724
180 -0.304782 -0.996746 22.016
180 0.245569 0.673352 31.3204
180 0.664107 0.493808 -32.6441
180 -0.177026 0.540361 -27.2564
180 0.620322 -0.239051 -24.7579
180 0.461063 -0.774227 -4.8003
180 -0.928567 -0.336872 -2.11675
180 -0.727285 0.416217 -8.46069
180 -0.198718 0.487556 30.2247
180 -0.259317 -0.377898 34.269
180 -1.18381 -0.27668 -2.7576
180 -0.0725296 -0.630665 -29.9406
180 0.346841 -1.07588 -24.0455
180 0.381876 0.468149 25.0802
180 0.814496 -0.175973 -25.0716
180 -0.289184 0.52616 30.1749
180 0.835822 0.759913 -32.5621
180 -0.951916 -0.198543 34.9856
180 0.784549 1.00041 30.7168
180 0.691525 -0.743023 -24.0159
180 -0.180445 0.521002 10.7204
180 -0.404643 -0.738707 -22.9535
180 0.937472 -0.232978 -24.7404
180 -0.153187 1.01845 4.02691
180 0.813773 -0.560123 -31.9118
180 1.0321 0.57489 31.6506
180 0.372815 0.785596 37.0233
180 0.0870488 1.22725 12.0586
180 -0.472484 0.842396 -33.7179
180 -1.08106 -0.407521 16.4286
180 -0.730701 0.460691 -28.2374
180 1.05343 -0.681052 -6.0922
180 0.470932 0.720103 38.3222
180 -0.965512 -0.789281 -16.7223
180 1.04195 -0.32393 32.7001
180 -0.138835 -0.47982 -23.7223
180 -0.593919 -0.317726 15.6075
180 0.117087 -0.894433 -30.0446
180 -0.882896 -0.37823 34.8052
180 0.0839244 -0.809437 -4.33893
180 0.779207 0.284693 38.8958
180 0.668162 -0.565049 -17.9117
180 0.246972 -1.23796 1.88035
180 0.558152 0.258018 6.73228
180 -0.661087 -0.0826058 29.3893
180 1.12019 -0.562739 20.2262
180 0.336742 -0.743204 -23.801
180 -0.156609 0.611332 -26.8805
180 -1.0216 0.43815 -22.4248
180 -1.12057 0.126781 42.2645
180 -0.578629 -1.0399 7.93507
180 0.730415 0.268787 37.7085
180 0.918888 -0.773817 32.997
180 0.411594 -0.957636 -5.74192
180 1.15355 -0.408424 26.264
180 0.179064 0.735089 37.8105
180 0.902645 -0.192052 38.8738
180 -0.338937 0.667476 -27.2384
180 0.774137 0.877759 -19.7426
180 0.271328 -0.672108 39.9389
180 0.0343825 0.407521 -20.8113
180 0.600524 0.67467 30.8579
180 1.16528 -0.172935 -25.505
180 1.26275 -0.354249 7.34761
180 0.626081 0.234148 25.1713
180 0.608065 -0.705806 39.1554
180 -1.22441 -0.0371538 35.2793
180 -0.587348 0.0911027 35.3328
180 0.915742 0.581224 37.4923
180 0.89241 -0.773964 -30.6632
180 0.0382714 -0.709404 -23.8017
180 -0.0396912 -1.06229 33.5321
180 -0.984025 0.699945 -21.7293
180 0.667221 0.664257 32.3321
180 1.11387 0.343937 31.3639
180 -0.740424 -0.573399 29.3266
180 0.775189 -0.122905 -12.3294
180 0.797353 0.0613021 45.0911
180 -0.965777 -0.673984 -2.70247
180 0.949637 -0.36743 -12.0338
180 -0.58556 0.533509 36.1023
180 0.533188 0.348218 -20.4858
180 -0.490816 0.506781 -28.0803
180 1.0967 0.697064 18.1911
180 0.828308 -0.360746 -7.11944
180 0.440448 1.10048 4.3611
180 0.892092 0.33404 -0.415149
180 -0.934926 0.544179 -28.4678
180 1.00245 -0.0884767 -31.5123
180 -1.16217 0.575925 -15.0554
180 0.607867 0.554606 -19.5668
180 -0.583581 -1.01088 -23.6957
180 -1.21041 -0.370583 -22.6716
180 -0.548789 0.635712 30.6409
180 -0.255615 -0.963889 -23.4164
180 -0.755538 -0.642891 -22.9097
180 -1.02935 -0.450446 -10.4276
180 -0.374202 0.54749 36.0305
180 1.0474 0.0805173 25.4854
180 0.521157 -0.386912 39.1168
180 0.405932 -0.725512 19.1344
180 0.824141 -0.983151 -11.3033
180 -0.656799 -0.385391 35.6603
180 0.928553 -0.338207 33.2187
180 -0.00281636 -0.569948 0.943339
180 -0.968089 0.129871 22.4908
180 0.810612 0.274757 31.6666
180 -0.933056 0.118177 -21.9472
180 0.647141 0.259044 -20.2613
180 0.598516 0.827039 -20.7232
180 0.0636266 -0.998775 -18.2055
180 -0.624531 0.730427 -8.13285
180 0.106778 -0.519187 -30.2623
180 0.512766 1.01274 -26.7315
180 -1.19821 -0.151651 28.5495
180 -0.149763 1.10046 30.8916
180 -0.784699 0.589463 -34.0298
180 0.989141 -0.0322425 0.032921
180 0.844023 -0.14974 -31.085
180 -0.588883 0.796099 -21.1507
180 0.657411 -0.644242 27.5445
180 -0.508457 -0.56074 -29.0294
180 1.19926 0.395842 25.2671
180 1.00551 -0.709855 -18.2139
180 -0.129392 0.954464 30.535
180 -0.81376 0.541175 -27.747
180 -0.648965 0.688925 17.1061
180 0.60625 -0.729622 39.8383
180 -1.16539 0.199087 28.7262
180 0.506217 0.0380875 -25.5826
180 1.12228 0.194675 25.3634
180 -0.220276 -0.634322 -29.3889
180 0.129951 0.855957 -14.1146
180 1.26027 0.181091 -19.1247
180 -0.818934 0.859867 -27.2183
180 -0.0423467 0.791022 -20.5221
180 0.842786 -0.28753 -5.5052
180 -0.796847 -0.078411 -29.2165
