890 0.236605 0.400999 4.06547
890 0.015263 0.854451 4.06547
890 -0.86362 0.140484 4.06547
890 0.78242 -0.222689 4.06547
890 0.654692 0.0279417 4.06547
890 0.937688 0.229737 4.06547
890 -0.394608 -0.151061 4.06547
890 0.13217 -0.554267 4.06547
890 0.215105 0.352968 4.06547
890 -0.131339 -0.255707 -2.21772
890 -0.981596 -0.284416 4.06547
890 0.18809 0.0364475 4.06547
890 -0.511096 -0.402363 4.06547
890 0.519945 0.570303 4.06547
890 -0.0490338 0.693264 -2.21772
890 0.565595 0.695759 4.06547
890 -0.645549 0.53149 4.06547
890 0.0363539 -0.730434 4.06547
890 0.161403 0.576713 4.06547
890 -0.633911 -0.187814 4.06547
890 0.101315 -0.455022 4.06547
890 0.208604 -0.478826 4.06547
890 0.158819 -0.905908 4.06547
890 0.549756 0.521837 4.06547
890 0.340216 -0.0481338 4.06547
890 -0.0659416 -0.0844152 4.06547
890 -0.0843579 0.445455 4.06547
890 0.130056 0.115643 4.06547
890 -0.153941 0.52789 4.06547
890 -0.128562 -0.50408 4.06547
890 0.753938 0.1431 4.06547
890 0.189699 -0.157618 4.06547
890 -0.272605 -0.992704 4.06547
890 -0.458234 0.703763 4.06547
890 0.218742 -0.667822 -2.21772
890 0.651206 -0.313956 4.06547
890 0.296056 0.312286 4.06547
890 -0.684675 0.312717 4.06547
890 0.0192768 0.751101 4.06547
890 0.283893 0.218513 4.06547
890 0.35352 -0.461885 4.06547
890 -0.407482 0.256968 4.06547
890 -0.364859 0.280945 4.06547
890 0.0519047 -0.223563 4.06547
890 -0.661269 0.115686 4.06547
890 0.182533 0.1245 4.06547
890 0.171905 -1.01352 4.06547
890 0.57364 0.574807 4.06547
890 0.880204 -0.532696 4.06547
890 -0.0911886 -0.452489 4.06547
890 0.576573 0.762833 4.06547
890 -0.694282 0.508891 4.06547
890 0.180734 0.625393 4.06547
890 0.202476 -0.616399 4.06547
890 -0.655119 0.468201 4.06547
890 0.658625 -0.716733 4.06547
890 -0.0272131 -0.115443 4.06547
890 0.196541 0.94125 4.06547
890 0.401531 -0.831542 4.06547
890 -0.574274 0.0844067 4.06547
890 -0.0673402 0.495763 4.06547
890 -0.408905 -0.303963 4.06547
890 0.394261 0.410665 4.06547
890 0.167752 -0.0180356 -2.21772
890 0.668637 -0.0228857 4.06547
890 0.578574 -0.25781 4.06547
890 -0.250751 0.217791 4.06547
890 -0.320353 0.637392 -2.21772
890 0.216836 -0.342994 4.06547
890 -0.787859 0.0476981 -2.21772
890 -0.991184 0.235729 4.06547
890 -0.796766 -0.55749 4.06547
890 -0.420939 -0.632411 -2.21772
890 0.814228 -0.0505376 4.06547
890 0.818284 -0.263913 -2.21772
890 -0.15111 0.126784 4.06547
890 -0.894427 0.189424 -2.21772
890 0.728087 0.33915 4.06547
890 0.0146558 -0.144761 -2.21772
890 -0.439759 -0.117942 4.06547
890 -0.556778 -0.00813213 4.06547
890 -0.100403 0.842667 4.06547
890 0.493276 -0.750225 4.06547
890 0.780128 -0.581028 4.06547
890 0.234752 0.130184 4.06547
890 0.690647 -0.269201 4.06547
890 -0.668751 -0.671203 4.06547
890 0.490278 0.614547 4.06547
890 0.461824 -0.48177 4.06547
890 -0.633895 -0.132969 4.06547
890 -0.304587 0.849586 -2.21772
890 -0.169757 -0.011416 -2.21772
890 -0.303599 0.207745 4.06547
890 0.316256 -0.226433 4.06547
890 0.961071 -0.131804 4.06547
890 0.193375 -0.430205 4.06547
890 0.371369 -0.512363 4.06547
890 -0.248593 0.86637 4.06547
890 0.595948 -0.0659099 4.06547
890 0.317105 -0.000222868 -2.21772
890 0.761227 -0.130392 4.06547
890 -0.411558 0.463003 4.06547
890 0.329301 0.666553 4.06547
890 0.813113 0.0648496 4.06547
890 0.351388 -0.966232 -2.21772
890 0.818398 -0.4253 4.06547
890 -0.288313 -0.0527517 4.06547
890 -0.4142 0.120669 4.06547
890 -0.421386 -0.462153 4.06547
890 0.51621 -0.640319 4.06547
890 0.00949872 -0.19358 4.06547
890 -0.750233 0.515436 4.06547
890 0.398579 0.31629 4.06547
890 -0.29594 0.0494998 4.06547
890 -0.558818 -0.427065 -2.21772
890 -0.110108 -0.967698 -2.21772
890 -0.4613 0.84696 4.06547
890 0.139387 -0.226935 4.06547
890 0.416788 0.743975 4.06547
890 0.262587 -0.489875 -2.21772
890 -0.211952 0.820317 4.06547
890 0.0128324 -0.823758 4.06547
890 -0.0960374 -0.602176 -2.21772
890 0.755698 0.595652 4.06547
890 0.198149 0.824775 -2.21772
890 0.696243 0.156827 4.06547
890 -0.332581 0.958074 4.06547
890 -0.167223 0.331558 4.06547
890 -0.0713226 0.0801706 4.06547
890 -0.272767 -0.711246 4.06547
890 0.03181 0.370836 -2.21772
890 0.299697 -0.451166 4.06547
890 -0.0394991 -0.213089 -2.21772
890 -0.556596 0.720577 4.06547
890 -0.755129 0.681174 4.06547
890 0.129465 0.624824 4.06547
890 -0.070869 -0.917047 -2.21772
890 0.732035 0.436837 4.06547
890 -1.01973 0.0110407 -2.21772
890 0.109419 0.571671 4.06547
890 -0.613587 -0.513312 -2.21772
890 0.519719 -0.882103 4.06547
890 0.0492224 0.143853 4.06547
890 -0.78808 -0.109883 4.06547
890 -0.919064 -0.294582 4.06547
890 0.11635 -0.504327 4.06547
890 0.533422 0.865523 4.06547
890 -0.196141 0.0414453 -2.21772
890 0.523654 0.737305 4.06547
890 -0.706718 -0.279074 4.06547
890 0.598958 0.132246 4.06547
890 -0.13783 -0.359712 4.06547
890 0.134478 0.953011 4.06547
890 -0.626632 0.0729218 4.06547
890 0.368223 -0.232876 4.06547
890 -0.114168 0.210453 4.06547
890 0.340443 0.135068 4.06547
890 -0.26491 0.649812 4.06547
890 -0.08551 0.588986 4.06547
890 -0.219683 -0.729029 4.06547
890 -1.00724 -0.165951 4.06547
890 0.754178 0.289383 -2.21772
890 0.200128 -0.205845 -2.21772
890 0.51099 -0.10702 4.06547
890 0.109394 0.0680574 4.06547
890 0.613361 -0.758608 4.06547
890 0.998556 -0.232363 -2.21772
890 -0.60627 -0.829299 4.06547
890 0.21438 -0.00265347 4.06547
890 -0.373475 0.216964 4.06547
890 -0.140894 0.729427 4.06547
890 0.533771 -0.15732 4.06547
890 -0.707737 -0.572876 4.06547
890 0.441027 0.51057 4.06547
890 0.178891 0.254016 4.06547
890 -0.247884 0.358914 4.06547
890 -0.641505 0.169306 4.06547
890 -0.286093 -0.598081 4.06547
890 -0.760229 -0.271489 4.06547
890 -0.392442 0.168259 4.06547
890 0.608213 0.229755 4.06547
890 0.594495 -0.703359 4.06547
890 -0.078198 0.169548 4.06547
890 -0.796267 0.306352 4.06547
890 -0.708284 0.726956 -2.21772
890 0.0210153 -0.67631 4.06547
890 -0.941363 -0.399728 4.06547
890 -1.00971 0.172421 -2.21772
890 -0.771859 -0.373574 4.06547
890 0.496136 0.133174 4.06547
890 0.312844 0.177994 4.06547
890 0.678113 -0.618066 4.06547
890 -0.390718 -0.951653 4.06547
890 0.241085 -0.577722 4.06547
890 0.0820797 0.378855 4.06547
890 -0.135177 0.891607 4.06547
890 0.282796 -0.266053 -2.21772
890 -0.0689197 0.640877 -2.21772
890 -0.706806 -0.748802 4.06547
890 0.841692 -0.2082 4.06547
890 -0.012132 0.800495 4.06547
890 0.363947 0.767481 4.06547
890 -0.736398 -0.160728 4.06547
890 -0.231754 -0.41012 4.06547
890 -0.432635 0.355991 4.06547
890 0.341489 0.407689 4.06547
890 -0.891648 0.35848 4.06547
890 -0.220108 0.464582 4.06547
890 -0.217452 0.000269707 -2.21772
890 -0.568342 -0.544949 4.06547
890 -0.199682 0.371704 4.06547
890 0.020027 0.603769 -2.21772
890 -0.5294 0.630392 4.06547
890 -0.242576 -0.564283 4.06547
890 -0.331344 -0.571096 4.06547
890 0.255451 0.808974 4.06547
890 0.476314 0.367988 4.06547
890 -0.332396 -0.973936 4.06547
890 -0.182782 0.277403 -2.21772
890 -0.194336 0.717798 4.06547
890 -0.247449 0.0445659 4.06547
890 -0.345146 -0.13249 4.06547
890 0.056567 0.0581256 4.06547
890 -0.560512 -0.661763 4.06547
890 0.186281 -0.566123 -2.21772
890 0.393973 0.223779 4.06547
890 0.153216 0.436636 4.06547
890 0.371514 -0.371958 4.06547
890 -0.149367 -1.01923 4.06547
890 0.317091 0.843751 4.06547
890 -0.432968 -0.0673998 4.06547
890 -0.694945 0.159972 4.06547
890 0.15782 0.894316 4.06547
890 0.942185 0.391765 4.06547
890 0.316618 0.728912 4.06547
890 -0.572064 -0.0618213 -2.21772
890 0.466699 -0.849592 4.06547
890 0.351874 -0.603369 4.06547
890 0.458219 -0.338133 4.06547
890 0.901841 0.339162 4.06547
890 0.675849 0.691426 4.06547
890 -0.760874 0.255865 4.06547
890 0.183523 0.675109 4.06547
890 -0.134839 0.435842 -2.21772
890 -0.676205 -0.238866 4.06547
890 0.144412 -0.752139 4.06547
890 0.533135 -0.693936 4.06547
890 0.228368 0.214524 4.06547
890 -0.0184006 0.904892 4.06547
890 -0.537832 -0.202869 -2.21772
890 0.406987 -0.61767 4.06547
890 -0.865965 0.413757 4.06547
890 0.397638 -0.769993 4.06547
890 0.300744 -0.313809 4.06547
890 0.915 0.0116206 4.06547
890 -0.359864 -0.281231 4.06547
890 -0.0857314 -0.234355 4.06547
890 -0.568945 0.228732 4.06547
890 -0.359945 0.129709 4.06547
890 0.226103 0.707789 4.06547
890 -0.851586 -0.45865 4.06547
890 -0.103333 0.685144 4.06547
890 -0.0513551 0.957344 -2.21772
890 -0.838182 0.467189 4.06547
890 0.363926 -0.903822 4.06547
890 -0.821293 -0.616643 -2.21772
890 -0.488285 0.0589257 4.06547
890 0.00203901 0.553679 -2.21772
890 -0.46142 -0.379757 4.06547
890 0.608075 -0.458057 4.06547
890 0.86412 0.0394502 4.06547
890 0.295393 -0.987401 4.06547
890 0.279323 -0.539473 4.06547
890 -0.308169 0.491473 4.06547
890 0.283544 0.63989 4.06547
890 0.425939 -0.523654 4.06547
890 0.321214 0.265806 4.06547
890 -0.192224 0.880451 4.06547
890 0.408943 -0.0987134 4.06547
890 -0.498113 0.804458 4.06547
890 0.701501 -0.673637 -2.21772
890 -0.0211549 -1.03158 4.06547
890 0.0899689 -0.74185 -2.21772
890 -0.186174 -0.634234 -2.21772
890 0.035276 0.0108618 4.06547
890 -0.111849 0.951048 4.06547
890 -0.360971 0.83078 -2.21772
890 -0.361809 -0.783298 4.06547
890 -0.197024 0.134699 4.06547
890 0.0132288 -0.484634 4.06547
890 -0.951159 0.18232 4.06547
890 -0.128587 -0.909079 4.06547
890 -0.832118 0.359401 4.06547
890 0.525501 0.180759 4.06547
890 -0.155038 -0.796457 4.06547
890 0.0460122 -1.0312 -2.21772
890 0.443002 -0.430733 4.06547
890 -0.524617 0.373762 4.06547
890 0.635954 0.794296 4.06547
890 -0.424011 -0.516976 4.06547
890 -0.749522 0.153045 4.06547
890 0.14152 0.527286 4.06547
890 -0.263749 0.307339 4.06547
890 0.232115 0.646481 4.06547
890 -0.367836 -0.38459 4.06547
890 -0.0493224 0.127623 4.06547
890 0.405631 -0.330574 4.06547
890 0.678363 0.203933 4.06547
890 0.423836 0.270617 4.06547
890 0.0367264 0.654766 -2.21772
890 0.695089 0.58482 4.06547
890 -0.239893 -0.0415278 4.06547
890 -0.875171 -0.405178 -2.21772
890 -0.13985 -0.409819 -2.21772
890 -0.442245 0.553801 4.06547
890 -0.190243 0.568693 4.06547
890 0.265056 0.750667 4.06547
890 -0.403353 0.0350679 4.06547
890 -0.230684 0.761361 4.06547
890 -0.0628706 -0.55758 4.06547
890 0.166949 -0.331562 4.06547
890 0.25172 -0.0880746 4.06547
890 1.02017 -0.105307 4.06547
890 -0.23112 -0.4648 4.06547
890 0.523999 0.471418 4.06547
890 0.923402 -0.303517 4.06547
890 0.468066 0.0859782 4.06547
890 0.0892751 0.520627 4.06547
890 0.529629 0.800809 4.06547
890 -0.0261383 -0.520484 4.06547
890 -0.0329998 0.596862 4.06547
890 -0.845579 0.0353533 -2.21772
890 -0.287687 0.912839 4.06547
890 0.00650302 0.69975 4.06547
890 0.291532 -0.0457124 -2.21772
890 -0.24733 0.131798 -2.21772
890 0.17966 -0.381484 4.06547
890 -0.935378 -0.234964 4.06547
890 -0.0159141 -0.0654851 -2.21772
890 0.983744 -0.292892 4.06547
890 0.258655 0.175305 4.06547
890 -0.59204 -0.282169 -2.21772
890 -0.555848 -0.726945 4.06547
890 0.471063 -0.917528 -2.21772
890 -0.495635 0.535492 4.06547
890 0.717587 0.245857 4.06547
890 -0.077291 0.899774 4.06547
890 0.511226 -0.345631 -2.21772
890 -0.211143 0.99162 -2.21772
890 -0.210656 0.662833 4.06547
890 0.0551077 0.560786 4.06547
890 -0.350085 -0.181277 4.06547
890 -0.0178387 -0.717168 4.06547
890 -0.0863707 -0.860762 4.06547
890 0.665349 -0.467089 4.06547
890 -0.000415893 0.412231 4.06547
890 0.543907 0.63116 4.06547
890 0.640176 0.48095 4.06547
890 -1.0182 0.071095 -2.21772
890 0.336091 -0.412166 4.06547
890 -0.890579 -0.193041 4.06547
890 0.555778 -0.596594 4.06547
890 -0.38317 0.372788 4.06547
890 0.7625 -0.023854 4.06547
890 -0.0711777 -0.707477 4.06547
890 0.599975 0.0314882 4.06547
890 0.258265 0.449565 4.06547
890 0.387146 -0.281414 4.06547
890 -0.0674444 0.794223 -2.21772
890 0.965179 -0.0733587 4.06547
890 0.0812043 -0.298911 -2.21772
890 -0.841406 -0.151714 4.06547
890 -0.242598 -0.88464 4.06547
890 1.01182 0.14748 4.06547
890 -0.859887 -0.0230197 4.06547
890 0.267022 0.35733 4.06547
890 0.735791 0.70587 4.06547
890 0.0695409 -0.023587 -2.21772
890 0.140701 -0.280096 4.06547
890 0.0722567 0.757119 4.06547
890 -0.480164 0.196629 4.06547
890 -0.496565 -0.239588 4.06547
890 -0.102151 0.257345 4.06547
890 0.813769 0.281233 4.06547
890 1.02344 -0.0416961 4.06547
890 0.165086 -0.805827 4.06547
890 -0.516661 0.427704 4.06547
890 0.608875 0.336982 4.06547
890 0.195414 0.536564 4.06547
890 -0.73301 0.0528586 4.06547
890 -0.608291 -0.450669 4.06547
890 0.762537 0.48874 4.06547
890 0.583513 0.277564 4.06547
890 -0.714883 0.106423 4.06547
890 -0.448108 -0.220594 4.06547
890 -0.428858 0.607684 4.06547
890 0.725101 -0.473929 4.06547
890 -0.620249 -0.572174 4.06547
890 0.870934 0.267726 4.06547
890 -0.656289 -0.79152 4.06547
890 -0.452167 -0.859058 4.06547
890 0.640507 0.385881 4.06547
890 0.0988319 -0.903136 4.06547
890 0.329255 -0.138021 4.06547
890 -0.209731 -0.784378 4.06547
890 -0.382005 0.0828944 4.06547
890 -0.156494 0.83284 -2.21772
890 0.0215771 -0.0378607 4.06547
890 -0.139262 -0.457566 4.06547
890 0.0737441 -0.687727 4.06547
890 -0.416442 -0.4095 -2.21772
890 -0.471968 -0.545261 4.06547
890 -0.16959 0.47643 4.06547
890 -0.413368 -0.756688 4.06547
890 -0.549116 0.277665 4.06547
890 -0.270211 0.451862 4.06547
890 -0.343278 -0.909051 4.06547
890 -0.0833473 -0.654677 4.06547
890 -0.457469 -0.325794 4.06547
890 -0.359736 0.477998 4.06547
890 0.761226 -0.0760178 4.06547
890 -0.953002 -0.111354 4.06547
890 -0.71651 -0.642262 4.06547
890 0.913597 -0.0524778 4.06547
890 0.231813 -0.825387 4.06547
890 -0.827251 0.091013 4.06547
890 -0.769753 0.100147 4.06547
890 0.399884 -0.190537 -2.21772
890 0.62666 -0.8194 4.06547
890 -0.446882 0.158439 4.06547
890 -0.584122 -0.220573 4.06547
890 -0.373753 -0.662085 4.06547
890 0.339382 0.22139 4.06547
890 -0.782093 0.200873 4.06547
890 0.217253 0.588514 4.06547
890 0.673358 -0.367196 4.06547
890 -0.126753 -0.20371 -2.21772
890 0.548948 -0.74681 4.06547
890 -0.28536 0.746186 4.06547
890 0.254144 -0.776206 4.06547
890 -0.376181 -0.601879 4.06547
890 -0.406568 -0.820466 4.06547
890 0.472891 0.180172 4.06547
890 -0.211528 -1.00783 -2.21772
890 0.462357 0.565803 4.06547
890 -0.0810943 -0.18324 4.06547
890 0.63137 0.181157 4.06547
890 -0.114336 -0.551097 4.06547
890 -0.0161972 0.648196 4.06547
890 0.547512 0.132763 -2.21772
890 -0.675237 -0.0857559 4.06547
890 0.272538 0.263895 4.06547
890 1.01958 0.0848613 4.06547
890 0.886573 0.502407 -2.21772
890 -0.0102785 -0.570817 4.06547
890 -0.816414 0.25166 -2.21772
890 0.859512 0.100672 4.06547
890 -0.47084 -0.0309974 4.06547
890 -0.776868 0.463726 4.06547
890 0.87864 -0.250405 4.06547
890 0.822857 0.496587 4.06547
890 -0.519522 -0.51636 4.06547
890 -0.0861621 0.305727 4.06547
890 -0.0946884 -0.395851 4.06547
890 0.366268 0.709144 4.06547
890 0.243719 -0.0422916 4.06547
890 -0.0443463 -0.814227 4.06547
890 0.90317 -0.362419 4.06547
890 -0.100035 -0.805773 4.06547
890 -1.0194 -0.04842 4.06547
890 0.389358 -0.564068 4.06547
890 -0.602343 -0.334854 4.06547
890 -0.172058 -0.226381 4.06547
890 -0.320531 0.439039 -2.21772
890 -1.01304 -0.10768 4.06547
890 -0.275447 -0.384221 4.06547
890 -0.727405 0.206779 4.06547
890 -0.223475 -0.304439 4.06547
890 -0.174696 0.0843333 4.06547
890 0.0896265 0.660587 4.06547
890 0.967627 -0.0128326 4.06547
890 0.095716 -0.253023 -2.21772
890 -0.454912 0.0212675 4.06547
890 -0.0155423 0.224936 4.06547
890 -0.187521 -0.435702 4.06547
890 -0.535231 0.186908 4.06547
890 0.54297 -0.0616714 4.06547
890 0.582278 0.381211 4.06547
890 -0.774118 0.36006 4.06547
890 -0.248189 0.704314 4.06547
890 0.908076 -0.119309 4.06547
890 0.0611342 -0.0729903 4.06547
890 0.263102 -0.219434 4.06547
890 -0.0121737 -0.923774 4.06547
890 0.15711 0.783588 4.06547
890 -0.6553 -0.477071 4.06547
890 -0.121517 0.631963 4.06547
890 0.230588 -0.131094 4.06547
890 0.617129 0.080459 4.06547
890 0.199141 -0.0559227 -2.21772
890 0.263238 0.0889889 4.06547
890 -0.758424 -0.603504 4.06547
890 0.844792 -0.587099 4.06547
890 -0.549983 -0.315392 4.06547
890 0.366929 0.179187 4.06547
890 0.0722361 0.957747 4.06547
890 -0.256974 0.504455 4.06547
890 -0.00815627 -0.391608 4.06547
890 0.596539 0.625856 4.06547
890 -0.403047 0.719612 4.06547
890 -0.506475 0.480163 4.06547
890 0.0879633 -0.405854 4.06547
890 -0.666573 -0.536501 -2.21772
890 -0.515607 -0.459443 4.06547
890 0.671263 0.4347 -2.21772
890 -0.948166 -0.173548 4.06547
890 0.472118 -0.245314 4.06547
890 0.211249 0.878048 4.06547
890 0.494996 0.0371397 4.06547
890 0.650749 -0.071738 4.06547
890 -0.322341 -0.411074 4.06547
890 0.368033 0.885032 4.06547
890 0.0498046 -0.438894 -2.21772
890 -0.737684 0.6215 4.06547
890 0.428118 0.61251 4.06547
890 0.173598 0.729617 4.06547
890 0.0139692 0.321674 4.06547
890 -0.6162 0.432407 4.06547
890 0.477497 0.897317 4.06547
890 -0.118592 0.486804 4.06547
890 0.573002 -0.501332 4.06547
890 0.184225 0.394692 4.06547
890 0.254031 -0.942788 4.06547
890 -0.706192 0.260279 4.06547
890 0.70052 0.38755 4.06547
890 -0.398538 -0.88568 4.06547
890 0.585506 0.829674 -2.21772
890 0.319012 -0.362808 -2.21772
890 -0.809571 0.520596 -2.21772
890 0.788363 0.335623 -2.21772
890 -0.00234983 0.273092 4.06547
890 0.342249 0.044649 4.06547
890 -0.0861224 -1.0271 -2.21772
890 0.181074 -0.710806 4.06547
890 0.598011 -0.307623 4.06547
890 -0.602374 -0.761079 4.06547
890 0.151796 0.162292 4.06547
890 0.536262 -0.54386 4.06547
890 -0.254024 -0.825574 -2.21772
890 0.291555 0.0464132 4.06547
890 0.295884 -0.808333 4.06547
890 -0.50179 0.744555 4.06547
890 -0.798751 0.630171 4.06547
890 -0.205636 0.516749 4.06547
890 0.382493 -0.714306 4.06547
890 -0.664799 -0.60754 -2.21772
890 0.296349 -0.590002 4.06547
890 0.386342 0.505554 4.06547
890 0.639151 -0.169194 4.06547
890 0.164601 -0.657151 4.06547
890 -0.303333 0.690207 4.06547
890 0.348152 -0.185167 4.06547
890 -0.0184669 0.362946 4.06547
890 0.0442602 0.806095 4.06547
890 0.7143 -0.00159371 4.06547
890 -0.147261 -0.591394 4.06547
890 -0.370257 -0.437136 4.06547
890 0.43095 -0.147166 4.06547
890 0.106918 -0.154098 4.06547
890 0.847227 0.328218 4.06547
890 0.417532 0.0877548 4.06547
890 -0.453226 -0.272933 4.06547
890 0.334321 -0.551515 4.06547
890 -0.929384 0.413231 4.06547
890 -0.233892 0.4119 4.06547
890 0.729009 -0.37417 4.06547
890 0.0630575 -0.124561 -2.21772
890 0.804367 -0.167527 4.06547
890 0.310365 0.787935 4.06547
890 -0.43592 0.0722718 4.06547
890 -0.400487 0.516139 4.06547
890 -0.589059 0.177726 4.06547
890 0.845187 -0.367944 4.06547
890 0.777274 0.237238 4.06547
890 -0.470793 0.646025 -2.21772
890 -0.711688 -0.046892 4.06547
890 -0.223766 0.0877886 4.06547
890 -0.329886 -0.514637 4.06547
890 -0.613896 0.809576 4.06547
890 -0.853641 0.304135 4.06547
890 -0.0359525 0.314075 4.06547
890 0.042628 1.01412 4.06547
890 -0.402778 0.872923 4.06547
890 -0.377159 -0.544015 -2.21772
890 0.424328 -0.38038 4.06547
890 -0.360964 0.678123 4.06547
890 -0.0500944 -0.0359287 4.06547
890 -0.200296 0.225851 4.06547
890 0.814278 0.00658144 4.06547
890 -0.803065 -0.00491911 -2.21772
890 -0.849624 -0.0978667 4.06547
890 -0.501624 0.147779 4.06547
890 -0.0502649 0.546181 4.06547
890 -0.779584 -0.21678 4.06547
890 0.915832 0.447981 4.06547
890 -0.00472918 -0.344012 4.06547
890 -0.349588 0.0448806 4.06547
890 0.911824 0.0750541 -2.21772
890 0.571737 -0.858238 -2.21772
890 0.275794 0.692012 4.06547
890 -0.628998 0.32146 4.06547
890 -0.422611 0.40976 4.06547
890 -0.185834 -0.898661 4.06547
890 0.0190795 0.184062 4.06547
890 0.417347 0.46006 -2.21772
890 0.331894 0.501417 -2.21772
890 -0.114242 -0.0997501 4.06547
890 -0.488898 -0.134211 4.06547
890 -0.271478 -0.33204 4.06547
890 -0.404349 -0.25244 4.06547
890 -0.399379 -0.201511 4.06547
890 -0.305708 -0.205492 4.06547
890 0.503586 -0.201755 4.06547
890 0.378389 0.647451 4.06547
890 0.0275387 -0.532944 4.06547
890 -0.468521 0.109771 4.06547
890 -0.149135 1.00296 -2.21772
890 -0.961886 -0.0517835 -2.21772
890 0.637412 -0.6611 4.06547
890 0.49848 -0.586985 4.06547
890 0.107786 -0.0579357 4.06547
890 -0.0784819 -0.50547 4.06547
890 0.0788732 -0.355584 4.06547
890 0.193673 -0.102021 -2.21772
890 0.324562 0.604965 4.06547
890 0.578259 0.181326 4.06547
890 -0.332961 0.386872 4.06547
890 -0.263989 -0.767915 4.06547
890 -0.310604 -0.255989 4.06547
890 -0.0292327 -0.868487 4.06547
890 0.76586 -0.687159 4.06547
890 -0.347551 0.530592 4.06547
890 0.0740351 0.610128 4.06547
890 -0.058241 -0.760634 4.06547
890 0.531563 -0.396783 4.06547
890 -0.0875028 0.738744 4.06547
890 0.760812 0.0860737 -2.21772
890 -0.787588 -0.162704 4.06547
890 0.5168 -0.491395 -2.21772
890 -0.0433645 0.849779 4.06547
890 -0.206197 -0.148854 4.06547
890 -0.0406077 -0.471034 -2.21772
890 0.49721 -0.439606 -2.21772
890 -0.743538 0.411157 4.06547
890 0.510111 -0.811172 4.06547
890 -0.112489 -0.75166 4.06547
890 -0.281943 0.257012 4.06547
890 -0.136392 0.291627 -2.21772
890 -0.0495236 -0.97465 4.06547
890 0.30115 0.969554 4.06547
890 -0.418373 -0.693877 4.06547
890 0.233321 -1.00456 4.06547
890 0.370972 0.36211 4.06547
890 0.194167 -0.953338 4.06547
890 -0.134983 -0.644813 4.06547
890 0.0010374 -0.437733 4.06547
890 -0.548622 0.512076 4.06547
890 0.13111 0.246521 4.06547
890 -0.171515 0.184481 4.06547
890 1.00062 0.209556 4.06547
890 0.501139 0.227229 -2.21772
890 0.121337 0.477927 4.06547
890 -0.537356 0.571921 4.06547
890 -0.748897 -0.00113405 4.06547
890 -0.0745144 0.000964149 4.06547
890 0.461171 -0.63235 -2.21772
890 -0.620331 0.223565 4.06547
890 -0.973943 0.296185 -2.21772
890 0.854131 0.555193 4.06547
890 -0.900104 -0.0741798 4.06547
890 -0.316354 0.00553816 4.06547
890 0.738182 0.195874 4.06547
890 -0.493316 0.284725 4.06547
890 -0.176426 -0.687837 4.06547
890 0.186429 -0.855439 4.06547
890 0.0950078 -0.592982 4.06547
890 0.352886 0.550052 4.06547
890 0.697982 -0.421432 4.06547
890 -0.397286 0.318354 4.06547
890 0.81293 -0.107671 4.06547
890 0.634476 -0.26238 4.06547
890 0.127224 -0.853006 4.06547
890 0.567925 0.0825978 4.06547
890 0.450894 0.318893 4.06547
890 0.0392765 -0.327695 4.06547
890 -0.816702 -0.0581747 4.06547
890 0.610053 -0.213973 4.06547
890 0.148304 -0.605102 4.06547
890 0.607458 0.527086 4.06547
890 -0.49072 -0.185714 4.06547
890 -0.53135 0.323946 4.06547
890 0.036356 0.511318 -2.21772
890 0.666567 -0.216937 4.06547
890 -0.387918 0.569227 -2.21772
890 -0.706544 0.563466 4.06547
890 -0.588521 0.54894 4.06547
890 0.267072 -0.352114 4.06547
890 -0.228778 -0.674437 -2.21772
890 -0.473805 0.392234 4.06547
890 -0.885196 0.0877359 4.06547
890 -0.732772 -0.104048 4.06547
890 -0.521693 0.0971607 4.06547
890 0.0637572 0.329383 4.06547
890 0.950546 -0.188188 4.06547
890 -0.333245 -0.0381127 -2.21772
890 0.225034 -0.894836 4.06547
890 -0.227343 0.609316 4.06547
890 -0.769292 -0.47578 4.06547
890 0.353253 -0.322684 4.06547
890 0.912189 -0.47517 -2.21772
890 0.239258 0.0436796 4.06547
890 -0.412938 -0.356401 4.06547
890 -0.747139 -0.531901 4.06547
890 0.477624 -0.388602 4.06547
890 0.35179 -0.807273 4.06547
890 -0.148513 0.0352607 -2.21772
890 -0.169735 -0.958296 4.06547
890 0.318955 0.359832 4.06547
890 -0.419366 0.810363 4.06547
890 -0.963507 0.0161471 4.06547
890 -0.100764 -0.0497414 -2.21772
890 -0.581378 0.610246 4.06547
890 0.128944 -0.372941 4.06547
890 -0.716838 0.364001 4.06547
890 0.51821 0.0842547 4.06547
890 0.133026 -0.959265 4.06547
890 0.392853 0.042342 4.06547
890 0.245276 0.309956 4.06547
890 0.500778 0.418059 4.06547
890 -0.466813 -0.433592 -2.21772
890 0.119964 -0.32375 4.06547
890 -0.423312 -0.573323 4.06547
890 0.101386 0.428488 4.06547
890 0.557445 0.324792 4.06547
890 -0.60566 0.747189 4.06547
890 -0.274178 0.170989 4.06547
890 -0.532601 -0.0987691 4.06547
890 0.615836 -0.607267 -2.21772
890 -0.513856 0.683484 4.06547
890 -0.272235 0.97665 4.06547
890 0.247924 -0.30202 4.06547
890 -0.739836 0.310015 4.06547
890 -0.0157451 0.503758 4.06547
890 0.0823098 0.239352 -2.21772
890 0.0782867 -0.975472 4.06547
890 0.234871 -0.720761 4.06547
890 0.174194 0.48616 4.06547
890 0.290044 -0.737105 4.06547
890 0.366865 -0.00277613 4.06547
890 0.450986 -0.792166 4.06547
890 0.389871 -0.0509477 4.06547
890 0.611558 0.431038 4.06547
890 0.443718 0.0397797 4.06547
890 0.586003 -0.405221 4.06547
890 0.0276056 0.0957285 4.06547
890 0.690772 -0.519974 4.06547
890 -0.1661 -0.173104 4.06547
890 -0.200285 -0.0997586 4.06547
890 -0.629679 0.646491 4.06547
890 -0.55541 0.136362 4.06547
890 -0.295208 -0.104345 -2.21772
890 -0.482537 -0.0829974 4.06547
890 0.763883 0.031673 4.06547
890 -0.926431 0.129623 4.06547
890 0.594208 -0.554212 4.06547
890 -0.453279 0.499583 4.06547
890 -0.505858 0.00657998 4.06547
890 0.0332808 0.23212 4.06547
890 0.0974258 -0.201822 4.06547
890 0.561971 -0.111405 4.06547
890 -0.555523 -0.368906 4.06547
890 0.864113 -0.0821779 4.06547
890 -0.0333291 -0.164286 4.06547
890 0.722367 -0.733229 4.06547
890 0.447727 0.225589 4.06547
890 0.01786 0.461751 4.06547
890 0.145381 0.296104 4.06547
890 0.4766 0.273025 4.06547
890 -0.447429 -0.925967 4.06547
890 -0.762966 -0.0564997 4.06547
890 -0.902012 0.0353424 4.06547
890 0.108138 -0.797017 4.06547
890 -0.0514076 -0.421176 -2.21772
890 0.950262 0.171441 4.06547
890 0.224622 -0.527889 -2.21772
890 0.264652 0.86335 4.06547
890 -0.0219715 0.0866177 -2.21772
890 0.149249 -0.181038 4.06547
890 0.239194 0.987377 4.06547
890 -0.0519202 0.26576 4.06547
890 0.416871 -0.00563409 4.06547
890 0.616434 0.676534 4.06547
890 0.467137 -0.00871213 4.06547
890 0.491171 -0.0578722 4.06547
890 0.423315 0.861446 4.06547
890 -0.512395 0.876127 -2.21772
890 0.633474 0.57815 4.06547
890 -0.370134 -0.00196604 4.06547
890 -0.0938001 -0.33919 4.06547
890 0.0568416 -0.172973 4.06547
890 0.474455 0.773006 4.06547
890 -0.269775 -0.00146516 4.06547
890 0.419844 0.924924 4.06547
890 0.664125 -0.121484 4.06547
890 0.36982 0.823781 4.06547
890 -0.917127 -0.455755 4.06547
890 0.658374 0.631574 4.06547
890 0.283193 -0.401756 4.06547
890 0.126917 -0.698187 4.06547
890 -0.218309 -0.251954 4.06547
890 0.254915 0.924896 4.06547
890 -0.80798 -0.423595 4.06547
890 0.194763 0.304385 4.06547
890 -0.328051 0.0905994 4.06547
890 -0.390349 -0.101652 4.06547
890 0.0391018 -0.385704 4.06547
890 0.415354 0.685497 4.06547
890 0.857331 -0.145067 4.06547
890 -0.648157 -0.361265 4.06547
890 0.650769 0.131026 -2.21772
890 0.132778 0.387258 4.06547
890 0.36665 0.0895058 4.06547
890 -0.283008 0.3993 4.06547
890 0.0493511 -0.927439 4.06547
890 -0.281118 0.59708 4.06547
890 0.152447 -0.0711568 4.06547
890 0.422445 0.800674 4.06547
890 -0.684731 -0.185425 4.06547
890 0.121845 -0.0143934 4.06547
890 -0.27685 -0.43775 4.06547
890 -0.392702 0.93598 -2.21772
890 0.267997 0.591864 -2.21772
890 0.174428 1.00106 4.06547
890 -0.353277 -0.845363 4.06547
890 0.287459 0.133906 4.06547
890 -0.996077 -0.225259 4.06547
890 -0.640175 0.703232 4.06547
890 0.710774 0.0496219 4.06547
890 -0.420755 -0.0159189 4.06547
890 0.357546 -0.0949674 -2.21772
890 -0.00175425 -0.293339 -2.21772
890 -0.0530379 -0.367187 4.06547
890 -0.515725 -0.631148 4.06547
890 0.0644582 0.705563 4.06547
890 0.411884 -0.946851 4.06547
890 -0.484612 0.591807 -2.21772
890 -0.578669 0.670556 -2.21772
890 -0.15703 0.674925 4.06547
890 -0.46624 -0.66259 4.06547
890 0.422934 -0.673977 4.06547
890 -0.425497 0.206701 4.06547
890 -0.781613 -0.665406 4.06547
890 -0.375501 -0.488899 4.06547
890 0.468052 0.715514 4.06547
890 -0.307234 0.136494 4.06547
890 -0.555404 -0.864708 -2.21772
890 -0.687892 -0.329732 4.06547
890 0.757498 -0.425986 4.06547
890 0.0785255 0.851412 -2.21772
890 -0.463515 0.445728 4.06547
890 -0.887283 -0.5103 4.06547
890 -0.347627 0.334372 4.06547
890 0.716521 -0.57332 4.06547
890 -0.31969 -0.358477 4.06547
890 -0.135461 -0.307601 4.06547
890 -0.022018 1.01437 4.06547
890 -0.62327 -0.0781539 4.06547
890 -0.32978 -0.630169 4.06547
890 -0.963239 -0.342873 4.06547
890 0.512702 0.676508 4.06547
890 -0.443009 -0.168502 4.06547
890 0.729831 0.537434 4.06547
890 0.439185 -0.28829 4.06547
890 0.0695869 0.470399 4.06547
890 0.478314 -0.689362 4.06547
890 0.585934 -0.163005 4.06547
890 -0.276017 0.0936975 -2.21772
890 -0.380397 0.77068 4.06547
890 0.160398 0.0779204 -2.21772
890 -0.280579 -0.654991 4.06547
890 -0.60226 -0.39308 4.06547
890 -0.0988596 0.122707 4.06547
890 0.112396 -1.02541 4.06547
890 -0.171336 0.941503 -2.21772
890 0.338934 -0.75471 4.06547
890 -0.578703 0.338778 4.06547
890 0.140891 -0.420599 -2.21772
890 -0.142674 -0.852076 4.06547
890 0.132862 0.684404 -2.21772
890 -0.300568 -0.15507 4.06547
890 -0.228629 -0.945499 4.06547
890 0.447377 0.414204 4.06547
890 -0.323294 -0.463812 4.06547
890 0.2297 -0.252372 4.06547
890 0.985918 0.27167 4.06547
890 -0.871742 0.524567 4.06547
890 -0.831617 -0.366862 4.06547
890 -0.0341056 0.745832 4.06547
890 -0.553718 -0.79629 4.06547
890 -0.633443 0.584105 4.06547
890 0.44461 0.133747 4.06547
890 -0.728242 -0.219656 -2.21772
890 0.274316 -0.681214 -2.21772
890 -0.560449 0.842461 4.06547
890 -0.266587 -0.281039 4.06547
890 0.720945 -0.226503 4.06547
890 -0.340035 0.17689 4.06547
890 -0.537931 -0.150488 4.06547
890 -0.152957 0.236882 4.06547
890 -0.181319 -0.331518 -2.21772
890 0.407582 -0.472167 -2.21772
890 -0.341816 0.730584 4.06547
890 0.316825 -0.500939 4.06547
890 0.163743 0.345849 4.06547
890 -0.0992797 0.0398193 4.06547
890 -0.627953 -0.244041 4.06547
890 -0.174211 0.621266 4.06547
890 0.745878 -0.180053 4.06547
890 -0.51992 -0.573995 -2.21772
890 0.529798 0.371543 4.06547
890 0.119495 0.73571 4.06547
890 1.01237 -0.169953 -2.21772
890 -0.415844 0.663397 4.06547
890 0.935372 -0.244777 4.06547
890 -0.741637 -0.328192 -2.21772
890 0.329244 -0.696022 4.06547
890 0.3894 -0.421745 4.06547
890 -0.0145144 -0.00254183 4.06547
890 0.305271 -0.0919188 4.06547
890 -0.334448 0.583787 4.06547
890 -0.0752595 -0.133573 4.06547
890 -0.583345 -0.114636 4.06547
890 -0.345025 0.894044 4.06547
890 -0.565177 -0.48542 4.06547
890 0.108102 1.0101 -2.21772
890 0.347004 0.314041 4.06547
890 -0.158874 -0.118433 4.06547
890 0.757933 -0.323311 4.06547
890 0.477695 0.833915 4.06547
890 -0.442124 0.297281 4.06547
890 -0.991754 0.119934 4.06547
890 -0.615092 0.379526 4.06547
890 0.741989 -0.628501 4.06547
890 0.278676 -0.134541 -2.21772
890 0.211203 0.0841868 4.06547
890 -0.183021 -0.488498 4.06547
890 -0.0687786 0.354858 4.06547
890 0.361233 0.948929 4.06547
890 0.180239 -0.248404 4.06547
890 -0.837453 0.195934 4.06547
890 0.315411 0.0907959 4.06547
890 -0.643273 0.0198249 4.06547
890 -0.514059 0.23588 4.06547
890 -0.875932 -0.252701 4.06547
890 0.864995 -0.0209473 4.06547
890 -0.716492 0.457518 4.06547
890 -0.562819 0.456354 4.06547
890 0.922779 0.285546 4.06547
890 -0.658488 -0.0335118 4.06547
890 0.686855 0.752625 4.06547
890 -0.176472 0.774714 4.06547
890 0.200711 -0.767091 4.06547
890 -0.603648 0.491838 4.06547
890 0.708036 -0.0596875 4.06547
890 0.458747 0.656853 4.06547
890 0.333047 -0.85864 4.06547
890 -0.540067 0.0450377 4.06547
890 0.58112 0.476061 4.06547
890 -0.676929 0.41631 4.06547
890 -0.0455028 -0.610676 4.06547
890 -0.679528 0.0621301 4.06547
890 -0.552933 0.782745 -2.21772
890 0.625519 0.733306 4.06547
890 -0.462812 -0.726639 4.06547
890 0.113581 0.337567 4.06547
890 -0.102168 0.537733 4.06547
890 -0.333661 0.244283 -2.21772
890 -0.691335 0.67028 4.06547
890 -0.128289 0.166614 4.06547
890 -0.339956 -0.084874 4.06547
890 0.120049 0.199809 4.06547
890 0.0427482 -0.582963 4.06547
890 0.420032 -0.239112 4.06547
890 0.701077 0.4848 4.06547
890 -0.458115 -0.792249 4.06547
890 -0.598469 0.279246 4.06547
890 0.313293 -0.641897 4.06547
890 0.205228 0.17027 4.06547
890 -0.368892 -0.722412 -2.21772
890 0.792927 0.438053 4.06547
890 0.0687293 0.191965 4.06547
890 -0.700096 -0.439888 4.06547
890 0.889238 0.203401 4.06547
890 0.107736 -0.104767 4.06547
890 0.267139 0.00232509 4.06547
890 0.554577 0.228825 4.06547
890 -0.818348 -0.503866 -2.21772
890 -0.950597 0.0739617 4.06547
890 0.752738 -0.526554 4.06547
890 -0.0643562 0.217846 4.06547
890 -0.137831 0.579572 4.06547
890 0.00208185 -0.241894 4.06547
890 0.834978 0.223529 -2.21772
890 -0.914771 -0.0189248 4.06547
890 -0.00304708 -0.770501 4.06547
890 -0.912452 0.301418 4.06547
890 0.795645 0.182068 4.06547
890 -0.654152 -0.725877 4.06547
890 -0.898125 -0.351319 4.06547
890 0.0535009 -0.785818 4.06547
890 0.00618744 -0.623092 4.06547
890 0.225495 0.260875 4.06547
890 0.410158 0.555533 4.06547
890 0.666155 0.0788449 4.06547
890 -0.251842 -0.134718 4.06547
890 0.23123 -0.392159 4.06547
890 -0.314222 0.295758 4.06547
890 0.717949 0.643994 4.06547
890 0.423392 0.364864 4.06547
890 -0.770795 0.571236 4.06547
890 -0.502388 -0.896962 -2.21772
890 0.247812 0.541586 4.06547
890 0.612893 -0.116333 4.06547
890 -0.735845 -0.70106 4.06547
890 -0.834764 -0.208186 4.06547
890 -0.28544 -0.539903 -2.21772
890 -0.118957 0.343975 4.06547
890 -0.166189 -0.741818 4.06547
890 0.078668 0.105117 4.06547
890 -0.184733 0.424535 -2.21772
890 -0.000416586 0.135589 -2.21772
890 0.460009 -0.102785 4.06547
890 0.849241 -0.477981 4.06547
890 0.564817 -0.352824 -2.21772
890 -0.048092 -0.315371 4.06547
890 0.568206 -0.0150681 4.06547
890 0.0053443 0.0469696 4.06547
890 -0.123795 -0.00968903 4.06547
890 -0.447192 0.762481 4.06547
890 0.940239 -0.415623 4.06547
890 0.641409 -0.413438 4.06547
890 -0.225352 -0.517963 4.06547
890 0.491543 -0.295077 4.06547
890 -0.214589 0.318231 4.06547
890 0.676015 -0.776974 -2.21772
890 -0.086116 1.01071 -2.21772
890 -0.196483 -0.579768 4.06547
890 -0.70806 -0.381572 4.06547
890 0.503916 0.321794 4.06547
890 0.693512 0.293466 4.06547
890 0.305086 -0.917308 4.06547
890 -0.374587 0.623457 4.06547
890 0.633633 0.292875 4.06547
890 -0.286569 -0.929046 4.06547
890 0.0301283 -0.876673 -2.21772
890 -0.898907 -0.134619 4.06547
890 -0.469197 -0.602475 4.06547
890 -0.317228 -0.747155 -2.21772
890 0.575259 -0.649648 4.06547
890 0.9661 0.33325 -2.21772
890 0.170357 -0.516837 4.06547
890 0.7792 0.65659 4.06547
890 0.80667 0.123212 4.06547
890 -0.459062 0.245412 -2.21772
890 -0.19858 -0.840797 4.06547
890 0.754371 -0.271037 4.06547
890 0.295768 -0.180038 4.06547
890 -0.695997 0.00817247 4.06547
890 0.712476 -0.112281 4.06547
890 0.964475 -0.35482 4.06547
890 0.205395 0.443258 4.06547
890 0.895733 -0.186564 4.06547
890 0.241233 -0.178396 4.06547
890 -0.121733 -0.1515 -2.21772
890 -0.298526 -0.866816 -2.21772
890 0.556217 -0.20771 -2.21772
890 -0.507619 -0.760779 -2.21772
890 0.471122 0.464732 4.06547
890 -0.857428 -0.562339 4.06547
890 -0.586838 -0.166823 4.06547
890 -0.608427 0.125621 -2.21772
890 -0.805954 0.145641 4.06547
890 0.79071 0.546716 4.06547
890 -0.873075 0.247589 4.06547
890 -0.267115 0.805244 4.06547
890 0.866139 -0.308099 4.06547
890 -0.607635 -0.0228922 4.06547
890 -0.953708 0.355347 4.06547
890 -0.383609 -0.0521527 -2.21772
890 1.02352 0.0216614 4.06547
890 -0.371443 0.425486 4.06547
890 0.0421602 0.904672 4.06547
890 -0.673366 0.213841 4.06547
890 0.0995892 0.153121 4.06547
890 -0.856436 -0.310342 4.06547
890 -0.212436 -0.199932 4.06547
890 0.0205953 -0.095812 4.06547
890 0.0725647 -0.843252 4.06547
890 0.0103599 0.959214 4.06547
890 0.618675 -0.0187387 4.06547
890 0.656779 0.248674 4.06547
890 0.141345 0.842565 4.06547
890 -0.220897 0.17753 4.06547
890 0.553861 0.425852 4.06547
890 -0.0441304 -0.264004 4.06547
890 0.288866 0.404794 4.06547
890 -0.324474 -0.688781 4.06547
890 -0.479531 0.337382 4.06547
890 -0.653769 -0.414628 4.06547
890 0.903263 0.138977 4.06547
890 -0.0510701 0.404317 -2.21772
890 0.806649 -0.638507 4.06547
890 0.821076 0.384823 -2.21772
890 0.0130702 -0.978869 -2.21772
890 -0.664054 0.365742 4.06547
890 0.246418 -0.440896 4.06547
890 -0.151091 0.384294 4.06547
890 -0.804618 0.412623 4.06547
890 0.375515 0.597081 4.06547
890 -0.229903 0.928745 4.06547
890 0.392768 0.134443 4.06547
890 0.36879 -0.657229 4.06547
890 0.630785 -0.511279 4.06547
890 -0.930946 0.243052 4.06547
890 -0.663763 0.767521 -2.21772
890 0.878417 -0.421154 4.06547
890 0.0585232 -0.634738 4.06547
890 0.695016 -0.168586 4.06547
890 -0.651376 0.267558 4.06547
890 -0.0315693 -0.663916 4.06547
890 0.482157 -0.152133 4.06547
890 0.14102 0.0297546 4.06547
890 0.155047 -0.468403 -2.21772
890 -0.501845 -0.293344 4.06547
890 -0.510795 -0.694085 4.06547
890 -0.237135 -0.620147 4.06547
890 0.0792024 -0.541573 4.06547
890 0.815994 -0.531025 4.06547
890 0.27407 -0.865117 4.06547
890 0.417857 -0.88381 4.06547
890 -0.797761 -0.318788 -2.21772
890 0.101253 0.901178 4.06547
890 -0.0297977 0.176636 4.06547
890 0.213212 0.768487 4.06547
890 -0.322713 0.788275 4.06547
890 0.105315 0.8 -2.21772
890 -0.27537 -0.490978 4.06547
890 -0.544857 -0.259027 4.06547
890 0.0963175 0.28805 4.06547
890 -0.569682 -0.602514 4.06547
890 0.312372 0.906174 4.06547
890 0.878209 0.392442 4.06547
890 0.196638 -0.293839 4.06547
890 0.849685 0.162055 4.06547
890 0.150742 -0.125967 4.06547
890 0.544409 -0.301771 4.06547
890 0.760983 0.387215 4.06547
890 -0.185183 -0.383414 4.06547
890 -0.355043 -0.230912 4.06547
890 -0.31542 -0.306836 4.06547
890 0.380019 -0.142435 4.06547
890 -0.901761 0.469228 4.06547
890 0.668137 0.531625 4.06547
890 0.363819 0.456241 4.06547
890 -0.297412 0.347292 -2.21772
890 0.787455 -0.374964 4.06547
890 0.440188 -0.0542792 4.06547
890 -0.505614 -0.347914 4.06547
890 0.33518 -0.274184 4.06547
890 0.451574 -0.196067 4.06547
890 0.0881055 0.022576 4.06547
890 0.546954 0.0344933 4.06547
890 -0.470419 -0.489061 4.06547
890 0.710613 0.106446 4.06547
890 0.111043 -0.64516 4.06547
890 0.444027 -0.576838 4.06547
890 -0.453524 0.90978 4.06547
890 -0.242849 0.556917 4.06547
890 -0.616222 -0.635579 4.06547
890 0.517625 -0.0118326 4.06547
890 0.310534 0.452788 4.06547
890 0.439368 -0.730727 4.06547
890 -0.101537 0.394999 4.06547
890 -0.364311 -0.332439 4.06547
890 -0.228282 -0.356918 4.06547
890 0.81066 -0.317519 -2.21772
890 -0.125048 0.0812048 4.06547
890 0.257753 -0.628641 4.06547
890 0.173434 0.207536 4.06547
890 0.966207 0.0488442 4.06547
890 -0.295165 0.544183 4.06547
890 -0.606532 -0.693815 4.06547
890 0.0638368 -0.490453 4.06547
890 -0.247093 -0.0877875 -2.21772
890 -0.591675 0.0313398 4.06547
890 0.705547 -0.318971 4.06547
890 -0.817378 -0.264216 4.06547
890 0.420144 0.179688 4.06547
890 0.0504279 0.420464 4.06547
890 0.960212 0.110706 4.06547
890 0.226604 0.492186 -2.21772
890 -0.679711 0.612436 4.06547
890 -0.686248 -0.134759 4.06547
890 0.529884 0.275475 4.06547
890 0.493838 0.518873 4.06547
890 -0.0333994 0.453968 4.06547
890 -0.521183 -0.0463699 -2.21772
890 0.667799 0.340083 4.06547
890 -0.835526 0.578228 4.06547
890 -0.750235 -0.424172 -2.21772
890 -0.261731 -0.231061 4.06547
890 -0.148124 -0.0637916 4.06547
890 -0.177246 -0.279008 4.06547
890 0.786863 -0.477523 -2.21772
890 0.552129 -0.448795 4.06547
890 -0.124028 -0.698095 4.06547
890 0.301786 0.551046 -2.21772
890 0.524799 -0.251581 4.06547
890 0.65438 -0.564331 -2.21772
890 -0.122141 0.785679 4.06547
890 0.480455 -0.533846 4.06547
890 0.0426933 -0.271649 4.06547
890 0.618607 -0.360297 4.06547
890 -0.256755 -0.182327 4.06547
890 -0.567691 0.400609 4.06547
890 -0.709408 -0.494437 4.06547
890 0.0470557 0.280434 4.06547
890 -0.0434155 0.0382433 -2.21772
890 -0.646307 -0.296517 -2.21772
890 -0.308566 -0.806322 4.06547
890 -0.193051 -0.0533512 4.06547
890 -0.503968 -0.829255 4.06547
890 0.852016 0.44511 -2.21772
890 0.818388 0.606469 4.06547
890 -0.0899025 -0.286253 4.06547
890 -0.1705 -0.537546 4.06547
890 0.371834 0.268139 4.06547
890 0.565421 -0.800405 4.06547
890 0.280045 0.49925 4.06547
890 -0.231362 0.266961 4.06547
