460 0.233392 0.395366 4.06547
460 0.0085659 0.854005 4.06547
460 -0.856372 0.149941 4.06547
460 0.788953 -0.220302 4.06547
460 0.660381 0.0359868 4.06547
460 0.937897 0.234433 4.06547
460 -0.398221 -0.151734 4.06547
460 0.124482 -0.548421 4.06547
460 0.211323 0.348376 4.06547
460 -0.132511 -0.253199 -2.21772
460 -0.978993 -0.290222 4.06547
460 0.198904 0.038309 4.06547
460 -0.511889 -0.409097 4.06547
460 0.517207 0.572286 4.06547
460 -0.042508 0.692036 -2.21772
460 0.563567 0.695227 4.06547
460 -0.653196 0.527048 4.06547
460 0.0376929 -0.726512 4.06547
460 0.168844 0.576015 4.06547
460 -0.637723 -0.189234 4.06547
460 0.0961211 -0.448348 4.06547
460 0.202025 -0.47677 4.06547
460 0.154705 -0.901257 4.06547
460 0.546625 0.522552 4.06547
460 0.337509 -0.0487992 4.06547
460 -0.0640862 -0.0815456 4.06547
460 -0.0789707 0.443359 4.06547
460 0.134447 0.1121 4.06547
460 -0.146464 0.53048 4.06547
460 -0.136933 -0.509581 4.06547
460 0.747966 0.147431 4.06547
460 0.192845 -0.169966 4.06547
460 -0.267652 -0.993918 4.06547
460 -0.458658 0.710369 4.06547
460 0.216442 -0.661562 -2.21772
460 0.653751 -0.314374 4.06547
460 0.293179 0.307178 4.06547
460 -0.656373 0.306566 4.06547
460 0.00511099 0.748894 4.06547
460 0.290562 0.217001 4.06547
460 0.352903 -0.46712 4.06547
460 -0.404348 0.259996 4.06547
460 -0.360368 0.282376 4.06547
460 0.0430344 -0.216492 4.06547
460 -0.656803 0.110818 4.06547
460 0.186648 0.124833 4.06547
460 0.170623 -1.01389 4.06547
460 0.571054 0.573954 4.06547
460 0.879544 -0.534205 4.06547
460 -0.0897468 -0.446658 4.06547
460 0.57466 0.761913 4.06547
460 -0.701111 0.489162 4.06547
460 0.195549 0.624021 4.06547
460 0.19732 -0.610543 4.06547
460 -0.652005 0.468641 4.06547
460 0.655694 -0.720007 4.06547
460 -0.0251106 -0.11159 4.06547
460 0.198994 0.938874 4.06547
460 0.382346 -0.831566 4.06547
460 -0.572798 0.0821182 4.06547
460 -0.0608298 0.493961 4.06547
460 -0.406925 -0.306133 4.06547
460 0.390903 0.408953 4.06547
460 0.168432 -0.0278665 -2.21772
460 0.66209 -0.0183257 4.06547
460 0.584112 -0.258951 4.06547
460 -0.252926 0.211548 4.06547
460 -0.318598 0.634892 -2.21772
460 0.220481 -0.346521 4.06547
460 -0.786453 0.0536609 -2.21772
460 -0.990441 0.23665 4.06547
460 -0.792128 -0.552551 4.06547
460 -0.419924 -0.630436 -2.21772
460 0.811794 -0.0464375 4.06547
460 0.823598 -0.262197 -2.21772
460 -0.149591 0.126495 4.06547
460 -0.891784 0.194942 -2.21772
460 0.728479 0.335167 4.06547
460 0.0153569 -0.14101 -2.21772
460 -0.445197 -0.120609 4.06547
460 -0.562562 -0.0144251 4.06547
460 -0.107235 0.842749 4.06547
460 0.486365 -0.764663 4.06547
460 0.779726 -0.583322 4.06547
460 0.240388 0.132737 4.06547
460 0.698357 -0.270053 4.06547
460 -0.671317 -0.679574 4.06547
460 0.486989 0.616436 4.06547
460 0.461965 -0.483382 4.06547
460 -0.642473 -0.136156 4.06547
460 -0.301527 0.852638 -2.21772
460 -0.178173 -0.0118938 -2.21772
460 -0.306075 0.204942 4.06547
460 0.322838 -0.227883 4.06547
460 0.960053 -0.131973 4.06547
460 0.189218 -0.428522 4.06547
460 0.37186 -0.516611 4.06547
460 -0.246724 0.868367 4.06547
460 0.571792 -0.0729906 4.06547
460 0.31521 -0.00201176 -2.21772
460 0.758062 -0.127048 4.06547
460 -0.403354 0.463504 4.06547
460 0.313721 0.664352 4.06547
460 0.807809 0.0670512 4.06547
460 0.351795 -0.966621 -2.21772
460 0.819411 -0.42506 4.06547
460 -0.2953 -0.050578 4.06547
460 -0.420835 0.122946 4.06547
460 -0.423733 -0.46393 4.06547
460 0.518427 -0.64003 4.06547
460 0.00362836 -0.187551 4.06547
460 -0.748949 0.515003 4.06547
460 0.396819 0.314072 4.06547
460 -0.304269 0.0490111 4.06547
460 -0.565168 -0.431064 -2.21772
460 -0.105895 -0.966886 -2.21772
460 -0.460172 0.842295 4.06547
460 0.149644 -0.221887 4.06547
460 0.4087 0.737926 4.06547
460 0.258744 -0.491999 -2.21772
460 -0.219885 0.8191 4.06547
460 0.0169002 -0.820561 4.06547
460 -0.10052 -0.603624 -2.21772
460 0.751002 0.598626 4.06547
460 0.190012 0.830883 -2.21772
460 0.694901 0.174425 4.06547
460 -0.332037 0.95916 4.06547
460 -0.175585 0.341541 4.06547
460 -0.0727881 0.0772712 4.06547
460 -0.274981 -0.712389 4.06547
460 0.028855 0.363705 -2.21772
460 0.298163 -0.456878 4.06547
460 -0.0438609 -0.20852 -2.21772
460 -0.556529 0.719629 4.06547
460 -0.757347 0.678109 4.06547
460 0.141413 0.622294 4.06547
460 -0.065355 -0.91517 -2.21772
460 0.731343 0.436692 4.06547
460 -1.01972 0.00110728 -2.21772
460 0.116435 0.570198 4.06547
460 -0.615812 -0.519713 -2.21772
460 0.519265 -0.887157 4.06547
460 0.0524717 0.135064 4.06547
460 -0.797793 -0.102534 4.06547
460 -0.918336 -0.291229 4.06547
460 0.108164 -0.498172 4.06547
460 0.533553 0.864997 4.06547
460 -0.19968 0.0407909 -2.21772
460 0.520919 0.735983 4.06547
460 -0.710328 -0.283872 4.06547
460 0.606147 0.118501 4.06547
460 -0.136112 -0.359536 4.06547
460 0.13852 0.949399 4.06547
460 -0.624395 0.0687822 4.06547
460 0.37318 -0.235075 4.06547
460 -0.101144 0.21534 4.06547
460 0.347544 0.134154 4.06547
460 -0.262396 0.649165 4.06547
460 -0.0784084 0.589017 4.06547
460 -0.220894 -0.730649 4.06547
460 -1.0065 -0.176845 4.06547
460 0.765571 0.295626 -2.21772
460 0.19794 -0.221654 -2.21772
460 0.515521 -0.106773 4.06547
460 0.118997 0.0626163 4.06547
460 0.609037 -0.760034 4.06547
460 0.999648 -0.231806 -2.21772
460 -0.602335 -0.831724 4.06547
460 0.210485 -0.00629403 4.06547
460 -0.373437 0.218125 4.06547
460 -0.147172 0.727935 4.06547
460 0.537023 -0.162679 4.06547
460 -0.703846 -0.582035 4.06547
460 0.437846 0.512644 4.06547
460 0.175908 0.251907 4.06547
460 -0.236589 0.347792 4.06547
460 -0.636559 0.163573 4.06547
460 -0.286606 -0.593016 4.06547
460 -0.763786 -0.271089 4.06547
460 -0.396587 0.170294 4.06547
460 0.592577 0.221374 4.06547
460 0.591041 -0.706583 4.06547
460 -0.0765544 0.1684 4.06547
460 -0.7982 0.31515 4.06547
460 -0.711388 0.72365 -2.21772
460 0.0195497 -0.673529 4.06547
460 -0.939797 -0.401959 4.06547
460 -1.00711 0.174815 -2.21772
460 -0.774132 -0.378321 4.06547
460 0.504185 0.126304 4.06547
460 0.320663 0.17705 4.06547
460 0.678307 -0.620464 4.06547
460 -0.385972 -0.953753 4.06547
460 0.235373 -0.572398 4.06547
460 0.0783784 0.372965 4.06547
460 -0.134767 0.892804 4.06547
460 0.288943 -0.27056 -2.21772
460 -0.0615249 0.640571 -2.21772
460 -0.703659 -0.749628 4.06547
460 0.845532 -0.202927 4.06547
460 -0.0210351 0.800426 4.06547
460 0.358768 0.765518 4.06547
460 -0.741711 -0.164395 4.06547
460 -0.227778 -0.407202 4.06547
460 -0.424522 0.358905 4.06547
460 0.338762 0.403462 4.06547
460 -0.887436 0.359932 4.06547
460 -0.214522 0.470998 4.06547
460 -0.22488 0.00231864 -2.21772
460 -0.571559 -0.549203 4.06547
460 -0.203429 0.381568 4.06547
460 0.0264466 0.601666 -2.21772
460 -0.532849 0.636766 4.06547
460 -0.242609 -0.560135 4.06547
460 -0.332329 -0.566985 4.06547
460 0.249607 0.813319 4.06547
460 0.471197 0.371533 4.06547
460 -0.327387 -0.975624 4.06547
460 -0.175053 0.260648 -2.21772
460 -0.198738 0.716636 4.06547
460 -0.256458 0.0422551 4.06547
460 -0.350301 -0.131349 4.06547
460 0.0578731 0.0572377 4.06547
460 -0.557583 -0.665011 4.06547
460 0.178997 -0.560708 -2.21772
460 0.399616 0.221903 4.06547
460 0.150969 0.431998 4.06547
460 0.373321 -0.376511 4.06547
460 -0.14532 -1.01949 4.06547
460 0.323761 0.842437 4.06547
460 -0.440592 -0.0696539 4.06547
460 -0.692049 0.154149 4.06547
460 0.1618 0.890274 4.06547
460 0.940861 0.399725 4.06547
460 0.311594 0.731385 4.06547
460 -0.579105 -0.0687286 -2.21772
460 0.465416 -0.853078 4.06547
460 0.355707 -0.604933 4.06547
460 0.461148 -0.340015 4.06547
460 0.902507 0.349154 4.06547
460 0.672332 0.692065 4.06547
460 -0.757851 0.27501 4.06547
460 0.170873 0.672974 4.06547
460 -0.129215 0.43725 -2.21772
460 -0.681107 -0.239277 4.06547
460 0.149227 -0.746543 4.06547
460 0.532958 -0.691288 4.06547
460 0.232004 0.213413 4.06547
460 -0.0181874 0.905578 4.06547
460 -0.538531 -0.208278 -2.21772
460 0.413638 -0.620806 4.06547
460 -0.867313 0.414166 4.06547
460 0.389262 -0.774072 4.06547
460 0.307882 -0.31971 4.06547
460 0.913915 0.0134625 4.06547
460 -0.358548 -0.281383 4.06547
460 -0.0887106 -0.230299 4.06547
460 -0.567275 0.235149 4.06547
460 -0.367423 0.129264 4.06547
460 0.217532 0.717449 4.06547
460 -0.851324 -0.454846 4.06547
460 -0.0973924 0.684276 4.06547
460 -0.047154 0.958438 -2.21772
460 -0.837764 0.470201 4.06547
460 0.363062 -0.903861 4.06547
460 -0.821165 -0.614005 -2.21772
460 -0.494026 0.0586159 4.06547
460 0.00799696 0.551602 -2.21772
460 -0.460871 -0.384578 4.06547
460 0.608873 -0.458947 4.06547
460 0.861111 0.0410035 4.06547
460 0.29547 -0.987424 4.06547
460 0.276301 -0.53973 4.06547
460 -0.3038 0.491686 4.06547
460 0.266136 0.634765 4.06547
460 0.427209 -0.52659 4.06547
460 0.320842 0.26274 4.06547
460 -0.191171 0.881668 4.06547
460 0.409335 -0.102112 4.06547
460 -0.505211 0.808311 4.06547
460 0.699825 -0.676934 -2.21772
460 -0.0197533 -1.0308 4.06547
460 0.0929206 -0.736743 -2.21772
460 -0.190637 -0.638706 -2.21772
460 0.0388582 0.0103465 4.06547
460 -0.108212 0.952662 4.06547
460 -0.356006 0.834793 -2.21772
460 -0.36032 -0.785091 4.06547
460 -0.200314 0.125022 4.06547
460 0.00738441 -0.486528 4.06547
460 -0.950295 0.181936 4.06547
460 -0.123186 -0.90865 4.06547
460 -0.821824 0.36643 4.06547
460 0.538237 0.187373 4.06547
460 -0.152457 -0.79741 4.06547
460 0.0459208 -1.03148 -2.21772
460 0.442935 -0.433147 4.06547
460 -0.513231 0.380193 4.06547
460 0.634204 0.794558 4.06547
460 -0.428199 -0.517153 4.06547
460 -0.745334 0.157946 4.06547
460 0.144463 0.525512 4.06547
460 -0.256491 0.300556 4.06547
460 0.225462 0.664938 4.06547
460 -0.366702 -0.38484 4.06547
460 -0.0503874 0.123886 4.06547
460 0.409225 -0.333601 4.06547
460 0.684417 0.230012 4.06547
460 0.425463 0.268904 4.06547
460 0.04562 0.651285 -2.21772
460 0.692012 0.58447 4.06547
460 -0.236899 -0.0420628 4.06547
460 -0.874912 -0.403102 -2.21772
460 -0.13601 -0.411308 -2.21772
460 -0.439429 0.555685 4.06547
460 -0.183677 0.571835 4.06547
460 0.260226 0.755092 4.06547
460 -0.412912 0.035041 4.06547
460 -0.237365 0.760405 4.06547
460 -0.0693082 -0.556427 4.06547
460 0.172478 -0.326823 4.06547
460 0.251068 -0.0926217 4.06547
460 1.01965 -0.103974 4.06547
460 -0.229892 -0.459315 4.06547
460 0.520013 0.47391 4.06547
460 0.923805 -0.303605 4.06547
460 0.470109 0.0844628 4.06547
460 0.0930739 0.518351 4.06547
460 0.529397 0.799929 4.06547
460 -0.0343996 -0.520092 4.06547
460 -0.0263143 0.595841 4.06547
460 -0.843554 0.0490112 -2.21772
460 -0.285925 0.915334 4.06547
460 0.0127291 0.697322 4.06547
460 0.288271 -0.0472844 -2.21772
460 -0.251558 0.126487 -2.21772
460 0.179568 -0.37898 4.06547
460 -0.935029 -0.229686 4.06547
460 -0.015284 -0.0618135 -2.21772
460 0.983953 -0.293082 4.06547
460 0.264095 0.176313 4.06547
460 -0.596256 -0.284978 -2.21772
460 -0.551288 -0.729811 4.06547
460 0.466176 -0.918478 -2.21772
460 -0.491747 0.542223 4.06547
460 0.730535 0.256952 4.06547
460 -0.0771372 0.90097 4.06547
460 0.513596 -0.346952 -2.21772
460 -0.207775 0.99284 -2.21772
460 -0.207195 0.663252 4.06547
460 0.0609837 0.558513 4.06547
460 -0.352325 -0.180603 4.06547
460 -0.0175018 -0.715205 4.06547
460 -0.0814999 -0.859504 4.06547
460 0.666892 -0.46774 4.06547
460 0.000332311 0.40639 4.06547
460 0.541302 0.631811 4.06547
460 0.638241 0.479922 4.06547
460 -1.01931 0.0646501 -2.21772
460 0.336148 -0.418189 4.06547
460 -0.893856 -0.187928 4.06547
460 0.558199 -0.596484 4.06547
460 -0.373537 0.373173 4.06547
460 0.760373 -0.0175107 4.06547
460 -0.0715812 -0.707244 4.06547
460 0.613964 0.00914307 4.06547
460 0.255867 0.443121 4.06547
460 0.391693 -0.283796 4.06547
460 -0.0758707 0.794328 -2.21772
460 0.965041 -0.0723912 4.06547
460 0.0815191 -0.295319 -2.21772
460 -0.846749 -0.150095 4.06547
460 -0.237956 -0.885544 4.06547
460 1.01216 0.150178 4.06547
460 -0.864725 -0.00465641 4.06547
460 0.264055 0.352271 4.06547
460 0.731874 0.709014 4.06547
460 0.0745136 -0.0234146 -2.21772
460 0.124965 -0.262585 4.06547
460 0.0571719 0.751036 4.06547
460 -0.481765 0.205835 4.06547
460 -0.497093 -0.244231 4.06547
460 -0.119569 0.259643 4.06547
460 0.823092 0.280614 4.06547
460 1.02337 -0.0407512 4.06547
460 0.168925 -0.798603 4.06547
460 -0.507669 0.434334 4.06547
460 0.607289 0.340432 4.06547
460 0.196933 0.532698 4.06547
460 -0.732551 0.0524188 4.06547
460 -0.619774 -0.444938 4.06547
460 0.760035 0.489417 4.06547
460 0.584921 0.282095 4.06547
460 -0.71161 0.103657 4.06547
460 -0.448738 -0.223614 4.06547
460 -0.429189 0.608016 4.06547
460 0.726935 -0.474572 4.06547
460 -0.624797 -0.577387 4.06547
460 0.876552 0.26086 4.06547
460 -0.65384 -0.794888 4.06547
460 -0.448157 -0.862049 4.06547
460 0.639683 0.386304 4.06547
460 0.0984573 -0.893635 4.06547
460 0.330638 -0.139825 4.06547
460 -0.20827 -0.7856 4.06547
460 -0.390753 0.082585 4.06547
460 -0.163749 0.832097 -2.21772
460 0.0266144 -0.0384247 4.06547
460 -0.13503 -0.461547 4.06547
460 0.0733218 -0.683744 4.06547
460 -0.416239 -0.412041 -2.21772
460 -0.477126 -0.545514 4.06547
460 -0.162492 0.48034 4.06547
460 -0.411514 -0.758053 4.06547
460 -0.555629 0.288929 4.06547
460 -0.266394 0.455483 4.06547
460 -0.338453 -0.911003 4.06547
460 -0.0862546 -0.655322 4.06547
460 -0.455112 -0.329989 4.06547
460 -0.351934 0.475416 4.06547
460 0.760613 -0.0723877 4.06547
460 -0.95343 -0.0976884 4.06547
460 -0.719262 -0.646585 4.06547
460 0.913019 -0.0484945 4.06547
460 0.228964 -0.813204 4.06547
460 -0.8196 0.10355 4.06547
460 -0.764894 0.105898 4.06547
460 0.401971 -0.192893 -2.21772
460 0.623139 -0.821239 4.06547
460 -0.450398 0.164341 4.06547
460 -0.58447 -0.225872 4.06547
460 -0.371807 -0.658823 4.06547
460 0.346226 0.21997 4.06547
460 -0.776432 0.216229 4.06547
460 0.22472 0.584658 4.06547
460 0.674732 -0.369022 4.06547
460 -0.129371 -0.199651 -2.21772
460 0.538894 -0.745147 4.06547
460 -0.290997 0.744521 4.06547
460 0.269234 -0.769653 4.06547
460 -0.376523 -0.598668 4.06547
460 -0.403472 -0.82299 4.06547
460 0.486126 0.175085 4.06547
460 -0.206902 -1.00857 -2.21772
460 0.458865 0.568968 4.06547
460 -0.0848643 -0.178165 4.06547
460 0.64121 0.195137 4.06547
460 -0.119461 -0.553246 4.06547
460 -0.00837917 0.646873 4.06547
460 0.550124 0.139379 -2.21772
460 -0.683895 -0.0865152 4.06547
460 0.269882 0.25945 4.06547
460 1.01989 0.0863229 4.06547
460 0.881505 0.510566 -2.21772
460 -0.0161759 -0.569635 4.06547
460 -0.813873 0.259816 -2.21772
460 0.856901 0.0994304 4.06547
460 -0.478509 -0.034724 4.06547
460 -0.767153 0.461858 4.06547
460 0.881077 -0.246425 4.06547
460 0.817815 0.502121 4.06547
460 -0.527701 -0.517238 4.06547
460 -0.0938745 0.303284 4.06547
460 -0.0917123 -0.391627 4.06547
460 0.357479 0.705441 4.06547
460 0.241677 -0.0436672 4.06547
460 -0.0405661 -0.812443 4.06547
460 0.903435 -0.362662 4.06547
460 -0.0968236 -0.805124 4.06547
460 -1.02018 -0.0612994 4.06547
460 0.392393 -0.567397 4.06547
460 -0.590121 -0.336735 4.06547
460 -0.172854 -0.223426 4.06547
460 -0.310125 0.434302 -2.21772
460 -1.00937 -0.119162 4.06547
460 -0.272611 -0.381415 4.06547
460 -0.725878 0.208976 4.06547
460 -0.22212 -0.30266 4.06547
460 -0.175063 0.0820017 4.06547
460 0.101687 0.653286 4.06547
460 0.967537 -0.0117019 4.06547
460 0.0819401 -0.243784 -2.21772
460 -0.463538 0.0199477 4.06547
460 -0.0081213 0.218799 4.06547
460 -0.182433 -0.434777 4.06547
460 -0.53345 0.194755 4.06547
460 0.52809 -0.0510736 4.06547
460 0.579546 0.38437 4.06547
460 -0.754718 0.343116 4.06547
460 -0.251199 0.702921 4.06547
460 0.908699 -0.112802 4.06547
460 0.0683324 -0.071758 4.06547
460 0.273149 -0.22427 4.06547
460 -0.00665197 -0.920749 4.06547
460 0.150682 0.789307 4.06547
460 -0.654381 -0.483282 4.06547
460 -0.114681 0.632637 4.06547
460 0.236886 -0.145436 4.06547
460 0.608902 0.0609855 4.06547
460 0.201985 -0.065917 -2.21772
460 0.269433 0.0907383 4.06547
460 -0.759454 -0.60196 4.06547
460 0.843717 -0.589272 4.06547
460 -0.543766 -0.316903 4.06547
460 0.375699 0.177209 4.06547
460 0.0771234 0.956568 4.06547
460 -0.252212 0.50834 4.06547
460 -0.00118148 -0.392137 4.06547
460 0.593734 0.624385 4.06547
460 -0.405294 0.716419 4.06547
460 -0.499394 0.487055 4.06547
460 0.0892038 -0.397603 4.06547
460 -0.671264 -0.538474 -2.21772
460 -0.522202 -0.463382 4.06547
460 0.670092 0.43361 -2.21772
460 -0.94988 -0.16499 4.06547
460 0.47663 -0.2475 4.06547
460 0.21862 0.87783 4.06547
460 0.491115 0.0346191 4.06547
460 0.662958 -0.0732352 4.06547
460 -0.321131 -0.40885 4.06547
460 0.372455 0.883148 4.06547
460 0.0477072 -0.429627 -2.21772
460 -0.738208 0.61695 4.06547
460 0.424378 0.616421 4.06547
460 0.167626 0.733264 4.06547
460 0.00800986 0.313527 4.06547
460 -0.605232 0.441227 4.06547
460 0.478718 0.895644 4.06547
460 -0.11135 0.487353 4.06547
460 0.573794 -0.501931 4.06547
460 0.180511 0.389682 4.06547
460 0.252558 -0.944279 4.06547
460 -0.709191 0.260205 4.06547
460 0.702376 0.387663 4.06547
460 -0.394104 -0.888259 4.06547
460 0.58501 0.829657 -2.21772
460 0.321817 -0.369128 -2.21772
460 -0.80721 0.518149 -2.21772
460 0.795392 0.339791 -2.21772
460 -0.0131895 0.265887 4.06547
460 0.34382 0.0427604 4.06547
460 -0.0830495 -1.02671 -2.21772
460 0.181928 -0.704715 4.06547
460 0.601399 -0.308226 4.06547
460 -0.597052 -0.765993 4.06547
460 0.153949 0.160018 4.06547
460 0.537346 -0.544426 4.06547
460 -0.251122 -0.826714 -2.21772
460 0.294959 0.0450463 4.06547
460 0.283033 -0.822817 4.06547
460 -0.503183 0.749154 4.06547
460 -0.799925 0.628399 4.06547
460 -0.199042 0.521331 4.06547
460 0.384735 -0.714526 4.06547
460 -0.663307 -0.618402 -2.21772
460 0.295041 -0.587823 4.06547
460 0.383285 0.507152 4.06547
460 0.645468 -0.173024 4.06547
460 0.161754 -0.651373 4.06547
460 -0.304908 0.687512 4.06547
460 0.349157 -0.186271 4.06547
460 -0.0206213 0.355961 4.06547
460 0.0347274 0.803001 4.06547
460 0.710026 0.00814807 4.06547
460 -0.152273 -0.592365 4.06547
460 -0.370226 -0.437014 4.06547
460 0.432975 -0.1512 4.06547
460 0.104028 -0.151191 4.06547
460 0.852813 0.32761 4.06547
460 0.420923 0.0858458 4.06547
460 -0.450347 -0.2756 4.06547
460 0.335195 -0.554829 4.06547
460 -0.930149 0.412294 4.06547
460 -0.232434 0.419942 4.06547
460 0.731239 -0.374947 4.06547
460 0.0626865 -0.121776 -2.21772
460 0.806627 -0.161948 4.06547
460 0.30539 0.790612 4.06547
460 -0.443891 0.0734623 4.06547
460 -0.395022 0.515462 4.06547
460 -0.583853 0.178605 4.06547
460 0.846105 -0.366986 4.06547
460 0.785952 0.237883 4.06547
460 -0.471292 0.650429 -2.21772
460 -0.72176 -0.049392 4.06547
460 -0.228968 0.081824 4.06547
460 -0.331555 -0.511464 4.06547
460 -0.617561 0.806376 4.06547
460 -0.85427 0.310937 4.06547
460 -0.0422026 0.307274 4.06547
460 0.0493841 1.01379 4.06547
460 -0.40342 0.875583 4.06547
460 -0.379573 -0.541849 -2.21772
460 0.425555 -0.383331 4.06547
460 -0.361591 0.674136 4.06547
460 -0.048886 -0.0306646 4.06547
460 -0.200962 0.215494 4.06547
460 0.81071 0.0105051 4.06547
460 -0.805996 0.00151571 -2.21772
460 -0.855408 -0.0955645 4.06547
460 -0.502264 0.154203 4.06547
460 -0.0435606 0.54486 4.06547
460 -0.783061 -0.212452 4.06547
460 0.911706 0.456757 4.06547
460 -0.00421312 -0.34254 4.06547
460 -0.358287 0.0438152 4.06547
460 0.911262 0.0744649 -2.21772
460 0.569998 -0.857038 -2.21772
460 0.271113 0.695886 4.06547
460 -0.603797 0.326046 4.06547
460 -0.412396 0.411696 4.06547
460 -0.18078 -0.899021 4.06547
460 0.0226186 0.175183 4.06547
460 0.413297 0.461684 -2.21772
460 0.331959 0.497833 -2.21772
460 -0.11557 -0.0982658 4.06547
460 -0.493753 -0.138933 4.06547
460 -0.269355 -0.329731 4.06547
460 -0.40292 -0.253566 4.06547
460 -0.400659 -0.20253 4.06547
460 -0.306672 -0.20415 4.06547
460 0.507369 -0.204855 4.06547
460 0.365384 0.649105 4.06547
460 0.021576 -0.532353 4.06547
460 -0.472987 0.113533 4.06547
460 -0.144707 1.00412 -2.21772
460 -0.965392 -0.0392249 -2.21772
460 0.636872 -0.664264 4.06547
460 0.500036 -0.588289 4.06547
460 0.116586 -0.054694 4.06547
460 -0.086471 -0.50256 4.06547
460 0.0854944 -0.345786 4.06547
460 0.201482 -0.114532 -2.21772
460 0.321687 0.607629 4.06547
460 0.592538 0.169833 4.06547
460 -0.321756 0.384274 4.06547
460 -0.263588 -0.7692 4.06547
460 -0.310083 -0.25472 4.06547
460 -0.0240029 -0.866037 4.06547
460 0.763485 -0.690366 4.06547
460 -0.343683 0.529526 4.06547
460 0.0812356 0.606794 4.06547
460 -0.0564661 -0.759564 4.06547
460 0.532582 -0.397899 4.06547
460 -0.0962768 0.736875 4.06547
460 0.754427 0.0927012 -2.21772
460 -0.791966 -0.155674 4.06547
460 0.517346 -0.492097 -2.21772
460 -0.0498663 0.85026 4.06547
460 -0.210076 -0.148487 4.06547
460 -0.0450494 -0.470498 -2.21772
460 0.497467 -0.440834 -2.21772
460 -0.758848 0.397347 4.06547
460 0.50962 -0.81836 4.06547
460 -0.111448 -0.751596 4.06547
460 -0.279801 0.252894 4.06547
460 -0.147456 0.300723 -2.21772
460 -0.0463443 -0.972525 4.06547
460 0.304165 0.969399 4.06547
460 -0.415213 -0.691558 4.06547
460 0.232947 -1.00481 4.06547
460 0.367958 0.358863 4.06547
460 0.188878 -0.956493 4.06547
460 -0.138801 -0.645781 4.06547
460 0.000602216 -0.44025 4.06547
460 -0.543836 0.520804 4.06547
460 0.129596 0.24286 4.06547
460 -0.17516 0.170916 4.06547
460 1.00003 0.213662 4.06547
460 0.500266 0.22602 -2.21772
460 0.121938 0.47478 4.06547
460 -0.537081 0.578776 4.06547
460 -0.752236 -4.92085e-05 4.06547
460 -0.0813189 0.00016817 4.06547
460 0.465983 -0.639987 -2.21772
460 -0.61804 0.217577 4.06547
460 -0.974254 0.296794 -2.21772
460 0.84884 0.562267 4.06547
460 -0.900824 -0.0618407 4.06547
460 -0.322038 0.00585591 4.06547
460 0.740435 0.202632 4.06547
460 -0.490675 0.289881 4.06547
460 -0.178703 -0.690858 4.06547
460 0.191979 -0.851427 4.06547
460 0.0895423 -0.587521 4.06547
460 0.350596 0.552833 4.06547
460 0.699847 -0.422337 4.06547
460 -0.39094 0.320464 4.06547
460 0.810874 -0.103973 4.06547
460 0.641681 -0.26293 4.06547
460 0.132937 -0.845078 4.06547
460 0.564672 0.0901203 4.06547
460 0.448379 0.318661 4.06547
460 0.0392618 -0.322818 4.06547
460 -0.831718 -0.0485966 4.06547
460 0.615742 -0.216262 4.06547
460 0.142631 -0.599434 4.06547
460 0.605044 0.52604 4.06547
460 -0.492167 -0.190168 4.06547
460 -0.524739 0.327068 4.06547
460 0.0407282 0.508615 -2.21772
460 0.674474 -0.217532 4.06547
460 -0.385736 0.568242 -2.21772
460 -0.705414 0.553575 4.06547
460 -0.588684 0.551781 4.06547
460 0.270629 -0.358544 4.06547
460 -0.232777 -0.67619 -2.21772
460 -0.463603 0.397076 4.06547
460 -0.878495 0.097307 4.06547
460 -0.743261 -0.104498 4.06547
460 -0.522973 0.0985672 4.06547
460 0.05788 0.322251 4.06547
460 0.952025 -0.189124 4.06547
460 -0.34191 -0.0361865 -2.21772
460 0.214506 -0.901176 4.06547
460 -0.222454 0.611068 4.06547
460 -0.772053 -0.482768 4.06547
460 0.358304 -0.326722 4.06547
460 0.911758 -0.476255 -2.21772
460 0.24572 0.0442927 4.06547
460 -0.411651 -0.359086 4.06547
460 -0.737533 -0.5353 4.06547
460 0.47859 -0.390379 4.06547
460 0.332178 -0.798394 4.06547
460 -0.151629 0.0336274 -2.21772
460 -0.165019 -0.958345 4.06547
460 0.315942 0.354908 4.06547
460 -0.411072 0.814785 4.06547
460 -0.96621 0.0304559 4.06547
460 -0.0987841 -0.0489879 -2.21772
460 -0.584125 0.612487 4.06547
460 0.131657 -0.363147 4.06547
460 -0.70549 0.37549 4.06547
460 0.520455 0.0737894 4.06547
460 0.129304 -0.954258 4.06547
460 0.393147 0.0399681 4.06547
460 0.242071 0.305885 4.06547
460 0.496311 0.421153 4.06547
460 -0.468778 -0.438069 -2.21772
460 0.128897 -0.311074 4.06547
460 -0.425626 -0.571885 4.06547
460 0.099829 0.424065 4.06547
460 0.555788 0.329643 4.06547
460 -0.608972 0.742105 4.06547
460 -0.279191 0.165917 4.06547
460 -0.539829 -0.10526 4.06547
460 0.61821 -0.607764 -2.21772
460 -0.512562 0.687258 4.06547
460 -0.27007 0.977887 4.06547
460 0.257621 -0.307697 4.06547
460 -0.708904 0.315824 4.06547
460 -0.0103947 0.500914 4.06547
460 0.0827584 0.234305 -2.21772
460 0.0780636 -0.976697 4.06547
460 0.235886 -0.714812 4.06547
460 0.173577 0.481947 4.06547
460 0.28982 -0.722533 4.06547
460 0.366462 -0.00464278 4.06547
460 0.439021 -0.802894 4.06547
460 0.386467 -0.0529459 4.06547
460 0.609607 0.431463 4.06547
460 0.442224 0.035918 4.06547
460 0.587094 -0.406075 4.06547
460 0.0273567 0.0915915 4.06547
460 0.692475 -0.520572 4.06547
460 -0.168454 -0.168752 4.06547
460 -0.210788 -0.100724 4.06547
460 -0.634571 0.642289 4.06547
460 -0.552442 0.138749 4.06547
460 -0.303207 -0.103158 -2.21772
460 -0.489591 -0.0878557 4.06547
460 0.758406 0.0376183 4.06547
460 -0.920805 0.135854 4.06547
460 0.596042 -0.554272 4.06547
460 -0.447256 0.502603 4.06547
460 -0.512636 0.00218706 4.06547
460 0.0368881 0.225596 4.06547
460 0.100481 -0.201078 4.06547
460 0.563969 -0.121414 4.06547
460 -0.55218 -0.375582 4.06547
460 0.861982 -0.0777383 4.06547
460 -0.0366285 -0.158747 4.06547
460 0.719217 -0.736709 4.06547
460 0.451625 0.222315 4.06547
460 0.0207363 0.457624 4.06547
460 0.139221 0.292368 4.06547
460 0.47686 0.273379 4.06547
460 -0.443264 -0.928325 4.06547
460 -0.774855 -0.0525587 4.06547
460 -0.904692 0.0486163 4.06547
460 0.111902 -0.790193 4.06547
460 -0.047176 -0.417922 -2.21772
460 0.95235 0.173087 4.06547
460 0.217824 -0.524485 -2.21772
460 0.272651 0.862873 4.06547
460 -0.0241232 0.0818511 -2.21772
460 0.146346 -0.176225 4.06547
460 0.241275 0.986602 4.06547
460 -0.0657406 0.26192 4.06547
460 0.417868 -0.00872759 4.06547
460 0.613728 0.675219 4.06547
460 0.470258 -0.014007 4.06547
460 0.483428 -0.0635421 4.06547
460 0.42527 0.856612 4.06547
460 -0.51238 0.87558 -2.21772
460 0.630936 0.57691 4.06547
460 -0.378825 -0.00134984 4.06547
460 -0.0923949 -0.337616 4.06547
460 0.0571644 -0.171336 4.06547
460 0.473858 0.770924 4.06547
460 -0.275135 -0.00565841 4.06547
460 0.423101 0.922598 4.06547
460 0.662297 -0.12624 4.06547
460 0.37374 0.819309 4.06547
460 -0.915822 -0.457006 4.06547
460 0.65535 0.630789 4.06547
460 0.283212 -0.408043 4.06547
460 0.127149 -0.693259 4.06547
460 -0.218179 -0.250459 4.06547
460 0.258665 0.925188 4.06547
460 -0.803524 -0.426803 4.06547
460 0.189941 0.301573 4.06547
460 -0.336792 0.0892676 4.06547
460 -0.396677 -0.101912 4.06547
460 0.0435719 -0.375713 4.06547
460 0.408255 0.68002 4.06547
460 0.858704 -0.139492 4.06547
460 -0.639218 -0.343164 4.06547
460 0.650132 0.143864 -2.21772
460 0.128718 0.382348 4.06547
460 0.370779 0.0882027 4.06547
460 -0.270956 0.391973 4.06547
460 0.0543875 -0.926295 4.06547
460 -0.277467 0.597204 4.06547
460 0.157133 -0.0798373 4.06547
460 0.422743 0.79297 4.06547
460 -0.688774 -0.185429 4.06547
460 0.124159 -0.00855356 4.06547
460 -0.275529 -0.433355 4.06547
460 -0.394296 0.936699 -2.21772
460 0.275842 0.585666 -2.21772
460 0.177861 0.999473 4.06547
460 -0.34968 -0.847445 4.06547
460 0.293822 0.135148 4.06547
460 -0.993058 -0.233468 4.06547
460 -0.64625 0.700111 4.06547
460 0.706914 0.0638021 4.06547
460 -0.429587 -0.0166581 4.06547
460 0.357776 -0.0968163 -2.21772
460 -0.00544865 -0.291244 -2.21772
460 -0.0484914 -0.365948 4.06547
460 -0.515293 -0.632141 4.06547
460 0.0686089 0.700153 4.06547
460 0.410664 -0.94522 4.06547
460 -0.485085 0.597757 -2.21772
460 -0.584651 0.672377 -2.21772
460 -0.152231 0.674996 4.06547
460 -0.464219 -0.661801 4.06547
460 0.428778 -0.67974 4.06547
460 -0.426113 0.211234 4.06547
460 -0.783222 -0.663412 4.06547
460 -0.377737 -0.488012 4.06547
460 0.461257 0.716386 4.06547
460 -0.314152 0.133927 4.06547
460 -0.552007 -0.866733 -2.21772
460 -0.691401 -0.337416 4.06547
460 0.759572 -0.426334 4.06547
460 0.0684258 0.852548 -2.21772
460 -0.455194 0.449681 4.06547
460 -0.88767 -0.511351 4.06547
460 -0.339408 0.333961 4.06547
460 0.717066 -0.575177 4.06547
460 -0.31758 -0.35711 4.06547
460 -0.134831 -0.306657 4.06547
460 -0.015766 1.01489 4.06547
460 -0.630888 -0.0829828 4.06547
460 -0.329319 -0.625826 4.06547
460 -0.960768 -0.346475 4.06547
460 0.509835 0.677786 4.06547
460 -0.445467 -0.171196 4.06547
460 0.726728 0.537448 4.06547
460 0.443094 -0.290316 4.06547
460 0.071197 0.466774 4.06547
460 0.480442 -0.701781 4.06547
460 0.595599 -0.162299 4.06547
460 -0.283119 0.092068 -2.21772
460 -0.386635 0.766933 4.06547
460 0.167405 0.0768241 -2.21772
460 -0.284669 -0.654891 4.06547
460 -0.604712 -0.392504 4.06547
460 -0.0992939 0.12273 4.06547
460 0.112778 -1.02473 4.06547
460 -0.168207 0.943258 -2.21772
460 0.337417 -0.746493 4.06547
460 -0.565202 0.357575 4.06547
460 0.13797 -0.413782 -2.21772
460 -0.138233 -0.852287 4.06547
460 0.125764 0.697163 -2.21772
460 -0.30436 -0.154006 4.06547
460 -0.223672 -0.946163 4.06547
460 0.442478 0.416489 4.06547
460 -0.323586 -0.460996 4.06547
460 0.234418 -0.253584 4.06547
460 0.984063 0.27593 4.06547
460 -0.871727 0.524865 4.06547
460 -0.831352 -0.367897 4.06547
460 -0.0457965 0.744318 4.06547
460 -0.547521 -0.798479 4.06547
460 -0.634511 0.57916 4.06547
460 0.452619 0.132978 4.06547
460 -0.732035 -0.223264 -2.21772
460 0.272535 -0.670443 -2.21772
460 -0.564267 0.842654 4.06547
460 -0.265641 -0.278587 4.06547
460 0.727219 -0.225204 4.06547
460 -0.344139 0.175664 4.06547
460 -0.542222 -0.15636 4.06547
460 -0.1506 0.216665 4.06547
460 -0.179499 -0.330179 -2.21772
460 0.407444 -0.475719 -2.21772
460 -0.345551 0.727351 4.06547
460 0.31579 -0.5056 4.06547
460 0.158642 0.34157 4.06547
460 -0.102828 0.0393489 4.06547
460 -0.630503 -0.242794 4.06547
460 -0.168216 0.623152 4.06547
460 0.751862 -0.178875 4.06547
460 -0.522462 -0.575897 -2.21772
460 0.526037 0.37551 4.06547
460 0.11139 0.748139 4.06547
460 1.01273 -0.167953 -2.21772
460 -0.417263 0.662193 4.06547
460 0.936394 -0.244936 4.06547
460 -0.746009 -0.3292 -2.21772
460 0.332283 -0.687617 4.06547
460 0.389342 -0.425976 4.06547
460 -0.0107046 -0.00320697 4.06547
460 0.305854 -0.0919992 4.06547
460 -0.332002 0.582517 4.06547
460 -0.0765839 -0.129025 4.06547
460 -0.591103 -0.121289 4.06547
460 -0.344447 0.896898 4.06547
460 -0.57599 -0.484879 4.06547
460 0.113953 1.00858 -2.21772
460 0.34478 0.310414 4.06547
460 -0.164421 -0.113457 4.06547
460 0.758564 -0.32223 4.06547
460 0.477786 0.831519 4.06547
460 -0.437317 0.301107 4.06547
460 -1.00102 0.119643 4.06547
460 -0.610975 0.386804 4.06547
460 0.741003 -0.631298 4.06547
460 0.281101 -0.134088 -2.21772
460 0.218218 0.0873362 4.06547
460 -0.184232 -0.486634 4.06547
460 -0.0706843 0.35013 4.06547
460 0.365251 0.947945 4.06547
460 0.173033 -0.268797 4.06547
460 -0.832988 0.204826 4.06547
460 0.320232 0.0905216 4.06547
460 -0.645104 0.015411 4.06547
460 -0.516443 0.247325 4.06547
460 -0.876881 -0.249325 4.06547
460 0.862655 -0.0177894 4.06547
460 -0.714375 0.434997 4.06547
460 -0.554264 0.467538 4.06547
460 0.920266 0.293455 4.06547
460 -0.665514 -0.0368026 4.06547
460 0.684079 0.754307 4.06547
460 -0.183751 0.774086 4.06547
460 0.208624 -0.759722 4.06547
460 -0.602031 0.498862 4.06547
460 0.710984 -0.0476775 4.06547
460 0.456653 0.660018 4.06547
460 0.327698 -0.859414 4.06547
460 -0.543184 0.0415477 4.06547
460 0.578329 0.476435 4.06547
460 -0.661658 0.414988 4.06547
460 -0.0500143 -0.609777 4.06547
460 -0.678151 0.0581642 4.06547
460 -0.558889 0.781016 -2.21772
460 0.623121 0.732823 4.06547
460 -0.457982 -0.72584 4.06547
460 0.107884 0.332165 4.06547
460 -0.0947935 0.537943 4.06547
460 -0.332254 0.244055 -2.21772
460 -0.694889 0.66461 4.06547
460 -0.125236 0.170108 4.06547
460 -0.347478 -0.0826813 4.06547
460 0.121567 0.195425 4.06547
460 0.03805 -0.580714 4.06547
460 0.424891 -0.240614 4.06547
460 0.69894 0.483891 4.06547
460 -0.454716 -0.794429 4.06547
460 -0.605943 0.273675 4.06547
460 0.314298 -0.636635 4.06547
460 0.208385 0.170418 4.06547
460 -0.369054 -0.722855 -2.21772
460 0.790294 0.438096 4.06547
460 0.0711565 0.184805 4.06547
460 -0.685747 -0.437222 4.06547
460 0.894234 0.196904 4.06547
460 0.110492 -0.103353 4.06547
460 0.26424 0.000553577 4.06547
460 0.548641 0.239974 4.06547
460 -0.82356 -0.504182 -2.21772
460 -0.951024 0.08882 4.06547
460 0.753644 -0.528022 4.06547
460 -0.0541134 0.216273 4.06547
460 -0.130689 0.581206 4.06547
460 -0.00299003 -0.238566 4.06547
460 0.839546 0.217572 -2.21772
460 -0.919359 -0.00739266 4.06547
460 -0.000792708 -0.767752 4.06547
460 -0.913188 0.302806 4.06547
460 0.794798 0.180101 4.06547
460 -0.648485 -0.731527 4.06547
460 -0.897352 -0.348967 4.06547
460 0.0561406 -0.780195 4.06547
460 0.0022718 -0.621159 4.06547
460 0.221872 0.258588 4.06547
460 0.407582 0.557164 4.06547
460 0.654686 0.0892488 4.06547
460 -0.257225 -0.130963 4.06547
460 0.2309 -0.395807 4.06547
460 -0.308367 0.293953 4.06547
460 0.71375 0.645822 4.06547
460 0.419784 0.36398 4.06547
460 -0.770965 0.569657 4.06547
460 -0.498927 -0.899328 -2.21772
460 0.248437 0.535888 4.06547
460 0.615303 -0.10774 4.06547
460 -0.7393 -0.704813 4.06547
460 -0.837109 -0.205698 4.06547
460 -0.28638 -0.535504 -2.21772
460 -0.12202 0.345571 4.06547
460 -0.165939 -0.743682 4.06547
460 0.0844212 0.0978351 4.06547
460 -0.180264 0.430496 -2.21772
460 -0.000474107 0.129604 -2.21772
460 0.460994 -0.10874 4.06547
460 0.849425 -0.47882 4.06547
460 0.566912 -0.353723 -2.21772
460 -0.0492861 -0.313526 4.06547
460 0.572089 -0.0175909 4.06547
460 0.00477743 0.0444476 4.06547
460 -0.130688 -0.0114067 4.06547
460 -0.449643 0.770604 4.06547
460 0.939997 -0.416477 4.06547
460 0.642487 -0.414787 4.06547
460 -0.229023 -0.512417 4.06547
460 0.495679 -0.296227 4.06547
460 -0.204949 0.303645 4.06547
460 0.672229 -0.780097 -2.21772
460 -0.0806565 1.01157 -2.21772
460 -0.201629 -0.586261 4.06547
460 -0.716588 -0.385219 4.06547
460 0.499463 0.327447 4.06547
460 0.690533 0.290134 4.06547
460 0.304745 -0.918231 4.06547
460 -0.374158 0.621103 4.06547
460 0.637031 0.300028 4.06547
460 -0.281567 -0.930338 4.06547
460 0.0352613 -0.87345 -2.21772
460 -0.904257 -0.126889 4.06547
460 -0.469821 -0.602238 4.06547
460 -0.317641 -0.748429 -2.21772
460 0.578047 -0.649988 4.06547
460 0.965336 0.337844 -2.21772
460 0.162072 -0.511706 4.06547
460 0.774502 0.661116 4.06547
460 0.802491 0.123514 4.06547
460 -0.457527 0.2512 -2.21772
460 -0.19489 -0.841582 4.06547
460 0.760703 -0.269713 4.06547
460 0.294778 -0.180149 4.06547
460 -0.699188 0.0051296 4.06547
460 0.710851 -0.105021 4.06547
460 0.964406 -0.3554 4.06547
460 0.202867 0.437933 4.06547
460 0.8983 -0.180507 4.06547
460 0.239242 -0.1926 4.06547
460 -0.125577 -0.146679 -2.21772
460 -0.294364 -0.868301 -2.21772
460 0.563176 -0.207788 -2.21772
460 -0.501846 -0.761402 -2.21772
460 0.467059 0.467335 4.06547
460 -0.855457 -0.563434 4.06547
460 -0.590367 -0.172594 4.06547
460 -0.603399 0.123077 -2.21772
460 -0.798215 0.159003 4.06547
460 0.785793 0.551062 4.06547
460 -0.871529 0.253127 4.06547
460 -0.275462 0.803553 4.06547
460 0.867627 -0.306601 4.06547
460 -0.613444 -0.0287843 4.06547
460 -0.952259 0.355318 4.06547
460 -0.392259 -0.0517629 -2.21772
460 1.02358 0.0226247 4.06547
460 -0.360861 0.424317 4.06547
460 0.0420258 0.905541 4.06547
460 -0.673162 0.204351 4.06547
460 0.102008 0.147187 4.06547
460 -0.856785 -0.308327 4.06547
460 -0.213976 -0.198756 4.06547
460 0.0230728 -0.0911443 4.06547
460 0.0764608 -0.835641 4.06547
460 0.0148423 0.959955 4.06547
460 0.617125 -0.0487907 4.06547
460 0.635748 0.250741 4.06547
460 0.129752 0.843751 4.06547
460 -0.225436 0.169901 4.06547
460 0.550122 0.428469 4.06547
460 -0.0475249 -0.260658 4.06547
460 0.28628 0.399495 4.06547
460 -0.326419 -0.688884 4.06547
460 -0.472449 0.34174 4.06547
460 -0.658442 -0.393976 4.06547
460 0.904928 0.135349 4.06547
460 -0.0492383 0.399357 -2.21772
460 0.804948 -0.641235 4.06547
460 0.822727 0.387987 -2.21772
460 0.014403 -0.976833 -2.21772
460 -0.655266 0.357724 4.06547
460 0.243346 -0.444192 4.06547
460 -0.150411 0.388052 4.06547
460 -0.80759 0.421099 4.06547
460 0.374645 0.599079 4.06547
460 -0.227279 0.930733 4.06547
460 0.400438 0.132916 4.06547
460 0.375248 -0.656804 4.06547
460 0.632289 -0.511593 4.06547
460 -0.930285 0.243536 4.06547
460 -0.666771 0.765031 -2.21772
460 0.878581 -0.421512 4.06547
460 0.0554862 -0.631529 4.06547
460 0.701774 -0.164998 4.06547
460 -0.65742 0.255152 4.06547
460 -0.0338919 -0.662627 4.06547
460 0.486909 -0.153332 4.06547
460 0.15436 0.0255289 4.06547
460 0.147982 -0.463026 -2.21772
460 -0.497293 -0.296715 4.06547
460 -0.50698 -0.695348 4.06547
460 -0.243074 -0.621166 4.06547
460 0.0720189 -0.53502 4.06547
460 0.816085 -0.532735 4.06547
460 0.262658 -0.873746 4.06547
460 0.414509 -0.877426 4.06547
460 -0.800186 -0.319351 -2.21772
460 0.102753 0.899728 4.06547
460 -0.027631 0.170948 4.06547
460 0.20696 0.775586 4.06547
460 -0.330676 0.785911 4.06547
460 0.0920807 0.800608 -2.21772
460 -0.276566 -0.485796 4.06547
460 -0.546192 -0.264323 4.06547
460 0.0890943 0.282669 4.06547
460 -0.571897 -0.606098 4.06547
460 0.317086 0.906496 4.06547
460 0.876729 0.401241 4.06547
460 0.210845 -0.294996 4.06547
460 0.849663 0.157988 4.06547
460 0.155335 -0.129098 4.06547
460 0.54795 -0.302621 4.06547
460 0.760367 0.384961 4.06547
460 -0.181471 -0.382712 4.06547
460 -0.354908 -0.23041 4.06547
460 -0.313869 -0.305708 4.06547
460 0.381482 -0.144858 4.06547
460 -0.90223 0.468986 4.06547
460 0.665704 0.530549 4.06547
460 0.361749 0.453651 4.06547
460 -0.287445 0.343115 -2.21772
460 0.788991 -0.373924 4.06547
460 0.435271 -0.0573209 4.06547
460 -0.503236 -0.353144 4.06547
460 0.3403 -0.277215 4.06547
460 0.455646 -0.197521 4.06547
460 0.0909812 0.0250098 4.06547
460 0.560369 0.0355657 4.06547
460 -0.476094 -0.491425 4.06547
460 0.701176 0.118439 4.06547
460 0.10798 -0.640206 4.06547
460 0.447475 -0.580295 4.06547
460 -0.455956 0.907577 4.06547
460 -0.237633 0.55972 4.06547
460 -0.614895 -0.642716 4.06547
460 0.5227 -0.000794766 4.06547
460 0.308998 0.447787 4.06547
460 0.436477 -0.739876 4.06547
460 -0.0993086 0.393555 4.06547
460 -0.362601 -0.332957 4.06547
460 -0.225398 -0.354951 4.06547
460 0.811828 -0.316375 -2.21772
460 -0.125977 0.0811004 4.06547
460 0.253838 -0.620919 4.06547
460 0.17545 0.205515 4.06547
460 0.966464 0.0496055 4.06547
460 -0.291373 0.545071 4.06547
460 -0.603195 -0.698463 4.06547
460 0.0566618 -0.482586 4.06547
460 -0.257533 -0.0826727 -2.21772
460 -0.593467 0.0264071 4.06547
460 0.706555 -0.32108 4.06547
460 -0.818757 -0.262129 4.06547
460 0.430242 0.177447 4.06547
460 0.0498891 0.415063 4.06547
460 0.961528 0.111272 4.06547
460 0.225433 0.486631 -2.21772
460 -0.682424 0.604799 4.06547
460 -0.696126 -0.134261 4.06547
460 0.527496 0.28452 4.06547
460 0.490369 0.521957 4.06547
460 -0.0291569 0.449933 4.06547
460 -0.528189 -0.0525321 -2.21772
460 0.671335 0.342811 4.06547
460 -0.835634 0.576454 4.06547
460 -0.744622 -0.433754 -2.21772
460 -0.261928 -0.228262 4.06547
460 -0.146798 -0.0617086 4.06547
460 -0.176569 -0.277142 4.06547
460 0.788078 -0.478455 -2.21772
460 0.552733 -0.449544 4.06547
460 -0.125413 -0.698629 4.06547
460 0.302291 0.542668 -2.21772
460 0.530717 -0.25214 4.06547
460 0.656252 -0.564838 -2.21772
460 -0.12989 0.785252 4.06547
460 0.481533 -0.534959 4.06547
460 0.0377016 -0.269528 4.06547
460 0.620438 -0.361176 4.06547
460 -0.258657 -0.17902 4.06547
460 -0.558488 0.412232 4.06547
460 -0.711628 -0.487599 4.06547
460 0.0382852 0.273426 4.06547
460 -0.0455239 0.0335073 -2.21772
460 -0.652849 -0.292165 -2.21772
460 -0.306454 -0.807861 4.06547
460 -0.191545 -0.0585022 4.06547
460 -0.499638 -0.832034 4.06547
460 0.847372 0.452554 -2.21772
460 0.813255 0.612349 4.06547
460 -0.0913053 -0.283635 4.06547
460 -0.180094 -0.540124 4.06547
460 0.373068 0.266256 4.06547
460 0.562162 -0.796475 4.06547
460 0.278836 0.491858 4.06547
460 -0.227521 0.258026 4.06547
