835 0.236241 0.400158 4.06547
835 0.0149048 0.854625 4.06547
835 -0.86423 0.141393 4.06547
835 0.783716 -0.222747 4.06547
835 0.654687 0.028756 4.06547
835 0.93761 0.230017 4.06547
835 -0.39486 -0.151223 4.06547
835 0.131741 -0.553906 4.06547
835 0.214452 0.352267 4.06547
835 -0.131438 -0.255419 -2.21772
835 -0.981148 -0.285268 4.06547
835 0.1889 0.0358022 4.06547
835 -0.511168 -0.402632 4.06547
835 0.519511 0.570614 4.06547
835 -0.0483325 0.693252 -2.21772
835 0.565193 0.695703 4.06547
835 -0.645273 0.531269 4.06547
835 0.0368617 -0.730043 4.06547
835 0.161974 0.576318 4.06547
835 -0.634361 -0.187578 4.06547
835 0.100982 -0.454691 4.06547
835 0.208202 -0.478082 4.06547
835 0.15801 -0.905218 4.06547
835 0.549352 0.52212 4.06547
835 0.3405 -0.0483334 4.06547
835 -0.0661271 -0.0838383 4.06547
835 -0.0834132 0.446055 4.06547
835 0.13092 0.115258 4.06547
835 -0.15338 0.528971 4.06547
835 -0.128991 -0.504304 4.06547
835 0.753645 0.14449 4.06547
835 0.189383 -0.15783 4.06547
835 -0.272193 -0.992774 4.06547
835 -0.458384 0.7039 4.06547
835 0.218368 -0.667168 -2.21772
835 0.651631 -0.31417 4.06547
835 0.295477 0.311732 4.06547
835 -0.684058 0.31261 4.06547
835 0.0186 0.750869 4.06547
835 0.284642 0.218302 4.06547
835 0.353661 -0.462062 4.06547
835 -0.407048 0.257381 4.06547
835 -0.364106 0.281187 4.06547
835 0.0514973 -0.223163 4.06547
835 -0.661292 0.115518 4.06547
835 0.183323 0.124218 4.06547
835 0.171353 -1.01358 4.06547
835 0.573241 0.574996 4.06547
835 0.880268 -0.532689 4.06547
835 -0.0914317 -0.45218 4.06547
835 0.576214 0.762578 4.06547
835 -0.693915 0.508427 4.06547
835 0.182325 0.624408 4.06547
835 0.202023 -0.615777 4.06547
835 -0.654428 0.468037 4.06547
835 0.658231 -0.717264 4.06547
835 -0.027318 -0.114691 4.06547
835 0.197141 0.941416 4.06547
835 0.399331 -0.831563 4.06547
835 -0.574465 0.0843885 4.06547
835 -0.0663515 0.49598 4.06547
835 -0.408648 -0.304226 4.06547
835 0.394042 0.410313 4.06547
835 0.168119 -0.0185774 -2.21772
835 0.668282 -0.0223926 4.06547
835 0.579225 -0.258373 4.06547
835 -0.251232 0.217027 4.06547
835 -0.320423 0.637529 -2.21772
835 0.216946 -0.342928 4.06547
835 -0.787989 0.0483508 -2.21772
835 -0.991082 0.236674 4.06547
835 -0.795313 -0.556282 4.06547
835 -0.421152 -0.632239 -2.21772
835 0.813769 -0.0499366 4.06547
835 0.819552 -0.263558 -2.21772
835 -0.14965 0.129188 4.06547
835 -0.89446 0.190182 -2.21772
835 0.727723 0.338901 4.06547
835 0.0142761 -0.144079 -2.21772
835 -0.440193 -0.118152 4.06547
835 -0.557441 -0.00834286 4.06547
835 -0.100576 0.84287 4.06547
835 0.492291 -0.751073 4.06547
835 0.780196 -0.581289 4.06547
835 0.235412 0.129874 4.06547
835 0.691537 -0.269472 4.06547
835 -0.669217 -0.672717 4.06547
835 0.489627 0.614784 4.06547
835 0.462192 -0.482096 4.06547
835 -0.634514 -0.132871 4.06547
835 -0.304664 0.849723 -2.21772
835 -0.170336 -0.0106164 -2.21772
835 -0.303929 0.207954 4.06547
835 0.317275 -0.226623 4.06547
835 0.960733 -0.131731 4.06547
835 0.193065 -0.429491 4.06547
835 0.371641 -0.512448 4.06547
835 -0.248649 0.866514 4.06547
835 0.596813 -0.0668714 4.06547
835 0.317411 -0.000520705 -2.21772
835 0.758426 -0.130336 4.06547
835 -0.410648 0.462851 4.06547
835 0.327836 0.666845 4.06547
835 0.812362 0.0653274 4.06547
835 0.351512 -0.966879 -2.21772
835 0.818736 -0.425138 4.06547
835 -0.288689 -0.0533963 4.06547
835 -0.415041 0.121073 4.06547
835 -0.421773 -0.462455 4.06547
835 0.516232 -0.64094 4.06547
835 0.00906202 -0.193008 4.06547
835 -0.749812 0.51518 4.06547
835 0.39833 0.316104 4.06547
835 -0.296904 0.0490514 4.06547
835 -0.559052 -0.42718 -2.21772
835 -0.109889 -0.967521 -2.21772
835 -0.461536 0.846771 4.06547
835 0.139531 -0.226584 4.06547
835 0.415676 0.743453 4.06547
835 0.262416 -0.489486 -2.21772
835 -0.21209 0.820454 4.06547
835 0.0132154 -0.82335 4.06547
835 -0.0961692 -0.602152 -2.21772
835 0.755262 0.595992 4.06547
835 0.198 0.825804 -2.21772
835 0.695637 0.159496 4.06547
835 -0.332732 0.958069 4.06547
835 -0.169632 0.335905 4.06547
835 -0.0718946 0.0809387 4.06547
835 -0.272793 -0.711243 4.06547
835 0.0311557 0.369453 -2.21772
835 0.299662 -0.451076 4.06547
835 -0.0397471 -0.212549 -2.21772
835 -0.556734 0.720472 4.06547
835 -0.755343 0.68088 4.06547
835 0.130971 0.625325 4.06547
835 -0.0704975 -0.916727 -2.21772
835 0.731744 0.437043 4.06547
835 -1.01962 0.00730246 -2.21772
835 0.110459 0.57151 4.06547
835 -0.614551 -0.513478 -2.21772
835 0.519383 -0.881875 4.06547
835 0.0501056 0.142899 4.06547
835 -0.788581 -0.109009 4.06547
835 -0.918955 -0.294073 4.06547
835 0.115934 -0.503972 4.06547
835 0.533557 0.865379 4.06547
835 -0.195966 0.0416495 -2.21772
835 0.52307 0.737127 4.06547
835 -0.707276 -0.279531 4.06547
835 0.599412 0.131601 4.06547
835 -0.137804 -0.359653 4.06547
835 0.135041 0.952755 4.06547
835 -0.626811 0.0727942 4.06547
835 0.368912 -0.233038 4.06547
835 -0.105901 0.214225 4.06547
835 0.340997 0.134746 4.06547
835 -0.264897 0.650062 4.06547
835 -0.0846817 0.589312 4.06547
835 -0.219621 -0.729101 4.06547
835 -1.00701 -0.168174 4.06547
835 0.755066 0.290321 -2.21772
835 0.198307 -0.206344 -2.21772
835 0.511259 -0.107832 4.06547
835 0.110165 0.0677456 4.06547
835 0.612683 -0.759045 4.06547
835 0.998789 -0.232053 -2.21772
835 -0.605694 -0.829742 4.06547
835 0.214918 -0.00352102 4.06547
835 -0.373226 0.217421 4.06547
835 -0.140895 0.729562 4.06547
835 0.534203 -0.158142 4.06547
835 -0.706041 -0.575013 4.06547
835 0.44083 0.510454 4.06547
835 0.178258 0.254068 4.06547
835 -0.24567 0.356054 4.06547
835 -0.641386 0.169093 4.06547
835 -0.286222 -0.598018 4.06547
835 -0.760765 -0.271293 4.06547
835 -0.3929 0.168792 4.06547
835 0.607127 0.229666 4.06547
835 0.594138 -0.703898 4.06547
835 -0.0773424 0.169329 4.06547
835 -0.795713 0.306656 4.06547
835 -0.708585 0.726623 -2.21772
835 0.0211009 -0.676022 4.06547
835 -0.941133 -0.399943 4.06547
835 -1.00886 0.173391 -2.21772
835 -0.771109 -0.374941 4.06547
835 0.496697 0.132783 4.06547
835 0.313476 0.177677 4.06547
835 0.67817 -0.61849 4.06547
835 -0.390154 -0.951848 4.06547
835 0.2406 -0.576552 4.06547
835 0.0813891 0.377808 4.06547
835 -0.135167 0.891819 4.06547
835 0.283304 -0.266552 -2.21772
835 -0.0682554 0.641025 -2.21772
835 -0.706243 -0.748782 4.06547
835 0.842048 -0.206767 4.06547
835 -0.0124675 0.800617 4.06547
835 0.362931 0.767412 4.06547
835 -0.736734 -0.160984 4.06547
835 -0.231693 -0.410101 4.06547
835 -0.431645 0.356191 4.06547
835 0.341246 0.40713 4.06547
835 -0.891222 0.359016 4.06547
835 -0.220488 0.46594 4.06547
835 -0.218157 0.000483415 -2.21772
835 -0.569452 -0.545081 4.06547
835 -0.201067 0.374071 4.06547
835 0.0207571 0.603328 -2.21772
835 -0.529391 0.630407 4.06547
835 -0.242659 -0.564294 4.06547
835 -0.331546 -0.571062 4.06547
835 0.254799 0.80875 4.06547
835 0.4761 0.367782 4.06547
835 -0.331901 -0.974063 4.06547
835 -0.179305 0.27151 -2.21772
835 -0.194354 0.717977 4.06547
835 -0.248366 0.0433808 4.06547
835 -0.345458 -0.132643 4.06547
835 0.0569358 0.0576785 4.06547
835 -0.560129 -0.661849 4.06547
835 0.185806 -0.56557 -2.21772
835 0.394273 0.223707 4.06547
835 0.153089 0.435805 4.06547
835 0.371749 -0.372334 4.06547
835 -0.149151 -1.01921 4.06547
835 0.317864 0.842995 4.06547
835 -0.43348 -0.0676391 4.06547
835 -0.694864 0.159892 4.06547
835 0.158895 0.894096 4.06547
835 0.941984 0.392455 4.06547
835 0.315674 0.729033 4.06547
835 -0.572722 -0.0619706 -2.21772
835 0.466041 -0.849309 4.06547
835 0.352356 -0.602956 4.06547
835 0.458567 -0.338549 4.06547
835 0.902037 0.339767 4.06547
835 0.675542 0.691572 4.06547
835 -0.760475 0.256203 4.06547
835 0.17964 0.674142 4.06547
835 -0.134318 0.43767 -2.21772
835 -0.676654 -0.239407 4.06547
835 0.14587 -0.751798 4.06547
835 0.532889 -0.694386 4.06547
835 0.229214 0.214403 4.06547
835 -0.0182542 0.905165 4.06547
835 -0.537924 -0.202941 -2.21772
835 0.407709 -0.617739 4.06547
835 -0.865614 0.41415 4.06547
835 0.395798 -0.770202 4.06547
835 0.301194 -0.314202 4.06547
835 0.914659 0.0116807 4.06547
835 -0.359671 -0.281491 4.06547
835 -0.0859027 -0.233892 4.06547
835 -0.568677 0.229135 4.06547
835 -0.360989 0.129833 4.06547
835 0.224204 0.706337 4.06547
835 -0.851838 -0.457978 4.06547
835 -0.102776 0.685332 4.06547
835 -0.0510892 0.957539 -2.21772
835 -0.837719 0.467381 4.06547
835 0.364268 -0.904544 4.06547
835 -0.821145 -0.615957 -2.21772
835 -0.488869 0.0588917 4.06547
835 0.00284916 0.553238 -2.21772
835 -0.461439 -0.380105 4.06547
835 0.608402 -0.458452 4.06547
835 0.863497 0.039569 4.06547
835 0.294748 -0.987542 4.06547
835 0.279211 -0.538915 4.06547
835 -0.308098 0.491196 4.06547
835 0.28241 0.639563 4.06547
835 0.42637 -0.523895 4.06547
835 0.320889 0.265562 4.06547
835 -0.192252 0.880621 4.06547
835 0.409132 -0.0988945 4.06547
835 -0.498569 0.804457 4.06547
835 0.701298 -0.674113 -2.21772
835 -0.0213177 -1.03151 4.06547
835 0.0908406 -0.741428 -2.21772
835 -0.186291 -0.634502 -2.21772
835 0.0355271 0.0106934 4.06547
835 -0.111707 0.951233 4.06547
835 -0.361055 0.830917 -2.21772
835 -0.361594 -0.783221 4.06547
835 -0.197827 0.131232 4.06547
835 0.0128238 -0.484362 4.06547
835 -0.951169 0.183069 4.06547
835 -0.128187 -0.908924 4.06547
835 -0.83162 0.359738 4.06547
835 0.526234 0.180091 4.06547
835 -0.154754 -0.796459 4.06547
835 0.0457163 -1.03123 -2.21772
835 0.443287 -0.431088 4.06547
835 -0.523589 0.374306 4.06547
835 0.635738 0.794378 4.06547
835 -0.424523 -0.517123 4.06547
835 -0.749481 0.153283 4.06547
835 0.142012 0.526749 4.06547
835 -0.261523 0.306237 4.06547
835 0.231261 0.647138 4.06547
835 -0.367885 -0.384892 4.06547
835 -0.0493683 0.126987 4.06547
835 0.405985 -0.330965 4.06547
835 0.679645 0.207107 4.06547
835 0.423809 0.270544 4.06547
835 0.0371806 0.654346 -2.21772
835 0.694625 0.585051 4.06547
835 -0.240051 -0.04171 4.06547
835 -0.875076 -0.404567 -2.21772
835 -0.139713 -0.409947 -2.21772
835 -0.441795 0.553824 4.06547
835 -0.189912 0.569517 4.06547
835 0.263581 0.749839 4.06547
835 -0.404328 0.0348846 4.06547
835 -0.230828 0.761488 4.06547
835 -0.0632199 -0.557335 4.06547
835 0.166795 -0.330663 4.06547
835 0.251614 -0.0893045 4.06547
835 1.02001 -0.105026 4.06547
835 -0.231263 -0.464712 4.06547
835 0.523474 0.471828 4.06547
835 0.923507 -0.30324 4.06547
835 0.468386 0.08565 4.06547
835 0.0900082 0.520118 4.06547
835 0.529561 0.800583 4.06547
835 -0.0265863 -0.520218 4.06547
835 -0.0321652 0.596765 4.06547
835 -0.845725 0.0370712 -2.21772
835 -0.287781 0.91293 4.06547
835 0.0073162 0.699519 4.06547
835 0.291856 -0.0461616 -2.21772
835 -0.248517 0.13039 -2.21772
835 0.179462 -0.380698 4.06547
835 -0.935188 -0.23401 4.06547
835 -0.016215 -0.0646934 -2.21772
835 0.98384 -0.292684 4.06547
835 0.259336 0.175031 4.06547
835 -0.592245 -0.281616 -2.21772
835 -0.555414 -0.727129 4.06547
835 0.471145 -0.917348 -2.21772
835 -0.495099 0.535663 4.06547
835 0.718715 0.247632 4.06547
835 -0.0772286 0.900036 4.06547
835 0.511604 -0.346058 -2.21772
835 -0.211113 0.991673 -2.21772
835 -0.210482 0.663174 4.06547
835 0.0558049 0.559824 4.06547
835 -0.350224 -0.181441 4.06547
835 -0.0175202 -0.716913 4.06547
835 -0.0858778 -0.860523 4.06547
835 0.6657 -0.467427 4.06547
835 -0.000143306 0.411081 4.06547
835 0.543295 0.631317 4.06547
835 0.639901 0.481117 4.06547
835 -1.01815 0.0679435 -2.21772
835 0.336196 -0.412421 4.06547
835 -0.891001 -0.192507 4.06547
835 0.555969 -0.597098 4.06547
835 -0.381962 0.372554 4.06547
835 0.76178 -0.0228425 4.06547
835 -0.07096 -0.707341 4.06547
835 0.600046 0.0303103 4.06547
835 0.258109 0.448694 4.06547
835 0.387581 -0.281737 4.06547
835 -0.0676753 0.794364 -2.21772
835 0.964943 -0.0731922 4.06547
835 0.0811823 -0.298433 -2.21772
835 -0.841883 -0.15244 4.06547
835 -0.242212 -0.884593 4.06547
835 1.01187 0.147449 4.06547
835 -0.860408 -0.0207072 4.06547
835 0.26654 0.356616 4.06547
835 0.73549 0.706122 4.06547
835 0.0699874 -0.0236562 -2.21772
835 0.139991 -0.28011 4.06547
835 0.0710412 0.75626 4.06547
835 -0.480314 0.197294 4.06547
835 -0.496458 -0.239688 4.06547
835 -0.110672 0.260617 4.06547
835 0.814891 0.281922 4.06547
835 1.02335 -0.0416418 4.06547
835 0.165544 -0.804647 4.06547
835 -0.515813 0.428048 4.06547
835 0.608154 0.338053 4.06547
835 0.195742 0.535927 4.06547
835 -0.733188 0.0529464 4.06547
835 -0.608696 -0.450453 4.06547
835 0.762129 0.489107 4.06547
835 0.582996 0.277541 4.06547
835 -0.714928 0.106435 4.06547
835 -0.448049 -0.220762 4.06547
835 -0.428748 0.607768 4.06547
835 0.725492 -0.474138 4.06547
835 -0.621838 -0.571915 4.06547
835 0.871678 0.267794 4.06547
835 -0.655955 -0.79207 4.06547
835 -0.451499 -0.859309 4.06547
835 0.640297 0.386261 4.06547
835 0.0984355 -0.902117 4.06547
835 0.329491 -0.138139 4.06547
835 -0.209532 -0.784401 4.06547
835 -0.383158 0.0829938 4.06547
835 -0.156639 0.833005 -2.21772
835 0.0218241 -0.0377014 4.06547
835 -0.139409 -0.457773 4.06547
835 0.0739149 -0.687424 4.06547
835 -0.416616 -0.409869 -2.21772
835 -0.472682 -0.545285 4.06547
835 -0.169331 0.478058 4.06547
835 -0.413158 -0.756603 4.06547
835 -0.548931 0.278525 4.06547
835 -0.270433 0.451811 4.06547
835 -0.342759 -0.909119 4.06547
835 -0.0833501 -0.654609 4.06547
835 -0.457149 -0.326014 4.06547
835 -0.358958 0.477393 4.06547
835 0.761756 -0.0758263 4.06547
835 -0.952017 -0.108842 4.06547
835 -0.71694 -0.643211 4.06547
835 0.913095 -0.0521791 4.06547
835 0.232323 -0.824469 4.06547
835 -0.827442 0.0921961 4.06547
835 -0.76981 0.100609 4.06547
835 0.400126 -0.190649 -2.21772
835 0.626229 -0.81964 4.06547
835 -0.447317 0.159043 4.06547
835 -0.584263 -0.220451 4.06547
835 -0.373856 -0.661929 4.06547
835 0.339899 0.221295 4.06547
835 -0.781861 0.201309 4.06547
835 0.218282 0.587679 4.06547
835 0.673702 -0.367557 4.06547
835 -0.126918 -0.203348 -2.21772
835 0.548108 -0.747209 4.06547
835 -0.285516 0.74629 4.06547
835 0.258122 -0.774921 4.06547
835 -0.376414 -0.601782 4.06547
835 -0.406172 -0.820479 4.06547
835 0.473462 0.179836 4.06547
835 -0.211207 -1.00785 -2.21772
835 0.461864 0.566167 4.06547
835 -0.0813117 -0.182723 4.06547
835 0.632522 0.182476 4.06547
835 -0.114652 -0.551163 4.06547
835 -0.0155851 0.648052 4.06547
835 0.548064 0.132049 -2.21772
835 -0.676068 -0.0859274 4.06547
835 0.271951 0.263442 4.06547
835 1.01964 0.0847292 4.06547
835 0.886154 0.503075 -2.21772
835 -0.0106226 -0.57053 4.06547
835 -0.816073 0.252099 -2.21772
835 0.859134 0.100452 4.06547
835 -0.471521 -0.0312675 4.06547
835 -0.776256 0.463683 4.06547
835 0.879064 -0.24919 4.06547
835 0.82239 0.497079 4.06547
835 -0.520464 -0.516479 4.06547
835 -0.0886204 0.306277 4.06547
835 -0.0947157 -0.395368 4.06547
835 0.365387 0.709029 4.06547
835 0.244231 -0.0433928 4.06547
835 -0.043963 -0.81392 4.06547
835 0.903292 -0.362168 4.06547
835 -0.0996935 -0.805616 4.06547
835 -1.01965 -0.0521919 4.06547
835 0.389847 -0.564078 4.06547
835 -0.601663 -0.33423 4.06547
835 -0.172138 -0.226142 4.06547
835 -0.319508 0.437881 -2.21772
835 -1.01176 -0.110611 4.06547
835 -0.275375 -0.384293 4.06547
835 -0.727174 0.206865 4.06547
835 -0.223339 -0.304406 4.06547
835 -0.173585 0.084836 4.06547
835 0.0899959 0.658268 4.06547
835 0.967377 -0.0128542 4.06547
835 0.0955219 -0.252431 -2.21772
835 -0.455697 0.021079 4.06547
835 -0.0124733 0.224547 4.06547
835 -0.187505 -0.435703 4.06547
835 -0.535191 0.187343 4.06547
835 0.543471 -0.0628027 4.06547
835 0.581617 0.38199 4.06547
835 -0.773536 0.360194 4.06547
835 -0.248262 0.704479 4.06547
835 0.907884 -0.118185 4.06547
835 0.0616745 -0.0727473 4.06547
835 0.264584 -0.220217 4.06547
835 -0.0118741 -0.923355 4.06547
835 0.157504 0.78502 4.06547
835 -0.655685 -0.476832 4.06547
835 -0.120932 0.632376 4.06547
835 0.231369 -0.133502 4.06547
835 0.61675 0.0795835 4.06547
835 0.199418 -0.0564874 -2.21772
835 0.263794 0.0885652 4.06547
835 -0.758419 -0.603276 4.06547
835 0.844781 -0.587235 4.06547
835 -0.549651 -0.314937 4.06547
835 0.367453 0.178974 4.06547
835 0.0728045 0.957702 4.06547
835 -0.25721 0.505048 4.06547
835 -0.00844643 -0.391295 4.06547
835 0.595963 0.6261 4.06547
835 -0.403259 0.719767 4.06547
835 -0.505685 0.480421 4.06547
835 0.0877281 -0.40556 4.06547
835 -0.668183 -0.53548 -2.21772
835 -0.516192 -0.459741 4.06547
835 0.671086 0.434859 -2.21772
835 -0.948145 -0.171786 4.06547
835 0.472558 -0.245772 4.06547
835 0.212608 0.878543 4.06547
835 0.495359 0.0364959 4.06547
835 0.652052 -0.0722158 4.06547
835 -0.322419 -0.411234 4.06547
835 0.368593 0.884634 4.06547
835 0.0494834 -0.438568 -2.21772
835 -0.737666 0.621138 4.06547
835 0.427449 0.613006 4.06547
835 0.173754 0.729473 4.06547
835 0.0119883 0.320043 4.06547
835 -0.615197 0.432617 4.06547
835 0.477785 0.897085 4.06547
835 -0.117779 0.487884 4.06547
835 0.573315 -0.501763 4.06547
835 0.183753 0.393861 4.06547
835 0.253301 -0.94269 4.06547
835 -0.705855 0.260282 4.06547
835 0.700415 0.387622 4.06547
835 -0.397946 -0.885827 4.06547
835 0.585438 0.829558 -2.21772
835 0.319184 -0.363136 -2.21772
835 -0.809225 0.520573 -2.21772
835 0.788682 0.336375 -2.21772
835 -0.00695911 0.272017 4.06547
835 0.342681 0.0443812 4.06547
835 -0.086058 -1.02701 -2.21772
835 0.181366 -0.710876 4.06547
835 0.5986 -0.307893 4.06547
835 -0.601477 -0.76187 4.06547
835 0.152702 0.162058 4.06547
835 0.536558 -0.544355 4.06547
835 -0.25373 -0.825541 -2.21772
835 0.291945 0.0459086 4.06547
835 0.294483 -0.811918 4.06547
835 -0.501993 0.744588 4.06547
835 -0.798772 0.629998 4.06547
835 -0.205558 0.517884 4.06547
835 0.381642 -0.714908 4.06547
835 -0.663961 -0.609612 -2.21772
835 0.296393 -0.589188 4.06547
835 0.386223 0.505278 4.06547
835 0.639897 -0.170373 4.06547
835 0.164442 -0.656926 4.06547
835 -0.303448 0.690319 4.06547
835 0.348329 -0.185147 4.06547
835 -0.0189377 0.36148 4.06547
835 0.0438103 0.805887 4.06547
835 0.713367 0.0013244 4.06547
835 -0.147433 -0.591516 4.06547
835 -0.370465 -0.437392 4.06547
835 0.431218 -0.147432 4.06547
835 0.106208 -0.153566 4.06547
835 0.847594 0.328976 4.06547
835 0.417966 0.0875528 4.06547
835 -0.452932 -0.273089 4.06547
835 0.334541 -0.551247 4.06547
835 -0.929096 0.413784 4.06547
835 -0.234586 0.412713 4.06547
835 0.729421 -0.374441 4.06547
835 0.0625067 -0.124174 -2.21772
835 0.803968 -0.166222 4.06547
835 0.309114 0.787574 4.06547
835 -0.436732 0.0723177 4.06547
835 -0.399869 0.515922 4.06547
835 -0.588876 0.177826 4.06547
835 0.845437 -0.367475 4.06547
835 0.77867 0.2381 4.06547
835 -0.470801 0.646129 -2.21772
835 -0.712784 -0.0472069 4.06547
835 -0.224292 0.0858832 4.06547
835 -0.330134 -0.514701 4.06547
835 -0.614286 0.809242 4.06547
835 -0.853162 0.304628 4.06547
835 -0.0382075 0.312412 4.06547
835 0.0431758 1.01412 4.06547
835 -0.403019 0.872962 4.06547
835 -0.377492 -0.544051 -2.21772
835 0.424599 -0.380768 4.06547
835 -0.361107 0.678235 4.06547
835 -0.0504978 -0.0352166 4.06547
835 -0.200705 0.223081 4.06547
835 0.813615 0.00703883 4.06547
835 -0.803271 -0.00417153 -2.21772
835 -0.849309 -0.0985375 4.06547
835 -0.501831 0.14817 4.06547
835 -0.0493332 0.546196 4.06547
835 -0.779928 -0.216055 4.06547
835 0.915464 0.448701 4.06547
835 -0.00471461 -0.343652 4.06547
835 -0.350852 0.0447438 4.06547
835 0.911655 0.0747096 -2.21772
835 0.571493 -0.858509 -2.21772
835 0.274678 0.692133 4.06547
835 -0.628213 0.32142 4.06547
835 -0.421474 0.409767 4.06547
835 -0.185438 -0.898592 4.06547
835 0.0206175 0.182934 4.06547
835 0.417145 0.459807 -2.21772
835 0.331933 0.50089 -2.21772
835 -0.114461 -0.0993367 4.06547
835 -0.48932 -0.134426 4.06547
835 -0.271293 -0.332161 4.06547
835 -0.404158 -0.252638 4.06547
835 -0.399412 -0.201683 4.06547
835 -0.30577 -0.205738 4.06547
835 0.503929 -0.20235 4.06547
835 0.376676 0.647259 4.06547
835 0.0271235 -0.532635 4.06547
835 -0.469037 0.110032 4.06547
835 -0.148999 1.00304 -2.21772
835 -0.9621 -0.0497543 -2.21772
835 0.63732 -0.661616 4.06547
835 0.498739 -0.587619 4.06547
835 0.108744 -0.0577746 4.06547
835 -0.0789388 -0.505196 4.06547
835 0.0784549 -0.355397 4.06547
835 0.195068 -0.102883 -2.21772
835 0.324392 0.605058 4.06547
835 0.579248 0.180401 4.06547
835 -0.33158 0.386088 4.06547
835 -0.263874 -0.767891 4.06547
835 -0.310501 -0.25624 4.06547
835 -0.028689 -0.868113 4.06547
835 0.765631 -0.687502 4.06547
835 -0.347351 0.530391 4.06547
835 0.0747299 0.608743 4.06547
835 -0.0579585 -0.760398 4.06547
835 0.531932 -0.397147 4.06547
835 -0.087586 0.738787 4.06547
835 0.760035 0.0874316 -2.21772
835 -0.787898 -0.161796 4.06547
835 0.517176 -0.491775 -2.21772
835 -0.0435976 0.850019 4.06547
835 -0.206295 -0.148463 4.06547
835 -0.0409758 -0.470792 -2.21772
835 0.497556 -0.439964 -2.21772
835 -0.743108 0.411105 4.06547
835 0.509289 -0.811213 4.06547
835 -0.112258 -0.751578 4.06547
835 -0.280778 0.256956 4.06547
835 -0.14076 0.297143 -2.21772
835 -0.0494649 -0.974345 4.06547
835 0.301897 0.969366 4.06547
835 -0.418445 -0.69363 4.06547
835 0.232813 -1.00459 4.06547
835 0.370671 0.361735 4.06547
835 0.193133 -0.953728 4.06547
835 -0.135034 -0.644887 4.06547
835 0.000719899 -0.437466 4.06547
835 -0.548037 0.512206 4.06547
835 0.130904 0.246459 4.06547
835 -0.173831 0.179474 4.06547
835 1.00055 0.209557 4.06547
835 0.501047 0.226749 -2.21772
835 0.121618 0.477232 4.06547
835 -0.53708 0.571977 4.06547
835 -0.749204 -0.00101988 4.06547
835 -0.0753331 0.00136585 4.06547
835 0.461371 -0.633286 -2.21772
835 -0.620118 0.223311 4.06547
835 -0.973632 0.297018 -2.21772
835 0.853705 0.555756 4.06547
835 -0.898899 -0.0725062 4.06547
835 -0.317447 0.00551515 4.06547
835 0.739182 0.197307 4.06547
835 -0.49298 0.285243 4.06547
835 -0.176387 -0.688018 4.06547
835 0.186698 -0.854172 4.06547
835 0.0946789 -0.592649 4.06547
835 0.352822 0.549821 4.06547
835 0.698368 -0.421735 4.06547
835 -0.396451 0.318482 4.06547
835 0.811583 -0.107663 4.06547
835 0.635541 -0.262492 4.06547
835 0.127597 -0.852076 4.06547
835 0.567838 0.0817008 4.06547
835 0.450749 0.318722 4.06547
835 0.0391984 -0.327145 4.06547
835 -0.818642 -0.0570965 4.06547
835 0.610701 -0.214758 4.06547
835 0.147951 -0.604774 4.06547
835 0.607107 0.527252 4.06547
835 -0.490838 -0.185873 4.06547
835 -0.530648 0.324661 4.06547
835 0.0370426 0.510475 -2.21772
835 0.6679 -0.2168 4.06547
835 -0.387718 0.569189 -2.21772
835 -0.706329 0.563031 4.06547
835 -0.588202 0.548942 4.06547
835 0.26711 -0.351946 4.06547
835 -0.228855 -0.674551 -2.21772
835 -0.472732 0.392576 4.06547
835 -0.885786 0.0892924 4.06547
835 -0.73345 -0.104059 4.06547
835 -0.521993 0.0972648 4.06547
835 0.0621157 0.328202 4.06547
835 0.950786 -0.188197 4.06547
835 -0.333591 -0.0383053 -2.21772
835 0.222797 -0.895328 4.06547
835 -0.227195 0.60982 4.06547
835 -0.770727 -0.478026 4.06547
835 0.35366 -0.323064 4.06547
835 0.912265 -0.475045 -2.21772
835 0.239806 0.0430977 4.06547
835 -0.412877 -0.35676 4.06547
835 -0.744195 -0.533254 4.06547
835 0.477938 -0.388999 4.06547
835 0.349519 -0.80641 4.06547
835 -0.148321 0.036037 -2.21772
835 -0.169422 -0.958217 4.06547
835 0.318555 0.35925 4.06547
835 -0.419411 0.810436 4.06547
835 -0.963735 0.0184946 4.06547
835 -0.101096 -0.049337 -2.21772
835 -0.581303 0.610216 4.06547
835 0.128867 -0.372782 4.06547
835 -0.716094 0.364212 4.06547
835 0.518346 0.0836207 4.06547
835 0.132277 -0.958642 4.06547
835 0.393319 0.0421175 4.06547
835 0.244525 0.309408 4.06547
835 0.50044 0.418002 4.06547
835 -0.467153 -0.433967 -2.21772
835 0.119583 -0.324026 4.06547
835 -0.423729 -0.573263 4.06547
835 0.101305 0.42763 4.06547
835 0.557116 0.324756 4.06547
835 -0.605991 0.746777 4.06547
835 -0.275788 0.170171 4.06547
835 -0.533153 -0.0989692 4.06547
835 0.616017 -0.607694 -2.21772
835 -0.513974 0.683471 4.06547
835 -0.272298 0.976676 4.06547
835 0.248304 -0.301577 4.06547
835 -0.739185 0.310295 4.06547
835 -0.0148862 0.503297 4.06547
835 0.0827589 0.239199 -2.21772
835 0.0779974 -0.975585 4.06547
835 0.234472 -0.720326 4.06547
835 0.174343 0.485418 4.06547
835 0.289698 -0.733156 4.06547
835 0.367216 -0.00296937 4.06547
835 0.44916 -0.792725 4.06547
835 0.390177 -0.051136 4.06547
835 0.611254 0.431373 4.06547
835 0.444164 0.0394427 4.06547
835 0.586373 -0.405574 4.06547
835 0.0279472 0.0948276 4.06547
835 0.691095 -0.520258 4.06547
835 -0.166241 -0.172784 4.06547
835 -0.200422 -0.0992881 4.06547
835 -0.629803 0.646245 4.06547
835 -0.555441 0.136529 4.06547
835 -0.295548 -0.104761 -2.21772
835 -0.48307 -0.0832441 4.06547
835 0.763401 0.0326975 4.06547
835 -0.928217 0.130759 4.06547
835 0.594473 -0.554647 4.06547
835 -0.452538 0.499656 4.06547
835 -0.506538 0.0063678 4.06547
835 0.0347558 0.231858 4.06547
835 0.0971256 -0.201575 4.06547
835 0.562337 -0.112366 4.06547
835 -0.554875 -0.368623 4.06547
835 0.863047 -0.0817648 4.06547
835 -0.0336388 -0.163622 4.06547
835 0.722026 -0.733631 4.06547
835 0.447851 0.225402 4.06547
835 0.0184279 0.460833 4.06547
835 0.143692 0.295801 4.06547
835 0.476578 0.272821 4.06547
835 -0.446818 -0.926236 4.06547
835 -0.764365 -0.056141 4.06547
835 -0.90243 0.0368632 4.06547
835 0.108584 -0.79619 4.06547
835 -0.0516437 -0.420872 -2.21772
835 0.950414 0.171385 4.06547
835 0.224162 -0.527004 -2.21772
835 0.265773 0.862849 4.06547
835 -0.0221315 0.0859358 -2.21772
835 0.148227 -0.180267 4.06547
835 0.239802 0.987323 4.06547
835 -0.0583155 0.265019 4.06547
835 0.417236 -0.00590176 4.06547
835 0.616118 0.67672 4.06547
835 0.467466 -0.00923196 4.06547
835 0.491558 -0.0585995 4.06547
835 0.423681 0.860932 4.06547
835 -0.512688 0.875952 -2.21772
835 0.632992 0.578368 4.06547
835 -0.37101 -0.00230931 4.06547
835 -0.0938713 -0.338717 4.06547
835 0.0563612 -0.17269 4.06547
835 0.474178 0.77269 4.06547
835 -0.270881 -0.00243649 4.06547
835 0.420323 0.924612 4.06547
835 0.663924 -0.122957 4.06547
835 0.370267 0.823242 4.06547
835 -0.916992 -0.455774 4.06547
835 0.657875 0.631724 4.06547
835 0.283156 -0.401663 4.06547
835 0.127182 -0.697953 4.06547
835 -0.218252 -0.251793 4.06547
835 0.255854 0.924919 4.06547
835 -0.807548 -0.423939 4.06547
835 0.19363 0.304071 4.06547
835 -0.329242 0.0902018 4.06547
835 -0.390784 -0.10184 4.06547
835 0.0387815 -0.385425 4.06547
835 0.414199 0.68472 4.06547
835 0.857124 -0.144066 4.06547
835 -0.647678 -0.360047 4.06547
835 0.650455 0.132304 -2.21772
835 0.132167 0.386404 4.06547
835 0.367127 0.0892653 4.06547
835 -0.281554 0.397387 4.06547
835 0.0494774 -0.927435 4.06547
835 -0.281147 0.597376 4.06547
835 0.153164 -0.0718696 4.06547
835 0.422466 0.799918 4.06547
835 -0.685136 -0.185866 4.06547
835 0.122261 -0.0142305 4.06547
835 -0.276943 -0.437746 4.06547
835 -0.392952 0.935936 -2.21772
835 0.268628 0.5913 -2.21772
835 0.174839 1.00101 4.06547
835 -0.352892 -0.845344 4.06547
835 0.288044 0.133554 4.06547
835 -0.995377 -0.226647 4.06547
835 -0.640581 0.702926 4.06547
835 0.710477 0.0523885 4.06547
835 -0.421514 -0.0162059 4.06547
835 0.357643 -0.0950757 -2.21772
835 -0.00191184 -0.2929 -2.21772
835 -0.0530938 -0.366698 4.06547
835 -0.51611 -0.630758 4.06547
835 0.0653699 0.704683 4.06547
835 0.412345 -0.946615 4.06547
835 -0.484383 0.591905 -2.21772
835 -0.578877 0.67049 -2.21772
835 -0.156657 0.675247 4.06547
835 -0.466432 -0.662282 4.06547
835 0.422877 -0.674849 4.06547
835 -0.425497 0.2073 4.06547
835 -0.782023 -0.664883 4.06547
835 -0.375838 -0.489076 4.06547
835 0.46689 0.715577 4.06547
835 -0.308406 0.135695 4.06547
835 -0.554786 -0.86511 -2.21772
835 -0.688314 -0.329952 4.06547
835 0.75795 -0.426094 4.06547
835 0.0776252 0.851867 -2.21772
835 -0.46259 0.445897 4.06547
835 -0.887605 -0.510615 4.06547
835 -0.346355 0.334068 4.06547
835 0.716689 -0.573641 4.06547
835 -0.319611 -0.358703 4.06547
835 -0.135517 -0.307391 4.06547
835 -0.0216083 1.01445 4.06547
835 -0.624007 -0.0781881 4.06547
835 -0.329912 -0.630061 4.06547
835 -0.962886 -0.343356 4.06547
835 0.512126 0.676788 4.06547
835 -0.443191 -0.16868 4.06547
835 0.729406 0.537744 4.06547
835 0.439571 -0.288689 4.06547
835 0.0700351 0.469639 4.06547
835 0.478079 -0.690447 4.06547
835 0.5866 -0.163748 4.06547
835 -0.276899 0.0927671 -2.21772
835 -0.380521 0.770753 4.06547
835 0.161299 0.0775586 -2.21772
835 -0.280725 -0.654988 4.06547
835 -0.601529 -0.392373 4.06547
835 -0.099603 0.124783 4.06547
835 0.112115 -1.02535 4.06547
835 -0.171287 0.941652 -2.21772
835 0.336485 -0.754729 4.06547
835 -0.578143 0.339024 4.06547
835 0.140702 -0.420285 -2.21772
835 -0.142239 -0.852 4.06547
835 0.129913 0.687239 -2.21772
835 -0.300795 -0.155362 4.06547
835 -0.228248 -0.945468 4.06547
835 0.44714 0.413988 4.06547
835 -0.323499 -0.463914 4.06547
835 0.229591 -0.251291 4.06547
835 0.985996 0.271699 4.06547
835 -0.871509 0.524761 4.06547
835 -0.831003 -0.367186 4.06547
835 -0.0344154 0.745775 4.06547
835 -0.552865 -0.79681 4.06547
835 -0.633272 0.583882 4.06547
835 0.445164 0.133556 4.06547
835 -0.728639 -0.220023 -2.21772
835 0.273729 -0.678774 -2.21772
835 -0.560866 0.842308 4.06547
835 -0.266437 -0.281139 4.06547
835 0.721695 -0.226761 4.06547
835 -0.340481 0.176941 4.06547
835 -0.538337 -0.150644 4.06547
835 -0.152304 0.228606 4.06547
835 -0.181232 -0.331492 -2.21772
835 0.407865 -0.472441 -2.21772
835 -0.341972 0.73066 4.06547
835 0.316869 -0.50079 4.06547
835 0.162759 0.34519 4.06547
835 -0.0995317 0.0405172 4.06547
835 -0.628314 -0.243536 4.06547
835 -0.173821 0.62182 4.06547
835 0.746987 -0.180836 4.06547
835 -0.52073 -0.573899 -2.21772
835 0.529456 0.371488 4.06547
835 0.119998 0.738956 4.06547
835 1.01243 -0.169427 -2.21772
835 -0.415924 0.663525 4.06547
835 0.935548 -0.244588 4.06547
835 -0.742364 -0.328272 -2.21772
835 0.329885 -0.694484 4.06547
835 0.389609 -0.422076 4.06547
835 -0.014631 -0.00240118 4.06547
835 0.305222 -0.0922472 4.06547
835 -0.33445 0.583845 4.06547
835 -0.0754173 -0.132981 4.06547
835 -0.58392 -0.114702 4.06547
835 -0.345192 0.89412 4.06547
835 -0.566081 -0.485544 4.06547
835 0.108624 1.00998 -2.21772
835 0.346594 0.31371 4.06547
835 -0.15907 -0.118097 4.06547
835 0.75812 -0.323371 4.06547
835 0.477811 0.833581 4.06547
835 -0.44156 0.297629 4.06547
835 -0.995851 0.119428 4.06547
835 -0.614547 0.379793 4.06547
835 0.74193 -0.628875 4.06547
835 0.278928 -0.135191 -2.21772
835 0.21192 0.0837553 4.06547
835 -0.183301 -0.488552 4.06547
835 -0.0689388 0.354645 4.06547
835 0.361852 0.948637 4.06547
835 0.179773 -0.249805 4.06547
835 -0.837344 0.196514 4.06547
835 0.315875 0.0904033 4.06547
835 -0.643693 0.0196297 4.06547
835 -0.514051 0.236588 4.06547
835 -0.876009 -0.252584 4.06547
835 0.86453 -0.0206044 4.06547
835 -0.715724 0.457035 4.06547
835 -0.561978 0.456476 4.06547
835 0.923169 0.286131 4.06547
835 -0.659397 -0.0337559 4.06547
835 0.686634 0.752812 4.06547
835 -0.17661 0.774853 4.06547
835 0.203354 -0.767744 4.06547
835 -0.603007 0.491943 4.06547
835 0.709165 -0.056732 4.06547
835 0.458307 0.65723 4.06547
835 0.333147 -0.859556 4.06547
835 -0.540522 0.0449342 4.06547
835 0.580748 0.476349 4.06547
835 -0.675966 0.41608 4.06547
835 -0.045662 -0.610467 4.06547
835 -0.679729 0.0619759 4.06547
835 -0.553376 0.782572 -2.21772
835 0.625291 0.733456 4.06547
835 -0.462566 -0.726556 4.06547
835 0.112258 0.336756 4.06547
835 -0.101293 0.538351 4.06547
835 -0.333083 0.24475 -2.21772
835 -0.691585 0.669853 4.06547
835 -0.127601 0.172182 4.06547
835 -0.340379 -0.0850388 4.06547
835 0.121169 0.1995 4.06547
835 0.0424219 -0.582638 4.06547
835 0.420531 -0.239404 4.06547
835 0.700742 0.485037 4.06547
835 -0.457703 -0.792302 4.06547
835 -0.598261 0.279029 4.06547
835 0.313553 -0.640745 4.06547
835 0.205995 0.170091 4.06547
835 -0.368916 -0.722257 -2.21772
835 0.792414 0.438412 4.06547
835 0.0700569 0.191322 4.06547
835 -0.698598 -0.437859 4.06547
835 0.88981 0.20261 4.06547
835 0.107592 -0.104595 4.06547
835 0.267397 0.00162916 4.06547
835 0.554128 0.228007 4.06547
835 -0.820017 -0.504424 -2.21772
835 -0.951135 0.0763598 4.06547
835 0.753004 -0.526769 4.06547
835 -0.0590351 0.218003 4.06547
835 -0.13718 0.580261 4.06547
835 0.00184444 -0.24144 4.06547
835 0.836092 0.223586 -2.21772
835 -0.915402 -0.0176701 4.06547
835 -0.00272993 -0.770109 4.06547
835 -0.912047 0.3021 4.06547
835 0.796381 0.182517 4.06547
835 -0.6531 -0.726922 4.06547
835 -0.897962 -0.350894 4.06547
835 0.0538201 -0.785096 4.06547
835 0.00602392 -0.622816 4.06547
835 0.224751 0.260633 4.06547
835 0.410052 0.555374 4.06547
835 0.665541 0.0804386 4.06547
835 -0.252022 -0.134874 4.06547
835 0.23116 -0.391968 4.06547
835 -0.312822 0.295616 4.06547
835 0.71751 0.644208 4.06547
835 0.423168 0.364619 4.06547
835 -0.770624 0.570988 4.06547
835 -0.501758 -0.897305 -2.21772
835 0.248184 0.540684 4.06547
835 0.613264 -0.116875 4.06547
835 -0.736733 -0.701777 4.06547
835 -0.83498 -0.208617 4.06547
835 -0.285606 -0.539908 -2.21772
835 -0.119482 0.346719 4.06547
835 -0.166027 -0.741903 4.06547
835 0.0793717 0.104479 4.06547
835 -0.185139 0.426835 -2.21772
835 0.000205475 0.134313 -2.21772
835 0.460239 -0.103233 4.06547
835 0.849441 -0.477917 4.06547
835 0.565258 -0.353168 -2.21772
835 -0.0481224 -0.314932 4.06547
835 0.568364 -0.0163379 4.06547
835 0.00523016 0.0464784 4.06547
835 -0.124479 -0.00937097 4.06547
835 -0.447448 0.762682 4.06547
835 0.940314 -0.415472 4.06547
835 0.641755 -0.413816 4.06547
835 -0.225685 -0.517917 4.06547
835 0.491953 -0.295529 4.06547
835 -0.211418 0.314106 4.06547
835 0.675564 -0.777342 -2.21772
835 -0.08585 1.01079 -2.21772
835 -0.196671 -0.580112 4.06547
835 -0.708623 -0.38133 4.06547
835 0.503775 0.321543 4.06547
835 0.692744 0.293466 4.06547
835 0.305406 -0.918409 4.06547
835 -0.3746 0.623533 4.06547
835 0.632683 0.294153 4.06547
835 -0.28612 -0.929057 4.06547
835 0.030688 -0.876319 -2.21772
835 -0.899104 -0.133539 4.06547
835 -0.469608 -0.60229 4.06547
835 -0.317187 -0.747071 -2.21772
835 0.575305 -0.650113 4.06547
835 0.966191 0.333722 -2.21772
835 0.169924 -0.516359 4.06547
835 0.778809 0.656954 4.06547
835 0.806224 0.123577 4.06547
835 -0.458877 0.245949 -2.21772
835 -0.19822 -0.840776 4.06547
835 0.755371 -0.271043 4.06547
835 0.295659 -0.180193 4.06547
835 -0.696413 0.0079642 4.06547
835 0.71103 -0.109018 4.06547
835 0.964544 -0.354643 4.06547
835 0.20524 0.442405 4.06547
835 0.896078 -0.185248 4.06547
835 0.24039 -0.18083 4.06547
835 -0.121891 -0.151087 -2.21772
835 -0.298145 -0.86678 -2.21772
835 0.556734 -0.20834 -2.21772
835 -0.507174 -0.760866 -2.21772
835 0.470833 0.464662 4.06547
835 -0.856874 -0.562857 4.06547
835 -0.587237 -0.166825 4.06547
835 -0.608402 0.125571 -2.21772
835 -0.806068 0.146336 4.06547
835 0.790286 0.547158 4.06547
835 -0.872805 0.248218 4.06547
835 -0.267257 0.805362 4.06547
835 0.866516 -0.307511 4.06547
835 -0.608384 -0.0230665 4.06547
835 -0.953377 0.356035 4.06547
835 -0.384068 -0.05239 -2.21772
835 1.02347 0.0215465 4.06547
835 -0.370307 0.425026 4.06547
835 0.0423895 0.904993 4.06547
835 -0.673152 0.213702 4.06547
835 0.100534 0.152563 4.06547
835 -0.856287 -0.310403 4.06547
835 -0.212454 -0.199644 4.06547
835 0.020488 -0.0949215 4.06547
835 0.0728386 -0.84229 4.06547
835 0.0107604 0.959415 4.06547
835 0.618853 -0.0196269 4.06547
835 0.65504 0.249771 4.06547
835 0.140441 0.843049 4.06547
835 -0.223054 0.175347 4.06547
835 0.553258 0.426394 4.06547
835 -0.0442912 -0.263517 4.06547
835 0.288577 0.404057 4.06547
835 -0.324559 -0.688703 4.06547
835 -0.478678 0.33777 4.06547
835 -0.652675 -0.413221 4.06547
835 0.903583 0.138221 4.06547
835 -0.050455 0.403872 -2.21772
835 0.806531 -0.63876 4.06547
835 0.82089 0.385628 -2.21772
835 0.0128635 -0.978704 -2.21772
835 -0.663335 0.365376 4.06547
835 0.246266 -0.440618 4.06547
835 -0.151389 0.387304 4.06547
835 -0.804227 0.412798 4.06547
835 0.375443 0.596739 4.06547
835 -0.22993 0.928862 4.06547
835 0.393321 0.134264 4.06547
835 0.369571 -0.656739 4.06547
835 0.631095 -0.511657 4.06547
835 -0.930757 0.24385 4.06547
835 -0.664098 0.767235 -2.21772
835 0.878556 -0.420911 4.06547
835 0.0583788 -0.634425 4.06547
835 0.696611 -0.167712 4.06547
835 -0.651065 0.26742 4.06547
835 -0.0315423 -0.663715 4.06547
835 0.482458 -0.152712 4.06547
835 0.141842 0.0295864 4.06547
835 0.154714 -0.468001 -2.21772
835 -0.501479 -0.293347 4.06547
835 -0.510527 -0.694062 4.06547
835 -0.237337 -0.620262 4.06547
835 0.0787865 -0.54122 4.06547
835 0.816166 -0.531151 4.06547
835 0.272674 -0.867838 4.06547
835 0.417888 -0.883173 4.06547
835 -0.797841 -0.319424 -2.21772
835 0.101924 0.901161 4.06547
835 -0.0282861 0.17516 4.06547
835 0.212713 0.76854 4.06547
835 -0.322854 0.788381 4.06547
835 0.104253 0.800447 -2.21772
835 -0.275604 -0.490943 4.06547
835 -0.544788 -0.258935 4.06547
835 0.094002 0.287544 4.06547
835 -0.570608 -0.602223 4.06547
835 0.313096 0.905741 4.06547
835 0.878061 0.393117 4.06547
835 0.197642 -0.293974 4.06547
835 0.849994 0.161574 4.06547
835 0.150926 -0.125571 4.06547
835 0.544877 -0.302236 4.06547
835 0.760541 0.387243 4.06547
835 -0.18501 -0.383464 4.06547
835 -0.354979 -0.231113 4.06547
835 -0.315251 -0.3071 4.06547
835 0.380278 -0.142511 4.06547
835 -0.901447 0.469627 4.06547
835 0.667729 0.531849 4.06547
835 0.363688 0.455783 4.06547
835 -0.295643 0.346312 -2.21772
835 0.787863 -0.374834 4.06547
835 0.440529 -0.0546488 4.06547
835 -0.505245 -0.347908 4.06547
835 0.335708 -0.274509 4.06547
835 0.451838 -0.196427 4.06547
835 0.0885703 0.0225007 4.06547
835 0.547186 0.0334684 4.06547
835 -0.471047 -0.48932 4.06547
835 0.709787 0.109152 4.06547
835 0.11091 -0.644871 4.06547
835 0.444592 -0.57719 4.06547
835 -0.453845 0.909624 4.06547
835 -0.242846 0.557551 4.06547
835 -0.615706 -0.636393 4.06547
835 0.517876 -0.0127469 4.06547
835 0.310439 0.452085 4.06547
835 0.43843 -0.731583 4.06547
835 -0.100905 0.396332 4.06547
835 -0.36419 -0.332747 4.06547
835 -0.228102 -0.356954 4.06547
835 0.810855 -0.31716 -2.21772
835 -0.124711 0.0825904 4.06547
835 0.257269 -0.626979 4.06547
835 0.174419 0.207492 4.06547
835 0.966159 0.0486783 4.06547
835 -0.295245 0.544368 4.06547
835 -0.606159 -0.694241 4.06547
835 0.0634291 -0.490104 4.06547
835 -0.24731 -0.0879902 -2.21772
835 -0.592086 0.0312074 4.06547
835 0.705845 -0.319324 4.06547
835 -0.817354 -0.264453 4.06547
835 0.420648 0.179515 4.06547
835 0.0504758 0.419423 4.06547
835 0.960394 0.110455 4.06547
835 0.226648 0.491366 -2.21772
835 -0.679682 0.612011 4.06547
835 -0.686879 -0.135046 4.06547
835 0.529738 0.275063 4.06547
835 0.493391 0.519249 4.06547
835 -0.03257 0.453485 4.06547
835 -0.521826 -0.0466113 -2.21772
835 0.667617 0.340428 4.06547
835 -0.835427 0.578217 4.06547
835 -0.75014 -0.426735 -2.21772
835 -0.261691 -0.23114 4.06547
835 -0.148401 -0.0633878 4.06547
835 -0.177253 -0.278864 4.06547
835 0.78721 -0.477605 -2.21772
835 0.552486 -0.449164 4.06547
835 -0.123898 -0.698103 4.06547
835 0.301993 0.550392 -2.21772
835 0.525316 -0.252108 4.06547
835 0.654635 -0.564687 -2.21772
835 -0.122303 0.78582 4.06547
835 0.480891 -0.534232 4.06547
835 0.042553 -0.271255 4.06547
835 0.619012 -0.360615 4.06547
835 -0.256841 -0.182431 4.06547
835 -0.566926 0.400585 4.06547
835 -0.710681 -0.491954 4.06547
835 0.0438153 0.279662 4.06547
835 -0.0439559 0.0383131 -2.21772
835 -0.646491 -0.296295 -2.21772
835 -0.308321 -0.806265 4.06547
835 -0.193152 -0.0528148 4.06547
835 -0.503219 -0.829632 4.06547
835 0.851616 0.445776 -2.21772
835 0.817982 0.606953 4.06547
835 -0.0899857 -0.285824 4.06547
835 -0.170985 -0.537718 4.06547
835 0.371709 0.268053 4.06547
835 0.564747 -0.800782 4.06547
835 0.280129 0.498349 4.06547
835 -0.229349 0.265501 4.06547
