590 0.234643 0.396342 4.06547
590 0.0119115 0.854929 4.06547
590 -0.862218 0.146842 4.06547
590 0.787155 -0.2217 4.06547
590 0.660231 0.0340636 4.06547
590 0.937207 0.232428 4.06547
590 -0.396748 -0.152178 4.06547
590 0.12828 -0.550345 4.06547
590 0.212573 0.349186 4.06547
590 -0.132114 -0.254095 -2.21772
590 -0.979928 -0.287889 4.06547
590 0.19273 0.0347348 4.06547
590 -0.51182 -0.407093 4.06547
590 0.517591 0.572234 4.06547
590 -0.0454785 0.692182 -2.21772
590 0.563678 0.695184 4.06547
590 -0.651837 0.528227 4.06547
590 0.0378161 -0.727462 4.06547
590 0.167368 0.575164 4.06547
590 -0.637055 -0.18804 4.06547
590 0.0987656 -0.451127 4.06547
590 0.205235 -0.475415 4.06547
590 0.154597 -0.903065 4.06547
590 0.547703 0.523001 4.06547
590 0.339864 -0.0481227 4.06547
590 -0.0659748 -0.0812311 4.06547
590 -0.0807945 0.444815 4.06547
590 0.133755 0.114106 4.06547
590 -0.149379 0.530528 4.06547
590 -0.133369 -0.507045 4.06547
590 0.74812 0.146749 4.06547
590 0.190542 -0.162266 4.06547
590 -0.269732 -0.993352 4.06547
590 -0.45888 0.705729 4.06547
590 0.216995 -0.664054 -2.21772
590 0.653172 -0.314026 4.06547
590 0.29408 0.308805 4.06547
590 -0.668457 0.306871 4.06547
590 0.0132481 0.749811 4.06547
590 0.288161 0.216984 4.06547
590 0.354085 -0.465098 4.06547
590 -0.406855 0.2594 4.06547
590 -0.362336 0.281146 4.06547
590 0.0477659 -0.219849 4.06547
590 -0.66004 0.111577 4.06547
590 0.186138 0.123878 4.06547
590 0.170418 -1.01386 4.06547
590 0.571381 0.57527 4.06547
590 0.880122 -0.533135 4.06547
590 -0.0913214 -0.449293 4.06547
590 0.575024 0.761574 4.06547
590 -0.700563 0.495583 4.06547
590 0.189625 0.62262 4.06547
590 0.199481 -0.612566 4.06547
590 -0.652445 0.468374 4.06547
590 0.657025 -0.71903 4.06547
590 -0.0272552 -0.111664 4.06547
590 0.198497 0.94051 4.06547
590 0.388175 -0.831228 4.06547
590 -0.573087 0.0820289 4.06547
590 -0.0629713 0.494923 4.06547
590 -0.407606 -0.305662 4.06547
590 0.393135 0.409686 4.06547
590 0.168774 -0.0228686 -2.21772
590 0.666327 -0.0177089 4.06547
590 0.581529 -0.259087 4.06547
590 -0.252123 0.213715 4.06547
590 -0.319824 0.637333 -2.21772
590 0.218813 -0.344479 4.06547
590 -0.787294 0.052494 -2.21772
590 -0.991058 0.238272 4.06547
590 -0.792449 -0.553501 4.06547
590 -0.421172 -0.631531 -2.21772
590 0.812969 -0.0470613 4.06547
590 0.822339 -0.26254 -2.21772
590 -0.148575 0.128004 4.06547
590 -0.893784 0.1946 -2.21772
590 0.727268 0.336316 4.06547
590 0.0132623 -0.141089 -2.21772
590 -0.443013 -0.119999 4.06547
590 -0.559774 -0.0117005 4.06547
590 -0.102743 0.843351 4.06547
590 0.488781 -0.757773 4.06547
590 0.780215 -0.58219 4.06547
590 0.238485 0.129572 4.06547
590 0.694883 -0.269191 4.06547
590 -0.670317 -0.676919 4.06547
590 0.486959 0.616414 4.06547
590 0.462996 -0.483693 4.06547
590 -0.639112 -0.134387 4.06547
590 -0.304738 0.850133 -2.21772
590 -0.175193 -0.0104442 -2.21772
590 -0.304829 0.205781 4.06547
590 0.320483 -0.226788 4.06547
590 0.960359 -0.131522 4.06547
590 0.191298 -0.42619 4.06547
590 0.37231 -0.51498 4.06547
590 -0.248964 0.866823 4.06547
590 0.588303 -0.0751713 4.06547
590 0.31731 -0.000928178 -2.21772
590 0.757543 -0.128409 4.06547
590 -0.405854 0.463579 4.06547
590 0.317516 0.664888 4.06547
590 0.808612 0.0674132 4.06547
590 0.351805 -0.967117 -2.21772
590 0.819353 -0.42479 4.06547
590 -0.291646 -0.0529393 4.06547
590 -0.418561 0.122991 4.06547
590 -0.422866 -0.463739 4.06547
590 0.517037 -0.642378 4.06547
590 0.00607705 -0.189788 4.06547
590 -0.750528 0.516032 4.06547
590 0.397652 0.315633 4.06547
590 -0.30117 0.0492858 4.06547
590 -0.563731 -0.430006 -2.21772
590 -0.107804 -0.967065 -2.21772
590 -0.462272 0.845751 4.06547
590 0.14009 -0.22611 4.06547
590 0.40931 0.740548 4.06547
590 0.260753 -0.490151 -2.21772
590 -0.213634 0.820262 4.06547
590 0.0153258 -0.82127 4.06547
590 -0.0972201 -0.602441 -2.21772
590 0.75287 0.597486 4.06547
590 0.193465 0.829987 -2.21772
590 0.693436 0.172724 4.06547
590 -0.333044 0.958163 4.06547
590 -0.175254 0.341696 4.06547
590 -0.0717653 0.0791673 4.06547
590 -0.273489 -0.711486 4.06547
590 0.0290453 0.365712 -2.21772
590 0.299528 -0.454114 4.06547
590 -0.0418396 -0.209841 -2.21772
590 -0.557569 0.719935 4.06547
590 -0.756041 0.679593 4.06547
590 0.136912 0.622435 4.06547
590 -0.0675853 -0.915597 -2.21772
590 0.730881 0.437707 4.06547
590 -1.0198 0.00287091 -2.21772
590 0.114957 0.569614 4.06547
590 -0.615544 -0.516775 -2.21772
590 0.518651 -0.88455 4.06547
590 0.0516607 0.139198 4.06547
590 -0.793626 -0.104763 4.06547
590 -0.918697 -0.292113 4.06547
590 0.112506 -0.500397 4.06547
590 0.533858 0.865049 4.06547
590 -0.198038 0.04106 -2.21772
590 0.521173 0.736329 4.06547
590 -0.708803 -0.283883 4.06547
590 0.6038 0.116998 4.06547
590 -0.137119 -0.359593 4.06547
590 0.137145 0.951029 4.06547
590 -0.625763 0.0698399 4.06547
590 0.371056 -0.233831 4.06547
590 -0.101413 0.216847 4.06547
590 0.344568 0.1335 4.06547
590 -0.263867 0.65001 4.06547
590 -0.0807497 0.589223 4.06547
590 -0.219902 -0.729984 4.06547
590 -1.00689 -0.173559 4.06547
590 0.762368 0.295313 -2.21772
590 0.191592 -0.212828 -2.21772
590 0.509613 -0.109574 4.06547
590 0.114093 0.0664971 4.06547
590 0.610435 -0.76015 4.06547
590 0.999429 -0.231389 -2.21772
590 -0.603629 -0.831329 4.06547
590 0.214152 -0.00642291 4.06547
590 -0.374365 0.218673 4.06547
590 -0.142171 0.728853 4.06547
590 0.53368 -0.161734 4.06547
590 -0.70477 -0.580407 4.06547
590 0.439428 0.512047 4.06547
590 0.17612 0.253023 4.06547
590 -0.240202 0.350598 4.06547
590 -0.63969 0.163175 4.06547
590 -0.286551 -0.596545 4.06547
590 -0.762249 -0.270957 4.06547
590 -0.39555 0.170355 4.06547
590 0.592989 0.219815 4.06547
590 0.593076 -0.705659 4.06547
590 -0.0762201 0.169733 4.06547
590 -0.789741 0.308945 4.06547
590 -0.709887 0.724668 -2.21772
590 0.0207769 -0.674012 4.06547
590 -0.940473 -0.40077 4.06547
590 -1.00773 0.174551 -2.21772
590 -0.77355 -0.377697 4.06547
590 0.501031 0.134931 4.06547
590 0.317251 0.176254 4.06547
590 0.678513 -0.619614 4.06547
590 -0.387576 -0.952901 4.06547
590 0.237686 -0.573223 4.06547
590 0.0790858 0.374564 4.06547
590 -0.13572 0.892536 4.06547
590 0.285699 -0.268074 -2.21772
590 -0.0641775 0.640602 -2.21772
590 -0.704455 -0.749245 4.06547
590 0.84417 -0.203991 4.06547
590 -0.0161115 0.800791 4.06547
590 0.358289 0.766277 4.06547
590 -0.739946 -0.162982 4.06547
590 -0.230165 -0.409447 4.06547
590 -0.427295 0.357786 4.06547
590 0.340348 0.404722 4.06547
590 -0.887416 0.359637 4.06547
590 -0.217715 0.469633 4.06547
590 -0.222753 0.00142851 -2.21772
590 -0.570841 -0.546667 4.06547
590 -0.203602 0.380481 4.06547
590 0.024381 0.601447 -2.21772
590 -0.53125 0.632839 4.06547
590 -0.242107 -0.563462 4.06547
590 -0.332173 -0.569952 4.06547
590 0.250471 0.8114 4.06547
590 0.474448 0.370446 4.06547
590 -0.329328 -0.974882 4.06547
590 -0.176462 0.263748 -2.21772
590 -0.195052 0.71729 4.06547
590 -0.252706 0.0432973 4.06547
590 -0.34781 -0.132787 4.06547
590 0.0580635 0.0574287 4.06547
590 -0.558587 -0.663414 4.06547
590 0.182561 -0.562467 -2.21772
590 0.396125 0.223053 4.06547
590 0.152105 0.432867 4.06547
590 0.373448 -0.375095 4.06547
590 -0.14719 -1.01933 4.06547
590 0.322539 0.842068 4.06547
590 -0.436542 -0.0693846 4.06547
590 -0.694958 0.156281 4.06547
590 0.16205 0.892049 4.06547
590 0.941345 0.396345 4.06547
590 0.311602 0.730204 4.06547
590 -0.575993 -0.0653997 -2.21772
590 0.464923 -0.851137 4.06547
590 0.353806 -0.603807 4.06547
590 0.460551 -0.339991 4.06547
590 0.902826 0.344366 4.06547
590 0.673962 0.691964 4.06547
590 -0.757186 0.264616 4.06547
590 0.170698 0.672295 4.06547
590 -0.131394 0.43839 -2.21772
590 -0.680405 -0.239981 4.06547
590 0.148961 -0.748645 4.06547
590 0.533091 -0.694527 4.06547
590 0.232313 0.21315 4.06547
590 -0.0184539 0.906083 4.06547
590 -0.538868 -0.205509 -2.21772
590 0.410596 -0.619491 4.06547
590 -0.867072 0.414609 4.06547
590 0.390994 -0.773125 4.06547
590 0.306421 -0.317282 4.06547
590 0.913923 0.013397 4.06547
590 -0.35885 -0.282099 4.06547
590 -0.0874017 -0.23152 4.06547
590 -0.567951 0.231772 4.06547
590 -0.364699 0.130318 4.06547
590 0.219146 0.711767 4.06547
590 -0.851387 -0.455645 4.06547
590 -0.10002 0.684813 4.06547
590 -0.0499825 0.958315 -2.21772
590 -0.835928 0.468054 4.06547
590 0.363954 -0.904782 4.06547
590 -0.821221 -0.614445 -2.21772
590 -0.490333 0.0576313 4.06547
590 0.00628008 0.551595 -2.21772
590 -0.461622 -0.382875 4.06547
590 0.609307 -0.45904 4.06547
590 0.861372 0.0411395 4.06547
590 0.294882 -0.987518 4.06547
590 0.27772 -0.538763 4.06547
590 -0.305881 0.491542 4.06547
590 0.270579 0.634918 4.06547
590 0.427495 -0.526026 4.06547
590 0.320552 0.263872 4.06547
590 -0.192752 0.881084 4.06547
590 0.408574 -0.0991188 4.06547
590 -0.501316 0.805191 4.06547
590 0.700691 -0.675688 -2.21772
590 -0.0208697 -1.03105 4.06547
590 0.0926969 -0.738221 -2.21772
590 -0.187465 -0.637215 -2.21772
590 0.0376306 0.0108084 4.06547
590 -0.111094 0.952037 4.06547
590 -0.360865 0.831714 -2.21772
590 -0.360472 -0.783704 4.06547
590 -0.198648 0.127128 4.06547
590 0.01026 -0.483843 4.06547
590 -0.951051 0.185604 4.06547
590 -0.12536 -0.90876 4.06547
590 -0.825295 0.361148 4.06547
590 0.53472 0.182213 4.06547
590 -0.153319 -0.797202 4.06547
590 0.0453134 -1.03142 -2.21772
590 0.444105 -0.432984 4.06547
590 -0.517447 0.378061 4.06547
590 0.634898 0.794501 4.06547
590 -0.426615 -0.517354 4.06547
590 -0.748238 0.157525 4.06547
590 0.144417 0.525217 4.06547
590 -0.258624 0.302719 4.06547
590 0.225952 0.657803 4.06547
590 -0.367621 -0.385342 4.06547
590 -0.0493891 0.125478 4.06547
590 0.408392 -0.332938 4.06547
590 0.683649 0.227647 4.06547
590 0.424486 0.270914 4.06547
590 0.0422171 0.651567 -2.21772
590 0.692564 0.585426 4.06547
590 -0.241951 -0.041172 4.06547
590 -0.874983 -0.403533 -2.21772
590 -0.138183 -0.410897 -2.21772
590 -0.439372 0.555812 4.06547
590 -0.186488 0.571243 4.06547
590 0.260356 0.752237 4.06547
590 -0.40829 0.0347005 4.06547
590 -0.232387 0.760812 4.06547
590 -0.0660698 -0.555835 4.06547
590 0.170264 -0.322342 4.06547
590 0.250457 -0.0926387 4.06547
590 1.01979 -0.103912 4.06547
590 -0.231459 -0.462841 4.06547
590 0.522194 0.473244 4.06547
590 0.923866 -0.302993 4.06547
590 0.470137 0.08614 4.06547
590 0.092612 0.518146 4.06547
590 0.529742 0.800017 4.06547
590 -0.0303839 -0.519048 4.06547
590 -0.0284015 0.595861 4.06547
590 -0.844845 0.0451136 -2.21772
590 -0.287902 0.91333 4.06547
590 0.00967655 0.697578 4.06547
590 0.290906 -0.0465151 -2.21772
590 -0.249972 0.127838 -2.21772
590 0.179503 -0.375707 4.06547
590 -0.93504 -0.230986 4.06547
590 -0.0161723 -0.0621003 -2.21772
590 0.984069 -0.292453 4.06547
590 0.262673 0.174067 4.06547
590 -0.595371 -0.282947 -2.21772
590 -0.553473 -0.728581 4.06547
590 0.46829 -0.917869 -2.21772
590 -0.492094 0.539413 4.06547
590 0.729341 0.254631 4.06547
590 -0.077687 0.901007 4.06547
590 0.513285 -0.347081 -2.21772
590 -0.210661 0.991979 -2.21772
590 -0.208815 0.663245 4.06547
590 0.0593707 0.557673 4.06547
590 -0.351477 -0.181719 4.06547
590 -0.017009 -0.715491 4.06547
590 -0.0832233 -0.859808 4.06547
590 0.666701 -0.467804 4.06547
590 -0.000106128 0.408007 4.06547
590 0.540929 0.632085 4.06547
590 0.638657 0.481094 4.06547
590 -1.01887 0.0658406 -2.21772
590 0.337108 -0.415847 4.06547
590 -0.893109 -0.18955 4.06547
590 0.557037 -0.597985 4.06547
590 -0.37711 0.372451 4.06547
590 0.761153 -0.0187522 4.06547
590 -0.0706983 -0.706977 4.06547
590 0.609171 0.0112885 4.06547
590 0.256842 0.444213 4.06547
590 0.389446 -0.283037 4.06547
590 -0.0707467 0.794467 -2.21772
590 0.964867 -0.072309 4.06547
590 0.0810714 -0.297037 -2.21772
590 -0.84517 -0.151469 4.06547
590 -0.2399 -0.884993 4.06547
590 1.012 0.148945 4.06547
590 -0.862971 -0.0106022 4.06547
590 0.265128 0.353229 4.06547
590 0.733817 0.707447 4.06547
590 0.0725939 -0.023477 -2.21772
590 0.133019 -0.276425 4.06547
590 0.0648214 0.752573 4.06547
590 -0.482534 0.202647 4.06547
590 -0.497356 -0.241903 4.06547
590 -0.119449 0.261201 4.06547
590 0.820291 0.282283 4.06547
590 1.02329 -0.0407554 4.06547
590 0.168071 -0.800342 4.06547
590 -0.510489 0.43189 4.06547
590 0.608213 0.338462 4.06547
590 0.197521 0.534304 4.06547
590 -0.733346 0.0527 4.06547
590 -0.618195 -0.445743 4.06547
590 0.760354 0.490261 4.06547
590 0.584768 0.278568 4.06547
590 -0.714408 0.104933 4.06547
590 -0.448805 -0.222472 4.06547
590 -0.428267 0.609248 4.06547
590 0.72652 -0.474335 4.06547
590 -0.623777 -0.574578 4.06547
590 0.874255 0.264124 4.06547
590 -0.654596 -0.793865 4.06547
590 -0.448998 -0.860672 4.06547
590 0.640181 0.385891 4.06547
590 0.097594 -0.896469 4.06547
590 0.33014 -0.138928 4.06547
590 -0.208698 -0.785124 4.06547
590 -0.387498 0.0837731 4.06547
590 -0.158512 0.833136 -2.21772
590 0.0244749 -0.0376116 4.06547
590 -0.137998 -0.459769 4.06547
590 0.0739746 -0.684767 4.06547
590 -0.41694 -0.411342 -2.21772
590 -0.475611 -0.544967 4.06547
590 -0.165579 0.480399 4.06547
590 -0.411887 -0.757048 4.06547
590 -0.555636 0.286487 4.06547
590 -0.268861 0.45397 4.06547
590 -0.340243 -0.909948 4.06547
590 -0.0839454 -0.654618 4.06547
590 -0.456007 -0.328347 4.06547
590 -0.354629 0.476184 4.06547
590 0.761904 -0.0729394 4.06547
590 -0.951945 -0.100837 4.06547
590 -0.718299 -0.645769 4.06547
590 0.912883 -0.0492953 4.06547
590 0.230004 -0.818565 4.06547
590 -0.824576 0.0992298 4.06547
590 -0.767975 0.104835 4.06547
590 0.400202 -0.191205 -2.21772
590 0.624488 -0.820805 4.06547
590 -0.449852 0.162658 4.06547
590 -0.584972 -0.223108 4.06547
590 -0.373697 -0.660912 4.06547
590 0.342821 0.220312 4.06547
590 -0.779995 0.208621 4.06547
590 0.224812 0.587677 4.06547
590 0.674783 -0.367978 4.06547
590 -0.128248 -0.201276 -2.21772
590 0.543778 -0.747384 4.06547
590 -0.286724 0.745629 4.06547
590 0.268186 -0.772515 4.06547
590 -0.377099 -0.600637 4.06547
590 -0.404295 -0.821372 4.06547
590 0.479205 0.180004 4.06547
590 -0.20895 -1.00821 -2.21772
590 0.45978 0.568298 4.06547
590 -0.083103 -0.179865 4.06547
590 0.639428 0.192092 4.06547
590 -0.117003 -0.55198 4.06547
590 -0.0111807 0.646819 4.06547
590 0.551206 0.132179 -2.21772
590 -0.680471 -0.0865506 4.06547
590 0.270428 0.260846 4.06547
590 1.01973 0.0857175 4.06547
590 0.883777 0.506964 -2.21772
590 -0.013234 -0.568903 4.06547
590 -0.814445 0.256629 -2.21772
590 0.856897 0.100207 4.06547
590 -0.474517 -0.033724 4.06547
590 -0.770806 0.464195 4.06547
590 0.880502 -0.246915 4.06547
590 0.819821 0.499774 4.06547
590 -0.525464 -0.516114 4.06547
590 -0.0936807 0.304652 4.06547
590 -0.0937935 -0.392913 4.06547
590 0.35891 0.706539 4.06547
590 0.244066 -0.0456169 4.06547
590 -0.0419294 -0.812741 4.06547
590 0.903525 -0.362009 4.06547
590 -0.0979195 -0.805297 4.06547
590 -1.02044 -0.0587145 4.06547
590 0.391355 -0.566106 4.06547
590 -0.5917 -0.334982 4.06547
590 -0.1726 -0.224848 4.06547
590 -0.31426 0.435153 -2.21772
590 -1.00945 -0.116317 4.06547
590 -0.274208 -0.383732 4.06547
590 -0.726754 0.210224 4.06547
590 -0.222591 -0.304178 4.06547
590 -0.173733 0.0831649 4.06547
590 0.096877 0.653383 4.06547
590 0.967265 -0.0118114 4.06547
590 0.0906487 -0.248101 -2.21772
590 -0.45862 0.0195807 4.06547
590 -0.00870208 0.22155 4.06547
590 -0.185649 -0.435679 4.06547
590 -0.534352 0.190821 4.06547
590 0.537453 -0.0647455 4.06547
590 0.581402 0.382836 4.06547
590 -0.765179 0.355813 4.06547
590 -0.248749 0.70381 4.06547
590 0.908476 -0.114214 4.06547
590 0.065406 -0.0718486 4.06547
590 0.270099 -0.22231 4.06547
590 -0.00900652 -0.921474 4.06547
590 0.154734 0.788702 4.06547
590 -0.655484 -0.481853 4.06547
590 -0.117198 0.632686 4.06547
590 0.235628 -0.142984 4.06547
590 0.611317 0.060641 4.06547
590 0.200356 -0.0612218 -2.21772
590 0.266595 0.0877911 4.06547
590 -0.759416 -0.602784 4.06547
590 0.844451 -0.588021 4.06547
590 -0.544911 -0.314913 4.06547
590 0.37135 0.177742 4.06547
590 0.075034 0.957507 4.06547
590 -0.254839 0.507339 4.06547
590 -0.00582566 -0.3906 4.06547
590 0.593672 0.626246 4.06547
590 -0.404152 0.720619 4.06547
590 -0.500867 0.484565 4.06547
590 0.0882999 -0.401786 4.06547
590 -0.670907 -0.537551 -2.21772
590 -0.520232 -0.461954 4.06547
590 0.670142 0.43458 -2.21772
590 -0.949211 -0.166668 4.06547
590 0.473877 -0.247337 4.06547
590 0.217925 0.87897 4.06547
590 0.501144 0.0367403 4.06547
590 0.659159 -0.0752773 4.06547
590 -0.322237 -0.410668 4.06547
590 0.371357 0.883412 4.06547
590 0.0480951 -0.433986 -2.21772
590 -0.737442 0.618965 4.06547
590 0.425011 0.616046 4.06547
590 0.170151 0.73007 4.06547
590 0.00815953 0.315974 4.06547
590 -0.60719 0.438792 4.06547
590 0.478545 0.896177 4.06547
590 -0.113989 0.488222 4.06547
590 0.574198 -0.502493 4.06547
590 0.181843 0.390623 4.06547
590 0.252378 -0.943892 4.06547
590 -0.705297 0.26237 4.06547
590 0.701212 0.388058 4.06547
590 -0.395446 -0.88694 4.06547
590 0.585325 0.829308 -2.21772
590 0.321446 -0.366701 -2.21772
590 -0.809321 0.519925 -2.21772
590 0.792527 0.340184 -2.21772
590 -0.0128856 0.268444 4.06547
590 0.3449 0.0435781 4.06547
590 -0.0846246 -1.02676 -2.21772
590 0.181973 -0.70757 4.06547
590 0.60046 -0.308199 4.06547
590 -0.598735 -0.764472 4.06547
590 0.155013 0.161137 4.06547
590 0.537524 -0.545354 4.06547
590 -0.252232 -0.826012 -2.21772
590 0.293737 0.0446507 4.06547
590 0.286253 -0.822688 4.06547
590 -0.50308 0.745729 4.06547
590 -0.799051 0.629689 4.06547
590 -0.202142 0.520487 4.06547
590 0.383059 -0.7149 4.06547
590 -0.663055 -0.615093 -2.21772
590 0.295494 -0.587953 4.06547
590 0.384853 0.506602 4.06547
590 0.641584 -0.171993 4.06547
590 0.162975 -0.653523 4.06547
590 -0.303871 0.689713 4.06547
590 0.347805 -0.185329 4.06547
590 -0.0208237 0.357979 4.06547
590 0.0396229 0.804384 4.06547
590 0.712944 0.00840355 4.06547
590 -0.148649 -0.592327 4.06547
590 -0.370916 -0.437648 4.06547
590 0.431299 -0.148019 4.06547
590 0.104412 -0.151671 4.06547
590 0.850439 0.329436 4.06547
590 0.420401 0.0871384 4.06547
590 -0.451114 -0.274337 4.06547
590 0.334923 -0.552949 4.06547
590 -0.929642 0.413442 4.06547
590 -0.234432 0.417642 4.06547
590 0.73059 -0.374503 4.06547
590 0.0618252 -0.122287 -2.21772
590 0.806025 -0.163008 4.06547
590 0.305057 0.789543 4.06547
590 -0.439899 0.0727705 4.06547
590 -0.396286 0.516348 4.06547
590 -0.584997 0.17515 4.06547
590 0.845976 -0.366681 4.06547
590 0.78493 0.238108 4.06547
590 -0.471174 0.647994 -2.21772
590 -0.718039 -0.0489 4.06547
590 -0.226456 0.0835864 4.06547
590 -0.330719 -0.514147 4.06547
590 -0.616281 0.807605 4.06547
590 -0.849662 0.30831 4.06547
590 -0.0423043 0.309208 4.06547
590 0.0458586 1.0141 4.06547
590 -0.403786 0.873511 4.06547
590 -0.378676 -0.543448 -2.21772
590 0.425986 -0.382844 4.06547
590 -0.361518 0.678137 4.06547
590 -0.0503517 -0.0320432 4.06547
590 -0.200796 0.218011 4.06547
590 0.811438 0.0100499 4.06547
590 -0.80478 0.000124826 -2.21772
590 -0.851969 -0.0970838 4.06547
590 -0.501956 0.150984 4.06547
590 -0.0456275 0.545294 4.06547
590 -0.781997 -0.213308 4.06547
590 0.913446 0.452794 4.06547
590 -0.00508062 -0.341922 4.06547
590 -0.35553 0.0451404 4.06547
590 0.910904 0.074865 -2.21772
590 0.570119 -0.858446 -2.21772
590 0.271381 0.693228 4.06547
590 -0.612365 0.322181 4.06547
590 -0.415921 0.411026 4.06547
590 -0.18287 -0.89884 4.06547
590 0.0224523 0.178819 4.06547
590 0.415662 0.461248 -2.21772
590 0.332835 0.497834 -2.21772
590 -0.115552 -0.097782 4.06547
590 -0.492107 -0.136972 4.06547
590 -0.270163 -0.33187 4.06547
590 -0.403247 -0.253496 4.06547
590 -0.40032 -0.202687 4.06547
590 -0.306322 -0.205493 4.06547
590 0.504176 -0.204541 4.06547
590 0.368697 0.648739 4.06547
590 0.0242618 -0.531046 4.06547
590 -0.470724 0.111635 4.06547
590 -0.148068 1.00344 -2.21772
590 -0.96457 -0.0427036 -2.21772
590 0.637345 -0.663163 4.06547
590 0.499881 -0.589264 4.06547
590 0.113805 -0.05642 4.06547
590 -0.0831852 -0.503222 4.06547
590 0.0802973 -0.351434 4.06547
590 0.19955 -0.109379 -2.21772
590 0.323032 0.606996 4.06547
590 0.588728 0.168669 4.06547
590 -0.326084 0.384348 4.06547
590 -0.263502 -0.768311 4.06547
590 -0.310119 -0.256157 4.06547
590 -0.02583 -0.866551 4.06547
590 0.764654 -0.688903 4.06547
590 -0.345045 0.530405 4.06547
590 0.0786061 0.60583 4.06547
590 -0.0568333 -0.759615 4.06547
590 0.533091 -0.398085 4.06547
590 -0.0899098 0.738032 4.06547
590 0.75434 0.0921436 -2.21772
590 -0.790695 -0.157681 4.06547
590 0.518074 -0.492787 -2.21772
590 -0.046085 0.850761 4.06547
590 -0.208402 -0.148703 4.06547
590 -0.0433796 -0.47002 -2.21772
590 0.498427 -0.441191 -2.21772
590 -0.751669 0.408549 4.06547
590 0.5081 -0.81454 4.06547
590 -0.111437 -0.751619 4.06547
590 -0.280279 0.254521 4.06547
590 -0.147426 0.301654 -2.21772
590 -0.0479888 -0.97305 4.06547
590 0.303627 0.969403 4.06547
590 -0.417692 -0.693101 4.06547
590 0.232536 -1.00485 4.06547
590 0.369616 0.360305 4.06547
590 0.189878 -0.955733 4.06547
590 -0.135856 -0.645548 4.06547
590 -0.000232288 -0.437552 4.06547
590 -0.544946 0.517568 4.06547
590 0.129899 0.244502 4.06547
590 -0.174212 0.173335 4.06547
590 1.00011 0.211606 4.06547
590 0.499144 0.227146 -2.21772
590 0.122393 0.474995 4.06547
590 -0.536923 0.575244 4.06547
590 -0.751063 -0.000377415 4.06547
590 -0.0797748 0.000727083 4.06547
590 0.463516 -0.637207 -2.21772
590 -0.618283 0.21482 4.06547
590 -0.973122 0.29868 -2.21772
590 0.851196 0.559033 4.06547
590 -0.89879 -0.0657362 4.06547
590 -0.321881 0.00614502 4.06547
590 0.739813 0.20086 4.06547
590 -0.493404 0.287538 4.06547
590 -0.176876 -0.689917 4.06547
590 0.188509 -0.852339 4.06547
590 0.0921015 -0.589191 4.06547
590 0.351599 0.551875 4.06547
590 0.699474 -0.422004 4.06547
590 -0.393902 0.31893 4.06547
590 0.810865 -0.105088 4.06547
590 0.638603 -0.262497 4.06547
590 0.13012 -0.847134 4.06547
590 0.565726 0.0794024 4.06547
590 0.450022 0.319697 4.06547
590 0.0386247 -0.324424 4.06547
590 -0.826461 -0.0514974 4.06547
590 0.612637 -0.215735 4.06547
590 0.145222 -0.601286 4.06547
590 0.605513 0.527345 4.06547
590 -0.492037 -0.188162 4.06547
590 -0.52655 0.326187 4.06547
590 0.0396153 0.508466 -2.21772
590 0.670933 -0.216776 4.06547
590 -0.386021 0.56985 -2.21772
590 -0.70579 0.556686 4.06547
590 -0.589093 0.550241 4.06547
590 0.269699 -0.355771 4.06547
590 -0.230178 -0.675493 -2.21772
590 -0.467099 0.395442 4.06547
590 -0.88373 0.0949329 4.06547
590 -0.739063 -0.104405 4.06547
590 -0.521325 0.0964415 4.06547
590 0.0584772 0.324498 4.06547
590 0.951545 -0.188304 4.06547
590 -0.336761 -0.0382043 -2.21772
590 0.215855 -0.899277 4.06547
590 -0.224799 0.610786 4.06547
590 -0.773033 -0.481763 4.06547
590 0.357115 -0.325286 4.06547
590 0.912195 -0.475272 -2.21772
590 0.241991 0.0419969 4.06547
590 -0.412518 -0.358399 4.06547
590 -0.73881 -0.534684 4.06547
590 0.479147 -0.39044 4.06547
590 0.336614 -0.800972 4.06547
590 -0.149694 0.0353499 -2.21772
590 -0.167097 -0.958253 4.06547
590 0.317345 0.356439 4.06547
590 -0.418766 0.811308 4.06547
590 -0.965575 0.0262183 4.06547
590 -0.101729 -0.0487948 -2.21772
590 -0.583092 0.610927 4.06547
590 0.131059 -0.369741 4.06547
590 -0.707671 0.37292 4.06547
590 0.518398 0.0842063 4.06547
590 0.129683 -0.956143 4.06547
590 0.39635 0.0417025 4.06547
590 0.242787 0.306445 4.06547
590 0.499151 0.420107 4.06547
590 -0.468204 -0.436711 -2.21772
590 0.123081 -0.322825 4.06547
590 -0.425166 -0.572505 4.06547
590 0.100558 0.424868 4.06547
590 0.557472 0.326825 4.06547
590 -0.608121 0.744572 4.06547
590 -0.277365 0.167359 4.06547
590 -0.536694 -0.102173 4.06547
590 0.617192 -0.608314 -2.21772
590 -0.514487 0.684644 4.06547
590 -0.272235 0.976871 4.06547
590 0.256101 -0.305067 4.06547
590 -0.723633 0.317107 4.06547
590 -0.0120254 0.501514 4.06547
590 0.0830987 0.236487 -2.21772
590 0.0773766 -0.976329 4.06547
590 0.234889 -0.717975 4.06547
590 0.174496 0.482909 4.06547
590 0.288873 -0.725467 4.06547
590 0.367759 -0.00287114 4.06547
590 0.442849 -0.798493 4.06547
590 0.389075 -0.0509433 4.06547
590 0.61065 0.431488 4.06547
590 0.448346 0.0396421 4.06547
590 0.587498 -0.406142 4.06547
590 0.028079 0.0928256 4.06547
590 0.692079 -0.520588 4.06547
590 -0.167416 -0.170823 4.06547
590 -0.203969 -0.100047 4.06547
590 -0.63266 0.643236 4.06547
590 -0.552734 0.135604 4.06547
590 -0.298704 -0.104367 -2.21772
590 -0.486253 -0.0859326 4.06547
590 0.760171 0.0375541 4.06547
590 -0.927019 0.135342 4.06547
590 0.595477 -0.555283 4.06547
590 -0.448335 0.501945 4.06547
590 -0.508905 0.00360676 4.06547
590 0.0367853 0.228595 4.06547
590 0.0963289 -0.199723 4.06547
590 0.560707 -0.118342 4.06547
590 -0.552512 -0.373303 4.06547
590 0.862281 -0.0787961 4.06547
590 -0.0355777 -0.160336 4.06547
590 0.720645 -0.735281 4.06547
590 0.448203 0.225349 4.06547
590 0.0199143 0.458425 4.06547
590 0.140078 0.293923 4.06547
590 0.477103 0.274442 4.06547
590 -0.444332 -0.927482 4.06547
590 -0.770659 -0.0537736 4.06547
590 -0.903466 0.0432371 4.06547
590 0.110855 -0.791901 4.06547
590 -0.0504401 -0.418715 -2.21772
590 0.951375 0.172223 4.06547
590 0.220948 -0.524243 -2.21772
590 0.271208 0.862224 4.06547
590 -0.0228628 0.0834841 -2.21772
590 0.146029 -0.178959 4.06547
590 0.240714 0.987062 4.06547
590 -0.0653754 0.263317 4.06547
590 0.418141 -0.00529017 4.06547
590 0.614707 0.676728 4.06547
590 0.468533 -0.00786736 4.06547
590 0.488088 -0.0578018 4.06547
590 0.424973 0.858049 4.06547
590 -0.51374 0.875403 -2.21772
590 0.630973 0.578529 4.06547
590 -0.374914 -0.00259239 4.06547
590 -0.093289 -0.337423 4.06547
590 0.0546849 -0.17076 4.06547
590 0.473989 0.771697 4.06547
590 -0.275248 -0.0027885 4.06547
590 0.422205 0.923243 4.06547
590 0.66761 -0.127348 4.06547
590 0.373117 0.82013 4.06547
590 -0.916356 -0.456035 4.06547
590 0.655798 0.631764 4.06547
590 0.283929 -0.405136 4.06547
590 0.127533 -0.695063 4.06547
590 -0.218155 -0.251581 4.06547
590 0.258332 0.925358 4.06547
590 -0.80456 -0.42576 4.06547
590 0.191125 0.302194 4.06547
590 -0.333382 0.0902687 4.06547
590 -0.393749 -0.102742 4.06547
590 0.0402304 -0.380936 4.06547
590 0.409362 0.682397 4.06547
590 0.858284 -0.140585 4.06547
590 -0.640001 -0.345845 4.06547
590 0.647749 0.141927 -2.21772
590 0.129953 0.383432 4.06547
590 0.369774 0.0883196 4.06547
590 -0.275626 0.393335 4.06547
590 0.0519539 -0.92683 4.06547
590 -0.279468 0.597925 4.06547
590 0.15599 -0.0767588 4.06547
590 0.422983 0.795257 4.06547
590 -0.68787 -0.186061 4.06547
590 0.123558 -0.0120412 4.06547
590 -0.276906 -0.436409 4.06547
590 -0.393792 0.935945 -2.21772
590 0.275825 0.585186 -2.21772
590 0.176204 1.00037 4.06547
590 -0.35093 -0.846084 4.06547
590 0.291363 0.132566 4.06547
590 -0.99378 -0.230493 4.06547
590 -0.643154 0.700888 4.06547
590 0.706886 0.0631189 4.06547
590 -0.424869 -0.0174583 4.06547
590 0.357419 -0.0954103 -2.21772
590 -0.00329025 -0.290788 -2.21772
590 -0.0513791 -0.365378 4.06547
590 -0.515914 -0.63106 4.06547
590 0.0659181 0.700857 4.06547
590 0.411833 -0.945632 4.06547
590 -0.484129 0.594768 -2.21772
590 -0.58219 0.670921 -2.21772
590 -0.154344 0.675159 4.06547
590 -0.465869 -0.662083 4.06547
590 0.425743 -0.677845 4.06547
590 -0.426935 0.209967 4.06547
590 -0.782881 -0.664012 4.06547
590 -0.376754 -0.489228 4.06547
590 0.461733 0.717018 4.06547
590 -0.312009 0.135391 4.06547
590 -0.552562 -0.866563 -2.21772
590 -0.690768 -0.33708 4.06547
590 0.759032 -0.426042 4.06547
590 0.0722481 0.853355 -2.21772
590 -0.457596 0.448419 4.06547
590 -0.888217 -0.510785 4.06547
590 -0.342881 0.333295 4.06547
590 0.717185 -0.574427 4.06547
590 -0.318649 -0.358589 4.06547
590 -0.135261 -0.306894 4.06547
590 -0.019499 1.01481 4.06547
590 -0.627721 -0.0806073 4.06547
590 -0.330287 -0.62864 4.06547
590 -0.961737 -0.344861 4.06547
590 0.509636 0.678187 4.06547
590 -0.444713 -0.170397 4.06547
590 0.727341 0.538394 4.06547
590 0.441199 -0.290139 4.06547
590 0.0711335 0.467239 4.06547
590 0.479017 -0.696785 4.06547
590 0.589035 -0.164013 4.06547
590 -0.280607 0.0926804 -2.21772
590 -0.381052 0.770953 4.06547
590 0.164882 0.0768843 -2.21772
590 -0.282179 -0.654732 4.06547
590 -0.603365 -0.392482 4.06547
590 -0.0985598 0.12444 4.06547
590 0.112046 -1.02503 4.06547
590 -0.171019 0.942298 -2.21772
590 0.336195 -0.749208 4.06547
590 -0.57044 0.350476 4.06547
590 0.140185 -0.417372 -2.21772
590 -0.139866 -0.852278 4.06547
590 0.124229 0.694466 -2.21772
590 -0.302682 -0.155111 4.06547
590 -0.225812 -0.945761 4.06547
590 0.445489 0.415921 4.06547
590 -0.324216 -0.463157 4.06547
590 0.230398 -0.248892 4.06547
590 0.985049 0.273492 4.06547
590 -0.871775 0.52434 4.06547
590 -0.831451 -0.367584 4.06547
590 -0.0381753 0.744951 4.06547
590 -0.54998 -0.798621 4.06547
590 -0.6342 0.580229 4.06547
590 0.449307 0.133872 4.06547
590 -0.731089 -0.222391 -2.21772
590 0.272171 -0.673145 -2.21772
590 -0.562871 0.841769 4.06547
590 -0.265863 -0.280765 4.06547
590 0.724818 -0.225941 4.06547
590 -0.343197 0.177162 4.06547
590 -0.541059 -0.153522 4.06547
590 -0.150913 0.219626 4.06547
590 -0.180367 -0.331232 -2.21772
590 0.408554 -0.474848 -2.21772
590 -0.342865 0.730271 4.06547
590 0.316674 -0.503215 4.06547
590 0.160019 0.342577 4.06547
590 -0.101059 0.0403456 4.06547
590 -0.630432 -0.24214 4.06547
590 -0.170649 0.62271 4.06547
590 0.751398 -0.179954 4.06547
590 -0.521835 -0.574344 -2.21772
590 0.528697 0.373729 4.06547
590 0.117062 0.746464 4.06547
590 1.01269 -0.168044 -2.21772
590 -0.416213 0.664548 4.06547
590 0.936225 -0.244324 4.06547
590 -0.745306 -0.32879 -2.21772
590 0.331004 -0.689985 4.06547
590 0.390469 -0.424754 4.06547
590 -0.0126549 -0.00263206 4.06547
590 0.305362 -0.0916494 4.06547
590 -0.333063 0.584055 4.06547
590 -0.0764026 -0.129962 4.06547
590 -0.587904 -0.11796 4.06547
590 -0.345558 0.894618 4.06547
590 -0.573526 -0.484027 4.06547
590 0.111114 1.00931 -2.21772
590 0.34563 0.311878 4.06547
590 -0.161195 -0.116012 4.06547
590 0.758676 -0.322759 4.06547
590 0.478139 0.832354 4.06547
590 -0.440522 0.299717 4.06547
590 -0.999256 0.119751 4.06547
590 -0.612635 0.384046 4.06547
590 0.741674 -0.630101 4.06547
590 0.280643 -0.134168 -2.21772
590 0.21512 0.0835874 4.06547
590 -0.18461 -0.488118 4.06547
590 -0.0709125 0.351939 4.06547
590 0.364177 0.948043 4.06547
590 0.177629 -0.260505 4.06547
590 -0.836155 0.20164 4.06547
590 0.318472 0.0891959 4.06547
590 -0.644616 0.0169607 4.06547
590 -0.517457 0.24349 4.06547
590 -0.876522 -0.25061 4.06547
590 0.8633 -0.0180783 4.06547
590 -0.71017 0.441696 4.06547
590 -0.556088 0.463776 4.06547
590 0.921932 0.290001 4.06547
590 -0.662917 -0.0357542 4.06547
590 0.685493 0.753585 4.06547
590 -0.178605 0.774387 4.06547
590 0.208769 -0.764124 4.06547
590 -0.60233 0.496806 4.06547
590 0.710414 -0.0491801 4.06547
590 0.456504 0.659958 4.06547
590 0.331105 -0.859857 4.06547
590 -0.541177 0.0423727 4.06547
590 0.579563 0.476784 4.06547
590 -0.663111 0.412714 4.06547
590 -0.0470306 -0.609293 4.06547
590 -0.679569 0.0591889 4.06547
590 -0.556076 0.781649 -2.21772
590 0.624222 0.733544 4.06547
590 -0.460831 -0.726901 4.06547
590 0.108869 0.333867 4.06547
590 -0.0972953 0.538468 4.06547
590 -0.332566 0.243748 -2.21772
590 -0.692894 0.666682 4.06547
590 -0.125006 0.172061 4.06547
590 -0.34364 -0.0849506 4.06547
590 0.123107 0.197295 4.06547
590 0.0402034 -0.580412 4.06547
590 0.422111 -0.240428 4.06547
590 0.699079 0.485226 4.06547
590 -0.455758 -0.793238 4.06547
590 -0.604126 0.272914 4.06547
590 0.313543 -0.638086 4.06547
590 0.208611 0.169539 4.06547
590 -0.368695 -0.72211 -2.21772
590 0.790416 0.439318 4.06547
590 0.0718816 0.187869 4.06547
590 -0.6878 -0.437243 4.06547
590 0.892367 0.198537 4.06547
590 0.108798 -0.103742 4.06547
590 0.266559 0.00029367 4.06547
590 0.54804 0.233148 4.06547
590 -0.823576 -0.505031 -2.21772
590 -0.950841 0.0835436 4.06547
590 0.753636 -0.527285 4.06547
590 -0.0544736 0.21744 4.06547
590 -0.133294 0.58119 4.06547
590 -0.000263679 -0.239217 4.06547
590 0.838894 0.219672 -2.21772
590 -0.918187 -0.0119138 4.06547
590 -0.00140973 -0.768276 4.06547
590 -0.910442 0.304486 4.06547
590 0.794815 0.180766 4.06547
590 -0.650076 -0.72987 4.06547
590 -0.897709 -0.349539 4.06547
590 0.0553229 -0.781492 4.06547
590 0.00462809 -0.621055 4.06547
590 0.222439 0.258466 4.06547
590 0.408673 0.556668 4.06547
590 0.655735 0.088817 4.06547
590 -0.254477 -0.133973 4.06547
590 0.231321 -0.393349 4.06547
590 -0.310617 0.294261 4.06547
590 0.715326 0.645068 4.06547
590 0.422065 0.364875 4.06547
590 -0.770866 0.571151 4.06547
590 -0.499419 -0.898686 -2.21772
590 0.248168 0.537394 4.06547
590 0.617218 -0.11664 4.06547
590 -0.738427 -0.703892 4.06547
590 -0.83649 -0.207186 4.06547
590 -0.285802 -0.539147 -2.21772
590 -0.12198 0.346857 4.06547
590 -0.165592 -0.743169 4.06547
590 0.0818657 0.101993 4.06547
590 -0.182721 0.430404 -2.21772
590 0.00039246 0.131427 -2.21772
590 0.459244 -0.103431 4.06547
590 0.849681 -0.47805 4.06547
590 0.566789 -0.353791 -2.21772
590 -0.0487233 -0.313041 4.06547
590 0.568626 -0.0212642 4.06547
590 0.00513719 0.0452998 4.06547
590 -0.12898 -0.0105344 4.06547
590 -0.448687 0.764692 4.06547
590 0.940308 -0.415611 4.06547
590 0.642772 -0.414333 4.06547
590 -0.228091 -0.516119 4.06547
590 0.493851 -0.296511 4.06547
590 -0.2074 0.307062 4.06547
590 0.673705 -0.778898 -2.21772
590 -0.0843347 1.01117 -2.21772
590 -0.197849 -0.583856 4.06547
590 -0.715432 -0.384592 4.06547
590 0.502459 0.325272 4.06547
590 0.690708 0.289264 4.06547
590 0.305407 -0.91874 4.06547
590 -0.374125 0.623868 4.06547
590 0.636807 0.297569 4.06547
590 -0.283621 -0.929602 4.06547
590 0.0334576 -0.874345 -2.21772
590 -0.901958 -0.129016 4.06547
590 -0.470038 -0.601991 4.06547
590 -0.317052 -0.74724 -2.21772
590 0.57653 -0.650816 4.06547
590 0.966107 0.335842 -2.21772
590 0.166584 -0.513409 4.06547
590 0.776634 0.658939 4.06547
590 0.802328 0.123816 4.06547
590 -0.459616 0.249034 -2.21772
590 -0.196318 -0.841287 4.06547
590 0.758256 -0.270246 4.06547
590 0.293328 -0.179646 4.06547
590 -0.698197 0.00582789 4.06547
590 0.712203 -0.103611 4.06547
590 0.964617 -0.354649 4.06547
590 0.203982 0.438946 4.06547
590 0.897413 -0.18179 4.06547
590 0.236272 -0.190374 4.06547
590 -0.123478 -0.14867 -2.21772
590 -0.296032 -0.867337 -2.21772
590 0.55885 -0.209053 -2.21772
590 -0.504977 -0.761794 -2.21772
590 0.469444 0.466612 4.06547
590 -0.85592 -0.563392 4.06547
590 -0.589693 -0.169686 4.06547
590 -0.605716 0.122422 -2.21772
590 -0.80345 0.153147 4.06547
590 0.78784 0.549376 4.06547
590 -0.871898 0.252672 4.06547
590 -0.268457 0.805047 4.06547
590 0.867417 -0.306488 4.06547
590 -0.611054 -0.0261413 4.06547
590 -0.951801 0.356548 4.06547
590 -0.387255 -0.0530043 -2.21772
590 1.02345 0.0223806 4.06547
590 -0.364787 0.424347 4.06547
590 0.0422375 0.906241 4.06547
590 -0.674205 0.206716 4.06547
590 0.102448 0.150091 4.06547
590 -0.856682 -0.308936 4.06547
590 -0.213308 -0.1995 4.06547
590 0.0214362 -0.0918177 4.06547
590 0.0746107 -0.837436 4.06547
590 0.0123285 0.960235 4.06547
590 0.621249 -0.0399036 4.06547
590 0.636424 0.248562 4.06547
590 0.134016 0.844455 4.06547
590 -0.224213 0.171819 4.06547
590 0.552409 0.42746 4.06547
590 -0.0458174 -0.261188 4.06547
590 0.287499 0.400542 4.06547
590 -0.325176 -0.688351 4.06547
590 -0.474936 0.340354 4.06547
590 -0.657029 -0.396897 4.06547
590 0.903999 0.136324 4.06547
590 -0.0499936 0.401161 -2.21772
590 0.805904 -0.639864 4.06547
590 0.82129 0.388653 -2.21772
590 0.0131765 -0.97753 -2.21772
590 -0.65812 0.356177 4.06547
590 0.245132 -0.441803 4.06547
590 -0.151093 0.389092 4.06547
590 -0.807435 0.414774 4.06547
590 0.375172 0.598216 4.06547
590 -0.229887 0.92935 4.06547
590 0.397175 0.133615 4.06547
590 0.37246 -0.656572 4.06547
590 0.632046 -0.512128 4.06547
590 -0.930486 0.246632 4.06547
590 -0.665948 0.765784 -2.21772
590 0.878736 -0.420772 4.06547
590 0.0571274 -0.63197 4.06547
590 0.701013 -0.167735 4.06547
590 -0.652375 0.25661 4.06547
590 -0.0320763 -0.662548 4.06547
590 0.48211 -0.153972 4.06547
590 0.146705 0.028481 4.06547
590 0.152187 -0.465138 -2.21772
590 -0.498386 -0.294591 4.06547
590 -0.508873 -0.694945 4.06547
590 -0.239284 -0.620964 4.06547
590 0.0754933 -0.537336 4.06547
590 0.816387 -0.531712 4.06547
590 0.265303 -0.874003 4.06547
590 0.415927 -0.879233 4.06547
590 -0.799528 -0.319338 -2.21772
590 0.1032 0.901023 4.06547
590 -0.0271626 0.172637 4.06547
590 0.208722 0.77201 4.06547
590 -0.323716 0.788247 4.06547
590 0.097534 0.801385 -2.21772
590 -0.27687 -0.489383 4.06547
590 -0.546214 -0.261472 4.06547
590 0.0897529 0.284755 4.06547
590 -0.571316 -0.603668 4.06547
590 0.316006 0.905922 4.06547
590 0.877294 0.397008 4.06547
590 0.209974 -0.294042 4.06547
590 0.848979 0.159106 4.06547
590 0.152706 -0.127534 4.06547
590 0.546693 -0.30292 4.06547
590 0.759315 0.386586 4.06547
590 -0.183358 -0.383591 4.06547
590 -0.354821 -0.231386 4.06547
590 -0.314337 -0.307146 4.06547
590 0.380641 -0.143146 4.06547
590 -0.901188 0.469583 4.06547
590 0.665921 0.532049 4.06547
590 0.363424 0.454109 4.06547
590 -0.291105 0.343851 -2.21772
590 0.788748 -0.374183 4.06547
590 0.438574 -0.0539639 4.06547
590 -0.504029 -0.350898 4.06547
590 0.337887 -0.275603 4.06547
590 0.452014 -0.197384 4.06547
590 0.0904788 0.0237039 4.06547
590 0.55472 0.0301931 4.06547
590 -0.474147 -0.490562 4.06547
590 0.70118 0.118191 4.06547
590 0.109511 -0.641772 4.06547
590 0.446512 -0.57944 4.06547
590 -0.455084 0.908934 4.06547
590 -0.240236 0.55924 4.06547
590 -0.614698 -0.639643 4.06547
590 0.518789 -0.0119599 4.06547
590 0.309949 0.448683 4.06547
590 0.436676 -0.736824 4.06547
590 -0.10014 0.395214 4.06547
590 -0.363372 -0.333458 4.06547
590 -0.226711 -0.356751 4.06547
590 0.811541 -0.316278 -2.21772
590 -0.124606 0.082469 4.06547
590 0.254954 -0.622712 4.06547
590 0.176906 0.206532 4.06547
590 0.966122 0.0494707 4.06547
590 -0.293265 0.545251 4.06547
590 -0.604658 -0.696293 4.06547
590 0.0602982 -0.48582 4.06547
590 -0.250739 -0.0869324 -2.21772
590 -0.592631 0.0282623 4.06547
590 0.706684 -0.319589 4.06547
590 -0.817807 -0.263025 4.06547
590 0.425058 0.178856 4.06547
590 0.0500275 0.416389 4.06547
590 0.960859 0.110932 4.06547
590 0.226055 0.487871 -2.21772
590 -0.681374 0.607178 4.06547
590 -0.692265 -0.134923 4.06547
590 0.529633 0.280518 4.06547
590 0.491841 0.521202 4.06547
590 -0.030545 0.45124 4.06547
590 -0.524843 -0.0498458 -2.21772
590 0.670581 0.341456 4.06547
590 -0.835789 0.577728 4.06547
590 -0.745806 -0.432748 -2.21772
590 -0.261817 -0.230602 4.06547
590 -0.150242 -0.0625734 4.06547
590 -0.176926 -0.27823 4.06547
590 0.787931 -0.477801 -2.21772
590 0.553418 -0.449938 4.06547
590 -0.12398 -0.698491 4.06547
590 0.302925 0.542807 -2.21772
590 0.527488 -0.252883 4.06547
590 0.655665 -0.565142 -2.21772
590 -0.124817 0.785666 4.06547
590 0.482 -0.535649 4.06547
590 0.041013 -0.269462 4.06547
590 0.620396 -0.360942 4.06547
590 -0.257988 -0.181703 4.06547
590 -0.561616 0.407482 4.06547
590 -0.712594 -0.487871 4.06547
590 0.0387944 0.276141 4.06547
590 -0.0449397 0.0353091 -2.21772
590 -0.650753 -0.293147 -2.21772
590 -0.307087 -0.80673 4.06547
590 -0.195388 -0.0539152 4.06547
590 -0.500595 -0.831194 4.06547
590 0.849479 0.44954 -2.21772
590 0.815602 0.609666 4.06547
590 -0.0907352 -0.284033 4.06547
590 -0.175852 -0.53922 4.06547
590 0.372171 0.267353 4.06547
590 0.563078 -0.800041 4.06547
590 0.279206 0.492982 4.06547
590 -0.228221 0.260812 4.06547
