215 0.230148 0.394546 4.06547
215 0.00937551 0.862887 4.06547
215 -0.853883 0.154673 4.06547
215 0.792692 -0.223312 4.06547
215 0.657425 0.0417316 4.06547
215 0.943355 0.234993 4.06547
215 -0.397914 -0.149891 4.06547
215 0.136182 -0.55492 4.06547
215 0.212321 0.346559 4.06547
215 -0.131259 -0.252806 -2.21772
215 -0.975701 -0.30081 4.06547
215 0.212158 0.0390761 4.06547
215 -0.505874 -0.413606 4.06547
215 0.513635 0.575915 4.06547
215 -0.0510589 0.689545 -2.21772
215 0.564673 0.688893 4.06547
215 -0.64889 0.524345 4.06547
215 0.0367774 -0.724488 4.06547
215 0.161478 0.589257 4.06547
215 -0.638203 -0.193844 4.06547
215 0.0861885 -0.439734 4.06547
215 0.18214 -0.474347 4.06547
215 0.155307 -0.900429 4.06547
215 0.541366 0.523682 4.06547
215 0.33738 -0.0534145 4.06547
215 -0.0625699 -0.0789145 4.06547
215 -0.0732144 0.438036 4.06547
215 0.133968 0.10422 4.06547
215 -0.146391 0.518136 4.06547
215 -0.155156 -0.511693 4.06547
215 0.745739 0.154529 4.06547
215 0.19551 -0.176276 4.06547
215 -0.264876 -0.994685 4.06547
215 -0.451424 0.725927 4.06547
215 0.223584 -0.65947 -2.21772
215 0.656834 -0.314539 4.06547
215 0.291367 0.299166 4.06547
215 -0.650132 0.302726 4.06547
215 -0.0165241 0.7442 4.06547
215 0.305686 0.205639 4.06547
215 0.362478 -0.465034 4.06547
215 -0.397332 0.259518 4.06547
215 -0.346808 0.299567 4.06547
215 0.0406556 -0.2122 4.06547
215 -0.654706 0.110119 4.06547
215 0.18293 0.120336 4.06547
215 0.171728 -1.01339 4.06547
215 0.569406 0.569792 4.06547
215 0.878048 -0.536898 4.06547
215 -0.0904348 -0.444897 4.06547
215 0.576248 0.763236 4.06547
215 -0.696991 0.487782 4.06547
215 0.191946 0.634245 4.06547
215 0.196951 -0.613793 4.06547
215 -0.648352 0.465521 4.06547
215 0.652548 -0.72451 4.06547
215 -0.0233685 -0.109049 4.06547
215 0.205093 0.926299 4.06547
215 0.371516 -0.831308 4.06547
215 -0.569702 0.0757732 4.06547
215 -0.0567257 0.489562 4.06547
215 -0.40879 -0.30211 4.06547
215 0.38666 0.410485 4.06547
215 0.167512 -0.0330205 -2.21772
215 0.657749 -0.015693 4.06547
215 0.587625 -0.259143 4.06547
215 -0.255928 0.206813 4.06547
215 -0.323105 0.632976 -2.21772
215 0.217347 -0.344899 4.06547
215 -0.784752 0.0570969 -2.21772
215 -0.992271 0.231819 4.06547
215 -0.794218 -0.546246 4.06547
215 -0.418918 -0.622276 -2.21772
215 0.805376 -0.0413367 4.06547
215 0.817339 -0.269978 -2.21772
215 -0.149375 0.126486 4.06547
215 -0.891076 0.19651 -2.21772
215 0.732899 0.333597 4.06547
215 0.0173221 -0.139222 -2.21772
215 -0.445617 -0.120507 4.06547
215 -0.567021 -0.0196293 4.06547
215 -0.102844 0.851206 4.06547
215 0.482082 -0.77685 4.06547
215 0.77799 -0.585803 4.06547
215 0.245245 0.139292 4.06547
215 0.700936 -0.269097 4.06547
215 -0.679646 -0.681175 4.06547
215 0.482085 0.620159 4.06547
215 0.460135 -0.489897 4.06547
215 -0.645777 -0.139602 4.06547
215 -0.296971 0.86039 -2.21772
215 -0.189728 -0.00489087 -2.21772
215 -0.320152 0.204733 4.06547
215 0.329146 -0.213643 4.06547
215 0.952279 -0.134904 4.06547
215 0.180545 -0.424168 4.06547
215 0.353592 -0.513286 4.06547
215 -0.24163 0.867944 4.06547
215 0.564304 -0.0742457 4.06547
215 0.308605 -0.00805741 -2.21772
215 0.755332 -0.125987 4.06547
215 -0.397749 0.455269 4.06547
215 0.304381 0.6516 4.06547
215 0.804285 0.0695832 4.06547
215 0.3506 -0.965941 -2.21772
215 0.818632 -0.428813 4.06547
215 -0.309427 -0.0556964 4.06547
215 -0.424558 0.116355 4.06547
215 -0.414423 -0.466249 4.06547
215 0.524452 -0.618754 4.06547
215 0.00248451 -0.184562 4.06547
215 -0.744954 0.519009 4.06547
215 0.391117 0.318649 4.06547
215 -0.302888 0.0486228 4.06547
215 -0.562575 -0.42862 -2.21772
215 -0.102917 -0.967248 -2.21772
215 -0.458405 0.845687 4.06547
215 0.158491 -0.218083 4.06547
215 0.419479 0.72983 4.06547
215 0.260405 -0.485555 -2.21772
215 -0.215539 0.820869 4.06547
215 0.0165917 -0.819499 4.06547
215 -0.104782 -0.603932 -2.21772
215 0.744966 0.605154 4.06547
215 0.174314 0.821085 -2.21772
215 0.693471 0.180934 4.06547
215 -0.329197 0.961126 4.06547
215 -0.172015 0.337884 4.06547
215 -0.0730554 0.0742976 4.06547
215 -0.275933 -0.708633 4.06547
215 0.0334145 0.36124 -2.21772
215 0.308594 -0.470054 4.06547
215 -0.0450166 -0.206427 -2.21772
215 -0.549913 0.711972 4.06547
215 -0.76232 0.671758 4.06547
215 0.137622 0.639966 4.06547
215 -0.0631847 -0.914415 -2.21772
215 0.739471 0.439798 4.06547
215 -1.01953 -0.00560194 -2.21772
215 0.112525 0.581812 4.06547
215 -0.608467 -0.526022 -2.21772
215 0.517358 -0.891539 4.06547
215 0.0537252 0.128956 4.06547
215 -0.801871 -0.0986911 4.06547
215 -0.91762 -0.289086 4.06547
215 0.0937604 -0.491555 4.06547
215 0.533514 0.864238 4.06547
215 -0.203603 0.0421354 -2.21772
215 0.527544 0.732211 4.06547
215 -0.713059 -0.280411 4.06547
215 0.60309 0.124731 4.06547
215 -0.135017 -0.364504 4.06547
215 0.149322 0.94597 4.06547
215 -0.623644 0.0667531 4.06547
215 0.38072 -0.238 4.06547
215 -0.0990373 0.21301 4.06547
215 0.352527 0.12655 4.06547
215 -0.26718 0.653104 4.06547
215 -0.0786556 0.581711 4.06547
215 -0.21896 -0.735417 4.06547
215 -1.00405 -0.187742 4.06547
215 0.77989 0.293249 -2.21772
215 0.205101 -0.229932 -2.21772
215 0.521185 -0.110386 4.06547
215 0.125825 0.0557324 4.06547
215 0.606526 -0.760802 4.06547
215 0.998591 -0.232574 -2.21772
215 -0.602108 -0.831746 4.06547
215 0.208288 -0.00879739 4.06547
215 -0.375992 0.212268 4.06547
215 -0.161732 0.720729 4.06547
215 0.543915 -0.165131 4.06547
215 -0.702699 -0.579726 4.06547
215 0.435478 0.511441 4.06547
215 0.179395 0.248651 4.06547
215 -0.221116 0.338234 4.06547
215 -0.629592 0.159031 4.06547
215 -0.26961 -0.591852 4.06547
215 -0.766422 -0.26856 4.06547
215 -0.402503 0.164139 4.06547
215 0.596882 0.231296 4.06547
215 0.578791 -0.712184 4.06547
215 -0.0757917 0.165244 4.06547
215 -0.801888 0.328526 4.06547
215 -0.716808 0.721689 -2.21772
215 0.0191558 -0.66947 4.06547
215 -0.938038 -0.410723 4.06547
215 -1.00537 0.169487 -2.21772
215 -0.771003 -0.374976 4.06547
215 0.508433 0.119844 4.06547
215 0.340783 0.17243 4.06547
215 0.679212 -0.626275 4.06547
215 -0.383068 -0.954917 4.06547
215 0.234086 -0.582744 4.06547
215 0.0822297 0.371775 4.06547
215 -0.133006 0.896776 4.06547
215 0.29616 -0.282824 -2.21772
215 -0.0585215 0.629384 -2.21772
215 -0.704558 -0.749388 4.06547
215 0.840376 -0.197378 4.06547
215 -0.0335154 0.796614 4.06547
215 0.370425 0.75059 4.06547
215 -0.74438 -0.163457 4.06547
215 -0.238907 -0.387716 4.06547
215 -0.413214 0.355904 4.06547
215 0.332713 0.404513 4.06547
215 -0.886292 0.357705 4.06547
215 -0.20776 0.482993 4.06547
215 -0.242464 0.00993567 -2.21772
215 -0.57036 -0.562982 4.06547
215 -0.208334 0.383471 4.06547
215 0.0298846 0.605346 -2.21772
215 -0.539367 0.647863 4.06547
215 -0.239846 -0.545182 4.06547
215 -0.344719 -0.554604 4.06547
215 0.270364 0.813266 4.06547
215 0.469006 0.372157 4.06547
215 -0.324548 -0.976478 4.06547
215 -0.172959 0.255344 -2.21772
215 -0.212808 0.7267 4.06547
215 -0.256526 0.0529908 4.06547
215 -0.351035 -0.127716 4.06547
215 0.0539721 0.0544101 4.06547
215 -0.558085 -0.672073 4.06547
215 0.186799 -0.556934 -2.21772
215 0.407898 0.220648 4.06547
215 0.149223 0.436334 4.06547
215 0.353425 -0.362445 4.06547
215 -0.14209 -1.02015 4.06547
215 0.326011 0.845805 4.06547
215 -0.440891 -0.0690293 4.06547
215 -0.687811 0.154522 4.06547
215 0.165728 0.882845 4.06547
215 0.939147 0.402286 4.06547
215 0.313646 0.735146 4.06547
215 -0.583059 -0.0730629 -2.21772
215 0.464775 -0.855151 4.06547
215 0.3755 -0.60261 4.06547
215 0.456723 -0.344907 4.06547
215 0.898321 0.355403 4.06547
215 0.66694 0.69182 4.06547
215 -0.764229 0.287316 4.06547
215 0.172055 0.685325 4.06547
215 -0.122576 0.429532 -2.21772
215 -0.681656 -0.235779 4.06547
215 0.148907 -0.7444 4.06547
215 0.523344 -0.681155 4.06547
215 0.222671 0.208294 4.06547
215 -0.013408 0.913589 4.06547
215 -0.540543 -0.210859 -2.21772
215 0.428961 -0.609071 4.06547
215 -0.866804 0.411696 4.06547
215 0.384807 -0.775651 4.06547
215 0.305425 -0.333402 4.06547
215 0.91167 0.0163036 4.06547
215 -0.356393 -0.280795 4.06547
215 -0.0885214 -0.229195 4.06547
215 -0.565358 0.243624 4.06547
215 -0.373203 0.120815 4.06547
215 0.218375 0.726591 4.06547
215 -0.844401 -0.445015 4.06547
215 -0.09766 0.659564 4.06547
215 -0.0437464 0.963506 -2.21772
215 -0.844108 0.46759 4.06547
215 0.360339 -0.902479 4.06547
215 -0.821026 -0.612442 -2.21772
215 -0.50555 0.0687556 4.06547
215 0.0129125 0.551358 -2.21772
215 -0.456534 -0.385749 4.06547
215 0.610358 -0.460772 4.06547
215 0.857742 0.0386953 4.06547
215 0.295668 -0.987193 4.06547
215 0.252751 -0.536788 4.06547
215 -0.302067 0.494835 4.06547
215 0.254092 0.633119 4.06547
215 0.40973 -0.500381 4.06547
215 0.315905 0.256765 4.06547
215 -0.183402 0.873525 4.06547
215 0.414223 -0.102779 4.06547
215 -0.511779 0.813601 4.06547
215 0.696178 -0.681281 -2.21772
215 -0.0170456 -1.03042 4.06547
215 0.0914198 -0.735989 -2.21772
215 -0.192035 -0.641767 -2.21772
215 0.039308 0.00725005 4.06547
215 -0.10572 0.954056 4.06547
215 -0.349403 0.838061 -2.21772
215 -0.360782 -0.784056 4.06547
215 -0.198242 0.128448 4.06547
215 -0.0017208 -0.501458 4.06547
215 -0.949821 0.180407 4.06547
215 -0.120968 -0.909457 4.06547
215 -0.819546 0.377456 4.06547
215 0.549268 0.199396 4.06547
215 -0.150872 -0.799113 4.06547
215 0.0478176 -1.03123 -2.21772
215 0.454368 -0.437405 4.06547
215 -0.502497 0.384649 4.06547
215 0.633486 0.793645 4.06547
215 -0.433969 -0.514808 4.06547
215 -0.743016 0.16065 4.06547
215 0.139253 0.53557 4.06547
215 -0.256162 0.302985 4.06547
215 0.2264 0.675709 4.06547
215 -0.367363 -0.389331 4.06547
215 -0.049662 0.120594 4.06547
215 0.401648 -0.341709 4.06547
215 0.687958 0.239493 4.06547
215 0.41187 0.270289 4.06547
215 0.0450978 0.65573 -2.21772
215 0.69736 0.574935 4.06547
215 -0.228493 -0.0398522 4.06547
215 -0.876598 -0.399628 -2.21772
215 -0.143743 -0.419283 -2.21772
215 -0.439438 0.554326 4.06547
215 -0.182298 0.57875 4.06547
215 0.263429 0.755725 4.06547
215 -0.424632 0.0372688 4.06547
215 -0.243081 0.771559 4.06547
215 -0.0754038 -0.561607 4.06547
215 0.171388 -0.322656 4.06547
215 0.251934 -0.092932 4.06547
215 1.01726 -0.108788 4.06547
215 -0.23858 -0.463141 4.06547
215 0.513055 0.477693 4.06547
215 0.925376 -0.303552 4.06547
215 0.471721 0.0791475 4.06547
215 0.090978 0.524223 4.06547
215 0.529647 0.798741 4.06547
215 -0.0442346 -0.526017 4.06547
215 -0.0222079 0.590415 4.06547
215 -0.840775 0.0563076 -2.21772
215 -0.281168 0.919286 4.06547
215 0.00179581 0.695936 4.06547
215 0.288281 -0.0538819 -2.21772
215 -0.25476 0.131945 -2.21772
215 0.1781 -0.375125 4.06547
215 -0.936104 -0.227507 4.06547
215 -0.0162037 -0.0586342 -2.21772
215 0.98416 -0.291689 4.06547
215 0.263861 0.183864 4.06547
215 -0.59702 -0.289137 -2.21772
215 -0.544605 -0.736 4.06547
215 0.461417 -0.919601 -2.21772
215 -0.492794 0.540258 4.06547
215 0.732316 0.271221 4.06547
215 -0.071285 0.904312 4.06547
215 0.512821 -0.348434 -2.21772
215 -0.206171 0.99209 -2.21772
215 -0.210511 0.6725 4.06547
215 0.0633355 0.567343 4.06547
215 -0.352138 -0.178138 4.06547
215 -0.0165006 -0.711538 4.06547
215 -0.0803787 -0.858786 4.06547
215 0.668714 -0.466614 4.06547
215 0.00400863 0.403574 4.06547
215 0.543758 0.627474 4.06547
215 0.636949 0.479268 4.06547
215 -1.01891 0.0562213 -2.21772
215 0.333084 -0.424173 4.06547
215 -0.895292 -0.186126 4.06547
215 0.571981 -0.597355 4.06547
215 -0.359202 0.360055 4.06547
215 0.754759 -0.012503 4.06547
215 -0.0685165 -0.702913 4.06547
215 0.613627 0.0124188 4.06547
215 0.249527 0.443353 4.06547
215 0.393586 -0.288984 4.06547
215 -0.0885606 0.79999 -2.21772
215 0.966902 -0.07387 4.06547
215 0.0802681 -0.289426 -2.21772
215 -0.849388 -0.14779 4.06547
215 -0.236687 -0.885535 4.06547
215 1.01348 0.147881 4.06547
215 -0.864767 0.00607786 4.06547
215 0.262376 0.348224 4.06547
215 0.726178 0.713902 4.06547
215 0.0785705 -0.0232912 -2.21772
215 0.123137 -0.251308 4.06547
215 0.0342382 0.757518 4.06547
215 -0.481315 0.206581 4.06547
215 -0.498447 -0.244531 4.06547
215 -0.115509 0.257295 4.06547
215 0.831266 0.268708 4.06547
215 1.02403 -0.0453282 4.06547
215 0.168924 -0.796836 4.06547
215 -0.499695 0.436125 4.06547
215 0.585951 0.344897 4.06547
215 0.188894 0.539761 4.06547
215 -0.731713 0.054383 4.06547
215 -0.621102 -0.438881 4.06547
215 0.771815 0.482689 4.06547
215 0.590795 0.288664 4.06547
215 -0.70982 0.105527 4.06547
215 -0.448131 -0.221792 4.06547
215 -0.432605 0.608456 4.06547
215 0.726136 -0.476016 4.06547
215 -0.627105 -0.581688 4.06547
215 0.885835 0.252892 4.06547
215 -0.654628 -0.793869 4.06547
215 -0.446306 -0.865293 4.06547
215 0.631345 0.382133 4.06547
215 0.0993995 -0.89166 4.06547
215 0.330916 -0.147838 4.06547
215 -0.207126 -0.788474 4.06547
215 -0.392074 0.0733374 4.06547
215 -0.151736 0.824279 -2.21772
215 0.0301513 -0.0407678 4.06547
215 -0.128794 -0.470043 4.06547
215 0.0721406 -0.682576 4.06547
215 -0.40853 -0.415934 -2.21772
215 -0.49052 -0.535383 4.06547
215 -0.159821 0.470025 4.06547
215 -0.415464 -0.762705 4.06547
215 -0.548514 0.295714 4.06547
215 -0.260644 0.463603 4.06547
215 -0.335634 -0.911576 4.06547
215 -0.0833187 -0.65066 4.06547
215 -0.453267 -0.329072 4.06547
215 -0.348847 0.47097 4.06547
215 0.752792 -0.0687128 4.06547
215 -0.95714 -0.0962677 4.06547
215 -0.723717 -0.64132 4.06547
215 0.910253 -0.0404356 4.06547
215 0.227389 -0.81211 4.06547
215 -0.81614 0.110251 4.06547
215 -0.762497 0.109306 4.06547
215 0.413346 -0.198329 -2.21772
215 0.617687 -0.822718 4.06547
215 -0.453412 0.162552 4.06547
215 -0.586746 -0.228833 4.06547
215 -0.35982 -0.653218 4.06547
215 0.357707 0.220034 4.06547
215 -0.771624 0.220052 4.06547
215 0.215239 0.587672 4.06547
215 0.676209 -0.368255 4.06547
215 -0.129799 -0.199362 -2.21772
215 0.526967 -0.7405 4.06547
215 -0.295188 0.748855 4.06547
215 0.262533 -0.765505 4.06547
215 -0.371952 -0.602949 4.06547
215 -0.401164 -0.825301 4.06547
215 0.496482 0.170748 4.06547
215 -0.204049 -1.00925 -2.21772
215 0.45461 0.572928 4.06547
215 -0.085637 -0.17637 4.06547
215 0.644311 0.207619 4.06547
215 -0.126727 -0.552901 4.06547
215 -0.00957412 0.644887 4.06547
215 0.549505 0.149527 -2.21772
215 -0.687238 -0.0850771 4.06547
215 0.269862 0.241596 4.06547
215 1.02073 0.0823993 4.06547
215 0.879162 0.517158 -2.21772
215 -0.00923054 -0.561521 4.06547
215 -0.813049 0.263327 -2.21772
215 0.855737 0.0961271 4.06547
215 -0.480771 -0.0381848 4.06547
215 -0.754804 0.462618 4.06547
215 0.871004 -0.246908 4.06547
215 0.815716 0.517317 4.06547
215 -0.54084 -0.516469 4.06547
215 -0.0886585 0.298505 4.06547
215 -0.0960853 -0.395543 4.06547
215 0.34462 0.694705 4.06547
215 0.245745 -0.0391797 4.06547
215 -0.0403218 -0.810368 4.06547
215 0.904174 -0.362615 4.06547
215 -0.0956076 -0.804406 4.06547
215 -1.019 -0.0682827 4.06547
215 0.39033 -0.552244 4.06547
215 -0.584242 -0.33959 4.06547
215 -0.172991 -0.222712 4.06547
215 -0.304834 0.438518 -2.21772
215 -1.01076 -0.128043 4.06547
215 -0.286426 -0.375262 4.06547
215 -0.716071 0.206093 4.06547
215 -0.219934 -0.297047 4.06547
215 -0.175319 0.0810118 4.06547
215 0.101597 0.677883 4.06547
215 0.967247 -0.0135457 4.06547
215 0.0776877 -0.239592 -2.21772
215 -0.476606 0.0252489 4.06547
215 -0.00622577 0.215034 4.06547
215 -0.206092 -0.423921 4.06547
215 -0.536683 0.200641 4.06547
215 0.524792 -0.0430345 4.06547
215 0.573306 0.39278 4.06547
215 -0.7486 0.343871 4.06547
215 -0.260994 0.706318 4.06547
215 0.910176 -0.096324 4.06547
215 0.0723586 -0.0718301 4.06547
215 0.285968 -0.232734 4.06547
215 -0.00459256 -0.919446 4.06547
215 0.130598 0.783324 4.06547
215 -0.646309 -0.485951 4.06547
215 -0.122907 0.61496 4.06547
215 0.237203 -0.15313 4.06547
215 0.609224 0.0696101 4.06547
215 0.207079 -0.0668329 -2.21772
215 0.277317 0.102085 4.06547
215 -0.761247 -0.595181 4.06547
215 0.841889 -0.591779 4.06547
215 -0.539628 -0.317992 4.06547
215 0.390488 0.173068 4.06547
215 0.0881497 0.958649 4.06547
215 -0.250205 0.51588 4.06547
215 -0.00431234 -0.395873 4.06547
215 0.59735 0.615739 4.06547
215 -0.401079 0.706673 4.06547
215 -0.49656 0.487577 4.06547
215 0.0851986 -0.389264 4.06547
215 -0.667522 -0.538147 -2.21772
215 -0.523599 -0.4652 4.06547
215 0.663748 0.427571 -2.21772
215 -0.951275 -0.162805 4.06547
215 0.481836 -0.252714 4.06547
215 0.217982 0.859132 4.06547
215 0.486497 0.0289586 4.06547
215 0.661919 -0.0719354 4.06547
215 -0.324896 -0.412771 4.06547
215 0.376298 0.879916 4.06547
215 0.0395677 -0.421488 -2.21772
215 -0.742322 0.608244 4.06547
215 0.418793 0.617656 4.06547
215 0.176346 0.755333 4.06547
215 0.0138246 0.310504 4.06547
215 -0.599189 0.443033 4.06547
215 0.47997 0.893638 4.06547
215 -0.10757 0.480116 4.06547
215 0.572279 -0.50625 4.06547
215 0.179932 0.3913 4.06547
215 0.252856 -0.943801 4.06547
215 -0.724697 0.258101 4.06547
215 0.70662 0.396023 4.06547
215 -0.391119 -0.889815 4.06547
215 0.585236 0.830489 -2.21772
215 0.306335 -0.385451 -2.21772
215 -0.804205 0.507806 -2.21772
215 0.796523 0.341198 -2.21772
215 -0.00679158 0.262438 4.06547
215 0.342697 0.0359393 4.06547
215 -0.0797525 -1.02684 -2.21772
215 0.186642 -0.703406 4.06547
215 0.602854 -0.308724 4.06547
215 -0.596435 -0.770168 4.06547
215 0.149507 0.154931 4.06547
215 0.537361 -0.554557 4.06547
215 -0.250944 -0.825535 -2.21772
215 0.297325 0.0424686 4.06547
215 0.283122 -0.81734 4.06547
215 -0.506533 0.753168 4.06547
215 -0.804139 0.623425 4.06547
215 -0.195529 0.531018 4.06547
215 0.395231 -0.708343 4.06547
215 -0.664849 -0.620861 -2.21772
215 0.289179 -0.579636 4.06547
215 0.379241 0.505444 4.06547
215 0.658985 -0.17622 4.06547
215 0.164195 -0.655714 4.06547
215 -0.313028 0.686986 4.06547
215 0.364532 -0.185076 4.06547
215 -0.0155753 0.352373 4.06547
215 0.0186345 0.809469 4.06547
215 0.70483 0.0136302 4.06547
215 -0.158137 -0.597538 4.06547
215 -0.362276 -0.450475 4.06547
215 0.4381 -0.155237 4.06547
215 0.105348 -0.148227 4.06547
215 0.855464 0.317053 4.06547
215 0.422392 0.0794408 4.06547
215 -0.450452 -0.271996 4.06547
215 0.337061 -0.566694 4.06547
215 -0.931305 0.406343 4.06547
215 -0.220081 0.433917 4.06547
215 0.733157 -0.372406 4.06547
215 0.0644524 -0.119531 -2.21772
215 0.824003 -0.14402 4.06547
215 0.322812 0.788276 4.06547
215 -0.453138 0.0752829 4.06547
215 -0.393572 0.507952 4.06547
215 -0.593379 0.195412 4.06547
215 0.848673 -0.37385 4.06547
215 0.784613 0.235417 4.06547
215 -0.483493 0.643065 -2.21772
215 -0.726926 -0.0489729 4.06547
215 -0.226853 0.0900064 4.06547
215 -0.328892 -0.50316 4.06547
215 -0.620148 0.802915 4.06547
215 -0.853199 0.31081 4.06547
215 -0.0362816 0.303174 4.06547
215 0.0591423 1.01455 4.06547
215 -0.401327 0.876022 4.06547
215 -0.39736 -0.556457 -2.21772
215 0.42688 -0.388176 4.06547
215 -0.367698 0.666026 4.06547
215 -0.0526938 -0.0259246 4.06547
215 -0.20433 0.217975 4.06547
215 0.805789 0.0142516 4.06547
215 -0.806558 0.00484275 -2.21772
215 -0.85741 -0.0926051 4.06547
215 -0.507753 0.159372 4.06547
215 -0.0406265 0.541429 4.06547
215 -0.784879 -0.210238 4.06547
215 0.910573 0.46262 4.06547
215 -0.00738407 -0.344497 4.06547
215 -0.354421 0.0368858 4.06547
215 0.91072 0.0740115 -2.21772
215 0.568462 -0.856787 -2.21772
215 0.275755 0.696134 4.06547
215 -0.596836 0.333926 4.06547
215 -0.399636 0.403634 4.06547
215 -0.179046 -0.90057 4.06547
215 0.0242612 0.170973 4.06547
215 0.409077 0.46164 -2.21772
215 0.325358 0.495953 -2.21772
215 -0.113127 -0.101812 4.06547
215 -0.494518 -0.140965 4.06547
215 -0.266983 -0.329015 4.06547
215 -0.400716 -0.25117 4.06547
215 -0.399762 -0.200516 4.06547
215 -0.306553 -0.203803 4.06547
215 0.515332 -0.208514 4.06547
215 0.359499 0.642078 4.06547
215 0.0394405 -0.52621 4.06547
215 -0.479835 0.117328 4.06547
215 -0.143708 1.00423 -2.21772
215 -0.965102 -0.0365577 -2.21772
215 0.630309 -0.673487 4.06547
215 0.480511 -0.588361 4.06547
215 0.120008 -0.0534307 4.06547
215 -0.0951169 -0.508199 4.06547
215 0.0839852 -0.338867 4.06547
215 0.206991 -0.117361 -2.21772
215 0.317101 0.598908 4.06547
215 0.597901 0.176979 4.06547
215 -0.311672 0.386137 4.06547
215 -0.263805 -0.766793 4.06547
215 -0.309438 -0.254673 4.06547
215 -0.02332 -0.864614 4.06547
215 0.760582 -0.693701 4.06547
215 -0.344448 0.526897 4.06547
215 0.0854135 0.623848 4.06547
215 -0.0554254 -0.756441 4.06547
215 0.535215 -0.398785 4.06547
215 -0.10663 0.711225 4.06547
215 0.751512 0.0986372 -2.21772
215 -0.794528 -0.152522 4.06547
215 0.519759 -0.494736 -2.21772
215 -0.0449154 0.851253 4.06547
215 -0.212009 -0.144526 4.06547
215 -0.0510557 -0.475665 -2.21772
215 0.504002 -0.444886 -2.21772
215 -0.756508 0.397316 4.06547
215 0.513001 -0.824595 4.06547
215 -0.109141 -0.751078 4.06547
215 -0.287826 0.241248 4.06547
215 -0.145029 0.29645 -2.21772
215 -0.0436259 -0.971739 4.06547
215 0.308399 0.968722 4.06547
215 -0.40695 -0.678898 4.06547
215 0.23364 -1.00458 4.06547
215 0.363308 0.362441 4.06547
215 0.189498 -0.955848 4.06547
215 -0.138076 -0.648191 4.06547
215 -0.00344749 -0.450511 4.06547
215 -0.543872 0.526319 4.06547
215 0.132058 0.241107 4.06547
215 -0.175332 0.174047 4.06547
215 1.00172 0.214466 4.06547
215 0.505501 0.22285 -2.21772
215 0.120291 0.480671 4.06547
215 -0.539685 0.586946 4.06547
215 -0.753174 0.00170304 4.06547
215 -0.0933791 -0.00250037 4.06547
215 0.477284 -0.645708 -2.21772
215 -0.623146 0.237569 4.06547
215 -0.975565 0.292395 -2.21772
215 0.843701 0.571651 4.06547
215 -0.903748 -0.0597724 4.06547
215 -0.310961 0.00465555 4.06547
215 0.737399 0.211412 4.06547
215 -0.487607 0.291143 4.06547
215 -0.174359 -0.693584 4.06547
215 0.190991 -0.850909 4.06547
215 0.0922589 -0.590793 4.06547
215 0.345951 0.547622 4.06547
215 0.701187 -0.420525 4.06547
215 -0.38935 0.312776 4.06547
215 0.80276 -0.0963092 4.06547
215 0.643539 -0.263976 4.06547
215 0.132834 -0.843215 4.06547
215 0.560806 0.0975039 4.06547
215 0.442819 0.31852 4.06547
215 0.0365239 -0.318368 4.06547
215 -0.839454 -0.042667 4.06547
215 0.622456 -0.215472 4.06547
215 0.146263 -0.603701 4.06547
215 0.603513 0.524028 4.06547
215 -0.493076 -0.191668 4.06547
215 -0.515357 0.332946 4.06547
215 0.04327 0.509946 -2.21772
215 0.682056 -0.221023 4.06547
215 -0.38826 0.562264 -2.21772
215 -0.700661 0.551896 4.06547
215 -0.588952 0.555029 4.06547
215 0.26249 -0.366691 4.06547
215 -0.229163 -0.684369 -2.21772
215 -0.451433 0.39831 4.06547
215 -0.87555 0.101067 4.06547
215 -0.747967 -0.102679 4.06547
215 -0.534061 0.111717 4.06547
215 0.063404 0.320302 4.06547
215 0.953602 -0.1908 4.06547
215 -0.349426 -0.0239278 -2.21772
215 0.215458 -0.900656 4.06547
215 -0.227602 0.618344 4.06547
215 -0.771245 -0.483665 4.06547
215 0.351077 -0.312838 4.06547
215 0.911536 -0.47874 -2.21772
215 0.254211 0.0587299 4.06547
215 -0.411315 -0.360324 4.06547
215 -0.736585 -0.533288 4.06547
215 0.481537 -0.391732 4.06547
215 0.326757 -0.786581 4.06547
215 -0.153268 0.0323338 -2.21772
215 -0.162362 -0.959476 4.06547
215 0.310901 0.354374 4.06547
215 -0.403393 0.816562 4.06547
215 -0.964325 0.0315576 4.06547
215 -0.0999887 -0.0498719 -2.21772
215 -0.587495 0.615826 4.06547
215 0.130421 -0.355191 4.06547
215 -0.700582 0.372867 4.06547
215 0.522304 0.0666308 4.06547
215 0.130211 -0.953186 4.06547
215 0.391318 0.0326004 4.06547
215 0.245131 0.300536 4.06547
215 0.493817 0.419 4.06547
215 -0.459772 -0.437679 -2.21772
215 0.126926 -0.302626 4.06547
215 -0.447038 -0.568219 4.06547
215 0.101193 0.424951 4.06547
215 0.543435 0.317115 4.06547
215 -0.607365 0.738171 4.06547
215 -0.287081 0.168627 4.06547
215 -0.542126 -0.109357 4.06547
215 0.623817 -0.61623 -2.21772
215 -0.495537 0.693653 4.06547
215 -0.265572 0.978406 4.06547
215 0.257173 -0.312748 4.06547
215 -0.702779 0.313059 4.06547
215 -0.00689213 0.499809 4.06547
215 0.0844864 0.232205 -2.21772
215 0.0796048 -0.976343 4.06547
215 0.242127 -0.710156 4.06547
215 0.168837 0.488696 4.06547
215 0.297369 -0.727106 4.06547
215 0.362213 -0.0108317 4.06547
215 0.430929 -0.809872 4.06547
215 0.387008 -0.0581182 4.06547
215 0.60664 0.434164 4.06547
215 0.439432 0.0293499 4.06547
215 0.58951 -0.405824 4.06547
215 0.0253614 0.0884904 4.06547
215 0.691658 -0.522662 4.06547
215 -0.170746 -0.168859 4.06547
215 -0.213355 -0.0953877 4.06547
215 -0.639715 0.642953 4.06547
215 -0.563718 0.153517 4.06547
215 -0.305189 -0.104849 -2.21772
215 -0.490488 -0.0906082 4.06547
215 0.753725 0.0428536 4.06547
215 -0.918335 0.136395 4.06547
215 0.600233 -0.552745 4.06547
215 -0.44443 0.501686 4.06547
215 -0.515976 -0.0051181 4.06547
215 0.0388016 0.222141 4.06547
215 0.102669 -0.199215 4.06547
215 0.570978 -0.125034 4.06547
215 -0.545398 -0.377692 4.06547
215 0.855289 -0.0796277 4.06547
215 -0.0361332 -0.156381 4.06547
215 0.716134 -0.74033 4.06547
215 0.457731 0.216851 4.06547
215 0.0242462 0.456686 4.06547
215 0.144595 0.290774 4.06547
215 0.459649 0.267695 4.06547
215 -0.440947 -0.929945 4.06547
215 -0.781112 -0.0491486 4.06547
215 -0.906588 0.0548728 4.06547
215 0.111883 -0.788497 4.06547
215 -0.0466372 -0.421614 -2.21772
215 0.95585 0.171354 4.06547
215 0.208993 -0.512956 -2.21772
215 0.270893 0.86929 4.06547
215 -0.0253791 0.0775195 -2.21772
215 0.146027 -0.174103 4.06547
215 0.24536 0.98434 4.06547
215 -0.0598319 0.258299 4.06547
215 0.41583 -0.0150443 4.06547
215 0.614335 0.666331 4.06547
215 0.472193 -0.0193341 4.06547
215 0.488323 -0.0714222 4.06547
215 0.42622 0.852083 4.06547
215 -0.513749 0.876483 -2.21772
215 0.634443 0.569939 4.06547
215 -0.389089 0.00513182 4.06547
215 -0.0925946 -0.340305 4.06547
215 0.0593675 -0.169314 4.06547
215 0.477296 0.76787 4.06547
215 -0.274659 -0.023357 4.06547
215 0.426436 0.919972 4.06547
215 0.660198 -0.127807 4.06547
215 0.375955 0.813501 4.06547
215 -0.908104 -0.460791 4.06547
215 0.658833 0.622199 4.06547
215 0.274978 -0.427666 4.06547
215 0.127175 -0.694316 4.06547
215 -0.2178 -0.246997 4.06547
215 0.260464 0.925062 4.06547
215 -0.793723 -0.424874 4.06547
215 0.19359 0.299339 4.06547
215 -0.339121 0.0846903 4.06547
215 -0.398084 -0.099634 4.06547
215 0.0393648 -0.368959 4.06547
215 0.397213 0.680536 4.06547
215 0.878693 -0.139884 4.06547
215 -0.635567 -0.339016 4.06547
215 0.648429 0.152014 -2.21772
215 0.130913 0.383285 4.06547
215 0.372254 0.0805235 4.06547
215 -0.261267 0.405481 4.06547
215 0.0565663 -0.925353 4.06547
215 -0.281193 0.599409 4.06547
215 0.161852 -0.0831772 4.06547
215 0.424442 0.787922 4.06547
215 -0.689553 -0.181997 4.06547
215 0.126413 -0.00404104 4.06547
215 -0.271256 -0.426781 4.06547
215 -0.393371 0.937526 -2.21772
215 0.268073 0.584993 -2.21772
215 0.187126 0.994672 4.06547
215 -0.347468 -0.847384 4.06547
215 0.299965 0.145168 4.06547
215 -0.991057 -0.245024 4.06547
215 -0.653873 0.701713 4.06547
215 0.703782 0.0697566 4.06547
215 -0.438915 -0.0127525 4.06547
215 0.359427 -0.102543 -2.21772
215 -0.00804683 -0.291702 -2.21772
215 -0.05139 -0.370208 4.06547
215 -0.521152 -0.63501 4.06547
215 0.0545269 0.706509 4.06547
215 0.407635 -0.945228 4.06547
215 -0.487394 0.592074 -2.21772
215 -0.592859 0.676691 -2.21772
215 -0.151132 0.670877 4.06547
215 -0.460908 -0.662873 4.06547
215 0.43362 -0.670957 4.06547
215 -0.426247 0.209964 4.06547
215 -0.784568 -0.660451 4.06547
215 -0.378376 -0.504209 4.06547
215 0.471643 0.711686 4.06547
215 -0.318395 0.131565 4.06547
215 -0.552895 -0.866672 -2.21772
215 -0.692028 -0.339653 4.06547
215 0.758537 -0.427744 4.06547
215 0.0660746 0.854883 -2.21772
215 -0.447903 0.449585 4.06547
215 -0.886702 -0.513167 4.06547
215 -0.311414 0.335699 4.06547
215 0.715691 -0.578168 4.06547
215 -0.327725 -0.353735 4.06547
215 -0.130695 -0.306828 4.06547
215 -0.00999189 1.01654 4.06547
215 -0.634957 -0.0866038 4.06547
215 -0.319105 -0.605693 4.06547
215 -0.956391 -0.355221 4.06547
215 0.510194 0.670506 4.06547
215 -0.445589 -0.170527 4.06547
215 0.728916 0.522457 4.06547
215 0.442366 -0.298307 4.06547
215 0.0728795 0.467393 4.06547
215 0.475101 -0.71064 4.06547
215 0.606356 -0.162557 4.06547
215 -0.285291 0.0959551 -2.21772
215 -0.3967 0.762476 4.06547
215 0.174184 0.071312 -2.21772
215 -0.299763 -0.654902 4.06547
215 -0.602775 -0.38975 4.06547
215 -0.0987132 0.120287 4.06547
215 0.114328 -1.02444 4.06547
215 -0.167231 0.94328 -2.21772
215 0.348549 -0.733478 4.06547
215 -0.555675 0.363289 4.06547
215 0.132348 -0.405822 -2.21772
215 -0.136895 -0.853541 4.06547
215 0.136011 0.718422 -2.21772
215 -0.304819 -0.154116 4.06547
215 -0.22143 -0.946761 4.06547
215 0.439252 0.416941 4.06547
215 -0.307104 -0.460861 4.06547
215 0.246129 -0.258101 4.06547
215 0.983378 0.280436 4.06547
215 -0.873161 0.520885 4.06547
215 -0.829019 -0.369293 4.06547
215 -0.0686053 0.74591 4.06547
215 -0.542744 -0.797591 4.06547
215 -0.6366 0.579408 4.06547
215 0.45739 0.126997 4.06547
215 -0.733101 -0.220901 -2.21772
215 0.284395 -0.673158 -2.21772
215 -0.568938 0.840708 4.06547
215 -0.265249 -0.27742 4.06547
215 0.734318 -0.212781 4.06547
215 -0.351064 0.167433 4.06547
215 -0.543318 -0.159482 4.06547
215 -0.148678 0.214874 4.06547
215 -0.172891 -0.328598 -2.21772
215 0.407837 -0.446596 -2.21772
215 -0.348199 0.727317 4.06547
215 0.302831 -0.522871 4.06547
215 0.161921 0.34143 4.06547
215 -0.10491 0.0390505 4.06547
215 -0.631575 -0.249355 4.06547
215 -0.175646 0.627808 4.06547
215 0.775284 -0.173059 4.06547
215 -0.520706 -0.578782 -2.21772
215 0.525224 0.371665 4.06547
215 0.0908264 0.74424 4.06547
215 1.0117 -0.168673 -2.21772
215 -0.431799 0.663005 4.06547
215 0.930847 -0.246329 4.06547
215 -0.744372 -0.326144 -2.21772
215 0.337583 -0.678046 4.06547
215 0.379804 -0.402678 4.06547
215 -0.00982904 -0.00652957 4.06547
215 0.310202 -0.0980892 4.06547
215 -0.336601 0.581 4.06547
215 -0.0743876 -0.127838 4.06547
215 -0.594292 -0.124743 4.06547
215 -0.343128 0.900574 4.06547
215 -0.581631 -0.479588 4.06547
215 0.125728 1.00778 -2.21772
215 0.339023 0.313001 4.06547
215 -0.167373 -0.114848 4.06547
215 0.764448 -0.318502 4.06547
215 0.47794 0.828931 4.06547
215 -0.436048 0.298878 4.06547
215 -1.00738 0.113725 4.06547
215 -0.604769 0.389461 4.06547
215 0.740301 -0.634923 4.06547
215 0.279369 -0.133275 -2.21772
215 0.222164 0.094885 4.06547
215 -0.178459 -0.461904 4.06547
215 -0.0654237 0.345112 4.06547
215 0.370243 0.946159 4.06547
215 0.169446 -0.268778 4.06547
215 -0.830282 0.209507 4.06547
215 0.321916 0.087952 4.06547
215 -0.64621 0.014332 4.06547
215 -0.512561 0.24905 4.06547
215 -0.87767 -0.247822 4.06547
215 0.857276 -0.0196851 4.06547
215 -0.707148 0.430502 4.06547
215 -0.549081 0.471213 4.06547
215 0.919709 0.298085 4.06547
215 -0.669535 -0.0368078 4.06547
215 0.679264 0.75529 4.06547
215 -0.181939 0.776803 4.06547
215 0.206807 -0.755603 4.06547
215 -0.598366 0.499597 4.06547
215 0.706089 -0.0424365 4.06547
215 0.447309 0.662531 4.06547
215 0.322161 -0.857131 4.06547
215 -0.542252 0.0349543 4.06547
215 0.573749 0.478199 4.06547
215 -0.655188 0.411436 4.06547
215 -0.0473684 -0.603481 4.06547
215 -0.677714 0.058523 4.06547
215 -0.562317 0.776279 -2.21772
215 0.618081 0.727405 4.06547
215 -0.44846 -0.719609 4.06547
215 0.112846 0.33126 4.06547
215 -0.0920653 0.530373 4.06547
215 -0.344009 0.250485 -2.21772
215 -0.702012 0.662408 4.06547
215 -0.124542 0.168232 4.06547
215 -0.353755 -0.077046 4.06547
215 0.118729 0.19253 4.06547
215 0.0409777 -0.576319 4.06547
215 0.43155 -0.248003 4.06547
215 0.697066 0.473609 4.06547
215 -0.455702 -0.800515 4.06547
215 -0.600671 0.283693 4.06547
215 0.323402 -0.625202 4.06547
215 0.204412 0.163533 4.06547
215 -0.377559 -0.724423 -2.21772
215 0.800354 0.425581 4.06547
215 0.0712281 0.180385 4.06547
215 -0.679987 -0.438063 4.06547
215 0.898769 0.192192 4.06547
215 0.115338 -0.102345 4.06547
215 0.259622 0.00676497 4.06547
215 0.550971 0.25522 4.06547
215 -0.827403 -0.497822 -2.21772
215 -0.95364 0.0934562 4.06547
215 0.751884 -0.530415 4.06547
215 -0.0523398 0.21251 4.06547
215 -0.132334 0.566032 4.06547
215 -0.00474762 -0.236429 4.06547
215 0.841999 0.210242 -2.21772
215 -0.917021 -0.00488608 4.06547
215 -0.000989149 -0.765855 4.06547
215 -0.913355 0.301703 4.06547
215 0.793628 0.180109 4.06547
215 -0.649116 -0.729726 4.06547
215 -0.896185 -0.346211 4.06547
215 0.0553376 -0.779104 4.06547
215 0.00305759 -0.614475 4.06547
215 0.22637 0.256596 4.06547
215 0.405797 0.55435 4.06547
215 0.653607 0.0973173 4.06547
215 -0.257976 -0.126266 4.06547
215 0.227717 -0.400311 4.06547
215 -0.299082 0.28582 4.06547
215 0.708314 0.64964 4.06547
215 0.417096 0.365966 4.06547
215 -0.77859 0.564125 4.06547
215 -0.498285 -0.900838 -2.21772
215 0.24043 0.537355 4.06547
215 0.615563 -0.103049 4.06547
215 -0.742651 -0.703625 4.06547
215 -0.838499 -0.203461 4.06547
215 -0.294567 -0.546916 -2.21772
215 -0.117317 0.33915 4.06547
215 -0.16323 -0.74583 4.06547
215 0.0859654 0.0897717 4.06547
215 -0.172926 0.42148 -2.21772
215 -9.29952e-05 0.126746 -2.21772
215 0.464769 -0.113892 4.06547
215 0.848471 -0.481963 4.06547
215 0.567537 -0.354005 -2.21772
215 -0.0503591 -0.316058 4.06547
215 0.573416 -0.0191193 4.06547
215 0.00146455 0.0400953 4.06547
215 -0.141723 -0.0158431 4.06547
215 -0.45513 0.784376 4.06547
215 0.940173 -0.416604 4.06547
215 0.643634 -0.414607 4.06547
215 -0.209652 -0.50414 4.06547
215 0.495044 -0.300753 4.06547
215 -0.201866 0.291977 4.06547
215 0.668456 -0.784713 -2.21772
215 -0.0788896 1.01303 -2.21772
215 -0.215431 -0.595166 4.06547
215 -0.717024 -0.388217 4.06547
215 0.49231 0.327187 4.06547
215 0.685913 0.298882 4.06547
215 0.302981 -0.916573 4.06547
215 -0.381266 0.616469 4.06547
215 0.634356 0.322668 4.06547
215 -0.279101 -0.930901 4.06547
215 0.036091 -0.872472 -2.21772
215 -0.906441 -0.124193 4.06547
215 -0.474162 -0.610097 4.06547
215 -0.317627 -0.749916 -2.21772
215 0.573951 -0.65557 4.06547
215 0.962854 0.341926 -2.21772
215 0.145982 -0.508869 4.06547
215 0.769244 0.667675 4.06547
215 0.800739 0.125002 4.06547
215 -0.452954 0.250658 -2.21772
215 -0.194026 -0.843563 4.06547
215 0.755429 -0.265811 4.06547
215 0.290953 -0.180237 4.06547
215 -0.700726 0.00585533 4.06547
215 0.707089 -0.103333 4.06547
215 0.965094 -0.355182 4.06547
215 0.198527 0.440684 4.06547
215 0.897559 -0.190798 4.06547
215 0.244293 -0.201489 4.06547
215 -0.127279 -0.147406 -2.21772
215 -0.292481 -0.868291 -2.21772
215 0.570771 -0.20814 -2.21772
215 -0.491835 -0.758654 -2.21772
215 0.463448 0.466192 4.06547
215 -0.854418 -0.563415 4.06547
215 -0.591894 -0.175126 4.06547
215 -0.598979 0.117114 -2.21772
215 -0.795259 0.165377 4.06547
215 0.774356 0.557385 4.06547
215 -0.871755 0.2538 4.06547
215 -0.282761 0.808416 4.06547
215 0.870138 -0.305971 4.06547
215 -0.617795 -0.0324878 4.06547
215 -0.953776 0.35084 4.06547
215 -0.396526 -0.0460643 -2.21772
215 1.02364 0.0181633 4.06547
215 -0.352634 0.416387 4.06547
215 0.0494772 0.911357 4.06547
215 -0.661209 0.201403 4.06547
215 0.100962 0.140692 4.06547
215 -0.855233 -0.308275 4.06547
215 -0.215089 -0.195839 4.06547
215 0.02376 -0.0896857 4.06547
215 0.0763433 -0.833913 4.06547
215 0.0226017 0.964675 4.06547
215 0.614009 -0.0490456 4.06547
215 0.640221 0.265936 4.06547
215 0.121409 0.841349 4.06547
215 -0.225637 0.17032 4.06547
215 0.542799 0.433378 4.06547
215 -0.0473598 -0.260044 4.06547
215 0.280615 0.398322 4.06547
215 -0.331644 -0.697704 4.06547
215 -0.463117 0.344424 4.06547
215 -0.658727 -0.389014 4.06547
215 0.906717 0.132616 4.06547
215 -0.0451643 0.394852 -2.21772
215 0.803286 -0.644113 4.06547
215 0.835416 0.377122 -2.21772
215 0.0165559 -0.97576 -2.21772
215 -0.65034 0.354626 4.06547
215 0.227892 -0.451179 4.06547
215 -0.148237 0.379801 4.06547
215 -0.800513 0.432106 4.06547
215 0.371782 0.593068 4.06547
215 -0.221483 0.925804 4.06547
215 0.404737 0.12608 4.06547
215 0.383143 -0.651737 4.06547
215 0.634191 -0.510709 4.06547
215 -0.931551 0.24251 4.06547
215 -0.668225 0.763468 -2.21772
215 0.87991 -0.425541 4.06547
215 0.054755 -0.62932 4.06547
215 0.7123 -0.162351 4.06547
215 -0.673548 0.25595 4.06547
215 -0.0321832 -0.656635 4.06547
215 0.493094 -0.157123 4.06547
215 0.165133 0.021805 4.06547
215 0.133627 -0.456726 -2.21772
215 -0.495216 -0.29666 4.06547
215 -0.503647 -0.696081 4.06547
215 -0.251085 -0.639532 4.06547
215 0.0875931 -0.539084 4.06547
215 0.814315 -0.535266 4.06547
215 0.260931 -0.869762 4.06547
215 0.410728 -0.875591 4.06547
215 -0.799629 -0.318843 -2.21772
215 0.109093 0.900115 4.06547
215 -0.0265034 0.16773 4.06547
215 0.219665 0.792804 4.06547
215 -0.339751 0.784582 4.06547
215 0.0756632 0.799594 -2.21772
215 -0.270877 -0.50043 4.06547
215 -0.547648 -0.266542 4.06547
215 0.0950482 0.281114 4.06547
215 -0.579108 -0.616747 4.06547
215 0.321329 0.9073 4.06547
215 0.875545 0.414636 4.06547
215 0.2115 -0.290661 4.06547
215 0.850786 0.153279 4.06547
215 0.161569 -0.130978 4.06547
215 0.54871 -0.304418 4.06547
215 0.761481 0.383749 4.06547
215 -0.180128 -0.38287 4.06547
215 -0.353742 -0.228836 4.06547
215 -0.311895 -0.306236 4.06547
215 0.387537 -0.143831 4.06547
215 -0.906839 0.464004 4.06547
215 0.668931 0.524724 4.06547
215 0.356085 0.45358 4.06547
215 -0.266034 0.356634 -2.21772
215 0.788403 -0.376771 4.06547
215 0.439461 -0.0595177 4.06547
215 -0.498742 -0.355065 4.06547
215 0.339796 -0.263991 4.06547
215 0.464524 -0.202386 4.06547
215 0.0900162 0.0264813 4.06547
215 0.567727 0.0398694 4.06547
215 -0.477109 -0.484844 4.06547
215 0.699654 0.125106 4.06547
215 0.108537 -0.642408 4.06547
215 0.438763 -0.550653 4.06547
215 -0.455041 0.908305 4.06547
215 -0.237511 0.566571 4.06547
215 -0.621545 -0.654982 4.06547
215 0.528451 0.00670565 4.06547
215 0.301915 0.447366 4.06547
215 0.434153 -0.746787 4.06547
215 -0.0954987 0.386702 4.06547
215 -0.368807 -0.330507 4.06547
215 -0.218644 -0.345538 4.06547
215 0.817816 -0.325485 -2.21772
215 -0.127214 0.0805474 4.06547
215 0.265274 -0.626443 4.06547
215 0.17029 0.20086 4.06547
215 0.966867 0.0471281 4.06547
215 -0.292713 0.547997 4.06547
215 -0.598642 -0.708085 4.06547
215 0.045022 -0.474205 4.06547
215 -0.260891 -0.0769957 -2.21772
215 -0.594506 0.0230797 4.06547
215 0.710659 -0.320748 4.06547
215 -0.820676 -0.260683 4.06547
215 0.441482 0.171509 4.06547
215 0.0526625 0.413501 4.06547
215 0.963366 0.108663 4.06547
215 0.218693 0.48954 -2.21772
215 -0.685732 0.605498 4.06547
215 -0.70043 -0.131575 4.06547
215 0.506406 0.277421 4.06547
215 0.485235 0.526674 4.06547
215 -0.024241 0.447023 4.06547
215 -0.531518 -0.058139 -2.21772
215 0.678607 0.353902 4.06547
215 -0.839373 0.569673 4.06547
215 -0.737844 -0.438885 -2.21772
215 -0.262051 -0.226185 4.06547
215 -0.144488 -0.06822 4.06547
215 -0.174272 -0.275986 4.06547
215 0.786531 -0.480957 -2.21772
215 0.557544 -0.451231 4.06547
215 -0.120737 -0.698602 4.06547
215 0.295045 0.540872 -2.21772
215 0.535162 -0.2553 4.06547
215 0.656252 -0.568212 -2.21772
215 -0.127798 0.765835 4.06547
215 0.488272 -0.535377 4.06547
215 0.0343307 -0.266667 4.06547
215 0.621861 -0.36044 4.06547
215 -0.259074 -0.175622 4.06547
215 -0.550927 0.416407 4.06547
215 -0.704997 -0.489315 4.06547
215 0.044462 0.270852 4.06547
215 -0.0496819 0.0282443 -2.21772
215 -0.659676 -0.293312 -2.21772
215 -0.305754 -0.80754 4.06547
215 -0.185339 -0.0554775 4.06547
215 -0.500434 -0.835305 4.06547
215 0.841559 0.464057 -2.21772
215 0.806771 0.618454 4.06547
215 -0.0891847 -0.283349 4.06547
215 -0.185056 -0.552779 4.06547
215 0.363594 0.269272 4.06547
215 0.557457 -0.789496 4.06547
215 0.271384 0.491912 4.06547
215 -0.236955 0.256161 4.06547
