910 0.0906467 0.353967 4.94157
910 -0.374659 -0.162341 4.94157
910 0.288567 -0.372324 -1.34161
910 -0.240894 -0.207358 4.94157
910 -0.339938 0.0679114 -1.34161
910 0.0267721 -0.118531 4.94157
910 0.0135704 0.18182 4.94157
910 -0.143493 -0.120264 4.94157
910 -0.0572016 0.25664 4.94157
910 -0.0488138 -0.0841197 4.94157
910 -0.24803 0.268315 4.94157
910 0.0911721 0.494412 4.94157
910 -0.096211 -0.392636 -1.34161
910 -0.275836 0.137534 4.94157
910 0.0687324 -0.243156 4.94157
910 -0.399479 -0.303831 4.94157
910 -0.244553 -0.0903762 4.94157
910 0.129739 -0.433253 -1.34161
910 0.175335 0.244274 4.94157
910 -0.073208 0.386753 4.94157
910 -0.226001 0.192965 4.94157
910 -0.319503 -0.460344 -1.34161
910 0.302751 -0.321883 -1.34161
910 -0.055132 -0.0270449 4.94157
910 0.102837 0.277085 4.94157
910 -0.0722727 0.441043 4.94157
910 -0.509607 -0.228724 4.94157
910 0.311727 0.231448 4.94157
910 0.00141847 -0.107212 4.94157
910 -0.165288 0.384018 4.94157
910 -0.199743 0.118315 4.94157
910 -0.314609 0.0176108 4.94157
910 -0.145093 -0.0922667 4.94157
910 0.282096 -0.487275 -1.34161
910 -0.0127461 0.562809 4.94157
910 -0.164355 -0.191587 4.94157
910 -0.196483 -0.0343916 4.94157
910 -0.104755 -0.516721 -1.34161
910 -0.444704 0.0482641 4.94157
910 -0.317616 0.313764 4.94157
910 -0.0942665 -0.117004 4.94157
910 -0.312774 -0.42451 4.94157
910 0.211027 0.340762 4.94157
910 -0.347643 -0.146221 4.94157
910 -0.350221 -0.316638 4.94157
910 -0.162583 -0.220232 4.94157
910 -0.451828 -0.145944 4.94157
910 -0.170616 -0.0788256 4.94157
910 0.124742 0.488177 4.94157
910 0.254729 -0.254283 4.94157
910 0.250299 0.473098 -1.34161
910 0.204591 0.239046 4.94157
910 0.158351 0.22153 4.94157
910 -0.431665 -0.167626 4.94157
910 -0.500783 -0.0730211 4.94157
910 0.357371 -0.391253 -1.34161
910 -0.0038069 0.133851 4.94157
910 -0.21399 0.068378 4.94157
910 0.0451027 -0.424856 -1.34161
910 0.205304 0.108054 4.94157
910 0.269748 -0.145755 4.94157
910 0.162837 -0.200217 -1.34161
910 -0.264866 -0.0149583 4.94157
910 -0.170971 -0.444997 -1.34161
910 0.519351 0.119939 -1.34161
910 0.045866 -0.260228 -1.34161
910 -0.29176 0.237406 4.94157
910 0.361955 0.388166 -1.34161
910 0.0768884 0.382678 -1.34161
910 -0.0839839 0.0133145 4.94157
910 0.00166125 0.360614 4.94157
910 0.530118 -0.0533452 -1.34161
910 0.494778 -0.189295 -1.34161
910 -0.346285 -0.44094 4.94157
910 0.12415 -0.265267 -1.34161
910 0.140794 -0.218601 -1.34161
910 -0.126948 -0.0194721 4.94157
910 -0.320921 -0.131939 4.94157
910 0.091244 -0.225782 -1.34161
910 0.279674 -0.342681 -1.34161
910 0.521918 0.212158 -1.34161
910 0.414661 -0.0631653 4.94157
910 -0.512275 -0.122434 4.94157
910 -0.0664889 -0.15706 4.94157
910 0.211492 -0.0336554 -1.34161
910 0.180182 -0.153294 4.94157
910 -0.263912 -0.251446 4.94157
910 -0.399765 -0.115401 -1.34161
910 0.405091 0.109172 4.94157
910 -0.0280351 0.360818 4.94157
910 0.237712 -0.143943 -1.34161
910 0.19738 -0.237974 -1.34161
910 -0.408011 0.305172 4.94157
910 0.0785631 -0.300479 -1.34161
910 0.298503 0.367651 4.94157
910 -0.281447 0.386571 4.94157
910 0.145035 0.426276 4.94157
910 0.252178 -0.493151 -1.34161
910 -0.510582 0.15007 -1.34161
910 0.262049 -0.0402348 4.94157
910 0.0359443 -0.364046 -1.34161
910 0.219763 -0.218231 4.94157
910 -0.0288046 0.256985 4.94157
910 0.384077 -0.228598 -1.34161
910 -0.0578284 0.308314 4.94157
910 -0.305319 0.368437 4.94157
910 0.0699542 -0.405997 -1.34161
910 0.305445 -0.433649 -1.34161
910 0.286747 0.0928081 4.94157
910 0.249295 0.0631376 -1.34161
910 0.296625 -0.0900663 4.94157
910 0.0575584 0.254679 4.94157
910 0.275279 -0.232471 -1.34161
910 -0.320397 -0.102155 4.94157
910 0.21814 -0.0894015 4.94157
910 0.433764 0.0309111 -1.34161
910 0.377007 -0.174864 -1.34161
910 0.282934 0.0148937 4.94157
910 -0.115875 -0.160931 4.94157
910 -0.000819296 0.206301 4.94157
910 -0.229858 -0.512552 4.94157
910 0.0206903 0.443087 -1.34161
910 -0.0815332 0.558012 4.94157
910 0.38799 0.134458 -1.34161
910 0.375655 -0.0242991 4.94157
910 0.270942 -0.198441 -1.34161
910 0.151625 0.068327 -1.34161
910 0.108114 0.150421 4.94157
910 0.138989 0.149281 4.94157
910 0.0471082 0.385565 4.94157
910 -0.00856569 -0.0221063 4.94157
910 0.0735036 -0.27173 4.94157
910 0.158232 0.479371 4.94157
910 -0.544803 0.141715 4.94157
910 0.530564 0.0531258 -1.34161
910 0.0185921 -0.248665 -1.34161
910 0.177068 0.414099 4.94157
910 0.063725 0.41193 4.94157
910 -0.0775463 -0.315443 -1.34161
910 -0.138209 0.0345285 4.94157
910 0.321227 0.345853 4.94157
910 0.352252 -0.225744 -1.34161
910 0.0650771 -0.376033 4.94157
910 -0.320155 -0.191837 4.94157
910 0.110309 -0.48385 -1.34161
910 0.124324 -0.401646 -1.34161
910 -0.398078 -0.209809 4.94157
910 -0.099288 -0.361975 -1.34161
910 -0.416006 0.0579361 4.94157
910 -0.0931436 0.526353 4.94157
910 0.316656 -0.0332789 4.94157
910 0.448364 -0.226839 -1.34161
910 0.086766 0.252949 4.94157
910 0.397635 -0.121506 -1.34161
910 0.00354397 0.415274 4.94157
910 -0.220964 0.51819 4.94157
910 -0.394594 0.112786 4.94157
910 0.294635 -0.211955 -1.34161
910 -0.336658 0.377494 4.94157
910 -0.10527 -0.303463 4.94157
910 0.100147 -0.123154 4.94157
910 0.134681 0.457157 4.94157
910 -0.347501 0.176498 4.94157
910 -0.123183 0.17828 -1.34161
910 -0.498799 -0.258283 4.94157
910 0.149161 0.510874 4.94157
910 0.43489 0.113011 4.94157
910 0.190967 0.468892 4.94157
910 0.381677 -0.368184 -1.34161
910 -0.354228 0.227101 4.94157
910 0.50281 -0.0337745 -1.34161
910 -0.0986847 0.229953 4.94157
910 0.0336766 0.414227 4.94157
910 0.019934 -0.0619212 4.94157
910 0.438023 0.195068 4.94157
910 0.000578514 0.308028 4.94157
910 -0.2579 -0.426673 4.94157
910 -0.00753135 0.501658 4.94157
910 0.180377 0.294011 4.94157
910 -0.0699222 0.178364 4.94157
910 0.257007 0.0897326 4.94157
910 -0.0962181 0.126003 4.94157
910 -0.0434262 -0.140681 4.94157
910 -0.188505 0.531765 4.94157
910 0.0856345 -0.010773 4.94157
910 0.255822 0.0117766 4.94157
910 -0.109644 -0.245899 4.94157
910 -0.0767227 -0.0437607 4.94157
910 0.22654 -0.245986 -1.34161
910 -0.294527 -0.147497 4.94157
910 0.0242902 0.095205 4.94157
910 0.195731 0.190724 4.94157
910 0.373512 -0.105082 -1.34161
910 -0.221876 0.324211 4.94157
910 0.365048 0.0766914 4.94157
910 0.246948 -0.0687752 4.94157
910 -0.212937 0.0122382 4.94157
910 0.149373 0.0953713 4.94157
910 0.522403 -0.204577 -1.34161
910 0.0696911 0.179775 4.94157
910 0.132236 0.274618 4.94157
910 0.123977 0.403472 4.94157
910 -0.136181 -0.233321 4.94157
910 -0.00104724 -0.293856 -1.34161
910 -0.139464 0.202897 4.94157
910 0.357866 -0.00125127 4.94157
910 -0.0194161 0.062773 4.94157
910 -0.037944 -0.197029 4.94157
910 -0.330261 0.287214 4.94157
910 0.0741795 -0.436636 -1.34161
910 0.183894 0.501031 -1.34161
910 0.0795066 0.0451057 4.94157
910 0.339925 -0.188442 4.94157
910 -0.563031 -0.00149045 4.94157
910 0.320696 -0.163159 -1.34161
910 0.0703719 0.12803 4.94157
910 0.0600796 -0.346606 -1.34161
910 -0.171947 -0.0505548 4.94157
910 -0.152474 0.413011 4.94157
910 0.416606 -0.376341 -1.34161
910 0.40679 -0.0932878 4.94157
910 0.153017 -0.143798 4.94157
910 0.372298 0.0238169 -1.34161
910 0.02978 0.306989 -1.34161
910 -0.0804013 -0.286712 4.94157
910 -0.200843 -0.460964 4.94157
910 0.544243 0.143672 -1.34161
910 0.310924 0.470226 -1.34161
910 -0.447805 -0.047094 4.94157
910 -0.531018 0.0493194 4.94157
910 0.0233471 -0.0902228 4.94157
910 -0.287772 -0.442717 4.94157
910 0.033833 -0.175126 4.94157
910 -0.0700076 0.0866867 4.94157
910 0.401711 0.163273 4.94157
910 -0.347492 -0.206543 -1.34161
910 -0.374955 -0.229322 4.94157
910 0.130778 -0.161825 -1.34161
910 0.269163 -0.0129869 4.94157
910 0.0962205 -0.254337 -1.34161
910 -0.368892 -0.04001 4.94157
910 -0.130657 -0.320319 4.94157
910 0.21417 0.521435 4.94157
910 -0.0250996 -0.310633 -1.34161
910 0.0312413 0.359481 4.94157
910 -0.0269015 0.121032 4.94157
910 0.249481 0.298069 4.94157
910 0.278007 -0.455773 -1.34161
910 0.402564 0.0268707 -1.34161
910 0.453229 0.139231 -1.34161
910 0.104692 -0.45135 -1.34161
910 0.101698 0.0626264 -1.34161
910 0.375199 0.105078 4.94157
910 -0.486483 0.125805 4.94157
910 -0.0409672 0.0462054 4.94157
910 -0.499868 0.18173 4.94157
910 0.36984 0.158553 4.94157
910 -0.341975 -0.0259809 4.94157
910 -0.314268 0.0475752 4.94157
910 0.0349028 0.0113139 4.94157
910 -0.265376 0.163816 4.94157
910 -0.179974 0.173213 4.94157
910 -0.192226 -0.149349 4.94157
910 0.191919 -0.458798 -1.34161
910 -0.268858 -0.0742079 4.94157
910 0.122542 0.103331 4.94157
910 -0.114587 0.0511647 4.94157
910 -0.452121 0.337963 4.94157
910 0.0202211 0.123545 4.94157
910 -0.127789 -0.349391 -1.34161
910 -0.105323 0.495368 4.94157
910 0.050922 -0.492154 -1.34161
910 0.403041 0.249517 4.94157
910 -0.0426211 0.387448 4.94157
910 -0.396761 -0.0540272 4.94157
910 0.0551441 -0.31757 -1.34161
910 -0.45677 -0.191587 4.94157
910 0.0199981 -0.503346 4.94157
910 0.175065 -0.257118 4.94157
910 -0.47376 0.03859 4.94157
910 -0.118404 0.359615 4.94157
910 0.474758 -0.0155426 -1.34161
910 0.0388216 0.470951 4.94157
910 0.0705373 0.468221 4.94157
910 -0.558555 0.0711863 4.94157
910 0.0315616 0.0393332 4.94157
910 0.20025 0.080202 4.94157
910 -0.26293 0.04289 4.94157
910 -0.238103 0.0270806 4.94157
910 0.225218 -0.35527 -1.34161
910 0.4708 0.251115 -1.34161
910 0.0865858 -0.197337 4.94157
910 0.00294545 -0.322591 -1.34161
910 -0.0587756 0.529598 4.94157
910 -0.168936 0.101122 4.94157
910 0.464417 -0.255874 -1.34161
910 0.193325 0.135024 4.94157
910 0.166837 0.14281 4.94157
910 0.263118 0.0385476 4.94157
910 -0.159355 -0.278352 4.94157
910 -0.373556 -0.289548 4.94157
910 -0.209226 0.169787 4.94157
910 -0.148963 -0.397191 -1.34161
910 -0.195922 -0.0638406 4.94157
910 0.202269 -0.375561 -1.34161
910 -0.0247624 0.531251 4.94157
910 0.202059 0.0484749 4.94157
910 0.49852 -0.0663173 -1.34161
910 0.478716 -0.292802 -1.34161
910 0.265513 0.360259 4.94157
910 -0.185017 0.224195 4.94157
910 0.146483 -0.247201 -1.34161
910 -0.339317 0.0359674 4.94157
910 -0.0712466 -0.100725 4.94157
910 0.232904 -0.275242 -1.34161
910 -0.533152 0.0145154 4.94157
910 -0.318496 -0.221786 4.94157
910 -0.410752 -0.337027 4.94157
910 0.478939 0.0163545 -1.34161
910 0.140237 0.197939 4.94157
910 0.0781498 -0.140648 4.94157
910 -0.117534 0.0787848 4.94157
910 -0.0410066 0.442747 4.94157
910 0.322312 0.0457732 4.94157
910 -0.142969 0.25344 4.94157
910 0.196028 -0.526683 4.94157
910 0.0196611 -0.441767 -1.34161
910 -0.388136 0.141839 4.94157
910 0.0560945 -0.157991 4.94157
910 0.42999 -0.199152 -1.34161
910 -0.374761 -0.132033 4.94157
910 0.189779 -0.0522705 4.94157
910 -0.267028 -0.192346 4.94157
910 0.304061 -0.061958 -1.34161
910 0.0850654 0.556077 4.94157
910 0.40876 0.191613 4.94157
910 -0.273007 0.21382 4.94157
910 0.230031 0.00995303 4.94157
910 0.324224 -0.0865285 4.94157
910 -0.261797 -0.496651 4.94157
910 -0.530581 -0.0560258 4.94157
910 -0.00142129 0.158845 4.94157
910 0.229806 0.318343 4.94157
910 -0.132428 -0.291092 4.94157
910 0.467191 -0.0764462 -1.34161
910 -0.162839 -0.537981 4.94157
910 -0.105464 0.153958 4.94157
910 -0.293946 -0.177226 4.94157
910 -0.30619 -0.391881 4.94157
910 0.0600499 -0.186328 4.94157
910 0.182704 0.347309 4.94157
910 0.299596 -0.143433 4.94157
910 0.236153 -0.043 4.94157
910 -0.187826 0.0277832 4.94157
910 -0.187946 0.00012521 4.94157
910 -0.165524 -0.505969 4.94157
910 -0.399624 0.194543 4.94157
910 -0.172067 0.250988 4.94157
910 -0.357855 0.147723 4.94157
910 0.0382416 -0.0167698 -1.34161
910 -0.321947 -0.253213 4.94157
910 -0.190776 -0.17792 4.94157
910 0.506924 0.245216 -1.34161
910 -0.123648 -0.0482639 4.94157
910 0.258667 0.328746 4.94157
910 0.0784965 0.524918 4.94157
910 0.148826 -0.116145 4.94157
910 -0.0371835 0.0179602 4.94157
910 0.227804 -0.512926 -1.34161
910 -0.161994 0.149831 4.94157
910 0.0157717 0.333662 4.94157
910 -0.373326 0.251073 4.94157
910 0.412595 0.381542 -1.34161
910 -0.0237629 -0.0957402 4.94157
910 -0.440795 0.306127 4.94157
910 -0.0574016 0.414187 4.94157
910 0.154298 -0.413236 -1.34161
910 -0.120432 0.464809 -1.34161
910 0.494494 0.0970375 -1.34161
910 -0.503305 0.0279351 4.94157
910 -0.0116818 -0.208724 4.94157
910 -0.186023 -0.265064 4.94157
910 -0.0587689 -0.241678 4.94157
910 0.156792 0.0131069 4.94157
910 0.371803 0.24404 4.94157
910 -0.263651 0.0138468 4.94157
910 0.379535 -0.283285 -1.34161
910 0.128868 0.224203 4.94157
910 0.170584 -0.0984073 4.94157
910 -0.0431458 0.282567 4.94157
910 -0.0125229 0.387795 4.94157
910 0.0988468 0.091374 4.94157
910 0.10785 0.00648255 4.94157
910 0.0226149 -0.277126 -1.34161
910 0.0823822 0.151259 4.94157
910 0.450717 0.0078135 4.94157
910 -0.387777 -0.361416 4.94157
910 0.207394 -0.161919 4.94157
910 0.167072 0.322149 4.94157
910 0.263899 -0.393921 -1.34161
910 0.13558 -0.190123 -1.34161
910 -0.135978 0.153709 4.94157
910 -0.342655 -0.286374 4.94157
910 -0.140901 -0.46684 -1.34161
910 -0.253454 0.503779 4.94157
910 -0.289239 -0.298648 4.94157
910 -0.0316158 -0.526051 -1.34161
910 0.453371 0.332163 -1.34161
910 -0.503316 -0.0384955 4.94157
910 -0.196496 -0.526155 -1.34161
910 0.416093 -0.228579 -1.34161
910 -0.00482589 -0.265355 4.94157
910 -0.25433 0.190152 4.94157
910 0.281965 0.22498 4.94157
910 -0.284069 0.451695 4.94157
910 0.0841767 0.203666 4.94157
910 -0.0178576 -0.152294 4.94157
910 0.471407 -0.0457614 -1.34161
910 0.516936 -0.121704 -1.34161
910 -0.38744 -0.258989 4.94157
910 0.437151 0.165629 4.94157
910 -0.00836092 -0.236998 4.94157
910 0.089032 0.302733 4.94157
910 0.506093 -0.000941823 -1.34161
910 0.495195 -0.263683 4.94157
910 0.148593 0.542864 -1.34161
910 -0.374894 0.421427 4.94157
910 -0.0947073 0.097513 4.94157
910 -0.293365 -0.237608 4.94157
910 -0.474205 0.306031 -1.34161
910 -0.066499 0.0581721 4.94157
910 -0.394052 0.363809 4.94157
910 -0.299619 -0.360272 4.94157
910 0.280819 0.143683 4.94157
910 0.385854 0.363293 -1.34161
910 -0.440503 0.245943 4.94157
910 0.446412 -0.287271 -1.34161
910 0.0173406 0.387245 4.94157
910 -0.310678 0.261675 4.94157
910 0.0635162 -0.0279354 4.94157
910 0.563203 -6.65475e-05 -1.34161
910 0.280161 0.489745 -1.34161
910 0.341484 0.237982 4.94157
910 0.375665 0.331039 4.94157
910 -0.231227 -0.478554 -1.34161
910 -0.345433 -0.0861943 4.94157
910 0.316207 0.096778 4.94157
910 0.4904 0.276703 -1.34161
910 -0.194968 0.465061 4.94157
910 0.0602461 5.57568e-06 4.94157
910 -0.477109 -0.219177 4.94157
910 -0.378425 -0.3273 4.94157
910 0.104795 0.0343645 -1.34161
910 -0.561663 -0.0379129 4.94157
910 -0.0356233 -0.446319 -1.34161
910 0.404827 -0.343409 -1.34161
910 -0.224085 0.48386 4.94157
910 -0.000127155 0.256915 4.94157
910 0.136103 -0.323079 -1.34161
910 -0.317183 -0.04227 4.94157
910 0.509766 0.153072 -1.34161
910 0.0112605 -0.192033 4.94157
910 0.168501 0.195175 4.94157
910 0.178797 -0.394982 -1.34161
910 -0.307592 0.133323 4.94157
910 -0.211034 -0.311598 4.94157
910 -0.34184 0.0959321 4.94157
910 0.0530667 0.559992 4.94157
910 0.152675 -0.2758 -1.34161
910 -0.119643 -0.104826 4.94157
910 -0.174163 -0.413166 4.94157
910 0.271236 -0.424579 -1.34161
910 0.124633 0.173923 4.94157
910 0.0822988 0.43819 4.94157
910 -0.0562902 0.204539 4.94157
910 -0.311533 0.400892 4.94157
910 -0.315668 0.181607 4.94157
910 -0.120602 0.105809 4.94157
910 0.113815 0.518965 4.94157
910 0.15377 0.0411315 4.94157
910 0.309417 -0.188944 4.94157
910 0.130056 -0.294008 -1.34161
910 0.25608 -0.363763 -1.34161
910 0.345621 0.10084 4.94157
910 -0.102508 0.333538 4.94157
910 -0.042957 0.231226 4.94157
910 0.00251289 -0.530558 -1.34161
910 -0.184108 0.409416 4.94157
910 0.339472 0.153616 4.94157
910 -0.0301592 -0.0388586 4.94157
910 -0.00579777 -0.561531 4.94157
910 -0.432424 0.190114 4.94157
910 -0.0136091 -0.398995 -1.34161
910 0.247988 -0.334035 -1.34161
910 0.390407 0.218418 4.94157
910 -0.0953245 0.178001 4.94157
910 0.362861 -0.133143 -1.34161
910 0.454617 0.223246 4.94157
910 -0.0233511 0.0912713 4.94157
910 -0.0156329 0.0345219 4.94157
910 0.176191 0.376566 4.94157
910 0.218134 0.264804 4.94157
910 0.302419 0.2019 4.94157
910 0.382952 -0.0764327 -1.34161
910 -0.0286509 -0.282003 4.94157
910 -0.430501 0.110194 4.94157
910 0.04365 0.280587 4.94157
910 -0.19491 -0.0924756 4.94157
910 -0.126971 0.228835 4.94157
910 0.242182 -0.197089 -1.34161
910 -0.0725025 0.498725 4.94157
910 -0.189709 0.0856638 4.94157
910 0.280175 0.307209 4.94157
910 0.492478 -0.0988217 -1.34161
910 0.320311 0.177537 4.94157
910 0.0285661 0.255959 4.94157
910 0.137029 -0.0320791 4.94157
910 -0.138796 0.488301 4.94157
910 -0.0285921 0.308374 -1.34161
910 -0.291748 -0.479046 -1.34161
910 -0.157855 -0.307766 4.94157
910 -0.117816 -0.132879 4.94157
910 -0.289681 0.000436583 4.94157
910 -0.0877072 -0.201379 4.94157
910 -0.50018 0.0611251 4.94157
910 0.0302411 -0.146831 4.94157
910 0.0706034 -0.0842082 4.94157
910 -0.442417 0.160785 4.94157
910 0.0822286 -0.168965 4.94157
910 0.204043 -0.266308 -1.34161
910 -0.28541 0.486472 4.94157
910 -0.00555657 -0.462315 -1.34161
910 0.247448 0.50704 -1.34161
910 0.112165 0.200503 4.94157
910 0.292698 0.254483 4.94157
910 0.149722 0.121547 -1.34161
910 -0.482012 -0.13236 4.94157
910 0.22246 0.454547 4.94157
910 0.0246809 0.153999 4.94157
910 -0.168594 0.20064 4.94157
910 -0.244073 -0.0605037 4.94157
910 0.561847 0.0370604 4.94157
910 -0.541753 -0.139073 4.94157
910 0.0709133 0.228877 4.94157
910 0.155027 0.396035 -1.34161
910 -0.314422 -0.280604 4.94157
910 0.269795 -0.0930645 -1.34161
910 -0.31871 -0.0720645 4.94157
910 0.33663 0.411699 -1.34161
910 0.533659 -0.173716 -1.34161
910 -0.0448151 0.0743674 4.94157
910 0.474289 -0.163516 -1.34161
910 -0.128243 0.52033 4.94157
910 0.197047 0.315659 4.94157
910 -0.131756 -0.540551 4.94157
910 -0.087615 0.468173 4.94157
910 -0.121816 0.414383 4.94157
910 -0.345718 -0.235186 4.94157
910 -0.418753 0.136651 4.94157
910 -0.371028 -0.0703559 4.94157
910 -0.398871 -0.0844811 4.94157
910 -0.279352 0.26495 4.94157
910 0.00462543 -0.135514 4.94157
910 -0.0854897 0.255913 -1.34161
910 -0.327667 0.154488 4.94157
910 0.0268779 -0.30578 -1.34161
910 -0.360837 0.352895 4.94157
910 -0.138065 -0.204759 4.94157
910 0.166783 0.447355 4.94157
910 0.175502 0.0877815 4.94157
910 0.133526 -0.00440318 4.94157
910 0.238919 0.113227 -1.34161
910 -0.16616 -0.163263 4.94157
910 -0.112865 -0.480747 -1.34161
910 -0.069371 -0.556711 -1.34161
910 0.234083 0.23957 4.94157
910 0.27385 0.38808 4.94157
910 -0.494487 0.0939098 4.94157
910 0.280064 0.421334 4.94157
910 -0.00516159 -0.0504774 4.94157
910 0.130799 0.0230638 4.94157
910 0.0824363 0.017176 4.94157
910 -0.425494 -0.0678976 4.94157
910 -0.493751 -0.190871 4.94157
910 -0.0652407 -0.435979 -1.34161
910 -0.17417 -0.0215545 4.94157
910 -0.402964 -0.147997 4.94157
910 -0.0335905 -0.0104165 4.94157
910 -0.141813 -0.148306 4.94157
910 -0.139865 0.442695 4.94157
910 0.205363 -0.136036 4.94157
910 -0.121475 -0.0766833 4.94157
910 -0.387654 0.0695136 4.94157
910 0.433604 0.357425 -1.34161
910 -0.201141 -0.429441 -1.34161
910 0.209582 -0.406879 -1.34161
910 -0.21379 -0.221498 4.94157
910 -0.455082 -0.082137 4.94157
910 0.310232 0.434273 -1.34161
910 0.116082 0.250778 4.94157
910 -0.287736 0.0580622 4.94157
910 -0.104546 0.387124 4.94157
910 -0.170091 0.440152 4.94157
910 -0.100745 0.281305 -1.34161
910 -0.169461 -0.475768 -1.34161
910 0.0669686 -0.0560478 4.94157
910 -0.232313 0.116071 4.94157
910 -0.389827 0.038903 4.94157
910 -0.101702 -0.0317651 4.94157
910 0.148349 -0.38267 -1.34161
910 -0.366288 -0.00890159 4.94157
910 -0.439467 0.07987 4.94157
910 -0.292594 -0.206915 4.94157
910 0.292528 0.042077 4.94157
910 0.179023 0.031215 4.94157
910 0.227477 0.0897561 4.94157
910 -0.134902 -0.503625 4.94157
910 -0.392449 0.275946 4.94157
910 -0.0743544 -0.34455 -1.34161
910 -0.118553 -0.445044 -1.34161
910 0.345299 -0.0289768 4.94157
910 -0.343776 -0.0561564 4.94157
910 -0.42157 -0.371111 4.94157
910 -0.0120479 0.00623465 4.94157
910 0.412154 0.0559092 4.94157
910 0.426529 -0.316506 -1.34161
910 -0.434195 -0.253458 -1.34161
910 0.461062 -0.108121 -1.34161
910 -0.219348 -0.105991 4.94157
910 -0.237627 -0.266948 4.94157
910 0.452259 -0.139025 -1.34161
910 0.332961 0.292762 4.94157
910 -0.121099 -0.411188 -1.34161
910 0.10427 -0.151386 -1.34161
910 -0.238071 -0.32917 4.94157
910 0.392424 -0.40123 -1.34161
910 -0.0100915 0.443517 4.94157
910 -0.113846 -0.189095 4.94157
910 -0.0711567 -0.374334 -1.34161
910 -0.0495706 -0.327358 -1.34161
910 -0.484756 -0.0994363 4.94157
910 -0.0319463 -0.253573 4.94157
910 0.0642529 -0.214706 4.94157
910 0.23774 0.352152 4.94157
910 -0.0509096 -0.501611 -1.34161
910 -0.22684 0.45016 4.94157
910 0.177653 0.0599811 4.94157
910 0.149933 0.298334 4.94157
910 0.217884 0.488114 4.94157
910 -0.140003 0.062451 4.94157
910 0.180933 0.16619 4.94157
910 0.552166 0.108586 -1.34161
910 -0.235824 0.297251 4.94157
910 0.0313374 -0.334717 -1.34161
910 -0.111767 -0.217413 4.94157
910 -0.159076 0.27811 4.94157
910 0.16859 -0.22877 -1.34161
910 0.0615121 -0.558413 -1.34161
910 0.0514581 0.441339 -1.34161
910 -0.00166079 0.106131 -1.34161
910 0.0947131 -0.388889 -1.34161
910 -0.37257 -0.100813 4.94157
910 0.302763 0.285266 -1.34161
910 0.0113169 -0.381084 -1.34161
910 0.251924 0.218277 4.94157
910 -0.244019 -0.119669 4.94157
910 0.395836 0.0808092 4.94157
910 0.048707 -0.101401 4.94157
910 -0.313 0.0763681 4.94157
910 -0.132207 0.332192 4.94157
910 -0.464394 -0.316049 4.94157
910 0.0724314 -0.526829 -1.34161
910 -0.153766 0.542933 4.94157
910 0.119885 0.301261 4.94157
910 -0.0155393 0.181078 4.94157
910 -0.340621 0.255391 4.94157
910 -0.426555 -0.130568 4.94157
910 -0.45323 0.132577 4.94157
910 -0.0919879 0.0691545 4.94157
910 -0.0399834 0.500859 4.94157
910 0.142222 -0.352626 -1.34161
910 -0.284527 0.186527 4.94157
910 -0.193668 -0.120921 4.94157
910 0.223042 0.418711 4.94157
910 0.0130815 -0.00541631 4.94157
910 0.365902 -0.200821 -1.34161
910 0.298448 0.120338 4.94157
910 -0.355831 -0.350781 4.94157
910 -0.145871 0.305236 4.94157
910 -0.503945 -0.00515795 4.94157
910 -0.00183033 -0.0788559 4.94157
910 0.252041 0.138415 4.94157
910 0.20695 0.159291 -1.34161
910 -0.218394 0.272577 4.94157
910 -0.148768 -0.0357854 4.94157
910 0.140104 -0.0598849 4.94157
910 0.233157 -0.169773 4.94157
910 0.391364 -0.00156872 4.94157
910 0.0937625 0.408341 4.94157
910 0.0406095 -0.393968 -1.34161
910 0.269227 0.115706 4.94157
910 -0.0557749 0.470615 4.94157
910 0.305501 0.0694086 4.94157
910 0.480627 -0.222899 -1.34161
910 -0.465508 0.186071 4.94157
910 -0.474812 -0.0592503 4.94157
910 -0.387219 0.223024 -1.34161
910 -0.071927 0.282152 4.94157
910 -0.393211 -0.0224924 4.94157
910 -0.255206 0.373455 4.94157
910 -0.252917 0.434829 4.94157
910 0.500493 0.185222 -1.34161
910 0.20713 0.369919 4.94157
910 -0.219929 -0.0471849 -1.34161
910 0.441202 -0.0521332 -1.34161
910 -0.201278 0.433701 4.94157
910 0.0960467 0.121062 4.94157
910 0.0146472 0.281938 4.94157
910 -0.0789996 0.14785 4.94157
910 0.220928 0.184979 4.94157
910 -0.238412 0.0561162 4.94157
910 -0.0884108 0.360467 4.94157
910 -0.505628 -0.156767 4.94157
910 0.0220783 -0.473697 -1.34161
910 0.00928657 0.531076 4.94157
910 -0.043156 0.334377 4.94157
910 0.327485 -0.00524559 4.94157
910 -0.261086 0.241166 4.94157
910 0.217816 -0.325064 -1.34161
910 -0.0136273 0.334339 -1.34161
910 -0.0412218 0.180044 4.94157
910 -0.147158 0.12168 4.94157
910 0.0962713 -0.0950493 4.94157
910 -0.00954759 -0.42982 -1.34161
910 -0.111149 0.203791 4.94157
910 -0.358503 0.279842 4.94157
910 0.0766992 0.0730935 4.94157
910 0.484511 -0.131402 -1.34161
910 0.0540132 0.0553421 4.94157
910 -0.401733 0.396408 4.94157
910 -0.124256 -0.379439 -1.34161
910 0.40955 -0.172851 -1.34161
910 -0.219201 0.140945 4.94157
910 -0.524512 -0.200647 4.94157
910 -0.0870276 0.307766 4.94157
910 -0.285671 0.0867022 4.94157
910 -0.104483 0.439003 4.94157
910 -0.4738 -0.166196 4.94157
910 0.00965594 0.0227104 4.94157
910 0.305379 0.399985 4.94157
910 0.198372 -0.491585 -1.34161
910 -0.197003 0.196608 4.94157
910 0.474853 0.160847 -1.34161
910 -0.289283 -0.266071 4.94157
910 -0.0242209 0.472039 4.94157
910 0.0155818 -0.411039 4.94157
910 -0.218261 -0.134806 4.94157
910 0.00616661 0.0507006 4.94157
910 -0.255174 0.469262 4.94157
910 -0.348726 0.317842 4.94157
910 -0.236887 0.16445 4.94157
910 -0.43109 -0.309064 4.94157
910 -0.420536 0.219093 4.94157
910 -0.139965 -0.176426 4.94157
910 -0.187362 -0.235627 4.94157
910 -0.336707 0.125427 4.94157
910 0.0838657 -0.329474 -1.34161
910 0.533858 0.0175941 -1.34161
910 0.185628 -0.426361 -1.34161
910 -0.519551 0.117374 4.94157
910 0.0148166 -0.220318 4.94157
910 -0.523968 -0.0926686 4.94157
910 -0.268297 -0.162929 4.94157
910 -0.230005 -0.412614 4.94157
910 0.248971 -0.223962 4.94157
910 -0.44874 -0.281917 4.94157
910 0.334132 -0.24888 -1.34161
910 -0.262268 0.0731949 4.94157
910 -0.467125 -0.250805 4.94157
910 0.0892878 -0.358883 -1.34161
910 -0.0682167 -0.404878 -1.34161
910 0.29284 -0.2924 -1.34161
910 -0.23742 -0.297984 4.94157
910 -0.462744 0.102475 4.94157
910 -0.347233 -0.116486 4.94157
910 0.136681 -0.504012 -1.34161
910 0.358361 -0.307375 -1.34161
910 0.137147 0.32553 4.94157
910 0.0205043 0.562291 -1.34161
910 0.185059 -0.0241826 -1.34161
910 0.0742873 0.100983 4.94157
910 -0.294884 -0.117904 4.94157
910 -0.156744 -0.337402 4.94157
910 0.387612 -0.14854 -1.34161
910 0.159539 -0.0141444 4.94157
910 -0.340194 0.00477226 4.94157
910 -0.220104 -0.0769614 4.94157
910 0.101531 -0.283036 -1.34161
910 -0.319161 -0.311232 4.94157
910 0.11349 -0.208101 4.94157
910 0.0137378 0.231267 4.94157
910 0.312761 -0.351444 -1.34161
910 -0.0427094 -0.386113 -1.34161
910 0.0436444 0.528944 4.94157
910 0.220233 0.213345 4.94157
910 -0.205004 0.299721 4.94157
910 0.412992 -0.286182 -1.34161
910 -0.0836143 0.204584 4.94157
910 -0.368165 0.386849 4.94157
910 0.0608429 0.357254 4.94157
910 0.0475878 0.108667 4.94157
910 -0.211234 -0.341872 4.94157
910 -0.160928 -0.249173 4.94157
910 0.158994 -0.304752 -1.34161
910 0.0967038 -0.552841 -1.34161
910 -0.0625005 0.0298787 4.94157
910 0.216749 -0.43963 -1.34161
910 -0.31602 0.46727 4.94157
910 -0.184116 -0.354212 4.94157
910 0.0888659 -0.03877 4.94157
910 0.351632 -0.160767 -1.34161
910 0.243494 -0.0957883 4.94157
910 -0.0711659 -0.525363 -1.34161
910 -0.251469 0.404656 4.94157
910 0.298183 -0.00932331 4.94157
910 -0.561988 0.0349643 4.94157
910 -0.0899736 -0.173197 4.94157
910 0.325267 -0.215688 -1.34161
910 -0.082922 -0.258108 4.94157
910 -0.346267 0.445515 4.94157
910 -0.273132 -0.376242 4.94157
910 0.336081 -0.330027 -1.34161
910 0.0424572 0.230387 4.94157
910 -0.238847 -0.00134871 4.94157
910 0.154219 0.351011 4.94157
910 0.504305 0.0344922 -1.34161
910 0.399052 -0.25698 -1.34161
910 0.161449 0.270975 4.94157
910 -0.230676 0.244487 4.94157
910 0.330123 0.378081 -1.34161
910 -0.0278996 0.1512 4.94157
910 0.340277 -0.446088 4.94157
910 0.19514 -0.345035 -1.34161
910 -0.474279 0.243867 4.94157
910 -0.27273 0.349332 4.94157
910 -0.409599 -0.236469 4.94157
910 -0.102512 -0.332424 4.94157
910 -0.34274 0.41133 4.94157
910 -0.201528 0.248146 4.94157
910 0.391281 -0.0472377 4.94157
910 0.118667 -0.371033 -1.34161
910 0.112885 -0.341191 -1.34161
910 -0.260996 -0.46156 -1.34161
910 0.312734 -0.115357 -1.34161
910 0.34938 0.18275 -1.34161
910 0.280783 0.454851 -1.34161
910 0.343202 0.323342 4.94157
910 0.297147 -0.402532 -1.34161
910 -0.199539 -0.493232 -1.34161
910 -0.110096 0.0245537 4.94157
910 0.153708 0.171629 4.94157
910 -0.18843 0.275251 4.94157
910 -0.0705824 0.230393 4.94157
910 -0.230752 -0.44555 4.94157
910 -0.246039 -0.389274 4.94157
910 -0.0559609 -0.270082 4.94157
910 -0.0614536 -0.213394 4.94157
910 0.284416 -0.262016 -1.34161
910 -0.282438 0.41886 4.94157
910 -0.184877 -0.2947 4.94157
910 0.127656 0.0502941 4.94157
910 -0.143517 0.0917106 4.94157
910 -0.474959 -0.0258171 4.94157
910 0.273492 0.277442 -1.34161
910 0.209603 -0.00749344 4.94157
910 -0.19203 0.328327 4.94157
910 -0.0542216 0.156655 4.94157
910 -0.183968 -0.324466 4.94157
910 0.413045 -0.028435 -1.34161
910 -0.164945 0.0723011 4.94157
910 -0.0688763 -0.128926 4.94157
910 0.331702 -0.137095 -1.34161
910 -0.427999 0.368272 -1.34161
910 0.419402 0.139644 4.94157
910 0.137762 0.373959 4.94157
910 0.557628 -0.0732779 -1.34161
910 -0.178895 -0.382158 -1.34161
910 0.167821 -0.506365 -1.34161
910 -0.169249 -0.106929 4.94157
910 -0.325437 -0.341137 4.94157
910 -0.0407356 -0.168852 4.94157
910 0.0998748 -0.419703 -1.34161
910 -0.269442 -0.104047 4.94157
910 -0.534825 -0.170264 4.94157
910 0.235202 0.382112 -1.34161
910 -0.0586776 0.00147126 -1.34161
910 0.202281 0.397818 4.94157
910 0.18108 0.533498 4.94157
910 0.342987 -0.109998 -1.34161
910 0.331945 -0.41285 -1.34161
910 -0.0888032 0.412973 4.94157
910 0.197682 -0.108695 4.94157
910 0.233602 0.0369903 4.94157
910 0.23517 0.15991 4.94157
910 -0.216904 -0.163587 4.94157
910 0.122311 -0.105681 4.94157
910 -0.122546 0.131813 4.94157
910 -0.241817 -0.177912 4.94157
910 -0.39761 -0.396031 4.94157
910 -0.295998 0.159693 4.94157
910 0.390158 0.404873 -1.34161
910 0.240057 -0.0159724 4.94157
910 0.244589 0.270481 4.94157
910 0.357574 0.129683 -1.34161
910 -0.0467149 0.561394 4.94157
910 -0.0620132 -0.467978 -1.34161
910 0.263017 0.167121 4.94157
910 -0.259344 0.106727 4.94157
910 -0.269052 -0.133508 4.94157
910 -0.0831379 -0.492328 4.94157
910 0.561822 -0.0373305 4.94157
910 0.378819 0.187682 4.94157
910 0.0748416 0.329479 4.94157
910 0.260214 -0.171298 -1.34161
910 0.451191 0.281152 -1.34161
910 0.486423 0.129924 -1.34161
910 0.305622 -0.240255 -1.34161
910 0.284271 -0.118844 -1.34161
910 -0.243105 0.21743 4.94157
910 0.188586 0.217236 4.94157
910 -0.446212 0.016918 4.94157
910 -0.226002 0.381432 4.94157
910 -0.263984 -0.314777 4.94157
910 -0.363205 0.0543713 4.94157
910 -0.0460759 -0.11246 4.94157
910 -0.408839 0.0890211 4.94157
910 -0.0320036 -0.47735 -1.34161
910 0.353147 -0.0818366 4.94157
910 -0.331734 -0.373155 4.94157
910 0.121196 0.35021 4.94157
910 0.125095 0.0770763 4.94157
910 -0.11745 0.552177 -1.34161
910 -0.213051 0.0402481 4.94157
910 0.384154 0.275022 -1.34161
910 -0.2115 -0.281311 4.94157
910 -0.162682 0.0167433 4.94157
910 -0.204345 -0.397666 4.94157
910 0.0250459 0.500896 4.94157
910 -0.085359 -0.229674 4.94157
910 -0.508893 0.241238 4.94157
910 0.224561 -0.474011 -1.34161
910 0.232857 -0.386155 -1.34161
910 0.0435965 0.134702 4.94157
910 -0.526426 0.0837127 4.94157
910 -0.419054 -0.00352556 4.94157
910 0.176242 -0.126316 4.94157
910 -0.288755 0.0293996 4.94157
910 0.396988 0.305819 4.94157
910 -0.401863 -0.177856 4.94157
910 -0.114117 0.25509 4.94157
910 0.246315 0.191159 4.94157
910 -0.407175 0.24772 4.94157
910 0.0165045 -0.0336442 4.94157
910 -0.134827 0.386151 4.94157
910 -0.53299 -0.0204219 4.94157
910 0.111109 -0.0215191 4.94157
910 0.18815 -0.315198 -1.34161
910 0.116778 0.550483 4.94157
910 -0.426215 -0.199378 4.94157
910 -0.322089 0.231977 4.94157
910 0.0730485 0.278768 4.94157
910 -0.347008 -0.176092 4.94157
910 0.223014 0.0630012 4.94157
910 0.468799 0.0440565 4.94157
910 -0.286173 0.113081 4.94157
910 -0.155812 0.226909 4.94157
910 -0.239411 0.0862999 4.94157
910 -0.331555 0.344623 4.94157
910 0.309943 0.148559 -1.34161
910 -0.105584 -0.00316807 4.94157
910 0.106861 0.378636 4.94157
910 -0.303434 0.209047 4.94157
910 0.181573 -0.285823 -1.34161
910 0.191162 0.268637 4.94157
910 -0.0529046 -0.298601 4.94157
910 0.160102 -0.444205 -1.34161
910 -0.148485 0.357972 4.94157
910 0.0451664 -0.073164 4.94157
910 0.288779 0.337721 4.94157
910 -0.0907541 -0.457476 -1.34161
910 -0.36561 0.118412 4.94157
910 0.126345 -0.133668 -1.34161
910 -0.221367 0.412139 4.94157
910 0.0776692 -0.46751 -1.34161
910 -0.0267577 0.415175 4.94157
910 0.040237 0.179525 -1.34161
910 0.118143 -0.0775698 4.94157
910 0.442647 0.0589469 -1.34161
910 -0.213788 0.220298 4.94157
910 -0.297944 0.28918 4.94157
910 -0.0268709 -0.0673253 4.94157
910 -0.453898 0.216117 4.94157
910 0.346877 -0.360077 -1.34161
910 -0.0640223 -0.1852 4.94157
910 -0.0801771 -0.015108 4.94157
910 0.346235 -0.278232 -1.34161
910 0.340765 0.0222442 4.94157
910 0.107142 -0.311922 -1.34161
910 0.0966871 0.176626 4.94157
910 0.191951 -0.0798902 4.94157
910 -0.469694 0.070844 4.94157
910 0.11337 0.433486 4.94157
910 0.0579152 0.498511 4.94157
910 -0.0350202 -0.225256 4.94157
910 0.509753 -0.234453 -1.34161
910 -0.294296 -0.088126 4.94157
910 -0.0728918 0.334252 4.94157
910 0.365877 0.427378 -1.34161
910 0.408704 0.337154 -1.34161
910 0.361603 -0.0533065 4.94157
910 0.291597 0.172171 4.94157
910 0.160892 -0.537712 -1.34161
910 0.429736 -0.115126 -1.34161
910 0.439298 -0.349744 -1.34161
910 0.184966 -0.181474 -1.34161
910 0.366971 -0.42445 -1.34161
910 0.35273 0.048628 4.94157
910 -0.372675 -0.41952 4.94157
910 -0.162244 0.330724 -1.34161
910 0.48734 0.21816 4.94157
910 0.364432 0.299743 4.94157
910 -0.290975 -0.0287102 4.94157
910 0.276769 0.065906 4.94157
910 -0.279417 -0.406879 4.94157
910 0.0503873 -0.2888 -1.34161
910 -0.373339 -0.193743 4.94157
910 -0.320476 -0.1617 4.94157
910 -0.017538 -0.369023 -1.34161
910 -0.0208003 -0.124056 4.94157
910 -0.167739 -0.135037 4.94157
910 -0.0580223 0.360513 4.94157
910 -0.212384 -0.251176 4.94157
910 -0.420533 -0.035053 4.94157
910 -0.28293 0.315975 4.94157
910 0.31118 0.0186004 -1.34161
910 -0.55207 -0.108325 4.94157
910 0.240375 -0.30439 -1.34161
910 0.00707915 -0.351646 -1.34161
910 0.221012 0.133032 4.94157
910 0.108709 -0.179695 -1.34161
910 0.0281784 0.0672906 4.94157
910 0.270749 -0.31326 -1.34161
910 0.441807 -0.169315 -1.34161
910 0.314109 -0.271268 -1.34161
910 0.0416681 -0.0449387 4.94157
910 -0.179182 0.356744 4.94157
910 0.12206 0.128423 4.94157
910 0.366326 -0.254571 -1.34161
910 -0.0921585 -0.145092 4.94157
910 0.322497 -0.381626 -1.34161
910 -0.265484 0.292125 -1.34161
910 0.42868 0.0847719 4.94157
910 0.431766 -0.257379 -1.34161
910 0.107914 -0.519093 -1.34161
910 0.190565 -0.210002 -1.34161
910 0.437619 -0.0846767 -1.34161
910 0.274157 0.196273 4.94157
910 -0.522779 0.208722 4.94157
910 0.114413 -0.0493915 4.94157
910 0.360437 0.213284 4.94157
910 0.16608 -0.069899 4.94157
910 -0.534752 0.175653 4.94157
910 0.00246355 0.0784671 4.94157
910 0.0403154 -0.527139 -1.34161
910 0.215485 0.292434 -1.34161
910 -0.4765 0.156427 4.94157
910 -0.266674 -0.222327 4.94157
910 0.250386 0.406639 4.94157
910 -0.238808 0.348828 4.94157
910 -0.367338 0.199312 4.94157
910 -0.334987 0.204057 4.94157
910 0.462339 -0.195356 -1.34161
910 0.311056 0.315612 4.94157
910 0.331202 0.207598 4.94157
910 -0.263198 -0.282736 4.94157
910 -0.213915 -0.371445 -1.34161
910 -0.364649 0.022304 4.94157
910 -0.163277 0.470845 4.94157
910 0.144209 -0.0880435 4.94157
910 0.543406 -0.141541 -1.34161
910 -0.0518164 -0.0556193 4.94157
910 0.145308 0.247504 4.94157
910 0.495941 0.0648131 4.94157
910 0.165435 -0.334266 -1.34161
910 -0.552787 0.106848 4.94157
910 0.102469 0.463832 4.94157
910 -0.152073 0.177409 4.94157
910 -0.174351 0.126194 4.94157
910 0.0570596 0.0278131 4.94157
910 0.392343 -0.31276 -1.34161
910 0.465651 0.077735 -1.34161
910 0.00787915 -0.163777 4.94157
910 0.210615 -0.295535 -1.34161
910 0.0276762 -0.558695 -1.34161
910 -0.0725887 0.116104 4.94157
910 -0.30067 0.339408 4.94157
910 -0.192067 0.49642 4.94157
910 0.037605 -0.203438 4.94157
910 -0.107467 -0.274574 4.94157
910 0.339786 0.449424 -1.34161
910 0.524598 -0.0876965 -1.34161
910 -0.481839 -0.28684 4.94157
910 0.263117 0.247297 4.94157
910 0.0816287 -0.497697 -1.34161
910 -0.0143055 0.282515 4.94157
910 0.322402 0.261844 4.94157
910 0.467772 0.190271 -1.34161
910 -0.17539 0.303027 4.94157
910 0.327849 0.124921 -1.34161
910 0.157709 -0.171859 4.94157
910 -0.0515589 0.13133 4.94157
910 -0.313889 0.433597 4.94157
910 -0.378741 0.170784 4.94157
910 0.0555206 0.157216 4.94157
910 0.288917 -0.0369811 4.94157
910 -0.0392426 -0.416036 -1.34161
910 0.506992 -0.155605 -1.34161
910 0.135048 -0.466327 -1.34161
910 -0.129866 0.280086 4.94157
910 0.18354 0.00363012 4.94157
910 0.247376 -0.45293 -1.34161
910 -0.0148371 -0.180502 4.94157
910 -0.192155 0.147541 4.94157
910 -0.248869 0.137333 4.94157
910 0.420218 -0.144375 -1.34161
910 -0.443954 -0.343947 4.94157
910 -0.391475 0.00841472 4.94157
910 -0.455321 -0.11326 4.94157
910 -0.0378937 -0.55718 -1.34161
910 0.312307 -0.466754 -1.34161
910 -0.412627 -0.276169 4.94157
910 -0.0479602 0.102824 4.94157
910 0.420513 0.000770966 4.94157
910 -0.35706 -0.261054 4.94157
910 -0.253818 0.322652 4.94157
910 -0.410328 0.165726 4.94157
910 -0.243103 -0.1488 4.94157
910 0.129756 -0.543904 -1.34161
910 0.417096 0.279456 4.94157
910 0.472223 0.305404 -1.34161
910 0.397938 -0.200936 -1.34161
910 0.460104 -0.321698 -1.34161
910 -0.153202 -0.366396 -1.34161
910 -0.314254 0.104301 4.94157
910 -0.0461158 -0.356515 -1.34161
910 -0.0145452 0.231818 4.94157
910 0.105171 0.326479 -1.34161
910 0.42127 0.223208 -1.34161
910 -0.375131 0.303945 4.94157
910 0.436432 0.252139 -1.34161
910 -0.557545 -0.0739329 4.94157
910 -0.240979 -0.359638 4.94157
910 0.163041 -0.0423018 4.94157
910 -0.292446 -0.0580673 4.94157
910 -0.425506 0.275688 4.94157
910 -0.146673 -0.0641826 4.94157
910 -0.145174 -0.430486 -1.34161
910 -0.369309 0.0893872 4.94157
910 0.463457 0.107021 4.94157
910 -0.0737688 -0.0723519 4.94157
910 -0.209126 0.354105 4.94157
910 -0.446873 -0.0146269 4.94157
910 0.558316 0.0734065 -1.34161
910 0.250897 0.439192 4.94157
910 0.443256 -0.0228257 -1.34161
910 0.22592 -0.118653 -1.34161
910 -0.315747 -0.0124315 4.94157
910 -0.116319 0.306669 4.94157
910 0.176949 0.113554 4.94157
910 0.0591412 0.305066 4.94157
910 -0.487806 0.212766 4.94157
910 -0.474865 0.00649596 4.94157
910 -0.418219 0.336204 4.94157
910 -0.0287089 0.206627 4.94157
910 0.353365 0.355056 4.94157
910 -0.188976 -0.206541 4.94157
910 0.100084 0.227181 4.94157
910 0.37018 -0.337203 -1.34161
910 -0.492853 0.273629 4.94157
910 -0.132116 0.00888546 4.94157
910 -0.101913 -0.551147 4.94157
910 0.0742832 -0.112395 4.94157
910 0.255757 -0.121708 4.94157
910 0.0276805 0.206141 4.94157
910 -0.240466 -0.0296568 4.94157
910 0.2882 -0.171156 -1.34161
910 0.216869 -0.0629135 -1.34161
910 -0.0963572 -0.0888245 4.94157
910 -0.213719 0.09632 4.94157
910 -0.214216 -0.0152908 4.94157
910 0.335102 0.0728913 -1.34161
910 0.275609 -0.0653859 4.94157
910 -0.153038 -0.00708731 4.94157
910 0.212525 -0.190903 -1.34161
910 0.197205 0.435963 4.94157
910 -0.163543 0.044172 4.94157
910 0.551507 -0.108041 -1.34161
910 -0.021361 -0.339601 -1.34161
910 0.430483 0.309729 4.94157
910 -0.0936498 -0.424564 -1.34161
910 0.35277 0.268745 4.94157
910 -0.238773 -0.236507 4.94157
910 -0.215657 -0.19257 4.94157
910 0.0485797 -0.457504 -1.34161
910 -0.33929 -0.406338 4.94157
910 0.525207 0.0856265 -1.34161
910 0.534424 0.177915 -1.34161
910 -0.188678 0.0562868 4.94157
910 -0.266433 -0.043903 4.94157
910 0.240176 -0.418421 -1.34161
910 0.533922 -0.0185197 -1.34161
910 0.172099 -0.364296 -1.34161
910 -0.444048 -0.223592 4.94157
910 0.118625 -0.236626 4.94157
910 -0.162754 0.508889 4.94157
910 -0.267662 -0.345743 4.94157
910 -0.364108 -0.384647 4.94157
910 -0.0108852 -0.498657 -1.34161
910 0.0509997 0.0824385 4.94157
910 0.0924583 -0.0668802 4.94157
910 0.0554279 0.204276 4.94157
910 -0.384295 0.332602 4.94157
910 -0.417882 0.0272891 4.94157
910 0.00726478 0.4722 4.94157
910 0.052331 -0.129685 4.94157
910 -0.293567 -0.329707 4.94157
910 0.16432 -0.475904 -1.34161
910 0.382381 0.0519107 4.94157
910 -0.458776 0.274953 4.94157
910 -0.0986899 -0.060433 4.94157
910 0.325022 -0.300651 -1.34161
910 0.206034 0.0222082 4.94157
910 0.0416066 -0.231792 4.94157
910 0.045205 0.332054 4.94157
910 0.262748 -0.283501 -1.34161
910 0.332594 -0.0580285 4.94157
910 -0.197217 0.383678 4.94157
910 -0.427086 -0.0986794 4.94157
910 -0.134306 -0.262096 4.94157
910 -0.0881262 0.0413598 4.94157
