235 0.089223 0.353883 4.94157
235 -0.376439 -0.168657 4.94157
235 0.293921 -0.370379 -1.34161
235 -0.239125 -0.207136 4.94157
235 -0.336619 0.0667982 -1.34161
235 0.0344042 -0.120895 4.94157
235 0.00943559 0.18167 4.94157
235 -0.140874 -0.124214 4.94157
235 -0.0593876 0.255713 4.94157
235 -0.0439926 -0.0878225 4.94157
235 -0.249404 0.270139 4.94157
235 0.0965904 0.49315 4.94157
235 -0.0983962 -0.395142 -1.34161
235 -0.273401 0.140909 4.94157
235 0.0725013 -0.245077 4.94157
235 -0.397679 -0.30599 4.94157
235 -0.246876 -0.0931337 4.94157
235 0.13061 -0.428383 -1.34161
235 0.173451 0.244837 4.94157
235 -0.0734586 0.385853 4.94157
235 -0.227726 0.191585 4.94157
235 -0.323039 -0.457982 -1.34161
235 0.308209 -0.318647 -1.34161
235 -0.0547543 -0.030219 4.94157
235 0.100981 0.277675 4.94157
235 -0.0755388 0.44061 4.94157
235 -0.511225 -0.229763 4.94157
235 0.310278 0.231201 4.94157
235 0.00826163 -0.109595 4.94157
235 -0.169977 0.38211 4.94157
235 -0.198839 0.119513 4.94157
235 -0.31532 0.0172728 4.94157
235 -0.143342 -0.0972082 4.94157
235 0.276586 -0.487534 -1.34161
235 -0.00705303 0.562991 4.94157
235 -0.161265 -0.19332 4.94157
235 -0.196873 -0.0394343 4.94157
235 -0.102378 -0.517558 -1.34161
235 -0.443051 0.0513894 4.94157
235 -0.317438 0.316071 4.94157
235 -0.0901946 -0.120751 4.94157
235 -0.311465 -0.420827 4.94157
235 0.210936 0.339601 4.94157
235 -0.351485 -0.14765 4.94157
235 -0.351406 -0.312757 4.94157
235 -0.159365 -0.221561 4.94157
235 -0.446401 -0.139743 4.94157
235 -0.170398 -0.0830526 4.94157
235 0.129721 0.486267 4.94157
235 0.259427 -0.251743 4.94157
235 0.253314 0.470509 -1.34161
235 0.202394 0.239171 4.94157
235 0.156244 0.222251 4.94157
235 -0.436791 -0.168642 4.94157
235 -0.499896 -0.0711395 4.94157
235 0.358362 -0.389141 -1.34161
235 -0.0127376 0.133249 4.94157
235 -0.212463 0.0637296 4.94157
235 0.0448906 -0.418528 -1.34161
235 0.200744 0.10784 4.94157
235 0.273099 -0.145946 4.94157
235 0.169198 -0.207116 -1.34161
235 -0.268529 -0.0186872 4.94157
235 -0.175973 -0.437786 -1.34161
235 0.515779 0.123259 -1.34161
235 0.0490307 -0.261351 -1.34161
235 -0.293348 0.239756 4.94157
235 0.364864 0.384873 -1.34161
235 0.075737 0.382669 -1.34161
235 -0.084998 0.00973468 4.94157
235 0.000325433 0.360839 4.94157
235 0.531122 -0.0488474 -1.34161
235 0.500547 -0.183253 -1.34161
235 -0.347603 -0.438216 4.94157
235 0.128442 -0.269554 -1.34161
235 0.146001 -0.224335 -1.34161
235 -0.124008 -0.0271902 4.94157
235 -0.325011 -0.132862 4.94157
235 0.0957533 -0.228745 -1.34161
235 0.285391 -0.340536 -1.34161
235 0.521664 0.211962 -1.34161
235 0.413376 -0.0568369 4.94157
235 -0.513679 -0.12517 4.94157
235 -0.0615705 -0.159292 4.94157
235 0.209753 -0.0368062 -1.34161
235 0.191151 -0.164172 4.94157
235 -0.262993 -0.250937 4.94157
235 -0.397743 -0.116666 -1.34161
235 0.398817 0.109837 4.94157
235 -0.0291402 0.360896 4.94157
235 0.240573 -0.136163 -1.34161
235 0.204028 -0.243624 -1.34161
235 -0.406839 0.306265 4.94157
235 0.0813337 -0.302156 -1.34161
235 0.301002 0.365154 4.94157
235 -0.280481 0.388257 4.94157
235 0.146598 0.42427 4.94157
235 0.247886 -0.501101 -1.34161
235 -0.510758 0.153503 -1.34161
235 0.256903 -0.040667 4.94157
235 0.0366316 -0.36203 -1.34161
235 0.223664 -0.212777 4.94157
235 -0.0309645 0.256385 4.94157
235 0.390113 -0.224533 -1.34161
235 -0.0593221 0.307328 4.94157
235 -0.304744 0.370672 4.94157
235 0.0720854 -0.404787 -1.34161
235 0.304982 -0.43443 -1.34161
235 0.281353 0.0932744 4.94157
235 0.244494 0.062545 -1.34161
235 0.293077 -0.0884208 4.94157
235 0.0551082 0.254949 4.94157
235 0.280144 -0.230011 -1.34161
235 -0.325481 -0.10426 4.94157
235 0.214331 -0.0931756 4.94157
235 0.430066 0.0367328 -1.34161
235 0.381356 -0.170492 -1.34161
235 0.277721 0.0148549 4.94157
235 -0.111952 -0.163901 4.94157
235 -0.00401385 0.205863 4.94157
235 -0.23365 -0.509556 4.94157
235 0.0205762 0.442686 -1.34161
235 -0.0765881 0.558937 4.94157
235 0.382033 0.134324 -1.34161
235 0.369294 -0.0193334 4.94157
235 0.273477 -0.200054 -1.34161
235 0.148909 0.0694755 -1.34161
235 0.104686 0.152464 4.94157
235 0.134916 0.15004 4.94157
235 0.0460037 0.385681 4.94157
235 -0.0106347 -0.0215699 4.94157
235 0.0765864 -0.273621 4.94157
235 0.162513 0.476952 4.94157
235 -0.544507 0.144579 4.94157
235 0.531229 0.056033 -1.34161
235 0.0219555 -0.249197 -1.34161
235 0.177793 0.411802 4.94157
235 0.0636124 0.4118 4.94157
235 -0.0763391 -0.317574 -1.34161
235 -0.139535 0.0262402 4.94157
235 0.323237 0.343299 4.94157
235 0.357535 -0.221956 -1.34161
235 0.0671345 -0.375576 4.94157
235 -0.316083 -0.19059 4.94157
235 0.119885 -0.484834 -1.34161
235 0.127124 -0.398832 -1.34161
235 -0.397134 -0.200015 4.94157
235 -0.100459 -0.365023 -1.34161
235 -0.414595 0.0641921 4.94157
235 -0.0883367 0.527706 4.94157
235 0.311087 -0.0331142 4.94157
235 0.454597 -0.220135 -1.34161
235 0.0844944 0.253589 4.94157
235 0.398842 -0.115383 -1.34161
235 0.00303412 0.415566 4.94157
235 -0.21659 0.52031 4.94157
235 -0.387147 0.110112 4.94157
235 0.29976 -0.206381 -1.34161
235 -0.33583 0.379857 4.94157
235 -0.103251 -0.305917 4.94157
235 0.110853 -0.128961 4.94157
235 0.138003 0.455065 4.94157
235 -0.346597 0.176018 4.94157
235 -0.12388 0.179205 -1.34161
235 -0.497407 -0.258643 4.94157
235 0.154741 0.508959 4.94157
235 0.430842 0.112039 4.94157
235 0.194527 0.465924 4.94157
235 0.38327 -0.364236 -1.34161
235 -0.355158 0.227328 4.94157
235 0.503599 -0.0290063 -1.34161
235 -0.100737 0.229496 4.94157
235 0.0333633 0.414281 4.94157
235 0.017793 -0.0608144 4.94157
235 0.438217 0.189822 4.94157
235 -0.00123073 0.307955 4.94157
235 -0.264038 -0.428977 4.94157
235 -0.00148634 0.502027 4.94157
235 0.178606 0.294302 4.94157
235 -0.0730244 0.179025 4.94157
235 0.251864 0.0896267 4.94157
235 -0.107895 0.12329 4.94157
235 -0.0379291 -0.142746 4.94157
235 -0.183461 0.533301 4.94157
235 0.0829173 -0.00746248 4.94157
235 0.25077 0.0114537 4.94157
235 -0.106239 -0.247905 4.94157
235 -0.0734673 -0.04903 4.94157
235 0.23128 -0.243039 -1.34161
235 -0.295747 -0.147502 4.94157
235 0.0189214 0.0980437 4.94157
235 0.192676 0.190841 4.94157
235 0.375134 -0.0968719 -1.34161
235 -0.222427 0.327096 4.94157
235 0.358559 0.0759037 4.94157
235 0.241641 -0.0760225 4.94157
235 -0.21655 0.00570891 4.94157
235 0.146496 0.0963666 4.94157
235 0.52169 -0.210628 -1.34161
235 0.0661252 0.179758 4.94157
235 0.130365 0.27507 4.94157
235 0.124255 0.402759 4.94157
235 -0.132717 -0.235144 4.94157
235 0.000781066 -0.294405 -1.34161
235 -0.141444 0.203608 4.94157
235 0.351009 0.00106801 4.94157
235 -0.0240441 0.0638728 4.94157
235 -0.0332779 -0.198206 4.94157
235 -0.331791 0.289805 4.94157
235 0.0766217 -0.434965 -1.34161
235 0.188602 0.498594 -1.34161
235 0.0762678 0.0479154 4.94157
235 0.34751 -0.183463 4.94157
235 -0.563322 -0.000989649 4.94157
235 0.326231 -0.158573 -1.34161
235 0.0648165 0.129362 4.94157
235 0.0621805 -0.346831 -1.34161
235 -0.17208 -0.0554751 4.94157
235 -0.142034 0.424212 4.94157
235 0.408533 -0.383656 -1.34161
235 0.406774 -0.0867207 4.94157
235 0.164242 -0.151758 4.94157
235 0.369094 0.0223781 -1.34161
235 0.0278263 0.307053 -1.34161
235 -0.0780701 -0.288646 4.94157
235 -0.202402 -0.457807 4.94157
235 0.541842 0.146418 -1.34161
235 0.313844 0.468209 -1.34161
235 -0.447447 -0.0471431 4.94157
235 -0.531008 0.0505924 4.94157
235 0.0308842 -0.0937942 4.94157
235 -0.291658 -0.443355 4.94157
235 0.0398454 -0.176417 4.94157
235 -0.0760955 0.0851854 4.94157
235 0.397349 0.161445 4.94157
235 -0.340743 -0.205559 -1.34161
235 -0.378979 -0.228637 4.94157
235 0.13968 -0.1678 -1.34161
235 0.26322 -0.0131523 4.94157
235 0.0999763 -0.257211 -1.34161
235 -0.369704 -0.0375754 4.94157
235 -0.128768 -0.322992 4.94157
235 0.218809 0.51929 4.94157
235 -0.0237705 -0.31178 -1.34161
235 0.0298134 0.359656 4.94157
235 -0.0349034 0.120033 4.94157
235 0.250007 0.298183 4.94157
235 0.275742 -0.453189 -1.34161
235 0.398758 0.0277476 -1.34161
235 0.451017 0.133979 -1.34161
235 0.100418 -0.455295 -1.34161
235 0.0985205 0.0652714 -1.34161
235 0.368926 0.104948 4.94157
235 -0.488269 0.128675 4.94157
235 -0.0449014 0.0463322 4.94157
235 -0.498434 0.185066 4.94157
235 0.364685 0.158389 4.94157
235 -0.343879 -0.0251254 4.94157
235 -0.312464 0.0471313 4.94157
235 0.0316191 0.0144713 4.94157
235 -0.264644 0.166102 4.94157
235 -0.182114 0.173733 4.94157
235 -0.190155 -0.151065 4.94157
235 0.18866 -0.461709 -1.34161
235 -0.272485 -0.077285 4.94157
235 0.119278 0.104572 4.94157
235 -0.115881 0.0464383 4.94157
235 -0.451 0.339321 4.94157
235 0.0129648 0.126299 4.94157
235 -0.128024 -0.353128 -1.34161
235 -0.0997138 0.496849 4.94157
235 0.0532285 -0.495664 -1.34161
235 0.40314 0.245603 4.94157
235 -0.0433968 0.387651 4.94157
235 -0.395383 -0.0505678 4.94157
235 0.0573373 -0.318335 -1.34161
235 -0.459563 -0.194252 4.94157
235 0.0175481 -0.498679 4.94157
235 0.180995 -0.263053 4.94157
235 -0.472426 0.0418451 4.94157
235 -0.121114 0.360132 4.94157
235 0.475323 -0.0109343 -1.34161
235 0.0429903 0.470193 4.94157
235 0.074306 0.467197 4.94157
235 -0.558647 0.0721797 4.94157
235 0.0277313 0.0423397 4.94157
235 0.196785 0.0791039 4.94157
235 -0.262947 0.0407204 4.94157
235 -0.240533 0.0225278 4.94157
235 0.23234 -0.359476 -1.34161
235 0.469921 0.249461 -1.34161
235 0.0922369 -0.200296 4.94157
235 0.00392826 -0.322968 -1.34161
235 -0.053245 0.530952 4.94157
235 -0.177668 0.0988958 4.94157
235 0.471605 -0.248551 -1.34161
235 0.189334 0.135257 4.94157
235 0.162816 0.143416 4.94157
235 0.258234 0.0383731 4.94157
235 -0.156202 -0.279382 4.94157
235 -0.374941 -0.286966 4.94157
235 -0.21071 0.168761 4.94157
235 -0.151541 -0.402418 -1.34161
235 -0.196672 -0.0680026 4.94157
235 0.209566 -0.379728 -1.34161
235 -0.0186271 0.531865 4.94157
235 0.198257 0.0466109 4.94157
235 0.499615 -0.0615968 -1.34161
235 0.470477 -0.30647 -1.34161
235 0.265962 0.359838 4.94157
235 -0.187574 0.22462 4.94157
235 0.151342 -0.25295 -1.34161
235 -0.339093 0.0366614 4.94157
235 -0.0667643 -0.104443 4.94157
235 0.238888 -0.273431 -1.34161
235 -0.533313 0.0159519 4.94157
235 -0.316846 -0.223429 4.94157
235 -0.410467 -0.33749 4.94157
235 0.479588 0.0201377 -1.34161
235 0.137624 0.199078 4.94157
235 0.0868504 -0.144448 4.94157
235 -0.12352 0.0754093 4.94157
235 -0.043153 0.442652 4.94157
235 0.31716 0.0463494 4.94157
235 -0.145178 0.253578 4.94157
235 0.187181 -0.528995 4.94157
235 0.0184825 -0.44065 -1.34161
235 -0.383963 0.139655 4.94157
235 0.0631918 -0.160248 4.94157
235 0.435396 -0.192874 -1.34161
235 -0.380299 -0.139301 4.94157
235 0.186299 -0.0535228 4.94157
235 -0.265424 -0.192294 4.94157
235 0.299647 -0.0613638 -1.34161
235 0.0904902 0.555252 4.94157
235 0.408433 0.188159 4.94157
235 -0.274304 0.216058 4.94157
235 0.226179 0.00600178 4.94157
235 0.321732 -0.0835751 4.94157
235 -0.264318 -0.495224 4.94157
235 -0.530558 -0.0562398 4.94157
235 -0.00557044 0.157097 4.94157
235 0.229721 0.317394 4.94157
235 -0.129714 -0.293159 4.94157
235 0.468009 -0.0717858 -1.34161
235 -0.173513 -0.532297 4.94157
235 -0.11126 0.149608 4.94157
235 -0.29153 -0.176248 4.94157
235 -0.304616 -0.389605 4.94157
235 0.0659243 -0.188275 4.94157
235 0.182618 0.346482 4.94157
235 0.302853 -0.141784 4.94157
235 0.233523 -0.0503767 4.94157
235 -0.190305 0.0175752 4.94157
235 -0.192177 -0.00926056 4.94157
235 -0.164516 -0.500263 4.94157
235 -0.398829 0.192842 4.94157
235 -0.174424 0.251396 4.94157
235 -0.354631 0.146792 4.94157
235 0.0353796 -0.0135359 -1.34161
235 -0.324997 -0.251964 4.94157
235 -0.188269 -0.179118 4.94157
235 0.507218 0.244995 -1.34161
235 -0.121479 -0.0550113 4.94157
235 0.259305 0.328338 4.94157
235 0.0850447 0.52388 4.94157
235 0.137867 -0.113796 4.94157
235 -0.0396968 0.0176181 4.94157
235 0.21872 -0.516226 -1.34161
235 -0.163377 0.151204 4.94157
235 0.0141107 0.333788 4.94157
235 -0.374348 0.250817 4.94157
235 0.414345 0.379466 -1.34161
235 -0.0179135 -0.098659 4.94157
235 -0.439536 0.307357 4.94157
235 -0.0578077 0.414599 4.94157
235 0.158328 -0.412869 -1.34161
235 -0.108044 0.465384 -1.34161
235 0.48889 0.102095 -1.34161
235 -0.502861 0.0304051 4.94157
235 -0.00716204 -0.209472 4.94157
235 -0.183133 -0.264525 4.94157
235 -0.0552676 -0.243056 4.94157
235 0.153595 0.0135891 4.94157
235 0.371662 0.241473 4.94157
235 -0.266068 0.0107623 4.94157
235 0.384828 -0.278326 -1.34161
235 0.126467 0.225126 4.94157
235 0.163296 -0.097712 4.94157
235 -0.0450365 0.281725 4.94157
235 -0.0135314 0.388169 4.94157
235 0.0951652 0.093716 4.94157
235 0.105193 0.00922372 4.94157
235 0.0251005 -0.277494 -1.34161
235 0.0788778 0.151853 4.94157
235 0.449172 0.0121038 4.94157
235 -0.387213 -0.361557 4.94157
235 0.215895 -0.151943 4.94157
235 0.165925 0.322341 4.94157
235 0.268483 -0.392237 -1.34161
235 0.142126 -0.195807 -1.34161
235 -0.137224 0.15558 4.94157
235 -0.343773 -0.282167 4.94157
235 -0.140821 -0.471495 -1.34161
235 -0.248935 0.505938 4.94157
235 -0.289832 -0.29714 4.94157
235 -0.033513 -0.528352 -1.34161
235 0.45452 0.330218 -1.34161
235 -0.505497 -0.0357354 4.94157
235 -0.203482 -0.521927 -1.34161
235 0.422146 -0.222947 -1.34161
235 -0.00207308 -0.265957 4.94157
235 -0.255049 0.191983 4.94157
235 0.280002 0.225438 4.94157
235 -0.281441 0.454944 4.94157
235 0.0809592 0.204241 4.94157
235 -0.0119859 -0.153698 4.94157
235 0.472314 -0.0413086 -1.34161
235 0.519448 -0.116857 -1.34161
235 -0.392736 -0.256824 4.94157
235 0.434051 0.160879 4.94157
235 -0.00469557 -0.237637 4.94157
235 0.0871596 0.302918 4.94157
235 0.506543 0.00419591 -1.34161
235 0.489305 -0.276516 4.94157
235 0.153968 0.541324 -1.34161
235 -0.373199 0.423285 4.94157
235 -0.100624 0.0949132 4.94157
235 -0.292503 -0.23792 4.94157
235 -0.472974 0.307717 -1.34161
235 -0.0708476 0.0570917 4.94157
235 -0.393167 0.365116 4.94157
235 -0.300577 -0.357394 4.94157
235 0.275658 0.144051 4.94157
235 0.388467 0.359887 -1.34161
235 -0.439663 0.246483 4.94157
235 0.452549 -0.279806 -1.34161
235 0.0162581 0.387504 4.94157
235 -0.312359 0.264118 4.94157
235 0.0606913 -0.024352 4.94157
235 0.562691 0.00398878 -1.34161
235 0.283318 0.487706 -1.34161
235 0.340712 0.236802 4.94157
235 0.377554 0.327793 4.94157
235 -0.229788 -0.477322 -1.34161
235 -0.348874 -0.0872282 4.94157
235 0.310694 0.09698 4.94157
235 0.490508 0.275328 -1.34161
235 -0.193486 0.463796 4.94157
235 0.0573043 0.00341688 4.94157
235 -0.479513 -0.221393 4.94157
235 -0.376744 -0.328321 4.94157
235 0.101884 0.0371831 -1.34161
235 -0.561659 -0.0382545 4.94157
235 -0.0355612 -0.445186 -1.34161
235 0.407503 -0.337869 -1.34161
235 -0.22012 0.485099 4.94157
235 -0.00246521 0.25653 4.94157
235 0.141125 -0.325782 -1.34161
235 -0.321164 -0.0437704 4.94157
235 0.505403 0.154241 -1.34161
235 0.0164572 -0.192827 4.94157
235 0.165624 0.195575 4.94157
235 0.184695 -0.39725 -1.34161
235 -0.302713 0.133295 4.94157
235 -0.208978 -0.308515 4.94157
235 -0.333939 0.0960926 4.94157
235 0.0585867 0.559439 4.94157
235 0.158132 -0.281014 -1.34161
235 -0.116585 -0.109345 4.94157
235 -0.179761 -0.408566 4.94157
235 0.27262 -0.421973 -1.34161
235 0.121585 0.175486 4.94157
235 0.0833624 0.437498 4.94157
235 -0.0587221 0.204223 4.94157
235 -0.310143 0.40331 4.94157
235 -0.316018 0.182822 4.94157
235 -0.126193 0.102145 4.94157
235 0.120065 0.517472 4.94157
235 0.151015 0.0420656 4.94157
235 0.318275 -0.185595 4.94157
235 0.134731 -0.29763 -1.34161
235 0.261639 -0.36293 -1.34161
235 0.339697 0.100701 4.94157
235 -0.104548 0.333388 4.94157
235 -0.045228 0.230499 4.94157
235 0.000774767 -0.530182 -1.34161
235 -0.168096 0.410921 4.94157
235 0.334291 0.153771 4.94157
235 -0.0302395 -0.0407817 4.94157
235 -0.0155075 -0.560683 4.94157
235 -0.430477 0.188804 4.94157
235 -0.0139854 -0.400268 -1.34161
235 0.254163 -0.333329 -1.34161
235 0.389877 0.215334 4.94157
235 -0.0975763 0.173293 4.94157
235 0.366209 -0.125669 -1.34161
235 0.452849 0.220933 4.94157
235 -0.0296711 0.0919282 4.94157
235 -0.019351 0.0357421 4.94157
235 0.177532 0.375794 4.94157
235 0.216385 0.264528 4.94157
235 0.29969 0.202177 4.94157
235 0.382897 -0.0681028 -1.34161
235 -0.0263836 -0.283059 4.94157
235 -0.434628 0.115419 4.94157
235 0.0414594 0.28071 4.94157
235 -0.195111 -0.0957774 4.94157
235 -0.12899 0.228971 4.94157
235 0.244705 -0.193157 -1.34161
235 -0.0666716 0.500731 4.94157
235 -0.186485 0.0747169 4.94157
235 0.280915 0.306619 4.94157
235 0.493972 -0.0938406 -1.34161
235 0.316667 0.177824 4.94157
235 0.0261578 0.255918 4.94157
235 0.13401 -0.030603 4.94157
235 -0.132447 0.488028 4.94157
235 -0.0302272 0.30791 -1.34161
235 -0.294793 -0.477885 -1.34161
235 -0.155045 -0.30914 4.94157
235 -0.114177 -0.136541 4.94157
235 -0.291958 -0.00127355 4.94157
235 -0.083547 -0.203409 4.94157
235 -0.500114 0.0630752 4.94157
235 0.0372026 -0.148509 4.94157
235 0.0645473 -0.0810825 4.94157
235 -0.43806 0.159151 4.94157
235 0.0893391 -0.17213 4.94157
235 0.21092 -0.27066 -1.34161
235 -0.280954 0.489096 4.94157
235 0.000472976 -0.465777 -1.34161
235 0.251319 0.504785 -1.34161
235 0.109258 0.201686 4.94157
235 0.291557 0.254196 4.94157
235 0.144786 0.12272 -1.34161
235 -0.48067 -0.134056 4.94157
235 0.225341 0.451729 4.94157
235 0.0207731 0.155699 4.94157
235 -0.17111 0.201306 4.94157
235 -0.246803 -0.0644913 4.94157
235 0.561839 0.0399533 4.94157
235 -0.542793 -0.140098 4.94157
235 0.0682724 0.229493 4.94157
235 0.155215 0.393535 -1.34161
235 -0.314743 -0.278273 4.94157
235 0.265536 -0.0921366 -1.34161
235 -0.322737 -0.0736808 4.94157
235 0.340025 0.408971 -1.34161
235 0.534265 -0.176116 -1.34161
235 -0.0500045 0.0743277 4.94157
235 0.477908 -0.157327 -1.34161
235 -0.123558 0.520663 4.94157
235 0.19625 0.314987 4.94157
235 -0.143344 -0.53951 4.94157
235 -0.0782064 0.469745 4.94157
235 -0.1192 0.407314 4.94157
235 -0.348718 -0.233036 4.94157
235 -0.413204 0.133637 4.94157
235 -0.375018 -0.0707969 4.94157
235 -0.402771 -0.0859022 4.94157
235 -0.280745 0.267036 4.94157
235 0.011285 -0.137124 4.94157
235 -0.0874477 0.255323 -1.34161
235 -0.32529 0.154257 4.94157
235 0.0286065 -0.305761 -1.34161
235 -0.360192 0.355033 4.94157
235 -0.13452 -0.206859 4.94157
235 0.169676 0.444774 4.94157
235 0.17283 0.0885046 4.94157
235 0.130833 -0.00285139 4.94157
235 0.23343 0.112887 -1.34161
235 -0.163336 -0.165452 4.94157
235 -0.111704 -0.482792 -1.34161
235 -0.0820058 -0.554302 -1.34161
235 0.232214 0.239865 4.94157
235 0.278016 0.386167 4.94157
235 -0.495811 0.0958648 4.94157
235 0.28318 0.41945 4.94157
235 -0.00604791 -0.0509788 4.94157
235 0.127953 0.0249589 4.94157
235 0.0796018 0.0203086 4.94157
235 -0.421603 -0.0618097 4.94157
235 -0.49271 -0.189714 4.94157
235 -0.0660938 -0.436063 -1.34161
235 -0.172852 -0.0269414 4.94157
235 -0.413375 -0.143367 4.94157
235 -0.0352385 -0.0112996 4.94157
235 -0.138618 -0.151482 4.94157
235 -0.137639 0.454807 4.94157
235 0.190148 -0.136599 4.94157
235 -0.119116 -0.0822367 4.94157
235 -0.387525 0.0769518 4.94157
235 0.435046 0.35542 -1.34161
235 -0.20732 -0.425352 -1.34161
235 0.215099 -0.41165 -1.34161
235 -0.211626 -0.221247 4.94157
235 -0.464822 -0.078758 4.94157
235 0.313371 0.43205 -1.34161
235 0.113833 0.251398 4.94157
235 -0.285494 0.0580689 4.94157
235 -0.104422 0.38312 4.94157
235 -0.167966 0.444179 4.94157
235 -0.102577 0.280927 -1.34161
235 -0.170292 -0.468083 -1.34161
235 0.0634802 -0.0525294 4.94157
235 -0.227745 0.112697 4.94157
235 -0.389839 0.0449959 4.94157
235 -0.0987758 -0.0380469 4.94157
235 0.153412 -0.383114 -1.34161
235 -0.367605 -0.00578725 4.94157
235 -0.439812 0.0831188 4.94157
235 -0.290926 -0.207227 4.94157
235 0.287376 0.042358 4.94157
235 0.175796 0.0304779 4.94157
235 0.222879 0.0888697 4.94157
235 -0.133638 -0.50713 4.94157
235 -0.392587 0.276631 4.94157
235 -0.0744651 -0.346645 -1.34161
235 -0.119316 -0.448044 -1.34161
235 0.339576 -0.0276111 4.94157
235 -0.347833 -0.0569377 4.94157
235 -0.421821 -0.370805 4.94157
235 -0.0147847 0.00718814 4.94157
235 0.408486 0.0567963 4.94157
235 0.430891 -0.309781 -1.34161
235 -0.429753 -0.252688 -1.34161
235 0.462048 -0.102508 -1.34161
235 -0.220026 -0.108422 4.94157
235 -0.236251 -0.265476 4.94157
235 0.454348 -0.132801 -1.34161
235 0.333359 0.290897 4.94157
235 -0.12381 -0.414923 -1.34161
235 0.113226 -0.156184 -1.34161
235 -0.237125 -0.325148 4.94157
235 0.385659 -0.40665 -1.34161
235 -0.0111263 0.443289 4.94157
235 -0.109902 -0.191539 4.94157
235 -0.0723108 -0.375946 -1.34161
235 -0.0488249 -0.328753 -1.34161
235 -0.489884 -0.101863 4.94157
235 -0.0287823 -0.254557 4.94157
235 0.0689886 -0.216592 4.94157
235 0.238077 0.350645 4.94157
235 -0.0483265 -0.498811 -1.34161
235 -0.221612 0.450321 4.94157
235 0.174556 0.0599831 4.94157
235 0.148221 0.298714 4.94157
235 0.221598 0.485523 4.94157
235 -0.140654 0.0536871 4.94157
235 0.177436 0.166445 4.94157
235 0.55187 0.11356 -1.34161
235 -0.237119 0.299733 4.94157
235 0.0324847 -0.333934 -1.34161
235 -0.108002 -0.219527 4.94157
235 -0.161312 0.278351 4.94157
235 0.173951 -0.235438 -1.34161
235 0.0520737 -0.557664 -1.34161
235 0.0520296 0.440805 -1.34161
235 -0.00745974 0.10663 -1.34161
235 0.0973826 -0.389322 -1.34161
235 -0.37475 -0.101047 4.94157
235 0.302624 0.284244 -1.34161
235 0.0110382 -0.380648 -1.34161
235 0.250022 0.218941 4.94157
235 -0.24513 -0.1212 4.94157
235 0.38786 0.0802063 4.94157
235 0.0575165 -0.10554 4.94157
235 -0.309261 0.0762995 4.94157
235 -0.133784 0.331997 4.94157
235 -0.464325 -0.315615 4.94157
235 0.066364 -0.524012 -1.34161
235 -0.148699 0.544386 4.94157
235 0.118404 0.301826 4.94157
235 -0.0189569 0.179635 4.94157
235 -0.341465 0.256181 4.94157
235 -0.426628 -0.114101 4.94157
235 -0.455734 0.136548 4.94157
235 -0.0972263 0.0667393 4.94157
235 -0.0339573 0.502155 4.94157
235 0.14742 -0.354221 -1.34161
235 -0.285087 0.188497 4.94157
235 -0.192515 -0.12326 4.94157
235 0.226596 0.41647 4.94157
235 0.0102383 -0.00323833 4.94157
235 0.372275 -0.197706 -1.34161
235 0.292851 0.120714 4.94157
235 -0.354666 -0.350252 4.94157
235 -0.147662 0.304925 4.94157
235 -0.504627 -0.00239006 4.94157
235 0.00429702 -0.082432 4.94157
235 0.247073 0.138412 4.94157
235 0.203363 0.159643 -1.34161
235 -0.2203 0.273907 4.94157
235 -0.147478 -0.0433629 4.94157
235 0.13618 -0.058616 4.94157
235 0.242891 -0.162848 4.94157
235 0.390459 -0.00154748 4.94157
235 0.0938397 0.40802 4.94157
235 0.0407946 -0.390187 -1.34161
235 0.263658 0.115873 4.94157
235 -0.0484145 0.471711 4.94157
235 0.300091 0.0698366 4.94157
235 0.487659 -0.216192 -1.34161
235 -0.462181 0.186505 4.94157
235 -0.476365 -0.0505871 4.94157
235 -0.387578 0.222034 -1.34161
235 -0.073833 0.281509 4.94157
235 -0.393942 -0.018227 4.94157
235 -0.253385 0.375612 4.94157
235 -0.251409 0.438582 4.94157
235 0.499474 0.184941 -1.34161
235 0.208017 0.368731 4.94157
235 -0.221582 -0.0519056 -1.34161
235 0.441755 -0.0480776 -1.34161
235 -0.194718 0.42826 4.94157
235 0.0910569 0.122664 4.94157
235 0.0125231 0.281815 4.94157
235 -0.0854699 0.14454 4.94157
235 0.217826 0.185458 4.94157
235 -0.237573 0.0523341 4.94157
235 -0.0889492 0.358238 4.94157
235 -0.503982 -0.157989 4.94157
235 0.0317607 -0.472309 -1.34161
235 0.0157581 0.530949 4.94157
235 -0.0443602 0.333855 4.94157
235 0.321005 -0.00471944 4.94157
235 -0.262487 0.243028 4.94157
235 0.22516 -0.328481 -1.34161
235 -0.0151168 0.334305 -1.34161
235 -0.044725 0.178407 4.94157
235 -0.1519 0.108186 4.94157
235 0.0882053 -0.0919 4.94157
235 -0.00978662 -0.43191 -1.34161
235 -0.11283 0.203361 4.94157
235 -0.359272 0.279656 4.94157
235 0.0730552 0.0753928 4.94157
235 0.486743 -0.125774 -1.34161
235 0.0501584 0.0578787 4.94157
235 -0.400525 0.397845 4.94157
235 -0.126548 -0.383463 -1.34161
235 0.413461 -0.166859 -1.34161
235 -0.220042 0.140228 4.94157
235 -0.523421 -0.200587 4.94157
235 -0.0888973 0.307336 4.94157
235 -0.28155 0.0868958 4.94157
235 -0.108387 0.436111 4.94157
235 -0.469889 -0.16392 4.94157
235 0.0061674 0.0249114 4.94157
235 0.309026 0.39789 4.94157
235 0.190454 -0.493578 -1.34161
235 -0.199502 0.196585 4.94157
235 0.46891 0.160998 -1.34161
235 -0.289395 -0.265338 4.94157
235 -0.01837 0.472321 4.94157
235 0.0147206 -0.410167 4.94157
235 -0.217223 -0.136125 4.94157
235 0.00204643 0.0526666 4.94157
235 -0.250478 0.471447 4.94157
235 -0.348566 0.320308 4.94157
235 -0.23821 0.162186 4.94157
235 -0.431059 -0.309567 4.94157
235 -0.41986 0.218355 4.94157
235 -0.136492 -0.178991 4.94157
235 -0.184554 -0.235721 4.94157
235 -0.331017 0.125217 4.94157
235 0.0866332 -0.330694 -1.34161
235 0.531899 0.0226593 -1.34161
235 0.188966 -0.428554 -1.34161
235 -0.52052 0.119747 4.94157
235 0.0191047 -0.220952 4.94157
235 -0.523836 -0.0922278 4.94157
235 -0.266804 -0.162534 4.94157
235 -0.23874 -0.411369 4.94157
235 0.251648 -0.221968 4.94157
235 -0.448052 -0.281019 4.94157
235 0.338542 -0.244817 -1.34161
235 -0.258859 0.0711767 4.94157
235 -0.464665 -0.251904 4.94157
235 0.0920387 -0.359615 -1.34161
235 -0.0696597 -0.405646 -1.34161
235 0.298125 -0.289181 -1.34161
235 -0.236254 -0.295322 4.94157
235 -0.464887 0.10485 4.94157
235 -0.353314 -0.119238 4.94157
235 0.129592 -0.51364 -1.34161
235 0.363309 -0.302604 -1.34161
235 0.136279 0.326132 4.94157
235 0.0261595 0.562057 -1.34161
235 0.182321 -0.0259964 -1.34161
235 0.0697897 0.102653 4.94157
235 -0.298556 -0.119214 4.94157
235 -0.15458 -0.339667 4.94157
235 0.390305 -0.143206 -1.34161
235 0.156948 -0.0140151 4.94157
235 -0.341483 0.00601251 4.94157
235 -0.221597 -0.0804973 4.94157
235 0.104959 -0.285509 -1.34161
235 -0.320805 -0.308178 4.94157
235 0.118869 -0.212444 4.94157
235 0.0110388 0.231048 4.94157
235 0.317934 -0.348427 -1.34161
235 -0.0433823 -0.386535 -1.34161
235 0.0502416 0.528282 4.94157
235 0.21786 0.213779 4.94157
235 -0.206941 0.300977 4.94157
235 0.418792 -0.280308 -1.34161
235 -0.0867439 0.202946 4.94157
235 -0.367237 0.388876 4.94157
235 0.059392 0.357321 4.94157
235 0.0423464 0.109896 4.94157
235 -0.209579 -0.337733 4.94157
235 -0.157676 -0.250231 4.94157
235 0.16506 -0.309249 -1.34161
235 0.0855287 -0.554384 -1.34161
235 -0.0647109 0.0281412 4.94157
235 0.217304 -0.445658 -1.34161
235 -0.312755 0.470015 4.94157
235 -0.181973 -0.35191 4.94157
235 0.0858777 -0.0355049 4.94157
235 0.356784 -0.154246 -1.34161
235 0.238452 -0.104592 4.94157
235 -0.068693 -0.524491 -1.34161
235 -0.25195 0.407022 4.94157
235 0.29207 -0.00953404 4.94157
235 -0.561992 0.0357317 4.94157
235 -0.0855706 -0.175617 4.94157
235 0.330787 -0.212223 -1.34161
235 -0.07981 -0.259927 4.94157
235 -0.343912 0.447738 4.94157
235 -0.273162 -0.372166 4.94157
235 0.341005 -0.325843 -1.34161
235 0.039717 0.230448 4.94157
235 -0.242527 -0.00642114 4.94157
235 0.15413 0.351589 4.94157
235 0.500314 0.0414729 -1.34161
235 0.404917 -0.252067 -1.34161
235 0.159683 0.271342 4.94157
235 -0.23235 0.245572 4.94157
235 0.332909 0.375241 -1.34161
235 -0.0344479 0.150985 4.94157
235 0.334829 -0.450223 4.94157
235 0.202625 -0.349107 -1.34161
235 -0.472948 0.245333 4.94157
235 -0.271715 0.352023 4.94157
235 -0.410749 -0.228519 4.94157
235 -0.101977 -0.335387 4.94157
235 -0.34118 0.413627 4.94157
235 -0.203795 0.248651 4.94157
235 0.390036 -0.0382169 4.94157
235 0.121993 -0.369997 -1.34161
235 0.116403 -0.341624 -1.34161
235 -0.261698 -0.462485 -1.34161
235 0.315281 -0.111987 -1.34161
235 0.346337 0.182664 -1.34161
235 0.283762 0.452826 -1.34161
235 0.344848 0.320569 4.94157
235 0.300712 -0.401699 -1.34161
235 -0.197021 -0.490246 -1.34161
235 -0.11094 0.0197333 4.94157
235 0.150318 0.172192 4.94157
235 -0.190631 0.275875 4.94157
235 -0.0730674 0.229285 4.94157
235 -0.233379 -0.444173 4.94157
235 -0.244788 -0.383251 4.94157
235 -0.0532287 -0.271461 4.94157
235 -0.0573032 -0.214885 4.94157
235 0.289336 -0.258869 -1.34161
235 -0.28141 0.421612 4.94157
235 -0.182026 -0.29356 4.94157
235 0.124916 0.0521781 4.94157
235 -0.151501 0.0818536 4.94157
235 -0.475503 -0.0201143 4.94157
235 0.27268 0.277064 -1.34161
235 0.205225 -0.0102375 4.94157
235 -0.19427 0.329777 4.94157
235 -0.0613701 0.155795 4.94157
235 -0.181406 -0.322751 4.94157
235 0.415017 -0.0242407 -1.34161
235 -0.165811 0.059252 4.94157
235 -0.063992 -0.131821 4.94157
235 0.335264 -0.132119 -1.34161
235 -0.426934 0.369525 -1.34161
235 0.414903 0.137884 4.94157
235 0.13613 0.373125 4.94157
235 0.558384 -0.0700967 -1.34161
235 -0.182457 -0.380217 -1.34161
235 0.160091 -0.505698 -1.34161
235 -0.167926 -0.110313 4.94157
235 -0.326573 -0.337978 4.94157
235 -0.0355279 -0.170369 4.94157
235 0.102176 -0.420629 -1.34161
235 -0.27252 -0.106013 4.94157
235 -0.534079 -0.170762 4.94157
235 0.236331 0.380691 -1.34161
235 -0.0599596 -0.0008045 -1.34161
235 0.204082 0.396974 4.94157
235 0.186242 0.531556 4.94157
235 0.344782 -0.104146 -1.34161
235 0.332493 -0.412666 -1.34161
235 -0.0882314 0.412038 4.94157
235 0.189776 -0.109119 4.94157
235 0.229118 0.0347739 4.94157
235 0.231464 0.160456 4.94157
235 -0.215054 -0.164375 4.94157
235 0.112663 -0.102805 4.94157
235 -0.136624 0.129826 4.94157
235 -0.24015 -0.178053 4.94157
235 -0.397939 -0.395342 4.94157
235 -0.295561 0.161425 4.94157
235 0.392219 0.40264 -1.34161
235 0.234981 -0.0202867 4.94157
235 0.242798 0.271201 4.94157
235 0.351649 0.129601 -1.34161
235 -0.0412524 0.562058 4.94157
235 -0.0603175 -0.467577 -1.34161
235 0.259026 0.167679 4.94157
235 -0.253839 0.102217 4.94157
235 -0.270382 -0.134218 4.94157
235 -0.0812022 -0.492291 4.94157
235 0.562292 -0.0334635 4.94157
235 0.377038 0.186366 4.94157
235 0.0731045 0.329561 4.94157
235 0.268018 -0.173021 -1.34161
235 0.451477 0.278641 -1.34161
235 0.481413 0.131352 -1.34161
235 0.309883 -0.235463 -1.34161
235 0.288424 -0.117142 -1.34161
235 -0.24431 0.218528 4.94157
235 0.186244 0.217422 4.94157
235 -0.445362 0.0194347 4.94157
235 -0.224604 0.385625 4.94157
235 -0.263969 -0.312401 4.94157
235 -0.363254 0.0567137 4.94157
235 -0.0406884 -0.115288 4.94157
235 -0.411514 0.0965679 4.94157
235 -0.0279493 -0.473311 -1.34161
235 0.352015 -0.0764047 4.94157
235 -0.33078 -0.371855 4.94157
235 0.119874 0.349733 4.94157
235 0.122103 0.0786946 4.94157
235 -0.112789 0.552939 -1.34161
235 -0.215253 0.0339804 4.94157
235 0.384804 0.271635 -1.34161
235 -0.209309 -0.279303 4.94157
235 -0.164859 0.00500908 4.94157
235 -0.211655 -0.394868 4.94157
235 0.0309674 0.500558 4.94157
235 -0.0816344 -0.231508 4.94157
235 -0.50738 0.243518 4.94157
235 0.21986 -0.479744 -1.34161
235 0.239044 -0.392176 -1.34161
235 0.0373605 0.135011 4.94157
235 -0.52709 0.0851595 4.94157
235 -0.4194 0.0012705 4.94157
235 0.163923 -0.124776 4.94157
235 -0.28903 0.0285673 4.94157
235 0.398157 0.302547 4.94157
235 -0.405108 -0.170664 4.94157
235 -0.116087 0.254899 4.94157
235 0.243196 0.192065 4.94157
235 -0.407195 0.247651 4.94157
235 0.0140229 -0.0316647 4.94157
235 -0.140338 0.387586 4.94157
235 -0.534177 -0.0192975 4.94157
235 0.1083 -0.0189035 4.94157
235 0.195366 -0.319619 -1.34161
235 0.122162 0.549266 4.94157
235 -0.427212 -0.198436 4.94157
235 -0.32316 0.233263 4.94157
235 0.070921 0.279059 4.94157
235 -0.346496 -0.176088 4.94157
235 0.218868 0.0613065 4.94157
235 0.461274 0.0436848 4.94157
235 -0.277807 0.114523 4.94157
235 -0.158177 0.227345 4.94157
235 -0.233588 0.0827694 4.94157
235 -0.33069 0.34691 4.94157
235 0.304816 0.148848 -1.34161
235 -0.104857 -0.00856267 4.94157
235 0.105583 0.37846 4.94157
235 -0.304411 0.210745 4.94157
235 0.188193 -0.290992 -1.34161
235 0.189585 0.269194 4.94157
235 -0.0511143 -0.300045 4.94157
235 0.161285 -0.443827 -1.34161
235 -0.149864 0.358058 4.94157
235 0.0412503 -0.0706614 4.94157
235 0.289432 0.336834 4.94157
235 -0.0902877 -0.458526 -1.34161
235 -0.359104 0.117279 4.94157
235 0.137561 -0.140359 -1.34161
235 -0.222428 0.417426 4.94157
235 0.0705499 -0.468159 -1.34161
235 -0.0273736 0.415695 4.94157
235 0.0370027 0.180266 -1.34161
235 0.112698 -0.0751717 4.94157
235 0.441018 0.0682922 -1.34161
235 -0.216008 0.220127 4.94157
235 -0.299043 0.291242 4.94157
235 -0.0220212 -0.071261 4.94157
235 -0.452265 0.216528 4.94157
235 0.35059 -0.356665 -1.34161
235 -0.0593811 -0.186967 4.94157
235 -0.0795809 -0.0194215 4.94157
235 0.351101 -0.273717 -1.34161
235 0.335058 0.0235274 4.94157
235 0.110653 -0.313529 -1.34161
235 0.0931719 0.17796 4.94157
235 0.187433 -0.0815963 4.94157
235 -0.469531 0.0732008 4.94157
235 0.114789 0.432468 4.94157
235 0.0636315 0.49769 4.94157
235 -0.0310553 -0.226269 4.94157
235 0.506586 -0.244364 -1.34161
235 -0.298663 -0.0904486 4.94157
235 -0.0739738 0.332872 4.94157
235 0.368431 0.425237 -1.34161
235 0.410834 0.333845 -1.34161
235 0.35993 -0.0486657 4.94157
235 0.287719 0.172527 4.94157
235 0.153775 -0.54011 -1.34161
235 0.430532 -0.108839 -1.34161
235 0.430187 -0.359665 -1.34161
235 0.194552 -0.191137 -1.34161
235 0.361237 -0.4289 -1.34161
235 0.348894 0.047712 4.94157
235 -0.373554 -0.418272 4.94157
235 -0.1637 0.330355 -1.34161
235 0.487034 0.218765 4.94157
235 0.365531 0.296679 4.94157
235 -0.294747 -0.0311433 4.94157
235 0.271652 0.0661691 4.94157
235 -0.276806 -0.402717 4.94157
235 0.0529188 -0.289851 -1.34161
235 -0.368729 -0.19916 4.94157
235 -0.321046 -0.161343 4.94157
235 -0.0176233 -0.370154 -1.34161
235 -0.014658 -0.126109 4.94157
235 -0.165461 -0.137758 4.94157
235 -0.0587356 0.359864 4.94157
235 -0.210203 -0.250143 4.94157
235 -0.421012 -0.0302199 4.94157
235 -0.28285 0.317885 4.94157
235 0.30559 0.0190223 -1.34161
235 -0.551535 -0.108446 4.94157
235 0.246653 -0.303337 -1.34161
235 0.00738071 -0.351674 -1.34161
235 0.216598 0.133306 4.94157
235 0.115636 -0.184027 -1.34161
235 0.023597 0.0702026 4.94157
235 0.276494 -0.311022 -1.34161
235 0.445433 -0.162829 -1.34161
235 0.31871 -0.266921 -1.34161
235 0.0387659 -0.0417686 4.94157
235 -0.180877 0.356092 4.94157
235 0.116669 0.129514 4.94157
235 0.371425 -0.25022 -1.34161
235 -0.0877621 -0.148093 4.94157
235 0.32622 -0.379673 -1.34161
235 -0.266295 0.294135 -1.34161
235 0.41863 0.0855798 4.94157
235 0.43811 -0.250882 -1.34161
235 0.0980322 -0.520726 -1.34161
235 0.197355 -0.217556 -1.34161
235 0.437485 -0.078959 -1.34161
235 0.271286 0.196693 4.94157
235 -0.521232 0.211923 4.94157
235 0.111017 -0.0469522 4.94157
235 0.359076 0.211909 4.94157
235 0.16197 -0.0697854 4.94157
235 -0.5338 0.179167 4.94157
235 -0.00253964 0.0799794 4.94157
235 0.0340007 -0.526822 -1.34161
235 0.21466 0.292232 -1.34161
235 -0.476383 0.159988 4.94157
235 -0.265217 -0.222148 4.94157
235 0.253952 0.403517 4.94157
235 -0.236787 0.351656 4.94157
235 -0.367275 0.198519 4.94157
235 -0.335774 0.204761 4.94157
235 0.467624 -0.188755 -1.34161
235 0.311878 0.314222 4.94157
235 0.328995 0.207321 4.94157
235 -0.262834 -0.281404 4.94157
235 -0.212676 -0.36643 -1.34161
235 -0.365485 0.0255307 4.94157
235 -0.163231 0.476988 4.94157
235 0.137842 -0.0864067 4.94157
235 0.544448 -0.141249 -1.34161
235 -0.0479234 -0.0601212 4.94157
235 0.143271 0.24809 4.94157
235 0.501853 0.0724544 4.94157
235 0.171967 -0.337935 -1.34161
235 -0.552883 0.108625 4.94157
235 0.105997 0.462476 4.94157
235 -0.153878 0.17878 4.94157
235 -0.170752 0.126754 4.94157
235 0.0537511 0.0308443 4.94157
235 0.39711 -0.307412 -1.34161
235 0.472031 0.0713103 -1.34161
235 0.0139086 -0.16487 4.94157
235 0.217971 -0.298995 -1.34161
235 0.0188632 -0.560315 -1.34161
235 -0.0818445 0.115547 4.94157
235 -0.299614 0.341653 4.94157
235 -0.189297 0.49842 4.94157
235 0.0426102 -0.204567 4.94157
235 -0.104634 -0.276705 4.94157
235 0.342508 0.447303 -1.34161
235 0.526177 -0.0831334 -1.34161
235 -0.481565 -0.287117 4.94157
235 0.261236 0.247942 4.94157
235 0.088807 -0.491031 -1.34161
235 -0.0162615 0.28216 4.94157
235 0.321963 0.260783 4.94157
235 0.468346 0.191074 -1.34161
235 -0.177579 0.303608 4.94157
235 0.322139 0.125068 -1.34161
235 0.166413 -0.179416 4.94157
235 -0.059023 0.130286 4.94157
235 -0.311963 0.436357 4.94157
235 -0.377059 0.169281 4.94157
235 0.0515957 0.157088 4.94157
235 0.283525 -0.0372881 4.94157
235 -0.039971 -0.415714 -1.34161
235 0.51091 -0.150182 -1.34161
235 0.130834 -0.457197 -1.34161
235 -0.131807 0.279848 4.94157
235 0.180182 0.0027076 4.94157
235 0.246557 -0.462528 -1.34161
235 -0.00955412 -0.181486 4.94157
235 -0.192287 0.146877 4.94157
235 -0.247797 0.132839 4.94157
235 0.422417 -0.13802 -1.34161
235 -0.444228 -0.343717 4.94157
235 -0.392085 0.0134396 4.94157
235 -0.458625 -0.110516 4.94157
235 -0.0491821 -0.558104 -1.34161
235 0.306494 -0.470326 -1.34161
235 -0.412993 -0.279187 4.94157
235 -0.0562301 0.102371 4.94157
235 0.419713 0.00556766 4.94157
235 -0.361465 -0.258466 4.94157
235 -0.254001 0.325728 4.94157
235 -0.40764 0.163243 4.94157
235 -0.242007 -0.149176 4.94157
235 0.119759 -0.548299 -1.34161
235 0.417383 0.276266 4.94157
235 0.472972 0.303613 -1.34161
235 0.403814 -0.195769 -1.34161
235 0.450811 -0.334146 -1.34161
235 -0.154136 -0.37072 -1.34161
235 -0.306228 0.104945 4.94157
235 -0.0462827 -0.357575 -1.34161
235 -0.0172051 0.231097 4.94157
235 0.103558 0.326434 -1.34161
235 0.420884 0.218566 -1.34161
235 -0.374013 0.304724 4.94157
235 0.435578 0.249109 -1.34161
235 -0.557557 -0.074248 4.94157
235 -0.240618 -0.354238 4.94157
235 0.159587 -0.0423017 4.94157
235 -0.296579 -0.0606168 4.94157
235 -0.424937 0.276526 4.94157
235 -0.145687 -0.0703641 4.94157
235 -0.14718 -0.435998 -1.34161
235 -0.361503 0.0877637 4.94157
235 0.457291 0.0993569 4.94157
235 -0.0698851 -0.0769337 4.94157
235 -0.208142 0.360643 4.94157
235 -0.446873 -0.0132029 4.94157
235 0.558028 0.076958 -1.34161
235 0.253995 0.436596 4.94157
235 0.444564 -0.0183501 -1.34161
235 0.215418 -0.122562 -1.34161
235 -0.317969 -0.0130829 4.94157
235 -0.118066 0.306357 4.94157
235 0.17231 0.114498 4.94157
235 0.0571666 0.305218 4.94157
235 -0.485465 0.214445 4.94157
235 -0.474391 0.0107218 4.94157
235 -0.417133 0.337343 4.94157
235 -0.0314885 0.205185 4.94157
235 0.355746 0.351959 4.94157
235 -0.186285 -0.207232 4.94157
235 0.097392 0.227881 4.94157
235 0.3742 -0.332665 -1.34161
235 -0.491697 0.275589 4.94157
235 -0.131376 0.00204297 4.94157
235 -0.113641 -0.548471 4.94157
235 0.0841923 -0.117354 4.94157
235 0.261921 -0.120363 4.94157
235 0.0244985 0.206058 4.94157
235 -0.244537 -0.0351272 4.94157
235 0.294867 -0.170518 -1.34161
235 0.211841 -0.0665572 -1.34161
235 -0.0928654 -0.0934483 4.94157
235 -0.207429 0.0931676 4.94157
235 -0.218546 -0.0223612 4.94157
235 0.329658 0.0724558 -1.34161
235 0.270015 -0.0651432 4.94157
235 -0.149522 -0.0156933 4.94157
235 0.219388 -0.18131 -1.34161
235 0.1998 0.432805 4.94157
235 -0.165015 0.0315827 4.94157
235 0.552493 -0.105967 -1.34161
235 -0.0208672 -0.340769 -1.34161
235 0.431854 0.306734 4.94157
235 -0.095326 -0.426174 -1.34161
235 0.352956 0.266599 4.94157
235 -0.237211 -0.235845 4.94157
235 -0.213522 -0.19286 4.94157
235 0.0486555 -0.447624 -1.34161
235 -0.338595 -0.404947 4.94157
235 0.526349 0.0923179 -1.34161
235 0.533492 0.178625 -1.34161
235 -0.190435 0.0454149 4.94157
235 -0.270508 -0.0478101 4.94157
235 0.243174 -0.426925 -1.34161
235 0.534342 -0.0139119 -1.34161
235 0.178756 -0.367176 -1.34161
235 -0.445441 -0.224445 4.94157
235 0.123148 -0.241062 4.94157
235 -0.157291 0.510813 4.94157
235 -0.268356 -0.342264 4.94157
235 -0.363353 -0.384068 4.94157
235 -0.013381 -0.500282 -1.34161
235 0.046586 0.0843156 4.94157
235 0.088076 -0.0637532 4.94157
235 0.0525394 0.204717 4.94157
235 -0.383346 0.333724 4.94157
235 -0.41728 0.0326721 4.94157
235 0.0120868 0.47183 4.94157
235 0.0605836 -0.1326 4.94157
235 -0.294922 -0.327152 4.94157
235 0.156648 -0.47577 -1.34161
235 0.378046 0.0509802 4.94157
235 -0.45777 0.276303 4.94157
235 -0.0956619 -0.0659948 4.94157
235 0.330033 -0.296337 -1.34161
235 0.203008 0.0201286 4.94157
235 0.045633 -0.232899 4.94157
235 0.0434598 0.332177 4.94157
235 0.268141 -0.281089 -1.34161
235 0.329409 -0.0560987 4.94157
235 -0.196735 0.39419 4.94157
235 -0.435936 -0.0860605 4.94157
235 -0.131093 -0.26389 4.94157
235 -0.0899389 0.0382493 4.94157
