785 0.810686 1.05757 4.68591
785 0.157894 -1.11104 6.79706
785 0.759125 0.755217 4.72541
785 -1.17477 0.0603255 2.60917
785 -0.374485 1.25279 3.66492
785 -1.08294 0.302403 2.54086
785 0.665563 -0.638856 0.384743
785 1.13471 0.157064 5.72185
785 -0.885902 -1.08033 1.67007
785 -0.394662 -1.12251 1.5269
785 -0.347161 -0.84461 1.44096
785 -0.721773 0.87362 3.62737
785 0.39725 0.626309 4.70726
785 -0.845351 -0.988397 1.60514
785 0.194211 -1.29428 6.84932
785 -1.33028 -0.0742789 2.49575
785 -0.0638468 1.17676 3.80979
785 -0.672071 -1.08362 1.61721
785 0.173251 -0.890817 0.610465
785 -1.20509 0.207312 2.55012
785 0.853838 0.655218 4.78907
785 -0.540882 1.24803 3.6388
785 -0.463759 -1.15782 1.37667
785 0.57189 -0.87608 0.568379
785 -0.493199 -1.19556 1.47467
785 -1.34746 0.150758 2.61109
785 -0.224895 1.02955 3.64721
785 -1.10469 -0.366158 2.51465
785 0.902259 0.892301 4.7891
785 -0.623471 1.06659 3.67922
785 0.467293 -1.32639 0.615474
785 0.923061 0.944202 4.73591
785 -0.870636 0.748111 3.45382
785 -0.329285 1.26313 3.65309
785 0.351237 -0.764012 0.425366
785 -0.932476 -1.09645 1.63909
785 1.24322 0.123453 5.72432
785 -1.06982 0.192715 2.60025
785 -0.686685 -1.13408 1.44111
785 0.719317 -0.863658 0.486447
785 1.1941 -0.37834 5.92076
785 0.521376 1.19959 4.61226
785 0.738543 -0.700403 0.294928
785 -0.958977 0.0759198 2.50435
785 0.53603 -0.889444 0.531713
785 -1.03969 -0.158372 2.56313
785 1.37284 -0.274277 5.80331
785 1.02401 0.918808 4.91935
785 0.678734 -1.19754 0.38696
785 0.396338 -1.1614 0.5241
785 0.774259 0.00893765 5.79797
785 0.456949 0.895854 4.64304
785 0.499515 1.30047 4.56947
785 0.838843 0.235827 5.72125
785 0.856663 0.599756 4.87639
785 -0.455949 -1.19947 1.53492
785 -0.469479 0.651551 3.65817
785 1.03301 -0.228219 5.70418
785 0.609379 -1.07498 0.55977
785 -1.33977 -0.307604 2.47621
785 1.16902 -0.0486781 5.76524
785 1.0882 -0.255077 5.77259
785 0.90476 -0.89113 6.7095
785 -0.482898 1.20717 3.55859
785 -0.452658 -0.728299 1.55427
785 0.661992 -0.690788 0.387001
785 0.207707 -0.83418 0.468684
785 0.460258 1.07807 4.79634
785 -0.456532 0.835795 3.49129
785 -0.770851 0.627754 3.48133
785 -1.01183 -0.0164548 2.43675
785 -0.655985 -0.727786 1.55412
785 -0.885513 0.640462 3.43448
785 -0.880552 -1.00076 1.5327
785 -0.732269 -1.20384 1.62095
785 -0.714756 0.911606 3.52047
785 0.644472 0.780566 4.80161
785 -0.983103 -0.0326569 2.45961
785 -0.823076 -0.156252 2.55585
785 -0.91315 -0.936952 1.54919
785 -1.14177 0.22965 2.65193
785 0.237145 0.989937 4.64021
785 -0.97219 0.261932 2.68558
785 -0.553776 -0.710728 1.48638
785 -0.948147 0.951344 3.45428
785 -0.455996 1.40039 3.78136
785 0.696604 1.0954 4.69844
785 1.13244 -0.390301 5.75145
785 0.985448 0.155426 5.74499
785 0.789442 -0.773847 0.435336
785 -0.188995 1.21439 3.85066
785 -0.100976 1.29546 3.80704
785 -0.437531 -1.30828 1.46131
785 -1.00629 -0.774164 1.65006
785 -0.509826 -0.732547 1.64452
785 0.131011 -0.922211 0.515366
785 1.03812 0.244074 5.64521
785 0.513397 0.593871 4.7303
785 -1.31757 0.39195 2.66828
785 -0.892166 1.05737 3.53989
785 0.373906 0.748799 4.76867
785 -0.65778 -0.670392 1.55632
785 0.766684 0.953046 4.77692
785 0.847156 -0.655971 0.321408
785 0.496487 1.07502 4.76474
785 0.455319 1.21671 4.72621
785 0.903222 -0.740043 0.360883
785 -0.153084 1.29733 3.78515
785 0.81175 -0.709426 0.308405
785 -0.948629 -0.653618 1.67468
785 0.998837 -0.443724 5.8578
785 0.241184 -1.12364 0.511252
785 -0.931354 -1.00973 1.58103
785 -0.295122 -1.06509 1.53318
785 -0.596053 0.850336 3.69284
785 0.677447 -1.13834 0.513751
785 -1.34439 -0.192375 2.57418
785 0.57598 1.05473 4.83016
785 0.971585 0.856307 4.78873
785 1.02932 0.721438 4.89428
785 -0.320951 -0.806867 1.48635
785 1.03676 0.203328 5.64648
785 0.712571 -1.05794 0.476559
785 0.333067 -1.02404 0.565679
785 -0.422403 0.803819 3.74337
785 1.10624 -0.367084 5.81042
785 1.02311 0.656253 4.90201
785 -1.29451 -0.33462 2.38364
785 0.409839 0.806838 4.74898
785 -1.07021 -0.679046 1.74223
785 0.228211 -0.774224 0.494826
785 -1.01357 1.0381 3.48549
785 -0.666034 -1.27201 1.52793
785 0.967436 -0.328211 5.75701
785 0.287915 0.933921 4.72849
785 -0.34218 0.883521 3.59628
785 0.553126 1.16231 4.63063
785 -0.640879 0.958075 3.49015
785 -1.32085 -0.0359505 2.47207
785 1.36872 -0.238665 5.86784
785 -0.559159 0.785517 3.60527
785 1.26203 -0.300124 5.73428
785 -0.580745 -0.935798 1.57462
785 -0.636845 0.839033 3.69099
785 1.13647 -0.486706 5.95654
785 -0.385097 -1.19482 1.50609
785 0.412468 1.22824 4.74059
785 -0.569938 0.605504 3.61692
785 0.83937 0.676192 4.94205
785 -0.516268 1.28316 3.59912
785 0.470096 -0.952268 0.51926
785 -1.21066 -0.191757 2.47427
785 0.200119 -1.22675 0.497157
785 -0.772799 0.835557 3.54155
785 0.280488 -1.15422 0.663205
785 0.546612 0.71264 4.73226
785 -0.376306 -1.27287 1.39153
785 -1.25558 -0.343866 2.44163
785 0.92092 -0.07363 5.65688
785 0.999873 0.103088 5.70994
785 -0.924549 0.27967 2.65609
785 -0.527864 0.699134 3.55964
785 -0.979372 -0.307343 2.38717
785 -0.384425 0.611399 3.62253
785 -0.875358 0.89764 3.42358
785 1.24191 -0.458324 5.84633
785 -0.377197 0.720347 3.67233
785 -0.527231 -0.871064 1.43317
785 -0.62479 -0.69803 1.57917
785 -1.1838 0.49309 2.74412
785 0.390149 0.935675 4.68089
785 -0.994336 -0.0504228 2.64417
785 1.06049 0.33405 5.64549
785 0.295355 -1.27881 0.636588
785 -0.578299 -1.09945 1.4065
785 0.736332 -0.781984 0.45161
785 0.556513 -1.00687 0.454691
785 0.208102 -1.04489 0.463116
785 0.360367 1.09586 4.76568
785 0.973671 -0.750234 0.309314
785 1.159 0.289323 5.71545
785 -0.836116 0.819595 3.62341
785 1.06605 0.022037 5.78079
785 -0.926406 1.13241 3.52596
785 1.10444 0.37202 5.62344
785 1.26159 -0.128105 -0.538548
785 0.815551 0.00324019 5.7103
785 0.629076 0.914794 4.64722
785 1.22634 0.303917 5.60799
785 0.904526 0.59606 4.87867
785 -0.47389 -1.05524 1.37868
785 -0.159459 -1.07353 1.37823
785 1.17523 -0.0896032 5.72515
785 0.898485 -0.189885 5.67828
785 1.09901 -0.32038 5.79946
785 0.577335 -0.926398 0.465578
785 0.444376 -0.921052 0.446007
785 0.521651 -0.644439 0.512355
785 -0.336377 -0.774885 1.46706
785 -1.01741 0.237017 2.68757
785 0.63392 0.639085 4.78417
785 -0.232371 -1.26279 1.42354
785 -1.2741 -0.242652 2.55421
785 -0.525767 0.74459 3.62962
785 -0.728112 -0.0144981 2.52792
785 -0.445335 -1.09386 1.53643
785 0.924351 -0.277049 -0.45948
785 -0.69614 1.32379 3.61655
785 -1.01874 -0.222155 2.53691
785 1.30021 -0.417632 5.87643
785 -0.722239 -1.04749 1.57389
785 0.834491 -1.01821 6.61303
785 -1.05529 0.233966 2.58086
785 -0.947936 0.722167 3.49101
785 0.771093 -0.800571 6.56204
785 1.09827 -0.465256 5.84887
785 1.26594 -0.0433205 5.75184
785 -0.144585 1.05535 3.79297
785 0.881995 0.6834 4.89425
785 -0.692563 -0.61177 1.65859
785 -0.418033 1.1007 3.68603
785 1.29693 -0.139357 5.80836
785 -0.96047 -0.162399 2.57341
785 -0.725053 -0.936114 1.62947
785 -0.288381 -1.29487 1.41679
785 0.978336 -0.165942 5.74854
785 0.926912 0.794262 4.7612
785 0.920395 -0.1358 5.67114
785 0.499311 -0.593663 6.70656
785 -0.713174 -0.981742 1.62937
785 -1.00703 0.403873 2.63949
785 0.759078 0.0895584 5.75249
785 -0.620948 1.15615 3.72278
785 -0.338281 1.31768 3.72402
785 0.765973 0.863774 4.72282
785 -0.671771 -1.20955 1.60886
785 -0.891634 1.16352 3.49489
785 1.26869 -0.0186467 -0.409236
785 -1.01336 -0.695378 1.68983
785 0.353705 -1.06578 0.478091
785 -1.07712 -0.799376 1.67946
785 -0.080481 1.11592 3.77894
785 0.640003 -1.17565 0.466704
785 -0.469309 0.713247 3.61636
785 -1.04613 -0.343721 2.48921
785 -0.295919 -1.01992 1.5382
785 0.362638 1.17466 4.74008
785 0.986181 -0.0506295 5.71284
785 -0.253821 0.696961 3.66183
785 -1.18852 -0.0197417 2.71343
785 -0.916213 0.983335 3.45023
785 -0.337043 -1.01101 1.41128
785 -1.00043 0.15307 2.67748
785 -0.378739 -0.898536 1.39121
785 0.480957 0.568863 4.76883
785 -1.17546 0.337898 2.60886
785 -1.00562 -0.114061 2.4488
785 -1.40659 -0.079427 2.61483
785 0.468617 0.832129 4.66286
785 0.698391 0.0462509 5.68
785 0.491974 -1.19356 0.581482
785 0.335418 -0.875781 6.87571
785 -1.11859 0.171212 2.52179
785 -1.22498 -0.165691 2.39496
785 -0.638644 -0.930354 1.58609
785 -0.637343 0.566054 3.52598
785 0.976366 0.905035 4.79347
785 -0.275154 1.18581 3.69945
785 -0.571626 0.830963 3.52203
785 -1.19033 -0.108272 2.61693
785 0.16819 -0.764751 0.59253
785 -0.29445 0.858873 3.61618
785 0.529445 0.518495 4.83398
785 -0.591827 0.756051 3.58945
785 -0.374431 -0.95715 1.54237
785 -0.61786 -0.501944 1.62044
785 -0.409601 1.17312 3.78921
785 0.303186 0.681606 4.73316
785 0.838294 -0.344282 5.84325
785 -0.83402 -1.04567 1.57024
785 0.601509 0.901843 4.69069
785 -0.379743 0.67735 3.63338
785 0.240735 -0.91241 0.526858
785 0.291009 -0.791123 6.74642
785 0.701175 -0.979963 0.330774
785 0.352316 -1.31982 0.530607
785 -0.934118 -0.741461 1.71155
785 0.290579 -0.743907 0.426822
785 -0.605771 1.28502 3.63936
785 -1.19579 0.296171 2.6188
785 -0.229666 1.2736 3.72469
785 -1.383 0.219676 2.59523
785 0.608233 0.717518 4.69391
785 0.68534 0.509257 4.88972
785 0.309614 -0.860329 6.73806
785 -0.450828 -0.831918 1.62995
785 -0.580629 -0.894001 1.53301
785 -0.736608 1.22936 3.57402
785 0.262475 0.765045 4.75428
785 1.22831 0.0372094 5.61774
785 -0.311885 1.20825 3.73318
785 0.279987 1.22285 4.66633
785 -0.944045 0.345302 2.68249
785 0.885197 0.971365 4.74961
785 0.452662 -0.883128 6.79494
785 -0.894058 -0.701798 1.71441
785 -1.21973 0.0758327 2.62422
785 0.647563 -0.881897 0.506116
785 0.755267 -0.61221 6.59277
785 -0.198992 -1.13139 1.48098
785 -0.841088 -0.684327 1.61916
785 -0.687093 1.12596 3.62949
785 0.314538 -0.603262 0.47482
785 0.639677 -1.1323 0.372128
785 -0.623464 1.34454 3.61202
785 -0.844992 -0.211124 2.5107
785 -0.918139 -0.271193 2.51265
785 0.177242 -0.98686 0.443878
785 -0.905181 -0.143279 2.62125
785 1.16609 -0.33714 -0.495635
785 -0.644671 0.763579 3.59386
785 -0.837504 -0.575119 1.62326
785 0.9369 1.00719 4.8849
785 0.352945 0.649644 4.74659
785 1.0778 -0.23457 5.89551
785 -0.681035 -0.963571 1.69339
785 0.544612 -0.729499 0.421656
785 0.435415 0.837572 4.70138
785 -1.14679 -0.226164 2.42465
785 -1.36596 0.330684 2.70551
785 -0.259517 -0.931875 1.5486
785 1.13857 0.19641 5.7494
785 -1.29502 0.0309273 2.5463
785 0.803963 1.1463 4.83426
785 1.09964 0.147957 5.65181
785 0.257187 0.874126 4.70149
785 -0.378101 0.923672 3.59417
785 -0.943081 -0.242109 2.47054
785 -0.735279 -0.0630825 2.55725
785 -1.01336 -0.147361 2.45948
785 -0.342589 0.636333 3.60884
785 0.711129 0.866407 4.71681
785 1.09609 -0.136321 5.86185
785 0.860598 -0.956802 0.397783
785 0.844976 -0.276108 5.8187
785 0.396404 -1.04877 0.45798
785 0.893609 -0.358012 5.85834
785 0.613588 0.513093 4.84336
785 -0.7713 -1.23047 1.56442
785 -0.398709 -1.30706 1.51652
785 0.385881 0.970554 4.7522
785 0.98751 -0.863235 0.313321
785 1.19474 0.140969 5.59124
785 -0.560253 0.917602 3.61972
785 0.264488 1.02923 4.60788
785 -1.15576 0.380526 2.61633
785 0.599523 -1.20756 0.434072
785 0.504539 0.63431 4.81774
785 -0.92768 0.74085 3.37205
785 -1.3238 0.225523 2.65757
785 -0.308656 -1.18731 1.43511
785 -0.56789 -0.786997 1.57225
785 -0.879078 0.267902 2.56552
785 0.865395 0.947012 4.86648
785 -0.561873 -1.02037 1.55109
785 -0.133512 1.10274 3.74384
785 1.02176 0.178004 5.55837
785 -1.2362 0.335227 2.57816
785 0.990625 0.963513 4.90428
785 1.14393 -0.105872 5.6659
785 1.13311 -0.0169863 5.79817
785 0.625111 -0.887416 0.395612
785 -0.770555 -1.18583 1.53463
785 -0.931807 1.03238 3.5498
785 -1.23233 -0.404063 2.46639
785 -0.552032 -1.16414 1.39274
785 0.895163 -0.00434152 5.63056
785 -1.23251 0.448828 2.72914
785 -1.28885 -0.204877 2.5266
785 -0.248151 1.09386 3.81689
785 0.493042 -0.805736 6.82618
785 -0.855899 0.0988607 2.4844
785 -0.505554 -0.901629 1.64918
785 -0.377707 0.886506 3.67191
785 -0.203102 -1.17529 1.34773
785 0.770015 -0.0232822 5.68019
785 0.293612 0.777641 4.71141
785 -1.03764 0.317497 2.65786
785 0.398098 0.869601 4.75374
785 -0.569059 1.01847 3.69023
785 0.325244 0.719738 4.77298
785 -1.31897 0.0520714 2.47586
785 -0.381616 -0.744752 1.48383
785 -0.3918 0.960974 3.70901
785 -0.58383 1.09144 3.51898
785 -0.598781 -0.771641 1.53962
785 0.755238 -0.163263 5.8126
785 -0.267847 1.01759 3.64744
785 0.360282 0.865021 4.79221
785 -1.08769 -0.14433 2.48922
785 -0.801169 1.10659 3.53212
785 -0.792447 1.03978 3.64564
785 0.52339 -0.567489 0.462812
785 -0.95195 -0.692152 1.72664
785 -0.688857 0.837455 3.63125
785 -0.693656 -1.16913 1.52948
785 -1.07155 -0.744822 1.68602
785 -0.982397 0.206829 2.66773
785 0.980414 0.372193 5.61297
785 0.879363 1.08151 4.78597
785 1.22812 0.408091 5.60788
785 0.94264 -0.178703 5.74465
785 -0.277653 0.986229 3.73747
785 -0.365722 0.791931 3.55051
785 -0.880972 -0.94326 1.62119
785 0.562175 -1.27713 0.568324
785 -1.20201 0.1288 2.63635
785 0.855276 0.0537442 5.72502
785 -0.475426 0.589313 3.59109
785 -0.458868 1.27081 3.64243
785 -0.861337 0.0461803 2.48484
785 -0.796908 0.024182 2.60383
785 0.612553 1.03998 4.75572
785 -0.715868 0.617504 3.55674
785 -0.45267 -0.888065 1.47683
785 0.629965 0.747156 4.84256
785 0.719157 1.04814 4.65783
785 0.762402 0.561338 4.90329
785 -0.424665 0.740182 3.67185
785 -0.39145 0.823158 3.62112
785 1.3411 0.188562 5.62133
785 0.764862 -0.703817 0.404039
785 1.08349 0.189977 5.71822
785 -0.118716 1.17102 3.84419
785 -0.397725 1.37926 3.67613
785 -1.13765 -0.260658 2.56791
785 0.364808 1.28957 4.65187
785 1.04565 0.382242 5.64038
785 0.987163 0.642919 4.96078
785 0.697205 -0.68858 0.447695
785 -0.60755 -1.19671 1.5223
785 -0.731021 -0.62958 1.58994
785 0.537141 -0.775053 0.515041
785 -0.293697 -0.760965 1.55073
785 1.32968 0.309648 5.65695
785 -1.14661 -0.0670845 2.40393
785 0.82069 -1.11275 0.36571
785 0.223002 -1.08473 0.481469
785 0.593356 0.680333 4.76332
785 0.851881 -0.74359 0.326742
785 -1.44024 0.021891 2.49947
785 -1.12758 0.265104 2.5263
785 0.768013 0.899557 4.79154
785 -0.726446 1.10279 3.67859
785 -0.531798 -0.666779 1.53806
785 -0.77063 0.146624 2.56918
785 -0.700698 0.678819 3.60725
785 0.464989 0.785714 4.70543
785 0.880021 1.01274 4.72772
785 1.18052 0.172241 5.66603
785 0.980791 0.0404057 5.79331
785 0.830308 -0.045153 5.73028
785 -0.738549 0.952893 3.4801
785 -0.521093 -0.563528 1.62144
785 -0.609694 1.12739 3.50705
785 1.00014 -0.269712 5.72956
785 -0.344655 1.103 3.59912
785 -0.536015 0.862576 3.54001
785 -0.738058 -1.08653 1.56678
785 -0.524215 0.582659 3.59237
785 -0.10088 1.00972 3.79231
785 -0.495497 1.23016 3.77723
785 -0.623274 -0.799744 1.47935
785 -0.879984 -0.075743 2.62124
785 -0.734343 1.18566 3.68641
785 0.961561 0.759774 4.78634
785 -0.610771 -0.981197 1.42073
785 0.245077 -1.16513 0.606648
785 0.914587 1.06662 4.74591
785 -1.02963 0.715513 3.39112
785 -1.08904 0.09899 2.62755
785 -0.993779 0.300591 2.68657
785 0.425995 0.997868 4.65152
785 -0.881059 0.137222 2.45986
785 -0.828851 -0.928472 1.64597
785 -1.07902 0.436109 2.63734
785 0.230723 -0.694466 0.55165
785 -0.469768 -1.32562 1.38704
785 0.709817 -0.0920188 5.76484
785 -1.12487 -0.0899312 2.45306
785 -0.308069 1.16082 3.80269
785 0.637413 0.988328 4.61423
785 -1.0083 -0.644917 1.68773
785 0.918657 0.0432921 5.75831
785 -1.11395 -0.342721 2.37992
785 0.465369 1.14485 4.61635
785 -0.831803 -0.00951243 2.46239
785 1.35251 -0.0917746 5.73608
785 -0.302332 -0.681275 1.57036
785 0.477571 -0.752532 0.469556
785 0.381109 0.587816 4.78283
785 0.481908 -1.12809 6.80634
785 0.10044 -1.11452 0.612214
785 0.941199 -0.998707 0.420806
785 -0.894888 -0.0138904 2.48375
785 0.483716 -0.648501 0.451546
785 0.470221 -1.01458 0.558052
785 1.17401 0.239478 5.64994
785 -0.532385 0.633107 3.63074
785 1.39633 0.123729 5.71679
785 1.24192 -0.366178 5.77353
785 -0.685667 0.985565 3.53302
785 0.426293 0.958155 4.60604
785 0.714227 0.54684 4.795
785 1.38851 -0.147007 -0.517561
785 0.816517 -0.172075 5.70173
785 1.34357 -0.0436333 5.74493
785 0.777805 -0.657336 6.68425
785 -0.36354 -0.652099 1.49543
785 0.127123 -1.03857 0.616025
785 1.01485 0.292517 5.60056
785 1.09131 0.0775401 5.60668
785 -0.600649 1.1913 3.72033
785 -0.374247 1.31361 3.75043
785 0.855157 -0.8919 6.68138
785 0.740116 0.188861 5.65216
785 1.11483 0.239536 5.72865
785 0.311379 0.861484 4.64594
785 -0.263694 0.758364 3.68145
785 -0.523672 1.05535 3.54086
785 -1.2278 -0.277039 2.52785
785 0.729618 1.12438 4.76314
785 0.281657 -1.20165 0.497428
785 -1.28176 0.183167 2.50645
785 0.557064 0.573627 4.72387
785 0.828897 1.17861 4.75466
785 -0.480833 0.979709 3.54993
785 -1.23797 0.130625 2.56392
785 -0.995954 -0.185002 2.57483
785 0.673115 -1.24521 0.439547
785 -0.91732 0.108173 2.57677
785 0.428739 1.13953 4.66814
785 0.313146 0.808234 4.66271
785 0.237966 -1.23854 0.572772
785 0.454214 -0.619661 6.68767
785 0.669905 1.13306 4.84796
785 0.69857 1.16857 4.75192
785 -0.982279 -0.968196 1.58471
785 -0.824546 0.617426 3.46819
785 0.47811 0.733525 4.82148
785 -0.693902 -0.691031 1.52266
785 -0.21796 0.834442 3.66757
785 0.0815322 -1.04917 0.65051
785 -0.508277 -0.959586 1.47775
785 -0.169557 0.852091 3.65038
785 -0.422902 0.62677 3.62945
785 0.517797 1.24811 4.59061
785 -0.690831 0.727627 3.57572
785 0.683786 0.915219 4.86032
785 0.597024 1.09209 4.75736
785 -1.39317 -0.190129 2.49566
785 -0.712253 -0.865546 1.54842
785 0.715744 0.892309 4.85345
785 -0.588136 0.977959 3.53596
785 -0.838635 -0.10417 2.56764
785 -0.199547 0.984597 3.65955
785 -1.04147 -0.0919914 2.39868
785 -0.852451 -0.623728 1.66847
785 0.431519 -1.21351 0.618555
785 -0.117038 1.20853 3.78645
785 -0.723462 -0.832367 1.53632
785 0.382759 -0.821813 0.367406
785 0.527802 1.12897 4.69685
785 0.93775 0.63333 4.88745
785 -0.79434 -0.0372341 2.61629
785 -0.848682 -1.11239 1.66071
785 1.31368 -0.245486 5.69699
785 -0.261545 0.807343 3.63965
785 -0.220339 0.913767 3.78278
785 0.71137 -1.14157 0.559508
785 0.788278 -1.00913 0.348514
785 0.269116 0.84584 4.65519
785 0.704777 -0.952285 0.466481
785 -1.07155 0.39065 2.64659
785 1.00537 0.332867 5.61764
785 0.425576 -1.15296 0.596844
785 -0.973441 0.831999 3.53944
785 0.73522 1.18761 4.6629
785 0.430328 -1.25662 0.532978
785 0.612047 0.959282 4.85424
785 0.836769 0.857519 4.76901
785 -0.771833 0.0741221 2.52355
785 0.809556 0.211083 5.68659
785 -0.686448 -0.517014 1.63139
785 -0.272329 0.950629 3.78921
785 -0.276824 -0.807681 1.59411
785 -0.111929 1.04902 3.70461
785 0.343265 -1.24868 0.584331
785 -0.446815 1.12532 3.59946
785 -0.831108 -0.0731951 2.48226
785 0.680985 1.25171 4.64859
785 1.0785 0.10708 5.6412
785 0.271782 -0.982286 0.651891
785 -0.455851 -0.662114 1.61579
785 -0.803215 -0.898588 1.54941
785 0.52684 -1.2642 0.475944
785 0.772145 -0.934075 0.500414
785 -0.329663 -0.615156 1.53721
785 0.326446 1.22687 4.54157
785 -0.189126 1.17914 3.75248
785 -0.567943 1.28288 3.61977
785 -0.478498 -0.77542 1.55811
785 0.850846 -0.149921 5.84314
785 -0.530432 -0.990586 1.41489
785 0.565393 -1.05592 0.568426
785 -0.319495 1.35736 3.7299
785 1.06707 0.757745 4.87679
785 0.806914 0.0715142 5.67867
785 0.831819 -1.07541 6.6803
785 -1.24014 0.250478 2.6453
785 0.517424 1.05764 4.70149
785 -0.753296 -1.15183 1.46294
785 -0.884406 0.85604 3.45389
785 0.306075 1.2714 4.62638
785 0.775748 0.153795 5.74636
785 1.05851 -0.41331 5.87217
785 -0.300289 0.738673 3.68605
785 0.426318 0.671097 4.69027
785 0.346085 1.06182 4.58111
785 0.824154 -0.0905152 5.71649
785 0.926254 -0.0376029 -0.449727
785 1.05213 -0.122232 5.70076
785 0.885887 0.112143 -0.647463
785 0.278021 -0.840264 0.550063
785 0.7554 -0.961578 0.453876
785 -0.234202 0.739283 3.60884
785 1.13587 -0.303978 5.83788
785 0.835297 0.16929 5.70409
785 0.792673 -0.852393 0.433772
785 -1.16216 -0.341873 2.44659
785 0.887359 -0.142731 5.81037
785 -1.31527 -0.107987 2.52237
785 1.18511 0.368624 5.55172
785 0.404058 -1.00332 0.500456
785 -0.79421 0.984523 3.54711
785 -0.333659 0.676158 3.5739
785 -1.27087 0.145249 2.52444
785 0.525086 -0.698491 0.525375
785 0.702321 0.576342 4.86681
785 0.533747 0.901666 4.85974
785 0.686983 0.664147 4.81303
785 -0.287219 1.0569 3.59809
785 0.699766 0.707338 4.69282
785 -1.03145 -0.894057 1.63915
785 0.400496 -0.572473 0.456828
785 -0.846645 -0.77827 1.57665
785 -0.295547 0.808255 3.68949
785 0.353561 0.808898 4.64083
785 0.424608 -1.10353 0.420129
785 -0.20305 1.08438 3.71326
785 -0.674034 0.880177 3.6012
785 1.19344 0.00899068 5.66444
785 -1.10975 -0.239028 2.48114
785 -0.572834 1.33649 3.58769
785 0.399994 1.08551 4.70277
785 0.607144 -0.69769 0.412311
785 0.612051 1.27308 4.67245
785 1.17951 -0.208504 5.84756
785 -1.08411 -0.107893 2.4438
785 -1.02788 0.0383959 2.5667
785 -0.436751 -1.13172 1.38394
785 -0.848688 1.19246 3.51346
785 0.507409 0.981533 4.7297
785 -0.450697 -1.25368 1.43304
785 -0.575337 -1.21977 1.58079
785 0.569524 -1.1018 0.510363
785 -0.517766 0.994042 3.64669
785 -0.853806 1.0246 3.52606
785 1.37847 0.213877 5.68695
785 -1.00312 -0.37107 2.41912
785 -0.697792 0.763661 3.49638
785 1.21197 0.0850293 5.609
785 0.87223 0.746967 4.86322
785 -0.53209 -0.732631 1.53282
785 0.722691 -1.20024 0.450886
785 -1.31918 0.32974 2.63327
785 0.467717 -1.28258 0.497922
785 -0.523973 1.17002 3.75941
785 0.788106 -0.226238 5.82617
785 -0.547527 -0.895582 1.63764
785 -0.296328 1.39013 3.72628
785 0.913221 0.707921 4.87231
785 -0.629771 -1.11156 1.62129
785 -0.226399 -1.20982 1.41174
785 -0.599966 -0.726986 1.61974
785 1.13931 0.0895792 -0.517067
785 -0.237544 -1.04879 1.50344
785 -0.176761 1.13006 3.72114
785 0.589373 -0.571822 0.397737
785 0.516735 -1.06227 6.70792
785 -0.345946 -1.05647 1.53999
785 0.663555 0.852562 4.71414
785 -0.212489 1.24176 3.65966
785 0.882894 0.181931 5.72757
785 -0.38869 -1.04717 1.56971
785 -0.446011 1.35998 3.70113
785 0.838045 1.12385 4.71471
785 -0.454127 0.667077 3.51994
785 0.332549 0.952266 4.77133
785 0.584002 1.00863 4.61819
785 1.40938 0.0506559 5.72071
785 0.866162 0.0324033 5.62224
785 1.22914 -0.0916514 5.70553
785 -0.97065 -1.05407 1.63153
785 1.3346 -0.14392 5.73575
785 -0.742228 1.28278 3.6731
785 1.31311 0.227854 5.61879
785 -0.552641 1.09696 3.4823
785 -0.676481 -0.765757 1.54143
785 -0.878205 0.956724 3.53987
785 0.831506 0.928997 4.68244
785 -1.23068 -0.223819 2.53417
785 -0.419313 -0.804088 1.50965
785 -0.549451 -1.18673 1.61717
785 1.15463 0.376253 5.66632
785 0.737703 0.0299347 5.75577
785 1.37652 -0.0162809 5.8201
785 -0.404341 0.779372 3.63659
785 0.69495 1.04236 4.83138
785 0.547348 -1.14481 0.370984
785 -0.900578 -0.814224 1.54603
785 1.29075 0.159075 5.74557
785 0.75441 -0.228642 5.73704
785 -0.282491 -0.719522 1.56762
785 -0.288035 1.3193 3.67701
785 -1.0015 -0.857044 1.71002
785 -1.18358 -0.434539 2.36631
785 -0.529574 -1.05947 1.58225
785 -0.759916 0.692595 3.48023
785 -0.578868 -0.848887 1.43678
785 -0.958599 -0.599954 1.71468
785 -0.406979 1.03005 3.60841
785 1.06023 -0.0552279 5.67992
785 -0.805745 -0.716563 1.70975
785 0.544723 0.873588 4.75141
785 0.406811 -0.843675 0.529632
785 -1.17019 0.107781 2.49489
785 -0.438618 -0.905053 1.62025
785 0.954299 -0.251329 5.83528
785 -0.101674 1.24417 3.77121
785 1.13585 0.0272705 5.77864
785 0.875279 -0.700652 0.351855
785 0.548881 0.66084 4.79513
785 -0.840502 1.08396 3.53947
785 0.957229 0.108753 5.80399
785 -0.221946 0.875082 3.66433
785 1.32427 -0.357365 5.9069
785 -1.03387 0.824987 3.51017
785 -0.310317 -1.11204 1.34901
785 0.75992 1.07313 4.69441
785 -0.303111 -0.840588 1.5292
785 1.15459 -0.519632 5.88199
785 0.681499 -0.0166437 5.73559
785 1.04465 -0.525211 5.95138
785 0.525913 1.01828 4.70128
785 0.895968 -0.945799 0.453701
785 -0.323741 -1.14404 1.45816
785 0.804755 0.616759 4.79341
785 0.298885 -1.0868 0.42616
785 -1.18411 -0.211014 2.59092
785 -1.02361 0.355204 2.62316
785 0.376655 -0.793141 0.48368
785 0.891256 0.154744 5.64009
785 -0.597446 -1.01705 1.49312
785 -1.15043 -0.131506 2.44941
785 0.382699 -1.2254 6.8854
785 -0.894708 -0.596861 1.66401
785 0.64359 1.04346 4.69453
785 -0.990147 -0.73061 1.7102
785 0.882955 -0.272307 5.75544
785 0.205852 -0.918883 6.7327
785 0.481569 -0.838631 0.37545
785 -1.16543 0.263659 2.6117
785 -0.64164 0.913398 3.53502
785 0.544545 -0.827781 0.385166
785 -0.61715 -1.05544 1.41653
785 0.611379 -0.749161 0.378329
785 0.511112 0.679336 4.84507
785 0.251305 -0.818033 0.455932
785 -0.209467 0.786866 3.61313
785 0.726292 -0.0429547 5.75035
785 -0.526453 0.955598 3.63026
785 0.453339 -0.807882 0.516831
785 0.488366 0.954829 4.60089
785 -0.243899 1.31372 3.67493
785 0.833158 -0.935498 6.59258
785 -0.582419 0.933239 3.74797
785 0.665308 -0.807103 0.35274
785 0.824808 0.7461 4.87625
785 -0.783849 1.22221 3.62568
785 0.668539 -0.771636 0.477801
785 -0.973701 0.374638 2.72804
785 -1.14974 -0.393593 2.47486
785 -0.483966 -0.546801 1.52219
785 -0.767237 -0.752784 1.66198
785 0.790737 0.828826 4.70729
785 1.17532 0.443952 5.57966
785 -0.522173 -1.12584 1.43479
785 1.25553 -0.265088 5.75522
785 0.704861 -0.140168 5.77959
785 0.229222 -1.28585 0.656598
785 0.392146 -1.30745 0.563327
785 0.681353 -0.922911 0.417042
785 -0.467978 -0.826985 1.43605
785 -0.467388 1.1774 3.73061
785 0.569037 0.61229 4.83168
785 -0.597213 0.883775 3.64394
785 -0.693154 1.18954 3.65471
785 -0.406125 -0.968925 1.4606
785 0.313042 -1.0386 0.414248
785 -1.20953 0.383483 2.56581
785 -0.959948 0.14691 2.48115
785 -0.571798 -0.527014 1.62736
785 0.803598 -0.118162 5.66901
785 1.17043 -0.25617 5.85553
785 -0.792482 -0.838999 1.7334
785 0.472815 -0.552746 0.374868
785 1.04423 -0.471595 5.90712
785 -1.19394 0.0119148 2.64722
785 -0.580868 -1.28115 1.56021
785 -0.633397 -0.548058 1.6199
785 -1.25579 0.040429 2.44936
785 0.93085 -0.312948 -0.491457
785 0.248276 1.0692 4.66358
785 -0.411178 0.913096 3.73473
785 0.349668 -0.710596 0.553701
785 0.964515 0.691085 4.94725
785 -0.196261 -1.00877 1.45518
785 1.34229 -0.182836 5.68469
785 0.416094 -0.617086 6.66563
785 1.01391 0.0279487 5.77071
785 1.12813 -0.184204 5.67277
785 0.903547 0.224673 5.72799
785 -0.761514 0.00867651 2.49253
785 1.08968 -0.18002 5.85286
785 0.557633 0.960855 4.71404
785 1.41231 -0.0384616 5.77457
785 0.343334 -0.927252 0.596693
785 -1.35107 0.0961995 2.6346
785 0.680936 1.00527 4.6752
785 -0.472604 -0.951315 1.58253
785 -0.876781 0.7043 3.52995
785 -0.806288 0.83856 3.59962
785 -0.660375 0.595409 3.48523
785 -0.338085 0.974739 3.74063
785 1.21502 -0.0357406 5.64553
785 1.31731 0.266638 5.63524
785 0.335378 -0.990195 0.632349
785 -0.689466 1.07334 3.48724
785 0.485223 -0.906185 0.5701
785 -0.912238 0.812395 3.42866
785 -0.36324 1.05635 3.60018
785 -0.35255 1.18664 3.73588
785 -0.692142 1.05051 3.64786
785 -1.26382 -0.0703383 2.59027
785 -0.449476 -1.02271 1.48902
785 -0.459562 0.948413 3.52902
785 1.40995 -0.075741 5.70272
785 -0.529514 -0.607909 1.63935
785 -0.291463 1.12854 3.63323
785 1.25698 0.235763 5.66203
785 0.453336 1.03086 4.67212
785 0.521571 -1.22449 0.522655
785 -0.211368 -0.907359 1.41866
785 -0.483771 -0.998563 1.4801
785 -1.02081 -0.816384 1.66564
785 -0.339084 -0.669751 1.56648
785 0.653161 -0.989655 0.351221
785 0.298485 -0.724996 0.570177
785 -0.611089 -0.638723 1.51575
785 -1.30232 0.13329 2.60439
785 0.425499 -0.883927 6.6081
785 -0.877356 -0.189527 2.43331
785 0.797468 1.09629 4.79774
785 -0.781214 -1.10062 1.54574
785 -0.798814 -0.5711 1.66335
785 1.05041 0.120795 5.71061
785 -0.454771 1.01417 3.54343
785 0.981968 0.204047 5.74654
785 1.0095 -0.336416 5.78526
785 -0.93842 -0.0945269 2.53296
785 0.656128 -0.733271 0.372255
785 0.940009 0.0771894 5.77025
785 0.695274 -0.610424 6.69766
785 -0.625196 1.2271 3.59348
785 0.421983 0.896275 4.67901
785 -0.971503 1.01641 3.59076
785 -0.765439 -0.902132 1.61261
785 0.933676 0.15531 5.78076
785 1.21996 -0.239858 5.7866
785 0.645712 0.566874 4.82788
785 0.712058 0.102242 5.70619
785 0.971444 -0.816055 0.336276
785 0.53784 -0.928376 0.349015
785 -0.936241 0.893081 3.4545
785 0.682687 1.20312 4.78525
785 -0.420088 -0.678781 1.61772
785 -1.35864 -0.266315 2.44696
785 0.876768 -0.998862 0.343681
785 -1.41963 -0.00702537 2.55793
785 0.952243 -0.943012 0.261956
785 0.217648 0.884022 4.67375
785 0.951783 -0.0649106 5.79548
785 -0.947537 -0.891601 1.61599
785 -1.24987 0.285349 2.58828
785 -0.8563 -1.16144 1.57925
785 -1.14448 -0.00802202 2.42748
785 0.43997 -1.01688 0.507316
785 1.27888 0.296118 5.68498
785 1.34215 0.122924 5.6992
785 -0.641596 1.29103 3.66523
785 0.483096 -0.697708 0.495881
785 -0.602901 -1.26768 1.42295
785 1.29878 -0.0574171 5.7068
785 0.399895 1.29702 4.58414
785 1.33768 0.051951 5.63249
785 0.28774 -1.31754 0.540451
785 -0.540318 0.899331 3.47772
785 -0.83391 -0.863154 1.54092
785 -0.721455 -0.576472 1.62593
785 0.460878 1.31115 4.63533
785 -0.180371 0.905958 3.64347
785 -0.198192 -0.942121 1.50027
785 -0.283037 -1.22391 1.4674
785 -0.865821 -0.819333 1.58687
785 -0.663141 0.63945 3.58648
785 0.750557 -1.08943 0.452093
785 0.778829 -0.881319 0.375942
785 0.320931 -0.644202 0.535181
785 -0.973213 0.942528 3.57148
785 0.726976 0.719558 4.8611
785 1.24069 0.333084 -0.585486
785 -0.431146 -0.605872 1.48681
785 0.93011 -0.820599 0.275436
785 1.01117 -0.0939401 5.85322
785 -0.911336 0.310602 2.55685
785 0.993506 -0.396102 5.84925
785 -0.615776 -0.892515 1.50045
785 0.706231 -0.798652 0.375644
785 -0.424391 1.06817 3.72889
785 -0.777678 -0.156192 2.50493
785 -0.294966 -0.930435 1.47361
785 1.26204 0.0606748 5.74524
785 -0.165019 0.958682 3.66812
785 -0.295472 -0.98383 1.43798
785 -0.351425 0.834665 3.56874
785 0.893687 0.825466 4.77101
785 0.511519 -1.09869 0.593193
785 0.227173 0.939796 4.67633
785 -1.1946 0.167329 2.5363
785 -0.38027 1.20481 3.78514
785 1.01767 0.775103 4.91188
785 0.590793 -0.621454 0.431671
785 0.391595 0.676114 4.80858
785 0.851075 -0.801304 0.390097
785 1.05231 -0.33033 5.74476
785 0.435222 -1.07303 0.488502
785 1.09429 -0.0506723 5.82027
785 0.735478 0.750727 4.91293
785 -0.388563 -0.591884 1.54169
785 -0.772031 -0.647225 1.6912
785 -0.557149 1.20618 3.69743
785 -0.263372 1.24803 3.7672
785 -0.501118 -1.28001 1.40912
785 -1.02091 -0.931619 1.66444
785 -0.815797 0.658488 3.43428
785 0.995197 -0.207051 5.7116
785 -0.768542 -0.112392 2.4803
785 -0.103523 0.954418 3.76784
785 -0.494405 1.02538 3.60543
785 -1.23919 0.0169444 2.61953
785 0.57611 0.891892 4.75098
785 -0.758741 0.914277 3.53563
785 0.687906 -0.891706 0.511946
785 1.17988 -0.298443 5.85987
785 0.965975 0.290349 -0.580269
785 1.11569 0.312801 -0.638783
785 0.642896 -1.04621 6.83752
785 -0.396855 -1.02075 1.44742
785 -1.41941 0.0891698 2.49102
785 -0.924743 0.14125 2.53749
785 0.624478 1.21873 4.7763
785 -1.01858 0.920175 3.60338
785 -0.75628 -0.548033 1.62433
785 -0.823916 0.254071 2.63004
785 0.979915 -0.12494 5.7474
785 0.386226 0.724251 4.67405
785 1.05678 0.882949 4.90253
785 0.76962 0.801579 4.89178
785 -0.958438 -0.328862 2.45453
785 -0.237813 -1.1088 1.4845
785 -0.197849 1.35641 3.77781
785 0.586034 -0.798969 0.357734
785 0.613077 -0.649935 0.340771
785 1.04368 -0.181324 5.74933
785 1.17122 0.0968559 5.58903
785 1.2168 -0.133515 5.67137
785 0.581107 -0.985476 0.519303
785 0.621437 0.586869 4.87657
785 -1.1002 0.00527592 2.62265
785 -0.772258 -1.0623 1.47096
785 0.777157 -0.0677791 5.68397
785 -0.78826 0.890367 3.52151
785 -0.413701 1.31888 3.75141
785 -0.321285 -1.26062 1.43217
785 -0.504001 0.82761 3.65189
785 -0.728589 1.01748 3.56252
785 -0.948613 -0.0487865 2.52299
785 0.533959 -0.969877 0.454376
785 -0.256921 -0.980318 1.50795
785 -0.926247 -0.847488 1.67909
785 0.745579 0.662349 4.73489
785 -1.27473 0.386963 2.6023
785 -0.732573 -0.772535 1.70998
785 0.523369 0.842834 4.79637
785 -0.284176 -0.883878 1.46632
785 -0.939634 0.00909097 2.5256
785 0.72141 0.80361 4.719
785 0.621875 1.16689 4.80851
785 -1.3713 -0.117829 2.59075
785 -1.08757 0.259814 2.57653
785 0.388125 -0.737377 0.469456
785 -0.794393 0.20199 2.59101
785 -0.648171 -0.830291 1.52178
785 -0.752449 0.7963 3.52762
785 -0.763842 -0.947039 1.62596
785 0.201362 -0.715253 0.511699
785 1.29202 -0.209311 5.79194
785 0.841655 -0.842343 0.395302
785 -0.996647 0.776381 3.5053
785 -1.06249 0.0401223 2.4976
785 -0.96152 -0.81334 1.6406
785 1.19937 0.279968 5.57962
785 1.06574 -0.28504 5.75746
785 -0.714137 -0.737184 1.52301
785 -0.988604 0.0702833 2.59331
785 0.3459 -1.1732 6.87532
785 -0.367059 1.01149 3.61054
785 0.823488 0.960944 4.89289
785 0.447062 0.600741 4.75238
785 -0.607776 0.672156 3.65227
785 -0.803096 -0.62162 1.67063
785 -1.08122 -0.198911 2.46494
785 -0.380615 1.10731 3.63572
785 0.721163 -0.196115 5.78518
785 -1.14053 0.41302 2.56673
785 1.19362 -0.45528 5.81537
785 -1.07268 -0.310936 2.47431
785 0.736827 -1.00198 0.430915
785 0.942647 -0.437004 5.89533
785 -0.904919 -0.0452665 2.55952
785 -1.06801 -0.242746 2.50061
785 -0.522829 -0.814703 1.66036
785 -0.763084 -0.811456 1.5128
785 -0.453531 -0.535823 1.60484
785 0.591611 0.804684 4.85347
785 -0.266091 -1.12975 1.41732
785 0.923554 -0.775854 0.312427
785 -0.329059 -0.932225 1.41885
785 0.357572 0.912176 4.76759
785 1.18401 -0.422469 5.9012
785 -0.865506 0.217707 2.56246
785 -0.864397 0.0165276 2.6363
785 -0.502369 -0.66888 1.61786
785 -1.02869 0.111215 2.54115
785 -0.477609 1.33524 3.75071
785 -1.10495 0.0506769 2.6111
785 0.249618 1.1875 4.59909
785 0.565681 0.753421 4.73804
785 -0.460988 -0.625699 1.60035
785 -0.230188 -0.857734 1.52124
785 -1.07832 -0.853014 1.69658
785 -1.22348 -0.0865968 2.44722
785 0.370244 -0.661514 0.389567
785 -0.93805 -0.132699 2.54065
785 -0.76025 1.12909 3.49799
785 0.115524 -1.22023 6.92365
785 -0.668589 -0.57389 1.58217
785 -1.38953 0.0539803 2.52921
785 -1.03216 0.960378 3.50492
785 -0.764306 1.0549 3.58092
785 1.09982 0.424536 5.6042
785 0.715499 0.952828 4.74785
785 0.390395 1.02579 4.6669
785 -0.298045 1.02129 3.81571
785 0.233623 1.14405 4.64936
785 -0.783912 -0.689784 1.61306
785 -0.666789 -0.909009 1.53836
785 0.211723 -1.17606 0.481141
785 -0.835266 -0.74087 1.64029
785 -0.492641 1.11309 3.61605
785 1.15689 -0.153962 5.69075
785 0.241563 -0.967233 0.513155
785 0.843969 0.107101 -0.565708
785 -0.751053 0.979299 3.69062
785 -0.668693 0.947088 3.60373
785 -0.83011 0.717947 3.53473
785 -0.986904 -1.00941 1.60487
785 0.771415 0.597718 4.7773
785 0.625157 -0.802062 0.35066
785 -0.551471 -0.822039 1.57599
785 0.801142 0.126681 5.67798
785 -0.284069 0.910857 3.57236
785 -1.27351 -0.158678 2.48748
785 0.886416 0.778582 4.91861
785 0.784287 0.695991 4.78974
785 0.648843 1.10057 4.77917
785 -0.667663 1.20976 3.59927
785 0.672394 0.699761 4.87606
785 0.413718 -0.693673 0.536908
785 -0.486539 0.911379 3.55054
785 0.398793 1.14328 4.74597
785 0.350205 -1.10334 0.440062
785 -1.06341 0.125897 2.53296
785 -0.350969 -1.23605 1.38574
785 -0.730381 0.0832258 2.57508
785 0.265542 -1.01323 0.553325
785 -1.27744 0.00150972 2.6781
785 -0.891736 -0.660006 1.63703
785 1.03788 0.827919 4.84981
785 -0.82425 0.979166 3.64891
785 0.879033 -1.06449 0.420914
785 -0.878022 -0.245566 2.49981
785 -1.27872 -0.396918 2.41411
785 1.1205 -0.0878894 -0.423235
785 -0.952733 0.671215 3.43058
785 -0.811219 0.904157 3.6562
785 0.868001 0.290509 5.63369
785 0.492103 1.24 4.73577
785 0.269748 1.10755 4.68582
785 0.439809 1.18965 4.57322
785 -0.799971 1.16307 3.64847
785 0.2953 1.07216 4.58541
785 0.812756 0.90146 4.79769
785 1.07236 0.274953 5.67452
785 -0.818235 -0.970985 1.69335
785 1.05647 -0.0105059 5.68785
785 -0.373921 -0.706392 1.62076
785 -0.961588 1.08116 3.49674
785 -0.617823 1.03343 3.74332
785 -0.814558 0.0819519 2.52375
785 -0.973185 0.897074 3.6202
785 -0.900972 1.09494 3.4345
785 0.902246 -0.401657 5.87623
785 -0.571848 -0.661951 1.50739
785 -1.39339 0.145992 2.52473
785 0.759054 -1.17066 0.485262
785 0.325393 -1.20417 0.529596
785 -0.36714 0.742614 3.55582
785 -0.219422 1.13291 3.77858
785 0.951341 0.00597453 5.77474
785 -0.817403 -0.820779 1.63925
785 0.441964 0.717518 4.7628
785 -0.39501 -1.16982 1.38781
785 0.215051 1.02984 4.67362
785 1.01614 -0.139318 5.85104
785 0.30037 1.1545 4.61742
785 0.856179 -0.210497 5.80461
785 -1.33745 0.258538 2.59004
785 -0.918214 0.222141 2.62387
785 0.171885 -1.1493 0.54082
785 -0.480004 0.801554 3.54062
785 -0.644369 -1.16526 1.524
785 -0.44565 -1.05597 1.58743
785 -0.432945 1.22634 3.57973
785 -0.409543 -0.770853 1.56941
785 -0.958314 0.776526 3.42854
785 0.23105 -1.02966 0.551193
785 -1.11333 0.376386 2.73354
785 -0.544036 0.661625 3.55628
785 1.27976 -0.368989 5.8425
785 0.607106 0.840923 4.74782
785 0.871819 -0.0778316 5.80762
785 1.24785 -0.216014 5.83738
785 0.916528 0.855101 4.79552
785 -0.607819 1.09155 3.64902
785 0.514516 0.750457 4.75971
785 -0.824104 0.145436 2.52407
785 -0.776829 0.734037 3.58828
785 0.508332 -1.03032 0.362965
785 0.552481 0.784882 4.8086
785 0.624926 -0.954009 0.466581
785 0.755379 1.02038 4.66296
785 -1.12979 -0.177403 2.42968
785 -1.06357 -0.00647779 2.69606
785 -0.578352 -0.593632 1.65854
785 -1.28717 0.307502 2.69905
785 1.28309 0.116512 5.73044
785 0.58506 -1.13719 6.68392
785 -1.40338 -0.0394311 2.60238
785 -1.32075 -0.168921 2.44794
785 0.805836 -0.268155 5.7636
785 -0.803809 0.771975 3.52277
785 -0.690576 -1.03643 1.63221
785 0.452938 -0.716116 0.409851
785 1.22461 0.160615 5.80265
785 -0.5767 0.68821 3.60633
785 0.918958 0.290597 5.69233
785 -0.604768 -0.571493 1.64166
785 -1.13818 0.104908 2.58873
785 0.415179 -0.951911 0.45061
785 -0.910978 -1.0344 1.69579
785 1.01735 -0.00786066 5.73751
785 0.200143 -0.966008 0.507879
785 -1.36508 0.00293705 2.58268
785 0.638038 -1.10264 0.529803
785 0.143401 -0.877701 6.82773
785 -0.88485 -0.883153 1.67011
785 -0.234279 0.964896 3.68629
785 -0.55853 -1.07391 1.49657
785 -0.719514 0.779385 3.65021
785 -0.907285 0.0787667 2.62714
785 0.309498 -0.89929 0.409656
785 0.64559 0.818953 4.66128
785 -0.595798 0.72744 3.66351
785 -0.653131 0.701065 3.62589
785 -1.02978 -0.260977 2.55394
785 1.30291 0.0105907 5.84031
785 0.297546 -0.662769 0.447318
785 -0.35396 -0.88064 1.49051
785 -0.475597 0.867558 3.62199
785 -0.779993 -0.99214 1.68965
785 0.416551 -0.780463 0.507968
785 0.161734 -0.804905 0.510388
785 -1.20368 -0.326921 2.47633
785 -0.946671 0.850843 3.47361
785 -0.610789 0.797638 3.5383
785 -0.496943 0.776841 3.65916
785 1.27658 0.400754 5.55957
785 -0.230463 -0.788614 1.52476
785 0.35406 1.0025 4.77855
785 -0.56816 1.04488 3.55273
785 1.35092 0.0862786 5.66794
785 -1.11206 0.118493 2.47036
785 0.642745 -0.589206 0.413108
785 0.692436 0.633906 4.75742
785 0.951112 0.229215 5.75256
785 0.310831 -0.940971 0.54259
785 -0.683023 -0.870546 1.58533
785 -0.674826 1.28091 3.72115
