990 0.234506 1.02016 4.59329
990 0.840709 -0.82693 6.66456
990 0.660266 0.804327 4.74475
990 -1.39063 0.231125 2.66148
990 -0.812987 0.984291 3.63717
990 -1.18822 0.302241 2.68349
990 0.287276 -1.04132 0.583277
990 0.899564 -0.272517 5.89003
990 -0.423311 -0.975693 1.59258
990 -0.348288 -0.792144 1.60804
990 -0.690882 -0.712215 1.57179
990 -0.783343 0.923572 3.64944
990 0.298173 0.68117 4.72744
990 -0.289849 -1.31278 1.35747
990 0.637243 -0.732538 6.6504
990 -1.32505 0.234137 2.51363
990 -0.525514 0.878667 3.55899
990 -0.729419 -1.17859 1.44953
990 0.792534 -0.790419 0.31251
990 -1.17997 -0.341213 2.39095
990 0.532021 1.16422 4.66505
990 -1.02987 0.957905 3.44744
990 -0.201101 -0.828928 1.41785
990 0.609997 -0.758661 0.335027
990 -0.887971 -1.14728 1.5745
990 -1.36171 0.267254 2.63399
990 -0.732316 0.802011 3.51217
990 -1.1509 0.394505 2.68513
990 0.937286 1.01015 4.80783
990 -0.192497 0.795535 3.70213
990 0.720241 -1.05788 0.562079
990 0.430528 0.963717 4.60529
990 -0.643438 0.660166 3.49349
990 -0.40838 0.784642 3.53487
990 0.617025 -0.902804 0.484134
990 -0.596311 -1.25915 1.48348
990 1.08218 -0.449372 5.90365
990 -1.15614 -0.0809503 2.55637
990 -0.78923 -0.743319 1.54007
990 0.973496 -0.811403 0.326987
990 1.00649 -0.0801176 5.7253
990 0.890845 1.08642 4.70444
990 0.335792 -0.924202 0.419943
990 -1.25182 0.116741 2.57576
990 0.402921 -1.32706 0.548744
990 -1.33536 0.0643274 2.69603
990 1.30248 -0.294439 5.83448
990 0.887381 0.57045 4.89793
990 0.196513 -1.06477 0.514376
990 0.70439 -0.631514 0.348348
990 0.703216 0.0327379 5.76932
990 0.406163 0.590718 4.74741
990 0.286264 1.10438 4.625
990 0.914932 -0.112902 5.66868
990 0.451545 0.839552 4.69387
990 -0.426138 -1.19274 1.41068
990 -0.553042 1.08509 3.60695
990 1.12198 0.403958 5.6344
990 0.951096 -0.878275 0.390132
990 -1.35985 -0.293836 2.42173
990 0.857887 -0.386163 5.85266
990 0.801139 0.228563 5.67092
990 0.290035 -1.18145 6.91352
990 -0.040866 1.21645 3.87415
990 -0.553877 -1.25227 1.50949
990 0.400473 -1.09079 0.41434
990 0.470722 -0.789475 0.463741
990 0.79613 0.859577 4.79746
990 -0.263996 0.738054 3.6576
990 -0.666554 0.890071 3.62745
990 -1.27651 0.167024 2.65909
990 -0.798573 -1.18472 1.52691
990 -0.241234 0.803648 3.71583
990 -0.892552 -0.874649 1.7117
990 -0.23597 -1.18992 1.35142
990 -0.858872 0.853783 3.44473
990 0.696876 0.761663 4.68259
990 -1.20533 0.0671812 2.70372
990 -0.73276 0.0605843 2.58132
990 -0.992116 -0.64951 1.73773
990 -1.28894 0.00730646 2.59785
990 0.272198 0.829754 4.73392
990 -0.931713 0.211065 2.66935
990 -0.561995 -0.793799 1.586
990 -0.173859 1.01927 3.66032
990 -0.687595 1.13463 3.48393
990 0.626176 0.768311 4.85288
990 1.07956 -0.177963 5.66519
990 1.35215 0.245746 5.68378
990 0.229642 -1.04493 0.521526
990 -0.817674 0.80336 3.59443
990 -0.148341 0.919385 3.67265
990 -0.499732 -0.865898 1.39681
990 -0.745079 -0.54287 1.64032
990 -0.443038 -0.855171 1.5049
990 0.498949 -0.957562 0.539185
990 1.26301 -0.445904 5.8582
990 0.450238 1.25648 4.70617
990 -1.07319 -0.380455 2.46469
990 -0.701118 1.23701 3.73268
990 0.338806 0.994281 4.69049
990 -0.708863 -1.01972 1.45891
990 0.829874 0.897099 4.7457
990 0.351067 -0.888201 0.546406
990 0.919153 0.608263 4.88841
990 0.426218 1.10738 4.71376
990 0.735219 -0.935538 0.419157
990 -0.547666 1.21654 3.69903
990 0.204038 -0.963568 0.54876
990 -0.875626 -0.722103 1.58544
990 0.960564 0.307993 5.6069
990 0.197638 -1.15262 0.641021
990 -0.415599 -1.23659 1.51759
990 -0.854379 -0.771237 1.68326
990 -0.241385 0.839004 3.62627
990 0.610771 -1.22232 0.374977
990 -1.21621 -0.217769 2.5873
990 0.604038 1.00774 4.87341
990 1.01462 0.769848 4.84704
990 0.464621 1.1879 4.6574
990 -0.541354 -0.519913 1.58502
990 0.886213 0.169099 5.63119
990 0.619212 -0.852804 0.379512
990 0.0980077 -1.11231 0.606177
990 -0.108739 1.08002 3.73741
990 1.1423 -0.206082 5.70612
990 1.07096 0.710175 4.91908
990 -1.01985 -0.363392 2.42736
990 0.940355 0.804146 4.92844
990 -0.541334 -0.688321 1.46237
990 0.296637 -0.753051 0.468574
990 -0.482206 0.905084 3.5622
990 -1.03639 -0.869932 1.64372
990 0.840338 0.26614 5.63192
990 0.524189 0.818593 4.75512
990 -0.520954 0.651388 3.63979
990 0.618438 1.11974 4.5931
990 -0.592451 1.15165 3.58736
990 -1.36913 -0.169169 2.51145
990 1.10967 -0.0138748 5.80676
990 -0.916222 1.11938 3.49609
990 0.949595 -0.386252 5.81366
990 -0.737245 -0.929325 1.51261
990 -0.353311 0.85617 3.61192
990 1.16107 -0.405094 5.87036
990 -0.533728 -0.74966 1.61144
990 0.612017 0.558614 4.76455
990 -0.692063 0.995102 3.5471
990 0.478613 0.606876 4.83487
990 -0.0771674 1.03881 3.79283
990 0.889894 -1.03589 0.44874
990 -1.13306 -0.14005 2.51545
990 0.578181 -0.784185 0.322178
990 -0.434184 0.919709 3.54657
990 0.447077 -0.616239 0.393599
990 0.584094 0.583407 4.80343
990 -0.289324 -0.684 1.4792
990 -1.40606 0.100131 2.60223
990 0.958253 -0.283622 5.77844
990 1.33153 0.178042 5.71484
990 -0.8733 0.330157 2.67327
990 -0.615841 0.942983 3.54712
990 -0.743403 -0.072321 2.48093
990 -0.35049 0.693986 3.59909
990 -0.700634 0.805526 3.47453
990 1.07041 -0.328304 5.8241
990 -0.520372 0.715885 3.58773
990 -0.507175 -0.573755 1.60316
990 -0.579813 -0.866508 1.56586
990 -0.979859 -0.313767 2.48581
990 0.512277 0.890759 4.70702
990 -0.799254 0.00484653 2.59087
990 1.09755 0.190011 5.72479
990 0.424746 -0.764643 0.380435
990 -0.564375 -0.705605 1.64168
990 0.110463 -0.986884 0.577001
990 0.676604 -1.23537 0.435651
990 0.521872 -0.779799 0.543208
990 0.531285 0.976314 4.84229
990 0.892222 -0.845757 0.429359
990 1.13218 0.307741 5.69691
990 -0.412151 0.859592 3.72704
990 0.900317 0.052029 5.64991
990 -0.297181 1.34645 3.80233
990 0.994321 0.149172 5.69336
990 1.2272 -0.245117 -0.373329
990 1.22199 -0.16113 5.74013
990 0.230235 1.05191 4.68457
990 1.18403 0.179809 5.64554
990 0.494378 0.783728 4.79632
990 -0.423961 -0.7425 1.50729
990 -0.626105 -1.02829 1.62846
990 1.06242 0.172553 5.6858
990 0.767024 -0.250451 5.82135
990 0.8678 0.232225 5.58292
990 0.764683 -0.838801 0.524728
990 0.2011 -0.880914 0.541306
990 0.592312 -0.971998 0.43059
990 -0.678947 -0.657094 1.56247
990 -0.914306 -0.294598 2.46596
990 0.875552 0.71584 4.87919
990 -0.345858 -1.05905 1.4294
990 -1.28514 -0.121673 2.63931
990 -0.584777 1.06287 3.60008
990 -0.893367 0.0531994 2.51858
990 -0.647381 -0.779575 1.67346
990 0.742394 -0.0829133 -0.486374
990 -0.31886 1.18758 3.62634
990 -1.02518 -0.262789 2.46293
990 0.878036 -0.175069 5.6863
990 -0.73706 -1.22881 1.44774
990 0.879402 -0.693575 6.57162
990 -0.756943 -0.131386 2.47894
990 -0.40445 0.710919 3.72392
990 0.580173 -0.726377 6.82093
990 1.17219 -0.368462 5.90497
990 1.31546 0.266061 5.72309
990 -0.446191 0.820961 3.58307
990 0.823791 0.962642 4.70169
990 -1.05386 -0.746681 1.69508
990 -0.883408 1.00433 3.54516
990 1.38885 -0.102462 5.69402
990 -0.989106 0.16889 2.60102
990 -0.654852 -1.12397 1.59699
990 -0.704704 -0.952314 1.5031
990 1.24856 -0.348897 5.73417
990 0.869448 0.911442 4.72224
990 0.830143 -0.316564 5.81994
990 0.316464 -1.00075 6.88558
990 -0.363721 -1.29555 1.41166
990 -0.773965 0.17493 2.61769
990 0.99817 0.100149 5.73061
990 -0.673935 1.26901 3.52026
990 -0.864145 1.15162 3.47784
990 0.427607 1.17029 4.66066
990 -0.895869 -1.04608 1.47794
990 -0.813605 1.1171 3.67113
990 1.20888 -0.00642319 -0.419945
990 -0.632739 -0.700763 1.51351
990 0.265337 -1.08635 0.493469
990 -0.746645 -0.688673 1.58797
990 -0.699983 0.940074 3.66136
990 0.859296 -1.06738 0.414305
990 -0.77566 1.24842 3.6587
990 -0.882223 -0.174177 2.59198
990 -0.76079 -0.753634 1.63584
990 0.623927 1.14445 4.81367
990 0.933135 -0.210103 5.72657
990 -0.394131 0.600115 3.60642
990 -0.845508 -0.158349 2.50907
990 -0.150492 1.2581 3.77335
990 -0.816406 -1.02247 1.44097
990 -0.925063 0.0888735 2.61999
990 -0.414599 -1.12629 1.45447
990 0.622451 0.828973 4.7458
990 -1.06574 0.188801 2.67165
990 -1.33359 0.196859 2.61151
990 -1.12134 0.181105 2.68846
990 0.492257 0.669113 4.72452
990 1.06368 -0.087767 5.75607
990 0.379866 -1.02183 0.464244
990 0.479751 -0.591847 6.74698
990 -1.28647 -0.260421 2.47992
990 -1.05275 -0.220381 2.39731
990 -0.321727 -1.26358 1.44882
990 -0.812239 0.762064 3.46155
990 0.977933 0.827513 4.82569
990 -0.282553 0.870071 3.57855
990 -0.263773 0.927572 3.70487
990 -0.973509 0.371707 2.64168
990 0.780564 -0.704314 0.409589
990 -0.363642 0.904069 3.56371
990 0.429834 0.665632 4.74025
990 -0.198214 1.36218 3.76492
990 -0.785289 -0.793831 1.55163
990 -0.47627 -0.534498 1.58687
990 -0.481001 0.948716 3.74954
990 0.668558 0.987559 4.78058
990 0.976762 -0.340935 5.79216
990 -1.10428 -0.759659 1.6978
990 0.44655 0.87005 4.76554
990 -0.924848 1.07514 3.55215
990 0.25139 -0.784522 0.436091
990 0.4334 -1.15283 6.76145
990 0.631022 -1.13643 0.33509
990 0.164145 -1.11796 0.494125
990 -0.976057 -0.77906 1.7239
990 0.447714 -0.738694 0.421595
990 -0.980672 1.05308 3.5537
990 -0.793198 0.0928106 2.65579
990 -0.886242 0.778998 3.53154
990 -1.4246 -0.0297987 2.55191
990 0.492594 0.559096 4.7336
990 0.898661 0.655397 4.94904
990 0.353936 -1.22 6.75657
990 -0.334244 -0.622438 1.55474
990 -0.421348 -1.28489 1.35821
990 -0.906863 0.972695 3.61772
990 0.322925 0.928676 4.72171
990 1.18687 -0.154185 5.62578
990 -0.508794 1.25801 3.74169
990 0.382397 1.25196 4.62403
990 -0.955399 0.106528 2.55275
990 0.902736 0.781493 4.79349
990 0.430731 -1.11546 6.83018
990 -0.252264 -0.769257 1.50404
990 -0.956306 -0.161739 2.42815
990 0.503812 -0.840101 0.35761
990 0.550085 -0.87524 6.79081
990 -0.704414 -0.50462 1.66244
990 -0.859012 -0.630075 1.66602
990 -0.683502 1.08045 3.61483
990 0.200472 -0.740399 0.479301
990 0.610746 -1.08757 0.39916
990 -0.964742 0.858371 3.44046
990 -1.17233 -0.25349 2.43776
990 -1.02499 0.0086889 2.56125
990 0.341445 -0.769927 0.506906
990 -1.07505 -0.0350455 2.54077
990 1.03533 -0.32655 -0.366751
990 -0.469066 1.10257 3.64013
990 -0.452872 -0.957322 1.49741
990 0.679063 0.872339 4.85175
990 0.53926 1.04147 4.74436
990 1.21663 0.205684 5.73231
990 -0.380628 -1.00586 1.56698
990 0.706834 -0.898454 0.367973
990 0.540451 0.940314 4.79492
990 -1.12096 -0.21753 2.56455
990 -1.23562 0.319934 2.64349
990 -0.512843 -1.01787 1.45466
990 1.21855 0.0966718 5.73755
990 -1.2985 -0.332165 2.38349
990 0.276919 1.25309 4.6231
990 1.15295 0.280862 5.66485
990 0.512998 0.608131 4.77235
990 -0.522091 1.16839 3.56302
990 -1.327 -0.209189 2.53493
990 -0.932154 -0.170118 2.547
990 -0.834589 -0.0507039 2.47088
990 -0.445152 0.78786 3.64673
990 0.233736 0.972611 4.68352
990 1.16123 -0.257368 5.81288
990 0.723527 -0.761923 0.358641
990 0.829073 -0.0137589 5.84482
990 0.213944 -1.18636 0.45794
990 1.13827 0.11648 5.66325
990 0.444121 0.729843 4.74087
990 -0.948216 -0.906929 1.60898
990 -0.508349 -0.982966 1.39736
990 0.485523 0.935858 4.63201
990 0.904377 -0.967615 0.350014
990 1.04743 0.308306 5.58744
990 -0.432986 1.27976 3.62398
990 0.344241 0.880191 4.6664
990 -1.06558 -0.272361 2.36276
990 0.256439 -1.25294 0.625581
990 0.508148 1.28802 4.73054
990 -0.618809 0.82021 3.62859
990 -1.1122 0.428973 2.61064
990 -0.246793 -1.05443 1.49767
990 -0.681641 -0.541573 1.66908
990 -0.950524 -0.0670899 2.47796
990 0.782895 1.14196 4.82249
990 -0.421295 -1.3227 1.41702
990 -0.338428 1.15664 3.7733
990 1.05039 0.39843 5.63484
990 -1.12398 0.00731052 2.44887
990 0.693168 0.905353 4.68978
990 1.06139 0.109046 5.59679
990 1.20729 0.272086 5.74387
990 0.841771 -1.01182 0.42653
990 -0.787322 -0.948164 1.69215
990 -0.237802 1.39306 3.85182
990 -1.22839 -0.327163 2.51709
990 -0.238787 -0.72854 1.44924
990 0.886197 -0.324298 5.79049
990 -1.17312 0.141101 2.51626
990 -1.26026 -0.216106 2.52739
990 -0.342898 0.786803 3.59098
990 0.189287 -0.992413 6.77297
990 -0.786332 0.209276 2.58575
990 -0.604524 -1.19549 1.57591
990 -0.622338 1.32302 3.72748
990 -0.496974 -0.767491 1.59214
990 0.955771 -0.0993659 5.73445
990 0.561359 1.14166 4.63307
990 -1.28133 0.199748 2.58263
990 0.616592 1.19314 4.78232
990 -0.58449 0.939368 3.52079
990 0.60505 0.928986 4.69274
990 -1.15379 -0.282029 2.49303
990 -0.352612 -0.693566 1.64266
990 -0.360475 1.34431 3.67993
990 -0.56735 0.797982 3.50207
990 -0.920782 -0.857442 1.59785
990 0.940844 -0.0312758 5.79999
990 -0.685322 1.18958 3.7361
990 0.401374 0.745731 4.80766
990 -1.17309 -0.427501 2.42026
990 -0.631227 1.21402 3.58835
990 -0.601618 1.2842 3.57203
990 0.562509 -0.953741 0.346285
990 -0.800039 -0.57655 1.68176
990 -0.706963 1.30777 3.60324
990 -0.989522 -1.00824 1.66314
990 -0.939897 -0.785882 1.73958
990 -0.994283 -0.12112 2.6041
990 0.743522 -0.12526 5.72027
990 1.0237 0.688975 4.94931
990 0.934744 0.076945 5.78827
990 0.778021 -0.0406045 5.84598
990 -0.386041 1.1889 3.67995
990 -0.604696 0.742117 3.63535
990 -0.719793 -1.26112 1.54732
990 0.712622 -0.712249 0.460619
990 -1.04337 -0.0185327 2.63758
990 1.26086 0.0968799 5.69512
990 -0.745188 1.27325 3.61704
990 -1.00556 0.901099 3.49946
990 -0.791573 -0.0799998 2.53779
990 -1.32727 -0.12531 2.58995
990 0.720226 0.842113 4.85367
990 -0.367971 0.749612 3.57121
990 -0.45777 -0.771141 1.64698
990 0.964356 0.932546 4.82436
990 0.819144 0.769647 4.90201
990 0.565699 0.970974 4.74207
990 -0.509749 0.60522 3.54433
990 -0.974765 0.714135 3.36812
990 1.28273 -0.159493 5.78699
990 0.149014 -0.857842 0.509114
990 0.892026 0.115873 5.65218
990 -0.587226 0.85167 3.65642
990 -0.855747 0.735794 3.56755
990 -1.09976 0.0748866 2.5288
990 0.715765 0.541232 4.84869
990 1.00871 -0.291055 5.73611
990 0.326381 0.795007 4.71063
990 0.432213 -0.805701 0.377481
990 -0.786992 -0.845707 1.53318
990 -0.330058 -0.851308 1.49455
990 0.393757 -1.22267 0.576948
990 -0.579101 -0.738433 1.55838
990 0.853201 -0.152517 5.82574
990 -0.99842 -0.188894 2.54286
990 0.195581 -1.25462 0.601328
990 0.544475 -1.15471 0.441307
990 0.24126 1.13869 4.67593
990 0.63596 -0.987482 0.471556
990 -1.37858 -0.118212 2.51032
990 -1.13835 -0.348759 2.52363
990 0.856514 0.814232 4.7599
990 -0.755596 0.783432 3.5407
990 -0.460561 -0.994078 1.56315
990 -0.869649 0.0978023 2.52402
990 -0.29593 1.12464 3.69399
990 0.341338 0.721519 4.65775
990 0.408067 1.30445 4.6429
990 1.24591 0.214187 5.55918
990 1.10777 0.0850881 5.64282
990 0.733668 -0.0193293 5.77824
990 -0.605219 0.610083 3.58048
990 -0.376403 -0.659788 1.6035
990 -0.590494 0.572436 3.54642
990 0.963032 -0.17461 5.87458
990 -0.474139 1.31881 3.73866
990 -0.907195 0.917969 3.54808
990 -0.797024 -1.05105 1.53331
990 -0.615145 1.11853 3.58706
990 -0.547184 0.58062 3.53936
990 -0.895807 0.856377 3.56604
990 -0.41976 -0.865372 1.61966
990 -0.928791 -0.206314 2.57571
990 -0.96893 0.677773 3.4189
990 0.251746 1.09356 4.66242
990 -0.787299 -0.908465 1.49425
990 0.120779 -1.06128 0.544671
990 1.00616 0.950011 4.93117
990 -0.33639 0.9413 3.55616
990 -1.1816 -0.00251577 2.39696
990 -0.979979 -0.0810855 2.56731
990 0.35133 1.27968 4.68127
990 -0.950678 0.227551 2.51864
990 -0.355173 -0.966274 1.61252
990 -1.10258 -0.336994 2.47484
990 0.283351 -0.70546 0.489742
990 -1.09456 -0.854687 1.75196
990 0.701102 -0.0641876 5.7228
990 -1.05815 0.0711927 2.61559
990 -0.225745 0.741745 3.6524
990 0.602111 0.979027 4.73057
990 -1.04158 -0.650426 1.71738
990 1.17665 0.25733 5.59223
990 -0.838496 0.115626 2.46906
990 0.448875 1.22904 4.54567
990 -1.23796 -0.0420036 2.46446
990 1.25617 0.13383 5.81204
990 -0.503934 -1.1221 1.53375
990 0.632363 -1.08988 0.541167
990 0.55376 0.667989 4.82032
990 0.468245 -1.13372 6.88296
990 0.485776 -0.896489 0.307391
990 0.903259 -0.891196 0.284397
990 -1.25795 -0.16927 2.52646
990 0.399202 -0.991309 0.460519
990 0.765986 -0.971206 0.517588
990 1.0121 0.252663 5.73594
990 -0.778506 0.976576 3.64613
990 1.12492 0.18807 5.58439
990 1.04658 -0.276906 5.9209
990 -0.380387 1.08409 3.66005
990 0.629921 0.616961 4.71344
990 0.671372 0.651225 4.81793
990 1.38076 0.197052 -0.583736
990 0.763417 0.0958193 5.6571
990 1.34811 -0.270195 5.84342
990 0.33208 -1.16101 6.92087
990 -0.453196 -0.909808 1.56447
990 0.381396 -0.717926 0.562666
990 0.94147 -0.0731663 5.81998
990 0.858045 -0.292055 5.88249
990 -0.987313 0.822296 3.44667
990 -0.908895 0.727218 3.50436
990 0.769757 -1.1748 6.73127
990 0.861104 0.0410726 5.67028
990 1.24528 0.366949 5.65563
990 0.637008 1.07054 4.64122
990 -0.765879 0.746586 3.573
990 -0.224192 1.23526 3.83027
990 -0.970553 0.27493 2.62741
990 0.680992 0.699789 4.88858
990 0.384772 -1.26124 0.557839
990 -1.21444 0.406011 2.59713
990 0.856905 0.623066 4.86721
990 0.797576 0.907691 4.82023
990 -0.494739 1.02007 3.55094
990 -1.27869 -0.0599993 2.53385
990 -0.810145 -0.143778 2.56887
990 0.594792 -1.28297 0.543504
990 -1.0859 0.226735 2.63558
990 0.753266 0.958573 4.73763
990 0.330759 0.665429 4.67189
990 0.245112 -1.21467 0.547555
990 0.307157 -0.61029 6.75247
990 0.740876 0.71535 4.71358
990 0.39901 1.15594 4.73877
990 -0.761404 -0.804505 1.68481
990 -0.159652 0.828019 3.69919
990 0.38347 0.992299 4.68096
990 -0.620057 -1.09564 1.44959
990 -0.414854 0.736287 3.56091
990 0.499714 -0.755484 0.473815
990 -0.617694 -1.00078 1.46881
990 -0.384747 0.858121 3.63937
990 -0.731485 0.693427 3.54775
990 0.364917 1.08708 4.58042
990 -0.314267 0.817365 3.60198
990 1.04022 0.928026 4.88238
990 0.834214 0.669257 4.8745
990 -1.2569 -0.378854 2.48163
990 -0.653487 -1.17419 1.58982
990 0.82251 1.03358 4.79553
990 -0.290118 0.963325 3.5851
990 -1.04859 -0.115575 2.58059
990 -0.502694 0.801953 3.56475
990 -1.03078 0.434188 2.6723
990 -0.470198 -1.17697 1.39256
990 0.301193 -0.649814 0.41834
990 -0.0664129 1.1384 3.79663
990 -0.842335 -1.07335 1.68968
990 0.385787 -0.965705 0.611903
990 0.439004 0.909726 4.80283
990 0.759741 0.76184 4.74467
990 -0.834343 0.207255 2.56325
990 -0.174418 -1.17666 1.38356
990 0.97824 -0.00063012 5.60433
990 -0.707215 0.578 3.49684
990 -0.488138 0.710743 3.57315
990 0.515304 -1.02928 0.536106
990 0.382231 -1.2944 0.479181
990 0.561142 0.85417 4.71194
990 0.528415 -1.24057 0.425901
990 -1.1474 0.238035 2.51685
990 0.902347 -0.38599 5.85687
990 0.287848 -1.11506 0.552714
990 -0.458415 1.06237 3.51814
990 1.06561 0.783747 4.88694
990 0.237352 -0.91549 0.448846
990 0.314566 1.07942 4.60201
990 0.762602 1.09285 4.71777
990 -0.785692 -0.193645 2.47778
990 1.21362 -0.0912867 5.69652
990 -0.527383 -1.06955 1.51155
990 -0.255218 1.16728 3.76552
990 -0.503664 -0.819123 1.50176
990 -0.558156 0.702074 3.58981
990 0.824893 -0.935308 0.500876
990 -0.51628 1.31002 3.75286
990 -1.00794 0.246439 2.53193
990 0.714811 1.13751 4.60408
990 1.01604 -0.0424659 5.7576
990 0.523565 -0.647535 0.491929
990 -0.230949 -0.940677 1.37732
990 -0.858445 -0.958514 1.66333
990 0.545508 -1.28939 0.504811
990 0.695757 -0.848847 0.521412
990 -0.52262 -0.66667 1.58047
990 0.622362 0.711748 4.87462
990 -0.383158 1.14833 3.79415
990 -1.06406 0.780032 3.40817
990 -0.355057 -1.21659 1.36539
990 1.34678 0.0248695 5.61107
990 -0.259027 -1.01768 1.47029
990 0.970877 -0.94183 0.337958
990 -0.694148 0.758987 3.62352
990 0.725287 1.05377 4.85952
990 0.865368 -0.0783572 5.72661
990 0.452857 -0.877148 6.63651
990 -0.957588 0.1299 2.4579
990 0.902378 1.0142 4.86835
990 -0.805994 -0.64892 1.60538
990 -0.728449 0.619418 3.55146
990 0.543606 1.29486 4.63932
990 0.727763 0.122751 5.70668
990 1.13273 -0.168584 5.72225
990 -0.452022 0.605275 3.6237
990 0.496633 0.75634 4.70131
990 0.446463 1.08522 4.66255
990 0.718669 -0.191328 5.77654
990 0.935422 0.0308327 -0.521291
990 1.09234 0.270104 5.69765
990 1.41734 0.0713519 -0.601219
990 0.260937 -1.01663 0.499884
990 0.932282 -0.726938 0.293925
990 -0.397349 0.982061 3.63047
990 1.39313 -0.0561877 5.70408
990 1.00527 0.0164733 5.69327
990 0.490252 -1.066 0.480789
990 -1.04052 0.106985 2.50288
990 1.30847 0.103003 5.63787
990 -1.20593 0.0974992 2.65518
990 1.05071 0.359195 5.62556
990 0.743 -0.878614 0.390853
990 -0.938853 0.797625 3.51511
990 -0.720238 0.975772 3.56371
990 -1.15793 0.0749635 2.47626
990 0.315576 -0.788369 0.384065
990 1.01738 0.885936 4.82497
990 1.01473 0.646858 4.90286
990 0.572002 1.09262 4.61345
990 -0.575795 0.732286 3.51932
990 0.543757 0.717913 4.75152
990 -0.323129 -1.01649 1.5567
990 0.367927 -0.679155 0.517709
990 -0.985316 -0.883503 1.6155
990 -0.19676 1.22888 3.74895
990 0.852605 0.75593 4.86373
990 0.640746 -0.818515 0.351467
990 -0.960546 1.00158 3.58731
990 -0.352537 0.983115 3.54129
990 1.28835 0.0363958 5.63838
990 -1.1907 0.487762 2.70837
990 -0.117544 1.13153 3.85568
990 0.657485 0.548308 4.77021
990 0.662568 -1.09384 0.587618
990 0.337283 1.22425 4.56248
990 1.05184 -0.39587 5.7934
990 -0.834276 -0.0989288 2.4756
990 -0.891398 -0.144709 2.48228
990 -0.381344 -0.776645 1.55886
990 -0.220874 1.05461 3.82935
990 0.759662 0.558736 4.82361
990 -0.897696 -0.943797 1.70298
990 -0.238772 -1.10439 1.4099
990 0.721994 -1.21693 0.470521
990 -0.778888 1.15681 3.63321
990 -0.787792 1.19562 3.56668
990 1.12764 -0.323177 5.74755
990 -0.915534 -0.0849273 2.53069
990 -0.638654 1.08925 3.62697
990 0.965504 0.362748 5.60004
990 0.824818 0.604103 4.90751
990 -0.917926 -0.682794 1.65014
990 0.502576 -1.1605 0.349307
990 -1.33091 0.0963308 2.6246
990 0.507303 -1.09865 0.592122
990 -0.724274 0.902768 3.6186
990 1.0727 -0.15277 5.777
990 -0.712472 -0.589608 1.60142
990 -0.792542 0.850356 3.60058
990 0.981607 0.746502 4.93162
990 -0.357082 -1.13567 1.53822
990 -0.662247 -0.815788 1.60979
990 -0.831866 -1.13603 1.60597
990 0.891586 -0.107492 -0.419687
990 -0.835891 -0.844458 1.6784
990 -0.177812 0.987066 3.67622
990 0.656361 -0.574405 0.352056
990 0.527588 -0.714082 6.76499
990 -0.76765 -0.856431 1.69316
990 0.72315 0.672838 4.88648
990 -0.160211 1.18075 3.78064
990 1.22781 -0.289435 5.82911
990 -0.6357 -0.64605 1.60441
990 -0.887868 1.08749 3.40485
990 0.865461 0.987923 4.83384
990 -0.751019 0.966319 3.58659
990 0.254338 0.758257 4.73867
990 0.636084 0.674202 4.83717
990 1.28624 -0.10166 5.7593
990 0.80799 -0.129335 5.71335
990 1.40148 0.117708 5.72173
990 -0.690875 -1.21768 1.53841
990 1.12744 -0.408251 5.78436
990 -0.137962 1.21635 3.72346
990 1.21422 -0.413698 5.80091
990 -0.355562 1.2196 3.65929
990 -0.194404 -1.01978 1.45519
990 -0.15394 1.31461 3.71936
990 0.788345 0.990732 4.70153
990 -0.894708 0.192748 2.55118
990 -0.847018 -0.585269 1.62315
990 -0.584931 -1.00377 1.63909
990 0.921751 -0.325931 5.87565
990 0.6843 -0.0100748 5.72106
990 1.30029 0.348632 5.6215
990 -0.455333 0.675415 3.68329
990 0.332826 1.14309 4.73348
990 0.462948 -1.05405 0.336755
990 -0.452553 -0.739564 1.39836
990 1.01281 0.344861 5.5793
990 1.19014 -0.0181593 5.69567
990 -0.635262 -0.957599 1.49087
990 -0.54191 0.922469 3.71047
990 -0.745342 -0.639866 1.69
990 -1.09824 0.14654 2.67996
990 -0.548587 -1.31466 1.40512
990 -0.641664 0.622823 3.58553
990 -0.740989 -1.04759 1.62379
990 -0.301946 -0.768921 1.51869
990 -0.246375 1.34053 3.78015
990 1.07693 0.223742 5.73677
990 -0.606566 -0.846473 1.55132
990 0.82379 1.10817 4.81028
990 0.578356 -1.10977 0.405454
990 -1.11008 -0.0338792 2.64248
990 -0.320312 -1.07687 1.48439
990 1.38896 -0.218049 5.7573
990 -0.200899 0.925277 3.6924
990 0.964144 -0.443857 5.88712
990 0.153991 -0.909879 0.559929
990 0.571615 0.636938 4.82017
990 -0.179828 1.05388 3.7888
990 1.07008 -0.527952 5.90334
990 -0.445946 1.14562 3.65548
990 1.35226 -0.164312 5.81378
990 -0.57524 0.865959 3.4992
990 -0.659606 -1.04673 1.6076
990 0.551283 0.911837 4.62929
990 -0.592379 -0.787023 1.51683
990 1.17981 -0.0738563 5.83586
990 0.810244 0.0748712 5.68781
990 1.2877 -0.340605 5.83473
990 0.635474 1.26162 4.72102
990 0.29168 -0.908993 0.659462
990 -0.674371 -1.03616 1.42312
990 0.351252 1.04431 4.59645
990 0.617929 -0.79991 0.515332
990 -0.970622 0.300307 2.54243
990 -0.890286 0.149362 2.55667
990 0.674467 -0.991768 0.515658
990 0.767749 -0.182158 5.73061
990 -1.07397 -0.79292 1.75095
990 -0.890993 0.240241 2.56117
990 0.811906 -1.14698 6.80535
990 -0.417422 -0.638002 1.56687
990 0.495445 1.02609 4.83336
990 -0.743819 -0.719237 1.70839
990 1.02656 0.170012 5.75338
990 0.226389 -0.68362 6.76715
990 0.161198 -0.790255 0.519219
990 -1.25147 0.00658012 2.45552
990 -0.600219 1.23081 3.53143
990 0.419671 -0.848963 0.58618
990 -0.69662 -0.852133 1.48772
990 0.45839 -0.976813 0.480101
990 0.571552 0.744189 4.84177
990 0.741763 -0.991842 0.445739
990 -0.400587 0.64256 3.64329
990 0.796291 -0.272644 5.77171
990 -0.714001 1.11746 3.5417
990 0.320898 -1.25787 0.449501
990 0.739782 0.610923 4.79856
990 -0.208469 1.1699 3.77629
990 0.675309 -0.924624 6.63564
990 -0.207988 0.885643 3.72841
990 0.313593 -1.31105 0.52283
990 0.25055 0.908592 4.7163
990 -0.39154 1.32509 3.75121
990 0.413154 -0.913323 0.377811
990 -1.10442 -0.0937054 2.5872
990 -1.41859 -0.0763207 2.59626
990 -0.559615 -0.903333 1.55198
990 -0.667377 -0.964303 1.45895
990 0.400895 0.882893 4.7766
990 1.29463 -0.243309 5.85594
990 -0.644609 -1.24624 1.5191
990 1.33667 -0.216725 5.85924
990 0.801692 -0.0661562 5.74441
990 0.549643 -0.823566 0.369452
990 0.674425 -1.03935 0.574486
990 0.656392 -1.19334 0.358369
990 -0.549874 -0.568626 1.59616
990 -0.701071 1.02404 3.46185
990 0.588598 0.787373 4.84961
990 -1.02616 0.811847 3.45075
990 -0.455198 1.34831 3.70237
990 -0.388164 -1.06272 1.41388
990 0.270468 -0.845992 0.5931
990 -1.06618 -0.18008 2.37858
990 -1.07505 0.260779 2.60621
990 -0.466916 -0.60068 1.58914
990 1.18549 -0.29221 5.9216
990 1.15408 0.186579 5.78852
990 -0.627507 -0.553937 1.57793
990 0.481687 -0.544796 0.411066
990 0.889049 0.254344 5.7352
990 -0.910983 -0.0532025 2.41619
990 -0.315189 -0.918191 1.5474
990 -0.5929 -0.963378 1.53639
990 -1.32662 -0.0970486 2.44929
990 1.28469 0.232564 -0.598148
990 0.749061 0.900339 4.80693
990 -0.958708 0.933194 3.54392
990 0.560523 -0.684119 0.514876
990 0.393403 0.829998 4.61116
990 -0.400653 -1.09582 1.54533
990 1.12944 -0.266182 5.69152
990 0.53513 -0.897215 6.72573
990 0.880606 -0.00660265 5.67767
990 1.2459 0.296565 5.60352
990 1.06064 -0.0232428 5.73755
990 -1.02538 -0.0921053 2.51242
990 0.951727 0.241904 5.60482
990 0.849116 0.854308 4.74745
990 1.34623 -0.325533 5.79033
990 0.675274 -0.743164 0.41522
990 -1.38071 0.0536629 2.61957
990 0.514794 0.847744 4.83966
990 -0.611667 -0.729502 1.52602
990 -0.113369 0.973445 3.72848
990 -0.304308 0.879302 3.70328
990 -0.871239 0.811702 3.48755
990 -0.345559 1.28169 3.74053
990 1.00715 -0.1782 5.8324
990 1.26584 -0.208172 5.66776
990 0.232871 -0.742445 0.541525
990 -0.248873 1.10178 3.69872
990 0.693239 -0.801028 0.378748
990 -0.300191 0.74718 3.66868
990 -0.473208 0.737751 3.51475
990 -0.444185 1.00744 3.78451
990 -0.396169 0.940751 3.53286
990 -1.07675 0.378481 2.60086
990 -0.791288 -0.996015 1.65115
990 -0.643133 0.974348 3.56306
990 1.0957 -0.220433 5.65181
990 -0.467261 -0.878512 1.45491
990 -0.629325 1.00221 3.50106
990 0.961715 0.157971 5.75935
990 0.771413 1.04137 4.81492
990 0.915038 -0.936841 0.432778
990 -0.544626 -1.1124 1.50539
990 -0.59921 -1.13309 1.58132
990 -0.798157 -0.544445 1.61879
990 -0.441446 -1.04346 1.48332
990 0.655693 -0.701487 0.495781
990 0.241819 -0.859174 0.537131
990 -0.407342 -0.708889 1.56272
990 -1.25615 -0.286792 2.52597
990 0.13636 -1.03358 6.89607
990 -1.27288 0.232327 2.49927
990 0.853818 1.09976 4.72613
990 -0.330964 -1.18607 1.43736
990 -1.01573 -0.9194 1.69148
990 0.825246 -0.164476 5.68867
990 -0.417917 1.22264 3.61634
990 0.990546 -0.250381 5.77579
990 1.10481 0.355865 5.63619
990 -1.25696 -0.0990123 2.55053
990 0.244617 -1.1744 0.64591
990 1.02001 0.0390649 5.74708
990 0.591577 -0.930668 6.75263
990 -0.508655 1.05276 3.76642
990 0.597276 0.643081 4.72833
990 -0.296875 1.29699 3.66684
990 -0.872545 -0.837408 1.63724
990 0.83694 -0.215742 5.70936
990 1.33209 -0.0158726 5.61054
990 0.925943 0.895205 4.87541
990 1.14769 0.0444044 5.66865
990 0.815453 -0.840692 0.265848
990 0.65141 -0.881286 0.527177
990 -0.0974311 1.27458 3.77874
990 0.277011 1.18387 4.6913
990 -0.37479 -0.837483 1.49743
990 -1.21135 -0.182284 2.39334
990 0.751613 -0.747502 0.425883
990 -1.42498 0.0303406 2.5598
990 0.628503 -0.630266 0.453488
990 0.705028 1.00436 4.7658
990 1.19792 -0.509549 5.89182
990 -0.678142 -0.848506 1.69433
990 -1.1102 0.360907 2.63373
990 -1.02664 -0.803352 1.77688
990 -0.922037 0.349031 2.65791
990 0.487633 -1.29941 0.503177
990 1.09711 -0.0908738 5.85002
990 1.35623 0.144682 5.64964
990 -0.810091 1.03666 3.54136
990 0.66622 -1.16379 0.473941
990 -1.04552 -0.705808 1.66318
990 1.05174 -0.490747 5.923
990 0.311328 1.02156 4.73058
990 1.16057 -0.483959 5.93141
990 0.155215 -1.23432 0.558249
990 -0.865258 1.02748 3.43149
990 -0.806453 -0.689545 1.60142
990 -0.911007 -0.634936 1.74147
990 0.756354 1.20721 4.72091
990 -0.599534 1.35109 3.64785
990 -0.865015 -1.04785 1.56661
990 -0.475545 -1.08595 1.55542
990 -0.755224 -1.112 1.62126
990 -0.421487 1.03102 3.71127
990 0.448872 -1.01122 0.367717
990 0.705127 -1.16345 0.526948
990 0.370261 -0.759888 0.532746
990 -0.384216 1.38381 3.70593
990 0.960624 0.695644 4.82423
990 1.03463 0.074331 -0.472629
990 -0.601367 -0.622084 1.62691
990 0.764669 -0.656146 0.388173
990 0.764811 0.2039 5.63595
990 -0.827682 0.0467606 2.48932
990 0.833859 -0.0467818 5.77447
990 -0.950646 -0.97299 1.66119
990 0.781361 -0.768626 0.498324
990 -0.861941 1.2015 3.57896
990 -0.745809 0.111377 2.58757
990 -0.275908 -0.819741 1.56558
990 1.2222 0.406552 5.62825
990 -0.457428 0.963964 3.59795
990 -0.682128 -0.597126 1.67352
990 -0.776864 1.01433 3.48158
990 0.47091 1.09735 4.56645
990 0.306231 -0.969304 0.43611
990 0.404539 0.699382 4.76448
990 -1.37402 -0.0672646 2.44368
990 -0.8457 0.973133 3.65778
990 0.924644 0.942114 4.90087
990 0.510425 -0.908857 0.391228
990 0.452425 0.554753 4.77319
990 0.249683 -0.962889 0.588376
990 0.841244 0.158637 5.75803
990 0.540839 -1.07068 0.612664
990 1.07605 0.0448194 5.6476
990 0.307006 0.845226 4.67108
990 -0.413067 -0.579391 1.53382
990 -0.496264 -0.942561 1.51937
990 -0.898459 0.88287 3.36759
990 -0.6562 0.944993 3.65133
990 -0.902495 -0.600878 1.63159
990 -0.262005 -1.24884 1.43707
990 -0.641189 0.786009 3.65445
990 0.691212 -0.132485 5.77713
990 -1.28469 0.0631028 2.51355
990 -0.91363 1.03555 3.59344
990 -0.183059 0.963025 3.79414
990 -1.21316 0.355153 2.6174
990 0.562763 1.24888 4.62874
990 -0.537734 0.956953 3.55503
990 0.132495 -0.938781 0.532281
990 1.07766 -0.366326 5.8156
990 1.29042 -0.396934 -0.439004
990 1.00177 0.211587 -0.546609
990 0.840083 -0.877498 6.78654
990 -0.777135 -0.608306 1.68208
990 -1.42907 0.121514 2.49366
990 -1.20636 0.134811 2.6414
990 0.37646 0.939446 4.77756
990 -0.781365 0.693408 3.54919
990 -0.202016 -0.972342 1.41723
990 -1.2107 -0.0683463 2.53195
990 1.375 0.0650722 5.65528
990 0.28375 0.769799 4.68321
990 0.6432 1.02631 4.8134
990 0.763266 0.840963 4.73924
990 -0.991002 -0.0280973 2.57724
990 -0.601203 -0.516858 1.617
990 -0.639922 0.718303 3.63726
990 0.367619 -0.635903 0.421159
990 0.512991 -0.6657 0.345368
990 1.1713 -0.0997104 5.65285
990 1.24111 0.333275 5.6198
990 0.923866 0.192603 5.61052
990 0.319468 -1.10469 0.611028
990 0.550424 0.551154 4.81089
990 -1.32809 -0.024216 2.49661
990 -0.562842 -0.942605 1.4388
990 0.968698 0.0875597 5.6533
990 -0.56301 0.671925 3.65482
990 -0.544902 1.15073 3.65375
990 -0.965522 -0.715983 1.60505
990 -0.799024 1.08161 3.50472
990 -0.632152 1.18123 3.69239
990 -1.0569 0.2918 2.57849
990 0.631239 -1.03353 0.441034
990 -0.431236 -0.818524 1.49241
990 -0.71223 -0.771047 1.67471
990 0.596998 0.508788 4.82597
990 -1.30369 0.415909 2.64861
990 -0.840528 -0.731738 1.61885
990 0.301294 0.886266 4.72116
990 -0.474012 -0.65726 1.52805
990 -1.03106 0.237226 2.67884
990 0.413722 0.992756 4.63906
990 0.496248 0.980943 4.86392
990 -1.15773 0.344673 2.68374
990 -0.993984 -0.229861 2.56636
990 0.762177 -1.08798 0.380336
990 -0.879327 -0.011045 2.51284
990 -0.187986 -1.09637 1.43153
990 -0.493014 1.07763 3.68128
990 -0.523469 -1.21219 1.53169
990 0.324028 -0.706195 0.51749
990 1.40334 -0.00332072 5.68882
990 0.361319 -1.05046 0.436691
990 -0.704361 0.704856 3.44911
990 -1.04453 -0.307929 2.48488
990 -1.00642 -0.758735 1.6893
990 1.16491 0.452516 5.52927
990 1.25205 -0.0327928 5.7934
990 -0.292217 -0.860412 1.53085
990 -1.25707 0.384174 2.60369
990 0.73855 -0.610074 6.63948
990 -0.187874 1.30416 3.79149
990 0.788211 0.738851 4.70986
990 0.655637 1.20771 4.7228
990 -0.393551 1.03065 3.61761
990 -0.916634 -0.92341 1.63462
990 -1.1358 0.205974 2.59459
990 -0.339868 1.02534 3.65595
990 0.97743 -0.208633 5.77655
990 -1.23643 0.182378 2.47893
990 0.996227 -0.477527 5.88638
990 -0.976309 0.0478423 2.47612
990 0.570345 -1.19618 0.524803
990 0.75518 0.0246718 5.79254
990 -1.12064 -0.168648 2.57594
990 -1.02387 0.05535 2.46743
990 -0.520191 -0.630414 1.51662
990 -0.205791 -0.9163 1.51094
990 -0.235937 -0.877592 1.49376
990 0.92782 0.722342 4.86209
990 -0.214618 -1.14611 1.38764
990 0.908768 -0.800252 0.417545
990 -0.586506 -1.07945 1.53474
990 0.401555 0.625949 4.78831
990 1.21742 -0.318109 5.72522
990 -1.02535 0.390531 2.67193
990 -0.855763 0.288446 2.66839
990 -0.382354 -0.947709 1.43839
990 -1.16661 -0.200647 2.42616
990 -0.307025 1.06902 3.58823
990 -0.862356 -0.249432 2.46791
990 0.470768 0.708482 4.69864
990 0.521195 1.101 4.62073
990 -0.363813 -0.735374 1.54941
990 -0.513448 -0.90479 1.51402
990 -0.287439 -0.967851 1.53809
990 -0.943596 0.0514856 2.66166
990 0.413804 -0.583058 0.453629
990 -1.141 -0.0169972 2.54216
990 -0.246054 1.00602 3.7038
990 0.476769 -0.7129 6.72043
990 -0.599016 -0.581108 1.61184
990 -1.2986 0.375715 2.70115
990 -0.129332 1.1631 3.69616
990 -0.416408 1.39872 3.80712
990 0.786959 -0.102648 5.73733
990 0.738827 1.01445 4.70052
990 0.710303 0.80358 4.8685
990 -0.287526 1.24879 3.81157
990 0.316323 0.742894 4.69487
990 -0.328285 -0.894073 1.41733
990 -1.01213 -0.971458 1.61736
990 0.554119 -0.570706 0.448368
990 -0.883261 -0.791616 1.58805
990 -0.998715 0.756456 3.47508
990 1.18303 0.0882886 5.58261
990 0.849163 -0.766339 0.433509
990 1.08644 0.135814 -0.628916
990 -0.488254 0.855487 3.65308
990 -0.828407 0.705102 3.52579
990 -0.146995 1.08114 3.7866
990 -0.725537 -0.880237 1.6887
990 0.286917 0.953073 4.7284
990 0.307268 -0.830126 0.596648
990 -0.695355 -1.10487 1.56486
990 0.77767 0.141634 5.68169
990 -0.682702 0.652923 3.55692
990 -1.19341 -0.110645 2.61217
990 0.35267 0.84025 4.61869
990 0.629565 0.963419 4.63117
990 0.51068 1.23924 4.67276
990 -0.47169 1.25672 3.60602
990 0.225468 0.859594 4.68562
990 0.457776 -0.657866 0.452666
990 -0.359088 1.11393 3.59999
990 0.927504 0.662724 4.82294
990 0.206607 -1.30058 0.586025
990 -0.857858 0.0248859 2.5296
990 -0.478744 -1.04661 1.43179
990 -1.17968 -0.0181515 2.64839
990 0.378 -0.866404 0.572694
990 -1.28339 0.288182 2.55032
990 -0.955896 -0.625956 1.64704
990 0.664423 1.16046 4.71472
990 -0.885717 0.656428 3.46509
990 0.500779 -1.00321 0.360178
990 -0.873915 -0.0757172 2.56557
990 -1.17814 -0.385252 2.42816
990 1.27558 -0.0602329 -0.518174
990 -0.379733 0.684364 3.68286
990 -0.719021 0.858681 3.60777
990 1.16672 0.365976 5.63954
990 0.817104 1.17295 4.69147
990 0.699144 1.23368 4.71709
990 0.693936 1.15669 4.66944
990 -0.52281 0.78346 3.65318
990 0.740039 0.657436 4.76135
990 0.490357 1.15039 4.66231
990 1.30093 0.132175 5.77021
990 -0.313569 -1.10919 1.5471
990 1.10998 -0.126492 5.75331
990 -0.354649 -0.931324 1.50974
990 -0.20433 1.10874 3.6915
990 -0.342639 0.642041 3.59585
990 -0.75606 0.00896363 2.56363
990 -0.81325 0.654756 3.5525
990 -0.343944 1.05564 3.57807
990 0.908561 0.31686 5.65274
990 -0.466648 -1.22935 1.48621
990 -1.33116 0.119908 2.48782
990 0.727711 -1.09191 0.303509
990 0.101193 -1.18364 0.648932
990 -0.290984 0.682384 3.63289
990 -0.410353 0.899072 3.72756
990 1.33063 -0.07937 5.66214
990 -0.930095 -1.08758 1.54694
990 0.688334 0.616183 4.78106
990 -0.618757 -0.909516 1.46
990 0.743862 0.790443 4.79061
990 0.923016 0.256393 5.65201
990 0.306861 1.20698 4.62185
990 0.819306 0.126175 5.74517
990 -1.37295 0.156913 2.63249
990 -1.31675 -0.359775 2.46262
990 0.459757 -1.25009 0.485692
990 -0.67009 0.836677 3.4759
990 -0.859603 -1.11385 1.48264
990 -0.191938 -1.23054 1.3396
990 -0.470878 1.14587 3.80084
990 -0.423329 -1.15624 1.54014
990 -0.626675 1.0464 3.56141
990 0.58619 -0.610095 0.456109
990 -1.17918 0.180898 2.46108
990 -0.742601 0.659433 3.60473
990 1.13084 -0.0436328 5.79233
990 0.442925 0.771604 4.79415
990 1.13894 -0.115282 5.85228
990 1.24359 -0.127276 5.8249
990 0.944631 0.876434 4.75942
990 -1.06054 0.87733 3.42461
990 0.696909 0.954387 4.72011
990 -0.988308 0.00187002 2.445
990 -0.151289 0.878325 3.72118
990 0.827088 -0.67427 0.360756
990 1.0459 0.831274 4.8866
990 0.542823 -0.595614 0.354001
990 0.608639 0.880402 4.68556
990 -1.16129 0.444782 2.67399
990 -0.9476 -0.287866 2.38559
990 -0.815761 -0.94076 1.5691
990 -1.12318 0.273301 2.50469
990 1.17818 0.132919 5.61589
990 0.522849 -1.19705 6.68278
990 -1.02429 0.140741 2.45729
990 -1.3689 -0.242163 2.41436
990 0.922471 -0.169391 5.77005
990 -0.621533 0.903945 3.63172
990 -0.429304 -0.683262 1.4905
990 0.56246 -1.0207 0.597669
990 1.03384 -0.201916 5.75248
990 -0.455158 1.19381 3.62524
990 1.03235 -0.104692 5.69806
990 -0.685922 -1.16821 1.485
990 -1.36936 0.294146 2.53871
990 0.7812 -0.917441 0.481978
990 -0.302802 -1.20541 1.47514
990 1.2431 0.0305609 5.75183
990 0.804616 -1.05327 0.411275
990 -1.20844 0.235648 2.67659
990 0.798041 -1.1088 0.417496
990 0.265828 -0.898207 6.85459
990 -0.778053 -1.0762 1.62822
990 -0.250072 1.27005 3.77684
990 -0.927026 -0.751509 1.57858
990 -0.763814 0.882419 3.63438
990 -0.792427 0.13953 2.63301
990 0.199652 -0.823896 0.482037
990 0.377912 1.1173 4.74419
990 -0.727681 1.06836 3.61803
990 -0.596307 0.789217 3.57081
990 -1.09071 -0.306636 2.39108
990 1.00294 -0.410021 5.88089
990 0.361962 -0.599135 0.482531
990 -0.510227 -1.2873 1.49832
990 -0.541481 1.35617 3.65714
990 -0.677438 -0.738344 1.68036
990 0.207739 -1.11648 0.49511
990 0.824096 -0.976651 0.353291
990 -1.09403 0.0435187 2.62477
990 -0.763522 1.10701 3.49828
990 -0.483984 1.22069 3.68091
990 -0.544908 1.00829 3.66432
990 1.32628 0.0644313 5.65725
990 -0.373308 -0.603528 1.5334
990 0.786853 0.594993 4.80316
990 -0.663168 1.23698 3.66343
990 1.12777 -0.501152 5.86571
990 -1.03159 0.351185 2.69452
990 0.65272 -0.65661 0.345697
990 0.660418 0.755567 4.73646
990 0.851229 0.0889756 5.73309
990 0.405317 -1.17508 0.460511
990 -0.569433 -1.16302 1.60849
990 -0.977368 1.09822 3.44724
