850 0.890385 0.80502 4.89684
850 0.32865 -1.06362 6.96252
850 0.735127 0.836713 4.83077
850 -1.29077 -0.24855 2.49486
850 -0.853892 1.03462 3.55421
850 -0.969836 0.330443 2.65814
850 0.6052 -0.707225 0.3106
850 1.06533 0.0312872 5.62472
850 -0.607879 -1.27607 1.41297
850 -0.799564 -0.813347 1.51038
850 -0.546778 -0.678482 1.48353
850 -0.813483 0.734435 3.48522
850 0.444286 0.564761 4.7299
850 -0.57341 -1.30813 1.45251
850 0.712147 -0.963785 6.83531
850 -1.39896 0.0668153 2.58168
850 -0.774587 0.631761 3.55552
850 -0.855313 -1.14014 1.51649
850 0.510867 -0.79348 0.534496
850 -1.22292 0.241383 2.70123
850 0.634658 0.881186 4.80409
850 -0.920174 0.97261 3.50941
850 -0.97192 -0.586343 1.76962
850 0.830445 -0.643823 0.319376
850 -0.990599 -0.878779 1.70796
850 -1.30283 -0.139045 2.5491
850 -0.289582 0.921359 3.76363
850 -1.18296 -0.247161 2.35897
850 0.640651 1.17197 4.7513
850 -0.813016 0.799003 3.42267
850 0.895897 -0.810071 0.297872
850 0.665111 1.09717 4.82915
850 -0.119471 1.19517 3.75478
850 -0.57571 0.864128 3.69414
850 0.324301 -0.904925 0.43946
850 -0.748225 -1.2115 1.49051
850 1.0605 0.157572 5.6503
850 -1.05689 0.221454 2.65274
850 -0.836943 -0.917653 1.7321
850 0.739036 -1.12741 0.363503
850 1.0811 0.423691 5.59438
850 1.04447 0.739313 4.88783
850 0.44335 -0.862037 0.370656
850 -0.999165 0.157428 2.54942
850 0.815764 -0.763506 0.407563
850 -1.24855 -0.17786 2.44733
850 1.20275 0.337947 5.63624
850 0.293008 1.25209 4.64099
850 0.562609 -1.14001 0.586505
850 0.502941 -1.03019 0.54206
850 0.695074 0.0510661 5.76636
850 0.556806 0.616882 4.69274
850 0.990057 0.742357 4.83868
850 0.890357 0.219136 5.68512
850 0.57576 0.98315 4.81261
850 -0.882912 -1.0364 1.53175
850 -0.433295 0.607414 3.63345
850 0.939364 -0.393666 5.92058
850 0.890279 -0.983398 0.275103
850 -1.416 0.181395 2.542
850 1.29276 0.211225 5.61651
850 1.12594 -0.00676294 5.83384
850 0.491746 -1.00828 6.61646
850 -0.582081 0.997146 3.70864
850 -0.453279 -0.742556 1.5473
850 0.601659 -0.68076 0.414518
850 0.187941 -0.748029 0.491289
850 0.237299 0.974608 4.64532
850 -0.184775 0.812649 3.65487
850 -0.318516 0.962467 3.60074
850 -1.06136 0.104391 2.47865
850 -0.760082 -0.707854 1.60201
850 -0.155261 0.937804 3.64018
850 -0.598792 -1.15715 1.60771
850 -0.803509 -1.08537 1.48541
850 -0.284025 1.18825 3.67894
850 0.347115 1.06413 4.74872
850 -1.10137 0.263684 2.56855
850 -0.835053 -0.153554 2.5731
850 -0.569989 -1.11945 1.63747
850 -1.03875 -0.0021646 2.6336
850 0.263953 0.918568 4.62774
850 -0.924543 0.103831 2.6424
850 -0.62606 -0.556713 1.54116
850 -0.201818 1.2949 3.78924
850 -0.727069 1.18565 3.51897
850 0.807759 0.822267 4.76049
850 1.18444 -0.0703652 5.83824
850 1.17667 0.0584776 5.66907
850 0.640286 -0.881826 0.372011
850 -0.93964 0.886868 3.46799
850 -0.927704 0.671547 3.46156
850 -1.01466 -0.974951 1.63176
850 -0.406868 -1.13615 1.55146
850 -0.259534 -0.732328 1.57621
850 0.265677 -0.865138 0.558025
850 0.783985 -0.00858626 5.64863
850 0.712018 0.748882 4.81984
850 -1.20856 -0.160387 2.58658
850 -0.470319 1.25066 3.73976
850 0.33527 0.742207 4.75975
850 -0.743512 -0.889428 1.63144
850 0.823379 1.08487 4.80958
850 0.404268 -0.878436 0.371687
850 0.506387 0.986562 4.6656
850 0.831176 0.989338 4.7151
850 0.459796 -1.23154 0.4244
850 -0.996785 0.694153 3.40854
850 0.279725 -0.911851 0.404886
850 -0.452733 -0.841325 1.60303
850 0.961889 -0.0358595 5.83389
850 0.72506 -1.19704 0.511523
850 -0.480322 -1.2789 1.48195
850 -0.518009 -0.915497 1.40096
850 -0.766556 0.734509 3.46787
850 0.559031 -1.2992 0.475196
850 -1.24071 -0.133572 2.44209
850 0.283347 1.19584 4.5881
850 0.609431 1.11541 4.86462
850 0.306864 1.00749 4.74522
850 -0.582388 -0.917279 1.45851
850 0.82118 0.00282231 5.74809
850 0.615307 -1.25775 0.480047
850 0.902371 -0.956097 0.403293
850 -0.730624 0.599632 3.54081
850 1.18209 -0.147602 5.82531
850 0.365758 1.21873 4.70834
850 -1.30397 0.414622 2.70219
850 0.556682 0.880272 4.70076
850 -0.185191 -1.10191 1.43717
850 0.341602 -0.782298 0.469957
850 -0.16377 1.35768 3.85459
850 -0.854977 -0.878831 1.59724
850 1.13928 -0.207635 5.8404
850 0.303578 0.9457 4.71821
850 -0.255968 0.777758 3.71743
850 1.008 0.973637 4.87288
850 -0.163532 1.06385 3.81008
850 -1.15875 0.286634 2.63616
850 1.235 0.299069 5.54815
850 -0.554973 0.779954 3.56361
850 1.24476 0.0982702 5.80758
850 -0.775415 -1.16624 1.50843
850 -0.8624 0.747693 3.41462
850 1.10898 0.356562 5.65471
850 -0.954826 -0.802742 1.59878
850 0.657365 0.942357 4.6211
850 -0.716401 0.673962 3.50729
850 0.462347 0.711581 4.84644
850 -0.881458 0.880231 3.60609
850 0.601873 -0.97115 0.402543
850 -1.26516 0.308463 2.57237
850 0.621037 -0.986291 0.594347
850 -0.556132 1.11464 3.57388
850 0.875798 -0.733985 0.419204
850 0.736077 0.57749 4.81075
850 -1.08707 -0.7328 1.73276
850 -1.28018 0.207723 2.6027
850 0.808475 -0.138431 5.74697
850 1.09543 0.0390549 5.71567
850 -0.916498 0.161322 2.65318
850 -0.343816 0.804768 3.63349
850 -1.00299 -0.0970126 2.4333
850 -0.376694 0.696445 3.58798
850 -0.0748885 1.11496 3.80826
850 1.19004 0.171403 5.74877
850 -0.401506 0.664241 3.61304
850 -0.780922 -0.615714 1.62867
850 -0.62857 -0.764669 1.56263
850 -1.03445 -0.216354 2.61971
850 0.370336 0.845086 4.72315
850 -0.923315 -0.253397 2.51374
850 1.09999 -0.146493 5.71842
850 0.945776 -0.783714 0.409067
850 -0.938922 -0.647875 1.69536
850 0.640553 -0.823473 0.301557
850 0.461042 -1.0927 0.549049
850 0.188017 -1.1308 0.633532
850 0.401367 1.10547 4.57354
850 0.275666 -1.15502 0.458254
850 1.1587 -0.0295232 5.58664
850 -0.541696 0.89394 3.50648
850 0.966928 0.340331 5.63333
850 -0.420711 1.39786 3.75658
850 1.056 -0.210762 5.70348
850 1.26249 -0.0104775 -0.49357
850 0.860008 -0.0244833 5.67407
850 0.858332 0.659126 4.8284
850 1.2383 -0.351934 5.77325
850 0.662812 0.579461 4.86213
850 -0.900327 -0.584979 1.69627
850 -0.696342 -0.798042 1.50381
850 1.13863 -0.239639 5.78097
850 0.908107 -0.393901 5.82321
850 1.08603 0.0601419 5.8556
850 0.53884 -1.05918 0.394065
850 0.372954 -0.9654 0.393051
850 0.773579 -0.64929 0.35286
850 -0.454006 -0.711526 1.46308
850 -1.10832 -0.202115 2.59846
850 0.734638 0.726983 4.74725
850 -1.01308 -0.758869 1.62865
850 -1.27576 0.00655328 2.42413
850 -0.650022 0.821705 3.53654
850 -0.82846 0.0851831 2.56853
850 -0.704752 -0.962402 1.44576
850 0.885645 -0.0643383 -0.456923
850 -0.66265 1.26439 3.59716
850 -0.956955 -0.174747 2.54547
850 1.19814 0.282566 5.68694
850 -0.825744 -1.18674 1.54298
850 0.132464 -1.27134 6.95142
850 -0.807424 0.144435 2.55245
850 -0.250189 0.963147 3.62001
850 0.149743 -0.982291 6.79728
850 1.15557 0.247543 5.72336
850 1.27281 0.274006 5.67701
850 -0.650545 0.624383 3.61163
850 0.347515 1.00416 4.77004
850 -0.496732 -0.908158 1.56002
850 -0.880618 0.941553 3.48894
850 1.41067 0.0568636 5.65512
850 -0.785387 -0.0287728 2.60423
850 -0.506592 -0.968296 1.45627
850 -1.04933 -0.696383 1.68792
850 1.21746 -0.187496 5.78626
850 0.808513 0.910514 4.94241
850 0.955093 -0.284641 5.75867
850 0.452942 -0.712039 6.73215
850 -0.551197 -1.25768 1.42347
850 -1.04331 0.17715 2.67603
850 0.766564 0.118266 5.74353
850 -0.655736 1.01538 3.51145
850 -0.902985 1.15989 3.54129
850 0.803265 1.03732 4.81782
850 -0.909252 -0.955054 1.5446
850 -0.591524 1.29039 3.71973
850 1.04966 0.29302 -0.731065
850 -0.332289 -0.970072 1.58115
850 0.62013 -1.14644 0.563844
850 -0.18801 -1.1744 1.40672
850 -0.479324 0.661811 3.62351
850 0.832583 -0.967459 0.40036
850 -0.72736 0.956319 3.54231
850 -0.786644 -0.189185 2.49702
850 -0.371083 -0.901241 1.39654
850 0.476076 1.04619 4.61176
850 0.841167 -0.311886 5.80627
850 -0.36049 0.608883 3.59181
850 -1.03281 -0.32325 2.47856
850 -0.26743 1.24189 3.80198
850 -0.987936 -0.68339 1.66337
850 -0.859378 0.0503278 2.59875
850 -0.611709 -0.643378 1.53413
850 0.57631 0.691046 4.73894
850 -1.01739 0.340115 2.721
850 -0.971617 -0.00753994 2.50454
850 -1.32976 -0.198551 2.39538
850 0.682599 0.646362 4.73143
850 0.710453 -0.0620212 5.67935
850 0.866502 -1.0431 0.366533
850 0.448231 -0.768397 6.8086
850 -1.1909 0.197575 2.58562
850 -1.02105 0.20562 2.52112
850 -0.552965 -1.08126 1.49983
850 -0.475952 0.84011 3.58797
850 0.561261 1.15008 4.79055
850 -0.810962 0.65881 3.57437
850 -0.226361 0.866818 3.63089
850 -1.10249 -0.370109 2.384
850 0.466276 -0.842852 0.534602
850 -0.494805 0.8878 3.67937
850 0.40149 0.577636 4.76838
850 -0.504999 1.1416 3.58964
850 -0.4311 -0.894017 1.50084
850 -0.509211 -0.566433 1.61198
850 -0.81003 0.907978 3.45663
850 0.385633 0.725158 4.70585
850 0.982738 -0.0606391 5.79381
850 -0.962052 -0.977348 1.64947
850 0.649268 0.655244 4.77922
850 -0.540603 0.968981 3.63192
850 0.221356 -0.758671 0.525399
850 0.413746 -0.780296 6.78973
850 0.271363 -1.25422 0.594073
850 0.850313 -0.935894 0.488751
850 -0.337037 -1.02216 1.5105
850 0.318278 -0.761903 0.41511
850 -0.861776 1.08489 3.56342
850 -1.19203 0.270857 2.67156
850 -0.964371 0.987282 3.55594
850 -1.36422 -0.097767 2.52505
850 0.590654 0.577687 4.75744
850 0.580139 1.02924 4.80989
850 0.345035 -1.00857 6.87918
850 -0.271105 -0.891402 1.52183
850 -0.887473 -0.853271 1.63418
850 -0.699188 1.31032 3.67717
850 0.325168 0.867376 4.73311
850 1.20331 -0.523014 5.93946
850 -0.845539 0.822786 3.58913
850 0.995117 0.886889 4.75432
850 -0.824038 0.204455 2.65376
850 0.750839 1.15417 4.79092
850 0.688328 -0.971994 6.69324
850 -0.250111 -0.852999 1.58674
850 -1.15864 -0.342498 2.48768
850 0.729033 -0.623459 0.378364
850 0.553436 -0.736898 6.64403
850 -0.453476 -0.902948 1.38351
850 -0.484764 -0.954639 1.6083
850 -0.440924 1.34861 3.69111
850 0.278738 -0.680566 0.500197
850 0.370529 -1.09177 0.542544
850 -1.00281 1.01986 3.46252
850 -0.983899 -0.128789 2.50699
850 -1.16095 -0.15837 2.46582
850 0.13706 -1.08692 0.636674
850 -0.89046 -0.158778 2.54708
850 1.29616 0.327933 -0.586204
850 -0.565344 0.716354 3.54761
850 -0.705469 -0.681945 1.7194
850 0.486116 1.13862 4.64875
850 0.352775 0.673473 4.70311
850 0.909676 0.108535 5.81134
850 -0.249332 -1.22453 1.36584
850 0.550546 -0.8718 0.451754
850 0.720902 0.984012 4.69604
850 -1.19615 0.394765 2.56127
850 -1.26957 -0.351391 2.45744
850 -0.326213 -0.90254 1.50346
850 1.23832 0.211931 5.59303
850 -1.3383 0.00503575 2.49812
850 0.70393 1.21999 4.6109
850 0.94237 -0.218426 5.77912
850 0.25501 0.777459 4.72443
850 -0.359329 1.01323 3.71945
850 -0.960448 -0.0890671 2.51893
850 -0.738606 -0.0486674 2.54686
850 -1.05412 -0.134634 2.46119
850 -0.362814 0.838026 3.66505
850 0.960925 0.703796 4.90521
850 1.00867 0.367343 5.66895
850 0.299347 -1.32584 0.589555
850 0.907819 -0.212132 5.80047
850 0.308242 -1.17455 0.624947
850 0.76385 -0.180271 5.83496
850 0.546817 0.530275 4.79812
850 -0.967295 -0.931491 1.60211
850 -0.998066 -0.822565 1.58136
850 0.308318 1.13548 4.60554
850 0.173044 -1.21235 0.548814
850 1.10418 -0.515988 5.86714
850 -0.56263 1.29912 3.63529
850 0.421187 0.830164 4.64386
850 -1.14839 -0.0331903 2.65006
850 0.778174 -1.05587 0.50542
850 0.50127 0.798022 4.78302
850 -0.0881038 1.05238 3.75739
850 -1.22699 -0.344475 2.51024
850 -0.806495 -0.843789 1.58539
850 -0.588635 -0.763898 1.55651
850 -0.854516 0.195078 2.51752
850 0.667527 1.20577 4.7145
850 -0.694236 -0.86095 1.53668
850 -0.605801 0.945178 3.68067
850 1.1061 -0.331269 5.79365
850 -1.21774 -0.0747918 2.63177
850 0.23728 1.161 4.61263
850 1.15526 -0.422168 5.85968
850 1.14538 0.165115 5.6763
850 0.217745 -1.05501 0.497646
850 -0.643199 -1.16755 1.58035
850 -0.306319 1.39769 3.78068
850 -1.32286 0.240962 2.51669
850 -0.870869 -0.740297 1.76305
850 0.876041 -0.221822 5.70029
850 -1.07706 -0.339577 2.52948
850 -1.43378 0.0330632 2.49141
850 -0.871096 0.67113 3.51199
850 0.539543 -0.830203 6.77247
850 -0.740203 0.0673524 2.53281
850 -0.212073 -1.1464 1.36112
850 -0.678583 1.10537 3.6236
850 -0.834648 -0.630564 1.58564
850 1.13108 -0.128244 5.76736
850 0.356055 0.721246 4.74012
850 -1.2362 -0.0167905 2.63386
850 0.439214 0.915876 4.67845
850 -0.487345 0.980663 3.58865
850 0.364068 0.941857 4.76148
850 -1.07364 0.431288 2.67979
850 -0.596976 -0.586106 1.5683
850 -0.765335 1.08914 3.55917
850 -0.36145 1.08935 3.79965
850 -0.608754 -0.707975 1.62205
850 0.72942 -0.0210327 5.8229
850 -0.553028 1.0738 3.63678
850 0.293515 0.848366 4.78363
850 -1.03652 0.0485638 2.61967
850 -0.661259 1.21034 3.62815
850 -0.477974 1.27871 3.57794
850 0.512855 -0.63676 0.487221
850 -0.227135 -1.05431 1.47777
850 -0.759652 1.13454 3.52915
850 -1.04406 -0.927332 1.66248
850 -0.271738 -1.00075 1.50783
850 -1.09954 0.205158 2.67891
850 1.04069 0.126438 5.65745
850 0.429525 1.26028 4.71006
850 0.979719 -0.369719 5.7753
850 0.888017 -0.323271 5.87584
850 -0.713047 0.850675 3.58194
850 -0.211418 0.927807 3.71797
850 -0.712318 -1.26213 1.49702
850 0.537973 -1.10598 0.412526
850 -0.966277 -0.220011 2.54377
850 1.02691 0.00942151 5.76637
850 -0.423125 0.726402 3.56988
850 -0.914092 1.08365 3.58508
850 -0.862788 -0.134986 2.49486
850 -1.21682 0.152743 2.57987
850 0.524773 1.10018 4.70913
850 -0.484745 0.700696 3.52537
850 -0.729178 -0.825886 1.53658
850 0.527671 0.905847 4.76443
850 0.904865 0.587892 4.90076
850 0.660845 0.764805 4.90023
850 -0.594052 0.599213 3.57979
850 -0.488719 1.06793 3.59679
850 1.22983 -0.245179 5.87063
850 0.788277 -0.799872 0.338859
850 0.863647 0.202908 5.62148
850 -0.97739 0.78675 3.46243
850 -1.01418 0.912364 3.49352
850 -1.16288 -0.292125 2.34905
850 0.813574 0.884896 4.68899
850 1.01959 0.0825672 5.58474
850 0.386804 0.884245 4.84269
850 0.662777 -0.707335 0.335221
850 -1.09032 -0.853203 1.70467
850 -0.710786 -0.897803 1.67169
850 0.583755 -0.800254 0.424216
850 -0.369646 -0.797373 1.42599
850 1.04316 -0.478657 5.8472
850 -1.06096 0.350723 2.65965
850 0.528146 -1.26961 0.598534
850 0.306491 -1.07996 0.588262
850 0.74501 0.89134 4.77887
850 0.480962 -0.870406 0.383
850 -1.26164 0.259995 2.63575
850 -1.09958 0.393177 2.68491
850 0.511859 1.19707 4.74428
850 -0.286166 1.2702 3.59821
850 -0.632917 -0.679074 1.59721
850 -0.933619 0.226224 2.57021
850 -0.681884 0.689228 3.50652
850 0.512078 0.578228 4.73493
850 0.753275 1.02382 4.79655
850 1.19313 -0.260044 5.8002
850 1.03879 0.182292 5.71044
850 0.798921 -0.0762163 5.73451
850 -0.421202 1.21856 3.75631
850 -0.415946 -0.686786 1.6062
850 -0.193339 1.16383 3.83548
850 0.864425 -0.365169 5.83626
850 -0.644198 0.950734 3.69579
850 -0.300728 1.04768 3.65037
850 -0.69516 -1.05303 1.49392
850 -0.499186 0.752333 3.58523
850 -0.511835 0.648752 3.66341
850 -0.827493 1.02015 3.4211
850 -0.720247 -0.631536 1.63559
850 -0.971733 -0.267684 2.57742
850 -0.613141 1.17108 3.51695
850 0.787356 0.727025 4.94723
850 -0.901802 -0.723255 1.7463
850 0.691711 -0.86826 0.484594
850 0.59226 1.21208 4.75519
850 -0.0550603 1.21889 3.84088
850 -1.2929 -0.0961878 2.53417
850 -1.08555 0.10136 2.64463
850 0.823689 0.791191 4.74074
850 -0.886892 0.228147 2.52205
850 -0.244956 -1.27346 1.38069
850 -1.11465 0.0466215 2.69335
850 0.316057 -0.677982 0.535615
850 -0.997075 -1.01163 1.72851
850 0.977985 -0.167862 5.77039
850 -1.12108 0.227569 2.58777
850 -0.877067 0.713263 3.4805
850 0.897664 0.651505 4.84519
850 -0.469248 -1.01621 1.59866
850 0.905464 0.0298602 5.76983
850 -0.984983 0.200904 2.46975
850 0.964329 0.786774 4.82475
850 -0.98864 0.0367488 2.52254
850 1.12965 0.10173 5.71368
850 -0.546801 -0.989113 1.57513
850 0.350433 -0.82744 0.450315
850 0.410009 0.648291 4.76907
850 0.923883 -1.01054 6.69561
850 0.717587 -0.881392 0.560143
850 0.275741 -1.21129 0.483994
850 -1.23137 0.0147061 2.53023
850 0.384474 -0.847765 0.523055
850 0.839322 -1.08041 0.339132
850 1.114 -0.278753 5.75635
850 -0.510106 0.801521 3.58982
850 1.28043 -0.435939 5.84437
850 1.35448 0.213507 5.71484
850 -0.169355 1.1356 3.75968
850 0.559532 0.733515 4.70219
850 0.702774 0.567634 4.83329
850 1.38717 0.183183 -0.608279
850 0.725655 -0.116371 5.70917
850 1.38818 -0.180679 5.75683
850 0.718831 -0.792747 6.58023
850 -0.469599 -0.613342 1.56991
850 0.593671 -0.768519 0.507689
850 0.920239 -0.269954 5.67623
850 0.978112 -0.443445 5.84389
850 -0.404923 1.20035 3.56696
850 -0.86739 1.13106 3.5055
850 0.354762 -1.1867 6.73417
850 0.854889 0.0218656 5.62221
850 1.24579 -0.0413842 5.66957
850 0.525401 0.709271 4.76504
850 -0.378246 0.909974 3.67716
850 -0.535304 1.2345 3.75925
850 -1.32818 0.192949 2.48741
850 0.585079 1.2665 4.71198
850 0.573868 -1.18091 0.546529
850 -1.34508 0.182459 2.68022
850 0.613187 0.653481 4.75265
850 0.833697 1.16219 4.74142
850 -0.241235 1.03817 3.74
850 -1.31815 -0.0299607 2.56146
850 -0.908985 -0.193003 2.55841
850 0.67323 -1.24018 0.528947
850 -0.98427 0.119462 2.55498
850 0.960928 0.923573 4.77616
850 0.414604 0.722785 4.6808
850 0.790348 -0.870786 0.415094
850 0.355608 -0.724785 6.75594
850 0.351095 1.12173 4.58713
850 0.852089 1.11676 4.70521
850 -0.366863 -1.22853 1.53793
850 -0.320364 0.781111 3.54046
850 0.326172 0.784114 4.80987
850 -0.787068 -0.519842 1.70287
850 -0.45099 0.78999 3.66963
850 0.586725 -0.616061 0.477414
850 -0.941363 -0.761773 1.66639
850 -0.363445 0.645644 3.67014
850 -0.590217 0.63479 3.56506
850 1.04538 0.680636 4.90737
850 -0.583569 0.662074 3.49108
850 0.410308 1.14682 4.69019
850 0.60119 0.985729 4.65359
850 -1.21697 0.450393 2.62917
850 -0.573502 -1.20316 1.505
850 0.401055 1.22774 4.63578
850 -0.481664 1.11006 3.72794
850 -0.856701 -0.0793176 2.56323
850 -0.56656 0.824816 3.69415
850 -1.05504 0.244541 2.49579
850 -0.53209 -0.728334 1.65497
850 0.8825 -0.682848 0.317962
850 -0.706317 0.750867 3.60384
850 -0.79456 -1.04288 1.6161
850 0.150383 -0.934388 0.51785
850 1.03511 0.912377 4.84221
850 0.539583 1.03815 4.82718
850 -0.780844 0.00980952 2.59265
850 -0.70935 -1.1712 1.4358
850 1.25367 0.0187231 5.84093
850 -0.408992 0.783001 3.64373
850 -0.529726 0.58629 3.61626
850 0.762273 -0.885038 0.26429
850 0.396255 -1.2242 0.578488
850 0.408993 0.873765 4.67376
850 0.59224 -1.08072 0.394504
850 -1.15375 0.0109437 2.62307
850 0.995246 -0.0886217 5.65386
850 0.903627 -0.765746 0.361702
850 -0.250625 1.20854 3.651
850 0.857046 1.02993 4.83749
850 0.968049 -0.926648 0.324727
850 0.215067 0.930475 4.65593
850 0.785427 0.879075 4.84465
850 -0.795405 0.0328359 2.50566
850 0.95655 0.286307 5.57574
850 -0.576823 -0.62602 1.59386
850 -0.630045 0.670633 3.60367
850 -0.29247 -0.937679 1.4932
850 -0.51565 0.849816 3.70439
850 0.944363 -0.88609 0.373026
850 -0.622566 1.1452 3.7493
850 -0.995302 -0.171867 2.47981
850 0.89393 0.888038 4.80006
850 1.04523 -0.358992 5.83761
850 0.514838 -0.685426 0.530376
850 -0.295937 -0.662508 1.58946
850 -0.719783 -1.08851 1.65238
850 0.673279 -1.17219 0.468549
850 0.624094 -1.00987 0.312226
850 -0.363308 -0.640124 1.53051
850 0.983867 0.668712 4.85109
850 -0.844776 0.914405 3.58137
850 -0.880929 1.00684 3.55532
850 -0.631706 -0.918146 1.48414
850 1.02238 -0.101161 5.85665
850 -0.790233 -0.741843 1.66031
850 0.799617 -0.999094 0.369619
850 -1.07297 0.893893 3.41082
850 0.354111 1.28564 4.63831
850 0.891607 -0.0854515 5.67822
850 0.434604 -1.29084 6.84666
850 -1.19304 -0.386779 2.52822
850 0.891109 1.05325 4.76107
850 -0.61387 -1.0962 1.63234
850 -0.172105 0.974313 3.70143
850 0.929905 0.887396 4.73717
850 0.782686 0.186051 5.71266
850 1.08527 0.198038 5.75962
850 -0.430166 0.680353 3.66331
850 0.456773 0.614409 4.67592
850 0.69478 0.810313 4.69749
850 0.807645 -0.275993 5.76158
850 0.814448 0.128097 -0.48941
850 1.17474 -0.390819 5.89065
850 1.26521 -0.177445 -0.576567
850 0.369682 -0.646429 0.517741
850 0.393623 -1.26262 0.426776
850 -0.242426 0.701866 3.65662
850 1.27522 0.14923 5.71545
850 0.856098 0.121241 5.64298
850 0.575818 -0.900016 0.398051
850 -1.07175 -0.00073396 2.4489
850 1.03499 -0.156257 5.81961
850 -1.30439 0.107676 2.52048
850 1.06926 -0.404949 5.78626
850 0.397818 -1.02776 0.572599
850 -0.785286 0.982734 3.49828
850 -0.304966 0.676889 3.65223
850 -1.3754 0.254583 2.63695
850 0.827939 -0.842255 0.392799
850 0.466256 0.77384 4.77058
850 0.352685 1.16837 4.69113
850 0.790836 0.975967 4.85874
850 -0.285703 1.01031 3.78404
850 0.655178 0.543058 4.78548
850 -0.431644 -1.27588 1.48675
850 0.382298 -0.583541 0.44036
850 -0.686227 -0.986179 1.63424
850 -0.623639 0.791166 3.61176
850 0.437597 0.636815 4.73328
850 0.515358 -1.1817 0.587318
850 -0.540767 1.01336 3.69193
850 -0.380152 1.14283 3.66231
850 1.16698 -0.341152 5.82833
850 -1.11726 -0.14641 2.43184
850 -0.913757 0.791914 3.56214
850 0.647798 1.0448 4.70012
850 0.399108 -0.931731 0.453054
850 0.944109 0.83299 4.81687
850 1.20594 0.394135 5.60332
850 -0.888855 0.0605047 2.49473
850 -1.00714 -0.0487335 2.47435
850 -0.833525 -0.582686 1.62597
850 -0.773463 1.16693 3.73636
850 0.554887 0.830841 4.70331
850 -0.963994 -1.0739 1.6708
850 -0.805972 -0.971511 1.44928
850 0.657471 -1.09976 0.457275
850 -0.606705 1.23613 3.65175
850 -0.539457 1.38199 3.68825
850 1.35363 -0.311549 5.78236
850 -0.801481 -0.152224 2.43571
850 -0.338949 0.860412 3.59588
850 1.21412 -0.437238 5.87914
850 0.532296 1.28623 4.67972
850 -0.577337 -0.865639 1.57016
850 0.403899 -1.17758 0.532792
850 -1.26038 -0.404575 2.46807
850 0.842458 -1.12635 0.474328
850 -0.907152 0.820709 3.37759
850 0.7661 -0.224324 5.82036
850 -0.276614 -1.04812 1.43173
850 -1.0394 0.779456 3.46639
850 0.459381 1.29011 4.68432
850 -0.463345 -1.19658 1.34336
850 -0.877184 -0.668277 1.58805
850 -0.637737 -1.07481 1.52019
850 1.05071 -0.0707899 -0.593901
850 -0.384429 -0.837505 1.46744
850 -0.669179 0.78042 3.64482
850 0.521011 -0.554197 0.383389
850 0.208703 -1.19434 6.87239
850 -0.498353 -1.13325 1.42435
850 0.768504 0.608341 4.8169
850 -0.68301 0.945056 3.69665
850 0.98862 0.196175 5.69875
850 -0.372883 -1.07149 1.37636
850 -0.847086 1.17602 3.50148
850 0.689742 1.14015 4.77055
850 -0.235772 0.747126 3.59827
850 0.226213 0.866399 4.66409
850 0.937802 0.645492 4.8361
850 1.40841 -0.0559384 5.76834
850 0.819971 -0.172937 5.69382
850 1.29086 -0.0333631 5.73424
850 -0.689179 -1.14799 1.5676
850 1.33017 -0.0731894 5.77942
850 -0.283054 1.36436 3.69449
850 1.29815 -0.352659 5.85603
850 -0.67191 1.03131 3.75149
850 -0.80689 -0.895011 1.56644
850 -0.428207 1.12347 3.70623
850 0.870144 0.867108 4.9121
850 -1.26692 0.125633 2.49158
850 -0.576174 -0.944059 1.53773
850 -0.426923 -1.07092 1.377
850 1.0315 -0.263975 5.69043
850 0.689038 0.00128695 5.74249
850 1.37954 0.00107434 5.62292
850 -0.452654 0.91627 3.66861
850 0.548834 1.19465 4.57299
850 0.39245 -1.10621 0.630963
850 -0.518536 -1.00786 1.64518
850 1.36079 -0.104685 5.66592
850 0.678324 -0.0416085 5.72142
850 -0.284298 -0.827388 1.52315
850 -1.01364 0.872339 3.52989
850 -0.250799 -1.09171 1.43721
850 -1.14662 0.382285 2.56005
850 -0.425145 -1.19612 1.41401
850 -0.226478 1.00124 3.66156
850 -0.766608 -0.652096 1.67129
850 -0.514425 -0.804949 1.6474
850 -0.355599 1.25801 3.7364
850 1.09429 -0.229034 5.74789
850 -0.189107 -1.02762 1.44181
850 0.603485 0.849861 4.71571
850 0.62259 -0.861946 0.561911
850 -1.14649 0.327389 2.57072
850 -0.293165 -1.09171 1.3528
850 1.10378 0.147064 5.72821
850 -0.968385 0.747899 3.50826
850 1.15164 0.036902 5.68535
850 0.537318 -0.966022 0.321331
850 0.542619 0.757975 4.8012
850 -0.741606 1.21444 3.71737
850 1.06059 0.34497 5.68557
850 -0.642955 0.98594 3.5983
850 1.25472 0.387015 5.57004
850 -0.111882 1.25831 3.76366
850 -0.650929 -0.602185 1.53502
850 0.836634 0.93481 4.88696
850 -0.313077 -0.793438 1.48986
850 1.33517 0.291309 5.67473
850 0.749451 0.0654554 5.70886
850 1.14784 0.403386 5.65331
850 0.565887 1.089 4.67136
850 0.56965 -1.01739 0.371885
850 -1.0552 -0.818297 1.62989
850 0.714557 0.884175 4.89294
850 0.108923 -1.12854 0.620399
850 -1.15114 -0.205943 2.49915
850 -0.857203 0.298827 2.63759
850 0.387132 -0.798263 0.462894
850 0.930023 -0.120928 5.67287
850 -0.882221 -0.986558 1.70699
850 -1.15743 0.155647 2.47009
850 0.771375 -0.961899 6.72266
850 -0.709931 -0.57766 1.71499
850 0.686799 0.989279 4.73957
850 -0.343004 -1.15046 1.47245
850 0.841 -0.254146 5.8263
850 0.142619 -0.813982 6.83462
850 0.219146 -0.885283 0.440913
850 -1.25336 -0.249528 2.56458
850 -0.316242 1.17565 3.72404
850 0.25623 -1.08982 0.488524
850 -0.839782 -0.687226 1.70876
850 0.392691 -0.67592 0.360247
850 0.319588 0.665728 4.79293
850 0.225052 -0.814096 0.502444
850 -0.228303 0.807541 3.68024
850 0.959859 -0.111711 5.7578
850 -0.811126 1.08673 3.55606
850 0.626777 -0.803248 0.512447
850 0.787024 0.650809 4.76644
850 -0.889198 0.762199 3.59742
850 0.324622 -1.13173 6.79543
850 -0.783885 0.774378 3.4616
850 0.442254 -1.158 0.5579
850 0.555611 0.791601 4.91094
850 -0.393984 1.32048 3.72254
850 0.791308 -0.731214 0.334685
850 -0.920406 0.0522856 2.66798
850 -1.19073 -0.0359015 2.44284
850 -0.538712 -0.50835 1.58964
850 -0.252946 -0.947648 1.51152
850 0.832922 0.649431 4.92961
850 1.0671 -0.167818 5.70752
850 -0.807977 -1.1209 1.55535
850 1.34104 0.134998 5.7635
850 0.75386 -0.0897982 5.77243
850 0.663749 -0.773128 0.480327
850 0.982201 -0.835964 0.336135
850 0.346261 -1.2347 0.538954
850 -0.731048 -0.569356 1.58978
850 -0.658005 1.16676 3.55191
850 0.669607 0.731504 4.82863
850 -0.472394 1.01415 3.55619
850 -0.493607 1.33709 3.65074
850 -0.969641 -0.723861 1.64827
850 0.121138 -0.898207 0.58232
850 -1.36521 0.052816 2.65479
850 -0.912559 0.285136 2.56826
850 -0.431391 -0.597656 1.61243
850 0.864179 -0.13577 5.70385
850 1.19745 0.241128 5.62448
850 -0.38015 -1.1959 1.41517
850 0.488422 -0.608179 0.388504
850 0.954836 0.0320698 5.81503
850 -1.17393 -0.314962 2.43909
850 -0.862661 -0.817293 1.53856
850 -0.542786 -0.604198 1.6597
850 -1.10773 0.460658 2.66598
850 0.990702 -0.280045 -0.411001
850 0.568084 0.95328 4.65121
850 -0.781324 0.884529 3.53895
850 0.429664 -0.613221 0.514514
850 0.260057 1.05228 4.6922
850 -0.607642 -0.867816 1.46022
850 1.28574 -0.242788 5.93179
850 0.333801 -0.59535 6.73532
850 1.0006 0.284442 5.61512
850 1.05876 -0.314746 5.84611
850 0.906609 0.338327 5.61768
850 -0.749534 0.135176 2.54878
850 1.13244 0.203796 5.73745
850 0.943291 1.06523 4.82316
850 1.40192 -0.0948091 5.7096
850 0.659598 -0.615984 0.445266
850 -1.32287 -0.258953 2.40075
850 0.920881 0.777186 4.87169
850 -0.380833 -0.928484 1.50072
850 -0.601462 0.7509 3.48893
850 -0.686254 0.863151 3.4769
850 -0.442736 0.942244 3.55344
850 -0.811059 0.694219 3.51324
850 1.16336 -0.300134 5.83796
850 1.27056 -0.402929 5.90442
850 0.468226 -0.684286 0.51627
850 -0.501678 1.29195 3.80296
850 0.582975 -0.652889 0.469473
850 -0.173052 0.862898 3.65462
850 -0.653296 1.07213 3.66593
850 -0.754375 0.689231 3.54797
850 -0.52495 1.18147 3.60057
850 -1.06138 -0.0857653 2.43931
850 -0.664637 -1.03493 1.54628
850 -0.142381 0.904909 3.72884
850 1.33609 -0.223745 5.88426
850 -0.348793 -0.602517 1.56811
850 -0.678759 0.825764 3.66392
850 1.14289 -0.45989 5.86467
850 0.47906 0.734045 4.70125
850 0.781819 -1.13445 0.424707
850 -0.482744 -0.781315 1.46123
850 -0.656936 -0.802717 1.53873
850 -0.457665 -1.09393 1.60348
850 -0.536323 -0.847294 1.59849
850 0.189507 -1.01247 0.553969
850 0.380239 -0.746947 0.570961
850 -0.687776 -0.524368 1.61958
850 -1.41229 -0.0833114 2.48459
850 0.0872085 -1.0811 6.89811
850 -1.03766 -0.180138 2.44677
850 0.633355 1.25608 4.70901
850 -0.651227 -1.21826 1.53875
850 -0.684738 -0.932346 1.66969
850 0.951884 0.198034 5.61364
850 -0.237596 1.14076 3.84066
850 1.02201 0.237402 5.60662
850 1.01256 -0.241057 5.91468
850 -1.10168 -0.0372646 2.52034
850 0.516646 -0.873915 0.404733
850 0.735512 0.150129 5.72254
850 0.619729 -0.568851 6.67891
850 -0.69731 1.1476 3.65367
850 0.589298 0.756219 4.63448
850 -0.413365 1.26998 3.70151
850 -0.878729 -0.942396 1.61776
850 1.02287 0.32847 5.61683
850 1.19306 0.0751929 5.79273
850 0.725336 0.673056 4.8016
850 0.783726 0.0797838 5.75225
850 0.215961 -1.25916 0.542879
850 0.198713 -0.94193 0.502245
850 -0.307591 1.28669 3.73856
850 0.927365 0.975172 4.70718
850 -0.315289 -0.691451 1.51954
850 -1.30557 0.320828 2.62754
850 0.3972 -1.3158 0.504271
850 -1.4196 -0.0221655 2.52973
850 0.108323 -1.18876 0.610359
850 0.487536 0.948647 4.73362
850 1.29444 -0.123362 5.80295
850 -0.468086 -1.22813 1.55141
850 -1.40397 -0.130468 2.52488
850 -0.712718 -1.21263 1.59856
850 -1.03711 0.381652 2.59274
850 0.474203 -0.943889 0.48545
850 1.09728 -0.0217693 5.66273
850 1.21319 -0.107441 5.7593
850 -0.828775 1.23724 3.57089
850 0.508306 -0.725596 0.472122
850 -0.761473 -0.970046 1.69408
850 1.34131 -0.0134121 5.7942
850 0.855977 0.759763 4.78176
850 1.31204 -0.173633 5.8571
850 0.866944 -0.887683 0.432254
850 -0.123473 1.09231 3.7815
850 -0.789735 -0.921303 1.74699
850 -0.456833 -1.14197 1.50364
850 1.0139 0.81841 4.84449
850 -0.380551 0.87719 3.72753
850 -0.336579 -0.765032 1.46419
850 -0.660073 -0.76199 1.46557
850 -0.532528 -1.21702 1.53854
850 -0.520108 0.705933 3.58156
850 0.499921 -1.29736 0.444955
850 0.539512 -1.21745 0.539147
850 0.418179 -0.570477 0.482458
850 -0.372659 1.36407 3.69126
850 0.435738 1.05932 4.70298
850 1.10948 -0.366376 -0.534407
850 -0.577486 -0.53392 1.53166
850 0.151355 -1.03277 0.519476
850 0.863949 0.261778 5.6937
850 -0.787196 0.203028 2.5553
850 0.886533 -0.183676 5.839
850 -0.655113 -1.1164 1.58829
850 0.443379 -1.11561 0.389847
850 -0.738154 0.88565 3.49829
850 -0.765466 -0.120253 2.49049
850 -0.755966 -0.869852 1.49129
850 1.3959 0.134076 5.64657
850 -0.356241 0.778241 3.74266
850 -0.648993 -0.862988 1.49594
850 -0.258982 0.844932 3.66457
850 0.697919 0.835274 4.89857
850 0.7921 -0.698786 0.410239
850 0.340859 0.813978 4.71613
850 -1.39497 0.154517 2.61947
850 -0.962348 0.846371 3.46232
850 0.454791 1.14424 4.68506
850 0.695466 -0.65913 0.404625
850 0.349078 0.619198 4.75428
850 0.537701 -0.928152 0.371334
850 1.0178 -0.438937 5.90563
850 0.695264 -1.0461 0.494223
850 0.928408 0.221113 5.71439
850 0.434354 0.994416 4.78907
850 -0.462023 -0.548262 1.54853
850 -0.377967 -0.955915 1.58396
850 -0.793416 1.22414 3.50662
850 -0.827186 0.848773 3.50796
850 -0.948992 -1.02616 1.75866
850 -0.525466 -1.29691 1.49113
850 -0.366456 0.967118 3.60282
850 0.720386 -0.190606 5.765
850 -0.944662 -0.0355048 2.54507
850 -0.59778 0.718709 3.62911
850 -0.928811 0.94091 3.60136
850 -1.22595 -0.307259 2.45541
850 0.750337 1.1004 4.71508
850 -0.163406 1.27326 3.7488
850 0.862741 -0.76605 0.260328
850 1.19954 0.438058 5.61103
850 0.920085 0.30127 -0.668367
850 1.25653 -0.0723512 -0.674237
850 0.94933 -0.813585 6.53518
850 -0.69981 -0.725809 1.50423
850 -1.36494 0.122875 2.62945
850 -0.963494 0.277695 2.60547
850 0.867789 0.954154 4.67303
850 -0.274544 1.08434 3.61037
850 -0.56328 -0.754603 1.70863
850 -1.11857 0.0703318 2.55968
850 1.13086 -0.0809178 5.76766
850 0.385382 0.807678 4.66722
850 0.444458 1.188 4.72266
850 0.281812 1.0991 4.65602
850 -1.00669 -0.269291 2.4362
850 -0.422261 -0.813712 1.43654
850 -1.03457 0.957722 3.4319
850 0.287096 -0.778036 0.395477
850 0.309606 -0.6215 0.399777
850 1.31379 -0.280574 5.80056
850 1.00465 -0.340982 5.79062
850 1.08464 -0.485198 5.96924
850 0.654781 -1.05878 0.347678
850 0.504767 0.64545 4.85766
850 -1.0636 -0.212754 2.50035
850 -0.597778 -0.983157 1.68578
850 0.819711 0.0660897 5.68587
850 -0.105428 1.15192 3.72269
850 -0.612545 1.10629 3.60241
850 -0.951411 -0.861622 1.59564
850 -0.569554 0.935503 3.60279
850 -0.478744 1.21508 3.73868
850 -1.21426 0.0425122 2.47443
850 0.638695 -1.03407 0.484554
850 -0.353379 -0.853934 1.48766
850 -0.198716 -1.22913 1.38689
850 0.78339 0.549916 4.8547
850 -1.3563 -0.248581 2.60495
850 -0.399345 -0.988181 1.56519
850 0.237951 1.01284 4.69393
850 -0.357626 -0.684684 1.45392
850 -1.11025 0.303129 2.59392
850 0.870199 0.69845 4.89855
850 0.605281 1.09002 4.6
850 -1.18292 -0.0890986 2.46042
850 -1.2192 0.314018 2.66071
850 0.448881 -0.979049 0.458354
850 -0.729171 0.0256419 2.56813
850 -0.666765 -0.670464 1.56863
850 -0.300297 0.869904 3.59058
850 -0.365056 -1.09553 1.49603
850 0.264858 -0.737199 0.531609
850 1.36846 0.0686509 5.68042
850 0.578002 -0.944805 0.440449
850 -0.285877 1.32654 3.68956
850 -1.18875 0.361029 2.6641
850 -0.298795 -1.16846 1.48885
850 1.22907 -0.284362 5.72068
850 1.33508 0.0886247 5.73353
850 -0.811204 -0.54835 1.75341
850 -1.10203 -0.0812318 2.55655
850 0.722693 -0.734352 6.75572
850 -0.423842 1.16387 3.74129
850 0.229795 1.22059 4.55513
850 0.563956 0.652466 4.77158
850 -0.637685 0.570223 3.54147
850 -0.439832 -0.95197 1.567
850 -0.953951 0.171484 2.54707
850 -0.561012 0.904079 3.7163
850 0.837909 -0.100091 5.74508
850 -1.14881 0.131714 2.69234
850 1.18161 0.113958 5.80063
850 -1.09533 -0.181648 2.44599
850 0.6416 -1.20658 0.447576
850 0.928743 -0.0116977 5.81346
850 -0.839039 0.00814603 2.59359
850 -0.900487 -0.295317 2.46354
850 -0.209244 -0.920238 1.49093
850 -0.9245 -0.708035 1.66426
850 -0.415083 -0.742981 1.56067
850 0.394333 0.925022 4.6926
850 -0.822482 -0.742519 1.54493
850 0.313861 -0.95393 0.411898
850 -0.535757 -0.706889 1.51974
850 0.298709 0.747257 4.77312
850 1.11818 0.273866 5.68141
850 -1.11963 0.137386 2.53938
850 -0.897606 0.00359034 2.64386
850 -0.25387 -0.800556 1.59103
850 -1.01874 0.0820892 2.53995
850 -0.663721 1.31299 3.55302
850 -1.06176 -0.289402 2.47905
850 0.585723 0.803063 4.66171
850 0.769995 0.829534 4.77578
850 -0.410397 -0.561101 1.55955
850 -0.271273 -0.767059 1.49613
850 -0.39451 -1.32914 1.37866
850 -1.25861 0.427303 2.66664
850 0.434912 -0.662125 0.399631
850 -0.924775 -0.120308 2.55621
850 -0.698375 1.07596 3.72343
850 0.681099 -0.729474 6.78673
850 -0.550703 -0.561504 1.59305
850 -1.39319 -0.166721 2.55311
850 -0.137199 1.31965 3.78882
850 -0.555323 1.16219 3.68507
850 0.978343 -0.204188 5.67289
850 0.792505 1.1456 4.777
850 0.636313 0.845473 4.66033
850 -0.71016 0.637134 3.55445
850 0.46868 0.861785 4.63502
850 -0.770194 -0.767493 1.6908
850 -0.749884 -1.09672 1.55498
850 0.27068 -1.11695 0.639688
850 -0.582734 -0.795741 1.65929
850 -0.941689 1.02928 3.48473
850 1.17609 -0.191009 5.84154
850 0.300712 -0.871217 0.577778
850 0.862432 0.151323 -0.577858
850 -0.584229 1.02926 3.48758
850 -0.318641 1.09579 3.64857
850 -0.46206 0.869352 3.50335
850 -0.361317 -1.30157 1.47574
850 0.766404 0.675801 4.80801
850 0.267044 -1.00314 0.46694
850 -0.585471 -0.830307 1.49
850 0.763008 0.0198146 5.71098
850 -0.252804 0.929616 3.74027
850 -1.32164 0.0700034 2.53482
850 0.237985 1.10556 4.67329
850 0.629742 1.01283 4.77551
850 0.689998 1.25975 4.67373
850 -0.722232 1.25306 3.57511
850 0.501754 0.879097 4.7917
850 0.542453 -0.588312 0.471048
850 -0.335924 1.05217 3.70681
850 0.399891 0.975245 4.58799
850 0.69366 -1.10048 0.532582
850 -0.9337 0.359929 2.64057
850 -1.00498 -0.64091 1.68801
850 -0.89365 0.186694 2.59364
850 0.460255 -0.810114 0.556283
850 -1.31122 -0.363894 2.40704
850 -0.575044 -1.03263 1.60032
850 0.499137 1.25227 4.69988
850 -0.407656 1.03863 3.58532
850 0.28847 -1.28848 0.518197
850 -0.853471 -0.240479 2.4671
850 -1.24752 0.361059 2.58515
850 1.14808 0.366927 -0.697896
850 -0.129395 0.996459 3.68172
850 -0.430401 1.08312 3.57946
850 1.3095 0.04681 5.64954
850 0.944268 1.01762 4.76117
850 0.634782 0.964175 4.66249
850 1.06448 0.790238 4.88179
850 -0.340953 1.13155 3.56062
850 0.76225 0.782687 4.70644
850 0.707485 1.10325 4.73067
850 1.08931 -0.0742762 5.65547
850 -0.303558 -1.22039 1.40295
850 1.04525 -0.0249836 5.71244
850 -0.323302 -0.847086 1.54898
850 -0.531439 1.34756 3.77009
850 -0.513893 0.932903 3.49124
850 -0.838386 -0.0639607 2.45072
850 -0.436651 1.00275 3.56589
850 -0.3452 1.20052 3.78666
850 0.999558 0.0964851 5.78941
850 -0.81253 -0.6659 1.59966
850 -1.33826 -0.0548421 2.58962
850 0.501202 -1.15388 0.426657
850 0.713611 -1.01528 0.532062
850 -0.297556 0.716831 3.60252
850 -0.999617 0.831879 3.52383
850 0.931464 -0.0669944 5.76893
850 -0.620211 -0.973129 1.55051
850 0.527529 0.625253 4.80473
850 -1.03214 -0.863734 1.67017
850 0.364769 0.992644 4.6284
850 0.958028 0.122441 5.76846
850 0.899241 0.731568 4.78592
850 0.988256 0.0449116 5.78238
850 -1.38578 -0.211013 2.56621
850 -1.19316 0.112561 2.58856
850 0.779884 -0.932198 0.538099
850 -0.206305 1.09075 3.70698
850 -0.859953 -1.07186 1.551
850 -0.732006 -1.04001 1.46333
850 -0.768217 1.0344 3.67241
850 -0.392854 -1.0273 1.4486
850 -0.157564 1.19 3.77399
850 0.41451 -0.95043 0.600088
850 -0.906812 -0.0608343 2.59367
850 -0.348825 0.733583 3.59832
850 1.30734 0.252466 5.63625
850 0.686924 0.687648 4.84675
850 0.925719 0.0792585 5.75131
850 1.28958 0.121807 5.61713
850 0.72043 1.04055 4.8375
850 -0.94903 1.10971 3.50111
850 0.558901 0.924027 4.70347
850 -0.870297 0.106051 2.49305
850 -0.445195 0.814028 3.49938
850 0.147094 -1.15649 0.639972
850 0.385282 1.05345 4.71497
850 0.747099 -0.770506 0.376689
850 0.897162 0.98275 4.86055
850 -0.959182 0.0535203 2.46092
850 -1.01625 -0.358313 2.48258
850 -0.357503 -0.717379 1.60672
850 -1.13755 -0.377933 2.51957
850 1.27157 -0.274664 5.72951
850 0.502052 -1.23412 6.77398
850 -1.25178 -0.215774 2.47045
850 -1.34962 0.337164 2.66058
850 0.767289 -0.262835 5.79228
850 -0.174846 1.02433 3.66361
850 -0.182183 -0.980789 1.41027
850 0.362461 -0.9233 0.442693
850 1.22771 0.0863226 5.57696
850 -0.51 1.02313 3.62523
850 0.868147 0.059661 5.71316
850 -0.525238 -0.655696 1.67671
850 -1.16655 0.0579237 2.5928
850 0.233467 -0.966495 0.520563
850 -0.332167 -1.27095 1.34072
850 1.20279 0.00248322 5.6698
850 0.318915 -1.01637 0.503466
850 -1.28526 -0.0190948 2.54679
850 0.766811 -1.07956 0.365942
850 0.233292 -0.859687 6.8169
850 -0.498517 -1.08422 1.53261
850 -0.815463 0.956518 3.56163
850 -0.920912 -0.847182 1.63109
850 -0.658895 0.726118 3.50153
850 -0.786657 0.108931 2.58452
850 0.186645 -0.836968 0.471369
850 0.839578 0.580051 4.86575
850 -0.637569 0.888265 3.5722
850 -0.491498 0.596655 3.58208
850 -1.12489 -0.251563 2.53672
850 1.08942 0.328126 5.56065
850 0.237106 -0.687694 0.471965
850 -0.603662 -1.03912 1.47652
850 -0.344274 1.31216 3.72514
850 -0.260665 -1.13813 1.34452
850 0.667786 -0.907559 0.489868
850 0.271085 -1.04654 0.520591
850 -1.25229 0.0739346 2.48621
850 -0.198931 1.22762 3.70925
850 -0.367069 0.938429 3.66426
850 -0.765059 0.836552 3.49177
850 1.16845 -0.492636 5.84285
850 -0.442974 -0.661938 1.52008
850 0.448108 1.02233 4.64514
850 -0.735905 0.994596 3.6202
850 1.35903 -0.259777 5.83699
850 -0.988667 0.378028 2.63034
850 0.64863 -0.668944 0.4077
850 0.616522 0.516582 4.8268
850 0.822419 0.215619 5.72463
850 0.63188 -0.930499 0.463656
850 -0.825973 -0.993869 1.64856
850 -0.625615 1.05395 3.49508
