290 0.389928 -0.0924167 4.4925
290 0.540508 -0.573101 1.50814
290 -0.779105 -0.32493 2.40112
290 -0.311249 -0.166031 1.81843
290 -0.665507 0.890962 2.11933
290 0.119071 -0.121386 1.76833
290 0.825967 -0.594595 1.78537
290 0.333841 -0.564196 1.81092
290 -0.163404 0.285431 0.644622
290 -1.02636 -0.221885 1.38393
290 -0.214024 -0.760953 4.01785
290 0.0872742 0.122453 -0.509826
290 -0.879244 0.0718952 4.1969
290 0.250377 0.769076 0.516668
290 0.691681 0.331581 3.57037
290 -0.103368 -0.886836 1.89729
290 -0.267053 -0.0230825 0.556378
290 -0.434419 0.263509 1.91287
290 -0.123156 0.484834 4.1089
290 1.12683 -0.135455 3.44159
290 0.170294 0.0808547 0.024022
290 -0.529128 -0.295104 7.32128
290 0.398028 -0.192983 5.02599
290 -0.598789 0.422125 4.33966
290 0.770401 0.37034 5.53813
290 -0.229293 0.476643 3.34998
290 0.396694 0.00373248 -0.977338
290 -0.324701 -0.44678 0.290922
290 -0.324813 0.437703 2.13145
290 0.464666 0.267427 3.97354
290 -0.0540484 -0.408495 3.56977
290 -0.881042 -0.700871 4.73422
290 0.0347103 -0.17091 6.18408
290 -0.0503864 -0.124831 3.41531
290 -0.195201 -0.172454 6.18921
290 0.140752 -1.00986 5.386
290 0.524538 -0.280116 2.82223
290 -0.654872 0.82139 0.481832
290 0.428064 -1.05258 4.37855
290 -0.669503 0.0498426 5.71536
290 -0.270389 0.0634996 1.68514
290 1.00066 0.383641 6.32455
290 0.570729 -0.179508 3.40642
290 -0.560385 0.54894 5.36186
290 -0.198272 -0.359308 5.30564
290 -0.0137314 0.461475 0.717713
290 -0.359041 -0.69642 4.16508
290 -0.451629 -0.633007 5.9383
290 0.826974 0.362574 2.63254
290 -0.24621 0.212362 5.23439
290 0.0398935 0.831344 1.73024
290 0.172644 -0.116684 5.06412
290 0.195707 -0.786093 3.86713
290 -0.15016 0.1693 7.05309
290 -0.733474 -0.48513 1.7139
290 0.221131 -0.569431 3.03048
290 0.311882 0.144872 3.02179
290 0.237159 0.406821 5.83981
290 -1.10757 0.143528 2.59041
290 -0.183552 -0.9948 6.20876
290 0.111701 -0.618793 0.302374
290 0.971094 0.217939 5.47747
290 -0.591969 0.796161 5.31097
290 0.891436 0.687181 4.20278
290 0.457929 0.00435694 1.02314
290 -0.435363 -0.250143 4.53264
290 0.154905 -0.367143 3.79161
290 0.542955 -0.638428 4.62723
290 -0.546147 0.228187 3.70503
290 0.695122 0.638747 0.520889
290 -0.301066 0.214024 1.09193
290 -0.961804 -0.582453 3.78814
290 -1.07811 0.281187 6.04726
290 -0.667319 -0.380367 2.52037
290 0.643863 -0.0860585 4.75749
290 -0.00213343 -0.611794 0.405966
290 -0.87714 0.0128781 0.487455
290 -0.106603 0.641559 4.50626
290 -0.501954 -0.946599 3.4124
290 0.489448 -0.543393 3.01652
290 -0.574925 -0.438405 1.31649
290 -0.175246 0.45082 2.67379
290 -0.989434 0.125068 2.88909
290 -0.0145749 -0.833406 5.8368
290 0.292041 -0.302136 1.21332
290 -0.23054 -0.403314 1.75585
290 0.684263 -0.286324 5.49751
290 0.140746 -0.892032 3.21757
290 -0.338412 -0.114664 1.77192
290 -0.792511 -0.383805 0.495976
290 0.415414 -0.295592 3.91335
290 1.13203 -0.0631716 1.4797
290 0.642221 -0.561665 1.97878
290 0.759423 0.544457 2.12176
290 -0.169418 -0.312011 3.84227
290 -0.167255 0.731043 1.5024
290 0.638285 -0.328929 1.79269
290 0.51344 -0.218469 3.90877
290 0.433495 0.446287 4.81287
290 0.27688 0.583497 4.54123
290 1.09946 -0.282224 2.0302
290 -0.357143 -0.492443 2.63207
290 -0.420761 -0.583948 1.90228
290 -0.867092 -0.104789 3.5939
290 -0.0297289 -0.459779 6.58269
290 0.54641 -0.452193 3.83476
290 -0.0185214 -0.0777365 0.119899
290 -0.609702 -0.590476 -0.332269
290 -0.832123 0.437513 3.28405
290 -0.504057 -0.345458 3.72531
290 -0.124664 0.42831 3.01493
290 0.0303433 0.38929 4.00789
290 0.436822 -0.454046 4.94847
290 0.206886 0.659572 -0.159532
290 -0.342841 0.705293 4.78203
290 -0.309881 0.657203 4.30086
290 -0.658957 -0.123848 4.54429
290 -0.943612 0.304465 6.72632
290 -0.0492327 0.628145 1.09464
290 0.79272 0.79713 0.889099
290 0.463363 0.194584 1.06459
290 0.930724 -0.362747 2.19268
290 -0.840017 0.262956 3.7512
290 0.0128843 1.11578 4.33177
290 -0.344147 0.537745 5.04337
290 0.43747 -0.511851 5.69709
290 -0.700875 0.44993 3.38149
290 0.866576 0.622281 2.09672
290 -0.118106 -0.608671 2.40082
290 -0.111543 -0.406919 0.356877
290 0.503521 0.865326 2.40327
290 -0.173903 0.393012 0.776838
290 0.941635 -0.181642 6.68434
290 0.391418 -0.820259 2.21896
290 -0.476634 -0.396329 5.94768
290 0.429105 0.0499759 1.23457
290 0.0379915 0.0203148 0.513404
290 0.344755 0.372934 4.70053
290 0.0438582 0.278691 4.47007
290 0.370822 0.052004 4.00204
290 0.158657 0.822286 1.46696
290 -0.702092 0.776454 4.88937
290 0.0174204 -0.891671 7.20298
290 0.677413 -0.132205 2.43158
290 0.306436 -0.980376 0.597426
290 -0.929844 0.487251 0.680451
290 -0.800142 0.217123 0.481536
290 0.110219 0.711573 4.62154
290 0.045652 -0.721023 4.61256
290 0.967586 0.16054 3.10785
290 -1.11444 0.0707684 1.58087
290 -0.240043 0.0230819 3.36608
290 -0.959392 0.243454 3.24751
290 0.618721 -0.886144 2.98794
290 0.645472 0.0719081 7.09055
290 -0.415223 -0.681249 1.15601
290 0.281729 -0.416786 2.53623
290 -0.346761 0.389474 3.39325
290 -0.202138 -0.453453 0.223688
290 0.0946019 -0.364052 5.99771
290 -0.176729 -0.606569 0.736091
290 0.017203 0.998771 5.97397
290 0.385589 -0.535705 2.48493
290 0.751586 -0.137393 6.69441
290 -0.379839 0.751105 0.614022
290 0.238635 -0.310797 3.13686
290 -0.118194 -1.00404 2.69507
290 0.11735 -0.220561 1.44336
290 0.869152 -0.17684 2.98288
290 1.11641 -0.210531 3.69618
290 0.438478 -0.917491 1.7366
290 0.9003 0.453461 5.314
290 -0.618882 0.0777675 0.731914
290 -0.539829 -0.391964 3.56823
290 0.960939 -0.480349 2.20944
290 -0.19587 0.985226 1.82325
290 0.700804 0.443856 4.52395
290 1.07251 0.112109 5.43022
290 -0.711247 0.141393 4.90651
290 -0.350172 0.1838 4.47762
290 -0.687626 -0.32594 0.813738
290 -0.244497 -0.0736346 2.93985
290 -0.258533 0.642684 -0.0525206
290 0.100621 -0.949368 1.04741
290 0.721895 -0.000840477 0.00444953
290 -0.715174 0.300512 1.3315
290 -0.559435 -0.911509 4.95801
290 0.73258 -0.86983 3.05336
290 0.123938 -0.318348 1.62516
290 0.228667 -0.209722 4.8683
290 0.846681 -0.109397 5.08745
290 -0.277203 0.707614 0.990114
290 0.591902 -0.53793 4.9492
290 -0.1402 -0.359737 2.42372
290 -0.139669 0.797629 4.6314
290 -0.0371497 0.572213 3.71809
290 0.6629 0.751428 5.11784
290 -0.836168 -0.756311 1.18747
290 0.500177 0.932962 5.70081
290 -0.469645 -0.296924 4.53653
290 -0.266028 0.321084 6.73588
290 0.167338 0.614696 2.73423
290 -0.769141 -0.741366 5.2381
290 0.508655 0.300239 4.71221
290 0.81207 -0.376839 2.1737
290 -0.618294 0.534066 5.5726
290 -0.856921 -0.634268 2.82892
290 -0.459826 0.676337 4.43829
290 0.830808 -0.495981 5.30523
290 -0.523006 -0.547681 -0.085739
290 0.64717 -0.388601 2.31981
290 0.147188 0.666772 6.77688
290 0.22937 0.711958 1.81433
290 0.390711 0.407578 0.317307
290 0.59826 -0.665839 2.7654
290 0.777032 0.197348 2.04798
290 0.989757 0.274527 2.32887
290 0.474559 0.606537 2.97739
290 -0.322604 -0.540604 -0.05573
290 0.304793 0.786112 4.00969
290 0.00983384 -0.0288982 4.44358
290 -0.882947 0.310646 3.99784
290 0.47697 0.484404 1.80937
290 -0.040409 0.160008 0.212961
290 -0.663869 -0.208165 2.83736
290 -0.396757 -0.10698 4.18652
290 -0.517275 0.0184705 -0.877449
290 -0.228495 -1.04445 4.05394
290 0.496248 1.00211 4.24611
290 -0.952545 -0.253985 2.86195
290 0.417184 -0.757366 0.269963
290 -0.826935 -0.573006 -0.109068
290 -0.885057 -0.460277 6.88843
290 0.570163 -0.0135591 1.18531
290 -0.312531 0.757282 3.30378
290 -0.698017 -0.164336 6.09217
290 0.373103 0.52828 2.18944
290 -0.131938 -0.076736 5.74883
290 0.599427 0.655931 3.47469
290 -0.683168 0.347604 -0.763941
290 -0.390219 -0.449135 -0.273655
290 0.0744179 0.882422 5.38842
290 -0.498101 -0.876923 4.36725
290 -0.270483 0.890266 1.32266
290 0.744032 0.603914 2.81115
290 0.595789 0.431037 7.1884
290 -1.02168 -0.459109 1.26128
290 -0.188647 -0.822039 1.37814
290 -1.10922 -0.132635 5.22094
290 0.624299 -0.027054 4.82529
290 0.672052 -0.228143 1.93297
290 0.435458 -0.98271 4.69464
290 -0.863933 0.697393 2.26796
290 -0.444551 -0.916708 1.70119
290 -0.789545 -0.628176 0.523618
290 0.90901 -0.292627 4.08691
290 -0.163091 0.663084 0.523939
290 0.423103 -0.24161 3.05924
290 -0.317737 0.598089 2.67696
290 -0.0818374 0.529374 0.823653
290 -0.107831 -0.124165 2.50222
290 0.202001 -0.0657516 5.20239
290 0.223227 0.184312 6.91515
290 -0.286637 1.07584 1.55984
290 0.713886 -0.094266 -0.256041
290 0.124702 0.767057 2.18603
290 0.138277 0.418217 2.79191
290 0.119131 -0.512868 2.52677
290 -0.122583 0.371946 0.937681
290 0.8715 0.400051 2.85412
290 -0.476952 0.303568 4.27855
290 0.432042 1.02978 2.55136
290 0.557218 -0.927553 5.756
290 -0.44466 0.416234 -0.00451686
290 0.697205 -0.579738 0.467333
290 -0.12999 -0.828712 4.8115
290 0.0776651 0.542045 0.143014
290 -0.250527 -0.983642 1.05196
290 0.364063 -0.045711 0.908695
290 -0.0803494 -0.172022 1.51425
290 0.0995807 0.271824 1.05177
290 -0.341979 -0.211618 6.18426
290 0.613714 0.181424 1.656
290 0.533785 -0.336913 4.4005
290 0.438344 -0.571331 4.41635
290 -0.641432 0.303663 5.58802
290 -0.331696 0.872487 5.14984
290 1.01424 -0.0707777 5.50356
290 -0.386085 -0.540018 4.41692
290 0.608277 -0.133794 0.600344
290 0.196669 0.231239 5.03035
290 -0.474922 0.848686 -0.464763
290 -0.462943 0.361744 2.84889
290 -0.523717 0.502178 3.48816
290 0.76348 -0.42215 1.33175
290 0.789682 -0.0911 3.44843
290 -0.423941 -0.498912 6.44777
290 -0.800713 0.679056 3.81743
290 -0.301211 -0.0736772 1.52899
290 -0.439866 0.570508 5.47258
290 0.360849 -0.146834 6.98827
290 -0.419812 0.108899 0.869754
290 -0.815039 0.149621 4.85996
290 -0.324126 -0.3547 2.02581
290 -0.580527 -0.540912 2.10439
290 0.593001 0.374698 5.25198
290 0.0274501 -0.46121 3.27149
290 -0.0102805 -0.719921 1.99164
290 0.701574 0.268349 1.12806
290 0.466966 0.547524 2.42943
290 -0.728934 -0.610587 4.48724
290 0.61258 0.791818 2.21381
290 0.934222 0.626156 0.37364
290 0.54591 -0.702247 6.1843
290 0.00976805 0.732328 2.82895
290 -0.93053 0.110924 6.31476
290 0.962036 -0.249552 2.60944
290 -0.356904 -0.401199 4.51545
290 -0.269889 -0.653324 4.79844
290 -0.21216 -0.0271083 5.08986
290 0.312168 0.0487449 1.42946
290 0.837139 -0.772898 5.6033
290 0.649352 -0.625594 4.54701
290 -0.703102 0.199875 6.68264
290 0.565405 0.144097 4.50003
290 -0.126889 0.996804 5.30479
290 0.385357 0.797877 4.22024
290 -0.718179 0.612834 3.74459
290 0.647464 0.285699 0.518169
290 -1.00661 0.473586 4.08866
290 0.265444 0.657186 -0.689032
290 0.0823993 -0.562413 5.07102
290 -0.817702 -0.453709 -0.360954
290 0.689433 0.509078 1.44824
290 0.898677 -0.230506 0.720807
290 0.22576 0.0882398 3.61193
290 0.857934 0.0777316 1.88185
290 0.374549 0.984527 4.33044
290 0.0909062 0.0272451 5.00604
290 0.230577 1.09229 1.86323
290 -0.180618 0.120887 -0.101539
290 0.523598 0.512505 5.01312
290 0.0397529 -0.949905 3.70055
290 -0.482434 0.619248 5.19607
290 -0.000150001 -0.509647 4.8442
290 0.539562 0.399573 1.77497
290 0.0641289 -0.122839 3.86254
290 0.430419 0.638037 6.74464
290 -0.0205944 0.408456 3.36858
290 0.116143 0.0760551 2.33749
290 -0.38642 0.430934 1.22458
290 -0.269946 -0.920031 5.75138
290 0.662008 -0.507855 4.53691
290 -0.040706 -0.773538 5.80902
290 -0.150403 0.601571 5.02535
290 0.990371 -0.416004 4.36904
290 0.667823 -0.842354 5.03363
290 -0.603333 0.597677 1.69889
290 0.254163 0.904586 2.80573
290 0.166889 0.18078 1.31213
290 -0.164856 -0.883218 0.0208834
290 0.405201 0.288852 5.16673
290 0.802407 0.0811851 -0.728543
290 -0.0520813 -0.219135 3.43637
290 0.355814 -0.774321 2.77683
290 -0.0677143 -0.716557 2.98187
290 0.177461 -0.419106 2.04707
290 -0.969918 -0.191317 -0.575227
290 0.18209 -0.483777 5.02286
290 -0.444301 -0.348061 1.61312
290 -1.11487 -0.0662593 3.12987
290 0.121933 1.04997 2.53799
290 -0.412618 -0.0513987 0.548581
290 0.0657152 -0.316601 5.49277
290 -0.0633704 0.316487 2.85669
290 0.326255 -0.340448 4.67033
290 0.299808 0.335878 0.455352
290 -0.238007 0.527111 -0.0886374
290 -0.822151 0.0828381 6.24407
290 -0.225144 0.73612 -0.676351
290 -0.894104 0.555403 3.82488
290 -1.05386 0.100726 4.5811
290 0.592737 -0.603028 0.343012
290 0.516874 -0.758653 6.2183
290 0.446616 -0.0930313 2.80489
290 0.695203 -0.73865 2.89996
290 0.187019 0.442218 6.28142
290 0.00716008 -0.124379 3.49805
290 0.230224 0.965116 0.707046
290 0.113498 0.937049 0.247858
290 -0.0822399 -0.946814 5.20386
290 0.258337 -0.765875 -0.280038
290 0.255023 0.0437854 0.562519
290 0.542903 -0.394777 1.1595
290 -0.293298 0.826441 1.60898
290 -0.0867304 -0.457009 3.2146
290 0.756176 -0.59333 5.19904
290 0.619107 0.862222 3.17312
290 0.280226 -0.102616 3.09364
290 0.0610965 0.595975 2.55244
290 -0.017187 0.113972 4.09845
290 0.872621 -0.400071 -0.0655135
290 0.0580228 0.708473 5.32387
290 0.136912 -0.568602 3.84113
290 -0.253456 0.587529 2.58454
290 0.254531 -0.0555886 1.71181
290 0.681414 -0.0437178 1.95012
290 0.710832 0.710107 2.26188
290 -0.194493 0.561415 2.72502
290 0.306323 -0.151365 4.80239
290 0.208338 -0.859459 4.58177
290 -0.368 0.114087 2.56677
290 -0.519748 0.342221 6.10206
290 0.694723 -0.345589 5.04479
290 -0.8413 -0.338522 4.60903
290 0.137434 -0.460295 -0.170994
290 -0.465216 -0.0605138 4.40632
290 0.557752 -0.86381 1.00915
290 -0.316077 -0.260296 3.52629
290 0.77805 0.73152 3.24493
290 -0.40127 0.526547 2.20083
290 -0.800251 -0.191066 3.56552
290 -0.766184 0.438982 3.50677
290 -0.717996 0.0802838 4.56841
290 -0.00921632 0.293517 0.421561
290 0.379394 -0.359014 1.73286
290 0.341062 0.0974809 4.34699
290 1.07061 -0.100601 5.95305
290 -0.490414 -0.809352 2.19364
290 -0.35941 0.482305 5.27253
290 -0.253145 -0.168405 3.39204
290 0.517793 -0.819436 1.202
290 0.316254 1.00874 2.19869
290 0.178768 -0.312815 5.02805
290 -0.136547 -0.172389 4.6276
290 -1.05267 0.0338764 -0.117119
290 0.303695 0.235083 5.41911
290 -0.974523 0.532801 5.59291
290 0.148592 -0.266349 -1.21585
290 -0.821612 0.326046 1.13108
290 -0.582589 0.486837 2.03365
290 -0.31681 -0.962536 2.3709
290 0.0614577 -0.219359 2.59569
290 -0.47807 0.786171 1.9753
290 0.0596491 -0.41087 3.75955
290 -0.462644 0.513484 0.328014
290 0.599055 -0.817749 4.71396
290 -0.601032 0.862996 4.14611
290 -0.620503 -0.944056 1.58236
290 0.155105 0.988396 5.92445
290 0.865586 0.500504 1.48641
290 0.158488 -0.834894 0.767241
290 0.282337 -0.533231 0.847102
290 -0.504992 0.401021 3.0187
290 0.0810233 -0.668886 1.5323
290 0.119197 -0.0215105 5.64526
290 0.242667 0.347568 3.42888
290 -0.0525229 0.999141 5.61084
290 0.38531 -0.882318 0.0593876
290 0.0752178 -1.00985 3.49335
290 -0.128251 0.115827 1.77234
290 -0.351459 -0.756875 1.33322
290 -0.99203 0.0637617 4.37903
290 0.490729 -0.484297 6.85275
290 -0.203884 0.619721 2.02089
290 -0.674125 -0.482404 4.40084
290 -0.460211 -0.199065 5.8532
290 -0.419798 0.802335 4.53638
290 0.467038 -0.148638 1.33871
290 0.38161 -0.655889 0.0466852
290 -0.468838 -0.00773013 1.65332
290 -0.210043 -0.655405 2.5609
290 -0.554149 -0.243802 5.96704
290 -0.603695 -0.804149 1.87417
290 -0.670847 -0.594292 1.00181
290 0.174648 -0.0182314 4.09523
290 -0.765263 -0.560791 3.668
290 0.0881555 0.434235 0.702159
290 1.07516 0.0399734 5.8919
290 0.70962 -0.180932 5.14811
290 0.0577577 0.171017 5.75104
290 -0.0210006 -0.265566 6.56699
290 0.905957 -0.132872 4.25029
290 -0.733777 -0.294352 4.67242
290 0.035408 0.225913 0.518859
290 -0.124139 -0.715372 5.64613
290 0.635948 0.539964 5.4495
290 -0.22688 -0.871151 4.22433
290 -0.363986 0.640221 1.1289
290 0.604013 0.0327501 3.45756
290 0.40289 0.350556 1.52764
290 -0.142493 -0.457073 -0.26843
290 0.0599592 0.074791 2.63623
290 0.460819 -0.794165 3.34819
290 0.744419 0.484761 0.718001
290 -0.71198 0.552274 0.578835
290 -0.108796 -0.220362 -0.75657
290 0.119706 0.584356 3.12432
290 0.00129154 0.788332 3.88676
290 0.710116 -0.464578 3.30788
290 -0.575033 -0.188071 3.33205
290 0.0103082 0.889322 5.30903
290 -0.660709 0.643594 0.059874
290 0.535335 -0.0573977 4.07675
290 0.927595 -0.425027 5.10259
290 -0.36787 -0.15886 -0.594919
290 0.804235 0.608788 4.75478
290 -0.824608 -0.282168 1.12032
290 0.100459 -0.833821 1.9217
290 0.59094 -0.361382 4.37911
290 0.588995 -0.0740989 1.37455
290 0.705384 0.0541577 4.92863
290 0.234722 0.543723 0.802275
290 -0.606117 0.930605 6.41012
290 -0.795092 0.385397 0.249444
290 0.0311057 0.333815 2.23076
290 -0.852506 -0.513357 2.91337
290 0.0832454 -0.461479 0.753901
290 -0.332997 -0.896386 2.66824
290 -0.0183688 0.351831 0.820056
290 0.930122 -0.536493 5.65107
290 -0.438082 0.894053 3.25014
290 -0.227501 0.362122 4.26743
290 0.298677 0.951478 5.25726
290 -0.554075 -0.137248 5.94527
290 -0.532647 0.285788 1.7618
290 0.445689 -0.850667 5.5512
290 -0.0800422 -0.266981 1.18697
290 -0.73967 0.495388 0.182284
290 0.502077 -0.103799 0.0723502
290 -0.859079 0.37569 4.53481
290 -0.410323 -0.795514 4.90017
290 0.400608 0.740459 0.207694
290 0.165572 0.274652 2.64899
290 0.580292 -0.302801 6.63588
290 -0.472115 0.096613 1.55811
290 0.970545 0.451994 7.02321
290 0.591591 0.48939 4.2026
290 0.909786 0.186651 4.92342
290 -0.147769 -0.556804 4.34637
290 0.017193 -0.777045 2.28065
290 0.89721 0.341278 0.805702
290 1.09123 0.293858 4.76449
290 0.937064 0.395881 4.04031
290 0.0597084 -0.511471 0.234584
290 -0.42172 0.321377 4.57489
290 -0.615238 -0.87339 -0.37635
290 0.472374 -0.260757 0.294511
290 -0.847433 -0.229321 3.29783
290 -0.111504 -1.12708 4.77802
290 0.0488718 0.654973 1.37866
290 0.334393 -0.0982984 6.25431
290 0.711494 0.385688 1.30919
290 0.0113291 -1.01025 5.93182
290 0.213408 -0.729802 0.878266
290 -0.432191 -1.04761 4.77177
290 -0.51252 -0.0982134 4.8993
290 0.00906894 0.0668815 4.93067
290 -0.195746 0.789413 2.2357
290 0.803343 0.492867 4.23743
290 0.340201 0.194647 4.43004
290 -0.500492 0.720821 1.73346
290 -0.554523 -0.607466 1.54438
290 0.195837 0.133551 5.44182
290 -0.856775 0.197336 1.95547
290 -0.540783 0.605992 2.78407
290 -0.410318 -0.301095 1.04696
290 -0.502089 0.190245 5.08876
290 -0.0536135 -1.00803 4.29676
290 0.190898 0.505633 3.5869
290 0.246175 -1.03898 3.131
290 0.103429 -0.721461 3.54999
290 -0.0502421 -0.312526 3.58808
290 0.431311 0.148965 4.27053
290 0.370574 -1.01004 4.68027
290 0.252401 0.138496 3.41536
290 -0.352707 -0.588455 0.361241
290 0.332113 -0.621807 0.576142
290 0.787532 -0.542206 4.46106
290 -0.207453 0.902506 1.35088
290 -0.914943 0.177587 4.51785
290 -0.467378 -0.755851 2.19781
290 0.260629 -0.255374 4.62902
290 -0.898979 0.244673 6.28343
290 -0.305236 0.0248952 5.49189
290 0.766603 -0.756066 4.41696
290 0.476548 -0.315674 0.880395
290 0.768482 -0.482722 0.576509
290 0.491395 -1.02614 1.38343
290 -0.720734 0.845545 2.4827
290 0.342893 0.743383 1.55848
290 -0.341275 0.244131 2.68925
290 -0.612623 0.14167 -0.138811
290 0.118075 -0.41069 3.19216
290 0.897319 -0.600181 5.16693
290 -0.660961 0.405963 5.43932
290 -0.277819 -0.120945 5.36843
290 0.548367 0.338451 3.20388
290 -0.0987456 -0.772049 2.97826
290 0.443371 0.896256 1.78524
290 -0.82036 0.749786 6.10143
290 0.81871 0.247676 -1.25012
290 -0.684757 0.256912 3.90442
290 0.936022 0.512223 5.73748
290 0.958096 0.330223 4.64987
290 -0.564915 -0.0744102 3.13354
290 0.845061 0.741349 6.60244
290 -1.01432 -0.280755 4.01833
290 0.222649 0.822587 3.38872
290 1.03015 -0.477517 0.0860112
290 -0.895005 0.43 0.313231
290 -0.263929 0.113624 -0.253398
290 -0.0340666 -0.664117 1.54523
290 -0.687808 0.711187 3.41986
290 0.514104 -0.000534285 2.54277
290 -1.04195 0.168501 6.02882
290 0.228009 -0.00976274 6.31252
290 -0.702159 -0.426155 6.02617
290 -1.07096 -0.328448 0.662553
290 -0.588445 -0.736791 6.27498
290 0.381565 -0.418191 2.76954
290 -0.229582 0.841817 4.78154
290 -0.535166 0.83367 0.872479
290 -0.788364 -0.507616 -0.0706276
290 -0.0314373 -0.558891 1.01742
290 0.135879 -0.777685 -0.119076
290 -0.0179992 0.944876 2.33086
290 1.07521 -0.0297548 4.20629
290 -0.0465401 0.0647319 0.863774
290 0.999167 -0.201472 4.77196
290 -0.498048 -1.01612 2.56509
290 0.368263 0.245276 6.28935
290 0.396044 0.191998 2.02175
290 -0.821795 0.0155792 2.06997
290 -0.786259 -0.807846 2.94238
290 0.564012 -0.242329 6.62544
290 0.332808 -0.44982 5.40521
290 -0.0890707 -1.06581 1.23507
290 0.092575 -0.269625 3.13353
290 -0.681418 -0.656245 4.12054
290 0.855182 -0.654815 5.54022
290 0.0851805 0.996313 4.31226
290 -0.617721 -0.645985 2.67723
290 -0.942963 0.591002 1.58254
290 1.03201 0.321477 2.65061
290 -0.187434 0.0244865 2.1219
290 -0.384173 -0.35064 4.7703
290 -0.442178 -0.844951 0.955018
290 -0.198555 -0.264585 3.89661
290 -1.04036 -0.16065 4.26942
290 0.606028 0.244636 3.90038
290 -0.11712 -0.507913 2.15897
290 -0.935539 -0.022671 5.79166
290 0.424652 0.509397 5.32001
290 -0.0219703 -0.360975 5.05512
290 0.373483 0.924714 6.93606
290 -0.378044 0.583993 5.43701
290 -0.177588 0.505474 0.336272
290 0.444752 0.83154 4.30124
290 0.233167 -0.51302 5.24637
290 -0.275375 0.167035 3.47079
290 0.374738 0.628227 5.11069
290 -0.724034 0.392465 1.13328
290 0.57499 0.541456 1.77226
290 -0.740107 -0.20397 1.91997
290 -0.206535 -0.553586 1.98727
290 -0.664027 0.113151 2.36359
290 -0.351886 1.05435 4.46082
290 0.711523 -0.642051 2.22016
290 -0.368029 -0.00408421 7.03295
290 0.519406 0.177913 4.27511
290 0.866325 -0.337663 2.52545
290 0.839057 -0.0475936 2.06049
290 -0.30404 -0.706832 6.17571
290 -0.904487 0.644369 4.05568
290 -0.702822 -0.24804 5.11068
290 -0.318169 0.292682 6.61988
290 -0.889947 -0.280536 -0.232328
290 -0.0715256 -0.829616 2.2116
290 0.882736 -0.717501 2.03812
290 -0.248838 0.953524 4.79031
290 -0.0580948 0.209526 1.26858
290 -0.555989 0.166405 1.20422
290 -0.444989 0.206739 2.5327
290 0.401176 0.100033 0.55115
290 0.312571 0.541403 5.91491
290 0.208112 -0.91601 1.35811
290 1.00043 -0.539514 3.64022
290 0.866002 -0.543888 1.79641
290 0.174683 -0.21811 1.14283
290 -0.417631 0.00553268 3.83993
290 -0.313331 -0.800134 3.50053
290 -0.380812 0.279916 6.17278
290 -0.950287 -0.317751 6.06309
290 -0.452885 -0.110359 2.32415
290 0.425471 0.23406 4.69281
290 0.271686 -0.359255 4.63371
290 0.333143 -0.50582 4.3144
290 -0.568293 -0.676387 3.6579
290 -1.11576 0.00117933 0.925771
290 -0.609565 -0.487083 3.9035
290 0.220128 0.288271 0.868573
290 -0.1642 -0.125295 5.65132
290 0.0309864 0.500972 2.62562
290 0.142155 -0.665968 4.85795
290 -0.471912 -0.693905 2.91837
290 0.16145 -0.95155 4.78789
290 -0.161735 0.231481 3.61803
290 0.0927938 -0.0736316 -0.332119
290 -0.494096 -0.595414 3.59883
290 -0.0271597 0.841152 6.45362
290 -0.181503 -0.710329 1.76782
290 -0.518902 -0.0404682 1.36164
290 0.965271 -0.60008 1.70685
290 0.177464 -0.537523 6.85357
290 0.135744 0.366216 4.30865
290 -0.301673 -1.0901 2.4727
290 0.30894 -0.0491718 4.99731
290 0.371303 -0.717006 4.37565
290 -0.569496 0.106819 3.44714
290 0.324224 -0.682777 0.174724
290 0.381404 0.467678 2.45635
290 0.741843 -0.69492 5.07381
290 -0.233201 -0.499204 3.19915
290 0.283083 0.445318 5.78111
290 0.326327 0.280301 1.82948
290 -0.623709 0.362253 2.70306
290 0.112122 0.17456 2.25335
290 0.232455 0.468519 3.49276
290 -0.772845 0.0488672 4.1234
290 -0.0458598 -1.13256 0.191035
290 -0.222659 0.417659 5.16669
290 -0.993071 -0.52249 0.808319
290 -0.123093 0.89126 5.46985
290 -0.289669 0.54774 5.79602
290 -0.743555 -0.676902 1.10293
290 -0.782166 0.617027 1.22161
290 0.369474 0.144732 0.990924
290 -0.320676 -0.0248455 4.48813
290 0.528406 0.0995545 2.08941
290 -0.0887337 -0.558587 5.77087
290 -0.846945 0.620613 0.375112
290 0.554388 -0.11894 4.49116
290 0.0544261 -0.613664 3.049
290 -0.672585 0.509092 3.95981
290 -0.0960567 0.839946 1.42628
290 0.559179 0.969361 1.09462
290 0.258605 -0.947191 3.73571
290 0.199743 0.0357593 3.11349
290 0.340414 -0.198956 2.47874
290 0.856517 0.136985 2.9859
290 -0.580828 0.324752 2.76296
290 0.0639156 0.769619 6.68823
290 0.0779941 -0.890561 4.29737
290 -0.0257088 0.516618 3.96515
290 0.182436 -1.05753 1.88695
290 0.905077 0.0497273 3.82731
290 -0.427599 0.961781 1.17664
290 0.318351 -0.255115 3.86265
290 0.286212 0.719159 3.17038
290 0.539147 0.457131 4.85561
290 0.00595108 0.614652 5.07427
290 -0.170202 -0.408385 3.61909
290 0.745068 0.0946844 1.77313
290 -0.352064 0.804958 2.19833
290 0.734022 0.152397 5.55592
290 -0.715989 -0.103445 3.25017
290 0.370334 -0.24708 0.406541
290 0.491081 -0.668409 2.52429
290 -0.0939463 0.585104 1.76513
290 -0.262299 -0.447856 4.7338
290 -0.870488 0.132014 2.13619
290 0.822298 0.674802 0.911199
290 -0.570818 0.0443489 0.74951
290 -0.0594462 0.264221 4.80957
290 0.352055 0.580377 2.65651
290 -0.570338 0.719159 5.66277
290 -1.05332 -0.0332268 5.27493
290 0.912989 0.122374 0.507112
290 -0.754669 0.732524 1.59499
290 0.966594 -0.313568 6.1834
290 1.02652 -0.291516 4.83641
290 -0.226253 -0.217513 3.51069
290 -0.133778 1.10668 4.46137
290 -0.670199 -0.0114071 4.76907
290 0.227337 -0.625175 5.8476
290 0.615756 -0.723228 1.57461
290 -0.935038 0.0425062 2.26764
290 0.385341 -0.476947 1.30753
290 0.30622 -0.736639 2.35913
290 -0.0920302 1.05206 1.28041
290 -0.271389 0.26481 4.10824
290 0.172938 -0.611516 1.64791
290 -1.09907 -0.19906 1.21996
290 -0.892484 -0.576031 3.35185
290 -0.664096 -0.0692555 0.979578
290 0.705222 -0.405181 -0.405798
290 -0.489698 0.928639 5.84088
290 0.648563 -0.778752 0.701191
290 -0.404072 0.0589185 5.7274
290 -0.242098 -0.706031 1.34265
290 -0.542919 0.443103 0.949058
290 0.199771 0.876088 5.8999
290 -0.106233 0.752331 0.483972
290 -0.293911 -0.400784 2.73253
290 0.427757 -0.690632 3.82158
290 -0.410149 -0.738517 4.58193
290 0.726773 0.776932 5.18814
290 -0.494871 -0.245565 2.22229
290 -0.626851 0.692417 2.76967
290 -0.775473 -0.25017 0.355454
290 -0.159216 0.937358 4.1086
290 -0.514796 -0.653378 -0.0642569
290 -0.450169 -0.447526 3.46745
290 -0.0458207 0.737581 6.47939
290 -1.05806 0.347434 2.51136
290 -0.263611 -0.547172 5.19267
290 -0.679306 -0.902192 1.44815
290 -0.812659 -0.689364 2.55135
290 -0.0126493 0.238345 2.81574
290 0.00749649 -0.313339 2.00779
290 1.00673 0.508607 3.45993
290 -0.591468 -0.28744 3.07599
290 -0.400842 0.687594 1.75737
290 0.652991 0.680615 5.82296
290 0.747061 -0.0519789 3.21286
290 -0.653767 0.178716 4.05482
290 0.836344 0.0207556 -0.088276
290 -0.298624 0.493913 2.66163
290 -0.320973 0.141947 1.07982
290 -0.952951 -0.463416 3.45654
290 -0.866803 0.495237 3.5635
290 1.11619 0.160377 2.80605
290 0.222186 -1.1114 4.98564
290 -0.803096 0.494498 0.635591
290 -0.326782 -0.646584 1.50226
290 0.602917 -0.481619 1.55817
290 -1.03322 0.411271 0.669122
290 0.490617 -0.606552 0.0588416
290 0.956233 0.0183306 0.57741
290 0.96902 0.570368 3.14369
290 -0.258511 0.781867 4.62886
290 0.838408 0.18898 5.87089
290 0.686357 0.112063 3.80412
290 0.0456534 -1.07059 0.612096
290 -0.59767 0.201851 2.18105
290 0.0371759 -0.0759221 1.45623
290 0.803741 -0.318865 5.58653
290 0.141757 0.12831 3.53576
290 -0.459891 -0.544964 3.81238
290 0.146749 -0.0685192 2.24507
290 -0.542383 -0.780013 4.43063
290 -0.109448 -0.313282 4.65996
290 0.277938 -0.587243 4.24971
290 0.658767 0.223039 5.04005
290 -0.223552 0.146344 2.17818
290 -0.293144 -0.494198 2.53284
290 -0.821645 -0.0527573 0.106734
290 1.07934 -0.345971 4.95851
290 -0.392749 -0.879158 -1.58093
290 -0.228297 -0.312637 1.45436
290 0.573606 -0.764314 3.41705
290 0.446185 0.386417 4.83862
290 -0.215573 0.0781102 5.26069
290 -0.360292 -0.829827 0.776814
290 0.206699 -0.264828 7.43376
290 -0.457822 0.153564 2.40894
290 -0.7728 -0.0162411 4.21085
290 -0.977884 -0.400427 4.44136
290 0.0430635 -0.832603 4.40615
290 1.01548 0.0563512 3.13864
290 -0.832488 0.557287 5.97087
290 -0.562047 0.380314 0.283166
290 -0.400547 0.162375 5.27702
290 0.71701 0.210159 3.93108
290 0.271171 0.291857 4.33506
290 0.71921 -0.801515 0.471331
290 0.64503 0.470049 1.93271
290 0.7679 -0.196673 3.35438
290 0.486857 -0.371743 3.4353
290 0.695259 0.566159 4.83071
290 -0.43701 -0.982565 0.893877
290 0.66188 0.0149788 2.2226
290 -0.186932 -0.075808 2.80516
290 0.849943 -0.275032 5.60897
290 0.286659 -0.206678 6.66386
290 -0.0915943 -0.661787 5.91879
290 0.450352 0.77018 1.71276
290 0.33004 -0.393077 6.11599
290 0.335886 0.427893 1.63661
290 -0.541519 0.895521 3.12577
290 -0.499016 0.559429 2.08452
290 -0.392713 0.220658 5.46278
290 1.13367 0.0114304 1.6943
290 -0.644966 -0.536988 5.16231
290 -0.92142 0.366857 1.94161
290 0.55333 0.761064 1.8444
290 0.100897 0.640875 4.5603
290 -0.289675 -0.857242 0.105128
290 -0.136747 0.543915 4.67456
290 0.793751 0.139361 2.86131
290 -0.523554 -0.722771 5.94103
290 0.0761512 -0.776234 6.09609
290 -0.13956 -0.266993 0.663422
290 -0.426071 -0.156474 0.976187
290 0.156242 -1.1262 1.08369
290 0.328476 0.485516 4.90982
290 0.0348551 -0.362341 1.9065
290 -0.486859 -0.495221 2.36275
290 -0.368893 -1.00691 4.00215
290 -0.0569619 0.893284 3.19575
290 -0.416365 -0.398678 2.07693
290 0.812286 -0.7083 1.15986
290 0.271966 -0.881463 6.48903
290 0.289022 -1.10183 5.13043
290 0.752174 -0.360821 3.00815
290 -0.921256 -0.520903 6.1974
290 -0.63795 -0.434538 0.602465
290 1.05932 -0.413081 0.698241
290 -0.767416 0.110683 1.4949
290 -0.174977 -0.505465 0.106557
290 0.363772 -1.08087 1.74401
290 -0.365878 -1.0712 0.778653
290 -0.960873 0.424371 2.77851
290 0.0906094 -0.171492 0.0863082
290 -0.759968 0.173381 2.28976
290 0.00297005 -0.411171 6.66792
290 -0.520404 -0.194574 5.17635
290 0.56174 0.899568 5.60735
290 -0.0751561 -0.0776452 5.822
290 0.0493733 0.94109 2.05588
290 0.436775 0.960356 2.09261
290 0.189029 0.331161 5.38488
290 0.0822029 0.379948 0.697147
290 -0.158083 -1.05687 5.46278
290 0.437549 -0.631477 1.87915
290 0.880063 0.235491 2.45229
290 0.768895 0.0346843 2.62157
290 0.337788 0.833481 1.80764
290 0.279306 0.187384 0.98188
290 0.0509599 1.05613 3.02933
290 -0.150244 -0.659441 4.45754
290 0.473409 -0.724762 3.57929
290 0.212773 -0.990318 6.26136
290 -0.461411 0.046859 4.2985
290 -0.282818 -0.215315 5.85459
290 0.890389 -0.00936103 4.49435
290 0.00541948 -0.218179 4.0037
290 0.95182 -0.041463 2.46143
290 0.451873 0.322762 2.10607
290 0.926689 -0.661256 4.02163
290 0.548035 0.0441008 6.00943
290 0.227976 -0.454918 3.43391
290 0.44501 0.698732 4.28685
290 0.368664 1.05534 5.62599
290 0.422248 -0.0424058 2.60572
290 -0.755095 0.342016 3.20334
290 0.113 -1.0695 2.23599
290 -0.0194679 1.0563 2.30642
290 0.611825 -0.217407 5.69892
290 -1.04682 -0.0980048 1.6458
290 -0.0593667 -0.508195 3.36318
290 0.504213 0.800157 5.96232
290 -0.639476 -0.703804 1.47069
290 -1.05108 -0.397116 4.05232
290 0.786387 -0.822691 2.4351
290 0.188684 0.770358 -0.472992
290 0.67319 0.166676 1.47618
290 -0.560888 -0.982822 5.4909
290 0.414942 0.574962 5.76511
290 -0.852667 -0.40171 2.78803
290 -0.173053 0.33948 3.95211
290 -0.196884 0.191082 4.65207
290 -0.772473 0.554736 3.4636
290 0.171165 0.718632 3.53349
290 0.522475 0.572078 6.00757
290 -0.811413 -0.12339 1.03899
290 0.459567 -0.20003 5.65247
290 0.272151 0.504873 2.04224
290 -0.00592841 0.674997 2.11583
290 0.250679 -0.823141 2.49617
290 -0.363382 0.3313 2.7187
290 0.358801 0.318974 2.98714
290 -0.525256 0.666809 0.829202
290 1.01274 0.121674 1.82881
290 0.230293 -0.40209 6.00249
290 -0.175505 -1.1182 2.75229
290 -0.71845 -0.789653 7.18051
290 0.0367773 0.443719 4.75517
290 1.06493 -0.168296 0.207738
290 -0.143887 -0.942526 2.03428
290 -0.312874 0.939151 4.39523
290 1.00539 -0.138514 2.38339
290 -0.492763 -0.150135 2.10866
290 -0.973219 0.183625 0.861574
290 0.605138 0.723632 1.95523
290 -1.09475 0.213761 4.08508
290 0.0190353 0.555627 0.25895
290 -0.917177 -0.151664 2.76412
290 0.385733 -0.595286 5.00588
290 0.641347 0.349473 0.814313
290 -0.546564 -0.491099 4.90339
290 -0.385516 -0.632419 3.93436
290 -0.637838 0.463618 1.06487
290 0.889089 -0.47494 2.35982
290 0.488026 0.425829 2.26264
290 0.25843 -0.695873 4.49191
290 -0.613689 -0.233103 0.135055
290 -0.043774 -0.889893 4.41165
290 -0.720443 -0.0436648 6.58758
290 0.383807 0.684768 2.49878
290 0.312244 0.625276 1.99293
290 0.414838 -0.142726 3.29685
290 0.136273 0.879485 2.82435
290 0.737828 0.845869 3.36347
290 0.680873 0.890636 1.06259
290 0.595462 0.308142 3.29038
290 0.489184 0.137043 1.04638
290 -0.276923 -0.755641 4.64116
290 -0.6042 -0.385811 3.24615
290 0.742181 -0.301599 2.36151
290 0.308455 -0.805474 5.70218
290 -0.779831 0.284302 5.3512
290 -0.130762 0.0202938 0.566523
290 0.283534 0.0947859 6.26331
290 -0.0801901 -0.359593 0.896547
290 0.0987039 0.822609 4.41561
290 0.491725 0.0533621 4.37173
290 0.561507 0.83012 5.54709
290 -0.56888 -0.0138897 -0.223101
290 0.82397 0.435568 1.80198
290 0.862036 0.297439 4.51839
290 1.10727 0.224125 0.396871
290 0.287922 0.38869 2.83916
290 -0.484108 0.458053 4.87671
290 0.19003 0.38381 1.41597
290 -0.216102 0.681962 3.7243
290 1.04139 0.179797 -0.101951
290 -0.757775 -0.145418 5.25164
290 -0.584454 0.652814 5.1432
290 0.180234 0.932548 3.03438
290 -0.658839 0.581528 2.85072
290 -0.110829 0.26545 6.7428
290 -0.652585 -0.766634 4.44999
290 -0.0206925 -0.950004 1.38091
290 0.542497 -0.509438 3.35259
290 1.04967 -0.235141 1.67229
290 -0.310098 0.350252 4.46895
290 -0.349181 -0.305295 0.447388
290 -0.236248 -0.602888 5.14661
290 -0.289613 -0.309995 4.5418
290 -0.400036 -0.20503 3.47643
290 -0.635831 0.24015 1.2328
290 -0.627721 -0.332469 5.55196
290 -0.15862 -0.0265143 0.178859
290 -0.761448 -0.43156 3.38923
290 0.785693 -0.647524 2.65453
290 -0.248857 -0.81107 2.06974
290 -0.260935 -0.356977 -0.492547
290 0.519042 -0.164932 1.58884
290 0.298527 1.07545 -0.275168
290 -1.00423 -0.345329 1.97561
290 -0.916864 -0.40257 5.25212
290 0.728869 -0.241621 0.778653
290 0.626142 -0.271255 3.2427
290 -0.58827 0.269269 5.21055
290 0.744946 0.315993 3.93412
290 -0.16009 0.0693931 3.8227
290 0.0871351 -1.13194 4.8729
290 -0.155915 -0.769498 -0.16721
290 0.280569 -0.474204 1.53382
290 0.134936 0.529106 6.59685
290 1.04349 0.24071 2.28707
290 0.181767 0.562311 -0.3763
290 -0.0954562 0.162224 5.12462
290 -0.923394 -0.642849 6.52089
290 -0.272309 0.445312 -0.18302
290 -0.022858 -0.171642 0.463191
290 0.490891 -0.427618 0.747131
290 -0.0218182 -1.06919 2.43515
290 0.621507 0.933247 3.38005
290 -0.986998 0.360701 5.12998
290 0.0366452 -0.267092 5.1651
290 -1.02569 0.232868 1.32928
290 -0.0595023 -0.610397 4.13756
290 0.758055 0.666906 5.07535
290 0.0866733 1.1115 0.192923
290 0.331247 -0.855505 3.29478
290 -0.42272 0.626244 2.38646
290 -0.256766 -0.265222 0.86402
290 -0.989083 -0.0651137 4.29643
290 -0.238744 -1.10687 0.611887
290 -0.38068 -0.943769 5.66979
290 0.145468 0.027937 1.58557
290 -0.166795 1.04836 1.49869
290 0.722198 -0.52659 2.3083
290 -0.770664 0.800383 5.22015
290 -0.376357 -0.256172 2.59558
290 0.134015 0.314943 1.96556
290 -0.0699532 0.370137 4.66767
290 0.228012 0.606492 2.85693
290 0.32238 -0.917914 3.57234
290 -0.0620778 0.685036 5.06749
290 -0.117049 0.319356 4.61359
290 0.430444 -0.346409 5.85434
290 1.03842 0.441062 2.09764
290 0.679429 -0.915284 0.156995
290 0.0818505 0.32572 5.16588
290 -0.548 0.967789 3.85139
290 0.13911 0.227998 4.98615
290 -0.068746 0.475035 0.643543
290 0.0193585 -1.13367 3.48296
290 0.249588 0.238307 2.86236
290 0.480022 -0.0474865 5.41938
290 0.550153 0.69393 5.15569
290 0.827201 0.552479 -0.1021
290 0.3089 -1.04079 1.86099
290 -0.485626 1.00015 1.38421
290 -0.168367 0.85156 1.40349
290 0.0852971 0.222267 3.88007
290 -0.604944 -0.109472 0.616229
290 0.197751 -0.164158 2.54882
290 0.227517 -0.112935 1.12709
290 -0.0181374 0.0172135 1.38254
290 -0.219805 -0.122848 1.99221
290 0.319467 0.8929 6.20579
290 0.791275 -0.0184016 -0.670462
290 0.810351 -0.155103 0.571589
290 -0.402948 0.374532 0.200633
290 -0.277085 0.390248 1.31896
290 -0.8999 -0.345062 2.28627
290 -0.537661 0.769406 3.37031
290 -0.118482 0.699323 3.34897
290 -0.489256 0.245918 6.2197
290 -0.552491 -0.844856 1.24532
290 0.652463 0.407062 4.13725
290 0.085543 0.488521 4.40845
290 -0.734462 -0.8576 4.44699
290 -0.111928 0.212922 3.25948
290 -0.615824 -0.0452791 3.13392
290 0.496772 -0.885217 4.17468
290 0.828102 -0.218211 2.28241
290 -0.420165 1.03004 5.28097
290 0.824678 -0.437242 4.29903
290 0.209215 -0.356832 1.34956
290 0.802778 0.307473 1.08925
290 0.282707 -0.00167639 4.00762
290 0.664834 -0.686207 5.64175
290 -0.928093 -0.0891652 0.364557
290 0.786495 -0.259468 5.08353
290 -0.212446 1.09565 3.42607
290 -0.745094 0.239516 3.36189
290 -0.207713 -0.932924 3.35144
290 1.01138 -0.358271 1.92516
290 0.252824 1.02146 3.07295
290 0.0230906 -0.665454 5.08964
290 0.759771 0.255699 0.549091
290 -0.511759 -0.442739 0.467399
290 -0.360999 -0.0633201 3.85462
290 0.67347 0.820602 5.91806
290 0.644531 -0.174891 3.54662
290 0.16 1.10373 -0.254423
290 0.563718 0.207301 1.22597
290 0.0655268 -0.0261112 2.93244
290 -0.706964 -0.540783 2.44276
290 0.55364 0.267862 6.39103
290 -1.00937 0.296765 3.90277
290 -0.354313 0.0494999 2.3762
290 0.33915 0.00240171 2.56014
290 -0.878308 -0.0451718 3.60111
290 0.025627 -0.559956 2.77508
290 -0.620496 0.016345 3.17089
290 -0.213551 0.25195 1.46497
290 -0.103862 -0.0293927 2.78333
290 -0.391855 0.854175 0.626389
290 0.89368 0.563959 3.61932
290 0.896864 -0.0707285 1.19112
290 -0.667349 -0.833387 3.70896
290 0.493105 0.666092 1.44006
290 0.645519 0.604994 2.84243
290 -0.731528 -0.368289 4.12081
290 -0.514075 0.132057 5.35158
290 0.498807 0.731286 4.25621
290 0.925676 0.270788 1.06018
290 0.585421 0.0887137 6.09295
290 0.765602 0.427512 4.91343
290 0.198741 -0.671648 3.38815
290 -0.299871 -1.02665 4.74574
290 -0.522855 0.0730318 3.3837
290 -1.08651 -0.262932 4.62722
290 -0.166547 -0.218902 1.98956
290 -0.423033 0.472656 3.38825
290 -0.565875 -0.341078 6.08607
290 -0.217513 0.304214 2.34971
290 -0.0470403 -0.0307969 2.79857
290 -0.770555 -0.0800948 2.57148
290 -0.993625 -0.000802784 2.08856
290 0.555177 -0.995134 5.05574
290 0.274964 0.844092 5.67564
290 0.957379 -0.104516 5.18087
290 -0.905544 -0.213788 0.0316848
290 -0.653357 -0.27694 2.50953
290 0.37642 -0.947742 0.53917
290 0.539091 0.629606 5.0564
290 -0.298072 1.00319 0.71448
290 0.958605 0.0854066 5.1896
290 0.618229 -0.956883 2.55848
290 -0.238388 1.03097 5.19834
290 -0.98094 -0.129327 2.33872
290 0.360872 -0.300919 1.2649
290 -0.0738924 0.0169144 5.06875
290 -0.0732688 0.112402 2.84135
290 0.00437814 0.180568 3.62451
290 -0.0636002 0.792985 3.61905
290 0.458338 0.095903 4.18989
290 0.588405 0.595933 1.58123
290 0.278498 -0.645059 2.34942
290 0.158612 -0.723025 1.531
290 1.13179 0.0858001 4.44198
290 0.434003 -0.399849 3.35179
290 0.0313472 0.125249 1.64731
290 0.191045 1.03782 3.9967
290 -0.856573 -0.166584 5.7509
290 1.06965 0.373214 5.50838
290 -0.721712 0.0186436 1.66975
290 0.140124 0.475229 3.10716
290 -0.0604115 1.11264 0.61313
290 0.49536 0.360358 0.323933
290 -0.319029 0.0883705 4.3183
290 -0.375485 0.920918 3.57697
290 -0.294225 -0.596042 2.62586
290 -0.635085 0.753815 1.96785
290 -0.10296 0.0655636 4.09698
290 -0.363394 0.98817 2.30422
290 0.653484 -0.448252 6.10678
290 0.625924 0.127687 4.53225
290 -0.623184 -0.166463 2.24834
290 -0.0886676 0.947321 3.13208
290 0.144696 -0.170624 4.41998
290 0.507003 0.233914 1.55472
290 0.254074 -0.160073 2.40098
290 1.01494 -0.00810782 1.93331
290 0.597683 -0.421955 5.4003
290 0.327007 0.680165 5.44553
290 -0.732546 0.670106 5.70615
290 -0.0726229 0.422963 0.241636
290 0.389367 0.865449 4.59482
290 0.496138 -0.954618 2.41418
290 -0.438739 0.737661 4.79466
290 -0.702494 -0.723913 4.7798
