50 0.363572 -0.0862601 4.52756
50 0.523123 -0.594306 1.69058
50 -0.781702 -0.321642 1.72104
50 -0.315458 -0.172704 0.826034
50 -0.669421 0.88634 1.78401
50 0.110035 -0.117733 1.75671
50 0.829436 -0.600285 1.32794
50 0.32247 -0.561567 1.53782
50 -0.151675 0.293641 0.88143
50 -1.03017 -0.232209 1.30952
50 -0.209066 -0.766629 3.19551
50 0.0851291 0.128762 0.122043
50 -0.903174 0.0856702 4.39364
50 0.251506 0.763557 0.659565
50 0.695221 0.35485 2.86412
50 -0.0932885 -0.884334 1.61899
50 -0.274827 -0.00771225 0.398589
50 -0.453959 0.267909 1.51602
50 -0.120586 0.478749 3.93275
50 1.13152 -0.140312 3.17953
50 0.175253 0.0829191 0.492055
50 -0.532354 -0.300333 6.425
50 0.393299 -0.183126 4.92731
50 -0.585711 0.43653 4.36678
50 0.755901 0.36389 5.26208
50 -0.217083 0.481363 3.71245
50 0.400486 0.0147363 -0.222986
50 -0.345608 -0.432882 0.426584
50 -0.319364 0.431514 1.67101
50 0.481638 0.252745 4.04168
50 -0.0644753 -0.406004 3.59393
50 -0.881666 -0.701977 3.91704
50 0.0353798 -0.179224 5.77747
50 -0.0472636 -0.123424 2.87378
50 -0.217603 -0.180414 5.48015
50 0.145219 -1.00549 5.47649
50 0.526838 -0.275902 2.26063
50 -0.651958 0.820632 0.74674
50 0.432635 -1.05254 3.97353
50 -0.669461 0.0470794 5.37312
50 -0.28802 0.0602465 1.26756
50 0.98864 0.396568 5.8877
50 0.576934 -0.180342 3.45334
50 -0.572088 0.544684 4.8522
50 -0.177394 -0.391998 4.54917
50 -0.0148518 0.457235 0.369999
50 -0.354682 -0.716047 4.5
50 -0.443131 -0.638048 5.82707
50 0.814865 0.359266 2.44302
50 -0.237654 0.23808 4.44183
50 0.0518315 0.845897 1.13454
50 0.15886 -0.130369 4.42846
50 0.199663 -0.780992 3.92864
50 -0.161023 0.159048 6.48074
50 -0.736964 -0.493973 2.1708
50 0.228113 -0.57159 3.66766
50 0.315689 0.134246 3.27525
50 0.231825 0.395071 5.66598
50 -1.09856 0.146187 2.59911
50 -0.188943 -1.01654 6.14977
50 0.127973 -0.63525 0.635598
50 0.959977 0.220644 5.50707
50 -0.589755 0.795266 5.03553
50 0.904965 0.679734 4.76602
50 0.470865 -0.00749108 1.21151
50 -0.421078 -0.228799 4.38405
50 0.177719 -0.372963 3.39134
50 0.544418 -0.650006 4.58251
50 -0.55411 0.221218 3.89819
50 0.702468 0.641895 0.370088
50 -0.302441 0.218508 1.128
50 -0.95084 -0.588597 4.02623
50 -1.07973 0.274856 5.63187
50 -0.666465 -0.400174 2.3301
50 0.632423 -0.0836228 5.1366
50 0.0115557 -0.595551 0.860539
50 -0.87361 0.0313928 0.831079
50 -0.119839 0.637041 4.32312
50 -0.512891 -0.945571 3.84861
50 0.483859 -0.548809 3.34513
50 -0.571648 -0.432457 1.67294
50 -0.168532 0.453644 2.73934
50 -1.01706 0.116385 3.21891
50 -0.0103962 -0.804305 5.56322
50 0.312927 -0.297391 1.60889
50 -0.228775 -0.404153 1.47983
50 0.695152 -0.295407 5.63909
50 0.139106 -0.889997 3.58768
50 -0.325445 -0.104264 1.68775
50 -0.785977 -0.383854 0.703166
50 0.423663 -0.29525 3.73093
50 1.13127 -0.0614247 1.59488
50 0.637028 -0.561273 1.3466
50 0.759882 0.544769 2.26577
50 -0.147258 -0.302395 3.2481
50 -0.165905 0.730083 0.927818
50 0.64156 -0.341651 2.4636
50 0.501672 -0.212038 3.86404
50 0.440896 0.434177 4.96292
50 0.282101 0.573633 4.26374
50 1.10093 -0.290146 2.61873
50 -0.344351 -0.491872 2.26365
50 -0.420096 -0.583945 2.69477
50 -0.851984 -0.0960007 3.71624
50 -0.0325037 -0.458489 6.14409
50 0.545544 -0.469801 3.73579
50 -0.0105723 -0.0781482 0.0757667
50 -0.630336 -0.597252 0.688115
50 -0.84147 0.441442 2.84298
50 -0.497324 -0.337567 4.22885
50 -0.127471 0.414717 2.09301
50 0.0360408 0.37624 3.68354
50 0.436265 -0.448734 5.06112
50 0.200827 0.652519 0.306746
50 -0.33835 0.706293 4.93257
50 -0.302462 0.65707 4.98643
50 -0.645719 -0.126816 4.68629
50 -0.953801 0.304081 6.21851
50 -0.0559474 0.639779 0.991056
50 0.79299 0.796195 0.300349
50 0.46305 0.19861 1.12254
50 0.909097 -0.385282 2.33273
50 -0.843768 0.257545 4.39206
50 0.0288149 1.11714 4.12437
50 -0.347095 0.537888 4.95916
50 0.431897 -0.504956 5.24268
50 -0.712597 0.439332 3.66187
50 0.869879 0.632583 2.09917
50 -0.110497 -0.613037 3.74859
50 -0.117659 -0.399895 0.879622
50 0.497902 0.869046 2.30641
50 -0.177455 0.394869 1.14295
50 0.959146 -0.173447 6.1324
50 0.406565 -0.814163 2.3524
50 -0.476891 -0.392254 6.08401
50 0.446311 0.0431156 0.95134
50 0.030301 0.0327339 0.277008
50 0.341202 0.37914 4.65323
50 0.0291232 0.268176 4.96881
50 0.389933 0.0664776 3.48896
50 0.157949 0.817803 2.14386
50 -0.694434 0.77643 4.70244
50 0.0144434 -0.877531 5.78713
50 0.653599 -0.138181 2.65934
50 0.304579 -0.982677 0.830929
50 -0.924823 0.486299 0.27453
50 -0.796815 0.220815 0.971762
50 0.105332 0.709761 4.73574
50 0.0254232 -0.70367 3.93174
50 0.972913 0.15361 3.79111
50 -1.11632 0.084935 1.42371
50 -0.243807 0.0346542 3.40106
50 -0.954842 0.241717 2.79651
50 0.645958 -0.867314 2.87776
50 0.664349 0.0761662 6.33454
50 -0.403284 -0.681302 2.06773
50 0.280236 -0.402699 2.70235
50 -0.342836 0.379467 2.18423
50 -0.247794 -0.455143 0.0960072
50 0.10071 -0.358313 5.68166
50 -0.203845 -0.59672 0.707536
50 -0.010664 0.999055 6.07284
50 0.373003 -0.532181 2.46362
50 0.742039 -0.136525 6.25673
50 -0.382502 0.746049 0.633164
50 0.257854 -0.3022 3.46499
50 -0.127417 -0.985589 2.69698
50 0.113648 -0.240784 1.36974
50 0.870455 -0.168741 2.92826
50 1.11289 -0.220296 2.96416
50 0.430949 -0.92688 1.06
50 0.878016 0.451545 5.16942
50 -0.63332 0.0870255 0.506763
50 -0.532315 -0.388646 3.90184
50 0.941706 -0.460013 2.48131
50 -0.207419 0.959647 1.66321
50 0.678527 0.47033 4.63978
50 1.09324 0.130476 5.35212
50 -0.711554 0.145028 4.58347
50 -0.350108 0.180361 4.71167
50 -0.675813 -0.345975 0.849029
50 -0.233561 -0.0783038 2.57505
50 -0.251206 0.64166 0.413098
50 0.105193 -0.941939 1.70377
50 0.714759 -0.00568825 0.839033
50 -0.703237 0.302538 1.08721
50 -0.562682 -0.904637 5.27133
50 0.722298 -0.871842 2.57498
50 0.142802 -0.332802 1.24178
50 0.22029 -0.21728 5.38123
50 0.849633 -0.107926 4.84919
50 -0.277967 0.70874 0.210206
50 0.59375 -0.527645 4.906
50 -0.147951 -0.351875 2.92313
50 -0.144795 0.789495 5.04724
50 -0.0380719 0.584079 3.38184
50 0.669384 0.749089 5.71643
50 -0.835391 -0.759101 2.01821
50 0.483492 0.935099 6.00345
50 -0.471594 -0.277755 4.28853
50 -0.263473 0.319988 6.07616
50 0.16062 0.61439 2.8405
50 -0.772505 -0.755287 5.34234
50 0.498023 0.309441 4.20535
50 0.810721 -0.340496 2.01633
50 -0.637427 0.536869 5.65278
50 -0.858253 -0.621885 2.69391
50 -0.462687 0.669397 4.212
50 0.832676 -0.539247 5.55833
50 -0.520962 -0.557366 0.0726839
50 0.658598 -0.394565 2.28468
50 0.147488 0.674575 5.77282
50 0.227153 0.704076 1.13208
50 0.390731 0.394796 0.476259
50 0.601411 -0.656368 2.71314
50 0.787844 0.196032 1.7166
50 0.98041 0.276566 2.12775
50 0.482968 0.611637 2.57183
50 -0.31734 -0.548143 -0.0958079
50 0.312668 0.774833 3.69185
50 0.0205061 -0.034981 4.33765
50 -0.891138 0.296939 4.48454
50 0.448342 0.489973 2.42546
50 -0.0575538 0.155087 0.250791
50 -0.678013 -0.225258 2.32911
50 -0.393044 -0.109484 3.21445
50 -0.51399 0.0263876 -0.163556
50 -0.258321 -1.03745 4.50431
50 0.485296 1.00708 3.67519
50 -0.950672 -0.262294 2.47736
50 0.423454 -0.756241 1.03568
50 -0.822725 -0.566568 0.145935
50 -0.894187 -0.456317 6.25143
50 0.578204 -0.014172 1.58013
50 -0.324199 0.764877 3.17016
50 -0.686988 -0.171828 5.54237
50 0.361058 0.499319 2.26043
50 -0.12548 -0.0656258 5.77386
50 0.593976 0.651408 3.73544
50 -0.704328 0.365902 -0.14283
50 -0.396004 -0.448644 -0.119575
50 0.0938852 0.892651 5.80423
50 -0.502644 -0.869435 3.7779
50 -0.252687 0.892511 1.16863
50 0.753762 0.60637 3.24962
50 0.594308 0.426783 6.63133
50 -1.01398 -0.471974 2.02318
50 -0.174362 -0.80887 1.20815
50 -1.09555 -0.109231 5.26216
50 0.6316 -0.0232386 4.28569
50 0.66475 -0.23473 2.08753
50 0.420057 -0.991798 4.72414
50 -0.860185 0.705836 2.63286
50 -0.458405 -0.914911 1.8014
50 -0.789411 -0.621735 0.765824
50 0.920163 -0.280907 3.83702
50 -0.158042 0.671856 1.00051
50 0.415997 -0.242235 3.32379
50 -0.317581 0.602889 3.31223
50 -0.0707251 0.537154 0.846981
50 -0.103553 -0.120772 2.52837
50 0.207355 -0.0695392 5.44648
50 0.221015 0.181458 6.55073
50 -0.283482 1.07741 1.80302
50 0.695397 -0.108101 0.0491874
50 0.128533 0.762155 2.57352
50 0.132611 0.427118 2.54077
50 0.126637 -0.518257 1.927
50 -0.125736 0.353581 0.736397
50 0.863871 0.391747 2.74992
50 -0.47904 0.324824 4.39425
50 0.423733 1.0279 3.36589
50 0.549768 -0.935203 5.67467
50 -0.431933 0.422514 0.137524
50 0.689684 -0.595554 0.81587
50 -0.109699 -0.822986 5.54375
50 0.0630273 0.541687 0.21242
50 -0.254768 -0.979304 0.389291
50 0.365559 -0.0356979 0.568227
50 -0.0861358 -0.167627 1.57019
50 0.0953848 0.284065 1.21594
50 -0.34083 -0.220798 5.95781
50 0.62074 0.181766 1.39163
50 0.541421 -0.332287 4.12343
50 0.428653 -0.562244 4.42786
50 -0.653592 0.337953 5.78789
50 -0.310662 0.868941 4.63049
50 1.02784 -0.0769715 5.58443
50 -0.382929 -0.526928 4.96848
50 0.594425 -0.131671 0.666172
50 0.202208 0.238002 5.18537
50 -0.457422 0.831672 -0.115313
50 -0.450271 0.372556 3.47467
50 -0.525218 0.501753 3.05238
50 0.781139 -0.416326 1.27124
50 0.785404 -0.0963119 3.8345
50 -0.424798 -0.494345 5.91282
50 -0.786095 0.691143 3.89616
50 -0.282549 -0.0650841 1.7479
50 -0.442512 0.571679 5.87019
50 0.359243 -0.136679 6.03025
50 -0.424538 0.102694 1.48607
50 -0.812286 0.147073 4.9086
50 -0.323902 -0.359982 2.31338
50 -0.579841 -0.551057 1.43259
50 0.593242 0.371154 5.43221
50 0.0305731 -0.446472 3.5573
50 -0.0322533 -0.704548 2.26341
50 0.695348 0.266599 0.644148
50 0.458978 0.5483 2.48516
50 -0.731555 -0.642051 4.81125
50 0.626609 0.799817 1.75339
50 0.945932 0.609033 1.28956
50 0.53221 -0.710322 5.83968
50 0.0128178 0.746554 3.0681
50 -0.956648 0.111376 6.07353
50 0.967728 -0.238894 3.07161
50 -0.367472 -0.386363 4.56766
50 -0.274671 -0.670102 5.2261
50 -0.224786 -0.0254657 4.55087
50 0.30337 0.0411773 2.36856
50 0.82749 -0.785129 5.76058
50 0.640636 -0.620958 4.74227
50 -0.712905 0.201985 5.73363
50 0.580483 0.137148 4.7801
50 -0.137046 1.02673 5.35956
50 0.372365 0.778975 4.1696
50 -0.741513 0.606576 3.678
50 0.648072 0.29115 0.641884
50 -1.00856 0.4667 4.47671
50 0.264952 0.654726 -0.260662
50 0.0872046 -0.552403 4.34283
50 -0.827428 -0.450684 0.0825536
50 0.700412 0.521565 1.55762
50 0.908913 -0.213022 0.825692
50 0.226262 0.0951314 4.03395
50 0.86041 0.0771486 2.33881
50 0.367849 0.960756 4.35697
50 0.0789903 0.0259813 4.91149
50 0.234612 1.08769 1.55489
50 -0.184623 0.109566 0.157593
50 0.504999 0.497945 4.79032
50 0.0438992 -0.939695 3.85134
50 -0.487817 0.616448 5.16706
50 0.00909895 -0.497108 4.57946
50 0.535689 0.395232 1.76136
50 0.0684011 -0.138294 3.49793
50 0.435421 0.641031 6.33097
50 -0.0226792 0.404984 3.69586
50 0.104886 0.0688078 2.23475
50 -0.377304 0.425311 1.45562
50 -0.245164 -0.912272 5.86759
50 0.662147 -0.510141 4.61163
50 -0.0468395 -0.759632 6.01641
50 -0.154506 0.58757 4.03471
50 0.974082 -0.408004 4.63965
50 0.675697 -0.812948 5.35494
50 -0.617187 0.591016 1.71279
50 0.26764 0.884226 3.01682
50 0.168559 0.198692 1.01509
50 -0.151509 -0.864949 0.727558
50 0.389202 0.282861 4.79142
50 0.805408 0.0720171 -0.027258
50 -0.0455337 -0.201859 3.28599
50 0.353189 -0.78566 2.83978
50 -0.0920446 -0.716215 2.84897
50 0.170662 -0.430622 2.72451
50 -0.972459 -0.203174 0.0203265
50 0.173243 -0.487054 5.36698
50 -0.446036 -0.333903 1.90932
50 -1.11587 -0.0523461 2.74176
50 0.120615 1.01852 3.15801
50 -0.423166 -0.0583931 0.411959
50 0.0575636 -0.323331 5.41307
50 -0.0587728 0.337838 3.50461
50 0.366982 -0.341649 5.20581
50 0.299759 0.326227 1.28516
50 -0.247597 0.522448 0.0151125
50 -0.821799 0.0737584 5.98069
50 -0.224008 0.736803 -0.228165
50 -0.88718 0.567687 4.23199
50 -1.05891 0.06662 4.54029
50 0.57875 -0.591308 0.424034
50 0.519397 -0.774964 5.95868
50 0.4182 -0.0855536 2.93041
50 0.692384 -0.734354 3.35669
50 0.188338 0.441005 6.10086
50 0.0168765 -0.120338 3.44763
50 0.228423 0.944912 0.91619
50 0.103328 0.95593 0.194953
50 -0.0821172 -0.946604 4.58072
50 0.259569 -0.778319 -0.0454881
50 0.246534 0.045254 0.77557
50 0.547514 -0.410009 1.22734
50 -0.267915 0.825482 2.32392
50 -0.0875629 -0.457434 2.83561
50 0.767006 -0.587216 4.99138
50 0.614262 0.872515 3.04804
50 0.262397 -0.109425 2.43149
50 0.0558557 0.598252 2.48991
50 -0.0118314 0.129229 3.54042
50 0.839626 -0.390069 0.38804
50 0.0508952 0.709988 5.12275
50 0.134248 -0.582369 4.01187
50 -0.252764 0.588223 2.16068
50 0.259133 -0.0558882 1.31557
50 0.679079 -0.0503309 1.66595
50 0.715993 0.708828 1.71409
50 -0.20397 0.559032 2.64292
50 0.303194 -0.143855 5.27305
50 0.189717 -0.860837 4.13927
50 -0.367876 0.116314 2.53376
50 -0.53234 0.335712 6.11374
50 0.704256 -0.351388 4.79269
50 -0.841897 -0.332416 4.81777
50 0.119666 -0.464475 0.440011
50 -0.482127 -0.0709379 3.55399
50 0.581338 -0.881162 0.463374
50 -0.306022 -0.27023 4.44986
50 0.77758 0.737241 3.58564
50 -0.402697 0.532544 2.53918
50 -0.795967 -0.193033 3.78897
50 -0.77983 0.446435 2.60883
50 -0.7071 0.0881462 4.73563
50 -0.0207359 0.296827 0.985632
50 0.399757 -0.381932 1.74676
50 0.341819 0.0828964 3.41543
50 1.0792 -0.107661 5.81354
50 -0.498421 -0.807523 2.24883
50 -0.353674 0.479876 4.96823
50 -0.265181 -0.168253 3.6139
50 0.53355 -0.836221 0.554838
50 0.326807 1.0034 2.14707
50 0.201416 -0.325234 5.09097
50 -0.164022 -0.161379 5.39448
50 -1.0503 0.000921142 0.0262542
50 0.306453 0.228732 5.45591
50 -0.976531 0.522458 5.55371
50 0.15388 -0.282221 -0.0962806
50 -0.827088 0.315277 0.675687
50 -0.588651 0.492858 2.04685
50 -0.305317 -0.946407 2.98373
50 0.0624292 -0.237939 2.67531
50 -0.473515 0.776958 2.14111
50 0.0558203 -0.384736 3.47873
50 -0.460254 0.505834 0.114275
50 0.605868 -0.81989 5.21587
50 -0.595846 0.858072 4.37203
50 -0.616339 -0.947912 0.663368
50 0.200952 1.00073 5.44023
50 0.87228 0.507709 1.47437
50 0.15415 -0.817207 0.843068
50 0.271961 -0.526669 0.780642
50 -0.498907 0.393163 2.83746
50 0.0766342 -0.662622 2.06163
50 0.120707 -0.0101997 5.25479
50 0.244148 0.340331 3.64651
50 -0.0712327 1.02609 5.7967
50 0.389207 -0.882555 0.8509
50 0.0820788 -1.00032 3.27565
50 -0.131102 0.100812 2.34859
50 -0.346685 -0.777402 0.647504
50 -0.995525 0.0521298 3.98211
50 0.48897 -0.493816 6.39418
50 -0.195536 0.622228 2.18261
50 -0.663609 -0.487147 4.40031
50 -0.465275 -0.199495 5.69169
50 -0.402435 0.798086 4.78978
50 0.466058 -0.157091 1.67448
50 0.383857 -0.674693 -0.0650543
50 -0.468867 -0.0161749 1.71812
50 -0.219432 -0.65045 2.04081
50 -0.553071 -0.249553 6.20619
50 -0.599464 -0.793881 1.83945
50 -0.699424 -0.591734 0.722964
50 0.168713 -0.0237796 4.54202
50 -0.757063 -0.56269 3.97511
50 0.0822561 0.452316 0.665792
50 1.06864 0.0654138 5.19491
50 0.698898 -0.181263 5.38982
50 0.0864959 0.184018 5.63881
50 -0.0337769 -0.256505 5.79924
50 0.916499 -0.131809 4.86354
50 -0.726423 -0.319191 5.17057
50 0.0354707 0.202573 0.0854975
50 -0.140193 -0.686606 5.50446
50 0.638615 0.535157 5.80533
50 -0.204382 -0.872725 4.49834
50 -0.361885 0.646426 1.06385
50 0.60631 0.0342714 3.40142
50 0.411705 0.336788 1.4025
50 -0.139181 -0.448974 0.309512
50 0.0544225 0.0866564 2.19015
50 0.471885 -0.808121 3.14946
50 0.743198 0.476917 1.22767
50 -0.705552 0.551404 0.806879
50 -0.128669 -0.195602 0.210356
50 0.110857 0.578076 3.05655
50 0.0160623 0.804185 4.19735
50 0.709326 -0.474163 3.07866
50 -0.576934 -0.201423 3.85142
50 0.00405333 0.879139 5.71033
50 -0.648625 0.652288 -0.0185925
50 0.524164 -0.0543123 4.15072
50 0.881395 -0.435461 4.5363
50 -0.358534 -0.14532 0.388515
50 0.814409 0.605251 4.70463
50 -0.832773 -0.276705 0.884117
50 0.100581 -0.832282 1.21279
50 0.588968 -0.359839 4.30996
50 0.579383 -0.0709202 1.04664
50 0.718806 0.0561668 4.59007
50 0.23191 0.549198 1.27371
50 -0.613456 0.923782 6.26579
50 -0.812601 0.381374 0.925311
50 0.0362623 0.31731 1.80548
50 -0.857953 -0.507075 2.24303
50 0.0781368 -0.432793 0.902807
50 -0.350205 -0.905916 2.01236
50 -0.0098628 0.352907 1.64
50 0.95711 -0.51893 5.98675
50 -0.445928 0.887073 3.10847
50 -0.22938 0.367708 4.87291
50 0.28608 0.956596 5.87851
50 -0.567059 -0.144985 5.50957
50 -0.517182 0.280775 1.10015
50 0.448933 -0.862011 5.96883
50 -0.087794 -0.232226 0.362974
50 -0.744608 0.49474 0.428746
50 0.484386 -0.110626 0.253691
50 -0.864155 0.3641 4.33231
50 -0.40619 -0.797902 5.59928
50 0.414511 0.742383 0.406584
50 0.158587 0.268543 2.77679
50 0.583948 -0.296839 6.34265
50 -0.47648 0.0882368 2.04742
50 0.948048 0.457775 6.31205
50 0.573461 0.500805 4.2842
50 0.917336 0.177359 4.54154
50 -0.143407 -0.56704 4.49992
50 0.0189531 -0.75672 2.29701
50 0.889676 0.338302 1.45817
50 1.09155 0.296196 5.10466
50 0.926275 0.398253 4.54496
50 0.0678433 -0.49516 0.153542
50 -0.422527 0.316612 4.55245
50 -0.620351 -0.873351 0.305056
50 0.472316 -0.262296 0.51395
50 -0.849792 -0.221766 3.35962
50 -0.116445 -1.11408 4.91542
50 0.0568879 0.656442 1.88953
50 0.310197 -0.0865121 5.72325
50 0.704428 0.415951 1.22425
50 0.0183395 -1.00645 5.74197
50 0.226913 -0.725017 0.778256
50 -0.396111 -1.06777 4.56932
50 -0.528591 -0.102486 4.38877
50 0.00637368 0.083473 5.33049
50 -0.202106 0.791182 2.06606
50 0.80367 0.490744 3.42461
50 0.342096 0.179265 5.00524
50 -0.502992 0.717282 1.82311
50 -0.561496 -0.607408 1.51697
50 0.188497 0.139207 4.94206
50 -0.853336 0.191202 1.805
50 -0.538332 0.587769 2.55196
50 -0.419246 -0.282729 1.46261
50 -0.500739 0.179299 5.06494
50 -0.0512281 -1.0016 3.60834
50 0.199952 0.503893 3.48654
50 0.263835 -1.03343 2.48403
50 0.0840169 -0.720163 3.51592
50 -0.0529605 -0.305485 4.3288
50 0.425146 0.153064 4.63433
50 0.348673 -1.0226 4.97555
50 0.253835 0.139117 3.75968
50 -0.365793 -0.578301 0.453561
50 0.3426 -0.627773 0.442383
50 0.775008 -0.527251 5.19324
50 -0.182676 0.905752 1.28049
50 -0.907631 0.159894 4.76044
50 -0.464119 -0.760248 2.66467
50 0.26211 -0.25143 4.95169
50 -0.901071 0.226734 5.79184
50 -0.323101 0.021109 5.85334
50 0.771217 -0.746312 4.26422
50 0.484637 -0.318918 1.02001
50 0.762479 -0.472494 0.402747
50 0.491418 -1.02128 1.96325
50 -0.723365 0.84309 2.12044
50 0.34952 0.722407 2.11232
50 -0.350674 0.241397 2.16616
50 -0.611812 0.166211 0.703264
50 0.126007 -0.403029 2.96565
50 0.897827 -0.606802 5.44633
50 -0.664442 0.410432 5.50084
50 -0.2736 -0.119421 5.81709
50 0.548263 0.337843 3.63508
50 -0.102875 -0.771829 3.18312
50 0.433886 0.888151 2.00595
50 -0.814344 0.75333 5.91158
50 0.827381 0.241191 -0.211276
50 -0.669858 0.255272 3.68995
50 0.934342 0.520099 5.32119
50 0.954979 0.336795 4.40612
50 -0.566033 -0.0612668 2.62962
50 0.848572 0.73841 6.40724
50 -1.01304 -0.28748 3.68
50 0.215193 0.836558 3.83906
50 1.01913 -0.456833 0.250042
50 -0.897165 0.422011 1.05814
50 -0.268342 0.12097 0.385315
50 -0.0315232 -0.64917 1.23503
50 -0.675073 0.708249 3.66522
50 0.528884 -0.00117163 1.95274
50 -1.03616 0.169443 6.25984
50 0.219347 -0.0135763 5.80637
50 -0.70574 -0.442044 5.33439
50 -1.08136 -0.307445 0.42058
50 -0.587837 -0.725018 6.12942
50 0.380546 -0.428692 2.58256
50 -0.210558 0.848674 4.78651
50 -0.521323 0.841665 0.665617
50 -0.793729 -0.507684 0.212648
50 -0.0241231 -0.550682 0.967937
50 0.13058 -0.762663 0.380591
50 -0.0145945 0.942244 2.71216
50 1.0745 -0.0253339 4.53115
50 -0.0370274 0.0577099 0.654475
50 1.02058 -0.206998 4.58177
50 -0.485387 -1.02768 3.54159
50 0.362461 0.234472 5.62351
50 0.394504 0.192818 1.35453
50 -0.815547 0.0152946 2.32389
50 -0.778241 -0.819152 3.21065
50 0.552258 -0.230136 6.1743
50 0.323718 -0.446479 5.67214
50 -0.0771437 -1.05708 1.6656
50 0.0982296 -0.29182 3.32837
50 -0.670283 -0.645963 3.979
50 0.866023 -0.663897 5.76156
50 0.0523183 0.993759 4.02612
50 -0.609415 -0.654242 2.20319
50 -0.948972 0.577023 2.05838
50 1.022 0.330394 2.94465
50 -0.194846 0.0208555 2.77532
50 -0.391325 -0.334744 4.86156
50 -0.44524 -0.839871 0.833955
50 -0.197256 -0.27793 2.94668
50 -1.04063 -0.171008 3.77618
50 0.596898 0.245461 4.06183
50 -0.111164 -0.5112 2.24111
50 -0.92279 -0.0233447 5.87408
50 0.403606 0.528496 4.81559
50 -0.0430319 -0.359586 5.02025
50 0.375577 0.890375 6.04727
50 -0.375913 0.588412 5.5236
50 -0.172496 0.514441 0.179731
50 0.44939 0.822519 4.34215
50 0.224079 -0.510458 5.43041
50 -0.262081 0.185105 3.4048
50 0.371169 0.63523 5.34012
50 -0.755484 0.392811 1.05688
50 0.56347 0.550403 1.48628
50 -0.73817 -0.206481 1.41661
50 -0.192981 -0.547135 1.54817
50 -0.658287 0.133285 2.45753
50 -0.348774 1.0575 4.21202
50 0.728102 -0.633926 3.01408
50 -0.370263 -0.00678772 5.93178
50 0.519556 0.170326 3.67609
50 0.872411 -0.327465 2.65984
50 0.828525 -0.0528191 2.15354
50 -0.301742 -0.732115 5.6624
50 -0.9154 0.639632 3.58916
50 -0.722505 -0.264906 5.29363
50 -0.324413 0.286254 6.05848
50 -0.894528 -0.276536 0.444399
50 -0.0510678 -0.834405 2.18899
50 0.884252 -0.724733 1.79882
50 -0.266618 0.950884 5.38209
50 -0.065779 0.21034 1.46701
50 -0.556941 0.165404 1.10246
50 -0.446852 0.210586 2.99231
50 0.426329 0.100044 0.579704
50 0.32313 0.539947 5.93972
50 0.215061 -0.910393 1.32795
50 1.01897 -0.51899 3.28934
50 0.901675 -0.549628 1.10687
50 0.164828 -0.227519 0.755945
50 -0.417853 -0.00210255 4.66485
50 -0.307996 -0.822018 3.21931
50 -0.397314 0.26762 5.72135
50 -0.96671 -0.328714 5.78696
50 -0.447639 -0.110205 2.60022
50 0.425926 0.239343 4.84222
50 0.305291 -0.347819 4.47311
50 0.32047 -0.501136 3.74704
50 -0.555993 -0.671223 3.1599
50 -1.11573 0.0128649 1.00693
50 -0.591954 -0.489404 4.39995
50 0.215324 0.288208 1.06222
50 -0.152752 -0.11436 5.27307
50 0.0349249 0.491212 3.13127
50 0.133746 -0.688502 4.58487
50 -0.461851 -0.695439 2.7642
50 0.170444 -0.949568 5.02265
50 -0.158394 0.220486 3.67048
50 0.105342 -0.0639542 0.413898
50 -0.483727 -0.593662 3.65845
50 -0.0355853 0.831176 6.29922
50 -0.192509 -0.698865 1.60525
50 -0.521275 -0.0328334 1.14316
50 0.972212 -0.585994 2.10139
50 0.177424 -0.548019 5.95913
50 0.131206 0.369223 3.34372
50 -0.275576 -1.10395 2.48569
50 0.314519 -0.0314819 5.16038
50 0.371809 -0.731877 3.89214
50 -0.5825 0.115704 2.91262
50 0.327728 -0.691492 0.424958
50 0.393069 0.456314 2.04608
50 0.7373 -0.690388 4.04351
50 -0.221076 -0.501686 3.22199
50 0.282651 0.430302 5.64964
50 0.32799 0.278003 1.65194
50 -0.616055 0.385481 3.59747
50 0.1346 0.164347 2.87626
50 0.238341 0.458365 4.00557
50 -0.763643 0.0547447 4.07484
50 -0.0605416 -1.1339 0.388666
50 -0.222566 0.424724 5.38094
50 -0.991473 -0.535436 0.851894
50 -0.117918 0.907061 4.88443
50 -0.293953 0.553189 5.3563
50 -0.766606 -0.69381 0.398683
50 -0.796183 0.631725 1.04224
50 0.372086 0.129849 1.27646
50 -0.322736 -0.0367172 5.14023
50 0.53526 0.111633 2.14637
50 -0.0861157 -0.558042 5.06762
50 -0.85675 0.64062 0.197306
50 0.541158 -0.110065 4.78549
50 0.0711624 -0.604397 2.72564
50 -0.682418 0.496593 4.41612
50 -0.092768 0.848233 1.77926
50 0.541561 0.975155 1.05618
50 0.260669 -0.947019 3.76271
50 0.197115 0.0333164 2.94171
50 0.33656 -0.187624 1.57547
50 0.881362 0.131989 2.91804
50 -0.589667 0.333811 2.83858
50 0.0716596 0.771889 6.15839
50 0.0760925 -0.885033 4.25452
50 -0.0173919 0.513962 4.06744
50 0.18984 -1.05355 1.3612
50 0.90321 0.0385005 3.58498
50 -0.436601 0.95913 1.91194
50 0.316098 -0.243558 3.89628
50 0.285572 0.715827 2.34289
50 0.544201 0.453554 4.71223
50 0.00351823 0.620079 5.46972
50 -0.190571 -0.44795 4.24074
50 0.756482 0.101833 2.64647
50 -0.34012 0.819571 2.37789
50 0.747735 0.160467 4.58322
50 -0.704805 -0.113193 3.97323
50 0.365992 -0.23729 0.868554
50 0.487558 -0.664038 3.3308
50 -0.0951802 0.589458 2.17685
50 -0.299 -0.453761 4.12883
50 -0.859794 0.118964 2.36295
50 0.824587 0.678365 0.193744
50 -0.580851 0.058082 0.517751
50 -0.0620904 0.265 5.28157
50 0.362563 0.577962 2.86359
50 -0.563871 0.727806 5.83921
50 -1.04031 -0.0590675 5.76725
50 0.928155 0.0961919 0.037214
50 -0.73949 0.730542 1.11179
50 0.94017 -0.336985 6.34931
50 0.993637 -0.299217 4.41987
50 -0.235054 -0.235664 3.63441
50 -0.154271 1.10483 4.25875
50 -0.667624 -0.0132193 5.10057
50 0.23469 -0.636718 5.40767
50 0.594762 -0.710439 1.62764
50 -0.937321 0.0368219 2.39418
50 0.378492 -0.479956 1.57914
50 0.303775 -0.745123 2.1524
50 -0.100206 1.08513 0.649095
50 -0.275921 0.268088 4.79316
50 0.183268 -0.6108 1.80262
50 -1.10849 -0.170174 0.37649
50 -0.889399 -0.562333 3.4853
50 -0.665047 -0.0729917 0.654318
50 0.715018 -0.413687 0.0986281
50 -0.49103 0.925429 5.6595
50 0.637815 -0.752211 0.505653
50 -0.405337 0.0538411 5.84239
50 -0.245437 -0.718991 1.47468
50 -0.53047 0.44535 1.55308
50 0.202779 0.893274 5.90046
50 -0.109269 0.735693 0.244884
50 -0.288055 -0.399319 2.47389
50 0.436633 -0.690846 3.59859
50 -0.408066 -0.741184 4.13815
50 0.720164 0.783343 5.52269
50 -0.501194 -0.237181 2.09215
50 -0.600842 0.68514 3.01057
50 -0.780293 -0.254742 0.648596
50 -0.141686 0.964275 4.11176
50 -0.50675 -0.644867 0.0628903
50 -0.452771 -0.440394 2.98261
50 -0.0397179 0.76275 6.14582
50 -1.05862 0.340833 2.66179
50 -0.254658 -0.555509 5.01526
50 -0.67768 -0.906581 1.39993
50 -0.824539 -0.681708 2.18919
50 -0.0142586 0.238584 2.11197
50 -0.00206111 -0.309439 1.66891
50 1.01013 0.484471 3.07808
50 -0.594261 -0.284582 2.63869
50 -0.403176 0.68462 1.75249
50 0.648671 0.681691 5.90612
50 0.73584 -0.0656127 3.18151
50 -0.657601 0.197137 3.92639
50 0.828267 0.015323 -0.0638322
50 -0.300286 0.494608 2.83603
50 -0.309724 0.156132 1.59028
50 -0.955947 -0.445041 4.01413
50 -0.870796 0.505305 3.78452
50 1.12345 0.179281 2.83611
50 0.186678 -1.12007 5.57835
50 -0.813807 0.503355 0.742526
50 -0.328547 -0.665983 1.58894
50 0.600005 -0.473137 1.23353
50 -1.039 0.405533 1.00458
50 0.468399 -0.610364 0.362508
50 0.964668 0.0323085 1.31554
50 0.98781 0.550186 3.0436
50 -0.267514 0.770403 3.78471
50 0.846841 0.178712 5.83533
50 0.702695 0.122248 3.98331
50 0.0508868 -1.06268 1.47864
50 -0.608661 0.227587 2.33414
50 0.0534506 -0.0817489 1.95577
50 0.816206 -0.285469 5.30059
50 0.135312 0.11219 3.25049
50 -0.455014 -0.540889 3.48834
50 0.155734 -0.0761712 2.14386
50 -0.5403 -0.766442 4.28963
50 -0.097503 -0.283201 4.54895
50 0.279589 -0.589307 4.10202
50 0.651471 0.228796 5.57294
50 -0.222055 0.146476 1.50378
50 -0.281442 -0.507647 2.9557
50 -0.808914 -0.0552662 0.496787
50 1.07198 -0.345383 5.3924
50 -0.40708 -0.892459 -0.414737
50 -0.203106 -0.333348 1.84494
50 0.576564 -0.770604 3.45228
50 0.444529 0.3786 5.93623
50 -0.229681 0.0831071 5.63221
50 -0.365564 -0.843482 0.386083
50 0.207102 -0.272322 6.3262
50 -0.455214 0.150783 2.49931
50 -0.767111 -0.0137795 3.73369
50 -0.97545 -0.386111 4.0488
50 0.0421319 -0.825427 5.31276
50 1.03108 0.0260948 3.41442
50 -0.826759 0.572754 5.7283
50 -0.554837 0.386514 0.484974
50 -0.401184 0.155427 4.73862
50 0.724143 0.217975 4.14771
50 0.269465 0.283054 3.90415
50 0.728247 -0.788678 0.594142
50 0.622628 0.476771 1.95121
50 0.761309 -0.187865 3.40584
50 0.50657 -0.373912 3.06931
50 0.693493 0.576196 4.08892
50 -0.452623 -0.97621 0.963458
50 0.663868 0.0225321 2.08114
50 -0.182388 -0.0724551 3.02278
50 0.865718 -0.256765 5.29353
50 0.281413 -0.200057 6.23025
50 -0.0859048 -0.660919 5.40284
50 0.464717 0.763442 1.63767
50 0.336369 -0.391854 5.61489
50 0.340095 0.433634 1.02771
50 -0.544122 0.896242 3.82742
50 -0.495054 0.550295 2.1073
50 -0.396758 0.210637 5.07232
50 1.1269 0.0101983 1.41798
50 -0.63446 -0.540422 4.93104
50 -0.923743 0.358582 2.26376
50 0.561526 0.770881 1.83963
50 0.106497 0.637107 3.7641
50 -0.29372 -0.877549 0.478802
50 -0.125179 0.537581 4.5183
50 0.810855 0.133146 2.6449
50 -0.514305 -0.714414 5.45743
50 0.0749078 -0.775112 5.97502
50 -0.144193 -0.250798 0.794859
50 -0.430662 -0.160837 1.18601
50 0.123802 -1.12716 0.912523
50 0.309249 0.481058 5.53929
50 0.011374 -0.360496 1.5963
50 -0.484035 -0.492753 2.61141
50 -0.405083 -1.01206 4.47076
50 -0.0558542 0.897944 3.19072
50 -0.420935 -0.389226 2.02748
50 0.81778 -0.711553 1.16775
50 0.275898 -0.880898 6.18378
50 0.246809 -1.10217 5.00753
50 0.758163 -0.364223 2.31415
50 -0.933031 -0.511555 5.89081
50 -0.630106 -0.444905 0.802861
50 1.06043 -0.41005 0.277326
50 -0.765423 0.110503 1.33848
50 -0.161973 -0.501386 0.389537
50 0.369521 -1.07798 2.35303
50 -0.333356 -1.07334 0.607936
50 -0.958826 0.427107 2.4208
50 0.0875121 -0.189143 0.648103
50 -0.76423 0.176044 2.24311
50 -0.00718004 -0.410776 6.41105
50 -0.523746 -0.183667 5.41506
50 0.549471 0.905728 5.68498
50 -0.06984 -0.0759826 5.67463
50 0.0443156 0.927231 1.64977
50 0.425496 0.957872 2.75974
50 0.189649 0.333837 5.52397
50 0.0835409 0.395499 0.682001
50 -0.135742 -1.04792 5.2531
50 0.416807 -0.628702 2.16111
50 0.886862 0.230128 2.39333
50 0.766641 0.0281968 1.976
50 0.328012 0.838522 1.99705
50 0.281884 0.180838 0.911985
50 0.0622845 1.05431 3.29686
50 -0.161653 -0.633809 4.81152
50 0.476852 -0.734873 3.66427
50 0.216414 -0.993649 6.12612
50 -0.458743 0.0396335 4.42152
50 -0.283306 -0.222922 5.2791
50 0.87535 -0.0144047 4.1023
50 0.00721279 -0.22233 4.92906
50 0.936705 -0.0251971 2.20512
50 0.446119 0.29796 2.85325
50 0.938738 -0.653911 4.09058
50 0.555837 0.0584214 6.14266
50 0.222427 -0.453745 3.67424
50 0.462391 0.694375 4.66979
50 0.368106 1.05214 5.24322
50 0.420777 -0.0330033 2.21712
50 -0.759072 0.332817 2.14212
50 0.118024 -1.06173 1.78003
50 -0.00886912 1.0598 1.69016
50 0.604785 -0.239397 5.02207
50 -1.02281 -0.11497 2.35267
50 -0.0531732 -0.507112 3.31224
50 0.510481 0.806608 5.69612
50 -0.650399 -0.703654 1.8408
50 -1.04289 -0.413475 3.57243
50 0.776524 -0.832123 2.57746
50 0.196958 0.775523 0.0914574
50 0.683032 0.178965 1.85841
50 -0.556534 -0.987703 4.9141
50 0.418234 0.587042 5.76733
50 -0.843226 -0.392056 2.83188
50 -0.176747 0.342987 3.7238
50 -0.204589 0.195308 4.31198
50 -0.769882 0.550285 3.39103
50 0.175753 0.723991 3.93497
50 0.510777 0.557896 6.12508
50 -0.801351 -0.125058 0.859417
50 0.447543 -0.203101 5.38036
50 0.264414 0.506967 1.78051
50 -0.000357314 0.675401 1.49481
50 0.238722 -0.833657 3.14125
50 -0.363572 0.319081 3.20708
50 0.357677 0.329207 2.60002
50 -0.529822 0.664868 0.640047
50 1.03388 0.127951 1.72177
50 0.224581 -0.401674 6.12929
50 -0.177124 -1.12547 3.10745
50 -0.713538 -0.786916 6.42493
50 0.0326285 0.431354 4.66169
50 1.06997 -0.176127 0.2621
50 -0.148022 -0.924561 2.02491
50 -0.323187 0.927131 4.28054
50 1.00837 -0.136952 2.23814
50 -0.492643 -0.142629 2.12463
50 -0.966069 0.177377 0.886684
50 0.612393 0.733913 2.03822
50 -1.09337 0.211042 4.29692
50 0.010719 0.557228 0.266406
50 -0.905603 -0.14389 2.62713
50 0.377625 -0.587779 5.78674
50 0.642841 0.348163 0.741227
50 -0.537956 -0.501729 5.05917
50 -0.374128 -0.632261 3.23631
50 -0.639222 0.462793 0.704228
50 0.876288 -0.49563 2.61773
50 0.492093 0.434027 2.25731
50 0.268272 -0.694286 4.87376
50 -0.62366 -0.236584 1.36185
50 -0.0368469 -0.896935 5.01226
50 -0.718044 -0.0439857 6.30831
50 0.397891 0.686198 2.17798
50 0.313158 0.616042 2.40538
50 0.417771 -0.134395 3.53897
50 0.148095 0.882295 2.68322
50 0.741051 0.847386 3.69308
50 0.67189 0.903749 1.7571
50 0.596654 0.305459 3.54893
50 0.476719 0.141513 1.34282
50 -0.267106 -0.778995 4.05001
50 -0.607013 -0.385349 3.18877
50 0.752995 -0.300699 2.3116
50 0.302588 -0.818345 4.89356
50 -0.77868 0.280718 5.18237
50 -0.132939 0.0181115 0.3965
50 0.283234 0.0907446 6.20194
50 -0.0954863 -0.345227 1.06212
50 0.103524 0.825925 3.8568
50 0.504464 0.0432006 4.4038
50 0.565881 0.836435 5.74509
50 -0.566572 -0.000173794 0.39856
50 0.816307 0.431776 2.70424
50 0.850241 0.295771 4.94338
50 1.08976 0.225971 0.644738
50 0.287287 0.379397 3.05588
50 -0.476085 0.453257 5.04629
50 0.180333 0.386356 0.942623
50 -0.213118 0.682559 3.45745
50 1.02513 0.191412 0.345596
50 -0.74967 -0.1501 5.05183
50 -0.575578 0.630594 5.57906
50 0.160724 0.951213 2.61857
50 -0.677082 0.601873 2.48506
50 -0.115234 0.250826 5.98374
50 -0.649571 -0.761304 4.49763
50 -0.0141448 -0.950886 1.25211
50 0.540155 -0.532005 3.39601
50 1.04442 -0.265528 2.64828
50 -0.306954 0.344501 4.47294
50 -0.347211 -0.308282 0.75774
50 -0.262842 -0.610241 5.27177
50 -0.286924 -0.323568 4.87697
50 -0.384842 -0.188414 4.07406
50 -0.627615 0.286901 1.38844
50 -0.623266 -0.329652 5.51426
50 -0.16595 -0.0240908 0.237436
50 -0.766829 -0.43866 3.5083
50 0.795037 -0.651744 2.90194
50 -0.242117 -0.83134 2.41612
50 -0.248033 -0.356838 0.0613079
50 0.524578 -0.161953 2.11332
50 0.303693 1.07413 0.521272
50 -1.04295 -0.352953 2.94677
50 -0.9037 -0.394429 4.58758
50 0.71916 -0.239857 0.685919
50 0.639163 -0.287022 3.17684
50 -0.571961 0.277201 5.23819
50 0.728974 0.308835 3.98096
50 -0.166537 0.0610361 3.75239
50 0.0639399 -1.12905 4.6646
50 -0.154873 -0.748029 -0.0232984
50 0.271758 -0.462452 1.61945
50 0.141958 0.533715 6.15788
50 1.03649 0.256995 1.48459
50 0.182466 0.567717 -0.113775
50 -0.106442 0.1424 4.88491
50 -0.919366 -0.645321 5.89841
50 -0.268487 0.451779 0.391531
50 -0.0154816 -0.162068 0.495606
50 0.494939 -0.438679 0.854099
50 -0.0150376 -1.0642 2.09293
50 0.605159 0.943481 2.89335
50 -0.986867 0.366905 4.67392
50 0.0317358 -0.273934 4.87853
50 -1.01926 0.228843 1.10771
50 -0.0499055 -0.600473 4.85649
50 0.764711 0.667367 5.36327
50 0.0981905 1.10261 -0.00175379
50 0.344666 -0.852621 3.03292
50 -0.422412 0.623975 2.01137
50 -0.250098 -0.288435 0.945122
50 -0.968662 -0.0759482 3.82108
50 -0.212974 -1.08001 1.39367
50 -0.375414 -0.960665 5.28801
50 0.145408 0.0352652 2.12846
50 -0.196557 1.02232 1.66636
50 0.715139 -0.541445 2.2201
50 -0.766751 0.797222 5.55439
50 -0.370497 -0.259791 2.67538
50 0.140249 0.315826 2.2388
50 -0.0788734 0.383891 4.95858
50 0.234623 0.608231 2.77544
50 0.325448 -0.914755 3.51385
50 -0.0425251 0.706123 5.85952
50 -0.0984438 0.306246 5.20509
50 0.437657 -0.344758 6.00547
50 1.04189 0.429017 1.6126
50 0.672206 -0.922332 0.990633
50 0.0843663 0.336711 5.63734
50 -0.556521 0.963998 3.92025
50 0.124172 0.22929 4.32038
50 -0.0676257 0.484542 0.48846
50 0.00249627 -1.13043 3.13917
50 0.253727 0.230822 3.07823
50 0.470352 -0.0617525 5.50958
50 0.564457 0.699697 4.39639
50 0.824126 0.546285 0.00374178
50 0.305 -1.08896 2.07659
50 -0.495008 0.996835 1.35693
50 -0.151424 0.8491 1.40976
50 0.0721594 0.24066 4.48336
50 -0.600054 -0.10251 0.592326
50 0.190631 -0.176135 2.43497
50 0.210176 -0.121144 2.01237
50 -0.0108978 0.0075626 0.649581
50 -0.212436 -0.127289 2.70834
50 0.321355 0.906418 5.85581
50 0.777077 -0.0275832 -0.392365
50 0.809292 -0.152943 0.67929
50 -0.396079 0.365547 0.743231
50 -0.27763 0.39073 0.829128
50 -0.905389 -0.336328 2.18562
50 -0.533119 0.781356 2.85907
50 -0.0927535 0.686506 3.59885
50 -0.498753 0.231789 5.99811
50 -0.560829 -0.839082 1.36007
50 0.650018 0.410419 4.42543
50 0.0963683 0.502686 4.4513
50 -0.722478 -0.858541 3.71161
50 -0.113395 0.19424 3.53406
50 -0.617133 -0.040813 2.87531
50 0.502362 -0.890678 4.87423
50 0.826716 -0.211785 2.16226
50 -0.426112 1.03086 5.17659
50 0.822789 -0.462794 4.8293
50 0.247685 -0.353902 2.00363
50 0.790592 0.306307 0.809962
50 0.273007 -0.0028283 4.02879
50 0.666216 -0.678895 5.07105
50 -0.909 -0.0834336 0.340064
50 0.775615 -0.243719 5.24255
50 -0.214708 1.08564 2.9145
50 -0.733064 0.252322 3.44564
50 -0.197072 -0.952946 3.11869
50 1.00795 -0.357567 1.07028
50 0.260012 1.02236 2.33123
50 0.024567 -0.647955 5.30399
50 0.765699 0.254765 0.535448
50 -0.516298 -0.445234 0.848357
50 -0.36653 -0.0638523 3.89664
50 0.675579 0.838958 5.86146
50 0.635084 -0.187223 3.39458
50 0.162768 1.10752 0.10634
50 0.568572 0.194206 1.39882
50 0.0679498 -0.0252534 3.30649
50 -0.695978 -0.536222 3.16639
50 0.545719 0.276199 6.0298
50 -1.01289 0.293221 3.99726
50 -0.357277 0.0587598 2.20087
50 0.34758 0.0176834 2.70556
50 -0.862294 -0.0291535 3.77363
50 0.034521 -0.544564 2.77721
50 -0.617941 0.0199059 3.82603
50 -0.1913 0.26076 2.34275
50 -0.0999003 -0.0235237 2.57647
50 -0.387618 0.858055 1.01046
50 0.892167 0.573673 3.05787
50 0.897641 -0.0737466 1.10867
50 -0.659779 -0.827101 3.72393
50 0.513368 0.662702 1.23846
50 0.649525 0.618726 2.84473
50 -0.728136 -0.379789 4.18143
50 -0.513873 0.126866 5.05562
50 0.513799 0.730546 4.42878
50 0.916266 0.279655 1.55521
50 0.605793 0.0877173 5.4885
50 0.762057 0.42077 4.71428
50 0.193211 -0.669925 3.50876
50 -0.323238 -1.00944 4.42124
50 -0.53261 0.0767038 3.47155
50 -1.09328 -0.237544 5.43444
50 -0.183563 -0.218279 1.91679
50 -0.409908 0.476848 3.3965
50 -0.565882 -0.345869 5.18617
50 -0.216979 0.305617 2.32075
50 -0.0415533 -0.0333021 2.93022
50 -0.756195 -0.0842053 2.57024
50 -0.986309 -0.0134508 2.1835
50 0.556644 -0.998418 4.8265
50 0.270623 0.821152 5.11006
50 0.961553 -0.0885755 5.27178
50 -0.909423 -0.20736 0.159708
50 -0.663971 -0.284639 2.09118
50 0.368524 -0.955326 0.144305
50 0.546944 0.613357 4.80835
50 -0.321537 0.995083 0.269493
50 0.9888 0.0871312 5.05922
50 0.61367 -0.951048 2.56374
50 -0.260598 1.01795 5.82414
50 -0.964856 -0.143384 2.56398
50 0.368096 -0.292355 1.34277
50 -0.0679244 0.01667 5.12078
50 -0.0642875 0.100967 3.24237
50 -0.0124057 0.18611 3.17069
50 -0.0857784 0.789671 3.66633
50 0.483539 0.0898871 4.24716
50 0.605853 0.584647 2.07458
50 0.289183 -0.642076 1.55758
50 0.171374 -0.725546 1.30066
50 1.13426 0.0765966 4.92392
50 0.456473 -0.396579 3.24685
50 0.0363761 0.14724 2.02111
50 0.172647 1.05116 3.49031
50 -0.85111 -0.162078 5.27269
50 1.06864 0.366712 5.56745
50 -0.719372 0.0205891 1.70649
50 0.14865 0.479566 3.40679
50 -0.0464384 1.11462 0.857042
50 0.490321 0.361781 0.633094
50 -0.31862 0.101206 3.00691
50 -0.381513 0.917247 3.27564
50 -0.31344 -0.606484 2.4627
50 -0.630525 0.748398 2.65995
50 -0.0995583 0.0593583 3.81999
50 -0.378853 0.988687 2.88849
50 0.653826 -0.450756 5.81263
50 0.644969 0.131737 4.97361
50 -0.625547 -0.175734 2.63793
50 -0.0774214 0.964389 3.82186
50 0.13538 -0.179389 3.73808
50 0.525503 0.226802 1.56548
50 0.246588 -0.1643 2.14527
50 0.99857 -0.0269941 2.06717
50 0.602163 -0.414114 5.33237
50 0.323632 0.67178 5.54392
50 -0.718673 0.66265 4.87378
50 -0.0747227 0.43406 0.433171
50 0.39199 0.830391 4.5875
50 0.485952 -0.955468 2.50226
50 -0.439622 0.731254 4.48299
50 -0.708351 -0.715756 5.1481
