125 0.379247 -0.0827869 4.2811
125 0.534262 -0.574215 1.55899
125 -0.779943 -0.320355 2.12327
125 -0.313143 -0.170831 1.19864
125 -0.669602 0.886121 1.90461
125 0.117918 -0.127428 1.58752
125 0.82641 -0.588178 1.64053
125 0.331822 -0.56479 1.58638
125 -0.161551 0.280504 0.863687
125 -1.02926 -0.221769 1.32216
125 -0.209192 -0.759503 3.54589
125 0.08994 0.122403 -0.217855
125 -0.884887 0.0776925 4.35245
125 0.253793 0.767889 0.604926
125 0.691114 0.339113 3.07488
125 -0.0951693 -0.883639 1.78471
125 -0.267553 -0.0225887 0.50911
125 -0.444045 0.265905 1.7079
125 -0.1189 0.480202 4.00802
125 1.13027 -0.133395 3.27734
125 0.168408 0.0804897 0.244406
125 -0.528052 -0.292528 6.82889
125 0.401193 -0.186158 4.9179
125 -0.58885 0.435182 4.45065
125 0.760792 0.364803 5.35761
125 -0.221766 0.475731 3.60965
125 0.401745 0.0107843 -0.645368
125 -0.337897 -0.430719 0.449745
125 -0.321359 0.43498 1.94138
125 0.476912 0.262535 4.08167
125 -0.0662171 -0.404737 3.58599
125 -0.882138 -0.699201 4.26561
125 0.0372474 -0.168411 5.86409
125 -0.050329 -0.123918 3.10656
125 -0.201869 -0.171594 5.80518
125 0.143903 -1.00685 5.33995
125 0.525488 -0.280053 2.43006
125 -0.652302 0.818411 0.701545
125 0.437861 -1.04888 4.21992
125 -0.670192 0.0518962 5.48156
125 -0.282333 0.0651004 1.35722
125 0.995845 0.387169 6.05172
125 0.565207 -0.180166 3.46878
125 -0.563337 0.546904 5.09589
125 -0.187828 -0.383732 4.78112
125 -0.0109594 0.465223 0.553618
125 -0.351064 -0.703237 4.45783
125 -0.440261 -0.629038 5.90136
125 0.818699 0.363666 2.46636
125 -0.251679 0.222301 4.7556
125 0.0443315 0.839882 1.39809
125 0.168284 -0.123622 4.85249
125 0.190121 -0.782139 3.92535
125 -0.157959 0.165584 6.75637
125 -0.739963 -0.483854 1.94603
125 0.228084 -0.569592 3.31255
125 0.313829 0.138626 3.16621
125 0.234102 0.400365 5.77419
125 -1.10641 0.14339 2.63983
125 -0.18495 -0.999043 6.20436
125 0.1141 -0.622453 0.417547
125 0.966902 0.218449 5.46767
125 -0.582427 0.796342 5.2175
125 0.894979 0.687058 4.52601
125 0.460131 0.000185379 1.21147
125 -0.430965 -0.234506 4.39732
125 0.172547 -0.37192 3.47018
125 0.539649 -0.639017 4.72468
125 -0.548334 0.229025 3.80077
125 0.699155 0.638059 0.457619
125 -0.304175 0.214607 1.1036
125 -0.959106 -0.583486 3.93784
125 -1.07751 0.278959 5.84472
125 -0.663366 -0.393283 2.36739
125 0.637567 -0.0857929 4.93277
125 0.00465978 -0.602149 0.76309
125 -0.871591 0.020582 0.714356
125 -0.108063 0.637826 4.55821
125 -0.504422 -0.945884 3.61789
125 0.484757 -0.54434 3.17109
125 -0.572312 -0.441482 1.56052
125 -0.168779 0.448617 2.79062
125 -0.998974 0.119987 3.08085
125 -0.014567 -0.829449 5.55118
125 0.304431 -0.300509 1.44525
125 -0.237197 -0.406815 1.53967
125 0.694029 -0.293037 5.64204
125 0.145322 -0.891175 3.44169
125 -0.339665 -0.106398 1.83743
125 -0.792101 -0.382309 0.621624
125 0.414321 -0.301308 3.78778
125 1.12953 -0.0582549 1.58207
125 0.640949 -0.566111 1.58911
125 0.753311 0.543881 2.13945
125 -0.159785 -0.306676 3.62892
125 -0.162879 0.721939 1.19715
125 0.638203 -0.333359 2.08753
125 0.507813 -0.220213 3.89725
125 0.430461 0.439267 4.85692
125 0.273885 0.588884 4.39351
125 1.09976 -0.283283 2.42382
125 -0.343415 -0.485443 2.34741
125 -0.418102 -0.573533 2.43178
125 -0.85932 -0.0998767 3.68453
125 -0.0307336 -0.456231 6.36402
125 0.547066 -0.454338 3.77744
125 -0.0174916 -0.0776094 0.0825391
125 -0.623203 -0.598791 0.395627
125 -0.839836 0.440399 3.20833
125 -0.502834 -0.340431 4.03218
125 -0.12303 0.418467 2.42494
125 0.0293719 0.37979 3.85707
125 0.435232 -0.455901 5.10482
125 0.206766 0.661019 0.148156
125 -0.345417 0.701172 4.8093
125 -0.306345 0.659613 4.67185
125 -0.654473 -0.124765 4.58018
125 -0.945483 0.297099 6.50327
125 -0.0515703 0.63901 0.984681
125 0.793461 0.796336 0.597342
125 0.459531 0.201664 1.10626
125 0.917095 -0.371796 2.25169
125 -0.841561 0.260974 4.06521
125 0.0249148 1.11732 4.16135
125 -0.344529 0.535573 5.03468
125 0.433075 -0.511882 5.42058
125 -0.710132 0.448974 3.56702
125 0.872181 0.627881 2.09778
125 -0.114367 -0.605012 2.87569
125 -0.128214 -0.408327 0.665738
125 0.503653 0.865646 2.34828
125 -0.171881 0.389547 1.04229
125 0.949267 -0.183807 6.36691
125 0.396183 -0.820732 2.33137
125 -0.481781 -0.394924 6.06145
125 0.442067 0.051829 0.982481
125 0.0370562 0.0240976 0.380736
125 0.342155 0.373469 4.64484
125 0.0402728 0.270439 4.8218
125 0.384246 0.0630727 3.79867
125 0.159723 0.823302 1.85194
125 -0.700723 0.777506 4.75095
125 0.0229031 -0.890253 6.41341
125 0.660601 -0.138414 2.62214
125 0.300241 -0.995192 0.792865
125 -0.930388 0.486934 0.387996
125 -0.798838 0.218069 0.892931
125 0.109098 0.712502 4.74294
125 0.040252 -0.713706 4.20932
125 0.977152 0.156175 3.46512
125 -1.11619 0.0718824 1.3473
125 -0.246706 0.0277727 3.4192
125 -0.960007 0.235813 2.91303
125 0.626819 -0.879573 3.02945
125 0.652781 0.0715295 6.7191
125 -0.403753 -0.678202 1.58673
125 0.277403 -0.411328 2.63753
125 -0.34448 0.386354 2.59491
125 -0.233961 -0.461091 0.0912745
125 0.0954996 -0.363466 5.76806
125 -0.177082 -0.608578 0.85694
125 0.00674581 0.997544 6.08382
125 0.381068 -0.537444 2.51093
125 0.74722 -0.135448 6.39685
125 -0.37807 0.74964 0.626904
125 0.250561 -0.304435 3.24039
125 -0.119462 -0.999797 2.69239
125 0.114712 -0.235605 1.49714
125 0.870358 -0.168403 2.89954
125 1.11633 -0.210494 3.09317
125 0.43157 -0.92291 1.28369
125 0.891989 0.452417 5.32479
125 -0.624473 0.0844642 0.59901
125 -0.54055 -0.389445 3.74793
125 0.957644 -0.468048 2.42389
125 -0.199716 0.97597 1.8221
125 0.696922 0.450176 4.64889
125 1.07912 0.126386 5.34559
125 -0.71257 0.14609 4.71323
125 -0.354248 0.180907 4.79197
125 -0.681451 -0.3409 0.84876
125 -0.243233 -0.0743568 2.55566
125 -0.258278 0.636807 0.210339
125 0.1064 -0.947007 1.37191
125 0.72176 -0.00694816 0.452204
125 -0.711912 0.293475 1.20259
125 -0.560725 -0.908293 5.16691
125 0.729276 -0.869763 2.79448
125 0.135278 -0.331711 1.48814
125 0.224719 -0.214324 5.03587
125 0.845979 -0.112121 4.9339
125 -0.273535 0.707093 0.488346
125 0.591524 -0.537587 4.8947
125 -0.144373 -0.356898 3.01136
125 -0.147355 0.785742 4.77281
125 -0.0353597 0.581284 3.5666
125 0.662866 0.753374 5.41132
125 -0.83735 -0.757612 1.73303
125 0.493998 0.93551 5.93725
125 -0.46869 -0.285359 4.36059
125 -0.264399 0.326232 6.44675
125 0.163817 0.61636 2.78687
125 -0.77218 -0.749908 5.29933
125 0.512597 0.302484 4.32094
125 0.807072 -0.36012 2.15791
125 -0.629098 0.536939 5.53184
125 -0.859738 -0.627967 2.73731
125 -0.463532 0.672218 4.32719
125 0.830605 -0.515297 5.40696
125 -0.524354 -0.553932 -0.0354601
125 0.651397 -0.393445 2.26405
125 0.148136 0.670883 6.17797
125 0.230942 0.711397 1.34681
125 0.390386 0.400499 0.391637
125 0.595772 -0.659059 2.61148
125 0.78235 0.195832 1.88229
125 0.986964 0.27628 2.24878
125 0.477631 0.610214 2.7083
125 -0.319392 -0.541291 -0.08557
125 0.31372 0.779398 3.81125
125 0.0116814 -0.0280586 4.38053
125 -0.885685 0.307435 4.22557
125 0.461185 0.484728 2.17343
125 -0.0532258 0.161833 0.215865
125 -0.670583 -0.218014 2.58464
125 -0.397116 -0.106609 3.59501
125 -0.513242 0.0199038 -0.432061
125 -0.231962 -1.04362 4.42084
125 0.491367 1.00509 3.86201
125 -0.954583 -0.25505 2.74424
125 0.425798 -0.763909 0.545136
125 -0.824379 -0.570796 -0.0262951
125 -0.889372 -0.457105 6.51335
125 0.571043 -0.0130056 1.47051
125 -0.313682 0.751784 3.19968
125 -0.69418 -0.168026 5.74563
125 0.359984 0.519707 2.32138
125 -0.132622 -0.0755434 5.82176
125 0.600528 0.651878 3.65989
125 -0.699034 0.34924 -0.472565
125 -0.393165 -0.453929 -0.191584
125 0.0801958 0.890737 5.58238
125 -0.500098 -0.876986 3.94169
125 -0.264301 0.889406 1.16768
125 0.753889 0.606208 3.07825
125 0.592774 0.434174 6.91872
125 -1.02014 -0.460395 1.59498
125 -0.1876 -0.817689 1.1945
125 -1.10838 -0.12429 5.18945
125 0.624476 -0.0258489 4.52375
125 0.669655 -0.224731 1.95066
125 0.426614 -0.986018 4.73179
125 -0.863519 0.698316 2.49223
125 -0.447248 -0.92541 1.80011
125 -0.792547 -0.627293 0.761452
125 0.915515 -0.285395 3.88242
125 -0.162964 0.659481 0.764853
125 0.418602 -0.246133 3.26034
125 -0.316063 0.599608 3.02783
125 -0.0777702 0.533309 0.789059
125 -0.110624 -0.122466 2.61418
125 0.205698 -0.0697576 5.36418
125 0.223918 0.184432 6.7512
125 -0.293407 1.07169 1.67793
125 0.700933 -0.103909 -0.0566324
125 0.127371 0.767379 2.35188
125 0.132827 0.423819 2.6127
125 0.12565 -0.515536 2.143
125 -0.119927 0.360863 0.811499
125 0.868678 0.3936 2.72172
125 -0.47428 0.318112 4.31714
125 0.426609 1.02902 3.1211
125 0.550142 -0.93407 5.65297
125 -0.439379 0.420072 0.0538386
125 0.697362 -0.582553 0.753332
125 -0.128845 -0.825777 5.17093
125 0.073884 0.546422 0.215499
125 -0.25384 -0.981831 0.699566
125 0.362925 -0.0335919 0.739663
125 -0.0822286 -0.168057 1.69171
125 0.0947456 0.278641 1.10263
125 -0.332502 -0.219627 6.17905
125 0.619897 0.182399 1.5877
125 0.54106 -0.335255 4.29985
125 0.433518 -0.5714 4.45557
125 -0.649328 0.323571 5.60531
125 -0.324961 0.86832 4.99877
125 1.02395 -0.0772 5.58478
125 -0.380013 -0.525938 4.75803
125 0.597991 -0.133506 0.599411
125 0.197548 0.23366 5.20334
125 -0.4666 0.839614 -0.258921
125 -0.456826 0.369461 3.33916
125 -0.527008 0.500644 3.27971
125 0.776414 -0.417733 1.45383
125 0.788998 -0.0920234 3.71507
125 -0.427119 -0.500991 6.11678
125 -0.795565 0.684042 3.79028
125 -0.29726 -0.0752983 1.86508
125 -0.443158 0.568272 5.71485
125 0.352382 -0.133085 6.45892
125 -0.424241 0.103284 1.20038
125 -0.812011 0.147878 4.91019
125 -0.33572 -0.354724 2.21182
125 -0.582555 -0.55307 1.70259
125 0.591811 0.379271 5.35852
125 0.0278263 -0.448067 3.40358
125 -0.0146449 -0.712925 2.20338
125 0.698954 0.268201 0.871377
125 0.463177 0.547279 2.43259
125 -0.73009 -0.631777 4.54397
125 0.614174 0.795476 1.9992
125 0.938825 0.61942 0.897125
125 0.541936 -0.703425 6.13014
125 0.0046854 0.737519 2.88224
125 -0.937288 0.108366 6.29681
125 0.965686 -0.250227 2.72437
125 -0.373927 -0.394225 4.588
125 -0.274139 -0.661175 5.03101
125 -0.214578 -0.0256244 4.83446
125 0.304532 0.0471688 1.96444
125 0.83662 -0.774715 5.73272
125 0.64909 -0.627817 4.78093
125 -0.701821 0.202284 6.20076
125 0.576971 0.143211 4.70743
125 -0.125695 1.0195 5.29709
125 0.377167 0.793188 4.23531
125 -0.724103 0.609922 3.72484
125 0.647911 0.290182 0.688654
125 -1.00734 0.471928 4.36664
125 0.267627 0.654906 -0.508071
125 0.0827998 -0.551651 4.68556
125 -0.818073 -0.459699 -0.0618644
125 0.688065 0.514181 1.39324
125 0.901347 -0.221491 0.836467
125 0.220886 0.0910215 3.92619
125 0.857459 0.0795719 2.17952
125 0.367371 0.975166 4.40062
125 0.0895673 0.0279472 4.99496
125 0.237625 1.09198 1.64743
125 -0.179445 0.114361 0.0843874
125 0.511803 0.504655 4.95413
125 0.0447409 -0.948613 3.72683
125 -0.484894 0.617397 5.14696
125 0.00785118 -0.498998 4.6804
125 0.534107 0.399512 1.81589
125 0.0659614 -0.121951 3.79394
125 0.433044 0.639803 6.45784
125 -0.0200937 0.411124 3.59669
125 0.116808 0.0752764 2.22922
125 -0.383457 0.42923 1.41924
125 -0.260786 -0.917068 5.80645
125 0.65788 -0.509927 4.50314
125 -0.0421021 -0.767634 5.96403
125 -0.150914 0.595839 4.54188
125 0.976947 -0.408057 4.54319
125 0.670379 -0.83293 5.25241
125 -0.60655 0.591846 1.78844
125 0.265379 0.888528 2.88377
125 0.167867 0.186346 1.09426
125 -0.155272 -0.88227 0.515072
125 0.398202 0.290351 4.86423
125 0.802709 0.0764493 -0.396846
125 -0.0510265 -0.212548 3.2954
125 0.356778 -0.778738 2.82581
125 -0.0718102 -0.710749 2.76047
125 0.17233 -0.431583 2.5356
125 -0.969453 -0.192438 -0.303251
125 0.178133 -0.488241 5.30422
125 -0.448527 -0.340174 1.72976
125 -1.11503 -0.0594767 2.92312
125 0.124154 1.03235 3.01761
125 -0.420784 -0.0555156 0.395388
125 0.0621764 -0.323578 5.49034
125 -0.0646138 0.324633 3.32832
125 0.351602 -0.335085 5.08469
125 0.295241 0.331617 0.829116
125 -0.240893 0.522458 -0.0180944
125 -0.823557 0.0786437 6.05046
125 -0.217098 0.734603 -0.4635
125 -0.889987 0.559581 4.12568
125 -1.05655 0.0890466 4.61838
125 0.587678 -0.599486 0.361119
125 0.516969 -0.76637 6.14279
125 0.439316 -0.0923593 2.86215
125 0.698202 -0.736823 3.04682
125 0.185527 0.437514 6.24708
125 0.0086274 -0.122653 3.52287
125 0.229888 0.943848 1.00877
125 0.112267 0.953697 0.0985814
125 -0.0784577 -0.944347 4.87637
125 0.25291 -0.764554 -0.0596143
125 0.245279 0.0457262 0.66367
125 0.545652 -0.397013 1.11418
125 -0.281709 0.825381 2.01235
125 -0.0867021 -0.453531 2.94661
125 0.757572 -0.593281 5.06559
125 0.618591 0.867469 3.2009
125 0.269853 -0.101808 2.7031
125 0.0576606 0.601969 2.51651
125 -0.0163631 0.121215 3.76921
125 0.851645 -0.394991 0.0400883
125 0.0552741 0.717665 5.19501
125 0.134008 -0.572923 4.00208
125 -0.25004 0.582227 2.2716
125 0.259713 -0.053183 1.53702
125 0.678764 -0.0467851 1.77903
125 0.710652 0.711268 2.12223
125 -0.194296 0.55604 2.69782
125 0.299499 -0.144292 4.92692
125 0.20583 -0.857941 4.34641
125 -0.371358 0.117081 2.47762
125 -0.52724 0.339518 6.14329
125 0.694634 -0.350895 4.92952
125 -0.838608 -0.340741 4.69883
125 0.125122 -0.463633 0.203413
125 -0.473448 -0.0643892 3.95199
125 0.565521 -0.875956 0.709461
125 -0.304974 -0.268855 4.0328
125 0.778759 0.732633 3.29189
125 -0.401716 0.52874 2.35935
125 -0.798186 -0.194072 3.70488
125 -0.777265 0.4447 3.10964
125 -0.714552 0.0852724 4.70272
125 -0.0121883 0.295583 0.809918
125 0.388018 -0.369748 1.70681
125 0.340453 0.0895285 3.85672
125 1.07622 -0.105198 5.84731
125 -0.499764 -0.807627 2.2005
125 -0.356113 0.479922 5.08952
125 -0.258052 -0.172438 3.30419
125 0.529996 -0.825413 0.953686
125 0.317509 1.0092 2.19222
125 0.194962 -0.324105 4.98912
125 -0.14126 -0.168631 5.0996
125 -1.04785 0.0221085 -0.0413101
125 0.307825 0.228284 5.45981
125 -0.974889 0.530869 5.60638
125 0.153974 -0.281629 -0.523404
125 -0.826554 0.323449 0.884492
125 -0.591248 0.492632 1.96597
125 -0.314632 -0.949915 2.79155
125 0.063721 -0.222063 2.65805
125 -0.465997 0.778762 2.07714
125 0.051473 -0.39297 3.47444
125 -0.464593 0.511361 0.127308
125 0.601086 -0.816937 4.98978
125 -0.601556 0.859031 4.25861
125 -0.617117 -0.94727 0.963322
125 0.180238 0.992076 5.5132
125 0.865192 0.504587 1.37774
125 0.155398 -0.832575 0.866073
125 0.278733 -0.533835 0.831435
125 -0.503709 0.395866 2.85902
125 0.0782469 -0.665037 1.78046
125 0.118061 -0.0251316 5.43905
125 0.24081 0.343642 3.59851
125 -0.0592994 1.01264 5.78174
125 0.380071 -0.888152 0.579213
125 0.0783048 -1.00674 3.42515
125 -0.128358 0.104102 2.00677
125 -0.353991 -0.76598 0.981606
125 -0.991186 0.0580455 4.1138
125 0.489238 -0.48736 6.61263
125 -0.202658 0.61708 2.13086
125 -0.669485 -0.483649 4.43234
125 -0.462585 -0.191733 5.71791
125 -0.408764 0.801606 4.76261
125 0.455627 -0.153125 1.56693
125 0.381714 -0.664774 -0.147201
125 -0.467678 -0.00976376 1.78314
125 -0.213779 -0.654761 2.31403
125 -0.555809 -0.243936 6.13837
125 -0.60365 -0.799111 1.797
125 -0.687234 -0.587369 0.820946
125 0.172125 -0.0241085 4.46313
125 -0.755895 -0.569612 3.89434
125 0.0841429 0.446337 0.67864
125 1.07888 0.0482972 5.4386
125 0.701741 -0.177976 5.32737
125 0.0649306 0.170326 5.70525
125 -0.0183701 -0.257064 6.19585
125 0.917577 -0.133918 4.67832
125 -0.726703 -0.307857 4.90406
125 0.0334815 0.212318 0.192616
125 -0.12726 -0.709356 5.55917
125 0.633709 0.541596 5.67476
125 -0.213237 -0.873981 4.41411
125 -0.362157 0.637461 1.17232
125 0.608912 0.0334232 3.37194
125 0.40603 0.346431 1.46847
125 -0.138966 -0.462574 0.121418
125 0.0602995 0.0774923 2.40213
125 0.468644 -0.80637 3.21717
125 0.743738 0.48163 0.893693
125 -0.703581 0.547903 0.732636
125 -0.111103 -0.213823 -0.119505
125 0.116664 0.584463 3.05076
125 0.00855067 0.796731 3.86549
125 0.712885 -0.46576 3.14867
125 -0.579434 -0.190681 3.67089
125 0.0048518 0.883279 5.51301
125 -0.657485 0.652334 0.0585992
125 0.532067 -0.0591882 4.12337
125 0.904071 -0.429677 4.77034
125 -0.362825 -0.152741 0.037814
125 0.814377 0.605765 4.74535
125 -0.832043 -0.281982 0.924879
125 0.0963299 -0.832724 1.65055
125 0.592611 -0.361492 4.44934
125 0.584307 -0.0732285 1.16213
125 0.711986 0.0521826 4.76388
125 0.235968 0.546127 1.06855
125 -0.613108 0.927946 6.38962
125 -0.803467 0.384782 0.576102
125 0.0333318 0.323492 1.97399
125 -0.856005 -0.510322 2.53717
125 0.0794518 -0.439144 0.825371
125 -0.342555 -0.891538 2.37839
125 -0.0178975 0.353314 1.31236
125 0.944301 -0.532717 5.76378
125 -0.43677 0.889707 3.21271
125 -0.22403 0.364855 4.5259
125 0.288863 0.955615 5.64206
125 -0.556948 -0.139705 5.684
125 -0.51351 0.28178 1.50701
125 0.441145 -0.859471 5.72242
125 -0.079379 -0.258535 0.6867
125 -0.743465 0.498402 0.27328
125 0.492264 -0.10947 0.181393
125 -0.86358 0.375409 4.4329
125 -0.415538 -0.795698 5.29625
125 0.405332 0.743135 0.345468
125 0.165076 0.27651 2.67906
125 0.58483 -0.297288 6.52
125 -0.477915 0.0947629 1.83849
125 0.962961 0.454073 6.6331
125 0.590662 0.493753 4.22679
125 0.917117 0.180909 4.71976
125 -0.14611 -0.557271 4.444
125 0.0134811 -0.772047 2.30791
125 0.893685 0.338696 1.18219
125 1.08793 0.299863 4.86201
125 0.932274 0.39743 4.41226
125 0.0670024 -0.4963 0.183554
125 -0.418225 0.320804 4.53255
125 -0.617163 -0.873125 0.122527
125 0.468253 -0.266706 0.403758
125 -0.847017 -0.22655 3.39067
125 -0.110064 -1.12362 4.93867
125 0.0539388 0.66264 1.66361
125 0.321441 -0.0851393 5.83702
125 0.70831 0.393808 1.23583
125 0.0126197 -1.00843 5.75485
125 0.209346 -0.725027 0.863005
125 -0.424399 -1.05174 4.61629
125 -0.521106 -0.0961068 4.63045
125 0.0103387 0.073854 5.17063
125 -0.202676 0.791602 2.14982
125 0.801344 0.489805 3.85754
125 0.343807 0.184281 4.82211
125 -0.499909 0.719572 1.77617
125 -0.554751 -0.610081 1.48773
125 0.192934 0.136676 5.20583
125 -0.855037 0.195331 1.8786
125 -0.542215 0.604338 2.60916
125 -0.41457 -0.288947 1.2329
125 -0.50725 0.1824 5.08133
125 -0.0518497 -1.0038 3.9278
125 0.196317 0.506199 3.51056
125 0.25241 -1.03972 2.8028
125 0.0992319 -0.717541 3.53783
125 -0.0490547 -0.303848 3.85962
125 0.426982 0.154111 4.40711
125 0.359214 -1.01706 4.92889
125 0.251434 0.138049 3.55158
125 -0.358109 -0.580713 0.365688
125 0.334125 -0.628907 0.446262
125 0.775873 -0.537489 4.86534
125 -0.195849 0.90717 1.29458
125 -0.913799 0.17217 4.6013
125 -0.466027 -0.758249 2.51832
125 0.26421 -0.251852 4.7307
125 -0.899904 0.238904 5.99572
125 -0.308258 0.0206194 5.57564
125 0.769989 -0.756303 4.36754
125 0.482764 -0.318804 0.88206
125 0.770545 -0.477346 0.548595
125 0.496391 -1.01875 1.6536
125 -0.723873 0.84317 2.27035
125 0.346637 0.731928 1.93273
125 -0.34538 0.24271 2.3341
125 -0.616275 0.151132 0.350089
125 0.124926 -0.40377 3.10849
125 0.903335 -0.606896 5.25307
125 -0.674238 0.401602 5.41593
125 -0.282313 -0.124926 5.56434
125 0.550981 0.34226 3.44241
125 -0.0983523 -0.767943 3.14305
125 0.445088 0.890605 1.889
125 -0.819412 0.749553 6.05274
125 0.824019 0.245586 -0.61731
125 -0.671592 0.254955 3.81066
125 0.932372 0.513391 5.44572
125 0.956061 0.332924 4.5313
125 -0.572086 -0.0691158 2.8857
125 0.845585 0.739198 6.59466
125 -1.01466 -0.278687 3.84463
125 0.220906 0.826563 3.7396
125 1.0261 -0.466786 0.199956
125 -0.901005 0.427541 0.700663
125 -0.264653 0.114599 -0.0410876
125 -0.0325192 -0.658102 1.38925
125 -0.679655 0.71485 3.53614
125 0.516108 -0.00370628 2.1423
125 -1.04366 0.165151 6.13335
125 0.223178 -0.0133536 6.0644
125 -0.703526 -0.432812 5.67344
125 -1.07474 -0.32703 0.456627
125 -0.588524 -0.727348 6.12892
125 0.382366 -0.42513 2.68175
125 -0.221263 0.848016 4.80538
125 -0.527969 0.843005 0.740397
125 -0.788698 -0.517314 0.0587754
125 -0.0260759 -0.551023 0.980758
125 0.127757 -0.778263 0.269338
125 -0.0198482 0.943605 2.57933
125 1.07268 -0.024165 4.47317
125 -0.0416514 0.0640339 0.813992
125 1.00849 -0.202051 4.80329
125 -0.495411 -1.01783 3.15647
125 0.366734 0.241121 5.73107
125 0.395868 0.195931 1.73574
125 -0.815641 0.01347 2.15376
125 -0.782464 -0.814256 3.06336
125 0.558589 -0.237845 6.39661
125 0.327326 -0.447803 5.61837
125 -0.0922765 -1.05947 1.39808
125 0.0992079 -0.286056 3.22892
125 -0.672167 -0.648427 3.99954
125 0.855175 -0.653542 5.64029
125 0.0708102 0.994456 4.1923
125 -0.606931 -0.652664 2.38457
125 -0.944375 0.586738 1.82617
125 1.02827 0.32497 2.87256
125 -0.193488 0.0230889 2.4724
125 -0.391738 -0.338633 4.89914
125 -0.450406 -0.8439 0.929834
125 -0.199606 -0.267476 3.31375
125 -1.0392 -0.161932 3.96907
125 0.607886 0.247516 3.93976
125 -0.111715 -0.510964 2.13398
125 -0.926032 -0.0266372 5.87035
125 0.413599 0.514685 5.09713
125 -0.0367782 -0.355334 5.02599
125 0.384446 0.913994 6.3597
125 -0.377132 0.582867 5.49911
125 -0.172803 0.504224 0.233484
125 0.446468 0.823818 4.31013
125 0.230253 -0.510365 5.39539
125 -0.265957 0.171338 3.54119
125 0.375953 0.627946 5.24801
125 -0.740347 0.395134 1.01428
125 0.562478 0.537765 1.53887
125 -0.741014 -0.206331 1.61692
125 -0.205322 -0.56227 1.68436
125 -0.664946 0.123337 2.38309
125 -0.357473 1.05312 4.34578
125 0.712249 -0.642623 2.57139
125 -0.365846 0.00126064 6.38309
125 0.527845 0.166747 4.01399
125 0.870279 -0.330069 2.65979
125 0.836161 -0.0486344 2.09227
125 -0.302112 -0.726552 5.77413
125 -0.90788 0.643591 3.67752
125 -0.712052 -0.255721 5.02737
125 -0.317861 0.287353 6.36178
125 -0.895323 -0.276561 0.126458
125 -0.070488 -0.825328 2.32076
125 0.880816 -0.717997 1.93343
125 -0.252584 0.949775 5.10809
125 -0.0578019 0.213847 1.41994
125 -0.564991 0.173287 1.12549
125 -0.44502 0.204139 2.72432
125 0.418454 0.102753 0.469868
125 0.306655 0.544643 5.8923
125 0.215568 -0.913553 1.30175
125 1.00942 -0.528344 3.41154
125 0.881174 -0.552332 1.41384
125 0.169689 -0.22894 0.961377
125 -0.41615 0.00135274 4.25383
125 -0.312512 -0.806699 3.3543
125 -0.388447 0.274002 5.9604
125 -0.954438 -0.323618 6.04649
125 -0.453401 -0.113502 2.61885
125 0.426279 0.245251 4.81675
125 0.294977 -0.354495 4.55397
125 0.327289 -0.504954 4.04137
125 -0.554583 -0.674268 3.45034
125 -1.11283 0.00449685 0.943674
125 -0.601899 -0.494864 4.25129
125 0.221998 0.285935 0.974551
125 -0.169015 -0.12344 5.44324
125 0.0343929 0.498411 2.94581
125 0.143838 -0.668574 4.73816
125 -0.460053 -0.693575 2.71491
125 0.169245 -0.950127 4.94849
125 -0.158921 0.225725 3.5484
125 0.0948709 -0.0749338 0.0836741
125 -0.489041 -0.597547 3.71867
125 -0.034843 0.835041 6.40519
125 -0.1848 -0.704643 1.72238
125 -0.522324 -0.0385317 1.06791
125 0.970175 -0.595079 2.09193
125 0.18036 -0.546484 6.30887
125 0.132507 0.370187 3.74384
125 -0.29875 -1.08836 2.41974
125 0.312178 -0.0320252 5.07126
125 0.378087 -0.725946 4.18589
125 -0.57533 0.111746 3.18467
125 0.327739 -0.692325 0.316735
125 0.381669 0.463917 2.27216
125 0.745176 -0.69254 4.40854
125 -0.224177 -0.510013 3.26157
125 0.280157 0.439655 5.74408
125 0.328004 0.277275 1.6826
125 -0.623579 0.381738 3.2709
125 0.115903 0.180687 2.651
125 0.231212 0.462967 3.73157
125 -0.769452 0.051557 4.10905
125 -0.0493954 -1.13172 0.24382
125 -0.219677 0.419122 5.1581
125 -0.99387 -0.524229 0.838352
125 -0.130646 0.902269 5.12634
125 -0.291795 0.549027 5.51221
125 -0.75349 -0.688382 0.692122
125 -0.784761 0.622578 1.11321
125 0.371384 0.134644 1.10731
125 -0.321977 -0.031501 4.82607
125 0.534019 0.103472 2.03137
125 -0.0832504 -0.557607 5.45544
125 -0.848578 0.627013 0.286206
125 0.545596 -0.117966 4.66982
125 0.0606308 -0.603685 2.76546
125 -0.672318 0.498887 4.14655
125 -0.100839 0.85192 1.70559
125 0.553392 0.972737 0.972678
125 0.266214 -0.944884 3.73978
125 0.193794 0.0326868 2.97832
125 0.340231 -0.184943 2.04992
125 0.868699 0.138049 2.86774
125 -0.590672 0.33351 2.82436
125 0.0671911 0.774317 6.46962
125 0.0828202 -0.889248 4.07992
125 -0.0213071 0.522487 3.9615
125 0.185724 -1.05184 1.67615
125 0.902677 0.0480342 3.84931
125 -0.435371 0.957441 1.55959
125 0.318377 -0.245867 3.8165
125 0.28731 0.715721 2.69594
125 0.538976 0.457519 4.73562
125 0.00521472 0.620592 5.26507
125 -0.184388 -0.439359 4.04836
125 0.749574 0.0969207 2.29761
125 -0.342631 0.804393 2.15041
125 0.742009 0.154299 5.05843
125 -0.710064 -0.1054 3.59621
125 0.36892 -0.230673 0.742999
125 0.488164 -0.667812 3.04971
125 -0.0916173 0.586209 1.95002
125 -0.286785 -0.441996 4.34772
125 -0.867416 0.131791 2.2039
125 0.82084 0.673362 0.509492
125 -0.573923 0.0502536 0.546288
125 -0.0588327 0.269868 4.9919
125 0.359406 0.574015 2.75952
125 -0.561714 0.726488 5.77357
125 -1.04763 -0.0423696 5.65118
125 0.921188 0.113698 0.222063
125 -0.748987 0.730047 1.3027
125 0.957008 -0.328527 6.36236
125 1.01489 -0.296705 4.69354
125 -0.226757 -0.222764 3.52869
125 -0.149478 1.1062 4.2917
125 -0.670346 -0.0108807 4.99402
125 0.231864 -0.625838 5.58363
125 0.609405 -0.714521 1.59336
125 -0.933581 0.0374599 2.29056
125 0.37967 -0.480409 1.36996
125 0.306264 -0.742857 2.23731
125 -0.0960797 1.07508 0.925432
125 -0.268775 0.271936 4.54721
125 0.176121 -0.611706 1.70494
125 -1.10187 -0.191843 0.678029
125 -0.891195 -0.569067 3.45642
125 -0.659185 -0.0703882 0.908274
125 0.71316 -0.410144 -0.187371
125 -0.490915 0.918472 5.79932
125 0.645605 -0.768678 0.643821
125 -0.401755 0.0561911 5.79774
125 -0.246255 -0.709757 1.45859
125 -0.534889 0.444546 1.31153
125 0.201041 0.881359 5.85586
125 -0.104394 0.74401 0.361679
125 -0.294388 -0.386793 2.61231
125 0.431395 -0.694604 3.6931
125 -0.407593 -0.736442 4.30258
125 0.725282 0.777683 5.33846
125 -0.495229 -0.239675 2.17167
125 -0.613091 0.697139 2.93054
125 -0.777137 -0.256206 0.566183
125 -0.143843 0.959653 4.05773
125 -0.501512 -0.652558 -0.0256139
125 -0.449548 -0.444814 3.19188
125 -0.044104 0.761661 6.29973
125 -1.05901 0.344326 2.5318
125 -0.263505 -0.553248 5.03412
125 -0.676642 -0.905308 1.44302
125 -0.818557 -0.68824 2.25265
125 -0.0107492 0.239953 2.33316
125 0.00615338 -0.303507 1.86116
125 1.00805 0.502953 3.19563
125 -0.592986 -0.286985 2.85661
125 -0.402586 0.680314 1.76923
125 0.653768 0.679634 5.8802
125 0.739269 -0.0630022 3.3095
125 -0.649811 0.193209 4.04858
125 0.832324 0.0186654 -0.181638
125 -0.29744 0.493112 2.80439
125 -0.314994 0.15153 1.32417
125 -0.954414 -0.456732 3.87207
125 -0.870423 0.498605 3.75648
125 1.11814 0.173563 2.8609
125 0.198378 -1.11359 5.21283
125 -0.808656 0.501381 0.611106
125 -0.327307 -0.653264 1.43048
125 0.60102 -0.481065 1.42354
125 -1.03536 0.408515 0.870692
125 0.484446 -0.60828 0.251957
125 0.955147 0.0212345 0.958579
125 0.973307 0.563787 3.13805
125 -0.260175 0.7742 4.16723
125 0.842459 0.186644 5.762
125 0.693839 0.112874 3.90494
125 0.0425864 -1.06558 1.16252
125 -0.603648 0.220933 2.18193
125 0.0390119 -0.0744443 1.71151
125 0.812239 -0.303474 5.3609
125 0.141391 0.13094 3.35379
125 -0.464767 -0.543885 3.55828
125 0.149105 -0.0738637 2.14936
125 -0.546786 -0.771132 4.44107
125 -0.104201 -0.306152 4.5018
125 0.283716 -0.59153 4.10052
125 0.659982 0.224137 5.30149
125 -0.219847 0.143364 1.79532
125 -0.285057 -0.497103 2.7782
125 -0.812996 -0.055684 0.342449
125 1.07937 -0.344156 5.25007
125 -0.404596 -0.880184 -0.865422
125 -0.207141 -0.327345 1.5548
125 0.575257 -0.762333 3.28565
125 0.449228 0.382859 5.46186
125 -0.221316 0.0775415 5.42275
125 -0.365826 -0.831545 0.446415
125 0.208572 -0.26977 6.78801
125 -0.461955 0.15012 2.30776
125 -0.766438 -0.0162323 3.88082
125 -0.975332 -0.395011 4.20667
125 0.0418656 -0.828717 4.91112
125 1.02106 0.0409628 3.21672
125 -0.828234 0.564227 5.84041
125 -0.561508 0.384365 0.427383
125 -0.405562 0.158424 5.08603
125 0.720844 0.212497 4.00688
125 0.273528 0.284662 4.14767
125 0.720479 -0.797612 0.558947
125 0.642224 0.472972 1.96806
125 0.759244 -0.193594 3.309
125 0.49391 -0.373803 3.24699
125 0.696102 0.571409 4.47407
125 -0.435975 -0.989972 0.991737
125 0.665635 0.0149684 2.13516
125 -0.187354 -0.0743839 2.85339
125 0.857165 -0.264263 5.44004
125 0.286428 -0.201058 6.37606
125 -0.0892259 -0.655493 5.6761
125 0.456426 0.765752 1.69613
125 0.333048 -0.393343 5.78617
125 0.33652 0.427545 1.28302
125 -0.549637 0.900086 3.52581
125 -0.502092 0.556851 2.09869
125 -0.395541 0.21802 5.289
125 1.13309 0.0130203 1.53142
125 -0.6425 -0.540569 4.95275
125 -0.925051 0.361207 2.11982
125 0.558414 0.763232 1.8541
125 0.102675 0.641748 4.05321
125 -0.291253 -0.866116 0.287537
125 -0.13235 0.540463 4.64006
125 0.803606 0.136303 2.69739
125 -0.514757 -0.720747 5.70588
125 0.070088 -0.769969 5.96479
125 -0.140121 -0.259382 0.619003
125 -0.422824 -0.158944 1.05095
125 0.137244 -1.12803 1.00134
125 0.320889 0.481467 5.19383
125 0.0162789 -0.355143 1.73891
125 -0.486868 -0.491785 2.5263
125 -0.364056 -1.00304 4.24652
125 -0.059074 0.894534 3.16184
125 -0.425801 -0.393549 1.99663
125 0.811737 -0.70675 1.10498
125 0.274178 -0.875477 6.35539
125 0.262389 -1.10824 4.96597
125 0.749849 -0.360004 2.68919
125 -0.926718 -0.516971 6.05045
125 -0.631386 -0.442281 0.692038
125 1.05898 -0.412477 0.361524
125 -0.767588 0.110178 1.39469
125 -0.171947 -0.506344 0.278018
125 0.376229 -1.07792 2.09388
125 -0.360571 -1.07124 0.778469
125 -0.964303 0.422364 2.50749
125 0.0906157 -0.176792 0.436969
125 -0.76006 0.176239 2.19847
125 -0.0088045 -0.40631 6.57279
125 -0.523289 -0.192623 5.40698
125 0.557852 0.905005 5.5933
125 -0.075372 -0.077843 5.70452
125 0.0434214 0.935236 1.76138
125 0.432175 0.961524 2.41272
125 0.187553 0.328879 5.4682
125 0.0805825 0.390122 0.578282
125 -0.159142 -1.05815 5.30438
125 0.431191 -0.632378 2.15236
125 0.885761 0.231638 2.52657
125 0.768669 0.0302873 2.27116
125 0.333747 0.84441 1.81632
125 0.281947 0.182179 1.03167
125 0.0537965 1.0548 3.20368
125 -0.1491 -0.655057 4.66514
125 0.477947 -0.72846 3.59795
125 0.218835 -0.988913 6.0915
125 -0.458134 0.0459957 4.33588
125 -0.276622 -0.224838 5.59852
125 0.88402 -0.0100442 4.38387
125 0.0104682 -0.215184 4.56298
125 0.940697 -0.0365012 2.20523
125 0.451499 0.313838 2.53736
125 0.928854 -0.663784 4.00254
125 0.552978 0.0445992 6.13894
125 0.227431 -0.453793 3.61057
125 0.451379 0.69809 4.4963
125 0.368428 1.05412 5.41018
125 0.419755 -0.0406736 2.48422
125 -0.760837 0.337326 2.74114
125 0.113552 -1.06455 1.99332
125 -0.0156834 1.05991 1.9232
125 0.609284 -0.232735 5.31772
125 -1.04286 -0.102254 2.11195
125 -0.0544982 -0.504103 3.28035
125 0.508313 0.800795 5.77458
125 -0.644961 -0.702222 1.73383
125 -1.05002 -0.400026 3.79648
125 0.784484 -0.825543 2.58364
125 0.192737 0.772547 -0.0685467
125 0.680186 0.168269 1.72315
125 -0.558209 -0.983767 5.11798
125 0.416649 0.577463 5.80987
125 -0.850074 -0.404649 2.785
125 -0.169685 0.335894 3.85343
125 -0.203397 0.193997 4.49799
125 -0.767321 0.557227 3.41543
125 0.173179 0.721925 3.75042
125 0.516606 0.568282 6.06926
125 -0.806857 -0.128233 0.959038
125 0.456704 -0.205944 5.55972
125 0.268388 0.502493 1.87022
125 -0.00179411 0.677808 1.80328
125 0.244665 -0.819824 2.81255
125 -0.360345 0.322987 2.99025
125 0.353871 0.322787 2.77062
125 -0.530223 0.66667 0.647328
125 1.02333 0.108698 1.83388
125 0.22057 -0.402135 6.13559
125 -0.174218 -1.12028 3.05661
125 -0.716334 -0.78919 6.81001
125 0.0339859 0.436324 4.66596
125 1.06639 -0.172152 0.256444
125 -0.140449 -0.941186 1.93613
125 -0.314527 0.93371 4.3365
125 1.00232 -0.138209 2.29899
125 -0.496574 -0.145571 2.00878
125 -0.972855 0.175525 1.0097
125 0.608743 0.723818 2.06716
125 -1.09455 0.213165 4.21311
125 0.0189518 0.557924 0.251587
125 -0.913635 -0.149643 2.68867
125 0.381995 -0.598372 5.48515
125 0.637186 0.349477 0.818498
125 -0.543641 -0.498745 5.01677
125 -0.378807 -0.627703 3.62983
125 -0.641902 0.451487 0.939892
125 0.887874 -0.486955 2.56262
125 0.486912 0.429666 2.24371
125 0.260655 -0.69943 4.57812
125 -0.618101 -0.237027 0.870189
125 -0.0369448 -0.887198 4.71433
125 -0.717007 -0.0461001 6.50384
125 0.38973 0.684743 2.36912
125 0.3181 0.617843 2.26981
125 0.404227 -0.134011 3.38611
125 0.136756 0.881374 2.75712
125 0.739709 0.844835 3.48488
125 0.681325 0.892213 1.55148
125 0.592941 0.306754 3.37559
125 0.481122 0.148875 1.23559
125 -0.265759 -0.770164 4.34183
125 -0.601963 -0.387239 3.17255
125 0.751281 -0.30019 2.39991
125 0.303985 -0.806755 5.33282
125 -0.780788 0.282592 5.11727
125 -0.131729 0.0187128 0.442834
125 0.28063 0.0934609 6.29645
125 -0.091348 -0.358108 0.954017
125 0.100799 0.825622 4.0966
125 0.499596 0.0495308 4.36105
125 0.562961 0.835151 5.63317
125 -0.567315 -0.00705772 0.182466
125 0.824482 0.435058 2.39344
125 0.857004 0.296775 4.68163
125 1.10169 0.234092 0.612813
125 0.286957 0.385607 2.91838
125 -0.479653 0.456914 4.96098
125 0.184925 0.380954 1.10927
125 -0.217499 0.678761 3.64912
125 1.0362 0.18042 0.27493
125 -0.752332 -0.147973 5.107
125 -0.587117 0.646663 5.39814
125 0.167185 0.934838 2.78479
125 -0.664886 0.593959 2.60312
125 -0.10858 0.253335 6.25907
125 -0.652165 -0.76305 4.47796
125 -0.0165484 -0.947154 1.3329
125 0.540988 -0.512302 3.2983
125 1.04926 -0.246058 2.18285
125 -0.310422 0.347926 4.31066
125 -0.348338 -0.301181 0.739359
125 -0.243817 -0.608025 5.16615
125 -0.28944 -0.322214 4.7692
125 -0.386241 -0.199206 3.89081
125 -0.622019 0.273997 1.31169
125 -0.625186 -0.334511 5.49348
125 -0.16003 -0.0257664 0.231902
125 -0.765586 -0.43113 3.47509
125 0.789804 -0.643116 2.76135
125 -0.247985 -0.825374 2.35899
125 -0.247902 -0.354364 -0.320175
125 0.511617 -0.165547 1.88594
125 0.300149 1.07203 0.184044
125 -1.01343 -0.3435 2.5163
125 -0.912196 -0.395028 4.83991
125 0.723508 -0.242048 0.71479
125 0.640261 -0.277155 3.13075
125 -0.567428 0.283653 5.15417
125 0.739561 0.309443 3.92717
125 -0.163316 0.0630524 3.83915
125 0.0748063 -1.12727 4.76342
125 -0.153446 -0.764705 -0.135765
125 0.277563 -0.471495 1.54144
125 0.136902 0.531757 6.38054
125 1.03835 0.242328 1.7819
125 0.181495 0.563346 -0.24864
125 -0.105778 0.150426 5.07575
125 -0.923299 -0.642542 6.21311
125 -0.268658 0.446861 0.204718
125 -0.0210976 -0.169195 0.522877
125 0.492381 -0.431643 0.784217
125 -0.0260582 -1.06614 2.11408
125 0.618405 0.936447 3.09361
125 -0.988139 0.357937 4.90906
125 0.0457776 -0.268261 4.84846
125 -1.02504 0.229146 1.22424
125 -0.0515206 -0.605142 4.62139
125 0.757871 0.668338 5.19369
125 0.0948214 1.10319 0.0884686
125 0.33536 -0.851861 3.14386
125 -0.423897 0.621828 2.20948
125 -0.249678 -0.284057 0.862386
125 -0.980714 -0.0689174 4.10176
125 -0.237095 -1.10678 1.12942
125 -0.381589 -0.943938 5.44907
125 0.142281 0.0240782 1.89113
125 -0.183181 1.04215 1.67567
125 0.715524 -0.525749 2.25719
125 -0.771097 0.797183 5.45075
125 -0.373271 -0.25354 2.64611
125 0.132346 0.316917 2.17808
125 -0.0694778 0.379002 4.85746
125 0.223675 0.608563 2.92835
125 0.320623 -0.917997 3.55323
125 -0.0525249 0.699763 5.50301
125 -0.114267 0.307626 4.93202
125 0.437207 -0.347488 5.90727
125 1.03641 0.439941 1.77292
125 0.679613 -0.916586 0.497843
125 0.0817437 0.334756 5.3993
125 -0.550368 0.967146 3.87842
125 0.136324 0.234526 4.56693
125 -0.0643214 0.481864 0.543905
125 0.0126897 -1.13144 3.37108
125 0.252708 0.233536 2.90934
125 0.478434 -0.0522312 5.36906
125 0.556575 0.692476 4.6518
125 0.818914 0.547677 -0.0837878
125 0.312847 -1.07456 1.94645
125 -0.490652 0.995615 1.24266
125 -0.161695 0.846254 1.40181
125 0.0829115 0.228264 4.23113
125 -0.602907 -0.112194 0.711576
125 0.191363 -0.172927 2.51856
125 0.219619 -0.118869 1.81344
125 -0.015987 0.0173659 0.934733
125 -0.224858 -0.123689 2.4457
125 0.324818 0.90598 5.98123
125 0.784702 -0.0253445 -0.607968
125 0.805184 -0.155918 0.670495
125 -0.397589 0.371262 0.473323
125 -0.276012 0.390387 1.07479
125 -0.896991 -0.337297 2.19526
125 -0.525402 0.77987 3.01613
125 -0.109151 0.691043 3.48061
125 -0.489375 0.233986 6.06251
125 -0.556504 -0.842069 1.27217
125 0.64994 0.408657 4.24091
125 0.0910695 0.49652 4.39789
125 -0.727698 -0.859474 3.89371
125 -0.110014 0.201263 3.32642
125 -0.616675 -0.0372202 2.95211
125 0.49734 -0.882334 4.43844
125 0.828258 -0.211536 2.18803
125 -0.426456 1.02762 5.36467
125 0.829838 -0.450502 4.48264
125 0.241354 -0.356876 1.702
125 0.799054 0.307033 0.915643
125 0.275548 0.00260837 3.96915
125 0.665101 -0.688038 5.46824
125 -0.918471 -0.0894324 0.317577
125 0.784573 -0.249018 5.19754
125 -0.224161 1.09213 3.08405
125 -0.740849 0.242272 3.37418
125 -0.201782 -0.937427 3.26078
125 1.01479 -0.360684 1.40813
125 0.248952 1.01442 2.67454
125 0.0237776 -0.655522 5.26308
125 0.763165 0.253271 0.577073
125 -0.514218 -0.443122 0.653996
125 -0.368499 -0.0563379 3.7351
125 0.67311 0.824677 5.77535
125 0.628032 -0.181574 3.43354
125 0.15818 1.10454 -0.0130191
125 0.568421 0.206458 1.34067
125 0.065695 -0.0241377 3.10643
125 -0.707021 -0.531205 2.94825
125 0.551206 0.264604 6.26616
125 -1.0091 0.293477 3.89996
125 -0.35123 0.0557373 2.38493
125 0.346107 0.0190915 2.67901
125 -0.867331 -0.0375788 3.79327
125 0.0297594 -0.547845 2.71158
125 -0.620851 0.0223194 3.50529
125 -0.209794 0.252827 1.9121
125 -0.103463 -0.0294976 2.61604
125 -0.385102 0.855442 0.731053
125 0.890354 0.566261 3.31421
125 0.892744 -0.0765785 1.12201
125 -0.664075 -0.83047 3.72975
125 0.501613 0.665901 1.27672
125 0.646674 0.607954 2.77817
125 -0.73148 -0.37322 4.10396
125 -0.522204 0.129781 5.2298
125 0.506718 0.730478 4.39897
125 0.922459 0.274492 1.38839
125 0.591096 0.0875815 5.67668
125 0.766596 0.423505 4.94301
125 0.200294 -0.669226 3.43451
125 -0.30151 -1.02088 4.33888
125 -0.526334 0.0715837 3.47391
125 -1.08783 -0.258114 5.12281
125 -0.170896 -0.215046 2.04329
125 -0.41755 0.475973 3.4033
125 -0.564681 -0.338566 5.49434
125 -0.215922 0.306213 2.23486
125 -0.0452487 -0.0319989 2.85254
125 -0.764812 -0.0840877 2.52233
125 -0.987024 -0.00722051 2.08894
125 0.560533 -0.995602 4.90918
125 0.277738 0.828394 5.40116
125 0.961097 -0.0921179 5.20585
125 -0.906168 -0.211419 -0.033429
125 -0.658647 -0.283003 2.32505
125 0.366382 -0.956028 0.207234
125 0.543763 0.622834 4.98271
125 -0.30984 0.997729 0.442506
125 0.968195 0.0822082 5.11818
125 0.61776 -0.95085 2.68185
125 -0.248967 1.02187 5.53276
125 -0.976255 -0.130927 2.55463
125 0.362792 -0.285641 1.31181
125 -0.0712873 0.0144323 5.1137
125 -0.0697675 0.10818 3.07903
125 -0.00399734 0.179068 3.48979
125 -0.0863788 0.799463 3.54437
125 0.477082 0.0984269 4.26577
125 0.590983 0.58769 1.85729
125 0.28137 -0.65052 1.96007
125 0.15394 -0.7257 1.41013
125 1.13289 0.0899227 4.75651
125 0.440107 -0.402082 3.35415
125 0.0327623 0.130932 1.94237
125 0.190182 1.05157 3.66513
125 -0.855108 -0.164305 5.43966
125 1.06755 0.375555 5.53626
125 -0.720198 0.0206012 1.65823
125 0.146931 0.478326 3.28324
125 -0.0509996 1.11702 0.859238
125 0.493414 0.356108 0.612765
125 -0.322047 0.100321 3.70559
125 -0.375769 0.919978 3.3917
125 -0.301745 -0.600877 2.55739
125 -0.629871 0.756697 2.33352
125 -0.0987198 0.0598403 3.88199
125 -0.37294 0.985889 2.68594
125 0.655748 -0.451211 5.85886
125 0.635278 0.127074 4.8384
125 -0.628655 -0.172761 2.46169
125 -0.0816312 0.955288 3.61907
125 0.14057 -0.182098 4.10709
125 0.51202 0.221561 1.4967
125 0.24795 -0.163945 2.33032
125 1.00658 -0.020327 1.96432
125 0.600198 -0.421628 5.35766
125 0.327864 0.673681 5.42928
125 -0.723855 0.669427 5.19404
125 -0.0724168 0.431453 0.398081
125 0.392406 0.851626 4.6923
125 0.488169 -0.950581 2.55844
125 -0.434112 0.729913 4.66825
125 -0.703605 -0.719245 4.99336
