620 0.394939 -0.101564 4.8886
620 0.54464 -0.571793 1.52674
620 -0.768198 -0.325748 2.1735
620 -0.308681 -0.164696 2.38788
620 -0.66333 0.892998 2.34698
620 0.119157 -0.121955 1.91095
620 0.82642 -0.596814 1.61543
620 0.321219 -0.565394 2.29525
620 -0.160601 0.287659 0.282192
620 -1.02806 -0.227788 1.33671
620 -0.214565 -0.759429 4.30811
620 0.0889805 0.117621 -0.702863
620 -0.874449 0.069972 4.0786
620 0.239729 0.745229 0.428673
620 0.702473 0.331349 4.03707
620 -0.10583 -0.885791 1.82639
620 -0.265468 -0.0188349 0.936824
620 -0.432683 0.262009 2.10938
620 -0.135264 0.48994 4.22466
620 1.12604 -0.142983 3.43641
620 0.175718 0.0754379 -0.0645567
620 -0.529305 -0.295325 7.60516
620 0.397762 -0.202589 5.25317
620 -0.598693 0.418805 3.98658
620 0.765768 0.371506 6.11532
620 -0.238395 0.479735 3.12134
620 0.39892 -0.00227846 -1.07734
620 -0.324627 -0.449132 0.253914
620 -0.330217 0.441713 2.26463
620 0.455955 0.26407 3.49127
620 -0.0548236 -0.410746 3.46367
620 -0.879832 -0.701623 4.8802
620 0.0328924 -0.17125 6.51844
620 -0.0522085 -0.124589 3.66788
620 -0.195154 -0.169916 6.41336
620 0.136803 -1.00966 5.56016
620 0.526874 -0.276207 3.09799
620 -0.656917 0.823377 0.373214
620 0.426895 -1.05314 4.38201
620 -0.667414 0.0472464 6.03789
620 -0.258039 0.0793427 1.89681
620 0.996161 0.374355 6.43481
620 0.579103 -0.17605 3.46081
620 -0.562546 0.545522 5.572
620 -0.198835 -0.360263 5.68047
620 -0.0266776 0.459344 0.861757
620 -0.363117 -0.696503 4.00286
620 -0.456435 -0.637613 5.8296
620 0.823286 0.373143 3.14468
620 -0.24076 0.205117 5.63669
620 0.0433233 0.826597 1.98009
620 0.173676 -0.117908 5.23257
620 0.20075 -0.785869 3.4807
620 -0.140057 0.178777 7.26932
620 -0.732147 -0.492159 1.45869
620 0.200901 -0.571831 2.66388
620 0.315008 0.141598 2.92689
620 0.237011 0.416855 5.7935
620 -1.10594 0.145569 2.24475
620 -0.185172 -0.993117 5.98177
620 0.111548 -0.621972 0.321811
620 0.988 0.208898 5.47622
620 -0.595914 0.79468 5.20236
620 0.891525 0.686861 3.97941
620 0.4577 0.000726849 0.724081
620 -0.434572 -0.253034 4.78275
620 0.145732 -0.365666 4.2609
620 0.544303 -0.637127 4.34733
620 -0.543079 0.222084 3.71375
620 0.694714 0.644061 0.54049
620 -0.290076 0.230684 0.926698
620 -0.959047 -0.58657 3.74661
620 -1.07886 0.283515 6.22739
620 -0.671241 -0.374984 2.7364
620 0.651593 -0.0846847 4.70202
620 -0.00266846 -0.615567 -0.106502
620 -0.87821 0.0100685 0.172549
620 -0.108082 0.645093 4.08011
620 -0.501071 -0.94919 3.32312
620 0.492109 -0.542488 2.89681
620 -0.576191 -0.433818 0.891614
620 -0.182922 0.455923 2.21779
620 -0.984046 0.128121 2.62185
620 -0.0135407 -0.834478 6.01096
620 0.285069 -0.306029 0.986684
620 -0.230728 -0.405468 2.19062
620 0.684826 -0.284449 5.2427
620 0.139322 -0.892638 3.1369
620 -0.334051 -0.114415 1.61136
620 -0.790069 -0.38974 0.578181
620 0.406074 -0.300779 4.06267
620 1.13256 -0.0694013 1.17154
620 0.644881 -0.562067 2.23739
620 0.762793 0.549056 2.3785
620 -0.169445 -0.313258 3.67202
620 -0.167915 0.746234 1.32989
620 0.639056 -0.325462 1.58586
620 0.515953 -0.211796 3.8101
620 0.435561 0.444221 4.87347
620 0.270198 0.568938 4.3496
620 1.09909 -0.283618 1.54687
620 -0.358198 -0.494688 2.88881
620 -0.42435 -0.587771 1.50191
620 -0.872766 -0.105786 3.72665
620 -0.0303642 -0.462352 6.71325
620 0.549454 -0.450353 3.86525
620 -0.0204152 -0.0779114 0.229891
620 -0.604632 -0.58478 -1.05199
620 -0.831316 0.435832 3.05273
620 -0.504439 -0.34551 3.56013
620 -0.128417 0.434191 3.72697
620 0.0328625 0.387148 4.14298
620 0.443148 -0.454385 4.69323
620 0.201793 0.647589 -0.487115
620 -0.343655 0.704247 4.88934
620 -0.308672 0.653326 4.12962
620 -0.662454 -0.129828 4.41892
620 -0.944858 0.307937 6.90265
620 -0.0541972 0.631818 0.959058
620 0.791636 0.798429 1.18079
620 0.458348 0.200221 0.785946
620 0.931384 -0.359655 2.14157
620 -0.842029 0.260112 3.47043
620 0.0137859 1.11442 4.46275
620 -0.348787 0.537703 4.55274
620 0.441424 -0.513382 5.96848
620 -0.697939 0.44307 3.16264
620 0.86793 0.620714 2.026
620 -0.119379 -0.610108 2.1849
620 -0.112096 -0.409146 0.0075532
620 0.503651 0.865985 2.43344
620 -0.174967 0.398677 0.650484
620 0.938847 -0.176149 7.10308
620 0.389607 -0.809901 1.88829
620 -0.475068 -0.393806 5.80545
620 0.429248 0.0476292 1.65769
620 0.0391562 0.0166069 0.664615
620 0.343493 0.373381 4.76625
620 0.0473943 0.27783 4.16082
620 0.372456 0.0457702 4.18444
620 0.165112 0.825638 1.17917
620 -0.703044 0.773721 5.06106
620 0.0155101 -0.892202 7.55949
620 0.687891 -0.129296 2.12154
620 0.306569 -0.973521 0.279973
620 -0.929909 0.489306 0.86564
620 -0.797966 0.21692 0.108237
620 0.130408 0.724633 4.06508
620 0.0504855 -0.725725 4.89678
620 0.956854 0.159511 2.82582
620 -1.11369 0.0744007 2.15807
620 -0.238147 0.0301821 3.55078
620 -0.960173 0.247238 3.60694
620 0.613168 -0.883805 2.84928
620 0.640352 0.0795764 7.11945
620 -0.42207 -0.687974 1.13381
620 0.282286 -0.409525 2.5138
620 -0.343091 0.389448 4.28204
620 -0.202264 -0.454802 0.607904
620 0.08951 -0.365865 6.40344
620 -0.178353 -0.606615 0.468515
620 0.014551 0.998639 5.87916
620 0.385051 -0.534987 2.12593
620 0.756334 -0.1355 7.07074
620 -0.381115 0.753761 0.561603
620 0.229449 -0.312789 2.93426
620 -0.120528 -1.00339 2.68038
620 0.116789 -0.219453 1.19412
620 0.870791 -0.180878 3.49782
620 1.1134 -0.216828 4.35036
620 0.436236 -0.916274 2.13341
620 0.915788 0.454649 5.29087
620 -0.615216 0.076319 0.713076
620 -0.540966 -0.389376 3.5267
620 0.958728 -0.483688 2.01737
620 -0.185728 0.978347 1.80238
620 0.696244 0.449961 4.61001
620 1.07129 0.106204 5.79404
620 -0.707419 0.143295 5.44904
620 -0.340492 0.192128 3.99405
620 -0.699059 -0.319458 0.657431
620 -0.24429 -0.0698845 3.74349
620 -0.254639 0.663281 -0.166072
620 0.102078 -0.950602 1.00945
620 0.717398 0.00714029 -0.316006
620 -0.721469 0.303085 1.21889
620 -0.561135 -0.914399 4.82335
620 0.728092 -0.873575 3.32821
620 0.11808 -0.316197 1.6808
620 0.228358 -0.211598 4.90628
620 0.842072 -0.103808 5.40849
620 -0.283247 0.714416 1.47302
620 0.595319 -0.537186 5.18516
620 -0.140044 -0.360834 2.01931
620 -0.138069 0.800687 4.58262
620 -0.0459678 0.572114 3.83774
620 0.659745 0.749755 4.7912
620 -0.83563 -0.755031 0.889127
620 0.501461 0.930236 5.21239
620 -0.469651 -0.29827 4.85309
620 -0.260519 0.326929 6.86328
620 0.155531 0.612485 2.61865
620 -0.768516 -0.738861 5.28799
620 0.499959 0.300188 5.12079
620 0.812832 -0.376828 2.03105
620 -0.621 0.528871 5.6728
620 -0.852621 -0.634664 2.91725
620 -0.463803 0.676794 4.56029
620 0.834507 -0.494259 5.54199
620 -0.521644 -0.544157 -0.151024
620 0.646614 -0.385441 2.48768
620 0.142823 0.669113 7.34519
620 0.249776 0.685025 2.1078
620 0.388797 0.410059 0.216571
620 0.5985 -0.667397 2.86986
620 0.770042 0.200901 2.01965
620 0.983519 0.274874 2.36751
620 0.477091 0.607094 3.19628
620 -0.326624 -0.543298 -0.220018
620 0.284044 0.787402 4.25104
620 0.00875449 -0.0307316 4.55883
620 -0.884955 0.306844 3.99384
620 0.483037 0.481592 1.64076
620 -0.0316943 0.15337 0.281492
620 -0.661678 -0.199596 3.10794
620 -0.391845 -0.109537 4.3967
620 -0.520863 0.012862 -1.33576
620 -0.230564 -1.04388 3.47677
620 0.500126 0.999978 4.6417
620 -0.956303 -0.253809 2.76335
620 0.417167 -0.74617 0.287261
620 -0.826984 -0.566577 -0.0157979
620 -0.891535 -0.450198 7.26686
620 0.571999 -0.00965932 0.901704
620 -0.317949 0.762231 3.44777
620 -0.706317 -0.164021 6.42232
620 0.378665 0.530755 2.10031
620 -0.134638 -0.074271 5.42261
620 0.592193 0.663388 3.25527
620 -0.677932 0.340187 -1.51479
620 -0.38867 -0.448068 -0.292731
620 0.0738722 0.885447 5.42052
620 -0.500608 -0.880719 4.80553
620 -0.273259 0.895683 1.62685
620 0.744399 0.608281 2.5107
620 0.595954 0.432233 7.35854
620 -1.02266 -0.463857 1.23428
620 -0.189089 -0.820454 1.74003
620 -1.11006 -0.135031 5.34706
620 0.627206 -0.0234851 4.99144
620 0.675485 -0.226683 2.04503
620 0.434801 -0.983276 4.98798
620 -0.859928 0.702165 2.07634
620 -0.443155 -0.917262 1.80131
620 -0.788795 -0.621778 0.260845
620 0.910409 -0.293603 4.06229
620 -0.162699 0.659018 0.471801
620 0.426312 -0.251154 2.68584
620 -0.328999 0.599768 2.19898
620 -0.0911891 0.531795 0.872766
620 -0.109504 -0.122414 2.3515
620 0.203335 -0.0679818 4.84325
620 0.232624 0.182652 6.86385
620 -0.274143 1.07907 1.35902
620 0.721067 -0.0871782 -0.651962
620 0.122637 0.779873 2.15528
620 0.134276 0.413656 3.21738
620 0.111417 -0.517257 2.9748
620 -0.121738 0.379118 1.205
620 0.870154 0.417628 3.19553
620 -0.476864 0.299053 4.15258
620 0.435379 1.03064 2.08876
620 0.556428 -0.926723 5.71634
620 -0.444774 0.413388 -0.108823
620 0.698994 -0.578965 0.0225042
620 -0.130081 -0.827829 4.7448
620 0.064396 0.538355 -0.0412156
620 -0.250922 -0.982146 1.20561
620 0.369125 -0.0529241 1.02025
620 -0.0820107 -0.170923 0.970614
620 0.101964 0.267021 0.857462
620 -0.3402 -0.211447 6.19007
620 0.60824 0.187398 1.53957
620 0.531765 -0.331085 4.82603
620 0.437605 -0.570931 4.44503
620 -0.632568 0.299802 6.29211
620 -0.336123 0.875723 5.2297
620 1.01198 -0.0667965 5.44813
620 -0.390085 -0.542365 4.01272
620 0.616338 -0.129392 0.647825
620 0.202636 0.224537 4.72832
620 -0.477154 0.853094 -0.699163
620 -0.461115 0.358506 2.321
620 -0.523321 0.499659 3.56333
620 0.762161 -0.421213 1.10028
620 0.787685 -0.085161 3.30708
620 -0.422695 -0.496182 6.84847
620 -0.802731 0.673622 4.01611
620 -0.29975 -0.0676311 1.03331
620 -0.445774 0.572718 5.06776
620 0.366267 -0.153895 7.53276
620 -0.411195 0.114538 0.388153
620 -0.810107 0.153119 4.78206
620 -0.321359 -0.355289 1.66521
620 -0.578102 -0.533462 2.10993
620 0.595307 0.372296 5.17644
620 0.0262942 -0.464403 3.20154
620 -0.00734515 -0.722273 1.50373
620 0.701536 0.272757 1.57921
620 0.478031 0.543924 2.39932
620 -0.726795 -0.607137 4.68332
620 0.609727 0.791731 2.41824
620 0.933963 0.626204 0.0198105
620 0.543217 -0.700433 6.23313
620 0.0303187 0.717025 3.01174
620 -0.926437 0.108842 6.25191
620 0.965945 -0.245541 2.77516
620 -0.354527 -0.401612 4.36866
620 -0.273153 -0.65363 4.57504
620 -0.21197 -0.0205006 5.05482
620 0.315378 0.0423405 1.3044
620 0.833257 -0.77666 5.38732
620 0.650557 -0.626713 4.24596
620 -0.695663 0.205477 6.65288
620 0.558524 0.148644 4.37364
620 -0.121415 0.989441 5.17629
620 0.389558 0.803214 4.16954
620 -0.717798 0.61137 3.71398
620 0.648734 0.291695 0.332385
620 -1.00369 0.479093 3.70975
620 0.259847 0.626789 -0.688824
620 0.0844569 -0.56862 5.48353
620 -0.8246 -0.448532 -0.962763
620 0.693624 0.514826 1.88212
620 0.903423 -0.231876 0.375392
620 0.232043 0.0813098 3.10187
620 0.855925 0.0846514 1.76312
620 0.378889 0.985248 4.52777
620 0.0918711 0.0249527 4.84262
620 0.227605 1.09329 1.95972
620 -0.178648 0.133755 -0.161189
620 0.531291 0.513055 5.00699
620 0.0395382 -0.950173 3.88087
620 -0.486491 0.62059 5.52106
620 -0.00214154 -0.513763 4.95058
620 0.542986 0.396791 1.89643
620 0.0626154 -0.124018 3.6864
620 0.424568 0.629993 7.10341
620 -0.021128 0.404716 3.00572
620 0.118727 0.0726309 2.3224
620 -0.387792 0.428586 1.48446
620 -0.271161 -0.918854 5.74418
620 0.662807 -0.506861 4.73017
620 -0.0393093 -0.775341 5.54487
620 -0.157295 0.601114 5.41735
620 0.992921 -0.422691 4.31313
620 0.66046 -0.844509 4.80392
620 -0.60402 0.593183 1.49333
620 0.253339 0.912248 2.76831
620 0.176973 0.171153 1.92699
620 -0.167667 -0.881163 -0.394498
620 0.403133 0.292526 5.63349
620 0.800893 0.0818071 -0.920557
620 -0.0537963 -0.218351 3.62515
620 0.357625 -0.754074 2.71137
620 -0.0652357 -0.718278 3.50465
620 0.171421 -0.415147 1.73315
620 -0.975 -0.191159 -0.841504
620 0.191277 -0.467502 4.45758
620 -0.44196 -0.346764 1.62783
620 -1.11551 -0.0665356 3.11105
620 0.121793 1.0488 2.20444
620 -0.412572 -0.0562896 0.789399
620 0.0616046 -0.316697 5.2244
620 -0.0601087 0.312406 2.3403
620 0.314281 -0.350297 4.2176
620 0.298112 0.341649 0.283532
620 -0.247423 0.533115 -0.325998
620 -0.81797 0.0890423 6.4129
620 -0.230375 0.740767 -0.614366
620 -0.894978 0.553844 3.57404
620 -1.05054 0.103034 4.53618
620 0.595529 -0.603804 0.398251
620 0.522686 -0.768985 6.30461
620 0.450533 -0.0993226 2.86926
620 0.692453 -0.744794 3.05235
620 0.183048 0.442941 6.22869
620 0.0053037 -0.124487 3.455
620 0.230519 0.971101 0.411289
620 0.113246 0.937379 0.56979
620 -0.0840225 -0.946313 5.43606
620 0.260559 -0.779695 -0.657918
620 0.259891 0.0363163 0.316504
620 0.544474 -0.389377 1.2684
620 -0.295909 0.831885 1.28864
620 -0.0870082 -0.459269 3.21927
620 0.759754 -0.590619 5.39408
620 0.619872 0.860663 3.0143
620 0.284801 -0.109431 3.55108
620 0.053152 0.594981 2.66651
620 -0.014596 0.105523 4.19022
620 0.873903 -0.401864 -0.244933
620 0.0831181 0.695336 5.51664
620 0.141562 -0.569995 4.04708
620 -0.264616 0.601764 3.21888
620 0.258384 -0.0618064 1.86861
620 0.683171 -0.0388993 1.9439
620 0.709588 0.710926 2.154
620 -0.207197 0.569207 2.80623
620 0.311147 -0.158338 4.91404
620 0.21889 -0.846995 4.6377
620 -0.365471 0.0944371 3.02455
620 -0.517722 0.338425 5.97543
620 0.69473 -0.34503 5.16986
620 -0.826656 -0.342024 4.82458
620 0.137753 -0.466837 -0.416326
620 -0.466766 -0.0650043 4.63433
620 0.553731 -0.861467 1.10626
620 -0.31327 -0.260006 3.25739
620 0.777848 0.732687 3.27591
620 -0.406486 0.528514 2.07726
620 -0.803081 -0.180518 3.32752
620 -0.761363 0.432878 3.85283
620 -0.715259 0.0806763 4.31681
620 -0.0061083 0.294887 0.0558217
620 0.37516 -0.355374 1.80134
620 0.34355 0.0920691 4.28711
620 1.07117 -0.102967 6.02169
620 -0.490911 -0.81046 2.53668
620 -0.365343 0.484055 5.55012
620 -0.251009 -0.166201 3.56875
620 0.504828 -0.824489 1.56396
620 0.31731 1.00959 1.94586
620 0.173956 -0.315479 5.26481
620 -0.13804 -0.170824 3.93728
620 -1.05438 0.0370158 0.0194252
620 0.308218 0.233788 5.12489
620 -0.972029 0.539386 5.55008
620 0.145723 -0.266418 -1.55828
620 -0.824225 0.324501 1.28456
620 -0.58158 0.484068 2.38491
620 -0.316913 -0.963168 2.22934
620 0.0603858 -0.218431 2.73185
620 -0.482337 0.790542 1.80956
620 0.0574268 -0.414027 4.20431
620 -0.464818 0.513128 0.509712
620 0.585427 -0.811681 4.54843
620 -0.600217 0.862469 4.09763
620 -0.622625 -0.943527 2.27151
620 0.154709 0.985709 6.37937
620 0.868657 0.495495 1.78508
620 0.16387 -0.838984 0.650374
620 0.280665 -0.520707 0.855824
620 -0.503911 0.397355 3.12767
620 0.0814244 -0.673485 1.49384
620 0.119834 -0.0231404 5.96516
620 0.243718 0.359414 3.04725
620 -0.0533183 0.995299 5.30414
620 0.386388 -0.876745 -0.467336
620 0.0720724 -1.00992 3.29325
620 -0.126248 0.123552 1.60101
620 -0.3517 -0.756277 1.40664
620 -0.990962 0.0667288 4.72637
620 0.494891 -0.481809 7.08293
620 -0.212103 0.625844 1.7368
620 -0.673724 -0.481768 4.1577
620 -0.459191 -0.201835 5.99503
620 -0.423289 0.802497 4.27014
620 0.475897 -0.151126 1.17251
620 0.385842 -0.6474 0.825926
620 -0.470905 -0.0124536 1.36817
620 -0.211109 -0.654553 2.77805
620 -0.555026 -0.246819 5.81317
620 -0.606456 -0.806524 1.88805
620 -0.664618 -0.596094 1.11969
620 0.175353 -0.0208042 3.63372
620 -0.764453 -0.556315 3.47966
620 0.0799894 0.427946 0.719606
620 1.07475 0.0345098 6.13815
620 0.715312 -0.180724 5.11492
620 0.0624796 0.167723 5.64206
620 -0.0238937 -0.265893 6.51536
620 0.896621 -0.129306 3.5897
620 -0.741814 -0.277939 4.23081
620 0.0433746 0.224834 0.648653
620 -0.123188 -0.716131 5.7962
620 0.639135 0.54388 5.3245
620 -0.2298 -0.869044 3.95502
620 -0.367899 0.646518 0.769186
620 0.601912 0.0377063 3.68667
620 0.39504 0.350855 1.5329
620 -0.143811 -0.458398 -0.896229
620 0.0609107 0.0727728 2.62481
620 0.454849 -0.787277 3.56323
620 0.746817 0.489378 0.496813
620 -0.712874 0.551083 0.451248
620 -0.11045 -0.219541 -1.26063
620 0.109623 0.576808 3.24012
620 0.0120573 0.776316 4.17698
620 0.710455 -0.464661 3.4071
620 -0.574365 -0.194808 3.02139
620 0.0119566 0.885233 5.17298
620 -0.661437 0.640794 0.0246326
620 0.540091 -0.0560736 3.85335
620 0.931119 -0.421534 5.30174
620 -0.365711 -0.160921 -1.09444
620 0.805361 0.608848 4.86078
620 -0.825294 -0.285153 1.50204
620 0.104107 -0.835926 2.10057
620 0.590801 -0.357378 4.10174
620 0.595775 -0.069144 1.5505
620 0.700866 0.0621397 4.93601
620 0.223342 0.532288 0.474656
620 -0.604053 0.930954 6.39111
620 -0.797564 0.385881 0.308259
620 0.037676 0.33277 2.25954
620 -0.856772 -0.507224 3.04449
620 0.0822905 -0.464533 0.709809
620 -0.332904 -0.895974 2.77896
620 -0.0145693 0.350221 0.389222
620 0.927822 -0.539473 5.53743
620 -0.439209 0.900024 3.08023
620 -0.22364 0.365302 3.99617
620 0.302373 0.951644 4.6897
620 -0.554719 -0.141082 6.31459
620 -0.532049 0.280013 1.65397
620 0.441779 -0.847394 5.54179
620 -0.0813951 -0.266438 1.4959
620 -0.737542 0.490323 0.214066
620 0.507361 -0.102278 0.0191572
620 -0.861274 0.373212 4.62173
620 -0.414519 -0.799518 4.48363
620 0.401781 0.73831 0.0165768
620 0.158525 0.263232 3.06216
620 0.580459 -0.299573 6.79417
620 -0.460078 0.0936474 1.55084
620 0.979175 0.444452 7.23001
620 0.58908 0.490307 4.17116
620 0.903673 0.186701 5.11648
620 -0.148052 -0.557972 4.19306
620 0.0191025 -0.778851 2.41241
620 0.884172 0.353254 0.656432
620 1.09133 0.294248 4.79198
620 0.935779 0.389113 3.56174
620 0.0554473 -0.515805 0.395521
620 -0.421577 0.319615 4.57384
620 -0.616988 -0.873845 -0.82281
620 0.478617 -0.255091 0.12972
620 -0.848897 -0.226439 3.26001
620 -0.106805 -1.12735 4.5064
620 0.041968 0.65475 1.11561
620 0.339353 -0.105385 6.93277
620 0.706849 0.38942 1.33461
620 0.0085414 -1.00985 6.28213
620 0.229844 -0.730354 0.871508
620 -0.429646 -1.049 4.72686
620 -0.511207 -0.10441 5.1617
620 0.0108791 0.0608194 4.89775
620 -0.199566 0.79778 2.35681
620 0.806113 0.49634 4.28681
620 0.344899 0.193496 4.24381
620 -0.501985 0.722925 1.58251
620 -0.552039 -0.602835 1.89386
620 0.204169 0.126699 5.68578
620 -0.856367 0.196282 1.99451
620 -0.543274 0.605649 3.01788
620 -0.407425 -0.301281 1.05895
620 -0.498388 0.184816 5.22315
620 -0.0562062 -1.00726 4.50371
620 0.176508 0.499184 3.68182
620 0.248003 -1.03909 3.49907
620 0.10972 -0.727498 3.19628
620 -0.0523878 -0.31372 3.75113
620 0.432797 0.146624 4.24942
620 0.369932 -1.00837 4.32882
620 0.258211 0.134771 3.49633
620 -0.358308 -0.59121 0.292939
620 0.333452 -0.620804 0.307767
620 0.790459 -0.539929 4.00963
620 -0.208149 0.907826 1.19937
620 -0.915129 0.173859 4.41348
620 -0.469363 -0.7556 1.59459
620 0.256248 -0.25954 4.6273
620 -0.901221 0.240986 6.48079
620 -0.294521 0.0315509 6.01991
620 0.762849 -0.761233 4.19116
620 0.469514 -0.30831 1.11096
620 0.769832 -0.48182 0.513518
620 0.490798 -1.02707 1.36192
620 -0.719512 0.846502 2.5096
620 0.342169 0.764633 0.897788
620 -0.340288 0.247847 2.99093
620 -0.606453 0.136818 -0.563455
620 0.11464 -0.415453 3.03106
620 0.894998 -0.603608 5.11457
620 -0.658736 0.399668 5.71655
620 -0.276993 -0.117833 5.35018
620 0.545255 0.336149 2.81425
620 -0.0978261 -0.771953 2.68772
620 0.438839 0.898996 1.42502
620 -0.817129 0.751895 6.05049
620 0.814084 0.256798 -1.84167
620 -0.679997 0.266941 3.74682
620 0.941415 0.512837 6.30687
620 0.944819 0.322303 4.78074
620 -0.563608 -0.0809453 3.18864
620 0.844564 0.742576 6.13584
620 -1.01356 -0.288899 4.22027
620 0.224452 0.808239 2.95172
620 1.02938 -0.482765 -0.0891684
620 -0.894802 0.431435 -0.00311534
620 -0.280343 0.126062 -0.344093
620 -0.0339624 -0.666062 1.84946
620 -0.690082 0.706034 3.55989
620 0.514975 -0.00216373 2.69149
620 -1.04014 0.168923 5.87011
620 0.230663 -0.0159695 6.64382
620 -0.702798 -0.428022 6.27649
620 -1.06799 -0.332278 0.910687
620 -0.592468 -0.74037 6.59004
620 0.391214 -0.412931 2.83245
620 -0.232694 0.848009 4.71914
620 -0.53821 0.832441 0.888821
620 -0.793317 -0.503066 -0.140631
620 -0.0310708 -0.562874 1.20834
620 0.139852 -0.7819 -0.939518
620 -0.0182826 0.94102 1.8832
620 1.07401 -0.0348925 3.96083
620 -0.0480185 0.0624097 0.913312
620 0.996564 -0.192536 4.59799
620 -0.496011 -1.01772 2.26184
620 0.359589 0.252956 7.24654
620 0.398177 0.187793 1.99685
620 -0.822303 0.0227523 2.08407
620 -0.787408 -0.806437 2.8376
620 0.566267 -0.237058 6.75225
620 0.346754 -0.451301 4.96731
620 -0.091246 -1.06468 1.09408
620 0.0890982 -0.267912 3.1466
620 -0.681406 -0.655149 4.38045
620 0.852569 -0.659024 5.50423
620 0.0844631 0.995576 4.47757
620 -0.614372 -0.641768 2.6308
620 -0.937683 0.598428 1.50471
620 1.02707 0.318399 2.30601
620 -0.186542 0.0324927 1.90259
620 -0.381624 -0.351185 4.5782
620 -0.445182 -0.8494 0.711726
620 -0.197453 -0.265238 4.82121
620 -1.04247 -0.163875 4.40477
620 0.602367 0.250475 3.80347
620 -0.117386 -0.508899 1.91027
620 -0.93922 -0.0202751 5.64563
620 0.430763 0.505745 5.39344
620 -0.0236799 -0.362585 5.17081
620 0.370576 0.926625 7.57025
620 -0.385568 0.585715 5.43351
620 -0.190338 0.512322 0.411783
620 0.445585 0.83737 4.55807
620 0.225278 -0.521843 5.25457
620 -0.286512 0.176276 3.13509
620 0.369683 0.648135 5.10745
620 -0.720076 0.38465 1.16644
620 0.582474 0.547606 2.10052
620 -0.743694 -0.204744 2.33059
620 -0.207658 -0.555007 2.27495
620 -0.661387 0.109299 2.34697
620 -0.342438 1.05841 4.4432
620 0.716508 -0.63912 2.23266
620 -0.371226 -0.0111476 6.92361
620 0.513485 0.184449 4.29812
620 0.866628 -0.339181 2.60747
620 0.839855 -0.0430185 2.18213
620 -0.306962 -0.704775 6.68178
620 -0.899221 0.650113 4.39629
620 -0.698289 -0.242115 5.66408
620 -0.31045 0.291812 6.65865
620 -0.890632 -0.272967 -0.831396
620 -0.0712419 -0.829717 2.07368
620 0.879734 -0.721722 2.02068
620 -0.246986 0.957817 4.52805
620 -0.0451097 0.205317 1.03305
620 -0.550735 0.161224 1.28045
620 -0.441648 0.204738 2.56174
620 0.402347 0.0968614 0.783251
620 0.325479 0.549787 5.92992
620 0.205386 -0.906196 1.3321
620 0.997331 -0.544334 3.73498
620 0.86548 -0.544615 2.08227
620 0.173686 -0.216489 1.08552
620 -0.419743 0.00104585 3.65412
620 -0.31219 -0.798069 3.76436
620 -0.37954 0.281181 6.10829
620 -0.945562 -0.316651 5.9775
620 -0.447872 -0.112202 2.14134
620 0.41091 0.235741 4.62725
620 0.258336 -0.360727 4.93041
620 0.336386 -0.510001 4.64039
620 -0.571048 -0.679351 3.74454
620 -1.11739 0.00395593 0.735854
620 -0.610723 -0.481206 3.42967
620 0.210017 0.279609 0.919774
620 -0.165331 -0.122535 5.57662
620 0.0183913 0.498935 2.44371
620 0.140154 -0.675852 4.96103
620 -0.47998 -0.695059 3.30765
620 0.164707 -0.949401 4.40466
620 -0.154147 0.232675 3.94012
620 0.0928104 -0.0755626 -0.756216
620 -0.491872 -0.593188 3.32777
620 -0.0190374 0.831701 6.64645
620 -0.18113 -0.709852 1.9542
620 -0.520703 -0.0454378 1.71031
620 0.962665 -0.60439 1.38452
620 0.168711 -0.520153 7.30017
620 0.140853 0.361804 4.8262
620 -0.296916 -1.09192 2.83333
620 0.313865 -0.0571314 4.96707
620 0.369472 -0.700375 4.23491
620 -0.561952 0.102291 3.67334
620 0.317781 -0.678908 0.00935272
620 0.384027 0.470138 2.48297
620 0.740761 -0.69947 5.63114
620 -0.233828 -0.501363 3.09971
620 0.283595 0.454013 5.8639
620 0.305842 0.285245 1.81868
620 -0.618499 0.358446 2.38567
620 0.117818 0.165015 1.87952
620 0.230823 0.474707 3.20363
620 -0.770586 0.0523672 4.20237
620 -0.0421639 -1.13213 0.301878
620 -0.227198 0.420429 5.35589
620 -0.990632 -0.526807 0.593589
620 -0.115071 0.876701 5.48046
620 -0.295202 0.555101 6.20367
620 -0.744817 -0.671995 1.41476
620 -0.781916 0.611458 1.49097
620 0.370367 0.141028 0.558987
620 -0.319565 -0.0165279 3.96041
620 0.52343 0.100074 2.29961
620 -0.0891868 -0.560546 5.96479
620 -0.847134 0.616229 0.497175
620 0.56234 -0.1146 4.28361
620 0.0542475 -0.618886 3.08847
620 -0.675399 0.504625 3.75304
620 -0.0857447 0.82716 1.46113
620 0.561734 0.967156 1.49046
620 0.248938 -0.957121 3.69355
620 0.203956 0.0299854 3.44776
620 0.341 -0.205893 2.72714
620 0.853225 0.143894 3.37793
620 -0.575201 0.318796 3.0889
620 0.0692353 0.761891 6.66887
620 0.0768105 -0.892705 5.1764
620 -0.0371039 0.51429 4.09799
620 0.182046 -1.06042 2.01277
620 0.904368 0.0508147 3.45456
620 -0.424371 0.96691 0.664069
620 0.314495 -0.258656 3.91477
620 0.296797 0.724682 3.59334
620 0.53844 0.453281 5.06284
620 -0.000765419 0.612685 4.95655
620 -0.170503 -0.40871 3.43021
620 0.743276 0.0995371 1.39427
620 -0.355614 0.810369 2.53617
620 0.729178 0.155983 5.77442
620 -0.717713 -0.101502 3.10966
620 0.370037 -0.254202 0.107743
620 0.490896 -0.666075 1.77978
620 -0.100526 0.588549 1.68384
620 -0.262587 -0.451251 5.15364
620 -0.86693 0.132121 2.11331
620 0.824157 0.675799 1.27157
620 -0.568026 0.0431773 0.907581
620 -0.0559202 0.259281 5.00883
620 0.37253 0.590764 2.81934
620 -0.573749 0.717148 5.61288
620 -1.05664 -0.0305888 4.80543
620 0.909404 0.119367 0.477088
620 -0.755239 0.730996 1.92223
620 0.969572 -0.30767 6.10126
620 1.03143 -0.298017 4.73147
620 -0.224958 -0.216735 3.36798
620 -0.130825 1.10566 4.58601
620 -0.669254 -0.0132648 4.46813
620 0.22516 -0.625081 6.09322
620 0.626695 -0.720211 1.2895
620 -0.933468 0.0439494 2.30961
620 0.393295 -0.477251 1.31343
620 0.297132 -0.732568 2.46299
620 -0.0898565 1.05055 1.89773
620 -0.256078 0.269823 4.05309
620 0.168319 -0.622437 1.50684
620 -1.09908 -0.202435 1.55916
620 -0.889237 -0.579432 3.23238
620 -0.66663 -0.0718646 0.893365
620 0.703583 -0.405105 -0.554447
620 -0.490343 0.934533 5.87605
620 0.641692 -0.784882 0.783351
620 -0.406878 0.0544264 5.78408
620 -0.241951 -0.704017 1.14088
620 -0.542644 0.440415 0.640097
620 0.206178 0.87126 5.84365
620 -0.0998776 0.753181 0.469147
620 -0.292764 -0.40331 2.76475
620 0.433205 -0.688236 4.34787
620 -0.41012 -0.743736 4.81905
620 0.725302 0.776126 5.17306
620 -0.494689 -0.246289 2.24881
620 -0.62906 0.692337 2.53067
620 -0.787262 -0.241993 -0.0611845
620 -0.150216 0.92571 4.3515
620 -0.520919 -0.651025 -0.0655977
620 -0.449833 -0.445887 3.69628
620 -0.0288851 0.72945 6.69394
620 -1.05727 0.3516 2.56041
620 -0.265559 -0.548723 5.53158
620 -0.681195 -0.900633 1.29432
620 -0.81084 -0.687537 2.89767
620 -0.00474115 0.241133 3.05844
620 0.00476852 -0.313849 2.1742
620 1.00979 0.504221 4.08059
620 -0.594587 -0.287932 3.152
620 -0.404395 0.693603 1.95508
620 0.648237 0.681809 5.64794
620 0.749042 -0.0400177 2.88855
620 -0.65148 0.170436 3.90071
620 0.839642 0.025953 0.186442
620 -0.302258 0.497517 2.47349
620 -0.336938 0.139717 1.07444
620 -0.950293 -0.469111 3.35741
620 -0.864659 0.493554 3.52508
620 1.11974 0.153407 2.62799
620 0.226368 -1.11142 4.8278
620 -0.799895 0.489383 0.633596
620 -0.330645 -0.645602 1.61695
620 0.604292 -0.480037 1.73473
620 -1.03186 0.416978 0.452717
620 0.493425 -0.603239 -0.401273
620 0.956918 0.0201237 0.267358
620 0.971597 0.570282 2.69162
620 -0.262504 0.786406 4.92447
620 0.82765 0.193831 6.16871
620 0.681782 0.118336 3.65448
620 0.0442862 -1.07042 0.209685
620 -0.595056 0.196258 2.45721
620 0.0365298 -0.0770217 1.20897
620 0.804151 -0.319125 5.78093
620 0.147554 0.120887 3.8953
620 -0.458537 -0.542403 4.34386
620 0.147497 -0.070201 2.1019
620 -0.544075 -0.78341 4.38025
620 -0.110503 -0.314006 4.84841
620 0.261335 -0.57353 4.56173
620 0.653923 0.229293 4.91321
620 -0.231146 0.145216 2.31828
620 -0.294581 -0.497465 2.47621
620 -0.825016 -0.0452845 -0.0249646
620 1.0779 -0.350464 4.71163
620 -0.39107 -0.877715 -1.92736
620 -0.228093 -0.31243 1.74639
620 0.577468 -0.749783 3.4974
620 0.441272 0.383882 4.3476
620 -0.20927 0.0883932 5.31035
620 -0.3608 -0.826564 0.987608
620 0.201454 -0.264515 7.76115
620 -0.452116 0.152132 2.80906
620 -0.774351 -0.0120897 4.47696
620 -0.978275 -0.412244 4.45751
620 0.0448416 -0.835182 4.03631
620 1.01672 0.0631553 3.1742
620 -0.832476 0.553075 5.96569
620 -0.560067 0.377727 0.130376
620 -0.391437 0.163855 5.11544
620 0.710756 0.213176 3.9482
620 0.255787 0.302736 4.67081
620 0.71423 -0.806842 0.388407
620 0.643736 0.478116 1.56723
620 0.772881 -0.195979 3.49907
620 0.488413 -0.362691 3.47562
620 0.696221 0.572215 5.14057
620 -0.435985 -0.982768 0.51883
620 0.658597 0.0221229 2.24378
620 -0.188298 -0.0708673 2.61265
620 0.852027 -0.276225 5.88279
620 0.285235 -0.21066 6.94659
620 -0.0921403 -0.663847 6.21078
620 0.446666 0.773388 1.75027
620 0.336072 -0.398115 6.21275
620 0.336606 0.43237 1.92673
620 -0.539233 0.8953 2.73915
620 -0.502921 0.559175 2.00053
620 -0.390465 0.22032 6.00304
620 1.13356 0.00478743 1.84348
620 -0.642039 -0.53423 5.64076
620 -0.921743 0.368823 1.80821
620 0.545363 0.760185 2.12889
620 0.0971416 0.633987 5.06742
620 -0.291783 -0.855122 -0.0255184
620 -0.146449 0.546703 4.40891
620 0.790204 0.140794 3.20769
620 -0.528645 -0.725641 6.12994
620 0.07908 -0.780314 6.45907
620 -0.139652 -0.26665 0.903071
620 -0.423282 -0.159109 0.896097
620 0.159148 -1.12613 1.10044
620 0.3316 0.49038 4.92219
620 0.0322592 -0.363893 2.22125
620 -0.486378 -0.492685 2.19038
620 -0.369327 -1.00801 3.52258
620 -0.0517481 0.883958 3.61715
620 -0.414747 -0.397908 2.08438
620 0.809288 -0.711998 1.35602
620 0.268365 -0.897382 6.40181
620 0.292774 -1.09953 5.38409
620 0.752493 -0.361262 3.40971
620 -0.918154 -0.52421 6.11891
620 -0.640638 -0.428865 0.445458
620 1.05864 -0.415003 1.31684
620 -0.76229 0.115502 1.54945
620 -0.1756 -0.507061 -0.197691
620 0.363312 -1.07951 1.5178
620 -0.361996 -1.07295 0.740063
620 -0.960408 0.425899 3.11841
620 0.0899861 -0.171123 -0.421358
620 -0.752867 0.178554 2.50356
620 0.00156827 -0.413305 6.74785
620 -0.519855 -0.194993 4.84726
620 0.56353 0.896977 5.94998
620 -0.0776424 -0.0768714 6.0648
620 0.0471327 0.942458 2.34649
620 0.440448 0.961705 2.02954
620 0.197022 0.331261 5.33368
620 0.0860152 0.37333 0.986747
620 -0.161166 -1.05598 5.52159
620 0.439855 -0.627467 1.78978
620 0.870061 0.236525 2.21413
620 0.765066 0.0391117 2.72323
620 0.330629 0.828775 1.92894
620 0.28526 0.186793 0.729976
620 0.0513419 1.05465 2.73058
620 -0.150969 -0.660055 4.34464
620 0.481959 -0.726505 3.53893
620 0.204436 -0.996055 6.68007
620 -0.463667 0.0414549 4.47362
620 -0.281456 -0.213517 6.04115
620 0.892919 -0.00838857 4.53045
620 0.00360044 -0.218823 3.55891
620 0.953674 -0.0416607 2.75049
620 0.448661 0.325216 1.98042
620 0.923685 -0.665388 3.93403
620 0.546027 0.0463509 5.86807
620 0.243853 -0.467415 3.0588
620 0.4262 0.688479 4.05994
620 0.369535 1.05451 5.61022
620 0.425532 -0.0492023 2.83244
620 -0.760773 0.342202 3.66712
620 0.112139 -1.06972 2.59535
620 -0.0198588 1.05555 2.58879
620 0.617504 -0.214261 6.07807
620 -1.05031 -0.0979357 1.27603
620 -0.0598692 -0.511309 3.48539
620 0.501178 0.799247 6.08837
620 -0.639255 -0.700052 1.223
620 -1.04959 -0.398146 4.16426
620 0.782485 -0.827119 1.97151
620 0.181715 0.763497 -0.638107
620 0.666868 0.172252 1.20816
620 -0.560677 -0.983851 5.9027
620 0.426263 0.568347 5.58308
620 -0.858539 -0.396173 2.83597
620 -0.169332 0.343695 3.98588
620 -0.192203 0.188139 4.07559
620 -0.77243 0.54892 3.57227
620 0.191565 0.705513 3.23761
620 0.528561 0.575306 6.12724
620 -0.815985 -0.112929 0.959758
620 0.457485 -0.201268 5.39969
620 0.2782 0.512 2.12973
620 -0.0132658 0.673051 2.66803
620 0.274306 -0.836484 2.16163
620 -0.361664 0.331041 2.41772
620 0.351576 0.313415 3.51589
620 -0.52971 0.668559 1.30282
620 1.01142 0.132286 1.93464
620 0.227616 -0.414244 5.80377
620 -0.169895 -1.11902 2.46652
620 -0.719698 -0.786053 7.4371
620 0.0264043 0.442238 5.06504
620 1.06401 -0.172717 0.382228
620 -0.145293 -0.9407 2.15546
620 -0.312546 0.943844 4.68965
620 1.00921 -0.131406 2.4931
620 -0.488483 -0.152549 2.42747
620 -0.972857 0.188259 0.677685
620 0.599378 0.726986 1.74537
620 -1.09455 0.214382 4.12028
620 0.00822961 0.554542 0.363864
620 -0.923088 -0.149554 3.00414
620 0.380577 -0.588656 4.58002
620 0.649512 0.353258 0.984534
620 -0.545874 -0.485272 4.70222
620 -0.391354 -0.637732 3.99709
620 -0.636943 0.461057 0.875894
620 0.891428 -0.472728 2.33168
620 0.48775 0.421576 2.2225
620 0.258561 -0.681577 4.61354
620 -0.618044 -0.233926 -0.206107
620 -0.0460062 -0.890156 4.39227
620 -0.721362 -0.0409821 6.54742
620 0.356329 0.702843 2.40481
620 0.316916 0.609131 2.01699
620 0.421198 -0.152054 3.28075
620 0.140594 0.882774 2.93605
620 0.736571 0.845511 3.35481
620 0.681862 0.889456 0.573486
620 0.597735 0.312991 3.25377
620 0.488272 0.14098 0.835865
620 -0.277564 -0.75198 4.5991
620 -0.60637 -0.382177 3.50195
620 0.741777 -0.302329 2.16314
620 0.322473 -0.794994 5.80912
620 -0.782921 0.280635 5.66123
620 -0.131893 0.0251165 0.896763
620 0.287707 0.0897658 6.20333
620 -0.0810004 -0.361273 1.00725
620 0.100439 0.831114 4.64681
620 0.489767 0.0495678 4.5381
620 0.559608 0.827806 5.33955
620 -0.570966 -0.018361 -0.369604
620 0.815424 0.437559 0.874061
620 0.882996 0.294361 4.46303
620 1.10933 0.22292 0.415434
620 0.289667 0.397317 2.78853
620 -0.484356 0.45494 4.7632
620 0.190561 0.386974 1.70104
620 -0.204545 0.69338 3.64554
620 1.0535 0.178496 -0.742722
620 -0.762199 -0.139899 5.48599
620 -0.588988 0.649356 4.95036
620 0.183916 0.930482 3.28757
620 -0.659117 0.577902 3.13113
620 -0.108357 0.272268 7.14184
620 -0.654742 -0.764954 4.42109
620 -0.0219108 -0.949723 1.52087
620 0.545096 -0.509015 3.72547
620 1.04158 -0.237338 1.57921
620 -0.309814 0.346106 4.40668
620 -0.346428 -0.305737 0.0188972
620 -0.239392 -0.603948 5.40851
620 -0.287324 -0.310183 4.27544
620 -0.399204 -0.208082 3.00714
620 -0.638074 0.231721 1.15961
620 -0.634366 -0.330921 5.72999
620 -0.159826 -0.0210973 0.11261
620 -0.761484 -0.440224 3.25232
620 0.784465 -0.649757 2.91066
620 -0.249016 -0.808482 1.55769
620 -0.259969 -0.3585 -0.688544
620 0.528675 -0.160366 1.27938
620 0.298809 1.07703 -0.50648
620 -0.996029 -0.35173 1.81317
620 -0.922482 -0.387 5.6743
620 0.731992 -0.241023 0.888983
620 0.625929 -0.268468 3.49213
620 -0.588094 0.259746 5.25276
620 0.759997 0.315456 3.77022
620 -0.157303 0.0780725 3.70843
620 0.0897238 -1.13199 5.09443
620 -0.155884 -0.768974 -0.180411
620 0.295685 -0.463768 1.27909
620 0.120579 0.521454 6.76963
620 1.04471 0.244696 2.61838
620 0.167483 0.555832 -0.452176
620 -0.087088 0.165302 4.89308
620 -0.920644 -0.645023 6.74408
620 -0.278866 0.444544 -0.492769
620 -0.0243102 -0.171563 0.350527
620 0.497207 -0.42283 0.555441
620 -0.0235676 -1.0684 2.95151
620 0.623574 0.931568 3.69772
620 -0.988343 0.362774 5.30754
620 0.0336536 -0.266755 5.78386
620 -1.02701 0.234306 1.54019
620 -0.0610843 -0.612905 3.90785
620 0.760047 0.669152 5.11295
620 0.085853 1.11163 0.392084
620 0.333542 -0.852669 3.33941
620 -0.42546 0.630209 2.39875
620 -0.255376 -0.263703 0.835741
620 -0.994606 -0.0620124 4.19283
620 -0.233278 -1.10791 0.0610151
620 -0.379711 -0.943525 5.71156
620 0.147757 0.0259607 1.24229
620 -0.160358 1.04392 1.2448
620 0.723675 -0.5258 2.28071
620 -0.768806 0.801324 5.00627
620 -0.373243 -0.256972 2.68034
620 0.144896 0.311788 1.75424
620 -0.0681287 0.365549 4.28529
620 0.213919 0.590428 2.58483
620 0.325047 -0.914343 3.60349
620 -0.0720762 0.693398 4.99695
620 -0.114831 0.325334 4.43245
620 0.429048 -0.34885 5.89397
620 1.04231 0.43323 2.4902
620 0.674991 -0.916423 0.0210373
620 0.0902109 0.3195 4.91753
620 -0.547301 0.968826 3.88446
620 0.145613 0.213612 5.4904
620 -0.0818379 0.474762 1.03051
620 0.0225615 -1.13372 3.20477
620 0.255092 0.242035 2.80872
620 0.48235 -0.0501418 5.55336
620 0.5395 0.698375 5.73434
620 0.832482 0.552742 -0.00380616
620 0.309303 -1.035 1.78469
620 -0.481362 1.00426 1.82533
620 -0.169624 0.8551 1.55033
620 0.0928588 0.21573 3.59153
620 -0.609454 -0.106806 0.169647
620 0.200204 -0.164093 2.53181
620 0.230278 -0.114557 0.385759
620 -0.0195531 0.0151301 1.72383
620 -0.220052 -0.118719 1.53072
620 0.31784 0.89002 6.59598
620 0.794635 -0.0103945 -0.682181
620 0.814686 -0.153946 0.409242
620 -0.400587 0.372971 0.0844587
620 -0.278705 0.390076 1.61275
620 -0.886789 -0.333582 2.40737
620 -0.541581 0.767487 3.63548
620 -0.129636 0.705278 3.30393
620 -0.487415 0.241429 6.37806
620 -0.553491 -0.846988 1.30383
620 0.649057 0.411812 4.11225
620 0.0723838 0.482763 4.32855
620 -0.736621 -0.855545 5.15014
620 -0.0995967 0.218943 3.25869
620 -0.616937 -0.0475964 3.20173
620 0.493886 -0.889851 4.29565
620 0.830011 -0.2204 2.08145
620 -0.413296 1.03389 4.98798
620 0.823375 -0.43671 4.03319
620 0.20219 -0.364329 1.35839
620 0.822182 0.314349 1.05641
620 0.286346 -0.00992256 4.05966
620 0.672732 -0.683289 5.71059
620 -0.934758 -0.0864132 0.363312
620 0.787557 -0.261063 4.71295
620 -0.204025 1.09475 3.64193
620 -0.739781 0.241287 3.42345
620 -0.208924 -0.93106 3.36425
620 1.0049 -0.361612 1.9927
620 0.254622 1.02594 3.27012
620 0.0234616 -0.67042 4.87065
620 0.757321 0.258759 0.251523
620 -0.510963 -0.438538 0.525317
620 -0.356614 -0.0647001 4.11062
620 0.672317 0.817649 6.32766
620 0.65188 -0.171062 3.79948
620 0.157968 1.10347 -0.75728
620 0.559506 0.212568 0.932864
620 0.0661133 -0.0288062 2.88161
620 -0.701964 -0.544889 2.05711
620 0.551522 0.274634 6.24424
620 -1.01103 0.298268 3.94126
620 -0.352211 0.038551 2.24297
620 0.342055 -0.0048871 2.40849
620 -0.882125 -0.0477255 3.18022
620 0.0268855 -0.565128 2.88638
620 -0.618629 0.0151494 3.05598
620 -0.205782 0.247628 1.1998
620 -0.106521 -0.0281281 2.855
620 -0.398255 0.856436 0.626061
620 0.896802 0.560941 3.88824
620 0.89822 -0.0683149 1.03898
620 -0.670689 -0.832131 3.50076
620 0.481299 0.66881 1.38616
620 0.644423 0.609864 3.12314
620 -0.731259 -0.373423 4.37201
620 -0.506447 0.126022 5.51516
620 0.484046 0.728532 4.10541
620 0.930781 0.247123 0.783665
620 0.579939 0.0941826 6.79658
620 0.756686 0.429944 4.13918
620 0.198257 -0.676856 3.42438
620 -0.300649 -1.02721 5.33845
620 -0.514835 0.0693493 2.80045
620 -1.08631 -0.268 4.43418
620 -0.167314 -0.217888 1.80782
620 -0.425316 0.471017 3.32771
620 -0.568439 -0.338747 6.38548
620 -0.211022 0.305528 2.51555
620 -0.0491027 -0.031247 2.84523
620 -0.772114 -0.0743545 2.82629
620 -0.995988 0.00346983 2.04332
620 0.555073 -0.995225 5.01761
620 0.268703 0.849485 5.78477
620 0.953997 -0.108312 5.40359
620 -0.909833 -0.210193 0.401805
620 -0.656659 -0.277732 2.59885
620 0.377357 -0.945619 1.0157
620 0.533333 0.636104 4.76348
620 -0.291767 1.00944 1.08661
620 0.960619 0.0863733 5.30554
620 0.617115 -0.956758 2.44333
620 -0.228154 1.02729 4.9472
620 -0.986349 -0.127594 2.05481
620 0.347728 -0.305638 1.14347
620 -0.0766238 0.0165876 5.00285
620 -0.0718395 0.1133 2.6505
620 0.0104238 0.180746 3.66612
620 -0.0514562 0.781018 3.63244
620 0.459713 0.0947591 4.16225
620 0.58768 0.604636 0.985192
620 0.280247 -0.626494 2.61912
620 0.169967 -0.730242 1.45133
620 1.1312 0.0782809 4.09825
620 0.443596 -0.399665 3.27749
620 0.0324375 0.124119 1.55493
620 0.189557 1.03605 4.13996
620 -0.86016 -0.164779 6.0976
620 1.06876 0.368032 5.50289
620 -0.720964 0.019747 1.68166
620 0.127458 0.467533 2.71254
620 -0.0591759 1.11279 0.38439
620 0.494491 0.361827 -0.228356
620 -0.314175 0.0820606 4.4746
620 -0.375229 0.924189 3.57872
620 -0.297715 -0.596116 2.72286
620 -0.639195 0.75367 1.72969
620 -0.103115 0.0692759 4.57069
620 -0.358263 0.992563 1.86446
620 0.653343 -0.446338 6.71339
620 0.61906 0.133672 4.25923
620 -0.616277 -0.163123 1.94099
620 -0.0850328 0.937481 2.15797
620 0.145311 -0.170203 4.40745
620 0.504874 0.239951 1.82911
620 0.256659 -0.162182 2.34403
620 1.01503 -0.00267029 2.02517
620 0.598166 -0.41891 5.47501
620 0.308397 0.665502 5.76575
620 -0.736969 0.667605 6.1824
620 -0.0746534 0.419676 -0.0811569
620 0.38305 0.866428 4.41921
620 0.495545 -0.956882 2.12899
620 -0.442711 0.740246 4.88438
620 -0.702954 -0.720252 4.56882
