220 0.386915 -0.0877195 4.37669
220 0.539062 -0.572881 1.52504
220 -0.779353 -0.322151 2.34902
220 -0.310732 -0.167326 1.58436
220 -0.666955 0.889306 2.04006
220 0.11932 -0.123553 1.67223
220 0.825731 -0.592384 1.77047
220 0.334246 -0.564326 1.71195
220 -0.163233 0.282343 0.740744
220 -1.02676 -0.22065 1.36818
220 -0.213486 -0.761942 3.84627
220 0.0871694 0.122414 -0.423042
220 -0.879972 0.0732001 4.25321
220 0.253771 0.771569 0.543192
220 0.6909 0.332865 3.39892
220 -0.101389 -0.885983 1.8809
220 -0.267386 -0.0242353 0.53949
220 -0.434404 0.262826 1.85859
220 -0.120582 0.482186 4.07064
220 1.12783 -0.134428 3.39303
220 0.168647 0.0816067 0.0865501
220 -0.52903 -0.294077 7.17073
220 0.399128 -0.18953 4.9631
220 -0.596677 0.423861 4.44246
220 0.767337 0.368888 5.45095
220 -0.225233 0.475184 3.45553
220 0.398088 0.00587615 -0.878292
220 -0.324057 -0.442434 0.355704
220 -0.322581 0.436164 2.08854
220 0.470984 0.264719 4.06801
220 -0.0567576 -0.407684 3.59686
220 -0.881551 -0.699693 4.60118
220 0.0355939 -0.170377 6.05867
220 -0.0498501 -0.124288 3.30376
220 -0.196063 -0.172833 6.07031
220 0.140829 -1.00871 5.34359
220 0.524061 -0.280311 2.6784
220 -0.654021 0.820221 0.552156
220 0.430033 -1.05177 4.35303
220 -0.670058 0.0513353 5.61619
220 -0.274456 0.06369 1.56023
220 0.999393 0.384958 6.23175
220 0.568314 -0.180294 3.43124
220 -0.561338 0.548553 5.27838
220 -0.196599 -0.360321 5.10307
220 -0.0112489 0.464134 0.667059
220 -0.358335 -0.697676 4.28808
220 -0.447963 -0.627872 5.95013
220 0.824279 0.363408 2.55514
220 -0.249366 0.215794 5.05538
220 0.0394818 0.833558 1.6313
220 0.171884 -0.118874 5.01937
220 0.193307 -0.783929 3.91516
220 -0.153591 0.166736 6.93238
220 -0.736563 -0.481921 1.79056
220 0.225476 -0.56894 3.09151
220 0.311918 0.144957 3.06023
220 0.235976 0.404591 5.82476
220 -1.10799 0.142011 2.62805
220 -0.182829 -0.994961 6.23328
220 0.111753 -0.618873 0.310122
220 0.969605 0.218855 5.47073
220 -0.588319 0.795932 5.30242
220 0.892208 0.687197 4.30557
220 0.459239 0.00426899 1.12347
220 -0.435288 -0.246665 4.45776
220 0.164329 -0.370422 3.60609
220 0.541862 -0.638249 4.68326
220 -0.546717 0.227374 3.7327
220 0.696021 0.63745 0.520353
220 -0.303569 0.211391 1.1118
220 -0.961916 -0.581497 3.82612
220 -1.07824 0.279637 5.98338
220 -0.665071 -0.384266 2.45675
220 0.641205 -0.0862051 4.79345
220 -0.000849951 -0.608555 0.563922
220 -0.875306 0.0145535 0.577711
220 -0.105419 0.641555 4.57323
220 -0.502434 -0.946082 3.47092
220 0.488276 -0.543725 3.058
220 -0.57422 -0.439958 1.42844
220 -0.171603 0.449023 2.75691
220 -0.990879 0.123733 2.96955
220 -0.014078 -0.831908 5.71974
220 0.29902 -0.301878 1.29403
220 -0.230319 -0.403565 1.64714
220 0.687562 -0.286457 5.57709
220 0.14191 -0.891632 3.3027
220 -0.339552 -0.113884 1.81018
220 -0.792752 -0.38188 0.537692
220 0.415596 -0.299647 3.85597
220 1.13158 -0.06046 1.54036
220 0.641338 -0.562281 1.84764
220 0.75797 0.543792 2.10488
220 -0.167968 -0.311683 3.82658
220 -0.166645 0.728435 1.43998
220 0.639316 -0.33027 1.86694
220 0.509288 -0.219278 3.90112
220 0.431876 0.44493 4.81613
220 0.27623 0.585524 4.49011
220 1.10004 -0.281734 2.19993
220 -0.354328 -0.487934 2.51849
220 -0.417089 -0.578355 2.11482
220 -0.865428 -0.103712 3.61038
220 -0.0315384 -0.45834 6.50023
220 0.546743 -0.452331 3.81386
220 -0.0181955 -0.0774695 0.0970001
220 -0.617595 -0.596281 -0.0382711
220 -0.834888 0.438505 3.30351
220 -0.504047 -0.344106 3.82247
220 -0.123582 0.423131 2.78659
220 0.029305 0.387265 3.95963
220 0.435291 -0.455648 5.02681
220 0.207762 0.661509 -0.0333652
220 -0.343173 0.703838 4.7747
220 -0.308579 0.657709 4.4082
220 -0.658303 -0.123774 4.55552
220 -0.944197 0.303161 6.66425
220 -0.0489751 0.63134 1.05137
220 0.792612 0.797045 0.792059
220 0.463033 0.196277 1.08085
220 0.929416 -0.363723 2.20292
220 -0.840611 0.262818 3.85314
220 0.0130313 1.1161 4.27168
220 -0.343975 0.53673 5.06368
220 0.435843 -0.512519 5.58928
220 -0.70564 0.451367 3.45608
220 0.8677 0.623549 2.09971
220 -0.117084 -0.607949 2.53109
220 -0.113816 -0.408191 0.479638
220 0.504443 0.86471 2.38534
220 -0.17228 0.390223 0.860358
220 0.94198 -0.186239 6.54742
220 0.391664 -0.82172 2.27544
220 -0.478137 -0.396592 5.99019
220 0.431962 0.0509329 1.12445
220 0.0380588 0.0204298 0.467026
220 0.344105 0.373552 4.67246
220 0.0425364 0.277302 4.61138
220 0.373104 0.0543969 3.9442
220 0.159014 0.822338 1.58219
220 -0.702352 0.777097 4.83834
220 0.0187821 -0.890715 6.99882
220 0.670334 -0.135932 2.52305
220 0.304685 -0.98537 0.689435
220 -0.929801 0.487639 0.576395
220 -0.799119 0.217978 0.654755
220 0.11034 0.711534 4.69511
220 0.0448013 -0.718547 4.47941
220 0.972162 0.16036 3.22186
220 -1.11465 0.0690898 1.47108
220 -0.242457 0.0234837 3.3755
220 -0.960058 0.242021 3.11187
220 0.620247 -0.885133 3.02653
220 0.647409 0.0701007 6.99424
220 -0.412527 -0.677059 1.26402
220 0.276764 -0.413943 2.56583
220 -0.347319 0.389375 3.06919
220 -0.204708 -0.455513 0.154417
220 0.0958317 -0.36378 5.89988
220 -0.176374 -0.607895 0.792348
220 0.0175315 0.998982 6.01028
220 0.384395 -0.536352 2.51739
220 0.750711 -0.135825 6.57345
220 -0.378565 0.74986 0.633147
220 0.24553 -0.306127 3.17187
220 -0.117335 -1.00295 2.69948
220 0.116791 -0.225814 1.476
220 0.870443 -0.17294 2.93498
220 1.11633 -0.208159 3.43184
220 0.43772 -0.918595 1.56916
220 0.897656 0.452891 5.33423
220 -0.620202 0.0796902 0.679777
220 -0.539482 -0.392034 3.61731
220 0.961109 -0.478044 2.28219
220 -0.19942 0.987505 1.84066
220 0.700795 0.444037 4.57154
220 1.07361 0.115764 5.37673
220 -0.711344 0.14183 4.81881
220 -0.354102 0.183078 4.63619
220 -0.684534 -0.330615 0.824904
220 -0.245324 -0.0746218 2.73432
220 -0.258647 0.638838 0.037573
220 0.101899 -0.948405 1.13093
220 0.722805 -0.00453893 0.147993
220 -0.711532 0.294682 1.30159
220 -0.55941 -0.91039 5.04003
220 0.733138 -0.869085 2.97287
220 0.129203 -0.324673 1.59539
220 0.226134 -0.211595 4.88911
220 0.849093 -0.111039 5.00619
220 -0.275883 0.706513 0.808476
220 0.591253 -0.537824 4.90255
220 -0.140045 -0.3602 2.68086
220 -0.139966 0.795645 4.66293
220 -0.036498 0.575813 3.66593
220 0.663071 0.751422 5.22059
220 -0.837226 -0.75637 1.38133
220 0.499591 0.933942 5.80657
220 -0.469892 -0.29402 4.45146
220 -0.26603 0.321679 6.66715
220 0.16762 0.61549 2.74075
220 -0.770156 -0.743062 5.24713
220 0.511497 0.300771 4.55259
220 0.811718 -0.377198 2.20647
220 -0.619968 0.536762 5.55365
220 -0.859013 -0.63255 2.79307
220 -0.460287 0.674922 4.39708
220 0.829011 -0.500054 5.30539
220 -0.52475 -0.549163 -0.0803192
220 0.648599 -0.389501 2.2854
220 0.148592 0.667803 6.55962
220 0.229539 0.714396 1.64756
220 0.390601 0.405515 0.345959
220 0.596948 -0.665355 2.70563
220 0.778627 0.196631 2.00922
220 0.990243 0.275221 2.31314
220 0.474778 0.606737 2.87866
220 -0.320617 -0.539153 -0.044322
220 0.310074 0.784928 3.93939
220 0.0105388 -0.02885 4.4113
220 -0.883571 0.310873 4.0576
220 0.473922 0.484078 1.92544
220 -0.043552 0.161203 0.1965
220 -0.665329 -0.211166 2.75806
220 -0.396839 -0.107034 4.00325
220 -0.515006 0.0205872 -0.713501
220 -0.227021 -1.04491 4.22083
220 0.495002 1.00338 4.09441
220 -0.952654 -0.254383 2.84574
220 0.418354 -0.760677 0.321199
220 -0.826014 -0.572936 -0.111041
220 -0.8855 -0.460464 6.74093
220 0.56986 -0.0145022 1.30375
220 -0.311557 0.755247 3.25062
220 -0.6971 -0.165541 5.97096
220 0.370612 0.527043 2.23722
220 -0.132538 -0.0769532 5.79198
220 0.600706 0.654029 3.54257
220 -0.69003 0.348199 -0.659801
220 -0.392664 -0.450266 -0.238117
220 0.074247 0.884103 5.43617
220 -0.498104 -0.876162 4.19142
220 -0.268187 0.890287 1.26047
220 0.746319 0.603887 2.90638
220 0.593676 0.43185 7.11722
220 -1.02121 -0.458177 1.34273
220 -0.187814 -0.82232 1.29025
220 -1.10897 -0.132109 5.19891
220 0.623825 -0.0273137 4.72121
220 0.672125 -0.22632 1.91968
220 0.434795 -0.982586 4.69861
220 -0.864409 0.696936 2.34969
220 -0.445452 -0.91763 1.73625
220 -0.79215 -0.630027 0.629347
220 0.909545 -0.290889 4.02664
220 -0.163225 0.661294 0.589995
220 0.419621 -0.244955 3.18487
220 -0.316592 0.597802 2.81307
220 -0.0813888 0.530741 0.798494
220 -0.107906 -0.123624 2.55724
220 0.20239 -0.0668746 5.27401
220 0.22179 0.184296 6.87976
220 -0.291254 1.07479 1.59686
220 0.707776 -0.0990161 -0.159962
220 0.125286 0.767563 2.23851
220 0.137018 0.418612 2.7172
220 0.120135 -0.514401 2.39414
220 -0.121062 0.366025 0.872786
220 0.870955 0.397691 2.77996
220 -0.472917 0.305441 4.30163
220 0.429671 1.02973 2.77122
220 0.557204 -0.928772 5.71572
220 -0.444215 0.416613 0.0114279
220 0.696534 -0.580299 0.599013
220 -0.128982 -0.828338 4.90174
220 0.0775985 0.544836 0.179279
220 -0.250179 -0.984119 0.946777
220 0.362562 -0.0412469 0.848795
220 -0.0801431 -0.171075 1.63104
220 0.0975978 0.274027 1.06822
220 -0.340196 -0.213237 6.18984
220 0.617736 0.180355 1.65813
220 0.537271 -0.336385 4.35933
220 0.437319 -0.57188 4.4272
220 -0.64457 0.31154 5.55575
220 -0.329185 0.872038 5.11928
220 1.0185 -0.0746967 5.54016
220 -0.382638 -0.534259 4.52181
220 0.604157 -0.134075 0.5924
220 0.195958 0.231569 5.11213
220 -0.471985 0.844623 -0.395823
220 -0.464045 0.362835 3.05176
220 -0.525477 0.502301 3.43396
220 0.765323 -0.422148 1.40565
220 0.791462 -0.0913226 3.54418
220 -0.425957 -0.500281 6.3268
220 -0.799363 0.680585 3.78656
220 -0.302421 -0.0749146 1.71693
220 -0.440053 0.569105 5.56674
220 0.357752 -0.142058 6.78881
220 -0.422074 0.105476 0.992666
220 -0.815591 0.149334 4.87314
220 -0.328051 -0.35476 2.09573
220 -0.582705 -0.54752 1.98805
220 0.592772 0.376453 5.29761
220 0.025989 -0.45707 3.31653
220 -0.0106863 -0.717677 2.08608
220 0.70082 0.268555 1.02296
220 0.465106 0.547721 2.42777
220 -0.730349 -0.61828 4.45168
220 0.613099 0.791577 2.14194
220 0.935268 0.624804 0.534327
220 0.544784 -0.702427 6.19026
220 0.0079373 0.732978 2.85042
220 -0.931404 0.110864 6.3295
220 0.962717 -0.25142 2.61227
220 -0.360435 -0.401298 4.55067
220 -0.270289 -0.655494 4.88272
220 -0.213215 -0.0274026 5.01068
220 0.312069 0.05202 1.57001
220 0.837595 -0.772679 5.65985
220 0.64809 -0.625833 4.64498
220 -0.705123 0.198397 6.54685
220 0.570457 0.142138 4.58209
220 -0.126652 0.999987 5.29032
220 0.383773 0.79696 4.22482
220 -0.718836 0.610726 3.7531
220 0.646763 0.286309 0.584521
220 -1.00715 0.472732 4.19686
220 0.265857 0.658044 -0.642064
220 0.0820016 -0.55994 4.94436
220 -0.816044 -0.457281 -0.238841
220 0.688057 0.509291 1.39502
220 0.896407 -0.229779 0.788324
220 0.22391 0.0898414 3.74069
220 0.857099 0.0784655 1.98279
220 0.371181 0.982495 4.33507
220 0.0911594 0.0264575 5.01265
220 0.232865 1.09186 1.76951
220 -0.180631 0.116649 -0.0412916
220 0.520463 0.511587 5.01478
220 0.0410716 -0.948973 3.69137
220 -0.482385 0.618115 5.16487
220 0.00153786 -0.506223 4.79089
220 0.536963 0.399896 1.77639
220 0.0652755 -0.122986 3.86758
220 0.430688 0.637191 6.62514
220 -0.0201874 0.411007 3.45432
220 0.115887 0.0756778 2.31564
220 -0.385823 0.431335 1.29029
220 -0.268956 -0.920634 5.7721
220 0.661019 -0.508207 4.49693
220 -0.040826 -0.771483 5.87941
220 -0.149746 0.600477 4.86827
220 0.987332 -0.413715 4.45119
220 0.669068 -0.841029 5.10839
220 -0.60316 0.598878 1.74812
220 0.25769 0.900054 2.82205
220 0.164945 0.182537 1.2128
220 -0.16293 -0.88343 0.217962
220 0.403696 0.289574 5.0296
220 0.801945 0.0799156 -0.62976
220 -0.0511521 -0.217513 3.37921
220 0.354845 -0.7774 2.79777
220 -0.0679911 -0.714605 2.86285
220 0.174103 -0.426503 2.2631
220 -0.969303 -0.191427 -0.4807
220 0.179668 -0.48687 5.15207
220 -0.446344 -0.346854 1.63948
220 -1.11482 -0.0660643 3.08236
220 0.122119 1.05005 2.70639
220 -0.415018 -0.0528582 0.474883
220 0.0668066 -0.318271 5.51596
220 -0.0640594 0.320429 3.0591
220 0.337581 -0.338065 4.85949
220 0.298769 0.334927 0.561666
220 -0.23819 0.524227 -0.0574869
220 -0.822549 0.0814834 6.17313
220 -0.223404 0.734267 -0.631458
220 -0.891768 0.557649 3.94205
220 -1.05453 0.0985038 4.59049
220 0.591255 -0.602652 0.345852
220 0.51716 -0.759336 6.19834
220 0.444881 -0.0925923 2.8254
220 0.696256 -0.737491 2.92034
220 0.186181 0.440859 6.28285
220 0.00806601 -0.123765 3.51633
220 0.229544 0.959004 0.850373
220 0.112552 0.939003 0.177798
220 -0.0808035 -0.945823 5.08912
220 0.257107 -0.765436 -0.178553
220 0.253499 0.0461889 0.600717
220 0.544748 -0.395342 1.12511
220 -0.290812 0.825901 1.7474
220 -0.088615 -0.457568 3.12225
220 0.754924 -0.595447 5.15828
220 0.619052 0.862919 3.2086
220 0.276735 -0.0990622 2.9347
220 0.060985 0.599108 2.52883
220 -0.0173761 0.115877 3.99386
220 0.870521 -0.397958 -0.0391189
220 0.0579196 0.714019 5.26431
220 0.136552 -0.569664 3.88567
220 -0.251302 0.584078 2.44859
220 0.253426 -0.0522338 1.64978
220 0.680646 -0.0452397 1.9012
220 0.71101 0.709984 2.2524
220 -0.193481 0.558686 2.71609
220 0.301932 -0.146629 4.82322
220 0.207159 -0.861148 4.51771
220 -0.369565 0.115892 2.49285
220 -0.521162 0.341227 6.14558
220 0.6959 -0.345574 5.01333
220 -0.840746 -0.33954 4.62885
220 0.131692 -0.462774 -0.0833086
220 -0.467924 -0.0607645 4.25031
220 0.558896 -0.866331 0.925912
220 -0.315482 -0.262544 3.6727
220 0.778022 0.731787 3.23363
220 -0.400908 0.525837 2.23794
220 -0.799903 -0.192079 3.61873
220 -0.771336 0.441452 3.38883
220 -0.717984 0.0815072 4.6319
220 -0.0103349 0.294423 0.558634
220 0.383487 -0.362156 1.70858
220 0.342452 0.0988485 4.24453
220 1.07351 -0.101173 5.89699
220 -0.493119 -0.808582 2.1873
220 -0.357819 0.481 5.21385
220 -0.253854 -0.169759 3.32313
220 0.52083 -0.820236 1.14514
220 0.315452 1.00992 2.22426
220 0.184739 -0.318855 4.99429
220 -0.136643 -0.17136 4.81147
220 -1.05136 0.0319513 -0.10527
220 0.303905 0.234425 5.43709
220 -0.974799 0.531732 5.60624
220 0.150556 -0.27317 -1.00473
220 -0.822439 0.325366 1.05134
220 -0.586966 0.488044 1.95031
220 -0.316583 -0.960888 2.51002
220 0.0625708 -0.22102 2.61759
220 -0.473153 0.782938 2.01792
220 0.057987 -0.405087 3.61804
220 -0.463421 0.512856 0.237117
220 0.600075 -0.817899 4.78775
220 -0.601613 0.861402 4.18094
220 -0.619539 -0.944809 1.32593
220 0.157925 0.99031 5.75708
220 0.865194 0.50153 1.41417
220 0.158346 -0.833942 0.797777
220 0.282014 -0.532903 0.849323
220 -0.505267 0.401553 2.94236
220 0.0807266 -0.6674 1.60451
220 0.119761 -0.0229037 5.55418
220 0.242147 0.346244 3.4994
220 -0.0524268 1.00047 5.69287
220 0.383789 -0.885347 0.277268
220 0.0754622 -1.00892 3.50991
220 -0.128415 0.113472 1.83183
220 -0.351307 -0.759038 1.24626
220 -0.991384 0.0625104 4.278
220 0.489783 -0.485397 6.77389
220 -0.203138 0.617663 2.07983
220 -0.67383 -0.482533 4.42382
220 -0.460283 -0.196379 5.78089
220 -0.415559 0.801392 4.62532
220 0.46197 -0.151474 1.42076
220 0.381742 -0.658963 -0.0600188
220 -0.468563 -0.00750866 1.72636
220 -0.21002 -0.65688 2.48965
220 -0.55445 -0.24323 6.02979
220 -0.60337 -0.802797 1.83288
220 -0.678162 -0.589834 0.942227
220 0.175034 -0.0194702 4.25168
220 -0.761704 -0.565626 3.75902
220 0.0885584 0.43865 0.692694
220 1.0757 0.0427381 5.72624
220 0.707749 -0.179135 5.19828
220 0.0571507 0.170498 5.72803
220 -0.0197466 -0.263126 6.47477
220 0.913931 -0.134055 4.43539
220 -0.730097 -0.298285 4.77264
220 0.0339088 0.223145 0.412447
220 -0.12419 -0.714604 5.61348
220 0.634963 0.539985 5.53066
220 -0.224745 -0.872064 4.309
220 -0.362641 0.638163 1.17756
220 0.605032 0.0317556 3.4034
220 0.404823 0.349351 1.52987
220 -0.14465 -0.459636 -0.105739
220 0.060202 0.0741055 2.57491
220 0.463275 -0.797019 3.30032
220 0.743611 0.483923 0.758638
220 -0.706611 0.549006 0.639184
220 -0.108592 -0.219063 -0.526311
220 0.120055 0.585172 3.08659
220 0.00133861 0.79023 3.79755
220 0.710617 -0.464384 3.27043
220 -0.576683 -0.188029 3.46857
220 0.00867902 0.889698 5.36406
220 -0.660333 0.646794 0.0826612
220 0.533549 -0.0590529 4.10664
220 0.923505 -0.426415 5.00468
220 -0.366049 -0.158906 -0.376331
220 0.806329 0.608772 4.74778
220 -0.827039 -0.281985 1.02668
220 0.100069 -0.833036 1.85814
220 0.592178 -0.360341 4.44097
220 0.586722 -0.074681 1.2933
220 0.707461 0.0518013 4.88488
220 0.235709 0.544568 0.90074
220 -0.608568 0.92985 6.40729
220 -0.797166 0.384158 0.330872
220 0.0310284 0.33167 2.14783
220 -0.852955 -0.513043 2.79629
220 0.0801983 -0.454625 0.781717
220 -0.334508 -0.89579 2.58954
220 -0.018575 0.353161 1.00465
220 0.932414 -0.535648 5.68787
220 -0.437745 0.891426 3.26369
220 -0.225925 0.361643 4.34334
220 0.296824 0.952554 5.4251
220 -0.554933 -0.137328 5.83861
220 -0.524415 0.284968 1.7332
220 0.443959 -0.852307 5.58839
220 -0.0795065 -0.265061 1.02706
220 -0.741541 0.497511 0.202726
220 0.498101 -0.106525 0.107066
220 -0.860148 0.375967 4.48997
220 -0.409924 -0.794705 5.03237
220 0.402601 0.741114 0.270788
220 0.165926 0.275224 2.62405
220 0.581825 -0.299495 6.60206
220 -0.476085 0.0953262 1.65013
220 0.96829 0.452766 6.90579
220 0.592604 0.489893 4.20113
220 0.912083 0.185945 4.85219
220 -0.147714 -0.557572 4.39299
220 0.0164434 -0.775455 2.28881
220 0.896402 0.340278 0.933984
220 1.09004 0.29581 4.76766
220 0.935908 0.396309 4.17786
220 0.0618296 -0.506651 0.205626
220 -0.419434 0.322558 4.5421
220 -0.615289 -0.873109 -0.17501
220 0.469503 -0.263593 0.32694
220 -0.847114 -0.228618 3.32998
220 -0.11315 -1.12691 4.86422
220 0.0512514 0.659418 1.45536
220 0.330966 -0.0939365 6.0763
220 0.709989 0.386561 1.28107
220 0.0116843 -1.00952 5.843
220 0.212512 -0.728224 0.867822
220 -0.431988 -1.04749 4.72485
220 -0.515094 -0.0971103 4.80653
220 0.0090345 0.067874 5
220 -0.195888 0.787961 2.1987
220 0.802368 0.492392 4.14257
220 0.340597 0.193643 4.58341
220 -0.500585 0.720149 1.75848
220 -0.556638 -0.608884 1.47201
220 0.19367 0.134718 5.36994
220 -0.856085 0.197708 1.92829
220 -0.540943 0.605593 2.72378
220 -0.412188 -0.299053 1.09862
220 -0.503749 0.188552 5.07033
220 -0.0527659 -1.00708 4.18599
220 0.192757 0.506073 3.55688
220 0.245624 -1.04031 3.02463
220 0.102861 -0.719703 3.58275
220 -0.050364 -0.310054 3.61113
220 0.430466 0.150075 4.29389
220 0.370101 -1.01189 4.78456
220 0.251197 0.139214 3.43092
220 -0.351411 -0.585712 0.360118
220 0.333214 -0.624089 0.528479
220 0.783764 -0.543199 4.59634
220 -0.20499 0.903137 1.3453
220 -0.914608 0.177829 4.54007
220 -0.465049 -0.757475 2.33221
220 0.262211 -0.253171 4.646
220 -0.899441 0.244418 6.18656
220 -0.306165 0.0234724 5.46781
220 0.767303 -0.755214 4.43582
220 0.479505 -0.317688 0.862715
220 0.768451 -0.482442 0.581869
220 0.4926 -1.02465 1.44805
220 -0.721877 0.844753 2.41454
220 0.344598 0.739871 1.69101
220 -0.341042 0.244171 2.57184
220 -0.615312 0.145677 0.0535317
220 0.120058 -0.407791 3.20292
220 0.89861 -0.600302 5.19147
220 -0.668439 0.405001 5.39663
220 -0.278677 -0.121892 5.38873
220 0.548962 0.341046 3.30736
220 -0.0984595 -0.770909 3.04424
220 0.445657 0.89504 1.84101
220 -0.820625 0.749267 6.10115
220 0.819737 0.247409 -1.02242
220 -0.67798 0.250068 3.8773
220 0.934633 0.512361 5.60385
220 0.957678 0.330866 4.61318
220 -0.567232 -0.0727826 3.07182
220 0.845057 0.741233 6.64566
220 -1.01402 -0.278937 3.95806
220 0.221885 0.824112 3.53994
220 1.02986 -0.475454 0.123363
220 -0.896797 0.429707 0.445276
220 -0.263377 0.11338 -0.216427
220 -0.0334971 -0.661999 1.48064
220 -0.686162 0.712827 3.44489
220 0.515065 -0.00142182 2.39256
220 -1.04243 0.166899 6.06417
220 0.227164 -0.00758377 6.22396
220 -0.70224 -0.427031 5.91183
220 -1.07176 -0.328731 0.579212
220 -0.587916 -0.732935 6.20143
220 0.380667 -0.419937 2.74011
220 -0.228514 0.841502 4.79482
220 -0.532412 0.837212 0.840264
220 -0.787572 -0.512885 -0.0366758
220 -0.0300573 -0.556294 0.984943
220 0.133489 -0.777204 0.0525383
220 -0.0191089 0.945384 2.43903
220 1.07459 -0.0268033 4.31908
220 -0.0456679 0.0644595 0.848282
220 1.00103 -0.203138 4.82233
220 -0.498009 -1.01589 2.76197
220 0.368098 0.244419 6.01106
220 0.397492 0.19457 1.95922
220 -0.819995 0.0140774 2.08074
220 -0.785905 -0.808853 2.99189
220 0.560188 -0.240477 6.56221
220 0.329936 -0.447757 5.49246
220 -0.08958 -1.06524 1.2667
220 0.0956684 -0.274973 3.16403
220 -0.676668 -0.65313 4.0521
220 0.85594 -0.653512 5.5775
220 0.0857538 0.996862 4.27932
220 -0.612098 -0.65134 2.59911
220 -0.943794 0.588665 1.65651
220 1.03113 0.323172 2.74415
220 -0.189128 0.0230179 2.22561
220 -0.38738 -0.349665 4.83846
220 -0.443534 -0.8435 0.977415
220 -0.198015 -0.264319 3.65333
220 -1.04017 -0.159923 4.17194
220 0.607177 0.244688 3.91358
220 -0.117357 -0.509115 2.14222
220 -0.932999 -0.023637 5.82594
220 0.422356 0.50921 5.2582
220 -0.025106 -0.358824 5.05055
220 0.379211 0.922933 6.69507
220 -0.377616 0.58278 5.45943
220 -0.174821 0.50387 0.301059
220 0.445947 0.829096 4.28229
220 0.232907 -0.511362 5.31094
220 -0.271433 0.167169 3.52403
220 0.374766 0.627581 5.16556
220 -0.731566 0.393663 1.09392
220 0.57183 0.539546 1.67937
220 -0.741305 -0.204144 1.79515
220 -0.206985 -0.556096 1.87062
220 -0.664134 0.116073 2.36952
220 -0.355814 1.05294 4.43513
220 0.710033 -0.642879 2.29406
220 -0.367205 -0.00194039 6.87333
220 0.52379 0.173185 4.21168
220 0.866707 -0.335427 2.56961
220 0.838292 -0.0474669 2.06959
220 -0.304009 -0.709716 6.01291
220 -0.906095 0.643445 3.89866
220 -0.705612 -0.249081 5.03545
220 -0.318434 0.29332 6.55548
220 -0.891323 -0.280313 -0.101862
220 -0.0706604 -0.828196 2.27126
220 0.882997 -0.716853 2.00171
220 -0.24976 0.952893 4.88915
220 -0.0585557 0.21132 1.34224
220 -0.560758 0.169372 1.17747
220 -0.445058 0.203959 2.5802
220 0.40379 0.100794 0.497636
220 0.309718 0.54169 5.88773
220 0.21079 -0.917215 1.33978
220 1.00201 -0.537253 3.55454
220 0.868245 -0.544678 1.67142
220 0.172418 -0.222495 1.10734
220 -0.417042 0.0036475 3.95309
220 -0.313273 -0.803012 3.43372
220 -0.380883 0.27961 6.12152
220 -0.950778 -0.31967 6.08423
220 -0.454081 -0.110632 2.45953
220 0.426562 0.238614 4.74855
220 0.280999 -0.357862 4.60187
220 0.33163 -0.504973 4.2227
220 -0.560812 -0.676661 3.61688
220 -1.115 0.000256493 0.922038
220 -0.607785 -0.490355 4.0484
220 0.221023 0.287769 0.905959
220 -0.165119 -0.125241 5.59402
220 0.0324886 0.501398 2.76031
220 0.143129 -0.665174 4.82768
220 -0.46704 -0.693533 2.79908
220 0.163124 -0.951117 4.86847
220 -0.161357 0.228397 3.57059
220 0.0936707 -0.074464 -0.172755
220 -0.495585 -0.596159 3.66323
220 -0.0287999 0.841369 6.44019
220 -0.181617 -0.710668 1.74469
220 -0.519943 -0.0392029 1.2219
220 0.96647 -0.598754 1.8669
220 0.179619 -0.541575 6.66377
220 0.134 0.366361 4.10814
220 -0.303511 -1.08904 2.41649
220 0.307601 -0.0446874 5.01262
220 0.372721 -0.720758 4.33685
220 -0.572605 0.109186 3.36015
220 0.32536 -0.685645 0.22529
220 0.380275 0.466467 2.41456
220 0.743124 -0.693418 4.84854
220 -0.234574 -0.501105 3.25571
220 0.282217 0.443868 5.76221
220 0.327951 0.279855 1.77211
220 -0.626073 0.369069 2.91515
220 0.110636 0.176606 2.38575
220 0.23155 0.466209 3.56961
220 -0.772268 0.0490828 4.11519
220 -0.0478637 -1.13239 0.18321
220 -0.220186 0.417142 5.13708
220 -0.993856 -0.521592 0.835042
220 -0.126895 0.895008 5.35387
220 -0.289899 0.547254 5.68774
220 -0.743005 -0.680262 0.974442
220 -0.782265 0.619046 1.17208
220 0.370461 0.145596 1.04707
220 -0.320999 -0.0266313 4.62424
220 0.528865 0.101636 2.01451
220 -0.0876601 -0.557958 5.66768
220 -0.847144 0.622734 0.348064
220 0.550602 -0.119598 4.56615
220 0.0551096 -0.610713 2.96006
220 -0.669164 0.505538 4.01355
220 -0.099661 0.843773 1.50847
220 0.558175 0.970219 1.01361
220 0.261345 -0.946653 3.74073
220 0.198121 0.0368085 3.06398
220 0.338712 -0.192034 2.36061
220 0.860364 0.137471 2.90793
220 -0.584303 0.329422 2.76209
220 0.0641057 0.772739 6.64094
220 0.0792231 -0.889616 4.14433
220 -0.0242238 0.520441 3.94331
220 0.181046 -1.05655 1.83176
220 0.903306 0.0501903 3.88452
220 -0.430383 0.959411 1.31022
220 0.317929 -0.250891 3.84418
220 0.285989 0.719273 3.03168
220 0.538487 0.457968 4.80001
220 0.00713153 0.616962 5.14822
220 -0.171132 -0.410848 3.74458
220 0.745859 0.0943472 1.9523
220 -0.34891 0.804013 2.13149
220 0.736998 0.152113 5.41533
220 -0.714252 -0.103554 3.34548
220 0.368455 -0.238345 0.533849
220 0.490237 -0.668765 2.73432
220 -0.0933607 0.585702 1.80312
220 -0.263634 -0.446013 4.58441
220 -0.870761 0.132438 2.152
220 0.821996 0.675044 0.779259
220 -0.571726 0.045356 0.646352
220 -0.0592247 0.267399 4.82855
220 0.351508 0.579182 2.69533
220 -0.567492 0.721996 5.68538
220 -1.05163 -0.034382 5.42318
220 0.916066 0.121985 0.425533
220 -0.753532 0.731298 1.48273
220 0.965796 -0.316316 6.24571
220 1.02588 -0.291525 4.81937
220 -0.226384 -0.21882 3.50754
220 -0.135927 1.10689 4.41401
220 -0.670031 -0.0108745 4.86445
220 0.228931 -0.624663 5.76008
220 0.614712 -0.722462 1.58475
220 -0.934319 0.0414839 2.27277
220 0.38273 -0.477691 1.31513
220 0.306886 -0.739046 2.32095
220 -0.0926169 1.05401 1.13611
220 -0.272764 0.265764 4.24213
220 0.174413 -0.611237 1.6794
220 -1.09941 -0.198792 1.03073
220 -0.892398 -0.573553 3.39021
220 -0.661743 -0.0693437 0.969384
220 0.70697 -0.405298 -0.349861
220 -0.490093 0.924047 5.83058
220 0.648964 -0.77725 0.685924
220 -0.401726 0.0574063 5.75774
220 -0.24263 -0.707839 1.38551
220 -0.542485 0.445582 1.07044
220 0.200243 0.87809 5.87619
220 -0.106564 0.750334 0.483381
220 -0.294286 -0.396655 2.70215
220 0.428108 -0.692549 3.75942
220 -0.409205 -0.736153 4.47278
220 0.726195 0.77708 5.23326
220 -0.495051 -0.243356 2.20894
220 -0.623789 0.694971 2.83047
220 -0.77507 -0.252727 0.437689
220 -0.159861 0.94337 4.06789
220 -0.508606 -0.653037 -0.047175
220 -0.451552 -0.447795 3.38271
220 -0.0459595 0.743714 6.41377
220 -1.05873 0.345815 2.50418
220 -0.263817 -0.549331 5.11225
220 -0.678437 -0.903095 1.45848
220 -0.813503 -0.690003 2.4188
220 -0.013065 0.239037 2.65507
220 0.00696074 -0.310545 1.95625
220 1.00667 0.507799 3.34466
220 -0.591601 -0.28726 3.01783
220 -0.400468 0.684352 1.75527
220 0.653926 0.679789 5.8569
220 0.744206 -0.058626 3.27785
220 -0.653179 0.18562 4.07129
220 0.834025 0.0201008 -0.148286
220 -0.297931 0.493157 2.7272
220 -0.319844 0.145863 1.14984
220 -0.953615 -0.460869 3.59922
220 -0.868217 0.497023 3.62653
220 1.11634 0.164097 2.84774
220 0.216947 -1.11203 5.03773
220 -0.805357 0.497518 0.623296
220 -0.327141 -0.648264 1.43683
220 0.602497 -0.48148 1.51261
220 -1.03401 0.409937 0.741917
220 0.489249 -0.60712 0.15978
220 0.955136 0.0197032 0.696412
220 0.969693 0.568969 3.18338
220 -0.257834 0.779967 4.48671
220 0.839609 0.188607 5.79643
220 0.68866 0.110695 3.83412
220 0.0442053 -1.06978 0.797742
220 -0.60213 0.208687 2.12016
220 0.037867 -0.0758359 1.53184
220 0.804716 -0.31845 5.49983
220 0.140216 0.129812 3.44338
220 -0.461694 -0.54664 3.68971
220 0.147488 -0.0700964 2.22428
220 -0.544447 -0.777371 4.45329
220 -0.108886 -0.311668 4.58643
220 0.28127 -0.588479 4.16752
220 0.660086 0.222945 5.11633
220 -0.221347 0.144763 2.07428
220 -0.29237 -0.492653 2.60645
220 -0.819265 -0.0541415 0.186412
220 1.08017 -0.345468 5.06584
220 -0.395327 -0.879341 -1.34156
220 -0.226113 -0.313415 1.42627
220 0.574244 -0.764494 3.35993
220 0.446976 0.385341 5.0392
220 -0.217504 0.0759952 5.30175
220 -0.361325 -0.831102 0.651223
220 0.206863 -0.267395 7.24146
220 -0.460667 0.150727 2.32612
220 -0.770699 -0.0166726 4.09047
220 -0.976386 -0.397419 4.37313
220 0.0434051 -0.831215 4.56499
220 1.01635 0.0506448 3.14627
220 -0.829663 0.55981 5.92778
220 -0.56075 0.381438 0.346601
220 -0.403976 0.160231 5.23021
220 0.718525 0.210562 3.94378
220 0.272325 0.290008 4.27541
220 0.71974 -0.800218 0.497066
220 0.644981 0.468645 1.96128
220 0.766134 -0.19505 3.32326
220 0.490272 -0.373649 3.38398
220 0.695592 0.566207 4.71632
220 -0.436632 -0.983401 0.946998
220 0.663271 0.013694 2.19539
220 -0.18794 -0.0762022 2.80481
220 0.849091 -0.273428 5.54059
220 0.285477 -0.203459 6.55098
220 -0.0908851 -0.660134 5.84228
220 0.452417 0.768889 1.71474
220 0.329167 -0.392612 5.99016
220 0.335459 0.428017 1.5162
220 -0.544794 0.897271 3.2651
220 -0.499698 0.558702 2.08879
220 -0.39346 0.220856 5.38161
220 1.13351 0.0132729 1.64321
220 -0.644452 -0.537955 5.0339
220 -0.922745 0.366026 2.00766
220 0.554882 0.760343 1.83264
220 0.101948 0.641874 4.3834
220 -0.288686 -0.859657 0.165467
220 -0.135639 0.54278 4.68457
220 0.79708 0.13834 2.78327
220 -0.518648 -0.723569 5.87356
220 0.0745848 -0.774096 6.02315
220 -0.139394 -0.265966 0.61135
220 -0.425154 -0.155678 0.978147
220 0.151722 -1.1265 1.06492
220 0.326859 0.485561 4.97979
220 0.0312833 -0.359341 1.82937
220 -0.487876 -0.496072 2.43481
220 -0.366939 -1.00623 4.11653
220 -0.0586487 0.893724 3.16932
220 -0.418741 -0.398465 2.02816
220 0.813013 -0.707868 1.1093
220 0.272418 -0.879023 6.45033
220 0.28433 -1.1042 5.05871
220 0.75262 -0.35997 2.89586
220 -0.923112 -0.519412 6.17825
220 -0.636008 -0.437669 0.632725
220 1.0587 -0.413198 0.525576
220 -0.768295 0.110488 1.46996
220 -0.176568 -0.507565 0.195446
220 0.365354 -1.08187 1.86241
220 -0.366928 -1.07046 0.778853
220 -0.962032 0.424084 2.67199
220 0.0904068 -0.173742 0.237927
220 -0.761343 0.1732 2.23849
220 -1.98777e-05 -0.408753 6.64402
220 -0.52138 -0.193633 5.28199
220 0.561222 0.900692 5.58357
220 -0.075152 -0.0775192 5.76739
220 0.0480198 0.941408 1.95274
220 0.436405 0.961562 2.18531
220 0.188358 0.330419 5.41646
220 0.0812231 0.383664 0.6249
220 -0.157023 -1.05686 5.41534
220 0.436315 -0.63245 1.98
220 0.881154 0.234887 2.50683
220 0.768927 0.0326975 2.51835
220 0.337347 0.837681 1.80404
220 0.278906 0.186941 1.03156
220 0.0508056 1.05636 3.09628
220 -0.149581 -0.659361 4.51034
220 0.473373 -0.7263 3.56837
220 0.214281 -0.990491 6.16401
220 -0.458875 0.0473009 4.29848
220 -0.28173 -0.217957 5.80211
220 0.887741 -0.00891194 4.48467
220 0.0073292 -0.21721 4.18799
220 0.947938 -0.0384306 2.3528
220 0.452163 0.318088 2.24466
220 0.927467 -0.660885 4.01219
220 0.549137 0.0441892 6.08124
220 0.227986 -0.455318 3.52914
220 0.446504 0.697906 4.3564
220 0.368134 1.05541 5.55858
220 0.422046 -0.0410364 2.56068
220 -0.755116 0.338262 3.05826
220 0.111755 -1.06838 2.14219
220 -0.0193726 1.05672 2.16801
220 0.609585 -0.22354 5.54966
220 -1.04621 -0.0980141 1.81148
220 -0.0586732 -0.507209 3.34103
220 0.506089 0.799523 5.89032
220 -0.641847 -0.704564 1.57726
220 -1.0505 -0.397577 3.97788
220 0.786694 -0.822167 2.51257
220 0.190959 0.771263 -0.31652
220 0.676662 0.165972 1.56716
220 -0.56049 -0.982682 5.36185
220 0.413677 0.574306 5.80107
220 -0.850785 -0.404283 2.77373
220 -0.17216 0.336681 3.92993
220 -0.200265 0.191794 4.63624
220 -0.768779 0.556874 3.43461
220 0.171075 0.720499 3.60398
220 0.521154 0.571511 6.01315
220 -0.810265 -0.125089 1.02319
220 0.456495 -0.203136 5.63979
220 0.270568 0.503096 1.98372
220 -0.00460769 0.675637 2.0095
220 0.246027 -0.821707 2.58903
220 -0.361804 0.331212 2.82078
220 0.357802 0.321147 2.88522
220 -0.525403 0.66622 0.73809
220 1.01412 0.115811 1.82904
220 0.222159 -0.402679 6.06259
220 -0.17754 -1.11777 2.85961
220 -0.718275 -0.790393 7.05675
220 0.0372708 0.442162 4.69589
220 1.06298 -0.167002 0.209156
220 -0.142615 -0.942264 1.97813
220 -0.313524 0.937984 4.36118
220 1.00068 -0.140253 2.34623
220 -0.494033 -0.148934 2.03152
220 -0.973127 0.181725 0.929501
220 0.606303 0.722478 1.99468
220 -1.09503 0.212363 4.12376
220 0.0198919 0.557159 0.2593
220 -0.916542 -0.151305 2.72696
220 0.38536 -0.596789 5.18721
220 0.639014 0.348023 0.807187
220 -0.54752 -0.494434 4.9478
220 -0.38331 -0.629023 3.86088
220 -0.640252 0.457487 1.03848
220 0.887584 -0.476731 2.42241
220 0.487033 0.426266 2.2536
220 0.25969 -0.697082 4.49546
220 -0.614383 -0.234421 0.362023
220 -0.0420379 -0.88867 4.47623
220 -0.71877 -0.0443014 6.58566
220 0.385927 0.684135 2.46048
220 0.313134 0.625239 2.08405
220 0.410686 -0.13808 3.32164
220 0.135861 0.879448 2.79647
220 0.738254 0.845611 3.39436
220 0.680927 0.890864 1.2446
220 0.593217 0.307163 3.31181
220 0.486377 0.140359 1.12392
220 -0.276462 -0.758389 4.55771
220 -0.602889 -0.3869 3.18934
220 0.744954 -0.300153 2.38916
220 0.305161 -0.807394 5.59591
220 -0.779899 0.283672 5.22542
220 -0.131127 0.0186277 0.510329
220 0.282798 0.0962624 6.28269
220 -0.0822678 -0.358805 0.907137
220 0.099002 0.823993 4.32194
220 0.494468 0.0530297 4.34247
220 0.562527 0.830631 5.5848
220 -0.567708 -0.0115999 -0.0839092
220 0.82443 0.435898 2.03935
220 0.860699 0.297421 4.54767
220 1.10616 0.227263 0.479421
220 0.287394 0.387896 2.86663
220 -0.483572 0.458228 4.9067
220 0.188229 0.382605 1.30612
220 -0.216956 0.679369 3.70916
220 1.03999 0.179245 0.0809372
220 -0.756202 -0.145617 5.19924
220 -0.584048 0.653889 5.23127
220 0.17681 0.93267 2.95033
220 -0.659307 0.585654 2.75427
220 -0.109929 0.260137 6.5702
220 -0.651924 -0.766734 4.46261
220 -0.0194086 -0.948906 1.37192
220 0.541881 -0.509357 3.31065
220 1.05165 -0.235591 1.82578
220 -0.308914 0.352383 4.39916
220 -0.35117 -0.305028 0.559617
220 -0.23665 -0.60519 5.13168
220 -0.290737 -0.312787 4.65102
220 -0.398201 -0.203454 3.67076
220 -0.626748 0.257585 1.25189
220 -0.625918 -0.333242 5.52341
220 -0.159348 -0.0274854 0.208445
220 -0.763105 -0.429008 3.44259
220 0.787698 -0.646676 2.66145
220 -0.248451 -0.81309 2.20142
220 -0.259181 -0.356296 -0.432967
220 0.515576 -0.165801 1.69694
220 0.297995 1.0743 -0.129001
220 -1.00675 -0.343545 2.12804
220 -0.914687 -0.401835 5.1031
220 0.728626 -0.240283 0.743541
220 0.630851 -0.273388 3.17673
220 -0.577208 0.276572 5.16369
220 0.743686 0.314063 3.92927
220 -0.160315 0.0664705 3.85692
220 0.0838581 -1.13123 4.83369
220 -0.155479 -0.769399 -0.161013
220 0.280353 -0.472397 1.53892
220 0.135848 0.530074 6.52954
220 1.04257 0.240542 2.09867
220 0.182338 0.56268 -0.330259
220 -0.0975997 0.159312 5.15442
220 -0.924404 -0.641837 6.42655
220 -0.270006 0.446179 -0.054768
220 -0.0220931 -0.17081 0.501311
220 0.491145 -0.429498 0.761315
220 -0.0229564 -1.06865 2.28349
220 0.62103 0.933718 3.27425
220 -0.987736 0.359735 5.06226
220 0.0394712 -0.267548 5.00686
220 -1.02602 0.231136 1.28753
220 -0.0577257 -0.608539 4.29336
220 0.757919 0.666911 5.09651
220 0.0871452 1.11127 0.160831
220 0.332081 -0.855623 3.25108
220 -0.422566 0.624412 2.34223
220 -0.256612 -0.268572 0.868243
220 -0.987099 -0.065747 4.26454
220 -0.241162 -1.10659 0.798968
220 -0.381209 -0.943775 5.59646
220 0.145133 0.0267253 1.69719
220 -0.169272 1.0489 1.56689
220 0.720402 -0.52641 2.28736
220 -0.771352 0.79917 5.3058
220 -0.376586 -0.255367 2.62955
220 0.133252 0.314725 2.04936
220 -0.0694405 0.374806 4.75649
220 0.227242 0.6078 2.91053
220 0.321217 -0.919209 3.56006
220 -0.0598859 0.689292 5.19125
220 -0.116503 0.313719 4.72637
220 0.434534 -0.348667 5.87438
220 1.03751 0.441597 1.9777
220 0.680309 -0.914826 0.240639
220 0.081388 0.328778 5.24861
220 -0.548679 0.967556 3.8651
220 0.137505 0.230363 4.84459
220 -0.0655965 0.478399 0.597294
220 0.017018 -1.13337 3.48658
220 0.249413 0.237162 2.86751
220 0.479637 -0.0482854 5.38684
220 0.551928 0.692643 4.95462
220 0.825459 0.551749 -0.0997483
220 0.309615 -1.04651 1.8732
220 -0.487706 0.99776 1.28993
220 -0.168375 0.850091 1.38427
220 0.0838824 0.224321 4.00922
220 -0.604623 -0.110604 0.690163
220 0.194852 -0.167165 2.53233
220 0.225688 -0.114125 1.43319
220 -0.0175775 0.0171848 1.22356
220 -0.220754 -0.123771 2.19359
220 0.32273 0.8972 6.1046
220 0.788156 -0.0217725 -0.674628
220 0.809212 -0.154435 0.621445
220 -0.403217 0.374964 0.276876
220 -0.274743 0.390853 1.23059
220 -0.898642 -0.344397 2.25422
220 -0.532892 0.773428 3.23785
220 -0.117548 0.697026 3.38272
220 -0.487191 0.242764 6.12536
220 -0.552987 -0.843977 1.236
220 0.651453 0.406376 4.1591
220 0.0868663 0.49186 4.38997
220 -0.73318 -0.858263 4.21621
220 -0.112151 0.208385 3.2495
220 -0.615454 -0.0423911 3.07139
220 0.496356 -0.883854 4.22447
220 0.828313 -0.214946 2.26871
220 -0.42354 1.02831 5.34915
220 0.826398 -0.439656 4.34541
220 0.225121 -0.354534 1.46844
220 0.802027 0.307594 1.03357
220 0.282386 0.00228207 3.98463
220 0.663995 -0.686714 5.60831
220 -0.925884 -0.0893214 0.350162
220 0.787256 -0.25682 5.13909
220 -0.215656 1.09533 3.30753
220 -0.743118 0.240872 3.37712
220 -0.206501 -0.933458 3.32353
220 1.01328 -0.358321 1.77155
220 0.250475 1.0167 2.92781
220 0.0233112 -0.662404 5.15031
220 0.760406 0.25488 0.583614
220 -0.512991 -0.444255 0.512328
220 -0.363376 -0.0612217 3.76096
220 0.673228 0.821476 5.83917
220 0.637496 -0.178201 3.49743
220 0.160611 1.10411 -0.138694
220 0.567259 0.205268 1.27556
220 0.066156 -0.0263307 2.98975
220 -0.708804 -0.535738 2.66224
220 0.553173 0.265524 6.36403
220 -1.00968 0.295422 3.88851
220 -0.351955 0.0524577 2.40939
220 0.339704 0.00694871 2.60106
220 -0.875504 -0.0435422 3.69617
220 0.0267474 -0.555586 2.73542
220 -0.621014 0.0183958 3.27772
220 -0.213094 0.251667 1.60644
220 -0.103698 -0.0299068 2.72427
220 -0.388812 0.854033 0.64561
220 0.892796 0.56462 3.52046
220 0.895102 -0.0726235 1.16691
220 -0.666549 -0.833322 3.73991
220 0.494701 0.665379 1.38502
220 0.645896 0.604496 2.78106
220 -0.731326 -0.36853 4.09462
220 -0.518251 0.132772 5.33204
220 0.500831 0.730189 4.32386
220 0.925288 0.27183 1.18108
220 0.586533 0.0870366 5.91856
220 0.766446 0.426487 4.97999
220 0.199981 -0.670687 3.39574
220 -0.298508 -1.02593 4.557
220 -0.525864 0.0738136 3.44754
220 -1.08617 -0.262654 4.79619
220 -0.166289 -0.217959 2.04371
220 -0.422305 0.473078 3.40444
220 -0.565072 -0.340904 5.88636
220 -0.217897 0.30363 2.27057
220 -0.0464989 -0.0307406 2.81394
220 -0.768913 -0.0811555 2.52854
220 -0.991657 -0.0020901 2.08195
220 0.556015 -0.99508 5.00466
220 0.276464 0.840986 5.59408
220 0.959403 -0.0970949 5.16676
220 -0.905392 -0.213679 -0.0200888
220 -0.654916 -0.278425 2.46649
220 0.373876 -0.950319 0.390992
220 0.540453 0.628231 5.05833
220 -0.301506 1.0015 0.608485
220 0.959555 0.0843355 5.16077
220 0.619125 -0.95583 2.6178
220 -0.242668 1.03174 5.30453
220 -0.980055 -0.129446 2.41997
220 0.363409 -0.293457 1.26902
220 -0.073522 0.0164488 5.08981
220 -0.0726909 0.110908 2.93412
220 0.00243222 0.179498 3.60288
220 -0.0680126 0.796803 3.58025
220 0.4621 0.0959689 4.22581
220 0.588656 0.59334 1.70344
220 0.279349 -0.646684 2.22488
220 0.157579 -0.722316 1.47806
220 1.132 0.0881124 4.56208
220 0.435405 -0.402207 3.36332
220 0.0315359 0.124685 1.74902
220 0.192315 1.0405 3.89135
220 -0.856511 -0.166052 5.63385
220 1.06905 0.374643 5.51511
220 -0.721159 0.0190725 1.65852
220 0.142104 0.476397 3.18175
220 -0.0608312 1.11322 0.713118
220 0.493657 0.358053 0.461118
220 -0.31973 0.093493 4.15572
220 -0.375951 0.9201 3.51036
220 -0.294711 -0.598203 2.60394
220 -0.633698 0.755447 2.09357
220 -0.102613 0.0639406 4.00024
220 -0.366662 0.986765 2.45347
220 0.654244 -0.448875 5.9855
220 0.629557 0.125742 4.66139
220 -0.625446 -0.168248 2.33106
220 -0.0886661 0.948709 3.36224
220 0.142916 -0.174435 4.34452
220 0.510195 0.228309 1.51989
220 0.25063 -0.160935 2.38012
220 1.01235 -0.0134196 1.93165
220 0.598895 -0.421668 5.38397
220 0.327636 0.679605 5.42154
220 -0.729657 0.669283 5.51802
220 -0.0722542 0.427448 0.301094
220 0.391948 0.862313 4.65848
220 0.495693 -0.953138 2.49118
220 -0.436553 0.734401 4.75986
220 -0.702503 -0.724227 4.84211
