17 -0.261667 0.932763 3.21296
17 -0.100378 -0.683164 5.81221
17 0.632135 0.707153 2.30155
17 -0.50398 -0.951589 5.5797
17 -0.74194 0.356246 4.04036
17 0.830015 0.240216 1.64216
17 1.22399 0.221781 1.49259
17 0.520012 0.884827 2.48302
17 -0.329918 -1.06812 5.70438
17 0.928591 -0.589008 0.588934
17 -0.656094 0.877153 3.55016
17 -0.0362867 -0.985218 5.93258
17 0.487471 1.12544 2.40785
17 -0.252104 -0.794935 5.751
17 0.102746 0.865178 2.88296
17 -0.349898 -0.518124 5.40305
17 -0.83287 0.439647 3.94994
17 0.133357 -0.964524 6.08463
17 -1.03538 0.0625689 4.48721
17 0.873185 0.618128 1.3558
17 1.07688 0.086385 1.1691
17 -0.239477 -0.909859 5.88226
17 -0.233519 -0.600046 0.484021
17 0.621881 1.10832 2.23783
17 -0.818244 0.547558 3.91215
17 0.149909 0.707961 2.82385
17 0.384663 -1.17894 0.465499
17 -0.449808 -1.11132 5.60332
17 -0.734606 -0.650522 5.09212
17 -0.772502 -0.46456 4.90515
17 -0.142246 0.800062 3.18637
17 0.718398 -0.627335 0.524701
17 0.785722 -0.808983 0.470316
17 -0.22554 -0.989395 0.209741
17 -0.327024 -1.00898 5.67556
17 0.377546 -0.784323 0.426059
17 0.175318 1.00794 2.77862
17 -0.00637178 0.667631 3.04983
17 -0.86131 -0.19632 4.67707
17 -0.51206 -0.997376 5.53313
17 -0.57473 -0.461734 5.12405
17 0.736693 -0.601116 0.48812
17 -0.768329 0.1067 4.39524
17 -0.707778 -0.494135 4.97956
17 0.840347 0.590913 2.04252
17 0.503764 -0.447921 0.421776
17 -0.661762 0.122767 4.26297
17 0.200812 -0.83382 6.16863
17 0.52788 -0.513391 0.346102
17 -0.600178 -0.685954 5.24403
17 0.418579 0.647492 2.49687
17 1.06314 -0.694294 0.829717
17 0.347974 1.24283 2.4804
17 -1.14594 -0.603751 5.07789
17 -0.815278 -0.664361 5.16285
17 -0.297788 1.04348 3.20077
17 -0.927688 -0.396903 4.79498
17 0.263235 -1.18889 1.13466
17 -1.01859 -0.786572 5.2237
17 -0.618406 -0.951642 5.36114
17 -0.940297 -0.223868 4.59371
17 0.692643 0.717822 2.31378
17 -0.489707 -0.546823 5.23058
17 -0.332685 0.484022 3.55638
17 -0.695241 -1.03585 0.341004
17 0.517155 -0.642113 0.261514
17 0.219555 1.20562 2.56786
17 0.406561 -0.826121 0.117037
17 0.820702 0.951345 2.15813
17 -0.977282 0.0216384 4.5092
17 0.0666781 0.914809 2.92958
17 -0.466334 0.398987 3.77378
17 0.959447 -0.73948 1.1804
17 -1.01917 -0.269796 4.63843
17 -0.788367 -0.15683 4.63819
17 -1.09634 -0.112607 4.65573
17 0.22663 0.176387 0.904721
17 0.453763 -1.17069 0.498075
17 -0.0409213 -0.761058 5.91619
17 -0.601636 0.95404 3.38741
17 -0.853413 0.0153732 4.35775
17 -0.432271 -1.07395 5.74482
17 0.0928108 -0.775943 6.06042
17 1.21465 -0.358666 1.49257
17 -0.801985 -0.931896 5.74232
17 1.25576 -0.363029 1.28454
17 -0.123994 0.70525 3.16185
17 1.27887 0.504111 1.59101
17 -0.451962 -0.41398 5.16898
17 0.412232 -0.97439 0.276796
17 1.29319 -0.237756 1.22484
17 1.29633 0.171122 1.3844
17 -0.591176 -1.16893 6.08376
17 -0.303079 -1.04131 5.66622
17 0.573204 -0.603583 0.35591
17 -1.06366 0.146234 4.31368
17 -0.160002 0.724619 3.19919
17 0.23305 -0.88739 6.22519
17 -0.966792 -0.166855 4.5991
17 -0.115763 -0.905272 5.7845
17 -0.686703 1.04829 2.91063
17 0.804226 -0.748068 0.615897
17 -0.744045 0.743486 3.5385
17 0.447174 1.24757 2.2085
17 1.25424 0.0284949 1.13457
17 -1.08919 -0.371523 4.64034
17 0.945077 0.551936 1.66739
17 -1.18204 0.226403 4.24373
17 1.01189 0.831879 1.73581
17 -0.653587 0.410733 3.88644
17 -0.966505 0.761881 3.68065
17 0.578912 0.884522 2.403
17 1.29869 0.317049 1.42544
17 -0.106505 -1.00697 5.82282
17 -0.415514 1.19344 2.75771
17 0.812219 -0.71032 0.515033
17 0.677601 -0.484631 0.479203
17 -0.320853 1.21945 2.45079
17 -0.296563 -0.875675 5.66674
17 -0.676919 0.930884 3.2269
17 0.963843 0.292976 1.77036
17 -0.58481 -1.08212 5.61082
17 -0.657729 -0.829797 5.38108
17 1.05436 -0.326067 1.02316
17 -0.330794 0.751061 3.41934
17 -0.456686 -1.16384 5.78776
17 0.919939 -0.881404 0.9395
17 -0.875455 0.334788 4.16041
17 -0.201198 -0.563839 5.62001
17 0.380818 0.900626 1.2436
17 -0.0994166 1.07118 2.95625
17 -0.513744 -1.09816 5.60935
17 -1.07702 0.247048 4.19253
17 0.108732 -0.857363 6.03373
17 0.362158 -0.69392 0.097497
17 0.750309 -0.232633 0.686018
17 -0.482338 -0.74008 5.40254
17 -0.662225 -0.942256 5.36136
17 -0.985872 0.818352 2.96545
17 0.926547 0.0686784 1.43016
17 0.859453 0.858419 2.18091
17 1.07398 0.0301327 1.13687
17 1.16859 0.340578 1.32416
17 -0.114291 -0.949001 5.82824
17 -0.24746 -0.551091 5.54591
17 0.0347199 0.909174 2.92797
17 -0.661285 0.749408 3.64114
17 1.32226 -0.0106291 1.37914
17 -1.03649 0.154173 4.37871
17 -0.895232 0.0557883 4.46615
17 -0.423397 1.07353 3.18364
17 0.27071 -1.1571 0.0357403
17 0.0764465 -0.916056 6.06149
17 -0.606912 0.888876 3.35082
17 0.710802 0.953496 2.34734
17 0.494858 0.589363 2.38787
17 -0.0977325 -1.18538 6.00485
17 -0.618441 -0.935995 5.58053
17 -0.73694 -0.281199 4.71991
17 1.11945 0.0505494 1.33234
17 -0.909281 -0.745823 5.17499
17 0.397449 -0.158805 0.622373
17 -0.159048 -0.956611 5.76258
17 1.04203 0.485721 1.33915
17 -0.902435 0.809332 2.45431
17 -0.0552987 -1.27995 0.0674514
17 0.837105 -0.791789 1.39421
17 -0.248666 -0.945313 1.3927
17 0.0512511 1.0299 2.82967
17 -0.262284 -0.71416 5.66725
17 1.10363 0.608886 1.71779
17 -0.421147 1.0197 1.73061
17 0.373548 0.834615 2.60618
17 -0.840809 0.109174 4.38022
17 0.840784 -0.563951 0.54786
17 0.856877 -0.382743 0.743101
17 0.778572 0.360653 1.0301
17 -0.704673 0.597185 3.79673
17 1.25831 -0.307496 1.19264
17 -0.717457 0.974811 3.46738
17 0.0904448 -0.699371 6.08028
17 0.775201 0.751741 2.11054
17 0.851889 -0.355549 0.694708
17 -1.06427 0.427577 4.02397
17 -0.580232 -0.839744 5.34097
17 -0.542571 -0.562354 5.13813
17 -0.392973 0.688385 3.4829
17 0.856591 0.982289 1.97389
17 -0.572979 -0.940087 5.49656
17 0.434373 -0.75964 0.170356
17 0.256187 -0.98993 6.23902
17 0.798529 0.966478 2.13941
17 -1.014 -0.0248465 4.55674
17 0.752926 0.490387 1.23962
17 1.2559 0.350903 1.80296
17 0.583706 0.778768 2.45184
17 0.166848 0.937799 2.80886
17 -0.880469 0.462031 3.90411
17 -0.345811 1.05135 3.25113
17 1.01143 0.469199 2.04256
17 -0.183079 -1.0155 5.78426
17 -0.545722 -0.867395 5.37724
17 0.991885 -0.717293 0.618608
17 0.0780002 -1.20781 6.18526
17 0.375647 0.570348 2.52052
17 -0.830658 -0.596648 4.99301
17 -0.938562 0.310156 4.03385
17 -0.697349 1.01506 3.35898
17 -0.670758 -0.481291 5.04743
17 -0.0149225 0.969087 2.99565
17 -0.716177 -0.22106 4.71221
17 1.09179 -0.556255 0.848206
17 0.831853 1.02203 1.67703
17 0.945073 -0.319619 1.61194
17 -0.0709722 -0.998318 5.85704
17 0.0426493 1.09261 2.82252
17 -0.530941 1.0677 3.34829
17 0.540356 0.95236 2.39081
17 0.505273 -0.883424 0.139103
17 0.0327504 -1.06641 6.01195
17 1.17536 0.25798 1.2789
17 0.846979 -0.980365 0.975092
17 -0.0136364 0.636262 3.04034
17 0.445381 0.902019 2.4354
17 1.17319 0.0684266 1.20283
17 -0.848929 -0.793157 5.12689
17 0.968494 -0.677408 0.73526
17 1.18404 0.166896 1.21292
17 0.424097 -0.789781 0.178777
17 0.488831 -0.905805 0.153339
17 0.186144 -0.903889 6.12962
17 1.06606 -0.282124 0.98912
17 -1.05922 0.107013 4.23422
17 -0.761576 1.03568 3.11359
17 -0.687975 -0.946962 5.48684
17 0.753434 -1.02529 0.888301
17 -0.742632 0.971224 2.98493
17 0.602551 -0.756441 0.391983
17 0.480404 -1.06401 0.432993
17 0.497786 0.776768 2.4736
17 1.15924 -0.427379 1.01558
17 -1.04995 0.654405 3.66801
17 -0.329354 -0.774609 5.57442
17 0.460616 0.166117 0.7609
17 1.02776 0.105123 1.06552
17 1.11126 -0.301986 1.18018
17 -0.975516 0.377468 4.14523
17 0.101429 -1.18204 6.11288
17 0.855093 0.757018 2.00279
17 -0.191072 0.889315 3.22503
17 -1.10329 0.155078 4.23167
17 0.254594 -0.938279 6.23564
17 -0.729187 1.05925 3.13252
17 1.34571 0.0244315 1.35885
17 0.372407 1.156 2.32825
17 1.01244 0.154675 1.10932
17 0.356797 -1.14659 1.33849
17 -0.332677 1.01928 3.21837
17 0.827115 0.597948 1.87882
17 -0.842664 0.182568 4.25415
17 -0.468418 -1.09927 0.904823
17 0.828498 -0.0518238 1.09895
17 -0.960655 -0.029857 4.56108
17 -0.558036 0.278024 4.0103
17 -0.96097 -0.700253 5.04532
17 -0.183065 0.816149 3.25453
17 -0.379124 0.861631 3.37085
17 0.310556 -1.10828 0.126655
17 -0.42329 0.784566 3.47316
17 0.343327 -0.652718 0.13522
17 -0.494767 0.93645 3.44012
17 0.874307 0.464026 1.88699
17 0.0403986 0.607204 2.9392
17 -0.533113 0.186442 4.10879
17 0.826936 0.0901857 1.18385
17 -0.160318 -0.787025 5.70657
17 -0.697872 0.751005 3.67283
17 -0.272586 0.770511 3.27311
17 -0.430076 -1.03168 5.70395
17 -0.255573 -0.926528 5.6889
17 0.505665 -0.828508 0.278623
17 1.04741 -0.582236 0.94872
17 -1.1824 -0.26971 4.63438
17 -1.1618 0.126567 4.22614
17 1.14656 0.00861372 1.60282
17 0.929718 -0.176319 1.01857
17 -0.111109 -1.14162 5.93757
17 -1.13244 -0.0877709 4.5166
17 -0.450223 -0.663182 5.53949
17 0.701579 0.392165 2.18229
17 -1.11859 0.30281 4.09904
17 -0.184658 1.18653 2.47475
17 0.187502 1.12785 2.54209
17 -0.96013 0.232046 4.21192
17 -1.06382 0.192585 4.35742
17 1.13925 -0.427578 1.10423
17 0.903253 -0.680269 0.727814
17 0.856975 0.250887 1.05378
17 -0.298098 0.986832 3.26597
17 -0.0119084 1.13241 2.8135
17 0.667923 0.509669 2.14073
17 -0.464908 -1.09416 5.71559
17 -0.575027 -0.150631 4.6755
17 -0.684518 -0.64253 5.15183
17 1.16987 0.00400349 1.14001
17 -0.440676 -1.21088 5.98205
17 -0.755774 -0.308908 4.84686
17 -0.395944 -0.89032 5.51726
17 -0.688219 -1.00037 5.43644
17 1.12317 -0.0768335 1.3243
17 -0.510572 -0.80588 5.40159
17 0.929522 0.13361 0.961032
17 -1.05104 -0.560718 5.08559
17 -1.07118 0.00166682 4.4652
17 0.932202 0.311466 1.28214
17 -0.205527 -1.21211 5.91865
17 0.307392 -1.03711 6.25923
17 0.924222 -0.530878 0.696961
17 0.00137744 0.707925 3.03008
17 -0.695604 -0.358704 4.90414
17 -0.941457 -0.119373 4.39338
17 0.387359 0.720718 2.60202
17 0.519169 -0.792381 0.257878
17 -1.16179 -0.137039 4.69791
17 0.610503 -1.05859 0.338538
17 0.382117 0.511411 2.55962
17 -1.11072 0.355719 4.19771
17 0.479085 -1.10169 1.11036
17 0.605119 1.16631 2.16395
17 0.722663 -0.667338 0.507683
17 0.83837 -0.101679 0.817064
17 0.576043 1.16797 1.96073
17 -0.789278 -0.642015 5.0787
17 -0.566342 0.510402 3.75973
17 -0.941755 0.44466 3.98588
17 -1.03518 -0.000990467 4.32083
17 0.185161 0.68089 2.8338
17 -0.876317 -0.678138 5.04204
17 -0.638971 0.512831 3.81563
17 -0.642423 -1.08044 0.43333
17 -1.03703 -0.148839 4.64006
17 -0.381305 -0.926802 5.61828
17 1.04713 0.733643 1.55
17 0.324176 -0.940803 0.000540071
17 0.793267 -0.433292 0.605372
17 0.75699 0.803727 1.73968
17 0.255915 -0.785742 6.22179
17 0.308428 -0.0569382 0.730277
17 -1.08906 0.16593 4.37546
17 -1.2053 -0.196989 4.59263
17 -0.672343 -0.928258 5.69473
17 -0.961273 0.709428 3.65864
17 0.512873 -0.516709 0.475865
17 0.608081 -0.888012 0.344112
17 0.546666 -0.829133 0.20607
17 -0.48211 0.980795 3.23901
17 0.78962 -0.625211 0.584453
17 0.321692 0.981793 2.64257
17 -0.0515016 -0.606301 0.0407114
17 -0.318005 -0.123674 1.89585
17 0.756588 -0.852776 0.68366
17 0.539126 -0.774147 0.219773
17 0.820549 -0.152989 0.983053
17 -0.446603 0.824765 3.40683
17 -0.0938461 -0.783494 5.84798
17 -1.01741 0.359914 4.0545
17 1.07337 0.582082 1.37041
17 0.569349 -0.96338 0.194695
17 0.670387 0.693835 2.26704
17 -1.15583 -0.236531 4.68375
17 0.743141 0.16494 1.10024
17 -1.10698 -0.231547 4.81317
17 1.04589 -0.104747 1.34844
17 -0.680054 0.0592325 4.43174
17 0.898834 -0.653428 0.615135
17 1.16842 -0.492233 1.27296
17 -1.02242 -0.656158 5.05773
17 -1.06349 -0.12975 4.55985
17 -1.00323 -0.375761 4.99078
17 -0.321098 1.14115 3.0815
17 -1.07566 -0.723817 5.17256
17 -0.282691 -1.18472 6.11674
17 -0.206656 -0.991286 5.82053
17 -0.726238 0.0171529 4.36825
17 -0.437173 0.682234 3.54987
17 0.829669 0.791665 1.96187
17 -0.976649 -0.130265 4.60676
17 0.916034 0.780586 1.69819
17 -0.998954 -0.707805 4.99801
17 -1.2316 0.249458 4.00861
17 -0.478249 -0.977679 5.50336
17 0.75912 0.208089 0.937964
17 -0.617761 0.177674 4.22723
17 0.432078 1.11026 2.49521
17 -0.631823 0.118487 4.29306
17 0.0333135 0.953626 2.9022
17 -0.591298 0.267008 3.99739
17 -0.893255 -0.659327 5.08274
17 0.751591 -0.828583 0.488827
17 0.750529 -0.677633 0.443143
17 0.157189 -1.15619 6.20573
17 0.741653 0.723042 2.11012
17 0.239755 -1.03466 0.0266698
17 -0.680745 -0.865116 5.39773
17 -0.544689 0.541122 3.74199
17 -1.21154 -0.22863 4.528
17 -0.925738 0.734124 3.61108
17 0.703803 -0.854862 0.465357
17 -0.113665 0.916004 3.07219
17 -0.653395 0.452504 3.86322
17 0.822199 -0.226422 0.762179
17 -0.269717 -1.25981 0.413045
17 -0.236084 0.686428 3.32309
17 -1.06808 -0.0378934 4.45186
17 0.11649 -1.12256 0.011367
17 0.315428 0.903942 2.74164
17 -0.901775 -0.000592679 4.36936
17 1.10737 0.507123 1.51354
17 -1.23257 0.173389 4.15224
17 0.896134 0.963446 2.0288
17 -0.962165 0.083508 4.42144
17 0.425515 -1.20442 0.693591
17 -0.613306 0.399444 3.90045
17 1.19971 0.205356 1.5634
17 1.15227 -0.246506 0.87842
17 -0.139036 1.17616 2.89619
17 0.230138 0.848991 2.78553
17 0.298272 0.735443 2.65656
17 0.283652 1.19515 2.53596
17 1.04843 0.0688476 1.53827
17 -0.703805 0.817366 3.40548
17 0.671253 -1.02931 0.46374
17 -1.07311 0.546635 3.63169
17 1.22772 -0.321638 1.25146
17 -0.19859 -1.06061 5.7389
17 -0.504776 0.540912 3.68639
17 0.533016 1.19882 1.96946
17 -0.433099 0.48317 3.65315
17 -0.139345 -0.882896 5.77735
17 0.400209 -0.526458 0.22756
17 -0.0731287 -0.630159 5.8647
17 0.576021 -0.455987 0.462187
17 1.08647 0.36492 1.58862
17 1.15366 0.598264 1.54601
17 -0.601716 0.296518 4.05083
17 0.998105 0.674262 1.82565
17 -0.104588 0.67868 3.18247
17 0.244056 -0.615901 6.25954
17 -0.559356 -0.968587 5.46726
17 -0.984919 -0.224298 4.70609
17 -0.469702 -0.891427 5.53942
17 -1.10362 0.0853568 4.1868
17 1.05659 0.56219 1.52665
17 0.676149 -0.66587 0.455163
17 -0.478676 0.458302 3.75786
17 1.14172 0.62832 1.52493
17 0.651728 0.559151 2.1647
17 -0.777729 0.730569 3.69796
17 1.12503 -0.542341 1.35585
17 -1.12434 -0.590386 4.9458
17 -0.843348 0.0414222 4.36929
17 -0.431478 0.86566 3.39777
17 0.572901 0.806614 2.4343
17 0.606445 0.62362 2.23256
17 -0.252837 1.25578 2.716
17 -0.722153 -0.796741 5.34076
17 -1.22913 0.309006 4.12131
17 -0.176404 -0.652836 5.69134
17 -0.406237 -0.620731 5.33225
17 0.428393 0.579855 2.49341
17 -0.0423513 -0.872115 5.85926
17 -0.000469611 1.07143 2.80505
17 0.193128 -0.738223 6.14574
17 0.356003 1.07588 2.57118
17 0.317861 1.19546 2.55135
17 0.63001 0.468642 1.32974
17 -0.544069 -1.10711 5.64467
17 0.675668 -0.545289 0.404459
17 -0.0668899 -1.04436 5.98358
17 -0.195802 -0.764542 6.108
17 0.0574124 0.962417 2.94241
17 0.533903 -0.956283 0.184757
17 -0.6417 -0.738618 5.47409
17 -1.0993 -0.512386 4.90664
17 -0.8012 0.436064 4.01554
17 -1.048 0.483094 3.85506
17 -0.167268 1.20195 2.71815
17 0.706653 -0.894943 1.37446
17 0.778664 0.412478 2.05653
17 1.10314 -0.140374 1.19719
17 -0.883183 0.307623 4.13721
17 0.181279 0.350429 2.43152
17 1.21303 0.333874 1.88315
17 -0.00617143 1.21392 1.90027
17 1.07135 0.421309 1.53192
17 -0.328751 0.97704 3.27153
17 1.04066 0.214361 1.82876
17 0.463589 0.961819 2.54156
17 -1.15484 -0.471682 4.77984
17 0.727452 1.06673 2.12295
17 -0.948582 -0.627403 4.95494
17 1.1509 0.198842 1.75854
17 -1.05326 -0.504495 4.80914
17 -0.79854 -0.416794 4.87782
17 0.646481 -1.00967 0.335843
17 -0.2436 -1.17803 5.90202
17 0.835712 -0.578842 0.691605
17 0.693857 0.785173 2.29046
17 0.0349698 -1.15168 0.134117
17 -0.719098 0.218348 4.19083
17 -0.820904 -0.00538516 4.41073
17 -0.47865 0.596299 3.6111
17 -0.881677 0.633047 3.84848
17 0.0316744 1.17706 2.59668
17 0.879971 0.250863 1.39304
17 -0.938436 -0.187713 4.59231
17 1.23715 0.322404 1.52837
17 0.313109 -0.736539 0.0163276
17 -0.718196 0.954038 3.32772
17 0.779272 -0.493321 0.62595
17 -0.835247 -0.49687 4.86708
17 1.14406 0.0527038 1.55122
17 -1.00484 -0.601817 5.02717
17 1.13383 -0.436231 1.40032
17 0.154561 1.15601 2.72729
17 0.239118 -0.750617 6.18852
17 -0.527079 0.452662 3.74107
17 0.400481 0.851703 2.56461
17 0.0406248 0.694452 2.99499
17 -0.997426 -0.103082 4.65103
17 0.967327 0.919524 1.94117
17 0.500516 0.70175 2.4351
17 0.722005 0.614891 2.1401
17 0.947521 0.0910584 1.19028
17 0.2824 -0.706612 6.24787
17 0.87572 0.672803 2.00728
17 -1.14879 -0.330558 4.6183
17 -0.387432 -0.5752 5.36304
17 -1.19205 0.0529963 4.27837
17 -0.259996 -1.12569 5.80391
17 0.999601 0.719639 1.83309
17 0.0373317 -1.22692 6.1844
17 -0.611381 -0.628801 5.2842
17 0.661452 0.908443 2.17522
17 0.167971 1.0816 2.75823
17 -0.783937 0.199301 4.16863
17 -0.270007 1.05146 3.20531
17 -0.194531 -1.09203 5.74859
17 -0.62846 -0.558045 5.10389
17 0.0289599 1.06253 2.8885
17 0.180901 0.893504 2.84348
17 1.09287 0.434714 1.25026
17 0.963137 -0.638363 0.771999
17 1.27836 0.102433 1.52768
17 1.00487 -0.78656 0.907193
17 -0.390776 0.531414 3.64354
17 0.781984 -0.954432 0.833474
17 0.780654 -0.278565 0.731176
17 -1.04095 0.56345 3.88464
17 -0.117753 1.14886 2.81339
17 -0.84089 -0.556076 5.00665
17 0.0766833 -0.841938 6.01433
17 -0.167868 -0.719064 5.69653
17 -0.986507 0.522718 3.95444
17 0.116902 -0.936651 6.07229
17 0.953723 0.498339 1.65891
17 0.979063 -0.609314 0.764075
17 0.145526 -1.05337 6.14601
17 0.618905 -0.817296 0.338095
17 0.171504 -0.784945 6.11537
17 -0.599773 0.539687 3.79998
17 1.18996 0.129071 1.21412
17 -0.53349 0.874197 3.46168
17 0.978819 -0.700412 0.864808
17 0.439767 1.0062 2.55015
17 -0.357057 0.634197 3.4848
17 -0.603164 -0.239787 4.77255
17 0.96771 -0.813772 0.902226
17 0.517337 -0.946854 0.352996
17 -0.828024 -0.25261 4.65254
17 0.698601 0.535386 2.14169
17 0.78799 -0.931363 0.628414
17 -0.828958 -0.178725 4.65579
17 -0.64095 0.963645 3.39747
17 -0.0311319 -1.03284 5.95961
17 -0.891665 0.887888 2.83754
17 -0.659335 0.191779 4.19908
17 -0.119064 1.27818 2.40389
17 -0.504196 0.273572 3.98496
17 -1.20769 -0.0350138 4.4478
17 0.981507 0.7514 1.46367
17 0.958804 0.306634 1.43764
17 0.0389731 1.12149 2.75614
17 -0.240362 -0.812069 5.67498
17 -0.898576 0.222091 4.24909
17 0.835155 -0.242622 0.890166
17 1.26873 0.388487 1.71359
17 -0.872125 0.258247 4.23616
17 -0.541298 1.0055 3.3888
17 0.251187 1.08932 2.6332
17 0.13256 1.02623 2.83416
17 0.513603 -1.02073 0.258665
17 -0.779433 -0.226283 4.67468
17 -0.374535 0.486691 3.60222
17 -1.18169 0.179012 4.26067
17 -0.444247 0.743193 3.52267
17 0.140897 0.596012 2.74965
17 0.996261 -0.106118 0.95941
17 0.808748 -0.811803 1.54941
17 -1.05569 0.34556 4.19609
17 -1.00656 0.406796 4.12436
17 -0.710084 0.179871 4.23238
17 1.20797 0.0184806 1.26425
17 -0.0520935 -1.08167 5.95095
17 0.354863 0.228014 0.906581
17 0.0871326 -1.0613 6.08558
17 1.12342 0.109947 1.38548
17 1.01795 -0.267942 0.810298
17 0.872682 -0.258389 0.832988
17 0.813162 -0.0370847 0.845342
17 0.897191 0.853861 1.9101
17 -0.508941 -0.85483 5.56626
17 1.08823 -0.0965235 1.45153
17 -0.484398 -0.937468 5.52109
17 1.06602 0.532893 1.55857
17 -0.856814 -0.514425 4.96451
17 -0.292467 0.651064 3.4312
17 -0.980381 0.759743 2.6952
17 0.856806 -1.00112 0.727335
17 0.287189 1.23508 2.20892
17 -0.920086 0.496002 3.9939
17 0.145063 1.20089 2.54873
17 -0.744638 -0.732481 5.11602
17 0.698273 -0.241813 0.678801
17 0.0812298 -0.810012 5.99954
17 0.688888 0.957581 1.39926
17 0.212479 1.13117 2.68274
17 1.2487 0.365787 1.40796
17 -0.886735 -0.775774 5.14501
17 -0.780741 -0.35825 4.80567
17 0.889704 0.917213 1.69586
17 0.882225 0.427225 1.90116
17 0.673706 -0.565298 0.523849
17 -0.838708 -0.226709 4.65742
17 0.391888 0.929999 2.5685
17 1.22445 0.46149 1.3856
17 0.0343975 -0.950316 6.20517
17 0.353478 -0.627657 0.0877562
17 1.27358 -0.351914 1.166
17 -0.968019 -0.0669329 4.60823
17 -0.497166 1.04138 3.36919
17 -0.522239 -0.676175 5.29062
17 -0.320392 -0.692469 5.52368
17 0.341256 0.664686 2.61665
17 -0.0105112 -1.18947 6.09548
17 -0.937497 -0.515618 4.91982
17 -0.620758 -0.89255 5.3924
17 -0.493037 0.895198 3.43894
17 0.768279 -0.597849 0.501172
17 0.975746 -0.382098 0.898425
17 -1.0716 -0.59318 4.92391
17 -0.502876 -1.03812 5.55833
17 0.286295 -0.924515 6.24928
17 -0.228284 0.973997 3.20839
17 -1.00657 0.0303597 4.52617
17 -0.0541337 1.11965 2.78125
17 0.220732 0.977216 2.77929
17 0.133724 -1.11008 6.21616
17 0.490281 0.494779 2.42665
17 -1.00964 -0.199786 4.50098
17 -0.903143 -0.629815 5.08279
17 -0.740829 -0.960655 5.55372
17 -0.463806 -0.917814 5.48179
17 0.605389 0.573934 2.21139
17 -0.655251 0.997937 3.26906
17 -0.798626 0.753003 3.69058
17 -0.733325 -0.0187996 4.38596
17 -1.04802 -0.198087 4.5957
17 -0.530528 -0.262002 4.85539
17 0.749277 0.0262087 0.832266
17 -1.06365 0.636324 3.14627
17 1.21107 0.00296784 1.48536
17 -0.153628 1.08508 3.03115
17 -0.670664 -0.602626 5.10941
17 -0.743936 -0.22495 4.64463
17 -0.0672712 0.762453 3.08907
17 -0.28215 0.544549 3.44967
17 0.357345 0.728416 2.57597
17 -0.197332 0.75377 3.24727
17 -0.817355 -0.950453 5.39654
17 -0.791856 -0.612331 5.16725
17 0.999214 -0.362972 0.777197
17 0.00686743 0.763437 3.03975
17 -0.752472 -0.0652608 4.47132
17 0.298053 -1.01308 0.0499029
17 0.829015 0.702001 2.07423
17 -0.835085 0.557776 3.64678
17 0.59317 -0.521531 0.397613
17 -0.703545 -1.04536 5.49826
17 -0.0251212 0.735159 3.07507
17 -0.765808 -1.03655 5.48827
17 1.02338 -0.750071 0.824748
17 0.265277 1.17842 2.40155
17 0.495161 1.1891 2.35252
17 -0.387901 -0.778228 5.53305
17 -0.925359 -0.0876754 4.5416
17 -0.999852 0.220018 4.34814
17 0.379662 1.07322 2.63294
17 -1.25956 0.0550956 4.3851
17 0.93581 0.675052 1.29912
17 0.257592 -1.06683 0.0216989
17 -0.51397 0.635264 3.6419
17 -0.0335696 0.825147 3.04302
17 0.939536 -0.216531 0.801032
17 0.397838 -0.916941 0.163194
17 0.346776 -1.21328 0.242865
17 0.15289 -0.60471 6.2073
17 0.0771832 1.15666 2.72325
17 0.373155 -0.760809 0.167591
17 0.0495946 0.816988 2.95512
17 0.635335 0.401178 2.16626
17 -0.947101 0.0186998 4.48179
17 -0.377531 -0.673952 5.49752
17 -0.948362 -0.0924707 4.42852
17 -0.982941 0.159823 4.34984
17 -1.02276 -0.112672 4.46659
17 -0.798398 0.504237 3.87892
17 1.19766 0.598289 1.64539
17 -0.681782 -0.00673709 4.43596
17 -0.215688 -0.618963 5.66958
17 -0.416055 0.58437 3.60465
17 0.329542 1.13586 2.58932
17 -0.413502 0.999289 3.23074
17 0.186197 0.852956 2.81661
17 -0.917525 0.304943 4.14649
17 0.82834 0.0103742 0.884231
17 -0.389645 1.1273 3.13987
17 -0.425536 -0.603903 5.3283
17 -1.11174 -0.363255 4.6758
17 1.21023 -0.254963 1.0617
17 0.791015 -0.767347 0.693299
17 -0.334091 0.524214 3.55472
17 -0.574483 -1.11743 0.542271
17 0.456921 -0.641446 0.203819
17 -0.431637 -0.515425 5.26261
17 -0.353376 0.938769 3.31988
17 -0.755864 0.802542 3.61392
17 0.864988 0.729536 2.02781
17 -0.145304 1.02435 3.04334
17 -0.250613 -1.01205 5.87485
17 0.515818 1.09582 2.38449
17 -0.245851 0.873488 3.20527
17 -0.223667 -1.26734 0.237426
17 -0.784284 -0.965415 5.36762
17 1.1183 0.640261 1.46118
17 -1.13494 -0.44961 4.86188
17 -0.936634 0.177378 4.17919
17 1.16242 0.492972 2.00243
17 -1.09486 -0.323122 4.73757
17 1.04472 0.348718 1.77836
17 -0.126481 0.949512 3.11439
17 -0.354367 0.886434 3.34669
17 0.861076 1.00473 1.80999
17 1.07716 0.335542 1.64418
17 -0.222751 -0.65689 5.62556
17 0.542275 -1.00569 0.232887
17 0.245199 0.645518 2.70833
17 -0.259666 0.979567 3.19557
17 -0.531712 -0.921354 5.5632
17 -0.302463 0.856254 3.27986
17 -0.816214 0.333271 4.01191
17 -0.874433 -0.0876914 4.51952
17 -0.550575 0.00284123 4.39435
17 -0.147612 -1.21753 6.02087
17 0.197181 0.978132 2.73989
17 1.31756 0.400875 1.56794
17 -0.790823 -0.393435 4.95569
17 0.776113 0.531823 1.79794
17 0.94738 -0.359776 0.893966
17 -0.430447 1.15802 3.04617
17 -0.649579 -0.417044 4.97554
17 -0.600588 -0.596529 5.13645
17 -0.560722 -0.798341 5.30726
17 0.645819 0.848867 2.31917
17 -0.556011 -1.04707 5.80206
17 -0.920407 -0.683465 4.99955
17 0.687907 -0.774571 1.55582
17 1.10083 -0.449069 1.09643
17 -0.610088 0.477262 3.85427
17 -0.217316 -0.75802 6.25448
17 -0.551289 0.752839 3.56109
17 -0.248291 -1.03617 5.78333
17 0.593833 -1.07346 0.587973
17 0.424317 0.617924 2.52111
17 0.0104921 1.02903 2.82976
17 -1.12633 -0.431137 4.92453
17 -0.196359 -1.154 5.80208
17 -0.148423 0.659142 3.19116
17 0.885893 -0.568281 1.61127
17 -0.813821 -0.718221 5.45677
17 1.00722 0.311047 1.89898
17 -0.475428 0.687863 3.54225
17 -0.335449 0.811069 3.35293
17 -0.733122 0.198789 4.07091
17 1.15636 -0.380333 0.980937
17 -0.698824 -0.810663 5.32189
17 -0.933132 -0.3801 0.947837
17 0.283368 1.00434 2.64975
17 -0.642176 0.626214 3.70674
17 -0.806463 0.0729323 4.20338
17 -1.16632 0.266582 4.2474
17 0.513777 -0.713716 0.258345
17 0.171158 -1.06631 6.13719
17 -0.659419 0.254394 4.16231
17 -0.444151 0.899899 3.34854
17 1.02716 -0.435808 0.973781
17 -0.686123 0.923805 2.82137
17 -0.341507 1.08701 3.19609
17 -0.568116 0.672928 3.63735
17 0.24272 0.918303 2.77158
17 -0.128828 1.05825 2.86054
17 -0.246472 0.568637 3.42312
17 -1.035 -0.229048 4.58753
17 0.709391 -1.01895 1.14314
17 0.250873 -0.865102 6.20293
17 -0.761562 -1.07117 5.65696
17 -0.984267 0.708093 3.57614
17 1.09718 0.0490581 0.941406
17 -0.858863 0.879279 3.07464
17 -0.717361 0.670763 3.73481
17 -0.968766 0.639581 3.86974
17 0.0511685 -1.17723 6.12919
17 -1.02601 -0.453736 4.86522
17 0.567494 1.13116 2.10556
17 -0.796235 0.896981 3.57986
17 -0.255879 0.828325 3.26328
17 -0.684905 -0.184675 4.67479
17 -1.14804 -0.255155 4.5499
17 0.300424 0.850795 2.74263
17 -0.447587 0.925683 3.41527
17 -0.652829 0.789647 3.63319
17 -0.987271 0.183192 4.37016
17 0.720005 0.483702 2.16436
17 0.490043 -0.934179 0.211879
17 -0.511586 -0.712826 5.32922
17 0.558329 0.515667 2.30419
17 0.881058 0.350644 1.85181
17 -1.13286 -0.148105 4.42495
17 -0.0266681 0.927975 2.99508
17 0.63315 0.498409 2.14972
17 1.24644 0.535581 1.57991
17 0.547009 0.817663 2.42878
17 -0.91464 0.583757 3.86085
17 -0.501903 -0.454776 5.20618
17 -0.718081 0.831667 3.6109
17 -0.657047 -0.766964 5.20422
17 0.2534 -0.712151 0.00831248
17 -0.267321 -0.834612 5.69575
17 -0.775357 0.52249 3.87892
17 -0.887424 0.0323344 4.42087
17 -0.689973 0.140666 4.3017
17 0.881495 1.02813 1.91301
17 1.15915 0.451616 1.8047
17 0.626998 -0.576455 0.436219
17 0.998828 -0.196007 1.22284
17 -1.02297 0.28696 1.51455
17 -0.237455 -0.684757 5.68153
17 -0.298808 0.801146 3.32175
17 0.870253 -0.110353 0.930282
17 -0.921417 0.557282 3.83635
17 1.2829 0.479188 1.77776
17 1.09217 0.141858 1.22924
17 -0.690389 0.357298 4.04259
17 0.27333 1.14817 2.07641
17 -1.09796 -0.144145 4.60896
17 1.04165 0.235812 1.2236
17 0.109641 -0.900696 6.06659
17 0.25401 0.70183 2.71716
17 0.591036 1.19543 2.07457
17 -0.669485 -1.01539 5.37124
17 0.58304 -0.184036 0.766078
17 -0.883381 -0.564924 4.99666
17 -0.256264 -0.577174 5.63212
17 -1.25619 -0.212769 4.56894
17 1.09236 -0.28755 1.59732
17 -0.226322 1.12281 3.00874
17 1.01487 0.870348 1.9326
17 -0.374567 -1.12512 5.76701
17 0.257052 1.04086 2.61935
17 0.408447 -0.0539626 0.736949
17 -1.0166 0.664149 3.2994
17 -0.562798 0.154192 4.19846
17 0.0620793 1.18588 2.65154
17 0.908003 0.475968 1.98039
17 -0.787616 0.664367 3.60943
17 -0.580967 -0.721243 5.24053
17 -0.0523717 1.01001 2.95465
17 0.913585 -0.497604 1.40575
17 -0.511702 0.491754 3.72674
17 1.0423 -0.0537599 1.29936
17 -0.0686388 0.715801 3.12394
17 -1.03764 -0.713043 4.99188
17 0.05339 -0.952051 5.99122
17 0.694221 -0.251835 2.01665
17 -0.546032 -0.602608 5.29029
17 0.228875 -0.67292 6.19501
17 0.787281 0.504665 2.18056
17 1.02503 -0.379866 0.981486
17 0.956798 0.430211 2.11973
17 -0.306571 0.88503 3.16323
17 0.0778747 -1.14794 6.12246
17 -0.901745 -0.270344 4.79177
17 -1.20337 0.0951998 4.26312
17 -0.994537 -0.79519 5.09255
17 -0.868247 -0.0011271 4.29625
17 -0.01445 -0.839139 6.07269
17 0.661293 -0.626505 0.507029
17 0.852074 0.927524 2.14604
17 -0.353336 0.758078 3.37032
17 1.04906 0.445579 1.43818
17 -0.585311 0.00580861 4.33516
17 -0.625732 -0.503023 5.12301
17 -0.472962 0.998026 3.38256
17 0.551378 -0.976647 0.413176
17 -0.413663 -1.07726 5.62199
17 -0.647399 -0.658555 5.15133
17 -0.56818 -0.415324 4.9924
17 0.781657 -0.0823796 0.878669
17 -0.429831 -0.826625 5.49397
17 -0.917111 -0.859749 5.27905
17 0.448213 -0.875304 0.145707
17 -0.898856 -0.24732 4.84089
17 -1.21018 -0.325684 4.61413
17 0.619251 -0.621839 0.446886
17 0.573284 0.925979 2.37978
17 -0.433287 -0.715223 5.43655
17 0.613237 -0.410687 0.502223
17 -0.540578 0.966924 3.42535
17 -0.803895 -0.803983 5.3304
17 -0.936981 0.355918 4.18837
17 -0.726765 0.425242 3.95018
17 1.1087 0.420179 1.95891
17 0.0258551 -0.615422 6.0364
17 -0.57447 -0.36954 4.95176
17 0.761639 1.03929 2.14198
17 0.956743 0.0937629 1.91847
17 0.780781 0.95103 1.78821
17 -0.189893 -0.896837 5.6772
17 1.07531 -0.207828 1.20681
17 0.152827 -0.843342 6.09475
17 0.468692 -0.699063 0.200676
17 -0.21517 0.825682 3.25281
17 0.819183 0.548724 1.89556
17 1.03944 0.623598 1.40799
17 0.813246 0.429133 1.93579
17 0.992537 0.631933 2.03668
17 0.306421 -0.791339 0.0416003
17 0.291211 0.955374 2.68062
17 -0.999997 -0.13262 4.41263
17 1.20056 0.4695 1.33425
17 -0.56325 -0.506128 5.16521
17 0.933296 0.621687 1.92023
17 -0.925531 0.114247 4.26719
17 0.120356 -0.780678 6.04852
17 0.209696 1.2944 2.47225
17 0.615458 -0.99428 0.349034
17 -0.747652 0.544384 3.86723
17 -0.637366 -0.0270098 4.41065
17 -0.780118 0.552722 3.93821
17 0.777096 0.866272 2.20312
17 -0.71455 -0.612839 5.11595
17 -0.506921 -0.39445 5.0621
17 0.630204 -0.921794 0.356496
17 -1.23356 0.0817414 4.18402
17 -0.717013 -0.373191 4.83668
17 -0.186662 0.986601 3.17048
17 -1.0226 -0.381298 4.86264
17 -0.857559 -0.979413 5.54954
17 -0.32954 0.693825 3.45846
17 -0.896736 -0.468319 4.80997
17 -0.816854 -0.309414 4.72887
17 -0.607306 -0.539172 5.15096
17 0.736769 0.157824 1.82974
17 -0.397156 -0.869286 5.6123
17 0.984839 -0.453679 0.95979
17 -0.938807 -0.422754 4.71415
17 1.01261 0.413473 1.35691
17 1.20868 0.632112 1.91241
17 -0.810241 -0.034328 4.36467
17 0.7083 0.991891 2.19583
17 -1.23119 0.0379624 4.16132
17 -0.847828 -0.033169 4.327
17 0.523926 -0.670409 0.276915
17 0.30529 1.06155 2.7049
17 -0.224829 0.772183 3.31372
17 0.614637 -0.358937 0.597668
17 -0.330598 -1.03774 5.77305
17 -0.690997 0.695031 3.73118
17 -0.161814 0.862054 3.17839
17 -0.678847 1.07721 3.11217
17 0.416826 -0.867503 0.153788
17 -0.315876 -1.09526 5.66762
17 -0.493695 0.619957 3.5587
17 -0.814343 -0.189394 4.5381
17 0.952528 -0.102683 1.1904
17 0.812828 0.285543 1.62853
17 0.874577 -0.893359 0.659271
17 0.0599162 -0.622941 6.01211
17 1.16545 0.526414 1.76069
17 0.92526 0.844869 2.13801
17 0.906621 0.620154 2.21778
17 -0.70973 0.455142 3.91243
17 -0.618422 -0.850051 5.30343
17 0.161948 1.29012 2.30343
17 -0.623233 -0.611182 5.35692
17 0.192973 -1.10131 6.22455
17 -0.631666 -0.701931 5.18322
17 -0.930654 -0.487595 4.93783
17 0.436824 1.07431 2.188
17 0.54029 -0.857895 0.247443
17 1.22895 0.191587 1.64659
17 -0.378827 -1.1929 5.79731
17 0.926424 -0.4578 0.730889
17 -0.783989 -0.0531032 4.52588
17 -0.216525 -0.840704 5.68753
17 -0.732733 0.266472 4.09578
17 0.851992 -0.150554 0.929662
17 -0.413281 0.503263 3.65774
17 0.536087 -1.15169 0.60652
17 0.690311 1.07926 1.87923
17 -0.868486 -0.162933 4.71588
17 -0.242975 -0.86487 5.73145
17 0.652778 0.640117 2.21562
17 0.165899 -0.513924 0.180511
17 0.970953 0.34382 1.3868
17 1.25479 0.481594 1.68932
17 -0.285196 0.882336 3.30585
17 0.570254 1.10228 2.3889
17 -0.636492 -1.08032 5.59315
17 -0.736343 -0.42531 4.88416
17 -0.856595 0.803827 3.59898
17 -0.896946 -0.12385 4.63336
17 0.424262 0.968492 2.56376
17 0.566667 0.0679662 0.927018
17 0.79595 -0.869967 0.454027
17 0.910149 0.218601 1.83317
17 0.939802 -0.840635 0.912236
17 -0.32822 0.918792 3.34382
17 0.895442 -0.807115 0.65734
17 0.0903987 -1.26915 0.065634
17 -0.760483 -0.720031 5.22644
17 -0.810149 0.997472 3.13982
17 0.812753 -0.527831 0.695463
17 0.828594 0.495397 1.94693
17 0.479103 0.873909 2.49026
17 -0.801088 0.588487 3.88263
17 -0.910116 0.13366 4.3105
17 -0.180821 -0.873433 5.78631
17 -0.486689 0.84251 3.49186
17 -0.443698 -0.601521 5.39965
17 0.911938 -0.097834 1.04234
17 0.5865 -0.858558 0.270807
17 1.17828 -0.469473 1.1846
17 -0.156499 0.95263 3.12086
17 0.254188 -1.09875 0.0600976
17 -0.650968 -0.541509 5.22915
17 -0.575001 0.0315812 4.41182
17 0.457372 -0.820571 0.171868
17 -0.250385 -1.15413 6.00267
17 -0.777966 -0.879435 5.36353
17 -0.0587207 0.543973 2.92096
17 -0.623986 -0.107339 4.57086
17 0.608066 -0.457033 0.438672
17 -0.188928 1.07251 3.02284
17 0.211966 -0.61656 6.26045
17 -0.192107 -0.793157 5.81526
17 -0.706613 0.262727 4.17752
17 -0.553995 -0.641115 5.22987
17 0.992688 0.16166 0.962664
17 1.01569 -0.0939088 1.61989
17 -0.621814 -0.787796 5.22886
17 -0.73585 -0.409824 5.00951
17 -1.17177 0.00621748 4.45372
17 0.894948 0.338933 1.93133
17 0.38381 -0.74105 0.119939
17 -0.830937 -0.118216 4.56929
17 -0.633306 0.700171 2.98381
17 -0.244925 1.20189 2.8313
17 -1.12569 -0.067301 4.6183
17 -0.749061 -0.638436 5.18251
17 1.12247 -0.218273 1.14862
17 0.587418 -0.557791 0.445487
17 -0.414236 0.556016 3.5907
17 -1.15279 -0.00996903 4.40854
17 1.21779 0.396173 1.57385
17 0.499561 -0.380922 0.450145
17 -0.776797 0.364128 4.10309
17 -0.666154 -0.376102 4.97992
17 0.890467 -0.391768 0.744366
17 -0.901953 -0.430409 4.83143
17 0.405775 -1.06132 0.0970247
17 -0.819047 0.951652 3.24312
17 0.978876 -0.757418 0.650024
17 -0.495113 -1.1574 5.84678
17 -0.696076 -0.548027 1.60373
17 -0.272347 -1.08584 5.71608
17 -0.99758 0.141685 4.3438
17 0.525154 1.04686 1.94061
17 0.903751 -0.113393 1.18443
17 -0.859515 0.460092 4.0066
17 -1.09537 0.282009 4.24386
17 0.286641 -0.832549 0.182318
17 1.10806 -0.274239 1.08898
17 -0.392805 0.643586 3.51194
17 -0.115038 -0.838452 5.78633
17 -0.528407 -0.297292 4.88816
17 1.05115 0.773893 1.7852
17 -1.19178 -0.182136 4.66474
17 1.22724 0.425645 1.42179
17 -0.86079 -0.727185 5.07942
17 0.978081 0.128729 1.1966
17 -0.747184 0.482315 3.91356
17 0.741772 -0.860921 1.11406
17 -0.600157 1.11682 3.0397
17 0.883566 -0.750217 1.2272
17 0.705253 1.07896 2.07189
17 -0.420949 -0.445879 5.23356
17 -0.763889 0.15026 4.31041
17 -0.81374 0.097 4.3593
17 0.843914 -0.498086 0.60701
17 0.144866 1.08671 2.68194
17 0.553262 1.03384 2.36152
17 1.14475 0.064829 1.05317
17 -0.77002 -0.519184 5.03705
17 0.55876 -0.534587 0.422825
17 -0.217535 0.661098 3.2888
17 0.819118 -0.98126 0.571745
17 -0.649946 -0.863867 5.36632
17 -0.856262 0.705343 3.67457
17 -0.764502 0.460234 3.90781
17 0.210249 0.793274 2.79241
17 1.20846 0.110413 1.75017
17 -0.0347921 -0.786506 5.8605
17 -0.28818 -0.752378 5.62631
17 0.362448 0.809015 2.55943
17 0.853597 -0.158475 1.88678
17 -0.693011 -0.434349 4.94792
17 1.01181 0.439103 1.24836
17 -0.549098 0.622518 3.6116
17 1.23241 0.128307 1.68349
17 1.08509 0.780508 1.77327
17 -0.324022 -0.987778 5.8205
17 0.317492 -0.833627 1.77314
17 -0.222564 0.871046 3.25067
17 0.18141 -0.960394 6.12906
17 -0.187533 -0.760431 5.71149
17 -0.457551 0.716838 3.53888
17 -0.216965 -1.16698 5.84297
17 0.617354 -0.318708 0.661863
17 -0.703745 -0.309205 4.91973
17 -0.99929 -0.328855 4.60658
17 0.455044 -1.14392 0.294154
17 -0.600932 0.755992 3.63196
17 -0.627377 -1.00658 5.76477
17 -1.2181 0.270656 4.08395
17 -0.672474 0.580879 3.7973
17 -0.456323 0.782066 3.45085
17 1.06315 -0.102016 1.0353
17 0.640178 -0.886669 0.304292
17 0.752944 -0.449863 0.600937
17 0.713409 -0.409651 0.6321
17 -0.543899 -0.223504 4.81283
17 0.79758 -0.40453 0.592
17 0.977646 0.736968 1.78435
17 -0.474955 -0.765289 5.35387
17 0.556311 1.07044 2.3458
17 -0.0366964 -0.101364 0.726815
17 -0.134774 1.10861 2.27017
17 0.369276 -0.485719 0.230014
17 0.407721 -1.02748 0.224456
17 -0.727392 0.386195 4.02664
17 0.640369 0.810323 2.32085
17 1.10121 -0.164747 1.23616
17 0.428917 -0.610851 0.200873
17 0.29091 0.926984 2.75387
17 0.746851 0.539318 2.17176
17 -0.403707 -1.20022 5.84827
17 0.656382 0.709897 1.8789
17 1.12232 0.440856 1.46656
17 0.083716 0.674035 2.93465
17 0.510477 -0.608889 0.294125
17 -0.503723 0.801306 3.46015
17 -0.680236 -0.104545 4.60777
17 0.140001 0.904456 2.88746
17 -1.11753 0.0972173 4.26748
17 -0.00359357 -0.980221 5.91548
17 0.401811 1.02774 2.5836
17 1.0622 -0.473266 0.859299
17 0.052724 -0.875577 5.98773
17 0.112761 1.05949 2.85764
17 -0.265899 1.11801 3.04928
17 0.16986 0.00576804 0.871455
17 -0.620291 0.0510504 4.3917
17 0.321493 -0.569541 0.114333
17 -0.470052 1.20111 2.95153
17 -0.0389422 0.610025 3.00429
17 0.251686 0.773885 2.72005
17 0.643894 -0.446752 0.435461
17 0.45467 -0.734061 0.177154
17 -1.06085 0.280442 4.26598
17 1.17742 0.530934 1.37174
17 -0.839482 0.229453 4.26165
17 -0.0837435 0.651102 3.12325
17 0.408811 -1.10275 0.128271
17 -0.55427 0.975234 1.70916
17 -0.392487 0.941253 3.34729
17 0.0260877 -1.26741 0.0340183
17 -0.964737 -0.677617 5.12006
17 -0.788117 0.108896 4.23568
17 -1.00931 -0.537315 5.00205
17 -0.719339 -0.880981 5.4047
17 0.92741 0.648235 1.74404
17 1.15714 -0.288838 1.16255
17 -1.04884 -0.673366 5.00376
17 0.742704 -0.917585 0.405834
17 0.187912 0.812811 2.79279
17 0.306977 0.643161 2.64752
17 0.836313 -0.930223 0.841504
17 1.06683 0.693617 1.76643
17 -0.293095 -0.534151 5.53662
17 -1.0302 0.462008 2.53725
17 -0.201514 -1.27313 0.115215
17 1.0836 -0.368533 1.27482
17 0.478515 0.800016 2.45292
17 0.350291 -0.813281 0.0649761
17 1.01354 -0.232839 1.80481
17 0.711418 -0.294355 0.631665
17 0.832564 -0.750352 0.545886
17 0.968343 0.433705 1.67574
17 -0.478874 -0.46691 5.14624
17 0.0750761 1.23234 2.45116
17 0.617509 0.988815 2.32376
17 -0.10376 -1.21948 6.03516
17 1.0794 -0.491531 1.08278
17 0.840523 -0.463576 0.622843
17 0.288017 0.787143 2.71172
17 0.119569 -0.72455 6.06828
17 -0.729815 0.861473 3.53086
17 -1.06382 -0.245847 4.64309
17 -0.22032 -0.727897 5.6901
17 -0.175639 -0.609433 5.66891
17 1.04952 -0.39958 0.94386
17 0.781789 -0.475186 0.522691
17 -0.20969 -0.954877 5.84643
17 -1.03705 -0.075834 4.58174
17 -0.124779 0.87268 3.12701
17 0.123794 1.00465 2.75708
17 -0.036783 -0.596718 5.92485
17 -1.08408 0.337105 4.14894
17 -0.692703 0.475877 3.93902
17 -0.192658 -0.971444 5.72135
17 -0.28063 0.620006 3.41617
17 0.101571 0.0557157 0.795658
17 0.476656 -0.493007 0.310984
17 -1.07998 -0.0609307 4.28591
17 -0.0269475 -0.665052 5.87676
17 -0.878044 0.0868115 4.43131
17 0.470793 1.03846 2.47571
17 -0.0979203 1.24272 2.7217
17 -0.907278 -0.537502 4.95436
17 -0.439021 0.61227 3.60718
17 -0.391331 0.42085 3.66415
17 0.0744042 1.03862 2.87278
17 0.660677 0.763853 2.27393
17 0.605725 -0.301387 0.507264
17 0.150469 -1.23494 0.884949
17 0.997863 -0.283381 0.891099
17 1.33514 -0.109025 1.24092
17 -0.851197 -0.278998 4.6915
17 -1.21245 -0.288872 4.6013
17 -0.809501 0.68453 3.7397
17 0.28268 -0.975842 6.21523
17 -0.70575 -0.998339 5.57539
17 -0.353426 -1.18903 5.7592
17 1.25649 0.261751 1.81133
17 -1.02793 0.222215 4.26671
17 -0.27761 -0.837082 6.26195
17 0.148484 -0.893451 6.08921
17 -0.57167 0.703009 3.65452
17 -0.990705 -0.45502 4.83462
17 0.910852 0.495939 1.49447
17 0.339577 1.27362 2.39296
17 -1.01875 0.545644 3.96859
17 -0.950231 -0.34356 4.89255
17 -0.749731 -0.60812 5.30302
17 0.0877016 0.771199 2.883
17 0.990741 -0.38605 1.2397
17 -1.13016 0.263308 4.07729
17 -0.287589 -0.960752 5.6445
17 -0.24011 0.790175 3.23764
17 0.983608 0.793603 2.06344
17 0.303265 -0.558604 0.217362
17 -0.919627 0.04777 4.3387
17 0.147141 -0.656543 6.15495
17 -1.19135 0.295478 4.08259
17 -0.542599 0.655155 3.63135
17 -1.0616 -0.475496 4.82739
17 -0.656832 -0.334595 4.9665
17 -0.669906 0.332345 4.03015
17 -0.0644796 1.0856 2.94195
17 -0.622613 0.834901 3.55005
17 -0.396931 0.977251 3.31433
17 -0.593265 -0.299491 4.87056
17 -0.691768 -0.56786 5.08078
17 -1.16248 0.153639 4.26771
17 1.16705 -0.552422 1.0407
17 0.656012 -0.742008 0.702776
17 0.16421 -0.694598 6.13694
17 -0.0348356 -0.955584 6.01652
17 -0.48349 0.348893 3.83738
17 -0.615892 0.789135 3.63353
17 0.85415 -0.309816 0.761727
17 -0.627112 0.742203 3.5686
17 -0.290989 -0.853919 5.98831
17 0.633271 -0.781927 0.322044
17 -0.81185 0.923672 3.47486
17 -0.477799 1.16383 2.75216
17 0.136763 -0.324632 0.595361
17 1.18872 0.296219 1.57541
17 0.850292 -0.858042 0.604629
17 -0.850443 0.911467 3.2109
17 0.962879 0.532814 1.86585
17 -0.717823 0.119297 4.29031
17 0.881618 0.519175 1.94804
17 -1.01955 0.389542 4.06419
17 1.12325 0.486454 1.62242
17 0.702711 -0.516103 0.455985
17 -0.61897 0.435783 3.87921
17 0.71455 0.86743 2.25235
17 -1.27705 0.0309345 4.31251
17 0.713304 -0.951647 0.405659
17 0.626327 -0.544252 0.376624
17 -0.72157 0.542249 3.90394
17 -0.570279 0.450764 3.74492
17 -1.2057 0.126906 4.27703
17 -0.762116 -0.88675 5.25915
17 0.854715 0.806405 1.4089
17 1.24797 0.00287842 1.31219
17 -0.350855 -1.26273 6.04157
17 -1.2636 0.240885 4.11771
17 -1.14296 -0.111015 4.49073
17 0.886365 -0.513637 0.603343
17 0.980341 0.0259893 1.23114
17 0.00545096 -1.02876 5.95423
17 1.2531 0.0640568 1.09391
17 -0.653819 0.497613 3.73731
17 -1.14656 0.053818 4.42611
17 -0.972792 0.337157 4.19153
17 -0.768094 0.054585 4.44547
17 -0.343631 -0.801112 5.59358
17 -0.541469 -0.53572 5.15362
17 -1.05342 -0.387777 4.91135
17 -0.897976 0.679274 3.85894
17 -0.991714 -0.297908 4.6619
17 -0.454965 1.10512 3.2091
17 0.00263456 -0.752227 5.94442
17 0.0113298 1.21076 2.73057
17 -0.241576 -1.20769 6.06658
17 -0.590993 -0.187097 4.69826
17 -0.775183 -0.188535 4.66719
17 -0.775949 0.638416 3.80789
17 -0.615896 -1.00755 5.51959
17 1.30565 0.252765 1.72665
17 -0.348268 -0.855095 5.59878
17 -0.40597 -1.15084 5.80076
17 -0.929365 0.234857 4.28936
17 0.997983 0.127996 1.85198
17 0.396108 -0.644563 0.155201
17 -0.168662 -1.13228 5.90475
17 1.30095 0.282364 1.66054
17 -0.478465 0.507881 3.72625
17 1.22943 -0.112092 1.3683
17 0.281087 1.0909 2.67121
17 1.34088 0.131876 1.26233
17 0.31158 1.27338 2.33397
17 0.0952445 0.97763 2.89091
17 -0.631396 -0.260304 4.85483
17 -0.827553 0.734817 3.67538
17 -0.636628 -0.813181 5.297
17 0.159774 -1.12261 6.16706
17 -0.527757 0.912689 3.41778
17 0.0266079 0.996707 2.88069
17 0.279732 1.25699 1.98241
17 -0.496957 -0.969877 6.24251
17 -0.910703 -0.376535 4.82127
17 -0.203294 0.630813 3.31747
17 1.17565 -0.064068 1.24868
17 -0.0789078 1.14378 2.90426
17 -0.999384 0.500256 3.853
17 -0.144965 1.24305 2.25459
17 -0.84645 0.0746706 4.35734
17 -0.331764 0.960705 1.55207
17 0.0791822 -0.985235 6.0877
17 1.0939 0.395424 1.55717
17 -1.10544 -0.406537 4.66686
17 0.669004 -0.335637 0.576589
17 0.540451 -1.06645 0.422198
17 0.519013 -0.56626 0.383741
17 0.158681 -0.754349 6.13441
17 -0.654205 0.663076 3.67947
17 0.018587 0.80387 2.97749
17 -0.0736083 0.938589 3.04229
17 -0.746934 0.627003 3.75773
17 -0.780001 -0.322958 4.9096
17 -1.11242 0.644318 3.63247
17 -0.401077 1.14831 2.80706
17 -0.732885 0.0510612 4.41575
17 0.901232 0.921314 2.1347
17 0.940664 -0.317503 0.785151
17 -0.123206 -0.652492 5.79848
17 -0.577822 0.571546 3.74792
17 1.24152 -0.381231 1.38589
17 1.19311 -0.332559 0.966988
17 0.234121 0.88928 2.76778
17 -0.925832 -0.359581 4.86242
17 0.49848 0.840827 2.5198
17 0.889929 0.266698 1.82761
17 -0.871377 -0.409809 4.80797
17 0.494311 0.667616 2.44987
17 0.00797814 1.30007 2.58191
17 -0.958873 -0.557702 5.00138
17 0.861998 0.360812 1.80877
17 0.204718 -0.798102 6.14705
17 0.425692 0.875941 2.52551
17 -1.05142 0.0284473 4.46925
17 -0.95955 0.480282 3.98632
17 -0.0207654 -1.21956 6.16338
17 -0.578932 -0.663972 5.33955
17 0.144853 0.663762 2.85547
17 -0.721528 -0.583792 5.15213
17 -0.225836 0.723296 3.29564
17 0.155904 -1.20237 6.24327
17 -0.605351 -0.48189 5.03148
17 -0.56846 0.829428 3.526
17 -0.798095 -0.743763 5.41142
17 -0.93833 0.604182 3.91984
17 0.184118 0.737075 2.79918
17 0.693623 -0.599028 0.512088
17 -0.0848245 0.852097 3.08043
17 -1.20023 0.354737 4.09981
17 0.28213 -1.23629 0.615083
17 -1.01685 0.127766 4.18265
17 -0.544663 0.936476 3.29453
17 -0.638235 -0.151933 4.67767
17 1.1257 0.71226 1.87205
17 0.0567207 -1.09677 6.07568
17 -0.583702 1.15345 2.86102
17 -0.7181 -0.533881 5.06539
17 -0.720843 -0.170932 4.59169
17 -0.418253 -0.678889 5.42621
17 -0.21647 -1.03654 5.78509
17 -1.13055 0.389644 4.00988
17 -0.41326 -1.00179 5.61546
17 0.924007 0.539487 1.33109
17 -0.850294 0.65543 3.81618
17 0.641807 -0.670959 0.464426
17 0.334105 0.69898 2.5905
17 0.882724 0.389841 1.15403
17 0.979323 0.661339 1.46436
17 -0.99109 0.634389 3.64698
17 -0.950964 -0.820906 5.26645
17 -0.682189 -0.675292 5.14941
17 -0.468492 0.562663 3.64655
17 0.371904 -1.11394 0.1429
17 1.00051 0.342398 1.53672
17 -0.99093 -0.563684 4.90025
17 0.44392 -0.980707 0.15226
17 -0.54224 1.09693 3.12998
17 -1.22637 -0.137996 4.67304
17 1.32334 0.0876862 1.24115
17 0.863663 0.24064 1.98762
17 -0.306592 -0.906552 5.69466
17 -0.782039 0.0264245 4.38758
17 -0.402162 0.740442 3.49258
17 -0.0194786 -0.923273 5.94258
17 0.819597 0.764339 2.01205
17 0.0160181 1.25494 2.67713
17 0.93519 -0.0733609 0.986915
17 -1.10155 -0.0331975 4.55568
17 -0.909497 -0.301534 4.63323
17 1.18328 0.657286 1.68399
17 -0.672643 -0.135777 4.58165
17 0.782622 0.457528 1.91387
17 -0.634347 -0.306003 4.8952
17 -0.0860736 0.814256 3.08927
17 1.35058 0.0852214 1.37893
17 0.558505 -1.05034 0.315838
17 -0.767459 -0.55273 5.04939
17 0.560882 -1.12288 0.376595
17 0.388864 1.14076 2.47647
17 -0.363531 -1.07327 5.72353
17 -0.972114 0.260047 4.29469
17 0.62778 -0.480715 0.522232
17 -0.631416 0.540247 3.81931
17 0.464149 1.16834 1.73004
17 0.85328 -0.806886 0.507635
17 0.574597 -0.244377 2.02859
17 -0.559828 0.4672 3.81886
17 1.04311 0.122459 1.54416
17 -0.474233 -0.823179 5.43384
17 -0.541047 -1.04195 5.5507
17 0.135001 0.759821 2.88167
17 0.691783 0.366868 1.98242
17 1.18369 -0.247038 1.203
17 0.372285 -1.05823 0.213725
17 -0.232266 1.01756 3.18431
17 -0.841707 -0.340841 4.71334
17 0.543854 -0.735497 0.302648
17 0.114558 0.907212 2.83444
17 0.457429 -0.934026 0.26794
17 1.00095 -0.510653 0.836145
17 0.335723 0.787276 2.68963
17 -0.990951 0.306859 4.20168
17 -0.92434 -0.30014 4.81265
17 0.404402 0.683568 2.53403
17 1.15349 -0.162382 0.977223
17 -0.552286 0.313819 3.99378
17 0.438593 0.51836 2.38459
17 -1.2325 -0.223298 4.69071
17 0.915175 -0.60434 0.666474
17 -1.08784 -0.262734 4.80321
17 -0.114835 -1.25744 6.17829
17 0.332034 -0.872563 0.0526883
17 -1.28498 -0.107669 4.42662
17 -0.0647008 -1.16625 6.00122
17 1.30409 -0.0601082 1.37499
17 -0.855291 -0.621615 5.09673
17 -0.583802 -1.14215 5.80305
17 -0.694554 -0.866266 5.72136
17 0.838322 0.526781 1.92255
17 0.892579 -0.201901 0.903534
17 -0.385954 1.0226 3.2841
17 -0.0757522 -1.10159 5.96538
17 0.964274 -0.202701 1.09434
17 0.400351 -1.15728 0.260519
17 -1.13487 0.591229 3.59506
17 -0.543421 1.11646 2.127
17 -0.578373 1.01185 3.33682
17 -0.666963 -0.245376 4.74072
17 1.12315 0.73852 1.77583
17 0.84414 -0.703 0.502396
17 1.21961 0.517745 1.9159
17 -0.893635 0.177616 4.24193
17 -0.498079 0.43137 3.76084
17 1.07854 -0.012194 1.13911
17 -0.712635 0.635113 3.77846
17 0.11953 1.16325 2.70414
17 0.561984 0.998601 2.38361
17 0.446838 0.663067 2.53491
17 0.996576 -0.0705913 0.908328
17 -1.04295 0.7006 3.74704
17 0.220695 -1.00338 6.20416
17 -0.893754 0.59506 3.91904
17 -0.809351 0.251004 4.07842
17 -0.599593 0.60995 3.68321
17 0.419063 1.17164 2.4156
17 1.1114 0.0136247 1.36992
17 0.790824 0.914103 2.1348
17 0.624392 0.967811 1.77628
17 -1.06466 -0.17856 4.6057
17 0.0175667 -0.834009 5.90571
17 0.28408 -1.07099 6.25909
17 -0.840749 0.76499 3.70649
17 -0.379264 -0.976961 5.8813
17 0.747642 -0.340174 0.646603
17 -0.236901 -1.07762 5.74315
17 -0.313537 1.22392 2.82377
17 0.314462 -0.612092 0.087561
17 -0.922663 -0.786731 5.36808
17 -0.55631 -1.15212 5.7184
17 -1.14313 0.435386 4.00734
17 -0.632164 0.317262 4.01336
17 0.00470903 1.17618 2.15741
17 0.0890716 1.25457 2.54534
17 -0.894073 -0.938307 5.57397
17 -0.967347 -0.236355 4.53413
17 -0.120588 0.61796 3.17287
17 1.30415 -0.100224 1.41114
17 -0.115073 0.745029 3.168
17 0.198119 -0.994346 6.23868
17 -1.16435 0.43089 3.7841
17 1.11265 -0.336228 1.2166
17 -0.51533 -0.768831 5.36945
17 -0.33669 -0.586917 5.45256
17 0.00147352 -1.11163 6.07164
17 1.25827 -0.283726 1.12715
17 -0.863034 -0.379599 4.8069
17 -0.906609 -0.0519005 4.54716
17 -0.633458 -0.448207 5.01738
17 -0.118106 -0.717258 5.81568
17 -0.587261 0.867887 3.51312
17 -0.11819 1.20417 2.69599
17 -1.06605 -0.647535 5.22483
17 -0.600501 -0.922075 0.309729
17 -0.203078 -0.902039 5.88513
17 0.439974 0.745924 2.53669
17 0.700703 -0.377339 0.554925
17 -0.962686 0.539699 3.9532
17 0.27176 0.875871 2.76926
17 -0.755235 0.0361772 4.25522
17 -0.861694 0.926592 2.83619
17 0.860318 -0.760641 0.471281
17 -0.567375 -0.311933 4.85481
17 -0.375558 -0.838621 5.62759
17 -0.728676 0.734759 3.71234
17 0.665115 1.02636 2.19824
17 0.421933 1.20716 1.93892
17 -0.227947 0.91458 3.23364
17 -0.975706 -0.522191 4.98953
17 0.693603 0.914656 2.05055
17 -0.830873 0.850379 3.50789
17 0.354644 -0.902112 0.0767138
17 -0.745032 -0.459359 5.00702
17 -0.680157 0.0285844 4.41034
17 0.127362 -1.03089 6.15454
17 -0.673981 0.540964 3.84987
17 1.28906 -0.147973 1.4787
17 -0.773164 0.23658 4.16256
17 0.0626082 -1.01622 6.026
17 0.731523 -0.722215 0.400285
17 -0.706894 0.0818686 4.28611
17 0.390255 0.759866 2.54995
17 -0.182344 -0.820157 5.73019
17 -0.720278 0.318772 4.09667
17 -1.18035 -0.132444 4.40384
17 -0.69577 -0.757551 5.22333
17 0.654666 -0.373521 0.577189
17 -0.00722853 1.28915 2.37619
17 1.33718 0.34895 1.76631
17 -1.12085 0.203759 4.24418
17 -0.342042 -1.11343 5.72486
17 -0.624062 -0.762371 5.30113
17 0.566572 0.459533 2.28608
17 -0.329424 0.653682 3.46966
17 -0.881052 -0.302877 4.61923
17 0.0264719 0.860932 2.9595
17 0.373535 -0.853545 0.0925449
17 -0.0425819 -0.906078 6.02097
17 0.215747 1.08662 1.56132
17 -0.619816 -0.746488 5.4215
17 -0.155957 -0.83772 5.7298
17 0.929294 0.268348 1.99838
17 0.379856 0.46141 0.93005
17 -0.490002 -0.502097 5.2393
17 -0.363289 -0.551589 5.43464
17 -0.0922483 -0.732333 5.80219
17 0.297788 1.03738 2.6087
17 1.14246 0.516028 1.58438
17 -0.589961 0.101949 4.27575
17 0.296046 1.14272 2.28462
17 0.591294 -0.712838 0.290308
17 -0.0757497 -0.809608 5.83525
17 -0.760088 -0.100305 4.49399
17 -0.516882 0.7635 3.5606
17 0.278512 1.21076 2.05305
17 0.626955 0.887942 2.2574
17 1.08036 0.249562 1.36015
17 -0.991043 0.459271 3.98051
17 0.717028 -0.446688 0.511628
17 -0.77462 0.871567 3.61241
17 1.00323 0.510969 1.1072
17 0.127583 1.2342 2.5727
17 1.14215 -0.268828 0.975688
17 -0.914086 0.337459 4.16067
17 1.10683 0.303782 1.99177
17 -0.46045 -1.21625 6.1737
17 -0.68167 0.802773 3.58668
17 0.542467 0.862496 2.51228
17 0.743748 0.888305 1.34029
17 1.01598 0.0314158 1.00077
17 0.550203 -1.14389 0.449827
17 -0.806839 -0.68943 5.1221
17 1.10331 0.36927 1.97022
17 0.716572 -0.797432 0.454043
17 -0.598362 0.152974 4.21683
17 -0.0636487 -0.663927 5.84918
17 -0.772472 0.837748 3.50931
17 -1.0806 0.0614681 4.44844
17 0.244306 -1.13906 0.0821932
17 -0.830262 -0.740223 5.04252
17 0.895693 -0.00250499 1.13318
17 -0.869183 0.209355 4.28351
17 -0.53734 1.04296 3.28728
17 0.790987 0.391568 2.12501
17 1.19412 -0.348021 1.30831
17 -1.27558 -0.22177 4.44961
17 0.0794395 0.848902 2.88086
17 -0.911713 0.460694 3.99246
17 -0.865388 0.190829 4.07392
17 -0.747928 0.28929 4.10091
17 0.91446 0.989703 1.95094
17 -0.0671713 -0.870263 5.89895
17 -0.416441 1.0421 3.26908
17 -0.56539 0.36082 3.9312
17 -0.78281 -0.744059 5.159
17 0.889563 -0.611257 0.718091
17 0.696536 -0.0178353 0.804515
17 -0.623072 0.347235 4.01205
17 -0.854158 0.579953 3.94359
17 1.13643 -0.197714 1.05317
17 -0.0558953 -0.714304 5.84081
17 0.789892 0.977492 1.95251
17 0.642281 0.607326 2.25795
17 0.972871 -0.04696 1.39056
17 -0.398469 0.903516 3.36692
17 1.08846 0.330407 1.98602
17 -0.80145 0.400686 4.04143
17 0.816533 -0.96251 1.08705
17 -1.19386 -0.102286 4.48512
17 -0.424895 0.437803 3.68347
17 -0.478928 -0.67372 5.32575
17 0.80588 -0.313938 0.755854
17 1.30945 0.0649936 1.417
17 0.956867 -0.679434 1.06938
17 -0.567459 -0.681719 5.19833
17 0.706448 -0.574982 0.439928
17 1.16167 -0.309119 1.25745
17 -0.897626 0.718878 3.71345
17 0.414977 -0.948474 0.220726
17 0.661532 0.885035 2.31614
17 1.19215 0.354249 1.44538
17 1.02044 -0.0669456 1.55203
17 -0.0256343 1.29161 2.11451
17 0.763024 0.890076 1.87566
17 -0.12261 1.25677 2.67293
17 0.543141 0.57711 2.34804
17 0.555786 -0.689603 0.295634
17 0.234333 -0.930407 0.0284227
17 0.775977 -0.370992 0.658914
17 -0.26888 -0.763377 0.205946
17 -0.363542 1.10754 3.15464
17 0.267895 0.602794 2.6689
17 -0.192972 1.1196 3.01613
17 0.628775 -0.722928 0.392733
17 0.756883 0.697053 2.15128
17 -0.129042 -0.766243 5.82247
17 -0.923421 0.214952 4.15821
17 0.558603 0.664392 2.35685
17 0.910375 -0.317162 0.858305
17 0.264912 0.822437 2.74463
17 0.93667 0.492467 1.3612
17 -0.68072 0.252039 4.09462
17 -0.915425 -0.799525 5.17307
17 0.75528 0.607491 2.12806
17 0.560801 -0.289012 0.522146
17 1.11089 -0.670902 1.01067
17 -0.534339 0.811525 3.56392
17 -0.607483 0.918292 3.48738
17 -0.36854 0.697945 3.50125
17 -0.661161 -1.11034 6.0125
17 -0.622958 -0.204533 4.76638
17 0.69589 -0.713804 0.42178
17 -0.369892 -0.997023 5.75103
17 -1.11857 -0.502652 5.05922
17 -0.829615 -0.879552 5.25161
17 -1.02494 0.263281 4.26226
17 -0.997216 0.66916 3.47799
17 1.06981 -0.607943 0.808743
17 -0.872192 -0.82522 5.1868
17 -1.09202 0.515336 3.58506
17 -1.07906 0.6601 3.5569
17 -0.161534 1.2335 2.06243
17 0.120553 0.953302 2.88157
17 1.22305 -0.130564 1.47214
17 0.861271 -0.951476 0.578776
17 0.587826 -0.894106 1.56268
17 0.705171 0.450325 2.23528
17 -0.260703 0.719758 3.29125
17 -0.612444 0.689212 3.62047
17 -0.640396 1.00075 3.45527
17 -1.11968 -0.355789 4.92371
17 1.25037 0.191333 1.16804
17 -1.05641 -0.703676 5.27676
17 -0.32703 -0.926084 5.69419
17 0.0614294 -0.741248 5.98424
17 0.273036 1.06595 1.64048
17 -0.835981 0.384302 3.9953
17 0.373114 -1.00882 0.0811922
17 -0.879748 -0.886383 5.28361
17 -0.00922629 0.893387 2.99375
17 1.10071 0.452393 1.88696
17 -1.18114 -0.485396 4.93439
17 0.603499 -1.10186 0.378435
17 0.3077 -0.666955 0.168158
17 0.741437 1.10892 1.97747
17 0.186097 1.30147 2.39072
17 -0.391976 0.793928 3.47032
17 0.757218 1.00216 1.81466
17 -0.436469 -0.467806 5.17908
17 0.946191 0.268153 1.57598
17 -0.536535 -0.499852 5.1344
17 -0.330616 -0.648575 5.52326
17 0.0866867 -0.665285 6.03379
17 -0.896733 0.530359 4.00329
17 0.0971056 0.729505 2.88703
17 1.26534 -0.113922 1.32554
17 0.628706 -1.13028 0.486855
17 -0.327671 -0.951673 5.64773
17 0.749776 -0.546873 0.486313
17 -1.01898 0.528124 3.80758
17 1.25037 -0.222765 1.13102
17 0.47316 0.833929 2.42455
17 -0.613404 0.0202541 4.35939
17 -1.15643 -0.530864 4.93202
17 0.361053 -1.13748 0.335257
17 -1.14819 -0.0552714 1.62906
17 -0.435017 -0.889904 5.52398
17 1.1155 -0.0377789 1.34062
17 0.471881 -0.891552 0.296549
17 0.227136 0.740838 2.7702
17 -1.08447 -0.563401 4.93967
17 0.697351 -0.774416 0.497925
17 -0.957116 0.61709 3.79931
17 -0.728187 0.704839 3.64265
17 0.166575 -1.24447 0.0609324
17 0.376936 0.996558 2.54723
17 -0.767015 0.31194 4.05843
17 -0.64761 0.0402773 4.34513
17 0.831089 -0.635639 1.12745
17 -0.825127 -0.422187 4.80016
17 -0.283166 0.588121 3.42797
17 0.298583 -0.846063 6.26817
17 0.986457 0.0800929 1.24072
17 -0.983615 -0.4151 4.71956
17 0.843204 -0.617215 0.545857
17 0.53606 0.746386 2.41701
17 -0.925841 -0.59762 5.06506
17 -0.891728 -0.173776 4.63137
17 -0.173284 -1.26956 6.2458
17 -0.867714 0.534423 3.91783
17 0.84357 0.212997 1.68925
17 0.950242 0.859049 1.93289
17 -0.95854 -0.423535 4.9453
17 1.00982 -0.530845 0.930312
17 -0.730237 -0.144647 4.62176
17 0.818035 0.347503 2.10976
17 0.184149 1.24808 2.61907
17 0.684375 0.44114 2.05328
17 -0.604385 -0.0827866 4.56334
17 -1.1359 0.366832 3.92698
17 0.250788 0.948721 2.69145
17 -0.855088 -0.328856 4.91517
17 0.517096 0.988989 2.37689
17 -0.470047 1.10939 2.48726
17 0.391433 0.967023 2.53868
17 -0.0790853 1.03908 2.97994
17 -0.809674 0.368111 4.01086
17 1.14749 0.284953 1.73029
17 -0.102555 1.00098 3.0102
17 -0.164141 -0.931603 5.82328
17 -0.00969289 -1.07067 5.99057
17 0.152161 0.821012 2.79459
17 -0.045972 0.787116 3.08213
17 -0.33844 -0.701282 5.60905
17 1.24975 0.598452 1.72681
17 0.92205 -0.819044 0.58503
17 -0.720792 0.502162 3.9205
17 -0.462871 -0.870419 5.62941
17 -1.12768 0.105691 4.45118
17 1.00409 -0.61571 0.702114
17 -0.519226 0.846844 3.28344
17 0.714116 0.815591 2.24785
17 0.0109787 -0.921311 5.93183
17 1.19326 -0.178549 1.09313
17 -0.293757 -0.613176 5.53481
17 -1.0548 0.564869 3.65819
17 0.0470443 1.27482 2.32947
17 -0.627816 0.250203 4.08736
17 -0.209791 -0.696566 5.62859
17 -0.0245158 0.862247 2.998
17 0.657591 0.956618 2.3415
17 -0.34515 0.594589 3.49654
17 -0.743073 -0.348969 4.87053
17 0.980284 0.627307 1.54506
17 -0.506046 0.730092 3.55492
17 0.811411 -0.0946527 1.12834
17 -0.890163 0.386507 4.10445
17 -0.814032 0.167415 4.27662
17 -0.448912 0.649235 3.55498
17 0.476225 0.738074 2.52455
17 -0.754376 -0.682306 5.10584
17 -0.0764011 1.23689 2.79384
17 -1.16284 -0.363811 4.82939
17 1.29313 0.0433434 1.58802
17 0.448542 -0.547769 0.266512
17 -0.923057 0.754075 3.73117
17 -0.164664 -1.03524 5.74795
17 1.08976 -0.623079 1.12679
17 1.14443 0.364894 1.62298
17 0.439822 -0.671576 0.204951
17 -0.762451 -0.90935 0.5309
17 -1.04899 -0.439711 4.9303
17 -0.606947 -0.389278 4.92413
17 0.0438236 -1.14805 6.14099
17 -0.526167 -0.626959 5.29569
17 0.35065 1.02636 2.59469
17 -0.613732 1.063 3.30539
17 0.742629 -0.12267 0.8525
17 -0.710981 -0.711459 5.18437
17 0.434464 0.77935 2.50266
17 0.839812 -0.526363 0.635605
17 -0.196706 0.949134 3.13814
17 -1.06244 -0.319877 4.85542
17 -0.897361 0.924161 3.13488
17 0.0246215 -0.654368 5.97032
17 -0.80664 0.290674 4.06917
17 -0.00261768 -0.700276 5.90905
17 1.05784 0.0135497 1.53866
17 0.135565 -0.995005 6.14156
17 0.861045 0.590196 1.40584
17 0.400104 -0.712428 0.1256
17 1.24122 -0.0890243 1.22675
17 -0.146171 -1.10774 5.83121
17 0.979485 -0.0359947 1.19224
17 0.682234 -0.748306 0.407117
17 0.726177 0.646516 2.12295
17 -0.519616 -0.348749 4.98068
17 -0.0822706 0.890971 3.09491
17 -1.07608 0.684754 3.71707
17 -0.680009 0.873068 3.5043
17 -0.304768 -1.20987 5.80762
17 -0.782527 -0.137466 4.68984
17 -0.801368 -0.495063 5.00638
17 -0.517994 0.686878 3.60892
17 0.448994 0.930347 2.57845
17 1.31763 0.306545 1.60211
17 0.478067 -0.775182 0.188236
17 0.520257 0.911896 2.40601
17 1.33143 0.368364 1.59811
17 -0.772288 -0.866285 5.58638
17 0.0182252 -0.878358 5.97917
17 -0.839501 0.421151 3.74192
17 0.911436 0.699018 1.24089
17 -0.644373 -0.361065 4.88484
17 0.513714 1.1532 1.85624
17 -0.942286 -0.0513866 4.46173
17 1.10766 0.531735 1.36169
17 -0.709633 -0.127907 4.67052
17 0.189418 -0.659326 6.17418
17 -0.790986 0.324015 4.1289
17 1.03175 0.345039 1.37702
17 -0.682457 -0.0247862 4.35897
17 -0.597995 0.724314 3.60327
17 0.146474 0.859206 2.82701
17 -0.0411349 0.975755 2.9551
17 1.26588 -0.0598505 1.20865
17 -0.404967 0.837449 3.39529
17 0.994061 0.307402 1.63847
17 -0.611931 -0.346483 4.92255
17 -0.592159 0.658123 3.58443
17 -0.86289 -0.443221 4.81555
17 0.30431 1.12043 2.52093
17 -0.440984 -0.744717 5.38979
17 0.443593 1.15387 2.45384
17 -0.277498 -0.650741 5.58267
17 0.551453 0.707768 2.47349
17 -0.427432 -0.562081 5.38865
17 -0.376312 -0.735109 5.50371
17 -0.544203 0.237057 4.05955
17 0.0264641 -0.732989 5.94101
17 0.508383 -1.0371 0.437954
17 -1.25642 -0.107222 4.57849
17 0.918672 -0.400938 0.874741
17 0.415586 -0.558197 0.280421
17 -0.131732 -0.988396 5.8096
17 1.05712 0.257513 1.69537
17 -0.482855 -0.614935 5.27883
17 1.17322 -0.0293633 1.19605
17 -0.397976 -1.04228 5.66709
17 0.865299 0.0551138 1.2194
17 -1.02496 -0.401086 4.77833
17 -0.562489 -1.0126 5.57055
17 -0.977206 -0.634471 5.06923
17 -0.871124 -0.23468 4.69889
17 0.132122 0.792703 2.83021
17 0.685365 -0.971801 0.407778
17 0.587641 0.72883 2.35413
17 0.0338763 -0.79361 5.97053
17 -0.505472 0.396674 3.76509
17 -0.119931 -1.0593 5.85396
17 -0.0035923 -0.824609 5.94343
17 0.763161 -0.737804 0.496084
17 0.0843355 1.1061 2.82141
17 -0.16151 0.761137 3.2463
17 -0.836765 0.492579 3.94805
17 -0.987514 0.11695 4.32069
17 1.06085 0.364068 1.30808
17 -0.556245 -0.770124 5.36118
17 -0.989346 -0.00264225 4.36285
17 0.200576 1.04318 2.73715
