120 -0.390492 1.04759 3.21296
120 -0.132203 -0.727228 5.81221
120 0.5225 0.765849 2.30155
120 -0.483841 -0.976675 5.5797
120 -0.978975 0.41958 4.04036
120 0.825332 0.302978 1.64216
120 1.33013 0.255661 1.49259
120 0.429933 1.02414 2.48302
120 -0.350611 -1.05524 5.70438
120 0.91597 -0.772791 0.588934
120 -0.816074 0.981468 3.55016
120 -0.114178 -1.21493 5.93258
120 0.538396 1.09356 2.40785
120 -0.205277 -0.77369 5.751
120 -0.047673 1.00837 2.88296
120 -0.447153 -0.610955 5.40305
120 -0.941851 0.501323 3.94994
120 0.0964815 -1.12675 6.08463
120 -1.12474 -0.0515558 4.48721
120 0.996957 0.0542001 1.3558
120 1.07107 -0.163782 1.1691
120 -0.124024 -1.05853 5.88226
120 0.563474 -0.546455 0.484021
120 0.75994 1.05783 2.23783
120 -0.994456 0.573825 3.91215
120 0.0190934 0.87206 2.82385
120 0.921936 -1.0321 0.465499
120 -0.545336 -1.16959 5.60332
120 -0.83503 -0.610205 5.09212
120 -0.999621 -0.469009 4.90515
120 -0.30799 0.900295 3.18637
120 0.871325 -0.804325 0.524701
120 0.826182 -0.875732 0.470316
120 0.538173 -1.07632 0.209741
120 -0.416787 -1.11047 5.67556
120 0.674534 -0.813441 0.426059
120 0.0913386 1.22386 2.77862
120 -0.1645 0.840829 3.04983
120 -1.06736 -0.262136 4.67707
120 -0.590383 -1.04535 5.53313
120 -0.653511 -0.502109 5.12405
120 0.740192 -0.764175 0.48812
120 -0.964028 0.0429145 4.39524
120 -0.857872 -0.491339 4.97956
120 0.737921 0.684777 2.04252
120 0.505593 -0.602096 0.421776
120 -0.847531 0.162655 4.26297
120 0.173047 -1.02755 6.16863
120 0.50216 -0.685653 0.346102
120 -0.775882 -0.787564 5.24403
120 0.346306 0.83115 2.49687
120 1.2436 -0.63902 0.829717
120 0.477395 1.17616 2.4804
120 -1.08081 -0.759067 5.07789
120 -0.911335 -0.776089 5.16285
120 -0.417216 1.1858 3.20077
120 -1.14289 -0.385329 4.79498
120 1.21036 -0.231979 1.13466
120 -0.967653 -0.944097 5.2237
120 -0.776618 -0.977675 5.36114
120 -1.00421 -0.132547 4.59371
120 0.565527 0.869653 2.31378
120 -0.663726 -0.653733 5.23058
120 -0.497146 0.612734 3.55638
120 0.730666 -1.11684 0.341004
120 0.486534 -0.803872 0.261514
120 0.386948 1.30744 2.56786
120 0.388014 -0.969972 0.117037
120 0.858492 1.00171 2.15813
120 -1.16394 -0.0769237 4.5092
120 -0.093421 1.03147 2.92958
120 -0.625753 0.477087 3.77378
120 1.34302 -0.197 1.1804
120 -1.17439 -0.232358 4.63843
120 -0.936368 -0.163477 4.63819
120 -1.21787 -0.28179 4.65573
120 0.753813 -0.312588 0.904721
120 0.946092 -0.95903 0.498075
120 -0.0750835 -0.936871 5.91619
120 -0.666199 1.13683 3.38741
120 -1.11458 0.0986232 4.35775
120 -0.3872 -1.28762 5.74482
120 0.0586831 -0.911473 6.06042
120 1.28137 0.261787 1.49257
120 -0.366755 -1.24481 5.74232
120 1.40526 -0.0278103 1.28454
120 -0.259718 0.873703 3.16185
120 1.23215 0.391864 1.59101
120 -0.60441 -0.531145 5.16898
120 0.629586 -1.05472 0.276796
120 1.40658 -0.130718 1.22484
120 1.32025 0.13602 1.3844
120 0.0872732 -1.34399 6.08376
120 -0.418662 -1.06426 5.66622
120 0.602034 -0.829811 0.35591
120 -1.24769 0.163409 4.31368
120 -0.305898 0.860372 3.19919
120 0.222063 -0.957691 6.22519
120 -1.09241 -0.146915 4.5991
120 -0.215295 -0.916958 5.7845
120 -0.109501 1.36132 2.91063
120 0.933853 -0.729482 0.615897
120 -0.814808 1.01974 3.5385
120 0.833861 1.08972 2.2085
120 1.30186 -0.239234 1.13457
120 -1.21123 -0.244775 4.64034
120 1.02386 0.399682 1.66739
120 -1.36146 0.300412 4.24373
120 1.16578 0.538516 1.73581
120 -0.768228 0.479146 3.88644
120 -1.04458 0.924282 3.68065
120 0.472087 0.872162 2.403
120 1.36054 0.203876 1.42544
120 -0.216873 -1.15947 5.82282
120 0.128214 1.31749 2.75771
120 0.907679 -0.871768 0.515033
120 0.664053 -0.674525 0.479203
120 0.56672 1.23942 2.45079
120 -0.387025 -0.985465 5.66674
120 -0.467592 1.18909 3.2269
120 0.915349 0.463578 1.77036
120 -0.549187 -1.21852 5.61082
120 -0.729139 -0.962285 5.38108
120 1.13716 -0.33166 1.02316
120 -0.523398 0.842714 3.41934
120 -0.309828 -1.25161 5.78776
120 1.30126 -0.505559 0.9395
120 -1.07512 0.329636 4.16041
120 -0.315299 -0.67628 5.62001
120 0.854341 -0.039444 1.2436
120 -0.156333 1.27539 2.95625
120 -0.520621 -1.13727 5.60935
120 -1.27402 0.335944 4.19253
120 0.0331367 -1.00643 6.03373
120 0.338105 -0.879804 0.097497
120 0.80861 -0.537758 0.686018
120 -0.560352 -0.761896 5.40254
120 -0.764518 -0.941281 5.36136
120 -0.168799 1.35102 2.96545
120 0.927584 0.134258 1.43016
120 0.715721 0.878153 2.18091
120 1.02372 -0.183089 1.13687
120 1.25277 0.0190932 1.32416
120 -0.181767 -1.081 5.82824
120 -0.367834 -0.65535 5.54591
120 -0.0974377 1.07458 2.92797
120 -0.8673 0.836746 3.64114
120 1.27612 0.119092 1.37914
120 -1.30907 0.088622 4.37871
120 -1.08692 -0.0242632 4.46615
120 -0.434401 1.27182 3.18364
120 0.37808 -1.29127 0.0357403
120 0.0579421 -1.15261 6.06149
120 -0.586244 1.09735 3.35082
120 0.610468 1.03309 2.34734
120 0.431891 0.761964 2.38787
120 -0.0336614 -1.27089 6.00485
120 -0.506688 -1.01877 5.58053
120 -0.951907 -0.270353 4.71991
120 1.01106 0.0115543 1.33234
120 -0.986056 -0.88933 5.17499
120 0.667249 -0.478631 0.622373
120 -0.25153 -0.956079 5.76258
120 1.17632 0.0320701 1.33915
120 0.511744 1.1399 2.45431
120 0.426553 -1.27889 0.0674514
120 1.18389 0.119133 1.39421
120 0.803894 0.0829673 1.3927
120 0.00193734 1.12348 2.82967
120 -0.343287 -0.849936 5.66725
120 1.10779 0.492155 1.71779
120 0.824371 0.37491 1.73061
120 0.243016 0.932101 2.60618
120 -1.14244 0.0653481 4.38022
120 0.802735 -0.704653 0.54786
120 0.972232 -0.59318 0.743101
120 0.810132 -0.225534 1.0301
120 -0.94987 0.676273 3.79673
120 1.39095 -0.179431 1.19264
120 -0.715821 1.04123 3.46738
120 0.075349 -0.7888 6.08028
120 0.833875 0.856866 2.11054
120 0.868484 -0.574132 0.694708
120 -1.18015 0.517537 4.02397
120 -0.722235 -0.866095 5.34097
120 -0.723535 -0.582011 5.13813
120 -0.591866 0.81698 3.4829
120 0.968181 0.788114 1.97389
120 -0.638835 -1.04449 5.49656
120 0.437076 -0.956581 0.170356
120 0.275909 -1.10694 6.23902
120 0.768426 0.861851 2.13941
120 -1.18102 -0.120115 4.55674
120 0.809927 -0.0469304 1.23962
120 1.06533 0.589009 1.80296
120 0.424028 0.92874 2.45184
120 0.0450764 1.08496 2.80886
120 -1.02636 0.599992 3.90411
120 -0.490143 1.15348 3.25113
120 0.774202 0.715079 2.04256
120 -0.283544 -1.1372 5.78426
120 -0.67752 -0.87789 5.37724
120 1.00553 -0.785675 0.618608
120 0.224039 -1.21504 6.18526
120 0.277972 0.735589 2.52052
120 -0.953452 -0.589707 4.99301
120 -1.10752 0.4783 4.03385
120 -0.671988 1.19025 3.35898
120 -0.739045 -0.498253 5.04743
120 -0.177091 1.14372 2.99565
120 -0.834678 -0.222954 4.71221
120 1.14109 -0.572239 0.848206
120 1.15103 0.449715 1.67703
120 0.893405 0.286881 1.61194
120 -0.174873 -1.14907 5.85704
120 0.0182779 1.2199 2.82252
120 -0.610324 1.12963 3.34829
120 0.5282 0.999881 2.39081
120 0.449508 -1.08408 0.139103
120 0.0081256 -1.18446 6.01195
120 1.27057 -0.0227592 1.2789
120 1.32434 -0.451452 0.975092
120 -0.147792 0.780344 3.04034
120 0.486739 1.04007 2.4354
120 1.13277 -0.12157 1.20283
120 -0.999037 -0.796253 5.12689
120 1.15737 -0.70917 0.73526
120 1.17535 -0.112978 1.21292
120 0.479501 -1.0291 0.178777
120 0.50268 -1.15321 0.153339
120 0.129554 -1.01283 6.12962
120 1.07018 -0.341347 0.98912
120 -1.13598 0.261374 4.23422
120 -0.349437 1.32188 3.11359
120 -0.682301 -1.07207 5.48684
120 1.27321 -0.575359 0.888301
120 -0.212543 1.3457 2.98493
120 0.654963 -0.853838 0.391983
120 0.798668 -0.953783 0.432993
120 0.387208 0.897018 2.4736
120 1.25005 -0.374959 1.01558
120 -1.00419 0.913413 3.66801
120 -0.424722 -0.818084 5.57442
120 0.787764 -0.445069 0.7609
120 0.96802 -0.250313 1.06552
120 1.11375 -0.157849 1.18018
120 -1.19714 0.375992 4.14523
120 0.129359 -1.26302 6.11288
120 0.945933 0.828122 2.00279
120 -0.35029 0.918579 3.22503
120 -1.17653 0.269286 4.23167
120 0.242686 -0.994684 6.23564
120 -0.345719 1.18203 3.13252
120 1.40408 0.0690459 1.35885
120 0.653593 1.04463 2.32825
120 0.943405 -0.200986 1.10932
120 1.1379 0.0340649 1.33849
120 -0.419854 1.10271 3.21837
120 0.909937 0.577819 1.87882
120 -1.01923 0.210099 4.25415
120 1.08803 -0.4464 0.904823
120 0.895469 -0.201309 1.09895
120 -1.06351 -0.110788 4.56108
120 -0.707049 0.337757 4.0103
120 -1.09452 -0.715448 5.04532
120 -0.364403 0.876857 3.25453
120 -0.534917 0.925168 3.37085
120 0.469882 -1.18949 0.126655
120 -0.63968 0.896754 3.47316
120 0.364986 -0.835307 0.13522
120 -0.666977 1.00416 3.44012
120 0.934966 0.609371 1.88699
120 -0.0845571 0.850103 2.9392
120 -0.737528 0.272883 4.10879
120 0.805293 -0.100347 1.18385
120 -0.267891 -0.812032 5.70657
120 -0.844174 0.751311 3.67283
120 -0.390929 0.851151 3.27311
120 -0.414743 -1.16572 5.70395
120 -0.385102 -1.04078 5.6889
120 0.574245 -0.938509 0.278623
120 1.24219 -0.475207 0.94872
120 -1.33869 -0.275056 4.63438
120 -1.23699 0.287759 4.22614
120 1.12055 0.362989 1.60282
120 1.00883 -0.291435 1.01857
120 -0.108254 -1.27612 5.93757
120 -1.26693 -0.0932665 4.5166
120 -0.464361 -0.830611 5.53949
120 0.564152 0.671698 2.18229
120 -1.18003 0.427676 4.09904
120 0.492455 1.21484 2.47475
120 0.422998 1.21268 2.54209
120 -1.02404 0.259576 4.21192
120 -1.3888 0.120991 4.35742
120 1.32786 -0.305874 1.10423
120 1.11081 -0.694993 0.727814
120 0.857103 -0.223318 1.05378
120 -0.451077 1.02049 3.26597
120 0.0491685 1.29991 2.8135
120 0.586145 0.621403 2.14073
120 -0.41643 -1.23946 5.71559
120 -0.737095 -0.168984 4.6755
120 -0.847628 -0.703298 5.15183
120 1.10225 -0.205545 1.14001
120 -0.06176 -1.34649 5.98205
120 -0.880921 -0.34666 4.84686
120 -0.541307 -0.921297 5.51726
120 -0.734242 -1.08225 5.43644
120 1.06974 0.00626977 1.3243
120 -0.637831 -0.885765 5.40159
120 0.839714 -0.281886 0.961032
120 -1.0213 -0.750977 5.08559
120 -1.27319 -0.049488 4.4652
120 0.89141 -0.0131107 1.28214
120 -0.123457 -1.33189 5.91865
120 0.302733 -1.1877 6.25923
120 0.936362 -0.62734 0.696961
120 -0.165464 0.925798 3.03008
120 -0.885939 -0.424471 4.90414
120 -1.18513 0.0550781 4.39338
120 0.230449 0.887823 2.60202
120 0.536152 -0.921172 0.257878
120 -1.2231 -0.330289 4.69791
120 0.702842 -1.07694 0.338538
120 0.24347 0.765363 2.55962
120 -1.31192 0.333714 4.19771
120 1.28867 -0.28454 1.11036
120 0.867774 1.04877 2.16395
120 0.866505 -0.846334 0.507683
120 0.934535 -0.493471 0.817064
120 1.01586 0.802665 1.96073
120 -0.876886 -0.634483 5.0787
120 -0.806221 0.613991 3.75973
120 -1.14506 0.564561 3.98588
120 -1.31276 0.163334 4.32083
120 0.0125565 0.780725 2.8338
120 -0.995694 -0.65627 5.04204
120 -0.804309 0.568374 3.81563
120 0.828089 -0.984171 0.43333
120 -1.13702 -0.219881 4.64006
120 -0.460136 -1.0241 5.61828
120 1.25643 0.316647 1.55
120 0.30413 -1.04596 0.000540071
120 0.855808 -0.700324 0.605372
120 1.02102 0.471812 1.73968
120 0.203685 -0.9143 6.22179
120 0.743366 -0.445574 0.730277
120 -1.35154 0.0844147 4.37546
120 -1.29277 -0.176846 4.59263
120 -0.457167 -1.23038 5.69473
120 -0.964714 0.909779 3.65864
120 0.628342 -0.647276 0.475865
120 0.660154 -0.936329 0.344112
120 0.51794 -1.00854 0.20607
120 -0.460399 1.12216 3.23901
120 0.878582 -0.75025 0.584453
120 0.226301 0.974095 2.64257
120 0.26695 -0.762495 0.0407114
120 0.724652 0.474254 1.89585
120 1.02931 -0.7095 0.68366
120 0.521339 -0.966189 0.219773
120 0.884477 -0.280111 0.983053
120 -0.578733 0.929802 3.40683
120 -0.123576 -0.895935 5.84798
120 -1.14952 0.473096 4.0545
120 1.17003 0.0747331 1.37041
120 0.568745 -1.19294 0.194695
120 0.611371 0.860975 2.26704
120 -1.17915 -0.301217 4.68375
120 0.804057 -0.173534 1.10024
120 -1.21364 -0.434777 4.81317
120 0.960234 0.04398 1.34844
120 -0.930846 -0.00111675 4.43174
120 0.972773 -0.746684 0.615135
120 1.35791 -0.0370481 1.27296
120 -1.04932 -0.713849 5.05773
120 -1.12979 -0.115345 4.55985
120 -0.985328 -0.56974 4.99078
120 -0.280969 1.19511 3.0815
120 -1.02612 -0.892185 5.17256
120 0.143741 -1.34057 6.11674
120 -0.206491 -1.11267 5.82053
120 -0.937818 0.0794794 4.36825
120 -0.602349 0.73226 3.54987
120 0.946915 0.750247 1.96187
120 -1.04194 -0.148132 4.60676
120 1.05121 0.435871 1.69819
120 -1.12876 -0.670733 4.99801
120 -1.26137 0.544061 4.00861
120 -0.611192 -1.00397 5.50336
120 0.876548 -0.326385 0.937964
120 -0.812258 0.1892 4.22723
120 0.432512 1.11561 2.49521
120 -0.809737 0.133415 4.29306
120 -0.0748674 1.12528 2.9022
120 -0.81469 0.402942 3.99739
120 -0.988889 -0.730126 5.08274
120 0.898286 -0.933884 0.488827
120 0.741347 -0.86361 0.443143
120 0.260242 -1.28078 6.20573
120 0.793146 0.810595 2.11012
120 0.326352 -1.08227 0.0266698
120 -0.687836 -0.953225 5.39773
120 -0.823353 0.65406 3.74199
120 -1.36476 -0.11352 4.528
120 -0.916547 0.950424 3.61108
120 0.828498 -0.916604 0.465357
120 -0.233732 1.06793 3.07219
120 -0.839664 0.542757 3.86322
120 0.889026 -0.505492 0.762179
120 0.846788 -1.08912 0.413045
120 -0.405512 0.771558 3.32309
120 -1.20638 -0.0115837 4.45186
120 0.345294 -1.19367 0.011367
120 0.126286 1.00185 2.74164
120 -1.1933 0.0937885 4.36936
120 1.13212 0.237722 1.51354
120 -1.28393 0.38618 4.15224
120 0.983869 0.887387 2.0288
120 -1.17227 0.0185749 4.42144
120 1.14544 -0.78678 0.693591
120 -0.744111 0.4385 3.90045
120 1.13802 0.317591 1.5634
120 1.10904 -0.512624 0.87842
120 -0.0848387 1.32205 2.89619
120 0.0692879 0.996971 2.78553
120 0.195079 0.922965 2.65656
120 0.445386 1.25281 2.53596
120 0.9235 0.207625 1.53827
120 -0.708366 1.1328 3.40548
120 0.900486 -0.98374 0.46374
120 -0.96112 0.955329 3.63169
120 1.36049 -0.0814462 1.25146
120 -0.306794 -1.02193 5.7389
120 -0.718908 0.641339 3.68639
120 1.03718 0.851438 1.96946
120 -0.623961 0.59331 3.65315
120 -0.210819 -0.878946 5.77735
120 0.428744 -0.751014 0.22756
120 -0.0858274 -0.745688 5.8647
120 0.585214 -0.608676 0.462187
120 1.08928 0.336782 1.58862
120 1.30473 0.336034 1.54601
120 -0.805601 0.34855 4.05083
120 0.98425 0.577883 1.82565
120 -0.273066 0.828739 3.18247
120 0.223902 -0.837878 6.25954
120 -0.646916 -0.981885 5.46726
120 -1.1071 -0.323565 4.70609
120 -0.501842 -0.89952 5.53942
120 -1.1597 0.312068 4.1868
120 1.1875 0.264787 1.52665
120 0.774696 -0.844023 0.455163
120 -0.65473 0.512044 3.75786
120 1.23127 0.281173 1.52493
120 0.621577 0.734192 2.1647
120 -0.94587 0.809038 3.69796
120 1.33979 0.0570256 1.35585
120 -1.12405 -0.613952 4.9458
120 -1.05229 0.0683773 4.36929
120 -0.5934 0.971391 3.39777
120 0.431191 0.88066 2.4343
120 0.58195 0.770601 2.23256
120 0.195697 1.35676 2.716
120 -0.755225 -0.901807 5.34076
120 -1.2698 0.428715 4.12131
120 -0.234469 -0.694334 5.69134
120 -0.557137 -0.656705 5.33225
120 0.321817 0.741307 2.49341
120 -0.137219 -0.998154 5.85926
120 0.0500368 1.19296 2.80505
120 0.143615 -0.914236 6.14574
120 0.328534 1.11959 2.57118
120 0.40096 1.25834 2.55135
120 0.816998 0.0174726 1.32974
120 -0.502526 -1.19288 5.64467
120 0.603029 -0.745312 0.404459
120 -0.0320234 -1.16331 5.98358
120 0.103415 -0.936789 6.108
120 -0.114444 1.11657 2.94241
120 0.544978 -1.14137 0.184757
120 -0.616691 -0.949724 5.47409
120 -1.17847 -0.549165 4.90664
120 -0.935927 0.442384 4.01554
120 -1.12513 0.729334 3.85506
120 0.181575 1.23257 2.71815
120 1.10764 0.0904736 1.37446
120 0.701141 0.652268 2.05653
120 1.16681 -0.154085 1.19719
120 -1.03286 0.344338 4.13721
120 0.36199 0.706179 2.43152
120 1.07105 0.683475 1.88315
120 0.997145 0.673349 1.90027
120 1.0449 0.22914 1.53192
120 -0.474288 1.07555 3.27153
120 0.942102 0.544951 1.82876
120 0.372243 1.11011 2.54156
120 -1.29952 -0.421631 4.77984
120 0.904715 0.970145 2.12295
120 -1.04273 -0.566908 4.95494
120 0.85811 0.411633 1.75854
120 -1.27174 -0.455393 4.80914
120 -0.98445 -0.428887 4.87782
120 0.744581 -1.08074 0.335843
120 -0.160234 -1.32062 5.90202
120 1.00658 -0.675369 0.691605
120 0.640778 0.953294 2.29046
120 0.460874 -1.13624 0.134117
120 -0.89863 0.241647 4.19083
120 -1.01181 0.0259611 4.41073
120 -0.646819 0.698259 3.6111
120 -0.992883 0.657626 3.84848
120 0.318098 1.25581 2.59668
120 0.846634 0.0901876 1.39304
120 -0.952555 -0.125214 4.59231
120 1.3147 0.299317 1.52837
120 0.278114 -0.867855 0.0163276
120 -0.633141 1.21605 3.32772
120 0.8857 -0.663357 0.62595
120 -1.02967 -0.433832 4.86708
120 1.10327 0.286064 1.55122
120 -1.04317 -0.669995 5.02717
120 1.18913 0.154771 1.40032
120 0.1635 1.15388 2.72729
120 0.179714 -0.953954 6.18852
120 -0.723412 0.5936 3.74107
120 0.310885 1.01063 2.56461
120 -0.131342 0.887257 2.99499
120 -1.10847 -0.246369 4.65103
120 1.01715 0.760282 1.94117
120 0.407719 0.812275 2.4351
120 0.694774 0.781058 2.1401
120 0.887762 -0.111963 1.19028
120 0.229178 -0.879576 6.24787
120 0.768906 0.660175 2.00728
120 -1.29854 -0.246493 4.6183
120 -0.519213 -0.658416 5.36304
120 -1.33094 0.207428 4.27837
120 -0.251763 -1.22865 5.80391
120 1.08942 0.636714 1.83309
120 0.221012 -1.26881 6.1844
120 -0.70229 -0.755765 5.2842
120 0.754975 0.908766 2.17522
120 0.12143 1.19215 2.75823
120 -0.890163 0.277566 4.16863
120 -0.424316 1.14782 3.20531
120 -0.328714 -1.1355 5.74859
120 -0.719603 -0.536727 5.10389
120 -0.0715497 1.25393 2.8885
120 -0.00180253 1.00006 2.84348
120 1.1158 -0.0469092 1.25026
120 1.15565 -0.665008 0.771999
120 1.3617 0.316056 1.52768
120 1.20757 -0.512025 0.907193
120 -0.581022 0.577714 3.64354
120 1.20646 -0.653475 0.833474
120 0.855011 -0.530651 0.731176
120 -1.13368 0.683415 3.88464
120 0.0548496 1.24853 2.81339
120 -0.904263 -0.562134 5.00665
120 0.0139509 -0.953782 6.01433
120 -0.245174 -0.736768 5.69653
120 -1.16184 0.613399 3.95444
120 0.0695063 -1.1015 6.07229
120 1.09383 0.409586 1.65891
120 1.1039 -0.64534 0.764075
120 0.176988 -1.12497 6.14601
120 0.636666 -0.898247 0.338095
120 0.102846 -0.889773 6.11537
120 -0.852553 0.613336 3.79998
120 1.28744 -0.128749 1.21412
120 -0.70321 1.00071 3.46168
120 1.1481 -0.533733 0.864808
120 0.366176 1.17284 2.55015
120 -0.506233 0.708205 3.4848
120 -0.810465 -0.264468 4.77255
120 1.16633 -0.494727 0.902226
120 0.683462 -0.964501 0.352996
120 -1.00057 -0.218069 4.65254
120 0.659879 0.726981 2.14169
120 1.09641 -0.852898 0.628414
120 -0.964486 -0.198207 4.65579
120 -0.721592 1.17529 3.39747
120 -0.0758129 -1.19045 5.95961
120 -0.0119783 1.37225 2.83754
120 -0.827782 0.226768 4.19908
120 0.589773 1.18879 2.40389
120 -0.734123 0.37666 3.98496
120 -1.3451 -0.0270849 4.4478
120 1.16923 0.205615 1.46367
120 0.864917 0.131344 1.43764
120 0.129738 1.2453 2.75614
120 -0.350055 -0.895809 5.67498
120 -1.05478 0.223578 4.24909
120 0.93969 -0.406767 0.890166
120 1.14974 0.497908 1.71359
120 -0.985343 0.232295 4.23616
120 -0.647401 1.09514 3.3888
120 0.26852 1.17413 2.6332
120 0.00328914 1.17287 2.83416
120 0.63781 -1.09664 0.258665
120 -0.948529 -0.230153 4.67468
120 -0.527122 0.571732 3.60222
120 -1.36404 0.256646 4.26067
120 -0.684001 0.885552 3.52267
120 0.0936844 0.782451 2.74965
120 1.03869 -0.367028 0.95941
120 1.05167 0.270032 1.54941
120 -1.23588 0.330235 4.19609
120 -1.15452 0.393555 4.12436
120 -0.869667 0.202082 4.23238
120 1.22931 -0.0431533 1.26425
120 -0.0808289 -1.24237 5.95095
120 0.83834 -0.34796 0.906581
120 0.0998406 -1.21798 6.08558
120 1.14443 0.104714 1.38548
120 1.04719 -0.551487 0.810298
120 0.977745 -0.488247 0.832988
120 0.942192 -0.454505 0.845342
120 1.02713 0.702861 1.9101
120 -0.491297 -0.937788 5.56626
120 1.01721 0.167137 1.45153
120 -0.57457 -0.990382 5.52109
120 1.00991 0.274941 1.55857
120 -0.913535 -0.510181 4.96451
120 -0.503479 0.797552 3.4312
120 0.210743 1.18564 2.6952
120 1.17969 -0.741382 0.727335
120 0.804474 1.05944 2.20892
120 -1.09613 0.537807 3.9939
120 0.380117 1.21071 2.54873
120 -0.923427 -0.725854 5.11602
120 0.763649 -0.507488 0.678801
120 0.00446434 -0.910596 5.99954
120 1.0578 0.118222 1.39926
120 0.230024 1.2291 2.68274
120 1.27593 0.165018 1.40796
120 -1.01635 -0.839758 5.14501
120 -0.868558 -0.306459 4.80567
120 1.10177 0.451513 1.69586
120 0.816582 0.550261 1.90116
120 0.751788 -0.686274 0.523849
120 -1.04595 -0.229403 4.65742
120 0.282683 0.954217 2.5685
120 1.23328 0.126164 1.3856
120 0.216963 -1.05165 6.20517
120 0.312093 -0.786294 0.0877562
120 1.38429 -0.225929 1.166
120 -1.12091 -0.177023 4.60823
120 -0.609673 1.06289 3.36919
120 -0.672078 -0.72834 5.29062
120 -0.45791 -0.780667 5.52368
120 0.199573 0.788189 2.61665
120 0.108853 -1.30315 6.09548
120 -1.04495 -0.513676 4.91982
120 -0.665856 -0.918426 5.3924
120 -0.640816 0.971045 3.43894
120 0.789189 -0.78637 0.501172
120 1.11666 -0.47447 0.898425
120 -1.13936 -0.570984 4.92391
120 -0.549274 -1.02924 5.55833
120 0.266449 -1.02359 6.24928
120 -0.364929 1.01491 3.20839
120 -1.21146 -0.0900345 4.52617
120 0.0953366 1.28026 2.78125
120 0.0822625 1.16936 2.77929
120 0.253706 -1.17996 6.21616
120 0.384744 0.748323 2.42665
120 -1.06874 -0.0616406 4.50098
120 -0.927441 -0.671889 5.08279
120 -0.626534 -1.13997 5.55372
120 -0.589597 -0.91762 5.48179
120 0.566581 0.726181 2.21139
120 -0.54846 1.22816 3.26906
120 -0.902982 0.800084 3.69058
120 -1.0015 0.0611942 4.38596
120 -1.20396 -0.164345 4.5957
120 -0.708948 -0.273868 4.85539
120 0.806349 -0.398566 0.832266
120 -0.402791 1.30688 3.14627
120 1.24279 0.235474 1.48536
120 -0.232145 1.2138 3.03115
120 -0.797688 -0.605208 5.10941
120 -0.84303 -0.151766 4.64463
120 -0.218825 0.909686 3.08907
120 -0.435989 0.65378 3.44967
120 0.257244 0.858252 2.57597
120 -0.298322 0.740241 3.24727
120 -0.781563 -1.08649 5.39654
120 -0.843821 -0.742908 5.16725
120 1.06224 -0.602842 0.777197
120 -0.183818 0.976424 3.03975
120 -0.846401 -0.021637 4.47132
120 0.360931 -1.1051 0.0499029
120 0.783648 0.759468 2.07423
120 -0.818944 0.783054 3.64678
120 0.549422 -0.690437 0.397613
120 -0.681649 -1.1234 5.49826
120 -0.191155 0.878946 3.07507
120 -0.718933 -1.1353 5.48827
120 1.16227 -0.616226 0.824748
120 0.531247 1.04312 2.40155
120 0.677269 1.18707 2.35252
120 -0.484111 -0.865531 5.53305
120 -1.02596 -0.0873962 4.5416
120 -1.28436 0.13118 4.34814
120 0.276875 1.21781 2.63294
120 -1.38834 0.068525 4.3851
120 1.11205 -0.00420097 1.29912
120 0.333927 -1.13946 0.0216989
120 -0.675285 0.661856 3.6419
120 -0.19887 1.0295 3.04302
120 0.984864 -0.529273 0.801032
120 0.499078 -1.10877 0.163194
120 0.643924 -1.16533 0.242865
120 0.173046 -0.774065 6.2073
120 0.165761 1.1955 2.72325
120 0.404206 -0.845782 0.167591
120 -0.0961452 0.94071 2.95512
120 0.534033 0.628909 2.16626
120 -1.0392 -0.037105 4.48179
120 -0.497864 -0.797673 5.49752
120 -1.08638 0.01565 4.42852
120 -1.1547 0.109747 4.34984
120 -1.22878 -0.048221 4.46659
120 -0.950496 0.601759 3.87892
120 1.20808 0.440296 1.64539
120 -0.797758 -0.00287109 4.43596
120 -0.296786 -0.755557 5.66958
120 -0.586763 0.637701 3.60465
120 0.325044 1.20746 2.58932
120 -0.427406 1.06254 3.23074
120 0.0357351 1.02696 2.81661
120 -1.10788 0.353548 4.14649
120 0.898484 -0.397574 0.884231
120 -0.33764 1.1329 3.13987
120 -0.502636 -0.585893 5.3283
120 -1.27176 -0.338068 4.6758
120 1.22125 -0.332878 1.0617
120 1.07686 -0.732722 0.693299
120 -0.54014 0.663545 3.55472
120 0.996813 -0.924087 0.542271
120 0.442824 -0.82385 0.203819
120 -0.554705 -0.57111 5.26261
120 -0.499047 0.991785 3.31988
120 -0.8879 0.924526 3.61392
120 0.874026 0.773447 2.02781
120 -0.239929 1.13981 3.04334
120 -0.155744 -1.18871 5.87485
120 0.570843 1.0542 2.38449
120 -0.346131 0.96984 3.20527
120 0.651739 -1.20525 0.237426
120 -0.808915 -1.05292 5.36762
120 1.28509 0.215914 1.46118
120 -1.25274 -0.542486 4.86188
120 -0.979062 0.281762 4.17919
120 0.915697 0.785427 2.00243
120 -1.2294 -0.374123 4.73757
120 0.946362 0.489303 1.77836
120 -0.290516 1.12279 3.11439
120 -0.490728 0.897853 3.34669
120 1.19811 0.68265 1.80999
120 1.00765 0.362277 1.64418
120 -0.351151 -0.756059 5.62556
120 0.601835 -1.11991 0.232887
120 0.137298 0.823072 2.70833
120 -0.378777 1.09368 3.19557
120 -0.522055 -0.979301 5.5632
120 -0.433671 0.942553 3.27986
120 -1.01075 0.457948 4.01191
120 -0.980623 -0.0588455 4.51952
120 -0.789645 0.0485982 4.39435
120 0.0171188 -1.27058 6.02087
120 0.133725 1.07622 2.73989
120 1.34986 0.370726 1.56794
120 -0.896347 -0.47629 4.95569
120 0.873175 0.467106 1.79794
120 1.04816 -0.456892 0.893966
120 -0.271225 1.29916 3.04617
120 -0.733314 -0.413973 4.97554
120 -0.757711 -0.602875 5.13645
120 -0.732273 -0.824686 5.30726
120 0.583255 0.913043 2.31917
120 -0.259486 -1.17644 5.80206
120 -1.06394 -0.632379 4.99955
120 0.853412 0.207051 1.55582
120 1.14747 -0.26369 1.09643
120 -0.797564 0.523895 3.85427
120 0.216722 -0.793992 6.25448
120 -0.736006 0.875004 3.56109
120 -0.232357 -1.00332 5.78333
120 1.06096 -0.908439 0.587973
120 0.310246 0.784486 2.52111
120 0.00568685 1.08475 2.82976
120 -1.18978 -0.58747 4.92453
120 -0.245386 -1.12767 5.80208
120 -0.269512 0.788781 3.19116
120 0.97058 0.31008 1.61127
120 -0.674785 -1.01994 5.45677
120 0.866843 0.590624 1.89898
120 -0.634212 0.800419 3.54225
120 -0.473135 0.848624 3.35293
120 -0.960815 0.379786 4.07091
120 1.16105 -0.372756 0.980937
120 -0.82414 -0.956821 5.32189
120 0.78077 -0.271529 0.947837
120 0.233191 1.04131 2.64975
120 -0.801509 0.686213 3.70674
120 -0.943678 0.251157 4.20338
120 -1.31942 0.283035 4.2474
120 0.520021 -0.877406 0.258345
120 0.147381 -1.15142 6.13719
120 -0.789454 0.250799 4.16231
120 -0.54036 1.01142 3.34854
120 1.1727 -0.409196 0.973781
120 0.016763 1.26549 2.82137
120 -0.430507 1.2255 3.19609
120 -0.726272 0.720332 3.63735
120 0.0819126 1.12365 2.77158
120 -0.0292258 1.25008 2.86054
120 -0.42696 0.69505 3.42312
120 -1.1509 -0.149711 4.58753
120 1.16953 -0.218216 1.14314
120 0.202031 -1.00295 6.20293
120 -0.503773 -1.24614 5.65696
120 -0.908559 1.04434 3.57614
120 1.07511 -0.401497 0.941406
120 -0.297296 1.26121 3.07464
120 -0.964186 0.764071 3.73481
120 -1.17837 0.719428 3.86974
120 0.162695 -1.29147 6.12919
120 -1.12885 -0.483748 4.86522
120 0.888028 0.90775 2.10556
120 -0.875038 0.987821 3.57986
120 -0.405001 0.90242 3.26328
120 -0.867914 -0.191482 4.67479
120 -1.29623 -0.125358 4.5499
120 0.110247 0.962655 2.74263
120 -0.62904 1.0183 3.41527
120 -0.882062 0.872121 3.63319
120 -1.23089 0.0822333 4.37016
120 0.606176 0.692498 2.16436
120 0.542414 -1.03559 0.211879
120 -0.630376 -0.73894 5.32922
120 0.482723 0.720304 2.30419
120 0.852602 0.510386 1.85181
120 -1.28766 0.0140421 4.42495
120 -0.147315 1.04791 2.99508
120 0.551534 0.590682 2.14972
120 1.26373 0.364319 1.57991
120 0.480057 0.998677 2.42878
120 -1.07055 0.670784 3.86085
120 -0.657659 -0.614041 5.20618
120 -0.824089 0.871891 3.6109
120 -0.802931 -0.752202 5.20422
120 0.262734 -0.819946 0.00831248
120 -0.317898 -0.924482 5.69575
120 -0.915148 0.578495 3.87892
120 -1.04969 0.0202019 4.42087
120 -0.87967 0.134195 4.3017
120 1.13467 0.794607 1.91301
120 0.984164 0.537183 1.8047
120 0.647539 -0.759892 0.436219
120 0.997169 -0.0853512 1.22284
120 0.817958 0.164446 1.51455
120 -0.306692 -0.797964 5.68153
120 -0.45381 0.897641 3.32175
120 0.955361 -0.359326 0.930282
120 -1.02654 0.683322 3.83635
120 1.23092 0.645007 1.77776
120 1.10385 -0.0837779 1.22924
120 -0.889894 0.379778 4.04259
120 0.836516 0.812873 2.07641
120 -1.31538 -0.212685 4.60896
120 1.04877 -0.0884515 1.2236
120 0.061491 -1.06002 6.06659
120 0.131019 0.864492 2.71716
120 0.941088 0.924371 2.07457
120 -0.775979 -1.02112 5.37124
120 0.852618 -0.482357 0.766078
120 -0.94025 -0.555698 4.99666
120 -0.330216 -0.72074 5.63212
120 -1.33123 -0.150577 4.56894
120 1.02024 0.322269 1.59732
120 -0.218724 1.3025 3.00874
120 1.06591 0.77653 1.9326
120 -0.345408 -1.30059 5.76701
120 0.264623 1.08991 2.61935
120 0.807736 -0.486866 0.736949
120 -0.59223 1.23524 3.2994
120 -0.740691 0.212479 4.19846
120 0.268471 1.26802 2.65154
120 0.776991 0.621067 1.98039
120 -0.791778 0.845332 3.60943
120 -0.751097 -0.749413 5.24053
120 -0.136261 1.19742 2.95465
120 1.01527 0.122536 1.40575
120 -0.77297 0.639844 3.72674
120 0.963712 -0.00613613 1.29936
120 -0.221219 0.837315 3.12394
120 -1.17359 -0.682303 4.99188
120 -0.0231746 -1.12247 5.99122
120 0.618114 0.527777 2.01665
120 -0.63898 -0.693743 5.29029
120 0.177122 -0.874974 6.19501
120 0.674743 0.825047 2.18056
120 1.10535 -0.365228 0.981486
120 0.69509 0.713462 2.11973
120 -0.312456 1.00703 3.16323
120 0.143854 -1.22371 6.12246
120 -1.05618 -0.354681 4.79177
120 -1.31083 0.241072 4.26312
120 -1.09264 -0.808164 5.09255
120 -1.04053 0.147195 4.29625
120 0.0758731 -1.01755 6.07269
120 0.751341 -0.726014 0.507029
120 0.806401 0.928743 2.14604
120 -0.449881 0.801415 3.37032
120 0.971565 0.154333 1.43818
120 -0.763781 0.0965174 4.33516
120 -0.679838 -0.527584 5.12301
120 -0.586495 1.01175 3.38256
120 0.726981 -0.906929 0.413176
120 -0.494284 -1.11059 5.62199
120 -0.78488 -0.652591 5.15133
120 -0.687171 -0.408587 4.9924
120 0.858378 -0.387183 0.878669
120 -0.550553 -0.880381 5.49397
120 -0.903437 -0.95909 5.27905
120 0.434944 -1.04158 0.145707
120 -0.983374 -0.386491 4.84089
120 -1.36522 -0.242877 4.61413
120 0.716051 -0.80744 0.446886
120 0.51069 0.897749 2.37978
120 -0.548271 -0.803252 5.43655
120 0.651551 -0.614044 0.502223
120 -0.699773 1.08645 3.42535
120 -0.861806 -1.00196 5.3304
120 -1.12076 0.308939 4.18837
120 -0.901584 0.482268 3.95018
120 0.918777 0.717219 1.95891
120 0.0401437 -0.762074 6.0364
120 -0.688501 -0.35996 4.95176
120 0.907182 1.02808 2.14198
120 0.675064 0.481135 1.91847
120 1.17607 0.635501 1.78821
120 -0.362382 -0.939465 5.6772
120 1.08394 -0.11801 1.20681
120 0.0940683 -0.9795 6.09475
120 0.484564 -0.941567 0.200676
120 -0.391295 0.939572 3.25281
120 0.761669 0.499134 1.89556
120 1.13237 0.141992 1.40799
120 0.719965 0.526686 1.93579
120 0.834828 0.762444 2.03668
120 0.305754 -0.913603 0.0416003
120 0.201835 1.00847 2.68062
120 -1.22253 0.0312034 4.41263
120 1.28977 0.0439569 1.33425
120 -0.708934 -0.622728 5.16521
120 0.931475 0.661528 1.92023
120 -1.0963 0.194222 4.26719
120 0.0524247 -0.960464 6.04852
120 0.525591 1.24763 2.47225
120 0.712233 -1.02991 0.349034
120 -0.980868 0.622965 3.86723
120 -0.834005 0.0287035 4.41065
120 -0.979204 0.526864 3.93821
120 0.72085 0.932466 2.20312
120 -0.839549 -0.65351 5.11595
120 -0.635859 -0.435478 5.0621
120 0.708713 -0.99143 0.356496
120 -1.3453 0.359316 4.18402
120 -0.931095 -0.360512 4.83668
120 -0.340241 1.05248 3.17048
120 -1.1708 -0.50434 4.86264
120 -0.651708 -1.17742 5.54954
120 -0.547425 0.80744 3.45846
120 -1.11459 -0.412831 4.80997
120 -0.985846 -0.292862 4.72887
120 -0.747522 -0.641536 5.15096
120 0.729309 0.413111 1.82974
120 -0.444684 -0.973277 5.6123
120 1.12317 -0.405621 0.95979
120 -1.14703 -0.331488 4.71415
120 0.892695 0.0462904 1.35691
120 1.11028 0.761472 1.91241
120 -1.02098 0.0947873 4.36467
120 0.775749 0.991092 2.19583
120 -1.32662 0.399436 4.16132
120 -1.08642 0.134475 4.327
120 0.517113 -0.83466 0.276915
120 0.179091 1.07304 2.7049
120 -0.431593 0.850374 3.31372
120 0.67429 -0.529342 0.597668
120 -0.25909 -1.04265 5.77305
120 -0.897548 0.735634 3.73118
120 -0.309005 0.95263 3.17839
120 -0.336835 1.2805 3.11217
120 0.433544 -0.999834 0.153788
120 -0.461983 -1.18274 5.66762
120 -0.632762 0.757356 3.5587
120 -0.862753 -0.0655685 4.5381
120 1.04005 -0.132943 1.1904
120 0.862856 0.307073 1.62853
120 1.10143 -0.803623 0.659271
120 0.0183111 -0.816977 6.01211
120 1.11361 0.541276 1.76069
120 0.799571 0.88302 2.13801
120 0.667513 0.870976 2.21778
120 -0.819252 0.481773 3.91243
120 -0.789739 -0.879352 5.30343
120 0.725672 1.11292 2.30343
120 -0.588033 -0.732528 5.35692
120 0.270917 -1.22914 6.22455
120 -0.788298 -0.714289 5.18322
120 -0.988041 -0.507962 4.93783
120 0.761335 0.954914 2.188
120 0.586602 -1.05398 0.247443
120 1.25326 0.457315 1.64659
120 -0.299456 -1.28958 5.79731
120 1.04333 -0.645812 0.730889
120 -0.936357 -0.0626836 4.52588
120 -0.308992 -0.881945 5.68753
120 -0.862871 0.323141 4.09578
120 0.995491 -0.376753 0.929662
120 -0.672471 0.61943 3.65774
120 1.01642 -0.825923 0.60652
120 1.10805 0.709611 1.87923
120 -1.02996 -0.296097 4.71588
120 -0.270942 -0.918751 5.73145
120 0.630399 0.816737 2.21562
120 0.351836 -0.694326 0.180511
120 0.939833 0.0849315 1.3868
120 1.2804 0.527677 1.68932
120 -0.465124 0.965333 3.30585
120 0.581484 1.09739 2.3889
120 -0.593839 -1.21088 5.59315
120 -0.897811 -0.391299 4.88416
120 -0.919747 0.992642 3.59898
120 -0.987796 -0.168677 4.63336
120 0.320462 1.07596 2.56376
120 0.910755 -0.354686 0.927018
120 0.868664 -1.00518 0.454027
120 0.902675 0.520692 1.83317
120 1.26062 -0.524122 0.912236
120 -0.500545 0.943027 3.34382
120 1.02748 -0.74854 0.65734
120 0.421612 -1.23382 0.065634
120 -0.886619 -0.864609 5.22644
120 -0.374695 1.21955 3.13982
120 0.910871 -0.594914 0.695463
120 0.761867 0.575166 1.94693
120 0.401569 0.979259 2.49026
120 -1.04084 0.636916 3.88263
120 -1.12177 0.14925 4.3105
120 -0.213184 -0.957378 5.78631
120 -0.684326 0.942856 3.49186
120 -0.527926 -0.707815 5.39965
120 0.919328 -0.250147 1.04234
120 0.595727 -1.01203 0.270807
120 1.29838 -0.185292 1.1846
120 -0.307165 1.16355 3.12086
120 0.382455 -1.1484 0.0600976
120 -0.720706 -0.710702 5.22915
120 -0.756598 0.0251528 4.41182
120 0.492036 -1.06778 0.171868
120 -0.0180918 -1.30697 6.00267
120 -0.814581 -1.00488 5.36353
120 -0.06207 0.789341 2.92096
120 -0.802876 -0.0756226 4.57086
120 0.580538 -0.652684 0.438672
120 -0.222236 1.17261 3.02284
120 0.216023 -0.743645 6.26045
120 -0.172437 -0.921298 5.81526
120 -0.852403 0.256251 4.17752
120 -0.696268 -0.677396 5.22987
120 0.92524 -0.31382 0.962664
120 0.922227 0.315711 1.61989
120 -0.819069 -0.796493 5.22886
120 -0.782569 -0.490347 5.00951
120 -1.3059 -0.027023 4.45372
120 0.817275 0.595672 1.93133
120 0.381231 -0.931735 0.119939
120 -0.914801 -0.0989708 4.56929
120 -0.153957 1.10747 2.98381
120 0.00461635 1.31248 2.8313
120 -1.21592 -0.204393 4.6183
120 -0.86677 -0.781515 5.18251
120 1.14031 -0.195947 1.14862
120 0.634646 -0.708948 0.445487
120 -0.547464 0.616499 3.5907
120 -1.26072 0.0448537 4.40854
120 1.21603 0.349158 1.57385
120 0.544042 -0.584862 0.450145
120 -1.05718 0.378682 4.10309
120 -0.810863 -0.462751 4.97992
120 1.01329 -0.612814 0.744366
120 -1.141 -0.442984 4.83143
120 0.418084 -1.12033 0.0970247
120 -0.524728 1.26332 3.24312
120 1.06058 -0.782184 0.650024
120 -0.222653 -1.32897 5.84678
120 0.787713 0.24573 1.60373
120 -0.365969 -1.09397 5.71608
120 -1.34176 0.13225 4.3438
120 0.888745 0.668326 1.94061
120 0.957756 -0.125564 1.18443
120 -1.04542 0.489308 4.0066
120 -1.27664 0.275903 4.24386
120 0.439622 -0.91727 0.182318
120 1.06812 -0.253851 1.08898
120 -0.553682 0.731103 3.51194
120 -0.19351 -0.839499 5.78633
120 -0.70658 -0.314993 4.88816
120 1.10414 0.58511 1.7852
120 -1.26111 -0.297138 4.66474
120 1.32103 0.185151 1.42179
120 -1.04991 -0.780403 5.07942
120 0.926145 -0.102664 1.1966
120 -0.955023 0.555425 3.91356
120 1.22648 -0.27211 1.11406
120 -0.276676 1.33971 3.0397
120 1.21373 -0.0963059 1.2272
120 0.97427 0.957924 2.07189
120 -0.543177 -0.529172 5.23356
120 -0.994117 0.13356 4.31041
120 -0.971207 0.0961594 4.3593
120 0.838844 -0.66495 0.60701
120 0.217008 1.0894 2.68194
120 0.578043 1.00285 2.36152
120 1.10806 -0.299202 1.05317
120 -0.84417 -0.559544 5.03705
120 0.536709 -0.638024 0.422825
120 -0.33163 0.709617 3.2888
120 0.992437 -0.871522 0.571745
120 -0.714 -0.912049 5.36632
120 -0.923087 0.842302 3.67457
120 -0.913134 0.535886 3.90781
120 0.0611727 0.873579 2.79241
120 0.949607 0.438908 1.75017
120 -0.122954 -0.940617 5.8605
120 -0.391177 -0.870183 5.62631
120 0.284385 0.905798 2.55943
120 0.685061 0.437763 1.88678
120 -0.851132 -0.447461 4.94792
120 0.98893 -0.0424185 1.24836
120 -0.703644 0.756004 3.6116
120 1.1937 0.483566 1.68349
120 1.18365 0.591956 1.77327
120 -0.200535 -1.03701 5.8205
120 0.74051 0.363584 1.77314
120 -0.421006 1.00046 3.25067
120 0.135336 -1.10544 6.12906
120 -0.247071 -0.778875 5.71149
120 -0.670034 0.838584 3.53888
120 -0.209719 -1.25369 5.84297
120 0.715168 -0.487587 0.661863
120 -0.824602 -0.410962 4.91973
120 -1.16973 -0.186295 4.60658
120 0.704845 -1.16356 0.294154
120 -0.784243 0.798137 3.63196
120 -0.333791 -1.21477 5.76477
120 -1.29962 0.497884 4.08395
120 -0.915837 0.656584 3.7973
120 -0.593916 0.891512 3.45085
120 1.05709 -0.298972 1.0353
120 0.64753 -1.00638 0.304292
120 0.777318 -0.612164 0.600937
120 0.769452 -0.566214 0.6321
120 -0.758343 -0.26009 4.81283
120 0.794921 -0.655033 0.592
120 1.02786 0.527826 1.78435
120 -0.634518 -0.779014 5.35387
120 0.629023 1.08615 2.3458
120 0.699367 -0.420477 0.726815
120 0.693875 1.01165 2.27017
120 0.401085 -0.67238 0.230014
120 0.599976 -1.16146 0.224456
120 -0.923321 0.40462 4.02664
120 0.534015 0.815634 2.32085
120 1.15227 -0.0751938 1.23616
120 0.415829 -0.791249 0.200873
120 0.117863 1.04 2.75387
120 0.648092 0.774174 2.17176
120 -0.20184 -1.29336 5.84827
120 0.864363 0.551073 1.8789
120 1.09656 0.193681 1.46656
120 -0.0831533 0.899037 2.93465
120 0.505953 -0.745398 0.294125
120 -0.636248 0.932665 3.46015
120 -0.772932 -0.116211 4.60777
120 -0.0500401 1.05179 2.88746
120 -1.23097 0.212278 4.26748
120 -0.112363 -1.15983 5.91548
120 0.3195 1.1626 2.5836
120 1.18576 -0.564765 0.859299
120 -0.025962 -1.08251 5.98773
120 -0.0271723 1.20359 2.85764
120 -0.261582 1.24259 3.04928
120 0.782587 -0.354955 0.871455
120 -0.873939 0.0554798 4.3917
120 0.309592 -0.730223 0.114333
120 -0.148498 1.31411 2.95153
120 -0.122527 0.819067 3.00429
120 0.145831 0.903584 2.72005
120 0.599977 -0.691134 0.435461
120 0.425232 -0.882399 0.177154
120 -1.1574 0.215197 4.26598
120 1.26026 0.0801309 1.37174
120 -0.971666 0.19121 4.26165
120 -0.206528 0.791758 3.12325
120 0.488433 -1.22792 0.128271
120 0.787402 0.341678 1.70916
120 -0.565846 1.05445 3.34729
120 0.37228 -1.24523 0.0340183
120 -1.05838 -0.838387 5.12006
120 -0.935917 0.21078 4.23568
120 -1.09151 -0.660266 5.00205
120 -0.736059 -1.03536 5.4047
120 0.90522 0.419983 1.74404
120 1.20685 -0.190628 1.16255
120 -1.14915 -0.71495 5.00376
120 0.760923 -0.979459 0.405834
120 0.0598812 0.916914 2.79279
120 0.18794 0.857788 2.64752
120 1.21029 -0.605518 0.841504
120 1.06995 0.532482 1.76643
120 -0.395108 -0.683428 5.53662
120 0.365301 1.06879 2.53725
120 0.47928 -1.26804 0.115215
120 1.15812 -0.0244028 1.27482
120 0.443902 0.973983 2.45292
120 0.336256 -0.948384 0.0649761
120 0.829758 0.444397 1.80481
120 0.73055 -0.538163 0.631665
120 0.95134 -0.873654 0.545886
120 0.968253 0.388335 1.67574
120 -0.578855 -0.47541 5.14624
120 0.490979 1.08756 2.45116
120 0.722914 1.16042 2.32376
120 0.0315043 -1.22526 6.03516
120 1.35786 -0.340374 1.08278
120 0.828781 -0.624491 0.622843
120 0.150009 0.94809 2.71172
120 0.0677648 -0.839336 6.06828
120 -0.86455 1.07257 3.53086
120 -1.25754 -0.254772 4.64309
120 -0.301498 -0.84244 5.6901
120 -0.279052 -0.707738 5.66891
120 1.19814 -0.455515 0.94386
120 0.790639 -0.743089 0.522691
120 -0.160452 -1.0365 5.84643
120 -1.25239 -0.161395 4.58174
120 -0.272812 0.981854 3.12701
120 0.118262 1.14389 2.75708
120 -0.0498481 -0.783929 5.92485
120 -1.23871 0.380743 4.14894
120 -0.800846 0.443355 3.93902
120 -0.299102 -0.962988 5.72135
120 -0.470179 0.762005 3.41617
120 0.740268 -0.386582 0.795658
120 0.456791 -0.651338 0.310984
120 -1.27926 0.194195 4.28591
120 -0.0896526 -0.837146 5.87676
120 -1.12603 0.0196182 4.43131
120 0.449047 1.0661 2.47571
120 0.180504 1.31852 2.7217
120 -0.95071 -0.51173 4.95436
120 -0.617296 0.672655 3.60718
120 -0.571544 0.531094 3.66415
120 -0.0392787 1.14932 2.87278
120 0.62911 0.904384 2.27393
120 0.626237 -0.582133 0.507264
120 1.23049 -0.55768 0.884949
120 1.00351 -0.447886 0.891099
120 1.40475 -0.0838319 1.24092
120 -1.00849 -0.258028 4.6915
120 -1.35655 -0.202032 4.6013
120 -1.02527 0.802167 3.7397
120 0.22959 -1.09724 6.21523
120 -0.594348 -1.16827 5.57539
120 -0.317645 -1.1752 5.7592
120 1.02926 0.575264 1.81133
120 -1.192 0.220264 4.26671
120 0.254521 -0.914965 6.26195
120 0.100094 -1.06196 6.08921
120 -0.764276 0.716778 3.65452
120 -1.17965 -0.462223 4.83462
120 0.89526 0.172286 1.49447
120 0.62612 1.21803 2.39296
120 -1.23818 0.628992 3.96859
120 -1.04443 -0.474415 4.89255
120 -0.718659 -0.792548 5.30302
120 -0.0374981 0.929508 2.883
120 1.02885 -0.0501981 1.2397
120 -1.2269 0.475417 4.07729
120 -0.421745 -1.01318 5.6445
120 -0.337084 0.832027 3.23764
120 0.891994 0.85943 2.06344
120 0.402443 -0.717311 0.217362
120 -1.22542 0.128769 4.3387
120 0.127817 -0.755266 6.15495
120 -1.26281 0.480827 4.08259
120 -0.697505 0.693907 3.63135
120 -1.22915 -0.475038 4.82739
120 -0.778311 -0.432942 4.9665
120 -0.845659 0.374146 4.03015
120 -0.123555 1.23708 2.94195
120 -0.783734 0.959671 3.55005
120 -0.526047 1.06083 3.31433
120 -0.784814 -0.33 4.87056
120 -0.765009 -0.545667 5.08078
120 -1.26505 0.232598 4.26771
120 1.33773 -0.386241 1.0407
120 0.975135 -0.643766 0.702776
120 0.119665 -0.806908 6.13694
120 0.0174152 -1.09381 6.01652
120 -0.671314 0.453114 3.83738
120 -0.830796 0.824309 3.63353
120 0.95069 -0.555923 0.761727
120 -0.773594 0.885589 3.5686
120 -0.0118656 -0.99707 5.98831
120 0.601357 -0.875127 0.322044
120 -0.796637 1.12512 3.47486
120 0.135034 1.3634 2.75216
120 0.629667 -0.493463 0.595361
120 1.06004 0.311224 1.57541
120 0.958018 -0.784464 0.604629
120 -0.475879 1.23529 3.2109
120 1.04258 0.644549 1.86585
120 -0.921906 0.143391 4.29031
120 0.83792 0.63543 1.94804
120 -1.18909 0.472785 4.06419
120 1.18446 0.403317 1.62242
120 0.671726 -0.726296 0.455985
120 -0.716648 0.461662 3.87921
120 0.733873 1.01766 2.25235
120 -1.37284 0.171237 4.31251
120 0.800131 -1.05994 0.405659
120 0.583916 -0.780985 0.376624
120 -0.875028 0.521085 3.90394
120 -0.76305 0.59801 3.74492
120 -1.37793 0.217256 4.27703
120 -0.813541 -0.839493 5.25915
120 1.09037 0.137333 1.4089
120 1.30997 0.00602638 1.31219
120 0.0352909 -1.33082 6.04157
120 -1.22497 0.423425 4.11771
120 -1.31913 -0.0777889 4.49073
120 0.893926 -0.713295 0.603343
120 0.953236 -0.0654828 1.23114
120 -0.0699905 -1.14261 5.95423
120 1.18374 -0.27855 1.09391
120 -0.85956 0.702301 3.73731
120 -1.34009 0.0172213 4.42611
120 -1.19812 0.32232 4.19153
120 -0.970415 -0.00653928 4.44547
120 -0.435484 -0.875688 5.59358
120 -0.680321 -0.573457 5.15362
120 -1.12368 -0.53291 4.91135
120 -1.09097 0.703645 3.85894
120 -1.15296 -0.268138 4.6619
120 -0.479617 1.28355 3.2091
120 -0.0423405 -0.906297 5.94442
120 0.160546 1.27703 2.73057
120 0.0624052 -1.29436 6.06658
120 -0.781133 -0.207805 4.69826
120 -0.915466 -0.197398 4.66719
120 -0.999912 0.713347 3.80789
120 -0.642705 -1.0949 5.51959
120 1.25915 0.56926 1.72665
120 -0.449335 -0.921736 5.59878
120 -0.283388 -1.2123 5.80076
120 -1.14793 0.176543 4.28936
120 0.81409 0.491676 1.85198
120 0.368158 -0.789697 0.155201
120 -0.147157 -1.26426 5.90475
120 1.29698 0.484655 1.66054
120 -0.676694 0.566059 3.72625
120 1.36445 0.0920957 1.3683
120 0.232075 1.1465 2.67121
120 1.31466 -0.0492044 1.26233
120 0.676623 1.13368 2.33397
120 -0.0772508 1.17395 2.89091
120 -0.827291 -0.327995 4.85483
120 -0.867788 0.783481 3.67538
120 -0.817181 -0.913218 5.297
120 0.199642 -1.17282 6.16706
120 -0.663586 1.05314 3.41778
120 -0.069198 1.21179 2.88069
120 0.992615 0.839176 1.98241
120 0.283403 -1.14576 6.24251
120 -1.06618 -0.410292 4.82127
120 -0.374199 0.720635 3.31747
120 1.19116 -0.0584259 1.24868
120 -0.0990013 1.28388 2.90426
120 -1.1596 0.760197 3.853
120 0.778538 1.11404 2.25459
120 -1.06706 0.101034 4.35734
120 0.79666 0.200815 1.55207
120 0.103208 -1.16955 6.0877
120 1.19279 0.313006 1.55717
120 -1.3043 -0.306151 4.66686
120 0.689468 -0.569837 0.576589
120 0.836875 -1.03846 0.422198
120 0.560404 -0.732769 0.383741
120 0.122909 -0.85627 6.13441
120 -0.813267 0.725528 3.67947
120 -0.131619 0.956132 2.97749
120 -0.213783 1.10668 3.04229
120 -1.00598 0.764309 3.75773
120 -0.924487 -0.441586 4.9096
120 -0.996617 0.974768 3.63247
120 0.0631868 1.37197 2.80706
120 -0.920316 0.0330311 4.41575
120 0.840929 0.904934 2.1347
120 1.01092 -0.565055 0.785151
120 -0.170074 -0.735934 5.79848
120 -0.862596 0.665505 3.74792
120 1.36308 0.139379 1.38589
120 1.28154 -0.454668 0.966988
120 0.0894132 1.08492 2.76778
120 -1.0859 -0.456038 4.86242
120 0.386274 1.02616 2.5198
120 0.783891 0.449803 1.82761
120 -1.00629 -0.348873 4.80797
120 0.372224 0.789492 2.44987
120 0.348134 1.31809 2.58191
120 -0.997338 -0.610027 5.00138
120 0.77755 0.41025 1.80877
120 0.142915 -0.970338 6.14705
120 0.355908 0.984487 2.52551
120 -1.17791 -0.0390388 4.46925
120 -1.18436 0.568388 3.98632
120 0.189546 -1.24052 6.16338
120 -0.672203 -0.795803 5.33955
120 -0.00194558 0.827196 2.85547
120 -0.810451 -0.681801 5.15213
120 -0.360365 0.764083 3.29564
120 0.307797 -1.27697 6.24327
120 -0.69004 -0.455023 5.03148
120 -0.718038 0.916353 3.526
120 -0.712659 -1.00119 5.41142
120 -1.17251 0.65874 3.91984
120 0.0488028 0.810323 2.79918
120 0.830984 -0.794405 0.512088
120 -0.244563 1.02891 3.08043
120 -1.31073 0.453191 4.09981
120 1.05614 -0.836861 0.615083
120 -1.0489 0.292962 4.18265
120 -0.543549 1.11819 3.29453
120 -0.77472 -0.166124 4.67767
120 1.16662 0.741934 1.87205
120 0.067594 -1.19649 6.07568
120 -0.0500521 1.3496 2.86102
120 -0.80218 -0.557144 5.06539
120 -0.872798 -0.111639 4.59169
120 -0.51975 -0.749739 5.42621
120 -0.264576 -1.09001 5.78509
120 -1.21867 0.539321 4.00988
120 -0.480619 -1.06051 5.61546
120 0.925833 0.0203669 1.33109
120 -1.04592 0.726054 3.81618
120 0.754574 -0.80957 0.464426
120 0.228417 0.822223 2.5905
120 0.833815 -0.133109 1.15403
120 1.05835 0.179144 1.46436
120 -0.922026 0.891006 3.64698
120 -0.843962 -0.880377 5.26645
120 -0.884461 -0.734863 5.14941
120 -0.636294 0.631024 3.64655
120 0.534801 -1.24886 0.1429
120 1.00615 0.223079 1.53672
120 -1.0877 -0.501939 4.90025
120 0.523685 -1.19662 0.15226
120 -0.333743 1.2232 3.12998
120 -1.34129 -0.330189 4.67304
120 1.31588 -0.0934098 1.24115
120 0.668625 0.536997 1.98762
120 -0.339633 -0.973249 5.69466
120 -1.09627 0.0591948 4.38758
120 -0.629094 0.854924 3.49258
120 -0.069182 -1.06438 5.94258
120 0.82562 0.722625 2.01205
120 0.239788 1.30614 2.67713
120 1.00556 -0.33031 0.986915
120 -1.23461 -0.126495 4.55568
120 -1.09085 -0.210425 4.63323
120 1.23617 0.502595 1.68399
120 -0.829037 -0.103281 4.58165
120 0.776384 0.537357 1.91387
120 -0.810211 -0.369754 4.8952
120 -0.232715 0.986647 3.08927
120 1.40768 0.120585 1.37893
120 0.671375 -1.04443 0.315838
120 -0.880309 -0.593129 5.04939
120 0.798745 -1.10882 0.376595
120 0.470387 1.12881 2.47647
120 -0.394671 -1.20536 5.72353
120 -1.20168 0.176104 4.29469
120 0.691297 -0.62989 0.522232
120 -0.898236 0.622698 3.81931
120 1.06219 0.483598 1.73004
120 0.992666 -0.970026 0.507635
120 0.639553 0.572469 2.02859
120 -0.750931 0.522652 3.81886
120 0.963905 0.215478 1.54416
120 -0.57683 -0.839071 5.43384
120 -0.59837 -1.08911 5.5507
120 -0.0330855 0.886337 2.88167
120 0.706969 0.57412 1.98242
120 1.25265 -0.151593 1.203
120 0.602655 -1.22187 0.213725
120 -0.382564 1.14533 3.18431
120 -1.06664 -0.305349 4.71334
120 0.557567 -0.835989 0.302648
120 0.000358105 1.0454 2.83444
120 0.570256 -0.979348 0.26794
120 1.09001 -0.55399 0.836145
120 0.174897 0.978796 2.68963
120 -1.08933 0.283739 4.20168
120 -1.09119 -0.38133 4.81265
120 0.281476 0.808444 2.53403
120 1.20965 -0.398551 0.977223
120 -0.774113 0.386603 3.99378
120 0.415726 0.706687 2.38459
120 -1.30961 -0.363806 4.69071
120 0.970673 -0.694641 0.666474
120 -1.17931 -0.409423 4.80321
120 0.23822 -1.32635 6.17829
120 0.338074 -1.0095 0.0526883
120 -1.38402 0.0196185 4.42662
120 -0.0137336 -1.23474 6.00122
120 1.31225 0.0928722 1.37499
120 -0.953444 -0.703131 5.09673
120 -0.28201 -1.32435 5.80305
120 -0.375612 -1.13326 5.72136
120 0.886099 0.629099 1.92255
120 0.980561 -0.413989 0.903534
120 -0.507078 1.10397 3.2841
120 -0.0748622 -1.30344 5.96538
120 1.02546 -0.241636 1.09434
120 0.665292 -1.1289 0.260519
120 -0.95177 1.01912 3.59506
120 0.869123 0.946505 2.127
120 -0.622023 1.17 3.33682
120 -0.906341 -0.26987 4.74072
120 1.14341 0.586671 1.77583
120 0.936346 -0.91844 0.502396
120 1.0614 0.733918 1.9159
120 -1.08654 0.243152 4.24193
120 -0.729931 0.557338 3.76084
120 0.976039 -0.170183 1.13911
120 -0.956236 0.716302 3.77846
120 0.207379 1.27298 2.70414
120 0.530528 0.929692 2.38361
120 0.303349 0.843906 2.53491
120 1.0321 -0.416406 0.908328
120 -1.06458 0.820413 3.74704
120 0.229749 -1.13887 6.20416
120 -1.08188 0.617417 3.91904
120 -1.00601 0.384209 4.07842
120 -0.749984 0.673886 3.68321
120 0.557873 1.14795 2.4156
120 1.21711 0.0861247 1.36992
120 0.755716 0.826356 2.1348
120 0.985391 0.496344 1.77628
120 -1.25953 -0.206478 4.6057
120 -0.0911514 -0.977985 5.90571
120 0.319375 -1.23795 6.25909
120 -1.04153 0.877103 3.70649
120 -0.142306 -1.12726 5.8813
120 0.818173 -0.584672 0.646603
120 -0.318613 -1.0964 5.74315
120 0.0249369 1.34968 2.82377
120 0.320242 -0.83468 0.087561
120 -0.847534 -1.05119 5.36808
120 -0.437299 -1.27868 5.7184
120 -1.26203 0.581307 4.00734
120 -0.858952 0.416419 4.01336
120 0.825534 0.968246 2.15741
120 0.434209 1.30026 2.54534
120 -0.552239 -1.09032 5.57397
120 -1.10206 -0.0892002 4.53413
120 -0.239251 0.753779 3.17287
120 1.39463 0.178093 1.41114
120 -0.276968 0.922495 3.168
120 0.260765 -1.0663 6.23868
120 -1.11806 0.817335 3.7841
120 1.36216 -0.134184 1.2166
120 -0.635018 -0.825142 5.36945
120 -0.479924 -0.716697 5.45256
120 0.0734247 -1.25303 6.07164
120 1.25833 -0.245408 1.12715
120 -0.965748 -0.33891 4.8069
120 -0.982033 -0.0942386 4.54716
120 -0.734498 -0.459886 5.01738
120 -0.146421 -0.777293 5.81568
120 -0.729262 0.959013 3.51312
120 0.195715 1.12505 2.69599
120 -0.938743 -0.911391 5.22483
120 0.61326 -0.932955 0.309729
120 -0.129335 -1.09395 5.88513
120 0.317266 0.88203 2.53669
120 0.742668 -0.64046 0.554925
120 -1.10955 0.586814 3.9532
120 0.0792486 1.04016 2.76926
120 -0.905773 0.182803 4.25522
120 -0.0287123 1.29703 2.83619
120 0.859943 -0.946828 0.471281
120 -0.757261 -0.302868 4.85481
120 -0.404021 -0.909282 5.62759
120 -0.92276 0.764491 3.71234
120 0.808327 1.0191 2.19824
120 0.955908 0.699918 1.93892
120 -0.389026 0.980679 3.23364
120 -1.03559 -0.607834 4.98953
120 0.883851 0.821695 2.05055
120 -0.830837 1.09632 3.50789
120 0.368996 -1.0472 0.0767138
120 -0.821984 -0.511411 5.00702
120 -0.879588 0.0187135 4.41034
120 0.176687 -1.08186 6.15454
120 -0.869924 0.575141 3.84987
120 1.37549 0.256454 1.4787
120 -0.934764 0.292674 4.16256
120 0.0199258 -1.1394 6.026
120 0.689389 -0.895196 0.400285
120 -0.95738 0.154159 4.28611
120 0.320439 0.957635 2.54995
120 -0.26067 -0.878626 5.73019
120 -0.899614 0.333654 4.09667
120 -1.31401 0.0484929 4.40384
120 -0.856846 -0.82835 5.22333
120 0.726551 -0.595131 0.577189
120 0.634589 1.16297 2.37619
120 1.22882 0.603986 1.76631
120 -1.21609 0.256525 4.24418
120 -0.368178 -1.17398 5.72486
120 -0.767095 -0.842064 5.30113
120 0.468062 0.669081 2.28608
120 -0.521629 0.756437 3.46966
120 -1.06803 -0.180572 4.61923
120 -0.107364 0.991788 2.9595
120 0.383013 -1.01005 0.0925449
120 0.0176788 -1.04796 6.02097
120 0.934385 0.256341 1.56132
120 -0.606024 -0.86594 5.4215
120 -0.242029 -0.839921 5.7298
120 0.729137 0.614345 1.99838
120 0.809533 -0.310829 0.93005
120 -0.612275 -0.606579 5.2393
120 -0.457294 -0.670981 5.43464
120 -0.167067 -0.812307 5.80219
120 0.282821 1.12702 2.6087
120 1.16952 0.353782 1.58438
120 -0.759862 0.14457 4.27575
120 0.710435 1.06412 2.28462
120 0.564664 -0.887141 0.290308
120 -0.160309 -0.961116 5.83525
120 -0.899691 -0.0370851 4.49399
120 -0.711158 0.845682 3.5606
120 1.00681 0.930309 2.05305
120 0.692625 0.970365 2.2574
120 1.1025 0.0519134 1.36015
120 -1.21082 0.598752 3.98051
120 0.708209 -0.673302 0.511628
120 -0.853206 0.900785 3.61241
120 0.990265 -0.213668 1.1072
120 0.358177 1.2568 2.5727
120 1.24293 -0.426242 0.975688
120 -1.156 0.351691 4.16067
120 0.808964 0.672662 1.99177
120 0.20023 -1.32073 6.1737
120 -0.815416 0.919402 3.58668
120 0.40764 1.07705 2.51228
120 1.04416 0.0333248 1.34029
120 0.963289 -0.298566 1.00077
120 0.886332 -1.05519 0.449827
120 -0.95981 -0.762471 5.1221
120 0.882313 0.718976 1.97022
120 0.785522 -0.883201 0.454043
120 -0.772479 0.193172 4.21683
120 -0.107502 -0.794031 5.84918
120 -0.755164 0.994203 3.50931
120 -1.14242 -0.0142281 4.44844
120 0.425796 -1.17742 0.0821932
120 -0.957697 -0.637568 5.04252
120 0.866204 -0.161297 1.13318
120 -1.06365 0.177736 4.28351
120 -0.541819 1.15701 3.28728
120 0.621529 0.645667 2.12501
120 1.35278 0.00897536 1.30831
120 -1.38974 -0.0276322 4.44961
120 -0.0430287 0.968488 2.88086
120 -1.13272 0.525773 3.99246
120 -1.07649 0.417198 4.07392
120 -0.937445 0.34357 4.10091
120 1.06795 0.817248 1.95094
120 -0.10052 -1.02573 5.89895
120 -0.521096 1.19513 3.26908
120 -0.69013 0.398112 3.9312
120 -0.950337 -0.807282 5.159
120 1.06711 -0.681415 0.718091
120 0.843168 -0.439022 0.804515
120 -0.893504 0.433445 4.01205
120 -1.06164 0.570997 3.94359
120 1.18086 -0.322976 1.05317
120 -0.131389 -0.845544 5.84081
120 1.10028 0.845099 1.95251
120 0.583935 0.814105 2.25795
120 0.897044 0.0910793 1.39056
120 -0.546878 0.96909 3.36692
120 0.848278 0.689105 1.98602
120 -1.06667 0.453641 4.04143
120 1.25687 -0.311758 1.08705
120 -1.37093 -0.0717424 4.48512
120 -0.619728 0.548222 3.68347
120 -0.585321 -0.691984 5.32575
120 0.913133 -0.541234 0.755854
120 1.23259 0.173893 1.417
120 1.29583 -0.34521 1.06938
120 -0.751057 -0.689408 5.19833
120 0.687728 -0.77317 0.439928
120 1.27043 -0.063922 1.25745
120 -0.982797 0.819688 3.71345
120 0.569236 -1.09852 0.220726
120 0.639345 0.997501 2.31614
120 1.13769 0.181559 1.44538
120 0.974173 0.256833 1.55203
120 0.94299 0.996333 2.11451
120 1.00424 0.626434 1.87566
120 0.257282 1.34458 2.67293
120 0.474911 0.769516 2.34804
120 0.529751 -0.789446 0.295634
120 0.307635 -0.982571 0.0284227
120 0.877042 -0.621272 0.658914
120 0.464646 -0.860749 0.205946
120 -0.329347 1.0902 3.15464
120 0.155941 0.7776 2.6689
120 -0.21703 1.26136 3.01613
120 0.630771 -0.803573 0.392733
120 0.716754 0.829267 2.15128
120 -0.160903 -0.879197 5.82247
120 -1.01032 0.310401 4.15821
120 0.486526 0.813939 2.35685
120 1.02591 -0.498387 0.858305
120 0.105002 0.909485 2.74463
120 0.849174 0.0455451 1.3612
120 -0.829288 0.307371 4.09462
120 -0.971451 -0.847847 5.17307
120 0.716685 0.749209 2.12806
120 0.609924 -0.543791 0.522146
120 1.29346 -0.402177 1.01067
120 -0.769536 0.921928 3.56392
120 -0.758839 1.0356 3.48738
120 -0.577938 0.774643 3.50125
120 -0.00697323 -1.34823 6.0125
120 -0.85328 -0.268432 4.76638
120 0.701716 -0.8521 0.42178
120 -0.274703 -0.998451 5.75103
120 -1.12633 -0.763833 5.05922
120 -0.893989 -0.908428 5.25161
120 -1.12134 0.220332 4.26226
120 -0.756106 1.07867 3.47799
120 1.10883 -0.601165 0.808743
120 -0.932918 -0.857941 5.1868
120 -0.850102 0.952559 3.58506
120 -0.860135 1.02747 3.5569
120 0.931741 0.879916 2.06243
120 -0.046036 1.09331 2.88157
120 1.20627 0.218074 1.47214
120 1.03108 -0.883753 0.578776
120 0.891105 0.237504 1.56268
120 0.521936 0.691189 2.23528
120 -0.383433 0.80991 3.29125
120 -0.742343 0.771604 3.62047
120 -0.755827 1.12546 3.45527
120 -1.23109 -0.59619 4.92371
120 1.25669 -0.198021 1.16804
120 -0.864607 -0.936452 5.27676
120 -0.35201 -1.01077 5.69419
120 -0.00996983 -0.863982 5.98424
120 1.0612 0.376479 1.64048
120 -1.00777 0.496713 3.9953
120 0.394673 -1.07833 0.0811922
120 -0.914414 -0.995845 5.28361
120 -0.172326 1.07498 2.99375
120 0.966245 0.635206 1.88696
120 -1.20845 -0.639419 4.93439
120 0.754724 -1.0306 0.378435
120 0.362295 -0.746375 0.168158
120 1.0567 0.886845 1.97747
120 0.601677 1.13546 2.39072
120 -0.581712 0.852291 3.47032
120 1.1322 0.644909 1.81466
120 -0.634335 -0.562984 5.17908
120 0.84324 0.246471 1.57598
120 -0.617104 -0.486417 5.1344
120 -0.439699 -0.743812 5.52326
120 0.0367 -0.871008 6.03379
120 -1.0755 0.508694 4.00329
120 -0.0398516 0.837671 2.88703
120 1.39688 0.0237638 1.32554
120 0.957075 -1.00431 0.486855
120 -0.453968 -1.09248 5.64773
120 0.71017 -0.722386 0.486313
120 -1.10558 0.775026 3.80758
120 1.34118 -0.257051 1.13102
120 0.465996 0.925662 2.42455
120 -0.816079 0.0815059 4.35939
120 -1.16608 -0.620668 4.93202
120 0.76052 -1.1456 0.335257
120 0.782308 0.283678 1.62906
120 -0.559585 -0.95615 5.52398
120 1.22015 0.0438437 1.34062
120 0.62153 -0.976026 0.296549
120 0.0839627 0.837885 2.7702
120 -1.093 -0.58483 4.93967
120 0.820428 -0.831591 0.497925
120 -1.06414 0.762583 3.79931
120 -0.778937 0.755677 3.64265
120 0.391262 -1.19637 0.0609324
120 0.388954 1.14613 2.54723
120 -1.03036 0.419099 4.05843
120 -0.853913 0.0965622 4.34513
120 1.05854 -0.207789 1.12745
120 -0.92105 -0.316808 4.80016
120 -0.457183 0.723777 3.42797
120 0.270673 -0.956464 6.26817
120 0.913217 -0.052581 1.24072
120 -1.18542 -0.351037 4.71956
120 0.914771 -0.824227 0.545857
120 0.440182 0.834396 2.41701
120 -0.915699 -0.628324 5.06506
120 -1.02737 -0.187726 4.63137
120 0.310703 -1.31618 6.2458
120 -1.12103 0.638574 3.91783
120 0.872009 0.357683 1.68925
120 0.989921 0.728223 1.93289
120 -1.01185 -0.537056 4.9453
120 1.14978 -0.448514 0.930312
120 -0.89566 -0.147531 4.62176
120 0.658825 0.674372 2.10976
120 0.304164 1.31042 2.61907
120 0.665521 0.613703 2.05328
120 -0.759698 -0.0700368 4.56334
120 -1.21202 0.673245 3.92698
120 0.175481 1.03455 2.69145
120 -0.954716 -0.464815 4.91517
120 0.548232 0.965075 2.37689
120 0.494039 1.27451 2.48726
120 0.34463 1.03136 2.53868
120 -0.174778 1.2354 2.97994
120 -0.96956 0.461984 4.01086
120 0.99092 0.439648 1.73029
120 -0.188473 1.19031 3.0102
120 -0.184884 -0.994194 5.82328
120 -0.0373677 -1.20679 5.99057
120 0.0598951 0.958321 2.79459
120 -0.220919 0.947135 3.08213
120 -0.387781 -0.826549 5.60905
120 1.21128 0.544609 1.72681
120 0.966761 -0.8253 0.58503
120 -0.85592 0.482331 3.9205
120 -0.412963 -0.9493 5.62941
120 -1.25173 -0.0113592 4.45118
120 1.11907 -0.748574 0.702114
120 -0.487102 1.03631 3.28344
120 0.673806 0.921658 2.24785
120 -0.0839298 -1.10561 5.93183
120 1.1099 -0.253285 1.09313
120 -0.406968 -0.719347 5.53481
120 -0.961393 0.870498 3.65819
120 0.670422 1.09179 2.32947
120 -0.789418 0.302023 4.08736
120 -0.354811 -0.799667 5.62859
120 -0.152239 1.00732 2.998
120 0.593696 0.96124 2.3415
120 -0.485842 0.664664 3.49654
120 -0.944492 -0.403947 4.87053
120 1.14972 0.279882 1.54506
120 -0.668993 0.791597 3.55492
120 0.916536 -0.163441 1.12834
120 -1.11089 0.39468 4.10445
120 -1.01027 0.172795 4.27662
120 -0.575513 0.693945 3.55498
120 0.338889 0.915188 2.52455
120 -0.887242 -0.680328 5.10584
120 0.082313 1.33373 2.79384
120 -1.27734 -0.498094 4.82939
120 1.30894 0.389105 1.58802
120 0.470931 -0.760304 0.266512
120 -1.08384 0.863638 3.73117
120 -0.300825 -1.06158 5.74795
120 1.37836 -0.282447 1.12679
120 1.14271 0.398412 1.62298
120 0.480247 -0.901576 0.204951
120 0.831453 -0.752548 0.5309
120 -1.08056 -0.546586 4.9303
120 -0.771268 -0.384061 4.92413
120 0.163357 -1.18963 6.14099
120 -0.606078 -0.657241 5.29569
120 0.281574 1.05006 2.59469
120 -0.578239 1.17966 3.30539
120 0.897727 -0.440269 0.8525
120 -0.904141 -0.818084 5.18437
120 0.373721 0.941998 2.50266
120 0.925794 -0.67989 0.635605
120 -0.294071 1.04602 3.13814
120 -1.2176 -0.516954 4.85542
120 -0.37799 1.26424 3.13488
120 -0.00966518 -0.766771 5.97032
120 -1.124 0.437439 4.06917
120 -0.0744369 -0.880613 5.90905
120 1.08792 0.247589 1.53866
120 0.14356 -1.05828 6.14156
120 0.974005 0.109074 1.40584
120 0.376387 -0.89239 0.1256
120 1.25264 -0.102713 1.22675
120 -0.21333 -1.19975 5.83121
120 1.00078 -0.127016 1.19224
120 0.734713 -0.945455 0.407117
120 0.743098 0.783647 2.12295
120 -0.648655 -0.374799 4.98068
120 -0.26961 1.08808 3.09491
120 -1.0142 0.847231 3.71707
120 -0.799983 1.06107 3.5043
120 -0.257824 -1.27548 5.80762
120 -0.891889 -0.226848 4.68984
120 -0.87226 -0.532364 5.00638
120 -0.671988 0.73071 3.60892
120 0.275191 0.999249 2.57845
120 1.32744 0.433432 1.60211
120 0.477341 -0.98474 0.188236
120 0.49524 0.956907 2.40601
120 1.27726 0.417057 1.59811
120 -0.522659 -1.06612 5.58638
120 -0.0284789 -1.03972 5.97917
120 -0.902629 0.701522 3.74192
120 1.06907 -0.0496949 1.24089
120 -0.854188 -0.379267 4.88484
120 1.14888 0.697669 1.85624
120 -1.00815 -0.0192959 4.46173
120 1.06649 0.0692784 1.36169
120 -0.815613 -0.177535 4.67052
120 0.161406 -0.8296 6.17418
120 -0.978782 0.334159 4.1289
120 1.02517 0.08222 1.37702
120 -0.902337 0.0900899 4.35897
120 -0.753597 0.824038 3.60327
120 0.0162362 0.964323 2.82701
120 -0.129632 1.15855 2.9551
120 1.32473 -0.147795 1.20865
120 -0.535708 0.882621 3.39529
120 0.95625 0.346588 1.63847
120 -0.735427 -0.358923 4.92255
120 -0.711611 0.802748 3.58443
120 -1.02875 -0.384483 4.81555
120 0.42889 1.16941 2.52093
120 -0.595992 -0.794907 5.38979
120 0.533974 1.19104 2.45384
120 -0.396109 -0.77259 5.58267
120 0.380518 0.857615 2.47349
120 -0.484684 -0.63605 5.38865
120 -0.519358 -0.844633 5.50371
120 -0.753325 0.321763 4.05955
120 -0.0397237 -0.830461 5.94101
120 0.774778 -0.919991 0.437954
120 -1.37638 -0.164272 4.57849
120 1.0684 -0.497898 0.874741
120 0.457814 -0.703995 0.280421
120 -0.22407 -1.07088 5.8096
120 0.913522 0.376331 1.69537
120 -0.567035 -0.609746 5.27883
120 1.21115 -0.147618 1.19605
120 -0.455843 -1.14227 5.66709
120 0.862368 -0.0784098 1.2194
120 -1.25291 -0.409314 4.77833
120 -0.574796 -1.12638 5.57055
120 -1.00074 -0.694864 5.06923
120 -1.11375 -0.290211 4.69889
120 0.0132005 0.920656 2.83021
120 0.794305 -1.01222 0.407778
120 0.518887 0.856264 2.35413
120 -0.0312758 -0.95725 5.97053
120 -0.695002 0.523825 3.76509
120 -0.178431 -1.22563 5.85396
120 -0.0580792 -1.00563 5.94343
120 0.873262 -0.893035 0.496084
120 0.0356309 1.14247 2.82141
120 -0.32137 0.789007 3.2463
120 -1.02857 0.544029 3.94805
120 -1.17793 0.143379 4.32069
120 1.20375 -0.00210642 1.30808
120 -0.675424 -0.838918 5.36118
120 -1.26717 0.095692 4.36285
120 0.144918 1.11191 2.73715
