171 -0.385516 1.05054 3.21296
171 -0.128768 -0.722275 5.81221
171 0.526637 0.764249 2.30155
171 -0.481016 -0.963939 5.5797
171 -0.982571 0.421062 4.04036
171 0.828674 0.30211 1.64216
171 1.33287 0.256834 1.49259
171 0.436436 1.02617 2.48302
171 -0.351069 -1.0511 5.70438
171 0.922043 -0.782098 0.588934
171 -0.812325 0.992535 3.55016
171 -0.109486 -1.21721 5.93258
171 0.545468 1.09278 2.40785
171 -0.203014 -0.767157 5.751
171 -0.0398138 1.00719 2.88296
171 -0.443127 -0.611614 5.40305
171 -0.93636 0.502643 3.94994
171 0.0964951 -1.13001 6.08463
171 -1.12353 -0.0481916 4.48721
171 1.00154 0.0527884 1.3558
171 1.07221 -0.166421 1.1691
171 -0.124022 -1.07341 5.88226
171 0.564399 -0.550188 0.484021
171 0.767386 1.05716 2.23783
171 -0.983417 0.575871 3.91215
171 0.0263772 0.876734 2.82385
171 0.922262 -1.03354 0.465499
171 -0.5458 -1.16797 5.60332
171 -0.828422 -0.61069 5.09212
171 -1.0026 -0.470528 4.90515
171 -0.30475 0.905718 3.18637
171 0.877319 -0.811073 0.524701
171 0.822493 -0.876826 0.470316
171 0.542409 -1.07459 0.209741
171 -0.418621 -1.12286 5.67556
171 0.672258 -0.813885 0.426059
171 0.0952811 1.23231 2.77862
171 -0.160699 0.832974 3.04983
171 -1.06084 -0.261831 4.67707
171 -0.587605 -1.04551 5.53313
171 -0.649367 -0.501012 5.12405
171 0.737756 -0.761774 0.48812
171 -0.965343 0.0482496 4.39524
171 -0.854756 -0.492264 4.97956
171 0.754493 0.689909 2.04252
171 0.508916 -0.598333 0.421776
171 -0.842732 0.161438 4.26297
171 0.173501 -1.01994 6.16863
171 0.500777 -0.677113 0.346102
171 -0.777248 -0.787706 5.24403
171 0.353047 0.83802 2.49687
171 1.24532 -0.639232 0.829717
171 0.483677 1.17779 2.4804
171 -1.07639 -0.767833 5.07789
171 -0.913581 -0.780465 5.16285
171 -0.416652 1.19254 3.20077
171 -1.14011 -0.383898 4.79498
171 1.20446 -0.235272 1.13466
171 -0.963725 -0.945105 5.2237
171 -0.78559 -0.958663 5.36114
171 -1.00368 -0.132376 4.59371
171 0.569858 0.868606 2.31378
171 -0.669266 -0.657829 5.23058
171 -0.492339 0.612686 3.55638
171 0.736775 -1.11928 0.341004
171 0.490113 -0.810975 0.261514
171 0.387338 1.31584 2.56786
171 0.391003 -0.979893 0.117037
171 0.859681 1.00219 2.15813
171 -1.15992 -0.0757305 4.5092
171 -0.0854975 1.01925 2.92958
171 -0.6238 0.476997 3.77378
171 1.34082 -0.20126 1.1804
171 -1.1715 -0.232215 4.63843
171 -0.934727 -0.163162 4.63819
171 -1.20212 -0.276805 4.65573
171 0.756987 -0.313562 0.904721
171 0.941347 -0.96736 0.498075
171 -0.0749245 -0.952307 5.91619
171 -0.660734 1.13551 3.38741
171 -1.11625 0.0996339 4.35775
171 -0.380839 -1.28223 5.74482
171 0.0609585 -0.901665 6.06042
171 1.2809 0.25453 1.49257
171 -0.361534 -1.24183 5.74232
171 1.40969 -0.0341285 1.28454
171 -0.258971 0.878401 3.16185
171 1.23083 0.38055 1.59101
171 -0.602954 -0.533708 5.16898
171 0.627183 -1.04781 0.276796
171 1.41036 -0.138533 1.22484
171 1.32494 0.130333 1.3844
171 0.0937615 -1.34362 6.08376
171 -0.427395 -1.08029 5.66622
171 0.606878 -0.837732 0.35591
171 -1.25336 0.161307 4.31368
171 -0.304854 0.864845 3.19919
171 0.22711 -0.958992 6.22519
171 -1.08963 -0.14805 4.5991
171 -0.210077 -0.912151 5.7845
171 -0.104074 1.35918 2.91063
171 0.934569 -0.733201 0.615897
171 -0.821915 1.03177 3.5385
171 0.83382 1.08794 2.2085
171 1.29814 -0.238641 1.13457
171 -1.21682 -0.24434 4.64034
171 1.02714 0.399584 1.66739
171 -1.36148 0.295581 4.24373
171 1.17485 0.536929 1.73581
171 -0.770327 0.481251 3.88644
171 -1.04044 0.925409 3.68065
171 0.473147 0.862459 2.403
171 1.36185 0.200145 1.42544
171 -0.217641 -1.16763 5.82282
171 0.135848 1.31904 2.75771
171 0.914955 -0.880097 0.515033
171 0.670514 -0.681026 0.479203
171 0.569053 1.23228 2.45079
171 -0.392947 -1.00117 5.66674
171 -0.465802 1.19272 3.2269
171 0.921373 0.459154 1.77036
171 -0.549653 -1.21649 5.61082
171 -0.736951 -0.97738 5.38108
171 1.14429 -0.335844 1.02316
171 -0.520215 0.843436 3.41934
171 -0.305214 -1.24132 5.78776
171 1.30566 -0.50858 0.9395
171 -1.07797 0.333354 4.16041
171 -0.31103 -0.678564 5.62001
171 0.856314 -0.0411763 1.2436
171 -0.148173 1.27311 2.95625
171 -0.520253 -1.13228 5.60935
171 -1.27783 0.339701 4.19253
171 0.033542 -0.995646 6.03373
171 0.339486 -0.881058 0.097497
171 0.810769 -0.539637 0.686018
171 -0.563841 -0.769751 5.40254
171 -0.748106 -0.93716 5.36136
171 -0.162967 1.35086 2.96545
171 0.925671 0.128759 1.43016
171 0.714701 0.871079 2.18091
171 1.01953 -0.183011 1.13687
171 1.26616 0.0176892 1.32416
171 -0.186499 -1.08735 5.82824
171 -0.363287 -0.655727 5.54591
171 -0.0921703 1.06174 2.92797
171 -0.86759 0.841854 3.64114
171 1.27953 0.117727 1.37914
171 -1.29497 0.0820989 4.37871
171 -1.08677 -0.0220342 4.46615
171 -0.43082 1.27908 3.18364
171 0.381158 -1.29333 0.0357403
171 0.0584205 -1.15463 6.06149
171 -0.580727 1.0956 3.35082
171 0.614321 1.02883 2.34734
171 0.436673 0.759316 2.38787
171 -0.0300805 -1.26701 6.00485
171 -0.502801 -1.00952 5.58053
171 -0.948967 -0.270442 4.71991
171 1.01652 0.00980146 1.33234
171 -0.984333 -0.890715 5.17499
171 0.670307 -0.481662 0.622373
171 -0.246122 -0.934967 5.76258
171 1.18709 0.0338831 1.33915
171 0.51644 1.13943 2.45431
171 0.430332 -1.28134 0.0674514
171 1.18547 0.117094 1.39421
171 0.808269 0.0806016 1.3927
171 0.00458033 1.12935 2.82967
171 -0.345246 -0.860448 5.66725
171 1.11094 0.488612 1.71779
171 0.817359 0.363845 1.73061
171 0.248706 0.935492 2.60618
171 -1.14322 0.0658338 4.38022
171 0.804113 -0.706674 0.54786
171 0.974828 -0.595853 0.743101
171 0.812224 -0.22944 1.0301
171 -0.951083 0.684914 3.79673
171 1.3905 -0.184834 1.19264
171 -0.708338 1.02807 3.46738
171 0.0784802 -0.787216 6.08028
171 0.847359 0.867519 2.11054
171 0.87256 -0.577972 0.694708
171 -1.16316 0.516278 4.02397
171 -0.716156 -0.863652 5.34097
171 -0.716328 -0.579917 5.13813
171 -0.588633 0.81801 3.4829
171 0.975045 0.787253 1.97389
171 -0.638746 -1.04602 5.49656
171 0.438276 -0.957773 0.170356
171 0.277603 -1.11575 6.23902
171 0.764791 0.850745 2.13941
171 -1.17879 -0.119957 4.55674
171 0.813277 -0.0481784 1.23962
171 1.07614 0.597612 1.80296
171 0.43082 0.932018 2.45184
171 0.0507761 1.08568 2.80886
171 -1.01854 0.596297 3.90411
171 -0.484598 1.15227 3.25113
171 0.786636 0.717952 2.04256
171 -0.279498 -1.12671 5.78426
171 -0.67098 -0.87417 5.37724
171 1.00918 -0.790109 0.618608
171 0.216889 -1.19734 6.18526
171 0.287132 0.73469 2.52052
171 -0.95967 -0.585737 4.99301
171 -1.11243 0.482794 4.03385
171 -0.666172 1.18844 3.35898
171 -0.728108 -0.493482 5.04743
171 -0.169644 1.14791 2.99565
171 -0.827599 -0.221158 4.71221
171 1.1422 -0.575062 0.848206
171 1.15212 0.446446 1.67703
171 0.904435 0.288413 1.61194
171 -0.177293 -1.15505 5.85704
171 0.0281577 1.20776 2.82252
171 -0.601947 1.12975 3.34829
171 0.534141 0.997258 2.39081
171 0.449789 -1.08061 0.139103
171 0.012981 -1.17839 6.01195
171 1.27272 -0.0259681 1.2789
171 1.32824 -0.449437 0.975092
171 -0.144585 0.777568 3.04034
171 0.492902 1.04034 2.4354
171 1.14012 -0.121979 1.20283
171 -1.01039 -0.801691 5.12689
171 1.15196 -0.713356 0.73526
171 1.18227 -0.114305 1.21292
171 0.48677 -1.03685 0.178777
171 0.508722 -1.16457 0.153339
171 0.1283 -1.01294 6.12962
171 1.07923 -0.34556 0.98912
171 -1.12209 0.259627 4.23422
171 -0.342591 1.32236 3.11359
171 -0.682031 -1.0736 5.48684
171 1.27544 -0.580482 0.888301
171 -0.206111 1.34286 2.98493
171 0.655248 -0.855633 0.391983
171 0.802791 -0.956363 0.432993
171 0.394558 0.897617 2.4736
171 1.24808 -0.374952 1.01558
171 -1.00145 0.912492 3.66801
171 -0.412139 -0.79855 5.57442
171 0.7923 -0.449016 0.7609
171 0.965634 -0.253491 1.06552
171 1.11681 -0.159483 1.18018
171 -1.20192 0.374649 4.14523
171 0.137005 -1.25746 6.11288
171 0.954756 0.828004 2.00279
171 -0.346672 0.919355 3.22503
171 -1.16307 0.267864 4.23167
171 0.247703 -1.00089 6.23564
171 -0.337867 1.18311 3.13252
171 1.40616 0.0668385 1.35885
171 0.657168 1.04314 2.32825
171 0.941704 -0.204029 1.10932
171 1.14742 0.0299881 1.33849
171 -0.414214 1.10687 3.21837
171 0.921798 0.585613 1.87882
171 -1.01447 0.210029 4.25415
171 1.1006 -0.45512 0.904823
171 0.891055 -0.200266 1.09895
171 -1.06482 -0.110117 4.56108
171 -0.706534 0.338137 4.0103
171 -1.08744 -0.721244 5.04532
171 -0.358443 0.874569 3.25453
171 -0.529243 0.925391 3.37085
171 0.466741 -1.17282 0.126655
171 -0.640912 0.900717 3.47316
171 0.366599 -0.841387 0.13522
171 -0.664294 1.01984 3.44012
171 0.955034 0.611044 1.88699
171 -0.07652 0.846719 2.9392
171 -0.733987 0.274297 4.10879
171 0.809222 -0.099724 1.18385
171 -0.272699 -0.815664 5.70657
171 -0.832387 0.75106 3.67283
171 -0.383444 0.847181 3.27311
171 -0.414798 -1.17392 5.70395
171 -0.390404 -1.06523 5.6889
171 0.578433 -0.929545 0.278623
171 1.24651 -0.477965 0.94872
171 -1.34454 -0.278495 4.63438
171 -1.22906 0.284267 4.22614
171 1.1268 0.360548 1.60282
171 1.01454 -0.295611 1.01857
171 -0.109099 -1.28989 5.93757
171 -1.26504 -0.0926185 4.5166
171 -0.455472 -0.821282 5.53949
171 0.567659 0.667894 2.18229
171 -1.17249 0.427884 4.09904
171 0.499063 1.21697 2.47475
171 0.423119 1.21891 2.54209
171 -1.01536 0.261461 4.21192
171 -1.38745 0.119678 4.35742
171 1.33236 -0.306157 1.10423
171 1.10856 -0.695173 0.727814
171 0.858884 -0.228657 1.05378
171 -0.443766 1.01931 3.26597
171 0.0548636 1.30108 2.8135
171 0.589974 0.617189 2.14073
171 -0.418313 -1.23185 5.71559
171 -0.732897 -0.167272 4.6755
171 -0.859302 -0.711601 5.15183
171 1.09282 -0.208068 1.14001
171 -0.0610962 -1.34833 5.98205
171 -0.874842 -0.347616 4.84686
171 -0.538281 -0.923181 5.51726
171 -0.734721 -1.08934 5.43644
171 1.08458 0.00743422 1.3243
171 -0.644809 -0.902511 5.40159
171 0.848951 -0.289036 0.961032
171 -1.00943 -0.738802 5.08559
171 -1.2703 -0.0488187 4.4652
171 0.89548 -0.0163033 1.28214
171 -0.131309 -1.34057 5.91865
171 0.304944 -1.19766 6.25923
171 0.938644 -0.630884 0.696961
171 -0.160332 0.918287 3.03008
171 -0.894025 -0.430095 4.90414
171 -1.18764 0.054374 4.39338
171 0.236991 0.89037 2.60202
171 0.539426 -0.921613 0.257878
171 -1.21946 -0.328192 4.69791
171 0.706251 -1.08273 0.338538
171 0.245271 0.756362 2.55962
171 -1.3159 0.329839 4.19771
171 1.29163 -0.283825 1.11036
171 0.874428 1.05109 2.16395
171 0.869287 -0.849593 0.507683
171 0.934513 -0.494231 0.817064
171 1.02135 0.798987 1.96073
171 -0.872727 -0.636283 5.0787
171 -0.812852 0.622901 3.75973
171 -1.14069 0.561093 3.98588
171 -1.31165 0.167827 4.32083
171 0.0175568 0.782565 2.8338
171 -0.973322 -0.647898 5.04204
171 -0.808191 0.57565 3.81563
171 0.830915 -0.989897 0.43333
171 -1.13237 -0.219171 4.64006
171 -0.460164 -1.01926 5.61828
171 1.26196 0.317485 1.55
171 0.306773 -1.05412 0.000540071
171 0.854654 -0.702521 0.605372
171 1.01738 0.461508 1.73968
171 0.206275 -0.916996 6.22179
171 0.746928 -0.447882 0.730277
171 -1.34338 0.0900555 4.37546
171 -1.28654 -0.174838 4.59263
171 -0.461561 -1.25595 5.69473
171 -0.964804 0.913166 3.65864
171 0.636898 -0.654861 0.475865
171 0.664572 -0.93753 0.344112
171 0.517966 -1.0048 0.20607
171 -0.454754 1.12191 3.23901
171 0.887346 -0.757531 0.584453
171 0.22873 0.974418 2.64257
171 0.269145 -0.765514 0.0407114
171 0.731564 0.471918 1.89585
171 1.02469 -0.713667 0.68366
171 0.522251 -0.964 0.219773
171 0.891612 -0.286629 0.983053
171 -0.571908 0.926398 3.40683
171 -0.127115 -0.906443 5.84798
171 -1.15721 0.47165 4.0545
171 1.17586 0.0764528 1.37041
171 0.572239 -1.20624 0.194695
171 0.616742 0.862581 2.26704
171 -1.16985 -0.29903 4.68375
171 0.805325 -0.176714 1.10024
171 -1.2108 -0.433075 4.81317
171 0.964174 0.0403339 1.34844
171 -0.912405 0.00236817 4.43174
171 0.974962 -0.74856 0.615135
171 1.36281 -0.0437892 1.27296
171 -1.04196 -0.70576 5.05773
171 -1.1278 -0.114572 4.55985
171 -0.993391 -0.578075 4.99078
171 -0.275509 1.19464 3.0815
171 -1.02492 -0.894149 5.17256
171 0.146686 -1.34164 6.11674
171 -0.206693 -1.12112 5.82053
171 -0.940216 0.0846815 4.36825
171 -0.59717 0.730833 3.54987
171 0.953811 0.749012 1.96187
171 -1.04027 -0.146521 4.60676
171 1.05533 0.432441 1.69819
171 -1.13117 -0.666628 4.99801
171 -1.24262 0.545967 4.00861
171 -0.611892 -1.00642 5.50336
171 0.889274 -0.335171 0.937964
171 -0.809166 0.18731 4.22723
171 0.438581 1.1153 2.49521
171 -0.804091 0.132483 4.29306
171 -0.0728661 1.12244 2.9022
171 -0.816894 0.411248 3.99739
171 -0.974945 -0.715148 5.08274
171 0.894853 -0.928355 0.488827
171 0.741847 -0.862952 0.443143
171 0.25965 -1.31052 6.20573
171 0.801646 0.815847 2.11012
171 0.327343 -1.0917 0.0266698
171 -0.696813 -0.964166 5.39773
171 -0.835569 0.661097 3.74199
171 -1.36009 -0.114677 4.528
171 -0.909676 0.949933 3.61108
171 0.830456 -0.917288 0.465357
171 -0.228749 1.06438 3.07219
171 -0.825403 0.535551 3.86322
171 0.891819 -0.508912 0.762179
171 0.846809 -1.09158 0.413045
171 -0.402818 0.771506 3.32309
171 -1.20414 -0.00919819 4.45186
171 0.347375 -1.19512 0.011367
171 0.135236 0.995355 2.74164
171 -1.19098 0.0949725 4.36936
171 1.13792 0.235059 1.51354
171 -1.28711 0.391664 4.15224
171 0.992453 0.888011 2.0288
171 -1.16411 0.0225413 4.42144
171 1.14897 -0.784782 0.693591
171 -0.71132 0.429108 3.90045
171 1.14662 0.317732 1.5634
171 1.10143 -0.510214 0.87842
171 -0.0819869 1.31776 2.89619
171 0.0742402 1.00873 2.78553
171 0.199635 0.918403 2.65656
171 0.447023 1.25267 2.53596
171 0.928355 0.201241 1.53827
171 -0.702491 1.13108 3.40548
171 0.893692 -0.980768 0.46374
171 -0.95497 0.958627 3.63169
171 1.36248 -0.0871706 1.25146
171 -0.301688 -1.00989 5.7389
171 -0.712266 0.634339 3.68639
171 1.04678 0.84476 1.96946
171 -0.619504 0.589842 3.65315
171 -0.207627 -0.872311 5.77735
171 0.434604 -0.755666 0.22756
171 -0.0822706 -0.75273 5.8647
171 0.592735 -0.617183 0.462187
171 1.09542 0.334075 1.58862
171 1.32304 0.332892 1.54601
171 -0.803862 0.349793 4.05083
171 0.995674 0.575281 1.82565
171 -0.271118 0.832608 3.18247
171 0.224725 -0.840135 6.25954
171 -0.647158 -0.981047 5.46726
171 -1.10929 -0.323074 4.70609
171 -0.499804 -0.891498 5.53942
171 -1.15822 0.311371 4.1868
171 1.19114 0.261277 1.52665
171 0.773735 -0.840036 0.455163
171 -0.655974 0.513093 3.75786
171 1.23544 0.278973 1.52493
171 0.625526 0.729108 2.1647
171 -0.939923 0.808411 3.69796
171 1.35116 0.0518299 1.35585
171 -1.12043 -0.612999 4.9458
171 -1.05622 0.0698575 4.36929
171 -0.587396 0.967951 3.39777
171 0.438428 0.882956 2.4343
171 0.587482 0.770882 2.23256
171 0.204079 1.35361 2.716
171 -0.754106 -0.897657 5.34076
171 -1.26526 0.430678 4.12131
171 -0.237482 -0.691777 5.69134
171 -0.550803 -0.649068 5.33225
171 0.328171 0.748124 2.49341
171 -0.138131 -1.01305 5.85926
171 0.0535169 1.17608 2.80505
171 0.145558 -0.917415 6.14574
171 0.327303 1.1035 2.57118
171 0.398405 1.26211 2.55135
171 0.820933 0.0164174 1.32974
171 -0.501453 -1.18298 5.64467
171 0.604745 -0.74711 0.404459
171 -0.0284172 -1.16061 5.98358
171 0.103848 -0.94014 6.108
171 -0.110243 1.09769 2.94241
171 0.55012 -1.15166 0.184757
171 -0.61594 -0.950791 5.47409
171 -1.17544 -0.548065 4.90664
171 -0.92645 0.441976 4.01554
171 -1.11806 0.726009 3.85506
171 0.182665 1.22549 2.71815
171 1.09433 0.0902033 1.37446
171 0.708926 0.654554 2.05653
171 1.16496 -0.155834 1.19719
171 -1.03688 0.346378 4.13721
171 0.364049 0.70483 2.43152
171 1.07675 0.682711 1.88315
171 1.00843 0.675234 1.90027
171 1.05081 0.227251 1.53192
171 -0.466857 1.07344 3.27153
171 0.947908 0.547979 1.82876
171 0.377352 1.11198 2.54156
171 -1.29726 -0.41942 4.77984
171 0.910887 0.970573 2.12295
171 -1.0425 -0.569989 4.95494
171 0.84063 0.402228 1.75854
171 -1.27198 -0.455522 4.80914
171 -0.986694 -0.429176 4.87782
171 0.745866 -1.08064 0.335843
171 -0.155304 -1.30385 5.90202
171 1.00886 -0.676525 0.691605
171 0.646329 0.953688 2.29046
171 0.464169 -1.12515 0.134117
171 -0.898171 0.247293 4.19083
171 -0.996575 0.0242054 4.41073
171 -0.638514 0.697341 3.6111
171 -0.982664 0.649818 3.84848
171 0.323315 1.25368 2.59668
171 0.851388 0.0863131 1.39304
171 -0.954835 -0.124471 4.59231
171 1.30211 0.295959 1.52837
171 0.280506 -0.872457 0.0163276
171 -0.628851 1.21563 3.32772
171 0.888463 -0.66955 0.62595
171 -1.03071 -0.43362 4.86708
171 1.1082 0.286438 1.55122
171 -1.03023 -0.660635 5.02717
171 1.19719 0.152281 1.40032
171 0.164903 1.14075 2.72729
171 0.182724 -0.955194 6.18852
171 -0.715789 0.583984 3.74107
171 0.313262 1.00909 2.56461
171 -0.12507 0.879553 2.99499
171 -1.09885 -0.241462 4.65103
171 1.01068 0.751462 1.94117
171 0.409073 0.808993 2.4351
171 0.700299 0.778436 2.1401
171 0.885797 -0.114174 1.19028
171 0.231986 -0.882494 6.24787
171 0.75412 0.641846 2.00728
171 -1.30861 -0.249763 4.6183
171 -0.514163 -0.654945 5.36304
171 -1.32668 0.210779 4.27837
171 -0.261506 -1.24027 5.80391
171 1.10025 0.63705 1.83309
171 0.226426 -1.25179 6.1844
171 -0.701458 -0.755528 5.2842
171 0.751585 0.896579 2.17522
171 0.133093 1.20767 2.75823
171 -0.881003 0.278517 4.16863
171 -0.421923 1.15341 3.20531
171 -0.324176 -1.12811 5.74859
171 -0.715274 -0.535862 5.10389
171 -0.0728306 1.23655 2.8885
171 0.00500363 1.00176 2.84348
171 1.11282 -0.0486782 1.25026
171 1.16163 -0.670784 0.771999
171 1.36421 0.307174 1.52768
171 1.2169 -0.51851 0.907193
171 -0.576204 0.576142 3.64354
171 1.21155 -0.659402 0.833474
171 0.858433 -0.534571 0.731176
171 -1.12668 0.681769 3.88464
171 0.0591157 1.2497 2.81339
171 -0.901943 -0.563065 5.00665
171 0.0135357 -0.950455 6.01433
171 -0.239265 -0.732099 5.69653
171 -1.16311 0.615875 3.95444
171 0.068993 -1.10118 6.07229
171 1.10084 0.406187 1.65891
171 1.10733 -0.648374 0.764075
171 0.175228 -1.11054 6.14601
171 0.637127 -0.901788 0.338095
171 0.107552 -0.894143 6.11537
171 -0.859617 0.620956 3.79998
171 1.29143 -0.134913 1.21412
171 -0.685446 0.984468 3.46168
171 1.14048 -0.536009 0.864808
171 0.362891 1.15461 2.55015
171 -0.502958 0.709012 3.4848
171 -0.806415 -0.263477 4.77255
171 1.17688 -0.505408 0.902226
171 0.68495 -0.968968 0.352996
171 -0.991804 -0.218048 4.65254
171 0.665869 0.728717 2.14169
171 1.10168 -0.854817 0.628414
171 -0.958013 -0.198945 4.65579
171 -0.715196 1.17484 3.39747
171 -0.0703658 -1.20077 5.95961
171 -0.00378302 1.36979 2.83754
171 -0.820182 0.22712 4.19908
171 0.594332 1.18496 2.40389
171 -0.735664 0.377114 3.98496
171 -1.342 -0.0301003 4.4478
171 1.16661 0.198299 1.46367
171 0.866709 0.12757 1.43764
171 0.132744 1.25786 2.75614
171 -0.352869 -0.911008 5.67498
171 -1.04745 0.229669 4.24909
171 0.937322 -0.408999 0.890166
171 1.15427 0.496888 1.71359
171 -0.980632 0.231138 4.23616
171 -0.639894 1.09652 3.3888
171 0.274539 1.17719 2.6332
171 0.000701487 1.17716 2.83416
171 0.634048 -1.0929 0.258665
171 -0.938291 -0.229191 4.67468
171 -0.522681 0.571663 3.60222
171 -1.34998 0.253253 4.26067
171 -0.68404 0.887192 3.52267
171 0.0957333 0.781945 2.74965
171 1.04965 -0.373206 0.95941
171 1.05713 0.26789 1.54941
171 -1.24062 0.328212 4.19609
171 -1.15295 0.39095 4.12436
171 -0.86336 0.206331 4.23238
171 1.22904 -0.0416293 1.26425
171 -0.0791186 -1.25124 5.95095
171 0.844617 -0.34853 0.906581
171 0.0973798 -1.2312 6.08558
171 1.1384 0.101724 1.38548
171 1.04589 -0.550749 0.810298
171 0.977599 -0.488341 0.832988
171 0.943333 -0.455798 0.845342
171 1.0328 0.707256 1.9101
171 -0.484906 -0.925794 5.56626
171 1.00625 0.162311 1.45153
171 -0.573741 -0.99258 5.52109
171 1.01528 0.271929 1.55857
171 -0.913937 -0.512086 4.96451
171 -0.500867 0.798285 3.4312
171 0.216284 1.1834 2.6952
171 1.18266 -0.740463 0.727335
171 0.812282 1.05009 2.20892
171 -1.08009 0.533468 3.9939
171 0.387558 1.19589 2.54873
171 -0.941496 -0.741867 5.11602
171 0.765727 -0.509069 0.678801
171 0.00565829 -0.906647 5.99954
171 1.06365 0.120145 1.39926
171 0.235548 1.2237 2.68274
171 1.27952 0.162844 1.40796
171 -1.01893 -0.845388 5.14501
171 -0.862181 -0.30612 4.80567
171 1.10241 0.448467 1.69586
171 0.822016 0.547053 1.90116
171 0.754755 -0.69046 0.523849
171 -1.03744 -0.229346 4.65742
171 0.293485 0.937928 2.5685
171 1.23581 0.122887 1.3856
171 0.219474 -1.05057 6.20517
171 0.313258 -0.788078 0.0877562
171 1.38685 -0.229788 1.166
171 -1.11753 -0.178174 4.60823
171 -0.604617 1.06071 3.36919
171 -0.669145 -0.733727 5.29062
171 -0.45688 -0.776692 5.52368
171 0.204374 0.788286 2.61665
171 0.111064 -1.29674 6.09548
171 -1.04015 -0.512493 4.91982
171 -0.677105 -0.928788 5.3924
171 -0.638537 0.974436 3.43894
171 0.791517 -0.788219 0.501172
171 1.13298 -0.485256 0.898425
171 -1.13738 -0.570931 4.92391
171 -0.545512 -1.0261 5.55833
171 0.269884 -1.03181 6.24928
171 -0.363036 1.01687 3.20839
171 -1.20862 -0.0898335 4.52617
171 0.0980703 1.29143 2.78125
171 0.0920616 1.1867 2.77929
171 0.258239 -1.20007 6.21616
171 0.390851 0.745142 2.42665
171 -1.06825 -0.0593322 4.50098
171 -0.922694 -0.662759 5.08279
171 -0.623037 -1.13745 5.55372
171 -0.587643 -0.917297 5.48179
171 0.571951 0.726059 2.21139
171 -0.543142 1.22514 3.26906
171 -0.895183 0.800931 3.69058
171 -1.01313 0.060804 4.38596
171 -1.19995 -0.163585 4.5957
171 -0.704684 -0.275005 4.85539
171 0.80587 -0.399804 0.832266
171 -0.393065 1.3048 3.14627
171 1.24264 0.229871 1.48536
171 -0.230134 1.20445 3.03115
171 -0.79186 -0.602647 5.10941
171 -0.842397 -0.150539 4.64463
171 -0.21353 0.904968 3.08907
171 -0.431223 0.65289 3.44967
171 0.259897 0.854378 2.57597
171 -0.292735 0.737873 3.24727
171 -0.785668 -1.086 5.39654
171 -0.840887 -0.743877 5.16725
171 1.06268 -0.603563 0.777197
171 -0.178701 0.970441 3.03975
171 -0.84187 -0.0220993 4.47132
171 0.3639 -1.10964 0.0499029
171 0.795779 0.763524 2.07423
171 -0.817349 0.790308 3.64678
171 0.550602 -0.691599 0.397613
171 -0.678287 -1.12384 5.49826
171 -0.184766 0.873019 3.07507
171 -0.715267 -1.13807 5.48827
171 1.16056 -0.62017 0.824748
171 0.536534 1.04178 2.40155
171 0.681119 1.18518 2.35252
171 -0.478891 -0.854711 5.53305
171 -1.02841 -0.0857408 4.5416
171 -1.29506 0.129136 4.34814
171 0.283194 1.22306 2.63294
171 -1.3829 0.0691872 4.3851
171 1.1229 -0.00695121 1.29912
171 0.334826 -1.14487 0.0216989
171 -0.667236 0.660875 3.6419
171 -0.193602 1.02344 3.04302
171 0.984578 -0.52935 0.801032
171 0.509615 -1.11906 0.163194
171 0.642221 -1.16339 0.242865
171 0.176204 -0.778088 6.2073
171 0.172752 1.18265 2.72325
171 0.405583 -0.848742 0.167591
171 -0.0906222 0.935838 2.95512
171 0.537933 0.627259 2.16626
171 -1.0376 -0.0345579 4.48179
171 -0.498119 -0.800469 5.49752
171 -1.07482 0.0180378 4.42852
171 -1.15445 0.11245 4.34984
171 -1.22567 -0.0471734 4.46659
171 -0.936008 0.592661 3.87892
171 1.22358 0.440099 1.64539
171 -0.79325 -0.00264779 4.43596
171 -0.29903 -0.765676 5.66958
171 -0.580547 0.635054 3.60465
171 0.326932 1.196 2.58932
171 -0.421366 1.06427 3.23074
171 0.0407691 1.03418 2.81661
171 -1.11627 0.35424 4.14649
171 0.895809 -0.395507 0.884231
171 -0.33448 1.13405 3.13987
171 -0.500091 -0.585541 5.3283
171 -1.26968 -0.332095 4.6758
171 1.2268 -0.334009 1.0617
171 1.07511 -0.732618 0.693299
171 -0.5352 0.662849 3.55472
171 1.00448 -0.932142 0.542271
171 0.442989 -0.824138 0.203819
171 -0.55376 -0.575698 5.26261
171 -0.49527 0.990698 3.31988
171 -0.876488 0.926603 3.61392
171 0.881816 0.772846 2.02781
171 -0.235669 1.13761 3.04334
171 -0.156668 -1.19545 5.87485
171 0.575751 1.05045 2.38449
171 -0.343256 0.972669 3.20527
171 0.657771 -1.20227 0.237426
171 -0.796452 -1.03674 5.36762
171 1.29418 0.214141 1.46118
171 -1.24968 -0.541781 4.86188
171 -0.974408 0.285589 4.17919
171 0.923959 0.788354 2.00243
171 -1.23242 -0.372429 4.73757
171 0.949975 0.485309 1.77836
171 -0.285925 1.12365 3.11439
171 -0.485782 0.892568 3.34669
171 1.20645 0.677398 1.80999
171 1.01868 0.361359 1.64418
171 -0.346119 -0.767791 5.62556
171 0.604208 -1.12186 0.232887
171 0.137699 0.815398 2.70833
171 -0.374495 1.0989 3.19557
171 -0.518351 -0.972229 5.5632
171 -0.429282 0.942909 3.27986
171 -1.01071 0.460587 4.01191
171 -0.978375 -0.0586071 4.51952
171 -0.790987 0.047238 4.39435
171 0.017464 -1.27503 6.02087
171 0.137803 1.06062 2.73989
171 1.35667 0.367704 1.56794
171 -0.895755 -0.480109 4.95569
171 0.883789 0.47187 1.79794
171 1.05686 -0.457407 0.893966
171 -0.262394 1.29806 3.04617
171 -0.732166 -0.412197 4.97554
171 -0.750829 -0.598647 5.13645
171 -0.731186 -0.821447 5.30726
171 0.587895 0.911111 2.31917
171 -0.257124 -1.16179 5.80206
171 -1.07481 -0.641774 4.99955
171 0.84687 0.206157 1.55582
171 1.14852 -0.264578 1.09643
171 -0.786444 0.524453 3.85427
171 0.220169 -0.795665 6.25448
171 -0.729557 0.87633 3.56109
171 -0.23132 -0.998027 5.78333
171 1.0629 -0.906149 0.587973
171 0.32028 0.798229 2.52111
171 0.00987843 1.08746 2.82976
171 -1.18952 -0.585647 4.92453
171 -0.242264 -1.11163 5.80208
171 -0.266451 0.791647 3.19116
171 0.972325 0.30693 1.61127
171 -0.673217 -1.01877 5.45677
171 0.871371 0.587727 1.89898
171 -0.634426 0.808058 3.54225
171 -0.467286 0.847387 3.35293
171 -0.964868 0.382996 4.07091
171 1.16719 -0.377543 0.980937
171 -0.836254 -0.963407 5.32189
171 0.788008 -0.276009 0.947837
171 0.23496 1.03723 2.64975
171 -0.796514 0.685003 3.70674
171 -0.943328 0.252309 4.20338
171 -1.31361 0.279515 4.2474
171 0.521161 -0.881017 0.258345
171 0.150508 -1.15167 6.13719
171 -0.782168 0.251601 4.16231
171 -0.535783 1.01122 3.34854
171 1.18062 -0.4126 0.973781
171 0.0208115 1.24649 2.82137
171 -0.426427 1.23294 3.19609
171 -0.71866 0.718594 3.63735
171 0.0909866 1.13746 2.77158
171 -0.0403033 1.27621 2.86054
171 -0.423385 0.694876 3.42312
171 -1.14575 -0.148465 4.58753
171 1.16426 -0.217832 1.14314
171 0.206037 -1.00065 6.20293
171 -0.507446 -1.24144 5.65696
171 -0.906363 1.04489 3.57614
171 1.08361 -0.408566 0.941406
171 -0.290517 1.26237 3.07464
171 -0.961892 0.769326 3.73481
171 -1.17249 0.718543 3.86974
171 0.161201 -1.29812 6.12919
171 -1.12823 -0.48343 4.86522
171 0.888191 0.904623 2.10556
171 -0.863982 0.982963 3.57986
171 -0.399183 0.898037 3.26328
171 -0.860434 -0.191862 4.67479
171 -1.2933 -0.125968 4.5499
171 0.115514 0.95771 2.74263
171 -0.622566 1.01452 3.41527
171 -0.886608 0.87905 3.63319
171 -1.22843 0.0818624 4.37016
171 0.60915 0.689351 2.16436
171 0.542047 -1.03328 0.211879
171 -0.617633 -0.731962 5.32922
171 0.486252 0.717057 2.30419
171 0.859048 0.512143 1.85181
171 -1.2878 0.0175395 4.42495
171 -0.144709 1.04073 2.99508
171 0.554389 0.588404 2.14972
171 1.27826 0.362737 1.57991
171 0.486456 0.998604 2.42878
171 -1.05527 0.667041 3.86085
171 -0.660334 -0.618639 5.20618
171 -0.813569 0.866737 3.6109
171 -0.79614 -0.741809 5.20422
171 0.264495 -0.825028 0.00831248
171 -0.320508 -0.929298 5.69575
171 -0.899219 0.57397 3.87892
171 -1.03862 0.0204796 4.42087
171 -0.876155 0.133471 4.3017
171 1.14079 0.789851 1.91301
171 0.984196 0.53279 1.8047
171 0.649436 -0.762381 0.436219
171 1.00284 -0.0899369 1.22284
171 0.822594 0.16357 1.51455
171 -0.314768 -0.811766 5.68153
171 -0.449103 0.899181 3.32175
171 0.969513 -0.36461 0.930282
171 -1.0093 0.677009 3.83635
171 1.23997 0.634082 1.77776
171 1.10818 -0.086091 1.22924
171 -0.888339 0.38045 4.04259
171 0.843624 0.817316 2.07641
171 -1.29802 -0.21345 4.60896
171 1.05365 -0.0914283 1.2236
171 0.0637492 -1.05587 6.06659
171 0.134651 0.856397 2.71716
171 0.941001 0.922331 2.07457
171 -0.772938 -1.00001 5.37124
171 0.856803 -0.485362 0.766078
171 -0.938896 -0.557045 4.99666
171 -0.329993 -0.72352 5.63212
171 -1.32868 -0.151163 4.56894
171 1.02046 0.318646 1.59732
171 -0.210568 1.29872 3.00874
171 1.0593 0.770441 1.9326
171 -0.344177 -1.30324 5.76701
171 0.269113 1.08249 2.61935
171 0.811851 -0.490375 0.736949
171 -0.587821 1.23524 3.2994
171 -0.735911 0.211181 4.19846
171 0.276774 1.27285 2.65154
171 0.790908 0.625668 1.98039
171 -0.78248 0.839249 3.60943
171 -0.752046 -0.7563 5.24053
171 -0.131352 1.18542 2.95465
171 1.02441 0.118443 1.40575
171 -0.77883 0.647644 3.72674
171 0.971545 -0.00890818 1.29936
171 -0.220495 0.840877 3.12394
171 -1.17487 -0.685336 4.99188
171 -0.0212219 -1.12195 5.99122
171 0.620287 0.527939 2.01665
171 -0.641791 -0.697941 5.29029
171 0.178907 -0.879125 6.19501
171 0.677588 0.821769 2.18056
171 1.11398 -0.370529 0.981486
171 0.696858 0.705158 2.11973
171 -0.310093 1.01036 3.16323
171 0.137367 -1.20891 6.12246
171 -1.0489 -0.352052 4.79177
171 -1.29333 0.238062 4.26312
171 -1.0919 -0.807335 5.09255
171 -1.03329 0.146047 4.29625
171 0.074477 -1.01668 6.07269
171 0.759703 -0.731675 0.507029
171 0.802407 0.910599 2.14604
171 -0.446455 0.802135 3.37032
171 0.965952 0.146191 1.43818
171 -0.761807 0.0948409 4.33516
171 -0.674099 -0.528231 5.12301
171 -0.580494 1.00963 3.38256
171 0.730002 -0.906918 0.413176
171 -0.494358 -1.10039 5.62199
171 -0.790965 -0.660118 5.15133
171 -0.684986 -0.40736 4.9924
171 0.856014 -0.388768 0.878669
171 -0.550354 -0.883129 5.49397
171 -0.887919 -0.957603 5.27905
171 0.440617 -1.04126 0.145707
171 -0.981807 -0.384486 4.84089
171 -1.36315 -0.236289 4.61413
171 0.717368 -0.814303 0.446886
171 0.510676 0.89297 2.37978
171 -0.550752 -0.81124 5.43655
171 0.648183 -0.614141 0.502223
171 -0.697961 1.08501 3.42535
171 -0.869368 -1.01564 5.3304
171 -1.11787 0.308707 4.18837
171 -0.893458 0.482773 3.95018
171 0.919621 0.726195 1.95891
171 0.0414364 -0.763445 6.0364
171 -0.684036 -0.357548 4.95176
171 0.909373 1.02406 2.14198
171 0.681347 0.477849 1.91847
171 1.18568 0.631758 1.78821
171 -0.364301 -0.957378 5.6772
171 1.09156 -0.120942 1.20681
171 0.0936528 -0.980706 6.09475
171 0.485496 -0.940862 0.200676
171 -0.387539 0.935161 3.25281
171 0.768099 0.496932 1.89556
171 1.14783 0.142997 1.40799
171 0.724008 0.522958 1.93579
171 0.843608 0.765114 2.03668
171 0.30922 -0.917327 0.0416003
171 0.200573 1.00684 2.68062
171 -1.22168 0.0301374 4.41263
171 1.30343 0.0397118 1.33425
171 -0.71129 -0.624786 5.16521
171 0.92971 0.650205 1.92023
171 -1.07827 0.193116 4.26719
171 0.053306 -0.948436 6.04852
171 0.534041 1.25592 2.47225
171 0.709045 -1.03082 0.349034
171 -0.963979 0.61891 3.86723
171 -0.833289 0.0292366 4.41065
171 -0.985975 0.534299 3.93821
171 0.72768 0.932389 2.20312
171 -0.836034 -0.654078 5.11595
171 -0.631311 -0.435347 5.0621
171 0.713568 -0.993278 0.356496
171 -1.34272 0.359931 4.18402
171 -0.925438 -0.360778 4.83668
171 -0.337209 1.05479 3.17048
171 -1.16997 -0.502698 4.86264
171 -0.648663 -1.17705 5.54954
171 -0.544933 0.809057 3.45846
171 -1.11173 -0.409415 4.80997
171 -0.983504 -0.293922 4.72887
171 -0.757545 -0.63942 5.15096
171 0.734159 0.41186 1.82974
171 -0.443091 -0.977961 5.6123
171 1.13112 -0.411338 0.95979
171 -1.14722 -0.332397 4.71415
171 0.899373 0.0434317 1.35691
171 1.11244 0.758578 1.91241
171 -1.02457 0.0977948 4.36467
171 0.773973 0.982311 2.19583
171 -1.32785 0.402261 4.16132
171 -1.08244 0.1384 4.327
171 0.519972 -0.837747 0.276915
171 0.180009 1.07954 2.7049
171 -0.425934 0.852107 3.31372
171 0.677504 -0.532976 0.597668
171 -0.257138 -1.0318 5.77305
171 -0.880971 0.729953 3.73118
171 -0.306519 0.958225 3.17839
171 -0.330414 1.2812 3.11217
171 0.437835 -1.00113 0.153788
171 -0.465487 -1.20606 5.66762
171 -0.625447 0.758999 3.5587
171 -0.862615 -0.0654248 4.5381
171 1.04664 -0.134434 1.1904
171 0.868907 0.304433 1.62853
171 1.10806 -0.806901 0.659271
171 0.0183792 -0.813057 6.01211
171 1.12317 0.537379 1.76069
171 0.801083 0.868751 2.13801
171 0.670034 0.870104 2.21778
171 -0.810236 0.471686 3.91243
171 -0.789675 -0.877751 5.30343
171 0.730717 1.11092 2.30343
171 -0.574439 -0.726023 5.35692
171 0.270253 -1.24609 6.22455
171 -0.776559 -0.70214 5.18322
171 -0.987745 -0.508714 4.93783
171 0.770087 0.944214 2.188
171 0.587427 -1.05627 0.247443
171 1.26885 0.458202 1.64659
171 -0.303592 -1.28288 5.79731
171 1.04641 -0.647404 0.730889
171 -0.936078 -0.062611 4.52588
171 -0.311688 -0.888033 5.68753
171 -0.864736 0.326471 4.09578
171 1.008 -0.385185 0.929662
171 -0.667837 0.620276 3.65774
171 1.02363 -0.829222 0.60652
171 1.11547 0.707061 1.87923
171 -1.0282 -0.296233 4.71588
171 -0.266124 -0.897026 5.73145
171 0.63436 0.815663 2.21562
171 0.354068 -0.698135 0.180511
171 0.948244 0.0826383 1.3868
171 1.27426 0.522781 1.68932
171 -0.461432 0.965426 3.30585
171 0.58882 1.0931 2.3889
171 -0.594165 -1.20995 5.59315
171 -0.899148 -0.394507 4.88416
171 -0.9109 0.991808 3.59898
171 -0.983622 -0.168562 4.63336
171 0.319688 1.06126 2.56376
171 0.927395 -0.360109 0.927018
171 0.874757 -1.01517 0.454027
171 0.912427 0.521638 1.83317
171 1.26635 -0.530228 0.912236
171 -0.49389 0.938815 3.34382
171 1.03311 -0.75433 0.65734
171 0.424944 -1.23667 0.065634
171 -0.884859 -0.864871 5.22644
171 -0.36867 1.21631 3.13982
171 0.913747 -0.598053 0.695463
171 0.770023 0.576905 1.94693
171 0.408516 0.985586 2.49026
171 -1.03255 0.6318 3.88263
171 -1.11931 0.1503 4.3105
171 -0.212801 -0.957887 5.78631
171 -0.681583 0.9375 3.49186
171 -0.522368 -0.706196 5.39965
171 0.918263 -0.250899 1.04234
171 0.589603 -1.00916 0.270807
171 1.2927 -0.187282 1.1846
171 -0.30144 1.16317 3.12086
171 0.383228 -1.15269 0.0600976
171 -0.73218 -0.71908 5.22915
171 -0.753676 0.0273448 4.41182
171 0.496571 -1.07833 0.171868
171 -0.0180297 -1.30662 6.00267
171 -0.821565 -1.00617 5.36353
171 -0.0579672 0.785109 2.92096
171 -0.802754 -0.0762632 4.57086
171 0.586161 -0.659255 0.438672
171 -0.209372 1.1625 3.02284
171 0.218561 -0.745504 6.26045
171 -0.170928 -0.924419 5.81526
171 -0.844276 0.2574 4.17752
171 -0.696158 -0.689014 5.22987
171 0.932972 -0.31615 0.962664
171 0.929326 0.318179 1.61989
171 -0.818295 -0.79072 5.22886
171 -0.774483 -0.482804 5.00951
171 -1.30263 -0.0262272 4.45372
171 0.821552 0.590758 1.93133
171 0.383693 -0.940262 0.119939
171 -0.91843 -0.099595 4.56929
171 -0.154398 1.10845 2.98381
171 0.00954073 1.2828 2.8313
171 -1.2074 -0.20513 4.6183
171 -0.866939 -0.77907 5.18251
171 1.13083 -0.201035 1.14862
171 0.639965 -0.713667 0.445487
171 -0.542018 0.615374 3.5907
171 -1.2598 0.0459894 4.40854
171 1.22339 0.341057 1.57385
171 0.552953 -0.593019 0.450145
171 -1.06227 0.381944 4.10309
171 -0.812796 -0.461123 4.97992
171 1.01574 -0.614391 0.744366
171 -1.13835 -0.441224 4.83143
171 0.419258 -1.12158 0.0970247
171 -0.522966 1.26263 3.24312
171 1.06598 -0.788332 0.650024
171 -0.21806 -1.33238 5.84678
171 0.819905 0.253931 1.60373
171 -0.358959 -1.09485 5.71608
171 -1.34374 0.135325 4.3438
171 0.889272 0.665929 1.94061
171 0.961419 -0.127584 1.18443
171 -1.02909 0.495309 4.0066
171 -1.27118 0.279291 4.24386
171 0.440219 -0.918633 0.182318
171 1.06792 -0.256881 1.08898
171 -0.550787 0.733624 3.51194
171 -0.187145 -0.835544 5.78633
171 -0.707008 -0.31614 4.88816
171 1.08837 0.56123 1.7852
171 -1.24572 -0.293262 4.66474
171 1.32389 0.179664 1.42179
171 -1.0407 -0.759774 5.07942
171 0.926168 -0.105621 1.1966
171 -0.945813 0.548675 3.91356
171 1.22766 -0.274192 1.11406
171 -0.270081 1.33887 3.0397
171 1.21937 -0.0969022 1.2272
171 0.976761 0.952764 2.07189
171 -0.54238 -0.533039 5.23356
171 -0.988281 0.134384 4.31041
171 -0.978725 0.0933922 4.3593
171 0.840999 -0.665763 0.60701
171 0.220799 1.08587 2.68194
171 0.582275 0.998247 2.36152
171 1.11598 -0.303028 1.05317
171 -0.830601 -0.548361 5.03705
171 0.540452 -0.639566 0.422825
171 -0.328289 0.70932 3.2888
171 0.989753 -0.863275 0.571745
171 -0.71193 -0.908336 5.36632
171 -0.919889 0.842906 3.67457
171 -0.903608 0.533095 3.90781
171 0.0670787 0.882367 2.79241
171 0.933955 0.424475 1.75017
171 -0.122824 -0.95276 5.8605
171 -0.389604 -0.877068 5.62631
171 0.288653 0.894945 2.55943
171 0.689977 0.435156 1.88678
171 -0.854961 -0.448381 4.94792
171 0.992875 -0.0461611 1.24836
171 -0.697488 0.754151 3.6116
171 1.1923 0.475178 1.68349
171 1.17203 0.586258 1.77327
171 -0.195804 -1.02926 5.8205
171 0.743754 0.362864 1.77314
171 -0.414497 0.999467 3.25067
171 0.135071 -1.10641 6.12906
171 -0.252033 -0.774628 5.71149
171 -0.668371 0.840207 3.53888
171 -0.213494 -1.25715 5.84297
171 0.717439 -0.489453 0.661863
171 -0.826675 -0.411767 4.91973
171 -1.1651 -0.185257 4.60658
171 0.704589 -1.16252 0.294154
171 -0.780048 0.791236 3.63196
171 -0.327212 -1.20636 5.76477
171 -1.29502 0.501168 4.08395
171 -0.918262 0.662386 3.7973
171 -0.595097 0.893737 3.45085
171 1.06471 -0.303226 1.0353
171 0.652561 -1.01093 0.304292
171 0.780234 -0.613649 0.600937
171 0.771711 -0.567862 0.6321
171 -0.751976 -0.258561 4.81283
171 0.798321 -0.657116 0.592
171 1.02671 0.523179 1.78435
171 -0.625065 -0.771953 5.35387
171 0.634932 1.08398 2.3458
171 0.702592 -0.42307 0.726815
171 0.699569 1.01225 2.27017
171 0.401012 -0.676216 0.230014
171 0.598857 -1.16526 0.224456
171 -0.923871 0.404063 4.02664
171 0.538309 0.813292 2.32085
171 1.15479 -0.0758418 1.23616
171 0.415206 -0.792701 0.200873
171 0.115318 1.02573 2.75387
171 0.650655 0.771811 2.17176
171 -0.202377 -1.2952 5.84827
171 0.876706 0.551673 1.8789
171 1.08723 0.190205 1.46656
171 -0.0772052 0.894736 2.93465
171 0.498469 -0.732575 0.294125
171 -0.630862 0.935766 3.46015
171 -0.770697 -0.11444 4.60777
171 -0.0457898 1.05147 2.88746
171 -1.21735 0.217346 4.26748
171 -0.108539 -1.16787 5.91548
171 0.31975 1.14983 2.5836
171 1.18497 -0.56674 0.859299
171 -0.024189 -1.08364 5.98773
171 -0.023395 1.23128 2.85764
171 -0.255436 1.24058 3.04928
171 0.785412 -0.356041 0.871455
171 -0.87867 0.0573784 4.3917
171 0.311503 -0.732574 0.114333
171 -0.143901 1.31244 2.95153
171 -0.117072 0.816294 3.00429
171 0.149323 0.894932 2.72005
171 0.603997 -0.696066 0.435461
171 0.424375 -0.884979 0.177154
171 -1.14322 0.221282 4.26598
171 1.26625 0.0775995 1.37174
171 -0.955363 0.193627 4.26165
171 -0.205749 0.794269 3.12325
171 0.480227 -1.21673 0.128271
171 0.779142 0.328586 1.70916
171 -0.560518 1.05411 3.34729
171 0.372709 -1.24897 0.0340183
171 -1.05711 -0.831822 5.12006
171 -0.921087 0.211668 4.23568
171 -1.09277 -0.675113 5.00205
171 -0.746549 -1.04636 5.4047
171 0.887383 0.412 1.74404
171 1.19921 -0.192066 1.16255
171 -1.14349 -0.713196 5.00376
171 0.762474 -0.977937 0.405834
171 0.0667603 0.9293 2.79279
171 0.192312 0.854414 2.64752
171 1.20645 -0.610087 0.841504
171 1.06869 0.521782 1.76643
171 -0.393802 -0.679103 5.53662
171 0.367005 1.07158 2.53725
171 0.480863 -1.26304 0.115215
171 1.16316 -0.0267503 1.27482
171 0.450013 0.975007 2.45292
171 0.338399 -0.953081 0.0649761
171 0.845011 0.449559 1.80481
171 0.733375 -0.540295 0.631665
171 0.96116 -0.889731 0.545886
171 0.974359 0.386634 1.67574
171 -0.575101 -0.477201 5.14624
171 0.498313 1.08874 2.45116
171 0.727487 1.15859 2.32376
171 0.0335821 -1.22509 6.03516
171 1.35953 -0.342811 1.08278
171 0.832538 -0.625258 0.622843
171 0.155441 0.938681 2.71172
171 0.0709051 -0.837114 6.06828
171 -0.859688 1.07768 3.53086
171 -1.26297 -0.25713 4.64309
171 -0.299409 -0.850345 5.6901
171 -0.281314 -0.71873 5.66891
171 1.20504 -0.460165 0.94386
171 0.79915 -0.747604 0.522691
171 -0.161446 -1.0512 5.84643
171 -1.24669 -0.162258 4.58174
171 -0.26935 0.988468 3.12701
171 0.126048 1.15751 2.75708
171 -0.0479617 -0.79405 5.92485
171 -1.24406 0.381513 4.14894
171 -0.771241 0.433264 3.93902
171 -0.292201 -0.949478 5.72135
171 -0.466646 0.762534 3.41617
171 0.742187 -0.388123 0.795658
171 0.455582 -0.650004 0.310984
171 -1.27144 0.197081 4.28591
171 -0.090031 -0.858386 5.87676
171 -1.11646 0.0167419 4.43131
171 0.45585 1.06772 2.47571
171 0.188626 1.31522 2.7217
171 -0.951905 -0.515539 4.95436
171 -0.610105 0.669811 3.60718
171 -0.565828 0.529279 3.66415
171 -0.0377452 1.14807 2.87278
171 0.635391 0.906512 2.27393
171 0.626501 -0.580931 0.507264
171 1.23226 -0.565099 0.884949
171 1.00523 -0.448256 0.891099
171 1.40708 -0.0911346 1.24092
171 -1.00219 -0.258241 4.6915
171 -1.34178 -0.200372 4.6013
171 -1.02374 0.805746 3.7397
171 0.230588 -1.1002 6.21523
171 -0.592816 -1.1655 5.57539
171 -0.31279 -1.16781 5.7592
171 1.03798 0.572095 1.81133
171 -1.1787 0.212558 4.26671
171 0.258419 -0.919662 6.26195
171 0.100658 -1.06854 6.08921
171 -0.75435 0.710188 3.65452
171 -1.1774 -0.460832 4.83462
171 0.893081 0.169771 1.49447
171 0.629929 1.21603 2.39296
171 -1.23301 0.631069 3.96859
171 -1.0477 -0.473725 4.89255
171 -0.709828 -0.793593 5.30302
171 -0.0321218 0.928544 2.883
171 1.03186 -0.0523901 1.2397
171 -1.22735 0.462953 4.07729
171 -0.423352 -1.03085 5.6445
171 -0.3295 0.827449 3.23764
171 0.90216 0.858456 2.06344
171 0.40506 -0.7242 0.217362
171 -1.22244 0.130938 4.3387
171 0.132003 -0.757003 6.15495
171 -1.25621 0.489713 4.08259
171 -0.690628 0.691056 3.63135
171 -1.22745 -0.472888 4.82739
171 -0.779156 -0.431845 4.9665
171 -0.842791 0.375223 4.03015
171 -0.120207 1.22598 2.94195
171 -0.785411 0.962235 3.55005
171 -0.519106 1.05747 3.31433
171 -0.781077 -0.332334 4.87056
171 -0.757495 -0.538354 5.08078
171 -1.25015 0.234578 4.26771
171 1.33956 -0.387716 1.0407
171 0.976775 -0.645826 0.702776
171 0.122765 -0.808152 6.13694
171 0.0187617 -1.08435 6.01652
171 -0.671841 0.459178 3.83738
171 -0.831091 0.828268 3.63353
171 0.95354 -0.558951 0.761727
171 -0.765445 0.884635 3.5686
171 -0.0131418 -0.996175 5.98831
171 0.601577 -0.88314 0.322044
171 -0.791745 1.12702 3.47486
171 0.144469 1.36321 2.75216
171 0.63264 -0.495334 0.595361
171 1.06285 0.310363 1.57541
171 0.963573 -0.78584 0.604629
171 -0.472805 1.23772 3.2109
171 1.05027 0.644775 1.86585
171 -0.917481 0.143628 4.29031
171 0.842685 0.632794 1.94804
171 -1.19847 0.484816 4.06419
171 1.19253 0.406456 1.62242
171 0.678898 -0.734178 0.455985
171 -0.727062 0.467789 3.87921
171 0.740576 1.01665 2.25235
171 -1.37107 0.174161 4.31251
171 0.799421 -1.06169 0.405659
171 0.583224 -0.781352 0.376624
171 -0.864819 0.520833 3.90394
171 -0.763114 0.611609 3.74492
171 -1.37637 0.221065 4.27703
171 -0.807569 -0.832496 5.25915
171 1.1014 0.137955 1.4089
171 1.31726 -0.00186127 1.31219
171 0.0371634 -1.33843 6.04157
171 -1.21429 0.418719 4.11771
171 -1.31725 -0.0780179 4.49073
171 0.89173 -0.717661 0.603343
171 0.959141 -0.0721551 1.23114
171 -0.0682783 -1.14763 5.95423
171 1.18446 -0.282029 1.09391
171 -0.848037 0.697377 3.73731
171 -1.33693 0.0141951 4.42611
171 -1.20031 0.319681 4.19153
171 -0.958354 -0.00802698 4.44547
171 -0.437081 -0.878414 5.59358
171 -0.674263 -0.57411 5.15362
171 -1.12246 -0.532878 4.91135
171 -1.08381 0.693754 3.85894
171 -1.14331 -0.263956 4.6619
171 -0.476881 1.28401 3.2091
171 -0.0409802 -0.902904 5.94442
171 0.169977 1.2757 2.73057
171 0.0638904 -1.30402 6.06658
171 -0.777068 -0.206308 4.69826
171 -0.904855 -0.192551 4.66719
171 -1.01258 0.718379 3.80789
171 -0.639389 -1.09372 5.51959
171 1.26682 0.571129 1.72665
171 -0.443531 -0.922501 5.59878
171 -0.26989 -1.19986 5.80076
171 -1.14658 0.177819 4.28936
171 0.819579 0.491044 1.85198
171 0.369114 -0.793882 0.155201
171 -0.140648 -1.25342 5.90475
171 1.30523 0.488422 1.66054
171 -0.670988 0.566453 3.72625
171 1.36407 0.0909984 1.3683
171 0.238609 1.14455 2.67121
171 1.31542 -0.0557082 1.26233
171 0.681845 1.132 2.33397
171 -0.0768878 1.17303 2.89091
171 -0.822125 -0.326876 4.85483
171 -0.860828 0.780857 3.67538
171 -0.813355 -0.913595 5.297
171 0.196657 -1.14891 6.16706
171 -0.661312 1.06112 3.41778
171 -0.0512022 1.20033 2.88069
171 1.00203 0.840786 1.98241
171 0.284453 -1.15706 6.24251
171 -1.06656 -0.410298 4.82127
171 -0.370835 0.720922 3.31747
171 1.19293 -0.0604437 1.24868
171 -0.0935809 1.27652 2.90426
171 -1.15546 0.758319 3.853
171 0.782987 1.11081 2.25459
171 -1.07221 0.101928 4.35734
171 0.792909 0.199683 1.55207
171 0.103386 -1.17216 6.0877
171 1.19508 0.308438 1.55717
171 -1.29712 -0.301874 4.66686
171 0.693849 -0.572766 0.576589
171 0.835527 -1.04024 0.422198
171 0.5614 -0.733564 0.383741
171 0.124036 -0.857339 6.13441
171 -0.803606 0.724964 3.67947
171 -0.12703 0.948894 2.97749
171 -0.207935 1.10189 3.04229
171 -1.00592 0.76779 3.75773
171 -0.929818 -0.446276 4.9096
171 -0.992107 0.975273 3.63247
171 0.056136 1.37103 2.80706
171 -0.929101 0.0336429 4.41575
171 0.842876 0.916923 2.1347
171 1.01087 -0.565703 0.785151
171 -0.165663 -0.739287 5.79848
171 -0.884135 0.687047 3.74792
171 1.36829 0.137946 1.38589
171 1.28917 -0.461081 0.966988
171 0.0980452 1.09906 2.76778
171 -1.08756 -0.456047 4.86242
171 0.392957 1.03386 2.5198
171 0.794482 0.448892 1.82761
171 -0.998224 -0.347269 4.80797
171 0.375049 0.785436 2.44987
171 0.352627 1.28842 2.58191
171 -1.00412 -0.616496 5.00138
171 0.780296 0.410181 1.80877
171 0.144934 -0.970396 6.14705
171 0.363439 0.985026 2.52551
171 -1.17933 -0.0396453 4.46925
171 -1.17856 0.574905 3.98632
171 0.186412 -1.24155 6.16338
171 -0.662617 -0.790483 5.33955
171 0.00352809 0.839555 2.85547
171 -0.821884 -0.694883 5.15213
171 -0.357339 0.76389 3.29564
171 0.300869 -1.27986 6.24327
171 -0.683889 -0.452395 5.03148
171 -0.722466 0.9238 3.526
171 -0.716031 -1.01701 5.41142
171 -1.16626 0.659714 3.91984
171 0.0528405 0.811293 2.79918
171 0.834973 -0.798379 0.512088
171 -0.238383 1.02681 3.08043
171 -1.3047 0.456823 4.09981
171 1.06022 -0.846143 0.615083
171 -1.0433 0.294701 4.18265
171 -0.535916 1.11439 3.29453
171 -0.769901 -0.164487 4.67767
171 1.17237 0.738489 1.87205
171 0.0708465 -1.19945 6.07568
171 -0.0478886 1.35344 2.86102
171 -0.791734 -0.554664 5.06539
171 -0.874768 -0.110777 4.59169
171 -0.523587 -0.754574 5.42621
171 -0.261771 -1.07629 5.78509
171 -1.20293 0.538015 4.00988
171 -0.472507 -1.06114 5.61546
171 0.930554 0.0160774 1.33109
171 -1.05219 0.725063 3.81618
171 0.752937 -0.803873 0.464426
171 0.234013 0.820193 2.5905
171 0.831373 -0.134258 1.15403
171 1.04847 0.173559 1.46436
171 -0.922847 0.899783 3.64698
171 -0.838245 -0.871247 5.26645
171 -0.893642 -0.739517 5.14941
171 -0.628851 0.627514 3.64655
171 0.53094 -1.25435 0.1429
171 1.01101 0.221252 1.53672
171 -1.08684 -0.503044 4.90025
171 0.526523 -1.2087 0.15226
171 -0.327562 1.2255 3.12998
171 -1.33517 -0.330316 4.67304
171 1.31718 -0.098052 1.24115
171 0.666997 0.528323 1.98762
171 -0.334595 -0.979745 5.69466
171 -1.0994 0.058449 4.38758
171 -0.627572 0.857979 3.49258
171 -0.0674467 -1.07183 5.94258
171 0.837112 0.723917 2.01205
171 0.244013 1.30059 2.67713
171 1.01753 -0.335744 0.986915
171 -1.23297 -0.125591 4.55568
171 -1.08146 -0.207856 4.63323
171 1.23209 0.495942 1.68399
171 -0.830217 -0.102824 4.58165
171 0.778291 0.536401 1.91387
171 -0.814545 -0.370395 4.8952
171 -0.22883 0.980453 3.08927
171 1.41057 0.11662 1.37893
171 0.673109 -1.05625 0.315838
171 -0.859721 -0.581495 5.04939
171 0.800251 -1.11139 0.376595
171 0.47499 1.13023 2.47647
171 -0.385621 -1.20544 5.72353
171 -1.20869 0.177304 4.29469
171 0.689045 -0.626838 0.522232
171 -0.900597 0.627049 3.81931
171 1.06032 0.477974 1.73004
171 0.991293 -0.97397 0.507635
171 0.646936 0.572096 2.02859
171 -0.7383 0.520446 3.81886
171 0.968517 0.212781 1.54416
171 -0.581764 -0.84806 5.43384
171 -0.594122 -1.08797 5.5507
171 -0.0279673 0.883695 2.88167
171 0.706222 0.5656 1.98242
171 1.25174 -0.153001 1.203
171 0.610907 -1.22294 0.213725
171 -0.380056 1.15266 3.18431
171 -1.06674 -0.306474 4.71334
171 0.556144 -0.823554 0.302648
171 0.00392744 1.04754 2.83444
171 0.570274 -0.971462 0.26794
171 1.08884 -0.555741 0.836145
171 0.179275 0.972857 2.68963
171 -1.08103 0.285937 4.20168
171 -1.08521 -0.377434 4.81265
171 0.2815 0.79273 2.53403
171 1.21884 -0.409277 0.977223
171 -0.777426 0.386871 3.99378
171 0.418798 0.702235 2.38459
171 -1.30426 -0.361918 4.69071
171 0.971559 -0.695674 0.666474
171 -1.17682 -0.407995 4.80321
171 0.21687 -1.33499 6.17829
171 0.342251 -1.01296 0.0526883
171 -1.38243 0.0205933 4.42662
171 -0.00928605 -1.23198 6.00122
171 1.3137 0.08767 1.37499
171 -0.932499 -0.699184 5.09673
171 -0.285157 -1.32405 5.80305
171 -0.373687 -1.13157 5.72136
171 0.888753 0.625558 1.92255
171 0.978758 -0.414975 0.903534
171 -0.499791 1.10075 3.2841
171 -0.0710221 -1.30565 5.96538
171 1.02331 -0.245666 1.09434
171 0.664666 -1.12758 0.260519
171 -0.946312 1.01739 3.59506
171 0.876668 0.949656 2.127
171 -0.616607 1.16908 3.33682
171 -0.902814 -0.27086 4.74072
171 1.132 0.584289 1.77583
171 0.939431 -0.928642 0.502396
171 1.0683 0.731586 1.9159
171 -1.08288 0.242895 4.24193
171 -0.753799 0.573633 3.76084
171 0.971632 -0.171748 1.13911
171 -0.969718 0.72348 3.77846
171 0.213596 1.26292 2.70414
171 0.533319 0.924494 2.38361
171 0.304245 0.839914 2.53491
171 1.0375 -0.42234 0.908328
171 -1.06322 0.821295 3.74704
171 0.238161 -1.1481 6.20416
171 -1.07746 0.617528 3.91904
171 -1.01236 0.387284 4.07842
171 -0.738708 0.66667 3.68321
171 0.562271 1.14473 2.4156
171 1.22252 0.0816631 1.36992
171 0.75743 0.809015 2.1348
171 0.988299 0.491497 1.77628
171 -1.25141 -0.20742 4.6057
171 -0.0944447 -0.993337 5.90571
171 0.321742 -1.24326 6.25909
171 -1.03918 0.877221 3.70649
171 -0.140821 -1.1433 5.8813
171 0.820989 -0.585891 0.646603
171 -0.312264 -1.08631 5.74315
171 0.0276116 1.33422 2.82377
171 0.320587 -0.834884 0.087561
171 -0.834966 -1.05853 5.36808
171 -0.424457 -1.28146 5.7184
171 -1.26602 0.576976 4.00734
171 -0.856816 0.416703 4.01336
171 0.827221 0.962222 2.15741
171 0.436145 1.29836 2.54534
171 -0.545964 -1.08227 5.57397
171 -1.10127 -0.0876016 4.53413
171 -0.236119 0.754959 3.17287
171 1.39902 0.176247 1.41114
171 -0.274121 0.928316 3.168
171 0.262692 -1.07456 6.23868
171 -1.11552 0.815421 3.7841
171 1.36482 -0.138114 1.2166
171 -0.634194 -0.825841 5.36945
171 -0.48306 -0.726773 5.45256
171 0.0693483 -1.26089 6.07164
171 1.25485 -0.245449 1.12715
171 -0.955632 -0.335868 4.8069
171 -0.987101 -0.0929763 4.54716
171 -0.729669 -0.455595 5.01738
171 -0.134385 -0.772766 5.81568
171 -0.729623 0.965504 3.51312
171 0.203026 1.12549 2.69599
171 -0.937532 -0.91163 5.22483
171 0.619158 -0.944054 0.309729
171 -0.135754 -1.10719 5.88513
171 0.326442 0.881366 2.53669
171 0.747357 -0.644234 0.554925
171 -1.11167 0.589214 3.9532
171 0.0878256 1.05828 2.76926
171 -0.893458 0.180842 4.25522
171 -0.0147805 1.31584 2.83619
171 0.85926 -0.949962 0.471281
171 -0.757716 -0.302032 4.85481
171 -0.399752 -0.915031 5.62759
171 -0.913523 0.765955 3.71234
171 0.807099 1.0094 2.19824
171 0.943172 0.690777 1.93892
171 -0.384388 0.976683 3.23364
171 -1.04652 -0.613751 4.98953
171 0.887902 0.82073 2.05055
171 -0.820404 1.09344 3.50789
171 0.365839 -1.05274 0.0767138
171 -0.81239 -0.505408 5.00702
171 -0.874313 0.0216909 4.41034
171 0.177064 -1.06995 6.15454
171 -0.857042 0.573842 3.84987
171 1.37804 0.251203 1.4787
171 -0.929775 0.293768 4.16256
171 0.024018 -1.12941 6.026
171 0.690893 -0.896483 0.400285
171 -0.951945 0.153259 4.28611
171 0.326658 0.962717 2.54995
171 -0.250846 -0.857033 5.73019
171 -0.902576 0.336067 4.09667
171 -1.32341 0.0505655 4.40384
171 -0.854435 -0.824651 5.22333
171 0.730375 -0.599017 0.577189
171 0.63907 1.1603 2.37619
171 1.2185 0.594413 1.76631
171 -1.1995 0.257558 4.24418
171 -0.364436 -1.16893 5.72486
171 -0.763021 -0.842814 5.30113
171 0.473613 0.666984 2.28608
171 -0.517561 0.756753 3.46966
171 -1.06063 -0.178912 4.61923
171 -0.103882 0.984757 2.9595
171 0.389663 -1.02234 0.0925449
171 0.0192706 -1.0395 6.02097
171 0.939221 0.253321 1.56132
171 -0.614365 -0.873431 5.4215
171 -0.23029 -0.81188 5.7298
171 0.727737 0.603617 1.99838
171 0.814517 -0.313727 0.93005
171 -0.616918 -0.615817 5.2393
171 -0.461471 -0.67882 5.43464
171 -0.162712 -0.804046 5.80219
171 0.283855 1.12314 2.6087
171 1.17823 0.353433 1.58438
171 -0.753664 0.143709 4.27575
171 0.716566 1.06143 2.28462
171 0.562266 -0.873932 0.290308
171 -0.158058 -0.966257 5.83525
171 -0.898558 -0.038428 4.49399
171 -0.709149 0.843666 3.5606
171 1.01383 0.930534 2.05305
171 0.700014 0.970751 2.2574
171 1.1215 0.0577143 1.36015
171 -1.21535 0.596102 3.98051
171 0.710327 -0.668678 0.511628
171 -0.84764 0.891775 3.61241
171 0.989526 -0.216884 1.1072
171 0.360541 1.23045 2.5727
171 1.25635 -0.429672 0.975688
171 -1.16563 0.350942 4.16067
171 0.803883 0.668093 1.99177
171 0.209125 -1.29195 6.1737
171 -0.810466 0.911941 3.58668
171 0.412334 1.07879 2.51228
171 1.04949 0.0259027 1.34029
171 0.971927 -0.303659 1.00077
171 0.88789 -1.061 0.449827
171 -0.975768 -0.773138 5.1221
171 0.883921 0.710674 1.97022
171 0.782304 -0.881626 0.454043
171 -0.770611 0.194524 4.21683
171 -0.104078 -0.805738 5.84918
171 -0.75711 0.998314 3.50931
171 -1.14564 -0.0121187 4.44844
171 0.424317 -1.17595 0.0821932
171 -0.938138 -0.622817 5.04252
171 0.863968 -0.161967 1.13318
171 -1.04682 0.177636 4.28351
171 -0.537224 1.15375 3.28728
171 0.624873 0.642212 2.12501
171 1.36059 0.00250543 1.30831
171 -1.38634 -0.0267478 4.44961
171 -0.0374508 0.966905 2.88086
171 -1.11748 0.529453 3.99246
171 -1.07895 0.422639 4.07392
171 -0.939877 0.346314 4.10091
171 1.07807 0.809029 1.95094
171 -0.100594 -1.04046 5.89895
171 -0.516303 1.19178 3.26908
171 -0.681087 0.392283 3.9312
171 -0.951049 -0.810052 5.159
171 1.06486 -0.684282 0.718091
171 0.845443 -0.441421 0.804515
171 -0.888403 0.43318 4.01205
171 -1.06352 0.574826 3.94359
171 1.18687 -0.326313 1.05317
171 -0.129267 -0.84517 5.84081
171 1.10532 0.841694 1.95251
171 0.589187 0.815516 2.25795
171 0.902966 0.0868053 1.39056
171 -0.541179 0.968748 3.36692
171 0.842757 0.682689 1.98602
171 -1.06602 0.458458 4.04143
171 1.26177 -0.311847 1.08705
171 -1.37256 -0.0730944 4.48512
171 -0.613207 0.543569 3.68347
171 -0.576597 -0.684428 5.32575
171 0.916538 -0.544156 0.755854
171 1.2377 0.171984 1.417
171 1.29899 -0.344847 1.06938
171 -0.733378 -0.675123 5.19833
171 0.690796 -0.778107 0.439928
171 1.26728 -0.0657602 1.25745
171 -0.978739 0.822037 3.71345
171 0.569181 -1.10428 0.220726
171 0.645992 0.996776 2.31614
171 1.12604 0.180163 1.44538
171 0.978751 0.254486 1.55203
171 0.949818 0.995874 2.11451
171 1.01191 0.623448 1.87566
171 0.263323 1.34035 2.67293
171 0.479226 0.767639 2.34804
171 0.524842 -0.779813 0.295634
171 0.310768 -0.989749 0.0284227
171 0.882871 -0.62725 0.658914
171 0.464646 -0.8618 0.205946
171 -0.324283 1.09148 3.15464
171 0.160803 0.773593 2.6689
171 -0.212447 1.25638 3.01613
171 0.626866 -0.802341 0.392733
171 0.720256 0.823144 2.15128
171 -0.157576 -0.877789 5.82247
171 -1.0084 0.313671 4.15821
171 0.490347 0.811622 2.35685
171 1.02337 -0.495991 0.858305
171 0.110155 0.907005 2.74463
171 0.855685 0.0424566 1.3612
171 -0.829669 0.311426 4.09462
171 -0.971904 -0.848456 5.17307
171 0.716221 0.741782 2.12806
171 0.610784 -0.542569 0.522146
171 1.29417 -0.399592 1.01067
171 -0.771119 0.924762 3.56392
171 -0.746681 1.03641 3.48738
171 -0.574832 0.776138 3.50125
171 -0.00687544 -1.347 6.0125
171 -0.850707 -0.266982 4.76638
171 0.700169 -0.853918 0.42178
171 -0.26909 -0.980673 5.75103
171 -1.12352 -0.761307 5.05922
171 -0.896759 -0.912287 5.25161
171 -1.10919 0.206664 4.26226
171 -0.750028 1.07895 3.47799
171 1.10844 -0.603061 0.808743
171 -0.931887 -0.858279 5.1868
171 -0.836069 0.948399 3.58506
171 -0.864204 1.02964 3.5569
171 0.939961 0.880435 2.06243
171 -0.041955 1.09326 2.88157
171 1.2039 0.212913 1.47214
171 1.02484 -0.890287 0.578776
171 0.89986 0.230991 1.56268
171 0.528955 0.692968 2.23528
171 -0.379257 0.807865 3.29125
171 -0.736352 0.770861 3.62047
171 -0.750897 1.12522 3.45527
171 -1.22943 -0.596601 4.92371
171 1.24809 -0.199545 1.16804
171 -0.855512 -0.917324 5.27676
171 -0.356476 -1.01455 5.69419
171 -0.0075561 -0.859883 5.98424
171 1.06727 0.374387 1.64048
171 -0.982236 0.48891 3.9953
171 0.396872 -1.07973 0.0811922
171 -0.915929 -0.988128 5.28361
171 -0.165158 1.07075 2.99375
171 0.978305 0.645971 1.88696
171 -1.20387 -0.6378 4.93439
171 0.754173 -1.03094 0.378435
171 0.364417 -0.74959 0.168158
171 1.06224 0.882551 1.97747
171 0.606155 1.13273 2.39072
171 -0.580435 0.854532 3.47032
171 1.14166 0.642519 1.81466
171 -0.630053 -0.566525 5.17908
171 0.864942 0.246714 1.57598
171 -0.612582 -0.487669 5.1344
171 -0.43564 -0.740165 5.52326
171 0.0378995 -0.864182 6.03379
171 -1.06724 0.499771 4.00329
171 -0.0320512 0.822018 2.88703
171 1.40458 0.0196978 1.32554
171 0.95824 -1.00956 0.486855
171 -0.461122 -1.11872 5.64773
171 0.71378 -0.71716 0.486313
171 -1.10334 0.772842 3.80758
171 1.34116 -0.256948 1.13102
171 0.471561 0.922794 2.42455
171 -0.814918 0.0818865 4.35939
171 -1.16341 -0.617601 4.93202
171 0.761345 -1.15105 0.335257
171 0.77797 0.267554 1.62906
171 -0.560375 -0.958073 5.52398
171 1.2328 0.0393323 1.34062
171 0.622757 -0.983192 0.296549
171 0.0846695 0.842355 2.7702
171 -1.09095 -0.582152 4.93967
171 0.822274 -0.833838 0.497925
171 -1.06102 0.763946 3.79931
171 -0.770449 0.751288 3.64265
171 0.394316 -1.20498 0.0609324
171 0.400789 1.15076 2.54723
171 -1.03339 0.422884 4.05843
171 -0.852579 0.0960315 4.34513
171 1.05037 -0.209762 1.12745
171 -0.913599 -0.316683 4.80016
171 -0.453434 0.72375 3.42797
171 0.275335 -0.962623 6.26817
171 0.923304 -0.0527662 1.24072
171 -1.18703 -0.351448 4.71956
171 0.921285 -0.835575 0.545857
171 0.44162 0.829914 2.41701
171 -0.897189 -0.612714 5.06506
171 -1.02081 -0.188021 4.63137
171 0.318137 -1.3158 6.2458
171 -1.11619 0.637894 3.91783
171 0.874541 0.35548 1.68925
171 0.982024 0.713486 1.93289
171 -1.01024 -0.539466 4.9453
171 1.15868 -0.45388 0.930312
171 -0.895166 -0.145929 4.62176
171 0.661936 0.670884 2.10976
171 0.316332 1.32033 2.61907
171 0.672025 0.613661 2.05328
171 -0.758628 -0.068773 4.56334
171 -1.20622 0.673733 3.92698
171 0.182783 1.03897 2.69145
171 -0.958359 -0.468472 4.91517
171 0.552084 0.959852 2.37689
171 0.494375 1.26884 2.48726
171 0.352185 1.02705 2.53868
171 -0.168411 1.23684 2.97994
171 -0.960031 0.454941 4.01086
171 0.981026 0.435022 1.73029
171 -0.186597 1.19778 3.0102
171 -0.181783 -0.993622 5.82328
171 -0.0309221 -1.20343 5.99057
171 0.0646145 0.971598 2.79459
171 -0.215882 0.942443 3.08213
171 -0.402827 -0.841368 5.60905
171 1.21933 0.543359 1.72681
171 0.966981 -0.827173 0.58503
171 -0.84624 0.482031 3.9205
171 -0.40975 -0.95573 5.62941
171 -1.2519 -0.0107377 4.45118
171 1.11641 -0.749676 0.702114
171 -0.479472 1.03367 3.28344
171 0.680738 0.922957 2.24785
171 -0.0854324 -1.11129 5.93183
171 1.10883 -0.256976 1.09313
171 -0.403691 -0.714849 5.53481
171 -0.955095 0.871475 3.65819
171 0.6765 1.08956 2.32947
171 -0.78929 0.303368 4.08736
171 -0.363702 -0.814818 5.62859
171 -0.147532 1.00065 2.998
171 0.598468 0.958235 2.3415
171 -0.481908 0.665538 3.49654
171 -0.946762 -0.405181 4.87053
171 1.15188 0.277532 1.54506
171 -0.660016 0.784974 3.55492
171 0.916913 -0.16425 1.12834
171 -1.10941 0.395837 4.10445
171 -0.994744 0.175682 4.27662
171 -0.568498 0.693139 3.55498
171 0.345759 0.918177 2.52455
171 -0.886273 -0.680046 5.10584
171 0.0903745 1.34699 2.79384
171 -1.27399 -0.497914 4.82939
171 1.31731 0.39287 1.58802
171 0.4774 -0.768796 0.266512
171 -1.08167 0.863924 3.73117
171 -0.300764 -1.04908 5.74795
171 1.38087 -0.284986 1.12679
171 1.15073 0.395789 1.62298
171 0.48054 -0.901229 0.204951
171 0.838844 -0.757848 0.5309
171 -1.07558 -0.544235 4.9303
171 -0.773767 -0.385249 4.92413
171 0.171621 -1.1923 6.14099
171 -0.61075 -0.666046 5.29569
171 0.278187 1.03409 2.59469
171 -0.573033 1.17956 3.30539
171 0.898696 -0.440735 0.8525
171 -0.902386 -0.819427 5.18437
171 0.381703 0.943437 2.50266
171 0.928117 -0.685287 0.635605
171 -0.289972 1.04824 3.13814
171 -1.21545 -0.515401 4.85542
171 -0.371007 1.26149 3.13488
171 -0.0105244 -0.764393 5.97032
171 -1.12326 0.441039 4.06917
171 -0.0798417 -0.905168 5.90905
171 1.09541 0.247312 1.53866
171 0.142629 -1.05476 6.14156
171 0.984518 0.105488 1.40584
171 0.376906 -0.900707 0.1256
171 1.25899 -0.106653 1.22675
171 -0.220353 -1.2092 5.83121
171 1.00607 -0.132192 1.19224
171 0.73537 -0.94482 0.407117
171 0.74752 0.76834 2.12295
171 -0.646576 -0.375427 4.98068
171 -0.264118 1.08889 3.09491
171 -1.01004 0.849369 3.71707
171 -0.788396 1.05652 3.5043
171 -0.258175 -1.28685 5.80762
171 -0.888915 -0.22687 4.68984
171 -0.870524 -0.532766 5.00638
171 -0.664567 0.728259 3.60892
171 0.279782 0.98274 2.57845
171 1.3275 0.433296 1.60211
171 0.478726 -0.985671 0.188236
171 0.499932 0.955046 2.40601
171 1.27052 0.408177 1.59811
171 -0.5142 -1.05414 5.58638
171 -0.0279823 -1.04121 5.97917
171 -0.922542 0.726224 3.74192
171 1.07022 -0.051099 1.24089
171 -0.859056 -0.385576 4.88484
171 1.15669 0.694914 1.85624
171 -1.00224 -0.019323 4.46173
171 1.07581 0.0563673 1.36169
171 -0.810607 -0.172693 4.67052
171 0.163791 -0.834253 6.17418
171 -0.981427 0.339053 4.1289
171 1.03485 0.0772124 1.37702
171 -0.90409 0.0905733 4.35897
171 -0.747229 0.819013 3.60327
171 0.0206813 0.964285 2.82701
171 -0.121493 1.14336 2.9551
171 1.3284 -0.15475 1.20865
171 -0.532924 0.88313 3.39529
171 0.967087 0.346489 1.63847
171 -0.734504 -0.36032 4.92255
171 -0.702952 0.800386 3.58443
171 -1.02677 -0.383368 4.81555
171 0.438373 1.17605 2.52093
171 -0.597854 -0.803223 5.38979
171 0.537382 1.18959 2.45384
171 -0.385903 -0.759182 5.58267
171 0.388781 0.857832 2.47349
171 -0.477999 -0.634105 5.38865
171 -0.519597 -0.847972 5.50371
171 -0.752527 0.322382 4.05955
171 -0.0435445 -0.839464 5.94101
171 0.779048 -0.921971 0.437954
171 -1.37384 -0.167244 4.57849
171 1.06434 -0.497822 0.874741
171 0.456572 -0.703223 0.280421
171 -0.22001 -1.06207 5.8096
171 0.917889 0.374209 1.69537
171 -0.573102 -0.611989 5.27883
171 1.21143 -0.149808 1.19605
171 -0.458619 -1.16095 5.66709
171 0.872091 -0.0771629 1.2194
171 -1.25039 -0.409828 4.77833
171 -0.570038 -1.12214 5.57055
171 -0.992189 -0.68437 5.06923
171 -1.10703 -0.287667 4.69889
171 0.0195836 0.921961 2.83021
171 0.792824 -1.01225 0.407778
171 0.523973 0.854419 2.35413
171 -0.0301506 -0.954405 5.97053
171 -0.696861 0.533335 3.76509
171 -0.182212 -1.22918 5.85396
171 -0.0573822 -1.00963 5.94343
171 0.872083 -0.889618 0.496084
171 0.0414124 1.13302 2.82141
171 -0.315975 0.783627 3.2463
171 -1.02798 0.547215 3.94805
171 -1.17735 0.147013 4.32069
171 1.20697 -0.00235138 1.30808
171 -0.673282 -0.83607 5.36118
171 -1.2601 0.104596 4.36285
171 0.14196 1.10607 2.73715
