820 0.0907048 0.353948 4.94157
820 -0.375082 -0.161753 4.94157
820 0.288796 -0.372161 -1.34161
820 -0.241124 -0.206944 4.94157
820 -0.339263 0.0675908 -1.34161
820 0.0268383 -0.118775 4.94157
820 0.0134244 0.181829 4.94157
820 -0.143469 -0.120557 4.94157
820 -0.0572439 0.256681 4.94157
820 -0.0487164 -0.084427 4.94157
820 -0.248137 0.268624 4.94157
820 0.0913749 0.494382 4.94157
820 -0.0969628 -0.393304 -1.34161
820 -0.275522 0.138601 4.94157
820 0.068842 -0.243428 4.94157
820 -0.39864 -0.305536 4.94157
820 -0.244792 -0.090321 4.94157
820 0.129907 -0.433263 -1.34161
820 0.175278 0.244234 4.94157
820 -0.0731226 0.386822 4.94157
820 -0.226008 0.193119 4.94157
820 -0.320085 -0.459999 -1.34161
820 0.302945 -0.321687 -1.34161
820 -0.0551092 -0.0272676 4.94157
820 0.102812 0.27707 4.94157
820 -0.0721122 0.441112 4.94157
820 -0.510415 -0.228712 4.94157
820 0.311737 0.231304 4.94157
820 0.0014918 -0.107476 4.94157
820 -0.165239 0.384168 4.94157
820 -0.199342 0.118509 4.94157
820 -0.31481 0.0177639 4.94157
820 -0.145066 -0.0926181 4.94157
820 0.282369 -0.487081 -1.34161
820 -0.0123483 0.562838 4.94157
820 -0.164273 -0.191622 4.94157
820 -0.196391 -0.0345824 4.94157
820 -0.104369 -0.517026 -1.34161
820 -0.444578 0.0484269 4.94157
820 -0.317819 0.313861 4.94157
820 -0.094172 -0.117349 4.94157
820 -0.31164 -0.423209 4.94157
820 0.211113 0.340678 4.94157
820 -0.347994 -0.14596 4.94157
820 -0.350572 -0.315674 4.94157
820 -0.162388 -0.220194 4.94157
820 -0.451701 -0.145751 4.94157
820 -0.170641 -0.0791257 4.94157
820 0.124952 0.488119 4.94157
820 0.254905 -0.254201 4.94157
820 0.250504 0.472924 -1.34161
820 0.204531 0.239025 4.94157
820 0.158275 0.221506 4.94157
820 -0.432323 -0.168055 4.94157
820 -0.50054 -0.0732249 4.94157
820 0.357609 -0.391009 -1.34161
820 -0.00410639 0.133863 4.94157
820 -0.213764 0.0678071 4.94157
820 0.045121 -0.424908 -1.34161
820 0.20511 0.108137 4.94157
820 0.269805 -0.14581 4.94157
820 0.162921 -0.200322 -1.34161
820 -0.265234 -0.015085 4.94157
820 -0.172397 -0.443884 -1.34161
820 0.519309 0.120055 -1.34161
820 0.0459589 -0.260534 -1.34161
820 -0.291994 0.237771 4.94157
820 0.362129 0.387911 -1.34161
820 0.0769765 0.382665 -1.34161
820 -0.0839601 0.013129 4.94157
820 0.00171916 0.360636 4.94157
820 0.530124 -0.0530707 -1.34161
820 0.495016 -0.188769 -1.34161
820 -0.345979 -0.4405 4.94157
820 0.124251 -0.265459 -1.34161
820 0.140894 -0.218754 -1.34161
820 -0.126775 -0.0198526 4.94157
820 -0.321284 -0.131714 4.94157
820 0.0913568 -0.226015 -1.34161
820 0.279886 -0.342533 -1.34161
820 0.521858 0.212232 -1.34161
820 0.41451 -0.062948 4.94157
820 -0.512185 -0.123136 4.94157
820 -0.0663559 -0.15739 4.94157
820 0.211183 -0.0336047 -1.34161
820 0.180223 -0.153362 4.94157
820 -0.264275 -0.25095 4.94157
820 -0.400029 -0.114974 -1.34161
820 0.405009 0.108944 4.94157
820 -0.0279782 0.360855 4.94157
820 0.237707 -0.143969 -1.34161
820 0.197464 -0.238051 -1.34161
820 -0.408077 0.305081 4.94157
820 0.0786164 -0.300729 -1.34161
820 0.298659 0.367461 4.94157
820 -0.281501 0.386701 4.94157
820 0.145177 0.426212 4.94157
820 0.252473 -0.493117 -1.34161
820 -0.510633 0.15045 -1.34161
820 0.261687 -0.0403153 4.94157
820 0.0358648 -0.364275 -1.34161
820 0.219815 -0.21827 4.94157
820 -0.0288507 0.257023 4.94157
820 0.384333 -0.228417 -1.34161
820 -0.0578264 0.308373 4.94157
820 -0.305395 0.368553 4.94157
820 0.0700004 -0.40605 -1.34161
820 0.305737 -0.433454 -1.34161
820 0.286457 0.0927688 4.94157
820 0.248857 0.0631613 -1.34161
820 0.296535 -0.0901159 4.94157
820 0.0575063 0.25468 4.94157
820 0.275456 -0.232284 -1.34161
820 -0.320794 -0.101935 4.94157
820 0.218102 -0.0893883 4.94157
820 0.433186 0.0308995 -1.34161
820 0.377147 -0.174738 -1.34161
820 0.282475 0.0148626 4.94157
820 -0.115767 -0.161218 4.94157
820 -0.000917917 0.206332 4.94157
820 -0.228814 -0.513001 4.94157
820 0.0208501 0.443099 -1.34161
820 -0.0812218 0.558075 4.94157
820 0.387883 0.134205 -1.34161
820 0.375068 -0.0241858 4.94157
820 0.27097 -0.19845 -1.34161
820 0.151224 0.0683222 -1.34161
820 0.107956 0.150402 4.94157
820 0.138825 0.149276 4.94157
820 0.0471981 0.385566 4.94157
820 -0.00864497 -0.0222524 4.94157
820 0.0735861 -0.271998 4.94157
820 0.158451 0.479274 4.94157
820 -0.54482 0.141978 4.94157
820 0.530447 0.0534339 -1.34161
820 0.0187087 -0.249001 -1.34161
820 0.177179 0.414014 4.94157
820 0.0638508 0.411921 4.94157
820 -0.0775873 -0.316073 -1.34161
820 -0.138061 0.0341892 4.94157
820 0.321367 0.345649 4.94157
820 0.352437 -0.225614 -1.34161
820 0.0650747 -0.376171 4.94157
820 -0.320565 -0.191755 4.94157
820 0.11044 -0.483785 -1.34161
820 0.124469 -0.401698 -1.34161
820 -0.39746 -0.208821 4.94157
820 -0.0998652 -0.362822 -1.34161
820 -0.415876 0.0587736 4.94157
820 -0.0929136 0.526434 4.94157
820 0.316189 -0.0333432 4.94157
820 0.448622 -0.226434 -1.34161
820 0.0867115 0.252941 4.94157
820 0.397633 -0.1213 -1.34161
820 0.00367022 0.415295 4.94157
820 -0.22078 0.518277 4.94157
820 -0.393067 0.111538 4.94157
820 0.29482 -0.211672 -1.34161
820 -0.336737 0.377583 4.94157
820 -0.105038 -0.304013 4.94157
820 0.100164 -0.123319 4.94157
820 0.134872 0.457098 4.94157
820 -0.347465 0.176358 4.94157
820 -0.12323 0.178363 -1.34161
820 -0.4985 -0.25807 4.94157
820 0.149386 0.510767 4.94157
820 0.435019 0.112367 4.94157
820 0.191186 0.468748 4.94157
820 0.381889 -0.367928 -1.34161
820 -0.354569 0.226947 4.94157
820 0.502806 -0.033498 -1.34161
820 -0.098717 0.230019 4.94157
820 0.0338026 0.414232 4.94157
820 0.0198989 -0.0621031 4.94157
820 0.438012 0.194861 4.94157
820 0.000580625 0.308053 4.94157
820 -0.260255 -0.428759 4.94157
820 -0.00731458 0.501694 4.94157
820 0.180388 0.293968 4.94157
820 -0.0700319 0.178407 4.94157
820 0.256714 0.0897354 4.94157
820 -0.0964979 0.125924 4.94157
820 -0.0433048 -0.141005 4.94157
820 -0.188296 0.53185 4.94157
820 0.0853821 -0.010849 4.94157
820 0.255402 0.0117601 4.94157
820 -0.109364 -0.246214 4.94157
820 -0.0766271 -0.0440578 4.94157
820 0.226638 -0.246023 -1.34161
820 -0.294798 -0.147254 4.94157
820 0.0239985 0.0952496 4.94157
820 0.195601 0.190678 4.94157
820 0.373577 -0.104697 -1.34161
820 -0.221931 0.324421 4.94157
820 0.364611 0.0765421 4.94157
820 0.246676 -0.0688308 4.94157
820 -0.213016 0.0116523 4.94157
820 0.148948 0.095382 4.94157
820 0.52243 -0.204506 -1.34161
820 0.0695502 0.179763 4.94157
820 0.132211 0.274588 4.94157
820 0.124097 0.403426 4.94157
820 -0.1359 -0.23347 4.94157
820 -0.00103391 -0.294246 -1.34161
820 -0.139466 0.203109 4.94157
820 0.357388 -0.00125644 4.94157
820 -0.0196594 0.0627648 4.94157
820 -0.0377812 -0.19737 4.94157
820 -0.330665 0.287354 4.94157
820 0.0742507 -0.436629 -1.34161
820 0.184131 0.500886 -1.34161
820 0.0791653 0.0450808 4.94157
820 0.340244 -0.18821 4.94157
820 -0.562987 -0.00179234 4.94157
820 0.320885 -0.162974 -1.34161
820 0.0701308 0.128054 4.94157
820 0.0600632 -0.346819 -1.34161
820 -0.171897 -0.0509422 4.94157
820 -0.152349 0.413162 4.94157
820 0.416798 -0.37611 -1.34161
820 0.40671 -0.0930515 4.94157
820 0.153056 -0.143898 4.94157
820 0.371906 0.0235614 -1.34161
820 0.0297823 0.307001 -1.34161
820 -0.0802237 -0.287211 4.94157
820 -0.201253 -0.460359 4.94157
820 0.544198 0.143804 -1.34161
820 0.31107 0.470098 -1.34161
820 -0.447783 -0.0468463 4.94157
820 -0.531207 0.0490059 4.94157
820 0.023368 -0.0904401 4.94157
820 -0.289067 -0.443293 4.94157
820 0.0339544 -0.175402 4.94157
820 -0.0702849 0.0866588 4.94157
820 0.401688 0.162877 4.94157
820 -0.347865 -0.206699 -1.34161
820 -0.375079 -0.22894 4.94157
820 0.130844 -0.161966 -1.34161
820 0.268704 -0.0130445 4.94157
820 0.0963219 -0.254572 -1.34161
820 -0.369257 -0.039365 4.94157
820 -0.130309 -0.320859 4.94157
820 0.214499 0.521271 4.94157
820 -0.0251602 -0.311084 -1.34161
820 0.0313 0.359491 4.94157
820 -0.0271932 0.121031 4.94157
820 0.249556 0.29799 4.94157
820 0.278315 -0.455583 -1.34161
820 0.402013 0.0266452 -1.34161
820 0.452962 0.139128 -1.34161
820 0.104831 -0.45133 -1.34161
820 0.101326 0.0625947 -1.34161
820 0.374998 0.104935 4.94157
820 -0.486891 0.126161 4.94157
820 -0.0411654 0.0461824 4.94157
820 -0.499601 0.181981 4.94157
820 0.369773 0.158318 4.94157
820 -0.342433 -0.0254749 4.94157
820 -0.313888 0.0475679 4.94157
820 0.0346664 0.0112577 4.94157
820 -0.26495 0.164397 4.94157
820 -0.180008 0.173498 4.94157
820 -0.192304 -0.149333 4.94157
820 0.192166 -0.458719 -1.34161
820 -0.269206 -0.074162 4.94157
820 0.122146 0.10334 4.94157
820 -0.114534 0.0510209 4.94157
820 -0.452191 0.337856 4.94157
820 0.0199442 0.123615 4.94157
820 -0.128113 -0.350366 -1.34161
820 -0.105123 0.495459 4.94157
820 0.0510353 -0.492053 -1.34161
820 0.403034 0.24926 4.94157
820 -0.0425316 0.387495 4.94157
820 -0.396959 -0.0534283 4.94157
820 0.0551485 -0.317837 -1.34161
820 -0.457061 -0.19273 4.94157
820 0.020163 -0.503352 4.94157
820 0.175168 -0.257233 4.94157
820 -0.473683 0.0386096 4.94157
820 -0.118365 0.359742 4.94157
820 0.474835 -0.0151894 -1.34161
820 0.0390117 0.470952 4.94157
820 0.0707265 0.468205 4.94157
820 -0.558668 0.0709688 4.94157
820 0.031285 0.0393136 4.94157
820 0.199842 0.0803531 4.94157
820 -0.262869 0.0427468 4.94157
820 -0.238147 0.0266374 4.94157
820 0.225435 -0.355247 -1.34161
820 0.470782 0.25107 -1.34161
820 0.0866975 -0.197563 4.94157
820 0.00286428 -0.322959 -1.34161
820 -0.0585349 0.529666 4.94157
820 -0.169773 0.101149 4.94157
820 0.464622 -0.255424 -1.34161
820 0.193142 0.135079 4.94157
820 0.166641 0.142777 4.94157
820 0.262654 0.0385444 4.94157
820 -0.158889 -0.278291 4.94157
820 -0.374088 -0.289091 4.94157
820 -0.209212 0.170032 4.94157
820 -0.150185 -0.398251 -1.34161
820 -0.195988 -0.0639921 4.94157
820 0.202493 -0.375567 -1.34161
820 -0.0245209 0.531304 4.94157
820 0.201643 0.0485574 4.94157
820 0.49848 -0.0659926 -1.34161
820 0.478784 -0.292639 -1.34161
820 0.265627 0.360126 4.94157
820 -0.185055 0.224455 4.94157
820 0.146585 -0.247357 -1.34161
820 -0.33945 0.0363508 4.94157
820 -0.07114 -0.101065 4.94157
820 0.233074 -0.275217 -1.34161
820 -0.533087 0.0141962 4.94157
820 -0.318843 -0.221695 4.94157
820 -0.410399 -0.338049 4.94157
820 0.479103 0.0166457 -1.34161
820 0.14012 0.19793 4.94157
820 0.0782106 -0.140851 4.94157
820 -0.117893 0.0787613 4.94157
820 -0.0408455 0.442797 4.94157
820 0.321858 0.0457147 4.94157
820 -0.142982 0.253629 4.94157
820 0.196259 -0.526582 4.94157
820 0.0196519 -0.441762 -1.34161
820 -0.387425 0.140853 4.94157
820 0.0561904 -0.158233 4.94157
820 0.430226 -0.198802 -1.34161
820 -0.375163 -0.131611 4.94157
820 0.189515 -0.0522769 4.94157
820 -0.26735 -0.192036 4.94157
820 0.303793 -0.0620164 -1.34161
820 0.0855654 0.556001 4.94157
820 0.408719 0.191293 4.94157
820 -0.273054 0.214318 4.94157
820 0.229634 0.0100152 4.94157
820 0.324123 -0.0865142 4.94157
820 -0.261169 -0.497383 4.94157
820 -0.530352 -0.0564348 4.94157
820 -0.00162208 0.158841 4.94157
820 0.229877 0.318253 4.94157
820 -0.132045 -0.291417 4.94157
820 0.467124 -0.0760728 -1.34161
820 -0.162517 -0.537501 4.94157
820 -0.105619 0.153911 4.94157
820 -0.294314 -0.177027 4.94157
820 -0.304585 -0.391585 4.94157
820 0.0601671 -0.186582 4.94157
820 0.182786 0.347229 4.94157
820 0.299636 -0.143483 4.94157
820 0.235829 -0.0430226 4.94157
820 -0.187734 0.0269011 4.94157
820 -0.188029 -0.000620849 4.94157
820 -0.165073 -0.504951 4.94157
820 -0.399578 0.193883 4.94157
820 -0.172097 0.251224 4.94157
820 -0.357345 0.14746 4.94157
820 0.0380671 -0.0168678 -1.34161
820 -0.322329 -0.253375 4.94157
820 -0.190813 -0.177821 4.94157
820 0.506904 0.245307 -1.34161
820 -0.123474 -0.0486845 4.94157
820 0.25877 0.328631 4.94157
820 0.0787014 0.524899 4.94157
820 0.148803 -0.116246 4.94157
820 -0.0372944 0.0178699 4.94157
820 0.228013 -0.512817 -1.34161
820 -0.161941 0.150204 4.94157
820 0.0158007 0.33368 4.94157
820 -0.373665 0.250802 4.94157
820 0.412546 0.381572 -1.34161
820 -0.0236794 -0.096024 4.94157
820 -0.440843 0.306011 4.94157
820 -0.0572748 0.414245 4.94157
820 0.154487 -0.413228 -1.34161
820 -0.120225 0.464904 -1.34161
820 0.494427 0.0970836 -1.34161
820 -0.503252 0.0277983 4.94157
820 -0.0115281 -0.209059 4.94157
820 -0.185672 -0.264549 4.94157
820 -0.0585795 -0.242067 4.94157
820 0.156437 0.013105 4.94157
820 0.371826 0.243775 4.94157
820 -0.263833 0.0136922 4.94157
820 0.379731 -0.283049 -1.34161
820 0.128787 0.22419 4.94157
820 0.170517 -0.0984782 4.94157
820 -0.0431689 0.282611 4.94157
820 -0.0124328 0.387824 4.94157
820 0.0984758 0.0913619 4.94157
820 0.107544 0.00642711 4.94157
820 0.022677 -0.277472 -1.34161
820 0.0822213 0.151256 4.94157
820 0.450806 0.00835512 4.94157
820 -0.387086 -0.362211 4.94157
820 0.207467 -0.16194 4.94157
820 0.167104 0.322095 4.94157
820 0.264137 -0.393801 -1.34161
820 0.135667 -0.190272 -1.34161
820 -0.135983 0.153733 4.94157
820 -0.343102 -0.285169 4.94157
820 -0.141209 -0.467473 -1.34161
820 -0.253299 0.503871 4.94157
820 -0.289481 -0.29842 4.94157
820 -0.0313785 -0.525874 -1.34161
820 0.453305 0.332234 -1.34161
820 -0.50328 -0.0386155 4.94157
820 -0.195603 -0.526264 -1.34161
820 0.416359 -0.228291 -1.34161
820 -0.00472626 -0.265733 4.94157
820 -0.254191 0.190657 4.94157
820 0.28195 0.224902 4.94157
820 -0.283999 0.4518 4.94157
820 0.0840637 0.203652 4.94157
820 -0.0177326 -0.152605 4.94157
820 0.471347 -0.0454291 -1.34161
820 0.517043 -0.121302 -1.34161
820 -0.389124 -0.258137 4.94157
820 0.436874 0.165429 4.94157
820 -0.00821512 -0.237352 4.94157
820 0.0890335 0.30272 4.94157
820 0.506213 -0.000656658 -1.34161
820 0.495239 -0.263588 4.94157
820 0.149045 0.542729 -1.34161
820 -0.374929 0.421437 4.94157
820 -0.0950082 0.0974609 4.94157
820 -0.293761 -0.237351 4.94157
820 -0.474246 0.305941 -1.34161
820 -0.0667048 0.0581636 4.94157
820 -0.394166 0.36375 4.94157
820 -0.299289 -0.359801 4.94157
820 0.280674 0.143632 4.94157
820 0.386026 0.36303 -1.34161
820 -0.440495 0.245714 4.94157
820 0.446595 -0.286913 -1.34161
820 0.0174308 0.387259 4.94157
820 -0.311037 0.261906 4.94157
820 0.0633346 -0.0280364 4.94157
820 0.563212 0.000202466 -1.34161
820 0.280365 0.489602 -1.34161
820 0.341515 0.237764 4.94157
820 0.375793 0.330802 4.94157
820 -0.23067 -0.479036 -1.34161
820 -0.345793 -0.0858477 4.94157
820 0.315941 0.0966874 4.94157
820 0.49035 0.276774 -1.34161
820 -0.194861 0.465153 4.94157
820 0.0599984 -5.97322e-05 4.94157
820 -0.477637 -0.220497 4.94157
820 -0.377551 -0.328465 4.94157
820 0.104448 0.0343212 -1.34161
820 -0.561574 -0.0381071 4.94157
820 -0.0358838 -0.4463 -1.34161
820 0.405022 -0.343145 -1.34161
820 -0.223944 0.483959 4.94157
820 -0.00017569 0.25694 4.94157
820 0.136214 -0.323217 -1.34161
820 -0.317656 -0.0419894 4.94157
820 0.509729 0.153282 -1.34161
820 0.0113999 -0.192341 4.94157
820 0.168386 0.195158 4.94157
820 0.179012 -0.394989 -1.34161
820 -0.306674 0.133581 4.94157
820 -0.210515 -0.310211 4.94157
820 -0.339674 0.0961456 4.94157
820 0.0535466 0.559956 4.94157
820 0.152784 -0.275948 -1.34161
820 -0.119575 -0.105179 4.94157
820 -0.176119 -0.41267 4.94157
820 0.271494 -0.424435 -1.34161
820 0.124481 0.173915 4.94157
820 0.0824569 0.43817 4.94157
820 -0.0563663 0.204564 4.94157
820 -0.311575 0.401004 4.94157
820 -0.315777 0.18203 4.94157
820 -0.120932 0.105639 4.94157
820 0.114023 0.518905 4.94157
820 0.153401 0.041139 4.94157
820 0.309761 -0.188761 4.94157
820 0.130154 -0.294182 -1.34161
820 0.256302 -0.363662 -1.34161
820 0.345372 0.10072 4.94157
820 -0.102487 0.333651 4.94157
820 -0.0430221 0.231262 4.94157
820 0.00268175 -0.530477 -1.34161
820 -0.183983 0.409559 4.94157
820 0.339363 0.153467 4.94157
820 -0.0301617 -0.0390643 4.94157
820 -0.00520717 -0.561551 4.94157
820 -0.432083 0.189596 4.94157
820 -0.0138595 -0.399199 -1.34161
820 0.248194 -0.333954 -1.34161
820 0.390399 0.218122 4.94157
820 -0.0954122 0.177953 4.94157
820 0.363014 -0.132809 -1.34161
820 0.454522 0.223179 4.94157
820 -0.023613 0.091278 4.94157
820 -0.0158403 0.034485 4.94157
820 0.176298 0.376482 4.94157
820 0.218117 0.264766 4.94157
820 0.302383 0.201795 4.94157
820 0.382933 -0.0759927 -1.34161
820 -0.0285797 -0.282435 4.94157
820 -0.431593 0.110868 4.94157
820 0.0436269 0.280596 4.94157
820 -0.19501 -0.0925782 4.94157
820 -0.126975 0.228995 4.94157
820 0.242213 -0.19712 -1.34161
820 -0.0722907 0.498802 4.94157
820 -0.189381 0.0843433 4.94157
820 0.280273 0.307075 4.94157
820 0.49248 -0.0984427 -1.34161
820 0.320255 0.177412 4.94157
820 0.0285183 0.255975 4.94157
820 0.136775 -0.0321379 4.94157
820 -0.138612 0.488371 4.94157
820 -0.0285914 0.308412 -1.34161
820 -0.292064 -0.47945 -1.34161
820 -0.157317 -0.307846 4.94157
820 -0.117741 -0.133195 4.94157
820 -0.289981 0.000502122 4.94157
820 -0.0875166 -0.201701 4.94157
820 -0.500572 0.0609601 4.94157
820 0.0303398 -0.147094 4.94157
820 0.0705579 -0.0843706 4.94157
820 -0.441518 0.160229 4.94157
820 0.0823221 -0.169181 4.94157
820 0.204163 -0.266374 -1.34161
820 -0.285294 0.486558 4.94157
820 -0.00558249 -0.462204 -1.34161
820 0.247715 0.506883 -1.34161
820 0.112049 0.200494 4.94157
820 0.292726 0.254362 4.94157
820 0.149565 0.121503 -1.34161
820 -0.481995 -0.132901 4.94157
820 0.222661 0.454378 4.94157
820 0.024482 0.154041 4.94157
820 -0.168613 0.200886 4.94157
820 -0.244305 -0.0605775 4.94157
820 0.561818 0.0373452 4.94157
820 -0.541816 -0.138791 4.94157
820 0.0708346 0.228874 4.94157
820 0.155136 0.395947 -1.34161
820 -0.314634 -0.280799 4.94157
820 0.269723 -0.0931373 -1.34161
820 -0.319156 -0.0718155 4.94157
820 0.336811 0.411471 -1.34161
820 0.533715 -0.173591 -1.34161
820 -0.0450581 0.0743603 4.94157
820 0.474431 -0.163047 -1.34161
820 -0.128031 0.520405 4.94157
820 0.197088 0.315598 4.94157
820 -0.131503 -0.541346 4.94157
820 -0.0874138 0.468259 4.94157
820 -0.121702 0.414514 4.94157
820 -0.34572 -0.235526 4.94157
820 -0.417535 0.135627 4.94157
820 -0.371323 -0.0698302 4.94157
820 -0.399091 -0.0839915 4.94157
820 -0.279589 0.265238 4.94157
820 0.00472739 -0.135796 4.94157
820 -0.0855148 0.255977 -1.34161
820 -0.327262 0.154599 4.94157
820 0.0268718 -0.306114 -1.34161
820 -0.360988 0.352969 4.94157
820 -0.137882 -0.204917 4.94157
820 0.166974 0.447259 4.94157
820 0.175046 0.0878058 4.94157
820 0.133218 -0.00444235 4.94157
820 0.238697 0.113248 -1.34161
820 -0.166146 -0.163364 4.94157
820 -0.113111 -0.481117 -1.34161
820 -0.0686722 -0.556815 -1.34161
820 0.234056 0.239546 4.94157
820 0.274042 0.387913 4.94157
820 -0.495069 0.0939792 4.94157
820 0.280254 0.421166 4.94157
820 -0.00518333 -0.0506704 4.94157
820 0.130453 0.0230407 4.94157
820 0.0821309 0.017125 4.94157
820 -0.425646 -0.0675466 4.94157
820 -0.493316 -0.191479 4.94157
820 -0.0656935 -0.436142 -1.34161
820 -0.173848 -0.0220222 4.94157
820 -0.403515 -0.147744 4.94157
820 -0.0336447 -0.0105699 4.94157
820 -0.141764 -0.148548 4.94157
820 -0.139738 0.442853 4.94157
820 0.205334 -0.136058 4.94157
820 -0.121378 -0.0770749 4.94157
820 -0.388108 0.0719713 4.94157
820 0.433539 0.357486 -1.34161
820 -0.203151 -0.428348 -1.34161
820 0.209833 -0.406868 -1.34161
820 -0.213866 -0.221045 4.94157
820 -0.455348 -0.0820089 4.94157
820 0.310418 0.434077 -1.34161
820 0.116023 0.250759 4.94157
820 -0.287278 0.0582909 4.94157
820 -0.104473 0.387233 4.94157
820 -0.169977 0.44029 4.94157
820 -0.100749 0.281414 -1.34161
820 -0.169826 -0.474541 -1.34161
820 0.0668569 -0.0561824 4.94157
820 -0.231333 0.115978 4.94157
820 -0.389874 0.0405994 4.94157
820 -0.101571 -0.0320933 4.94157
820 0.148516 -0.382708 -1.34161
820 -0.366633 -0.00809222 4.94157
820 -0.440401 0.0799354 4.94157
820 -0.292971 -0.206669 4.94157
820 0.292058 0.0420466 4.94157
820 0.17864 0.031257 4.94157
820 0.227179 0.0897874 4.94157
820 -0.13459 -0.504556 4.94157
820 -0.392669 0.275803 4.94157
820 -0.074696 -0.34522 -1.34161
820 -0.119221 -0.445474 -1.34161
820 0.344773 -0.0290116 4.94157
820 -0.344194 -0.0557145 4.94157
820 -0.421257 -0.371647 4.94157
820 -0.012188 0.00614249 4.94157
820 0.411702 0.0557191 4.94157
820 0.426715 -0.316215 -1.34161
820 -0.432854 -0.254521 -1.34161
820 0.461054 -0.107718 -1.34161
820 -0.219507 -0.105961 4.94157
820 -0.23776 -0.266104 4.94157
820 0.452321 -0.138609 -1.34161
820 0.333041 0.292555 4.94157
820 -0.122065 -0.411901 -1.34161
820 0.104332 -0.151562 -1.34161
820 -0.237647 -0.327505 4.94157
820 0.392648 -0.400997 -1.34161
820 -0.00993082 0.443547 4.94157
820 -0.113682 -0.189361 4.94157
820 -0.0716837 -0.374888 -1.34161
820 -0.0497442 -0.327885 -1.34161
820 -0.484937 -0.0998388 4.94157
820 -0.0317966 -0.253966 4.94157
820 0.0643757 -0.21497 4.94157
820 0.237846 0.352034 4.94157
820 -0.0508025 -0.501438 -1.34161
820 -0.226752 0.450262 4.94157
820 0.177276 0.0600428 4.94157
820 0.149937 0.298292 4.94157
820 0.218112 0.48795 4.94157
820 -0.139894 0.0621869 4.94157
820 0.180765 0.166153 4.94157
820 0.552113 0.108741 -1.34161
820 -0.235935 0.297518 4.94157
820 0.0312778 -0.335011 -1.34161
820 -0.111537 -0.217683 4.94157
820 -0.159095 0.278315 4.94157
820 0.168681 -0.228883 -1.34161
820 0.0619033 -0.558368 -1.34161
820 0.0516174 0.441334 -1.34161
820 -0.00192964 0.106156 -1.34161
820 0.0948008 -0.388979 -1.34161
820 -0.372856 -0.100362 4.94157
820 0.302829 0.285103 -1.34161
820 0.0111584 -0.381298 -1.34161
820 0.251887 0.218246 4.94157
820 -0.24424 -0.119527 4.94157
820 0.395336 0.080627 4.94157
820 0.048722 -0.101603 4.94157
820 -0.312263 0.0764827 4.94157
820 -0.132196 0.332341 4.94157
820 -0.464309 -0.316204 4.94157
820 0.0726969 -0.526775 -1.34161
820 -0.153525 0.543014 4.94157
820 0.11989 0.301234 4.94157
820 -0.0156646 0.18111 4.94157
820 -0.34091 0.255301 4.94157
820 -0.426728 -0.130218 4.94157
820 -0.453537 0.133036 4.94157
820 -0.0922478 0.0691408 4.94157
820 -0.0397663 0.500916 4.94157
820 0.142363 -0.352714 -1.34161
820 -0.284392 0.187044 4.94157
820 -0.193771 -0.120972 4.94157
820 0.223235 0.418538 4.94157
820 0.0129209 -0.00550993 4.94157
820 0.366147 -0.200742 -1.34161
820 0.298246 0.120266 4.94157
820 -0.354907 -0.351142 4.94157
820 -0.145881 0.305418 4.94157
820 -0.503866 -0.00526415 4.94157
820 -0.00179865 -0.079089 4.94157
820 0.251871 0.138423 4.94157
820 0.206826 0.15935 -1.34161
820 -0.218453 0.27287 4.94157
820 -0.148554 -0.0362661 4.94157
820 0.139938 -0.0599714 4.94157
820 0.23324 -0.169808 4.94157
820 0.391248 -0.00186901 4.94157
820 0.0938867 0.408317 4.94157
820 0.0405572 -0.394111 -1.34161
820 0.269005 0.115692 4.94157
820 -0.0555767 0.470679 4.94157
820 0.305087 0.0693517 4.94157
820 0.480869 -0.222379 -1.34161
820 -0.464921 0.185833 4.94157
820 -0.474794 -0.0590421 4.94157
820 -0.387426 0.222572 -1.34161
820 -0.0719418 0.282215 4.94157
820 -0.393364 -0.021612 4.94157
820 -0.255262 0.37358 4.94157
820 -0.252862 0.434946 4.94157
820 0.500374 0.185258 -1.34161
820 0.207239 0.369829 4.94157
820 -0.22 -0.0473384 -1.34161
820 0.441099 -0.0517786 -1.34161
820 -0.201186 0.433794 4.94157
820 0.0958221 0.121103 4.94157
820 0.0146238 0.281957 4.94157
820 -0.0792061 0.147794 4.94157
820 0.220831 0.18505 4.94157
820 -0.238235 0.0556199 4.94157
820 -0.0883647 0.360561 4.94157
820 -0.505222 -0.157575 4.94157
820 0.022065 -0.473677 -1.34161
820 0.00951945 0.531114 4.94157
820 -0.0431293 0.334425 4.94157
820 0.326978 -0.00528004 4.94157
820 -0.2612 0.241567 4.94157
820 0.218012 -0.325059 -1.34161
820 -0.0135995 0.334369 -1.34161
820 -0.0413394 0.180027 4.94157
820 -0.147269 0.121443 4.94157
820 0.0962289 -0.0951989 4.94157
820 -0.00972335 -0.429879 -1.34161
820 -0.111177 0.203848 4.94157
820 -0.358809 0.279588 4.94157
820 0.0763459 0.0731002 4.94157
820 0.484582 -0.130972 -1.34161
820 0.0536921 0.0553447 4.94157
820 -0.401806 0.396356 4.94157
820 -0.125159 -0.38042 -1.34161
820 0.409709 -0.172566 -1.34161
820 -0.219126 0.141182 4.94157
820 -0.524445 -0.199997 4.94157
820 -0.0870208 0.307858 4.94157
820 -0.284864 0.0869744 4.94157
820 -0.104326 0.439092 4.94157
820 -0.473178 -0.16666 4.94157
820 0.00943386 0.0226644 4.94157
820 0.305566 0.399794 4.94157
820 0.198572 -0.491487 -1.34161
820 -0.197041 0.196894 4.94157
820 0.474511 0.16089 -1.34161
820 -0.289701 -0.265755 4.94157
820 -0.0240249 0.472082 4.94157
820 0.0154668 -0.411143 4.94157
820 -0.218426 -0.134711 4.94157
820 0.00591064 0.0506896 4.94157
820 -0.255066 0.46937 4.94157
820 -0.34893 0.31794 4.94157
820 -0.236829 0.164417 4.94157
820 -0.43074 -0.309839 4.94157
820 -0.420495 0.218676 4.94157
820 -0.139864 -0.176622 4.94157
820 -0.187198 -0.235274 4.94157
820 -0.335639 0.125532 4.94157
820 0.0839037 -0.329687 -1.34161
820 0.533879 0.0179049 -1.34161
820 0.185864 -0.426332 -1.34161
820 -0.519843 0.117578 4.94157
820 0.0149576 -0.220639 4.94157
820 -0.523632 -0.0931094 4.94157
820 -0.268606 -0.162692 4.94157
820 -0.233797 -0.413225 4.94157
820 0.249037 -0.223996 4.94157
820 -0.448489 -0.282597 4.94157
820 0.334263 -0.248692 -1.34161
820 -0.261598 0.0731581 4.94157
820 -0.466266 -0.251897 4.94157
820 0.0893371 -0.359039 -1.34161
820 -0.0687561 -0.405227 -1.34161
820 0.293012 -0.292212 -1.34161
820 -0.237326 -0.29674 4.94157
820 -0.463576 0.102694 4.94157
820 -0.347605 -0.116216 4.94157
820 0.136879 -0.503914 -1.34161
820 0.358542 -0.307131 -1.34161
820 0.137182 0.325491 4.94157
820 0.0209464 0.562292 -1.34161
820 0.184741 -0.0241784 -1.34161
820 0.0739788 0.101031 4.94157
820 -0.295236 -0.117704 4.94157
820 -0.156149 -0.337785 4.94157
820 0.387689 -0.14838 -1.34161
820 0.159226 -0.0141633 4.94157
820 -0.340574 0.00530282 4.94157
820 -0.220251 -0.0770089 4.94157
820 0.101615 -0.28326 -1.34161
820 -0.319848 -0.311027 4.94157
820 0.113594 -0.208294 4.94157
820 0.0136662 0.231289 4.94157
820 0.312974 -0.35124 -1.34161
820 -0.0430977 -0.386414 -1.34161
820 0.0438621 0.52896 4.94157
820 0.220164 0.213361 4.94157
820 -0.20505 0.299963 4.94157
820 0.413199 -0.285911 -1.34161
820 -0.0836927 0.204598 4.94157
820 -0.368258 0.386887 4.94157
820 0.0609016 0.35725 4.94157
820 0.04729 0.108706 4.94157
820 -0.210455 -0.340194 4.94157
820 -0.160593 -0.249087 4.94157
820 0.159123 -0.304875 -1.34161
820 0.0970556 -0.552771 -1.34161
820 -0.0625709 0.0297827 4.94157
820 0.217034 -0.439603 -1.34161
820 -0.315946 0.467343 4.94157
820 -0.183169 -0.353737 4.94157
820 0.0886834 -0.0388753 4.94157
820 0.351843 -0.160473 -1.34161
820 0.243453 -0.0958808 4.94157
820 -0.0707042 -0.525406 -1.34161
820 -0.251469 0.404773 4.94157
820 0.297693 -0.00937469 4.94157
820 -0.562033 0.0346101 4.94157
820 -0.089827 -0.173512 4.94157
820 0.325487 -0.215486 -1.34161
820 -0.0826981 -0.258521 4.94157
820 -0.34624 0.445559 4.94157
820 -0.272123 -0.374842 4.94157
820 0.336272 -0.32979 -1.34161
820 0.0423799 0.230391 4.94157
820 -0.23911 -0.00171273 4.94157
820 0.154295 0.350957 4.94157
820 0.504314 0.0348935 -1.34161
820 0.399287 -0.256742 -1.34161
820 0.161429 0.270939 4.94157
820 -0.230717 0.244829 4.94157
820 0.33029 0.377863 -1.34161
820 -0.0281304 0.151216 4.94157
820 0.340551 -0.445879 4.94157
820 0.195338 -0.345064 -1.34161
820 -0.474195 0.243745 4.94157
820 -0.27286 0.349487 4.94157
820 -0.410292 -0.235 4.94157
820 -0.102654 -0.333219 4.94157
820 -0.34278 0.411398 4.94157
820 -0.201576 0.248397 4.94157
820 0.391201 -0.0467166 4.94157
820 0.118785 -0.371131 -1.34161
820 0.11297 -0.341345 -1.34161
820 -0.261287 -0.46296 -1.34161
820 0.312719 -0.11537 -1.34161
820 0.349355 0.182552 -1.34161
820 0.28097 0.454676 -1.34161
820 0.34332 0.323123 4.94157
820 0.297396 -0.402356 -1.34161
820 -0.198875 -0.49311 -1.34161
820 -0.110012 0.0243426 4.94157
820 0.153554 0.171626 4.94157
820 -0.18847 0.275484 4.94157
820 -0.0706393 0.23042 4.94157
820 -0.231364 -0.445918 4.94157
820 -0.244358 -0.38697 4.94157
820 -0.0558041 -0.270519 4.94157
820 -0.0612665 -0.213747 4.94157
820 0.284587 -0.261814 -1.34161
820 -0.282423 0.418976 4.94157
820 -0.184332 -0.294077 4.94157
820 0.12728 0.0502746 4.94157
820 -0.144093 0.0917176 4.94157
820 -0.474908 -0.0256519 4.94157
820 0.273528 0.27733 -1.34161
820 0.209217 -0.0074307 4.94157
820 -0.192052 0.328542 4.94157
820 -0.0544504 0.156659 4.94157
820 -0.183272 -0.323839 4.94157
820 0.413191 -0.0283259 -1.34161
820 -0.16464 0.0719266 4.94157
820 -0.0687649 -0.129261 4.94157
820 0.331821 -0.136924 -1.34161
820 -0.428089 0.368181 -1.34161
820 0.41938 0.139103 4.94157
820 0.137837 0.3739 4.94157
820 0.557657 -0.0730421 -1.34161
820 -0.180527 -0.382591 -1.34161
820 0.168013 -0.506279 -1.34161
820 -0.169291 -0.107159 4.94157
820 -0.325465 -0.340864 4.94157
820 -0.0405926 -0.16918 4.94157
820 0.0999889 -0.419737 -1.34161
820 -0.269755 -0.103903 4.94157
820 -0.53497 -0.169803 4.94157
820 0.235321 0.381987 -1.34161
820 -0.0586978 0.00130395 -1.34161
820 0.202386 0.397725 4.94157
820 0.181475 0.53334 4.94157
820 0.343017 -0.109826 -1.34161
820 0.33221 -0.412628 -1.34161
820 -0.0886785 0.413052 4.94157
820 0.197662 -0.108701 4.94157
820 0.233163 0.0370596 4.94157
820 0.235052 0.159963 4.94157
820 -0.217052 -0.163404 4.94157
820 0.122277 -0.10581 4.94157
820 -0.122775 0.131726 4.94157
820 -0.242054 -0.17762 4.94157
820 -0.397111 -0.396442 4.94157
820 -0.295924 0.160421 4.94157
820 0.390142 0.404856 -1.34161
820 0.239638 -0.0159626 4.94157
820 0.244587 0.270428 4.94157
820 0.35741 0.12952 -1.34161
820 -0.0463611 0.561442 4.94157
820 -0.0621943 -0.467969 -1.34161
820 0.26293 0.16709 4.94157
820 -0.258041 0.106347 4.94157
820 -0.269317 -0.133293 4.94157
820 -0.0831523 -0.492382 4.94157
820 0.56185 -0.0370975 4.94157
820 0.378823 0.18738 4.94157
820 0.0748702 0.329471 4.94157
820 0.260297 -0.171311 -1.34161
820 0.451241 0.281011 -1.34161
820 0.486516 0.130247 -1.34161
820 0.305769 -0.239992 -1.34161
820 0.284268 -0.118905 -1.34161
820 -0.243088 0.217839 4.94157
820 0.18852 0.2172 4.94157
820 -0.446015 0.0171634 4.94157
820 -0.226033 0.381575 4.94157
820 -0.263981 -0.313897 4.94157
820 -0.363642 0.0552118 4.94157
820 -0.0459694 -0.11278 4.94157
820 -0.410491 0.0901563 4.94157
820 -0.031998 -0.477224 -1.34161
820 0.35308 -0.0816674 4.94157
820 -0.330667 -0.37344 4.94157
820 0.121253 0.350169 4.94157
820 0.124702 0.0770677 4.94157
820 -0.117178 0.552244 -1.34161
820 -0.212974 0.0396177 4.94157
820 0.384195 0.274775 -1.34161
820 -0.211235 -0.280268 4.94157
820 -0.162598 0.0162162 4.94157
820 -0.207646 -0.397406 4.94157
820 0.0252572 0.500911 4.94157
820 -0.0851352 -0.230026 4.94157
820 -0.508793 0.241248 4.94157
820 0.224825 -0.473968 -1.34161
820 0.233095 -0.386122 -1.34161
820 0.0433489 0.134731 4.94157
820 -0.526772 0.0836239 4.94157
820 -0.418957 -0.00287666 4.94157
820 0.17624 -0.126368 4.94157
820 -0.28876 0.0294679 4.94157
820 0.397072 0.30559 4.94157
820 -0.402507 -0.177401 4.94157
820 -0.114125 0.255222 4.94157
820 0.24625 0.191143 4.94157
820 -0.407319 0.247439 4.94157
820 0.0164077 -0.0337848 4.94157
820 -0.134761 0.386286 4.94157
820 -0.5329 -0.0207464 4.94157
820 0.110856 -0.0215947 4.94157
820 0.18832 -0.315258 -1.34161
820 0.117271 0.550378 4.94157
820 -0.426466 -0.199809 4.94157
820 -0.322327 0.232079 4.94157
820 0.0730231 0.278764 4.94157
820 -0.347052 -0.17581 4.94157
820 0.222555 0.0630911 4.94157
820 0.468643 0.0442674 4.94157
820 -0.284161 0.11365 4.94157
820 -0.155836 0.227132 4.94157
820 -0.238317 0.085923 4.94157
820 -0.331691 0.344731 4.94157
820 0.309813 0.148464 -1.34161
820 -0.105493 -0.00343604 4.94157
820 0.106945 0.378606 4.94157
820 -0.303521 0.209372 4.94157
820 0.181703 -0.285921 -1.34161
820 0.191141 0.268594 4.94157
820 -0.0528782 -0.299107 4.94157
820 0.160301 -0.444154 -1.34161
820 -0.148463 0.358126 4.94157
820 0.0451232 -0.0733367 4.94157
820 0.288894 0.337567 4.94157
820 -0.0911796 -0.457724 -1.34161
820 -0.364387 0.118044 4.94157
820 0.12637 -0.133807 -1.34161
820 -0.221338 0.412282 4.94157
820 0.0777702 -0.46744 -1.34161
820 -0.026631 0.415214 4.94157
820 0.0401005 0.179538 -1.34161
820 0.118043 -0.0776878 4.94157
820 0.442436 0.0587185 -1.34161
820 -0.213842 0.220541 4.94157
820 -0.29823 0.289347 4.94157
820 -0.0268237 -0.0675762 4.94157
820 -0.453683 0.215861 4.94157
820 0.347086 -0.359837 -1.34161
820 -0.0638595 -0.185534 4.94157
820 -0.0801234 -0.0153504 4.94157
820 0.346402 -0.278007 -1.34161
820 0.34028 0.0221895 4.94157
820 0.107217 -0.31212 -1.34161
820 0.0965458 0.176615 4.94157
820 0.191829 -0.0799417 4.94157
820 -0.470309 0.0707675 4.94157
820 0.113524 0.433449 4.94157
820 0.0581192 0.498502 4.94157
820 -0.0348515 -0.225619 4.94157
820 0.509782 -0.234402 -1.34161
820 -0.294697 -0.0879709 4.94157
820 -0.0728668 0.33433 4.94157
820 0.365911 0.427313 -1.34161
820 0.408863 0.336908 -1.34161
820 0.361437 -0.0531811 4.94157
820 0.291522 0.1721 4.94157
820 0.161163 -0.53764 -1.34161
820 0.429734 -0.114765 -1.34161
820 0.439456 -0.349522 -1.34161
820 0.185034 -0.181528 -1.34161
820 0.367224 -0.424223 -1.34161
820 0.352323 0.0484629 4.94157
820 -0.372305 -0.419697 4.94157
820 -0.162255 0.330917 -1.34161
820 0.48731 0.218231 4.94157
820 0.364515 0.299509 4.94157
820 -0.291415 -0.028615 4.94157
820 0.276343 0.0658821 4.94157
820 -0.277087 -0.405239 4.94157
820 0.0504341 -0.289098 -1.34161
820 -0.373156 -0.192753 4.94157
820 -0.320691 -0.161454 4.94157
820 -0.0177872 -0.369345 -1.34161
820 -0.0206955 -0.124357 4.94157
820 -0.167763 -0.135202 4.94157
820 -0.057968 0.360573 4.94157
820 -0.212334 -0.250469 4.94157
820 -0.420544 -0.0345426 4.94157
820 -0.283089 0.316108 4.94157
820 0.310693 0.0185633 -1.34161
820 -0.552067 -0.108055 4.94157
820 0.240566 -0.304331 -1.34161
820 0.00693574 -0.351951 -1.34161
820 0.220845 0.133109 4.94157
820 0.108801 -0.17988 -1.34161
820 0.0278861 0.0673066 4.94157
820 0.270943 -0.313128 -1.34161
820 0.44195 -0.168918 -1.34161
820 0.314247 -0.271045 -1.34161
820 0.0415609 -0.0450763 4.94157
820 -0.179194 0.356951 4.94157
820 0.121928 0.128415 4.94157
820 0.366521 -0.254374 -1.34161
820 -0.0920479 -0.145418 4.94157
820 0.322729 -0.381415 -1.34161
820 -0.265649 0.292337 -1.34161
820 0.428151 0.0843852 4.94157
820 0.432002 -0.257051 -1.34161
820 0.108121 -0.518986 -1.34161
820 0.190634 -0.210069 -1.34161
820 0.437556 -0.0843081 -1.34161
820 0.274104 0.19622 4.94157
820 -0.522609 0.208931 4.94157
820 0.114236 -0.0494913 4.94157
820 0.360446 0.213025 4.94157
820 0.165933 -0.0699657 4.94157
820 -0.534646 0.17599 4.94157
820 0.00219242 0.07848 4.94157
820 0.0405839 -0.527029 -1.34161
820 0.215512 0.292384 -1.34161
820 -0.476346 0.15675 4.94157
820 -0.267005 -0.22193 4.94157
820 0.250585 0.40646 4.94157
820 -0.238864 0.348986 4.94157
820 -0.367508 0.198904 4.94157
820 -0.335252 0.204165 4.94157
820 0.462561 -0.194892 -1.34161
820 0.311162 0.315432 4.94157
820 0.33119 0.207425 4.94157
820 -0.263487 -0.282065 4.94157
820 -0.212626 -0.36962 -1.34161
820 -0.364954 0.023248 4.94157
820 -0.16315 0.470979 4.94157
820 0.144125 -0.0881393 4.94157
820 0.543476 -0.141353 -1.34161
820 -0.051748 -0.0558915 4.94157
820 0.145253 0.247481 4.94157
820 0.495484 0.0650675 4.94157
820 0.165597 -0.334348 -1.34161
820 -0.55289 0.106884 4.94157
820 0.102659 0.463798 4.94157
820 -0.15204 0.177658 4.94157
820 -0.173953 0.126564 4.94157
820 0.0567652 0.0277821 4.94157
820 0.392534 -0.312505 -1.34161
820 0.465028 0.0780305 -1.34161
820 0.00800356 -0.164073 4.94157
820 0.210785 -0.295559 -1.34161
820 0.0281343 -0.558581 -1.34161
820 -0.0728642 0.11606 4.94157
820 -0.30082 0.339507 4.94157
820 -0.191897 0.496518 4.94157
820 0.0377373 -0.203726 4.94157
820 -0.107184 -0.274982 4.94157
820 0.339878 0.449326 -1.34161
820 0.52463 -0.0873601 -1.34161
820 -0.481977 -0.28697 4.94157
820 0.263113 0.247234 4.94157
820 0.0817468 -0.497618 -1.34161
820 -0.0143283 0.282547 4.94157
820 0.322455 0.261659 4.94157
820 0.467747 0.19033 -1.34161
820 -0.175414 0.303237 4.94157
820 0.327659 0.124807 -1.34161
820 0.157772 -0.171963 4.94157
820 -0.0518319 0.131321 4.94157
820 -0.313864 0.433692 4.94157
820 -0.378589 0.170119 4.94157
820 0.055352 0.157212 4.94157
820 0.288506 -0.0370618 4.94157
820 -0.0396094 -0.416176 -1.34161
820 0.507178 -0.155133 -1.34161
820 0.13523 -0.466303 -1.34161
820 -0.129874 0.280248 4.94157
820 0.183169 0.00366101 4.94157
820 0.247672 -0.452915 -1.34161
820 -0.0146933 -0.180823 4.94157
820 -0.192108 0.147744 4.94157
820 -0.248659 0.136939 4.94157
820 0.420296 -0.144045 -1.34161
820 -0.44383 -0.34427 4.94157
820 -0.391545 0.00964397 4.94157
820 -0.45555 -0.11312 4.94157
820 -0.0372183 -0.557133 -1.34161
820 0.312595 -0.466576 -1.34161
820 -0.412153 -0.27785 4.94157
820 -0.0482393 0.102805 4.94157
820 0.420479 0.000839243 4.94157
820 -0.358821 -0.26058 4.94157
820 -0.253954 0.322862 4.94157
820 -0.409859 0.164846 4.94157
820 -0.243341 -0.1486 4.94157
820 0.130042 -0.543782 -1.34161
820 0.417116 0.279253 4.94157
820 0.472163 0.305471 -1.34161
820 0.398192 -0.200703 -1.34161
820 0.460219 -0.321492 -1.34161
820 -0.153873 -0.36756 -1.34161
820 -0.31225 0.104745 4.94157
820 -0.0464489 -0.356965 -1.34161
820 -0.0146198 0.231845 4.94157
820 0.105198 0.326454 -1.34161
820 0.421217 0.222942 -1.34161
820 -0.375204 0.303814 4.94157
820 0.436375 0.251976 -1.34161
820 -0.55745 -0.0739129 4.94157
820 -0.240196 -0.357518 4.94157
820 0.162781 -0.042343 4.94157
820 -0.29292 -0.0579658 4.94157
820 -0.425613 0.27553 4.94157
820 -0.146594 -0.0646002 4.94157
820 -0.14616 -0.431253 -1.34161
820 -0.36704 0.0889647 4.94157
820 0.463746 0.107368 4.94157
820 -0.0736528 -0.0726867 4.94157
820 -0.209148 0.354302 4.94157
820 -0.446765 -0.0143624 4.94157
820 0.558269 0.0736309 -1.34161
820 0.251085 0.439016 4.94157
820 0.443441 -0.0223831 -1.34161
820 0.225878 -0.118682 -1.34161
820 -0.31617 -0.0121793 4.94157
820 -0.116315 0.306803 4.94157
820 0.176792 0.113538 4.94157
820 0.0591435 0.305068 4.94157
820 -0.487483 0.212697 4.94157
820 -0.474737 0.00660508 4.94157
820 -0.418293 0.336109 4.94157
820 -0.0288085 0.206645 4.94157
820 0.353518 0.354825 4.94157
820 -0.188944 -0.206338 4.94157
820 0.0999988 0.227167 4.94157
820 0.370372 -0.336951 -1.34161
820 -0.492864 0.273569 4.94157
820 -0.131982 0.00856064 4.94157
820 -0.101234 -0.551205 4.94157
820 0.0742967 -0.11258 4.94157
820 0.255748 -0.121795 4.94157
820 0.0275748 0.206147 4.94157
820 -0.240868 -0.0299949 4.94157
820 0.288309 -0.17124 -1.34161
820 0.216578 -0.0628971 -1.34161
820 -0.0962527 -0.0891875 4.94157
820 -0.212619 0.0961835 4.94157
820 -0.214538 -0.0158 4.94157
820 0.334707 0.0727674 -1.34161
820 0.275333 -0.0654687 4.94157
820 -0.152814 -0.00749617 4.94157
820 0.212573 -0.190925 -1.34161
820 0.197399 0.435813 4.94157
820 -0.16332 0.043647 4.94157
820 0.55156 -0.107811 -1.34161
820 -0.0215464 -0.340015 -1.34161
820 0.430602 0.309526 4.94157
820 -0.0943087 -0.424979 -1.34161
820 0.352826 0.268513 4.94157
820 -0.239002 -0.235939 4.94157
820 -0.215778 -0.192271 4.94157
820 0.0486099 -0.457502 -1.34161
820 -0.338491 -0.406342 4.94157
820 0.525072 0.0857607 -1.34161
820 0.534389 0.178062 -1.34161
820 -0.188433 0.0552328 4.94157
820 -0.266886 -0.0440114 4.94157
820 0.24044 -0.418389 -1.34161
820 0.533973 -0.0182763 -1.34161
820 0.172289 -0.364339 -1.34161
820 -0.444546 -0.224539 4.94157
820 0.118732 -0.236822 4.94157
820 -0.162555 0.508989 4.94157
820 -0.267499 -0.344535 4.94157
820 -0.363222 -0.384962 4.94157
820 -0.0107309 -0.498484 -1.34161
820 0.0506835 0.082472 4.94157
820 0.0923496 -0.06701 4.94157
820 0.0553222 0.204278 4.94157
820 -0.384381 0.332517 4.94157
820 -0.417679 0.0280564 4.94157
820 0.00745775 0.472222 4.94157
820 0.0523929 -0.129911 4.94157
820 -0.29385 -0.329212 4.94157
820 0.164542 -0.475812 -1.34161
820 0.381917 0.0517153 4.94157
820 -0.458811 0.274821 4.94157
820 -0.098549 -0.0608027 4.94157
820 0.325192 -0.30042 -1.34161
820 0.205638 0.0222787 4.94157
820 0.0417309 -0.232091 4.94157
820 0.045234 0.332059 4.94157
820 0.262935 -0.283382 -1.34161
820 0.332352 -0.0580343 4.94157
820 -0.197228 0.383889 4.94157
820 -0.427328 -0.0982965 4.94157
820 -0.133946 -0.262295 4.94157
820 -0.0881374 0.0412554 4.94157
