880 0.0906659 0.35396 4.94157
880 -0.374834 -0.162118 4.94157
880 0.288637 -0.372274 -1.34161
880 -0.240989 -0.207197 4.94157
880 -0.339746 0.0678191 -1.34161
880 0.0267934 -0.118611 4.94157
880 0.0135311 0.181823 4.94157
880 -0.143492 -0.120339 4.94157
880 -0.0572112 0.256658 4.94157
880 -0.0487851 -0.0842164 4.94157
880 -0.248065 0.268416 4.94157
880 0.0912349 0.494402 4.94157
880 -0.0964686 -0.392801 -1.34161
880 -0.275705 0.13788 4.94157
880 0.0687642 -0.243251 4.94157
880 -0.399181 -0.304475 4.94157
880 -0.244643 -0.0903316 4.94157
880 0.129781 -0.433265 -1.34161
880 0.175319 0.244259 4.94157
880 -0.0731827 0.386778 4.94157
880 -0.225984 0.193018 4.94157
880 -0.319649 -0.46021 -1.34161
880 0.302808 -0.321825 -1.34161
880 -0.0551249 -0.0271176 4.94157
880 0.102832 0.27708 4.94157
880 -0.0722231 0.441066 4.94157
880 -0.509974 -0.228705 4.94157
880 0.31173 0.231403 4.94157
880 0.0014415 -0.107298 4.94157
880 -0.165278 0.384069 4.94157
880 -0.199582 0.118342 4.94157
880 -0.314687 0.0176779 4.94157
880 -0.145092 -0.0923619 4.94157
880 0.282189 -0.487214 -1.34161
880 -0.0126245 0.562818 4.94157
880 -0.164336 -0.191564 4.94157
880 -0.196457 -0.0344289 4.94157
880 -0.104663 -0.516803 -1.34161
880 -0.444718 0.0483019 4.94157
880 -0.317688 0.313788 4.94157
880 -0.0942402 -0.117105 4.94157
880 -0.31242 -0.424099 4.94157
880 0.211054 0.340735 4.94157
880 -0.347781 -0.146115 4.94157
880 -0.350301 -0.316329 4.94157
880 -0.162524 -0.220177 4.94157
880 -0.45175 -0.145895 4.94157
880 -0.170632 -0.0789001 4.94157
880 0.124807 0.488158 4.94157
880 0.254776 -0.254264 4.94157
880 0.250361 0.473044 -1.34161
880 0.204574 0.239037 4.94157
880 0.15833 0.22152 4.94157
880 -0.431935 -0.167864 4.94157
880 -0.500685 -0.0731309 4.94157
880 0.357446 -0.391177 -1.34161
880 -0.00388702 0.133853 4.94157
880 -0.213914 0.0682089 4.94157
880 0.0450871 -0.424889 -1.34161
880 0.205247 0.108074 4.94157
880 0.269763 -0.145775 4.94157
880 0.162859 -0.200258 -1.34161
880 -0.264992 -0.0149804 4.94157
880 -0.171352 -0.444673 -1.34161
880 0.519337 0.119973 -1.34161
880 0.045893 -0.260335 -1.34161
880 -0.291834 0.237523 4.94157
880 0.362008 0.388086 -1.34161
880 0.0769167 0.382674 -1.34161
880 -0.0839756 0.0132552 4.94157
880 0.00168003 0.360622 4.94157
880 0.530119 -0.053259 -1.34161
880 0.494848 -0.189139 -1.34161
880 -0.346167 -0.440831 4.94157
880 0.124176 -0.265337 -1.34161
880 0.140821 -0.218657 -1.34161
880 -0.126896 -0.0195843 4.94157
880 -0.321059 -0.131848 4.94157
880 0.0912765 -0.225864 -1.34161
880 0.279737 -0.342637 -1.34161
880 0.521901 0.21218 -1.34161
880 0.414617 -0.0631017 4.94157
880 -0.512214 -0.122762 4.94157
880 -0.0664464 -0.157159 4.94157
880 0.211402 -0.0336451 -1.34161
880 0.180192 -0.153321 4.94157
880 -0.264051 -0.251264 4.94157
880 -0.399868 -0.115261 -1.34161
880 0.405063 0.109106 4.94157
880 -0.028017 0.360831 4.94157
880 0.237709 -0.143956 -1.34161
880 0.1974 -0.238006 -1.34161
880 -0.408038 0.305135 4.94157
880 0.0785729 -0.30057 -1.34161
880 0.298551 0.367592 4.94157
880 -0.281474 0.38661 4.94157
880 0.14508 0.426256 4.94157
880 0.252275 -0.493126 -1.34161
880 -0.510586 0.150193 -1.34161
880 0.261944 -0.0402621 4.94157
880 0.0359076 -0.364135 -1.34161
880 0.219774 -0.21825 4.94157
880 -0.0288161 0.256999 4.94157
880 0.384151 -0.228541 -1.34161
880 -0.057827 0.308338 4.94157
880 -0.305351 0.368469 4.94157
880 0.0699518 -0.406027 -1.34161
880 0.305536 -0.433587 -1.34161
880 0.28666 0.0927916 4.94157
880 0.249165 0.0631393 -1.34161
880 0.296597 -0.0900838 4.94157
880 0.0575447 0.25468 4.94157
880 0.275326 -0.232421 -1.34161
880 -0.320542 -0.102068 4.94157
880 0.218128 -0.0894023 4.94157
880 0.433592 0.0309086 -1.34161
880 0.37705 -0.174822 -1.34161
880 0.282799 0.0148798 4.94157
880 -0.115843 -0.161006 4.94157
880 -0.000846231 0.20631 4.94157
880 -0.229501 -0.512738 4.94157
880 0.0207404 0.443091 -1.34161
880 -0.0814391 0.558032 4.94157
880 0.387955 0.134383 -1.34161
880 0.375491 -0.0242703 4.94157
880 0.270946 -0.198447 -1.34161
880 0.151506 0.0683208 -1.34161
880 0.108069 0.150412 4.94157
880 0.138942 0.149277 4.94157
880 0.0471371 0.385565 4.94157
880 -0.00858768 -0.0221584 4.94157
880 0.0735248 -0.271826 4.94157
880 0.158299 0.479341 4.94157
880 -0.544805 0.141806 4.94157
880 0.530528 0.0532182 -1.34161
880 0.0186299 -0.24878 -1.34161
880 0.177103 0.414072 4.94157
880 0.0637648 0.411926 4.94157
880 -0.0775613 -0.315642 -1.34161
880 -0.138169 0.0344282 4.94157
880 0.32127 0.34579 4.94157
880 0.352306 -0.225701 -1.34161
880 0.0650625 -0.376092 4.94157
880 -0.320304 -0.191796 4.94157
880 0.110337 -0.483834 -1.34161
880 0.124358 -0.401672 -1.34161
880 -0.397799 -0.209458 4.94157
880 -0.0995039 -0.362224 -1.34161
880 -0.416021 0.0581538 4.94157
880 -0.0930749 0.526379 4.94157
880 0.316522 -0.0333001 4.94157
880 0.44844 -0.226719 -1.34161
880 0.0867516 0.252946 4.94157
880 0.397636 -0.121443 -1.34161
880 0.00358378 0.415281 4.94157
880 -0.220912 0.518215 4.94157
880 -0.394097 0.112349 4.94157
880 0.294683 -0.211877 -1.34161
880 -0.336691 0.377516 4.94157
880 -0.105181 -0.303617 4.94157
880 0.100153 -0.12321 4.94157
880 0.13474 0.457138 4.94157
880 -0.347482 0.176451 4.94157
880 -0.123186 0.178316 -1.34161
880 -0.498684 -0.258177 4.94157
880 0.14923 0.510841 4.94157
880 0.434919 0.112834 4.94157
880 0.191034 0.468848 4.94157
880 0.381744 -0.368104 -1.34161
880 -0.354339 0.227039 4.94157
880 0.502806 -0.0336902 -1.34161
880 -0.0986897 0.229985 4.94157
880 0.0337164 0.414229 4.94157
880 0.0199249 -0.0619835 4.94157
880 0.438022 0.195009 4.94157
880 0.000580516 0.308037 4.94157
880 -0.258602 -0.427346 4.94157
880 -0.00746446 0.50167 4.94157
880 0.180382 0.293996 4.94157
880 -0.0699495 0.178374 4.94157
880 0.256919 0.0897284 4.94157
880 -0.0962761 0.125981 4.94157
880 -0.0433879 -0.140782 4.94157
880 -0.188444 0.53179 4.94157
880 0.0855613 -0.0108029 4.94157
880 0.255698 0.0117667 4.94157
880 -0.109547 -0.245977 4.94157
880 -0.0766948 -0.0438534 4.94157
880 0.226564 -0.246004 -1.34161
880 -0.294629 -0.147395 4.94157
880 0.0242085 0.0952132 4.94157
880 0.195693 0.190707 4.94157
880 0.373526 -0.104979 -1.34161
880 -0.221899 0.32428 4.94157
880 0.364919 0.0766467 4.94157
880 0.246868 -0.0687967 4.94157
880 -0.212963 0.0120716 4.94157
880 0.149249 0.0953701 4.94157
880 0.522415 -0.204545 -1.34161
880 0.0696519 0.179771 4.94157
880 0.13223 0.274608 4.94157
880 0.124015 0.403457 4.94157
880 -0.136087 -0.233335 4.94157
880 -0.00104554 -0.293992 -1.34161
880 -0.139458 0.202971 4.94157
880 0.357729 -0.00125688 4.94157
880 -0.0194813 0.0627619 4.94157
880 -0.0378886 -0.197136 4.94157
880 -0.330396 0.287251 4.94157
880 0.0741854 -0.436642 -1.34161
880 0.183966 0.500987 -1.34161
880 0.0794071 0.0450921 4.94157
880 0.340014 -0.188382 4.94157
880 -0.56302 -0.00161871 4.94157
880 0.320747 -0.163111 -1.34161
880 0.0703058 0.128033 4.94157
880 0.0600642 -0.346688 -1.34161
880 -0.171939 -0.0506573 4.94157
880 -0.152437 0.413063 4.94157
880 0.416669 -0.376266 -1.34161
880 0.406767 -0.0932176 4.94157
880 0.153028 -0.143835 4.94157
880 0.372179 0.0237451 -1.34161
880 0.0297822 0.306993 -1.34161
880 -0.0803324 -0.286861 4.94157
880 -0.200864 -0.460819 4.94157
880 0.544229 0.143711 -1.34161
880 0.310966 0.470188 -1.34161
880 -0.447809 -0.0470218 4.94157
880 -0.531103 0.0492094 4.94157
880 0.0233545 -0.0902954 4.94157
880 -0.28813 -0.442802 4.94157
880 0.0338719 -0.175217 4.94157
880 -0.070078 0.0866686 4.94157
880 0.401699 0.163159 4.94157
880 -0.347622 -0.206582 -1.34161
880 -0.374961 -0.229186 4.94157
880 0.130797 -0.161875 -1.34161
880 0.269029 -0.0130079 4.94157
880 0.0962476 -0.254421 -1.34161
880 -0.369019 -0.0397899 4.94157
880 -0.130526 -0.320453 4.94157
880 0.21427 0.521385 4.94157
880 -0.0251227 -0.310788 -1.34161
880 0.0312605 0.359484 4.94157
880 -0.0269804 0.12103 4.94157
880 0.249504 0.298043 4.94157
880 0.278102 -0.455714 -1.34161
880 0.4024 0.0268111 -1.34161
880 0.453152 0.139204 -1.34161
880 0.104724 -0.451352 -1.34161
880 0.101589 0.062611 -1.34161
880 0.375137 0.105034 4.94157
880 -0.486598 0.125927 4.94157
880 -0.0410195 0.0461891 4.94157
880 -0.499774 0.181801 4.94157
880 0.369816 0.158482 4.94157
880 -0.342133 -0.0257985 4.94157
880 -0.314161 0.0475808 4.94157
880 0.0348355 0.011289 4.94157
880 -0.265216 0.164011 4.94157
880 -0.179965 0.173299 4.94157
880 -0.192264 -0.149313 4.94157
880 0.191992 -0.458773 -1.34161
880 -0.268982 -0.0741699 4.94157
880 0.122426 0.10333 4.94157
880 -0.114571 0.0511193 4.94157
880 -0.452151 0.337919 4.94157
880 0.0201469 0.123562 4.94157
880 -0.127932 -0.349686 -1.34161
880 -0.105263 0.495398 4.94157
880 0.0509345 -0.492123 -1.34161
880 0.40304 0.24944 4.94157
880 -0.0425934 0.387464 4.94157
880 -0.396836 -0.0538327 4.94157
880 0.055138 -0.317668 -1.34161
880 -0.456866 -0.192104 4.94157
880 0.0200147 -0.503355 4.94157
880 0.175091 -0.257163 4.94157
880 -0.473781 0.0385946 4.94157
880 -0.118395 0.35966 4.94157
880 0.474774 -0.0154396 -1.34161
880 0.0388809 0.470951 4.94157
880 0.0705962 0.468216 4.94157
880 -0.558596 0.0711149 4.94157
880 0.0314831 0.0393198 4.94157
880 0.200129 0.0802416 4.94157
880 -0.262915 0.0428574 4.94157
880 -0.238118 0.0269562 4.94157
880 0.225279 -0.355267 -1.34161
880 0.4708 0.2511 -1.34161
880 0.0866193 -0.197415 4.94157
880 0.00291365 -0.322722 -1.34161
880 -0.0587026 0.52962 4.94157
880 -0.169141 0.101134 4.94157
880 0.464479 -0.255741 -1.34161
880 0.193271 0.135036 4.94157
880 0.16678 0.142797 4.94157
880 0.262981 0.0385415 4.94157
880 -0.159199 -0.278274 4.94157
880 -0.373739 -0.289388 4.94157
880 -0.209194 0.169863 4.94157
880 -0.149457 -0.397437 -1.34161
880 -0.195952 -0.0638657 4.94157
880 0.202331 -0.375567 -1.34161
880 -0.0246885 0.531268 4.94157
880 0.201935 0.0484944 4.94157
880 0.498507 -0.0662176 -1.34161
880 0.478742 -0.292745 -1.34161
880 0.265549 0.360217 4.94157
880 -0.185022 0.22428 4.94157
880 0.146509 -0.247259 -1.34161
880 -0.339382 0.0361189 4.94157
880 -0.0712159 -0.100829 4.94157
880 0.23295 -0.275241 -1.34161
880 -0.53315 0.0143829 4.94157
880 -0.318606 -0.221747 4.94157
880 -0.410604 -0.337437 4.94157
880 0.478986 0.0164375 -1.34161
880 0.140203 0.197934 4.94157
880 0.0781691 -0.140717 4.94157
880 -0.117625 0.0787739 4.94157
880 -0.0409564 0.442764 4.94157
880 0.322178 0.0457515 4.94157
880 -0.142973 0.253509 4.94157
880 0.196116 -0.526643 4.94157
880 0.0196306 -0.441783 -1.34161
880 -0.387908 0.141495 4.94157
880 0.0561249 -0.158072 4.94157
880 0.43006 -0.199048 -1.34161
880 -0.374924 -0.131884 4.94157
880 0.189702 -0.0522774 4.94157
880 -0.267149 -0.192221 4.94157
880 0.303982 -0.0619776 -1.34161
880 0.0852179 0.556054 4.94157
880 0.40875 0.191518 4.94157
880 -0.273011 0.213984 4.94157
880 0.229914 0.00996555 4.94157
880 0.324192 -0.0865274 4.94157
880 -0.26163 -0.496889 4.94157
880 -0.530482 -0.0562196 4.94157
880 -0.00147133 0.158842 4.94157
880 0.229829 0.318314 4.94157
880 -0.132293 -0.291157 4.94157
880 0.467171 -0.0763335 -1.34161
880 -0.162646 -0.537879 4.94157
880 -0.105484 0.153955 4.94157
880 -0.294083 -0.177142 4.94157
880 -0.30565 -0.391797 4.94157
880 0.0600866 -0.186414 4.94157
880 0.18273 0.347283 4.94157
880 0.299605 -0.143452 4.94157
880 0.236059 -0.0430121 4.94157
880 -0.187798 0.027535 4.94157
880 -0.187977 -8.63051e-05 4.94157
880 -0.16535 -0.505727 4.94157
880 -0.399603 0.194325 4.94157
880 -0.172075 0.251068 4.94157
880 -0.357682 0.147641 4.94157
880 0.0381919 -0.0168073 -1.34161
880 -0.322086 -0.253285 4.94157
880 -0.190801 -0.177853 4.94157
880 0.506918 0.245246 -1.34161
880 -0.123599 -0.0483876 4.94157
880 0.258699 0.32871 4.94157
880 0.0785599 0.524912 4.94157
880 0.14882 -0.116182 4.94157
880 -0.0372133 0.0179245 4.94157
880 0.227884 -0.512885 -1.34161
880 -0.161949 0.149948 4.94157
880 0.0157818 0.333668 4.94157
880 -0.373435 0.250977 4.94157
880 0.412573 0.381558 -1.34161
880 -0.0237375 -0.0958311 4.94157
880 -0.440816 0.306081 4.94157
880 -0.0573623 0.414207 4.94157
880 0.154347 -0.413239 -1.34161
880 -0.120366 0.46484 -1.34161
880 0.49447 0.0970513 -1.34161
880 -0.503323 0.0278801 4.94157
880 -0.0116297 -0.208832 4.94157
880 -0.185915 -0.264831 4.94157
880 -0.0587007 -0.241797 4.94157
880 0.156687 0.0131008 4.94157
880 0.37181 0.24396 4.94157
880 -0.263713 0.0138128 4.94157
880 0.379593 -0.283211 -1.34161
880 0.128846 0.224197 4.94157
880 0.170565 -0.0984345 4.94157
880 -0.0431508 0.282585 4.94157
880 -0.0124944 0.387805 4.94157
880 0.098739 0.0913649 4.94157
880 0.107761 0.00645937 4.94157
880 0.0226323 -0.277247 -1.34161
880 0.0823368 0.151256 4.94157
880 0.45074 0.00797149 4.94157
880 -0.387493 -0.361708 4.94157
880 0.207411 -0.161933 4.94157
880 0.167083 0.322131 4.94157
880 0.263971 -0.393884 -1.34161
880 0.135604 -0.190177 -1.34161
880 -0.135951 0.153723 4.94157
880 -0.342813 -0.285991 4.94157
880 -0.140983 -0.466899 -1.34161
880 -0.253412 0.503805 4.94157
880 -0.289318 -0.298577 4.94157
880 -0.0315974 -0.52598 -1.34161
880 0.453345 0.332194 -1.34161
880 -0.503311 -0.0385618 4.94157
880 -0.196159 -0.52622 -1.34161
880 0.416171 -0.228492 -1.34161
880 -0.0047922 -0.265484 4.94157
880 -0.254267 0.190319 4.94157
880 0.28196 0.224954 4.94157
880 -0.284055 0.451725 4.94157
880 0.0841454 0.20366 4.94157
880 -0.0178174 -0.152393 4.94157
880 0.471385 -0.045662 -1.34161
880 0.516968 -0.121581 -1.34161
880 -0.387995 -0.258677 4.94157
880 0.437071 0.165572 4.94157
880 -0.00831047 -0.237115 4.94157
880 0.0890342 0.302729 4.94157
880 0.506126 -0.000858023 -1.34161
880 0.495214 -0.263644 4.94157
880 0.14873 0.542823 -1.34161
880 -0.374914 0.421423 4.94157
880 -0.0947828 0.097493 4.94157
880 -0.293511 -0.237519 4.94157
880 -0.474225 0.305992 -1.34161
880 -0.0665518 0.0581599 4.94157
880 -0.394096 0.363781 4.94157
880 -0.299422 -0.360155 4.94157
880 0.280774 0.143664 4.94157
880 0.385908 0.36321 -1.34161
880 -0.440502 0.245862 4.94157
880 0.446469 -0.287163 -1.34161
880 0.0173694 0.387249 4.94157
880 -0.310797 0.261744 4.94157
880 0.063464 -0.0279733 4.94157
880 0.563206 1.7476e-05 -1.34161
880 0.280222 0.489702 -1.34161
880 0.341493 0.237915 4.94157
880 0.375706 0.330965 4.94157
880 -0.231047 -0.478812 -1.34161
880 -0.345563 -0.0860673 4.94157
880 0.316126 0.0967473 4.94157
880 0.490384 0.27673 -1.34161
880 -0.194942 0.465089 4.94157
880 0.0601747 -2.14438e-05 4.94157
880 -0.477329 -0.219763 4.94157
880 -0.378098 -0.327709 4.94157
880 0.104693 0.0343452 -1.34161
880 -0.561626 -0.0380044 4.94157
880 -0.035739 -0.446324 -1.34161
880 0.404889 -0.343326 -1.34161
880 -0.224047 0.48389 4.94157
880 -0.00013954 0.256924 4.94157
880 0.136128 -0.323133 -1.34161
880 -0.317348 -0.0421605 4.94157
880 0.509753 0.15313 -1.34161
880 0.0113064 -0.192134 4.94157
880 0.168468 0.195168 4.94157
880 0.178855 -0.394989 -1.34161
880 -0.307271 0.133421 4.94157
880 -0.210871 -0.311057 4.94157
880 -0.341135 0.096015 4.94157
880 0.0532133 0.559981 4.94157
880 0.152702 -0.275856 -1.34161
880 -0.119627 -0.104926 4.94157
880 -0.174886 -0.412959 4.94157
880 0.271316 -0.424533 -1.34161
880 0.124589 0.173918 4.94157
880 0.0823482 0.438183 4.94157
880 -0.0563099 0.20455 4.94157
880 -0.311556 0.400923 4.94157
880 -0.315688 0.181746 4.94157
880 -0.12068 0.105763 4.94157
880 0.113879 0.518947 4.94157
880 0.153661 0.0411285 4.94157
880 0.309513 -0.188896 4.94157
880 0.130079 -0.294073 -1.34161
880 0.256146 -0.363733 -1.34161
880 0.345545 0.100802 4.94157
880 -0.102504 0.33358 4.94157
880 -0.0429732 0.23124 4.94157
880 0.00252313 -0.53052 -1.34161
880 -0.184071 0.409463 4.94157
880 0.339436 0.153569 4.94157
880 -0.0301593 -0.0389274 4.94157
880 -0.0055272 -0.561542 4.94157
880 -0.43231 0.189946 4.94157
880 -0.0137035 -0.399078 -1.34161
880 0.248047 -0.334014 -1.34161
880 0.390405 0.218329 4.94157
880 -0.0953439 0.178003 4.94157
880 0.362901 -0.133054 -1.34161
880 0.454592 0.223226 4.94157
880 -0.0234192 0.0912666 4.94157
880 -0.0156895 0.0345014 4.94157
880 0.176225 0.376539 4.94157
880 0.21813 0.26479 4.94157
880 0.302408 0.201866 4.94157
880 0.382942 -0.0763152 -1.34161
880 -0.0286254 -0.282148 4.94157
880 -0.430802 0.110393 4.94157
880 0.0436446 0.28059 4.94157
880 -0.194952 -0.0924834 4.94157
880 -0.12697 0.228896 4.94157
880 0.242187 -0.197104 -1.34161
880 -0.0724382 0.498751 4.94157
880 -0.189604 0.0853037 4.94157
880 0.280205 0.307167 4.94157
880 0.49248 -0.0987063 -1.34161
880 0.320293 0.177497 4.94157
880 0.0285535 0.255964 4.94157
880 0.136955 -0.0321028 4.94157
880 -0.138742 0.488321 4.94157
880 -0.0285906 0.308389 -1.34161
880 -0.291881 -0.479149 -1.34161
880 -0.157669 -0.307728 4.94157
880 -0.117797 -0.132965 4.94157
880 -0.289787 0.000473228 4.94157
880 -0.0876425 -0.201469 4.94157
880 -0.500342 0.0610766 4.94157
880 0.0302727 -0.146918 4.94157
880 0.0705914 -0.0842644 4.94157
880 -0.442126 0.16061 4.94157
880 0.0822573 -0.169039 4.94157
880 0.204073 -0.266336 -1.34161
880 -0.285381 0.486495 4.94157
880 -0.00560004 -0.462301 -1.34161
880 0.247529 0.506992 -1.34161
880 0.112132 0.200498 4.94157
880 0.292707 0.254445 4.94157
880 0.149677 0.12153 -1.34161
880 -0.481987 -0.132622 4.94157
880 0.222522 0.454495 4.94157
880 0.0246295 0.154009 4.94157
880 -0.168589 0.200718 4.94157
880 -0.244157 -0.0605017 4.94157
880 0.561838 0.037148 4.94157
880 -0.541767 -0.138941 4.94157
880 0.070892 0.228875 4.94157
880 0.155062 0.396008 -1.34161
880 -0.314498 -0.280683 4.94157
880 0.269772 -0.0930894 -1.34161
880 -0.318867 -0.0719669 4.94157
880 0.336685 0.411628 -1.34161
880 0.533679 -0.173669 -1.34161
880 -0.0448778 0.0743571 4.94157
880 0.474332 -0.163376 -1.34161
880 -0.128181 0.520353 4.94157
880 0.197061 0.315639 4.94157
880 -0.13159 -0.540793 4.94157
880 -0.0875521 0.468202 4.94157
880 -0.121783 0.414428 4.94157
880 -0.34569 -0.23529 4.94157
880 -0.418351 0.13633 4.94157
880 -0.371135 -0.0701745 4.94157
880 -0.39896 -0.0843191 4.94157
880 -0.27943 0.265041 4.94157
880 0.00465785 -0.135605 4.94157
880 -0.0854945 0.255942 -1.34161
880 -0.327519 0.154531 4.94157
880 0.0268706 -0.305899 -1.34161
880 -0.360893 0.352912 4.94157
880 -0.138007 -0.20478 4.94157
880 0.166842 0.447325 4.94157
880 0.175368 0.0877839 4.94157
880 0.133436 -0.00442095 4.94157
880 0.238851 0.113228 -1.34161
880 -0.166165 -0.163266 4.94157
880 -0.11297 -0.480793 -1.34161
880 -0.0690515 -0.556743 -1.34161
880 0.234076 0.23956 4.94157
880 0.273908 0.388028 4.94157
880 -0.494682 0.0939491 4.94157
880 0.280122 0.421281 4.94157
880 -0.00516707 -0.0505429 4.94157
880 0.130698 0.0230512 4.94157
880 0.0823474 0.017154 4.94157
880 -0.425564 -0.067794 4.94157
880 -0.493541 -0.191151 4.94157
880 -0.0654128 -0.43602 -1.34161
880 -0.174073 -0.0216796 4.94157
880 -0.403194 -0.147935 4.94157
880 -0.0336052 -0.0104702 4.94157
880 -0.141803 -0.148362 4.94157
880 -0.13983 0.44275 4.94157
880 0.205354 -0.13605 4.94157
880 -0.121451 -0.0767969 4.94157
880 -0.387847 0.0703057 4.94157
880 0.433577 0.357452 -1.34161
880 -0.201702 -0.429135 -1.34161
880 0.209654 -0.406877 -1.34161
880 -0.213835 -0.22131 4.94157
880 -0.455199 -0.082111 4.94157
880 0.310288 0.434211 -1.34161
880 0.116066 0.250771 4.94157
880 -0.287607 0.0581401 4.94157
880 -0.104526 0.387163 4.94157
880 -0.17006 0.440197 4.94157
880 -0.100745 0.281348 -1.34161
880 -0.169481 -0.475463 -1.34161
880 0.066937 -0.0560958 4.94157
880 -0.231985 0.11606 4.94157
880 -0.389859 0.0394537 4.94157
880 -0.101663 -0.0318648 4.94157
880 0.148391 -0.38269 -1.34161
880 -0.366408 -0.00862596 4.94157
880 -0.439817 0.0798876 4.94157
880 -0.292729 -0.206816 4.94157
880 0.292389 0.0420631 4.94157
880 0.17891 0.031222 4.94157
880 0.227389 0.0897595 4.94157
880 -0.134789 -0.503839 4.94157
880 -0.392523 0.275892 4.94157
880 -0.0744791 -0.34476 -1.34161
880 -0.118799 -0.445056 -1.34161
880 0.345149 -0.0289887 4.94157
880 -0.343922 -0.0559974 4.94157
880 -0.421431 -0.371334 4.94157
880 -0.0120866 0.00619806 4.94157
880 0.412023 0.0558603 4.94157
880 0.426587 -0.316416 -1.34161
880 -0.43366 -0.253904 -1.34161
880 0.461061 -0.108001 -1.34161
880 -0.219412 -0.105953 4.94157
880 -0.237691 -0.266648 4.94157
880 0.452279 -0.138901 -1.34161
880 0.332986 0.292699 4.94157
880 -0.121438 -0.411315 -1.34161
880 0.104289 -0.151447 -1.34161
880 -0.237931 -0.328634 4.94157
880 0.392496 -0.401155 -1.34161
880 -0.0100412 0.443527 4.94157
880 -0.113793 -0.189161 4.94157
880 -0.0713364 -0.374496 -1.34161
880 -0.0496333 -0.327533 -1.34161
880 -0.484825 -0.0996311 4.94157
880 -0.031892 -0.253701 4.94157
880 0.0642905 -0.214796 4.94157
880 0.237773 0.352115 4.94157
880 -0.0509379 -0.501547 -1.34161
880 -0.22682 0.45019 4.94157
880 0.177541 0.0599944 4.94157
880 0.149936 0.29832 4.94157
880 0.217953 0.488064 4.94157
880 -0.139969 0.0623724 4.94157
880 0.180883 0.166176 4.94157
880 0.55215 0.108633 -1.34161
880 -0.235863 0.297338 4.94157
880 0.0313104 -0.334825 -1.34161
880 -0.111689 -0.217478 4.94157
880 -0.159084 0.278182 4.94157
880 0.168613 -0.228813 -1.34161
880 0.0616725 -0.558396 -1.34161
880 0.051508 0.441337 -1.34161
880 -0.00173443 0.106135 -1.34161
880 0.0947269 -0.388931 -1.34161
880 -0.372679 -0.100654 4.94157
880 0.302783 0.285215 -1.34161
880 0.0112536 -0.38117 -1.34161
880 0.251913 0.218265 4.94157
880 -0.244105 -0.119595 4.94157
880 0.395692 0.0807581 4.94157
880 0.0487129 -0.101469 4.94157
880 -0.312787 0.0764128 4.94157
880 -0.132207 0.332245 4.94157
880 -0.46436 -0.316124 4.94157
880 0.072512 -0.526812 -1.34161
880 -0.153694 0.542957 4.94157
880 0.119888 0.301251 4.94157
880 -0.0155728 0.181085 4.94157
880 -0.340718 0.255353 4.94157
880 -0.426614 -0.130461 4.94157
880 -0.453286 0.132708 4.94157
880 -0.0920553 0.0691431 4.94157
880 -0.0399168 0.500878 4.94157
880 0.142255 -0.352664 -1.34161
880 -0.284467 0.186701 4.94157
880 -0.193713 -0.12091 4.94157
880 0.223101 0.418657 4.94157
880 0.0130362 -0.00545297 4.94157
880 0.365976 -0.200793 -1.34161
880 0.298386 0.120313 4.94157
880 -0.355465 -0.350893 4.94157
880 -0.145878 0.305301 4.94157
880 -0.503937 -0.00521082 4.94157
880 -0.00182003 -0.0789329 4.94157
880 0.251989 0.138413 4.94157
880 0.206913 0.159305 -1.34161
880 -0.218414 0.272673 4.94157
880 -0.148707 -0.0359231 4.94157
880 0.140056 -0.0599169 4.94157
880 0.233177 -0.169789 4.94157
880 0.391325 -0.00164959 4.94157
880 0.0938017 0.408333 4.94157
880 0.0405763 -0.394031 -1.34161
880 0.269159 0.115697 4.94157
880 -0.0557131 0.470636 4.94157
880 0.305378 0.069387 4.94157
880 0.480699 -0.222745 -1.34161
880 -0.46532 0.185991 4.94157
880 -0.474815 -0.0591851 4.94157
880 -0.387283 0.222871 -1.34161
880 -0.0719298 0.282179 4.94157
880 -0.393267 -0.0222042 4.94157
880 -0.255234 0.373493 4.94157
880 -0.252908 0.434864 4.94157
880 0.500461 0.185232 -1.34161
880 0.207165 0.36989 4.94157
880 -0.219958 -0.0472078 -1.34161
880 0.441168 -0.0520245 -1.34161
880 -0.201255 0.433729 4.94157
880 0.0959838 0.121069 4.94157
880 0.0146419 0.281945 4.94157
880 -0.0790414 0.147834 4.94157
880 0.2209 0.184996 4.94157
880 -0.238357 0.0559714 4.94157
880 -0.0883986 0.360501 4.94157
880 -0.505438 -0.157145 4.94157
880 0.0220477 -0.473699 -1.34161
880 0.0093582 0.531087 4.94157
880 -0.0431474 0.334396 4.94157
880 0.327339 -0.00525933 4.94157
880 -0.261119 0.241297 4.94157
880 0.21787 -0.325069 -1.34161
880 -0.0136177 0.33435 -1.34161
880 -0.0412523 0.180047 4.94157
880 -0.14716 0.121619 4.94157
880 0.0962602 -0.0951013 4.94157
880 -0.00962859 -0.42986 -1.34161
880 -0.111152 0.203824 4.94157
880 -0.358606 0.279753 4.94157
880 0.0765965 0.0730901 4.94157
880 0.484534 -0.131273 -1.34161
880 0.0539207 0.0553368 4.94157
880 -0.401765 0.396383 4.94157
880 -0.124603 -0.379705 -1.34161
880 0.409598 -0.172766 -1.34161
880 -0.219131 0.141015 4.94157
880 -0.524483 -0.200337 4.94157
880 -0.0870258 0.307802 4.94157
880 -0.28543 0.0867922 4.94157
880 -0.104435 0.439033 4.94157
880 -0.47351 -0.166421 4.94157
880 0.00959376 0.022688 4.94157
880 0.305435 0.399926 4.94157
880 0.198437 -0.491552 -1.34161
880 -0.196999 0.196699 4.94157
880 0.474756 0.160858 -1.34161
880 -0.289436 -0.265962 4.94157
880 -0.0241597 0.472053 4.94157
880 0.0155252 -0.411091 4.94157
880 -0.218329 -0.134746 4.94157
880 0.0060955 0.0506895 4.94157
880 -0.255147 0.469294 4.94157
880 -0.348798 0.317866 4.94157
880 -0.236838 0.164449 4.94157
880 -0.430948 -0.309383 4.94157
880 -0.42052 0.218954 4.94157
880 -0.139937 -0.176464 4.94157
880 -0.18732 -0.23546 4.94157
880 -0.336346 0.125475 4.94157
880 0.0838684 -0.329555 -1.34161
880 0.533863 0.017688 -1.34161
880 0.185694 -0.426355 -1.34161
880 -0.519643 0.11745 4.94157
880 0.0148634 -0.220425 4.94157
880 -0.523815 -0.0928886 4.94157
880 -0.268415 -0.162828 4.94157
880 -0.231199 -0.41307 4.94157
880 0.248985 -0.223977 4.94157
880 -0.448628 -0.282221 4.94157
880 0.334171 -0.248824 -1.34161
880 -0.262075 0.073192 4.94157
880 -0.466776 -0.251285 4.94157
880 0.0892915 -0.358946 -1.34161
880 -0.0684003 -0.404973 -1.34161
880 0.292889 -0.292346 -1.34161
880 -0.237403 -0.297562 4.94157
880 -0.463005 0.102564 4.94157
880 -0.347374 -0.116384 4.94157
880 0.136743 -0.50398 -1.34161
880 0.358416 -0.3073 -1.34161
880 0.137159 0.325516 4.94157
880 0.0206395 0.562291 -1.34161
880 0.184966 -0.0241869 -1.34161
880 0.0741989 0.100992 4.94157
880 -0.295014 -0.117818 4.94157
880 -0.156526 -0.337462 4.94157
880 0.387636 -0.148489 -1.34161
880 0.159447 -0.0141558 4.94157
880 -0.340329 0.00496701 4.94157
880 -0.220162 -0.0769498 4.94157
880 0.101551 -0.283117 -1.34161
880 -0.31937 -0.311179 4.94157
880 0.113519 -0.20817 4.94157
880 0.0137183 0.231274 4.94157
880 0.312826 -0.351382 -1.34161
880 -0.0428425 -0.386214 -1.34161
880 0.0437116 0.528949 4.94157
880 0.220213 0.213347 4.94157
880 -0.205022 0.299802 4.94157
880 0.413054 -0.286098 -1.34161
880 -0.0836301 0.204597 4.94157
880 -0.368203 0.386854 4.94157
880 0.0608623 0.357252 4.94157
880 0.0475038 0.108675 4.94157
880 -0.210953 -0.341204 4.94157
880 -0.160819 -0.249095 4.94157
880 0.159026 -0.3048 -1.34161
880 0.0968443 -0.552812 -1.34161
880 -0.0625181 0.0298423 4.94157
880 0.216833 -0.439619 -1.34161
880 -0.316005 0.467288 4.94157
880 -0.183763 -0.353978 4.94157
880 0.0888132 -0.0388087 4.94157
880 0.351689 -0.160689 -1.34161
880 0.243481 -0.095821 4.94157
880 -0.0710691 -0.525377 -1.34161
880 -0.251477 0.404691 4.94157
880 0.298041 -0.00934217 4.94157
880 -0.56201 0.0348319 4.94157
880 -0.0899262 -0.173286 4.94157
880 0.325326 -0.215635 -1.34161
880 -0.0828405 -0.258227 4.94157
880 -0.346267 0.445522 4.94157
880 -0.272681 -0.375799 4.94157
880 0.336139 -0.329955 -1.34161
880 0.0424362 0.230388 4.94157
880 -0.238935 -0.00144674 4.94157
880 0.154243 0.350993 4.94157
880 0.504306 0.034609 -1.34161
880 0.39912 -0.256907 -1.34161
880 0.161444 0.270962 4.94157
880 -0.230685 0.244599 4.94157
880 0.330174 0.378013 -1.34161
880 -0.0279561 0.151203 4.94157
880 0.340366 -0.44602 4.94157
880 0.195193 -0.345051 -1.34161
880 -0.474254 0.243819 4.94157
880 -0.27278 0.349379 4.94157
880 -0.409816 -0.235955 4.94157
880 -0.102571 -0.332668 4.94157
880 -0.342762 0.411345 4.94157
880 -0.20154 0.248229 4.94157
880 0.391254 -0.0470993 4.94157
880 0.118692 -0.371076 -1.34161
880 0.112901 -0.341252 -1.34161
880 -0.261149 -0.462028 -1.34161
880 0.312727 -0.115364 -1.34161
880 0.349371 0.18269 -1.34161
880 0.28084 0.454797 -1.34161
880 0.343239 0.323274 4.94157
880 0.297224 -0.402477 -1.34161
880 -0.19929 -0.493218 -1.34161
880 -0.11007 0.0244907 4.94157
880 0.153663 0.171626 4.94157
880 -0.188444 0.275329 4.94157
880 -0.0705951 0.230409 4.94157
880 -0.230899 -0.445882 4.94157
880 -0.245392 -0.388596 4.94157
880 -0.0559015 -0.270219 4.94157
880 -0.0613885 -0.213501 4.94157
880 0.284462 -0.261961 -1.34161
880 -0.282442 0.418894 4.94157
880 -0.184699 -0.294419 4.94157
880 0.127545 0.0502831 4.94157
880 -0.14366 0.0917066 4.94157
880 -0.474958 -0.0257648 4.94157
880 0.273504 0.277406 -1.34161
880 0.209489 -0.00747985 4.94157
880 -0.192042 0.3284 4.94157
880 -0.0542707 0.156659 4.94157
880 -0.183726 -0.324174 4.94157
880 0.413075 -0.0284014 -1.34161
880 -0.164853 0.0721949 4.94157
880 -0.0688427 -0.129027 4.94157
880 0.331733 -0.13705 -1.34161
880 -0.428036 0.368234 -1.34161
880 0.419391 0.139493 4.94157
880 0.137786 0.37394 4.94157
880 0.557637 -0.0732011 -1.34161
880 -0.179588 -0.382315 -1.34161
880 0.167883 -0.506336 -1.34161
880 -0.169272 -0.10698 4.94157
880 -0.325378 -0.341071 4.94157
880 -0.0406886 -0.168954 4.94157
880 0.0998975 -0.419725 -1.34161
880 -0.269557 -0.103976 4.94157
880 -0.534899 -0.170048 4.94157
880 0.235239 0.382073 -1.34161
880 -0.0586823 0.00141459 -1.34161
880 0.202314 0.397788 4.94157
880 0.1812 0.53345 4.94157
880 0.342992 -0.109953 -1.34161
880 0.332028 -0.41278 -1.34161
880 -0.0887655 0.413 4.94157
880 0.197676 -0.108703 4.94157
880 0.233472 0.0370051 4.94157
880 0.235135 0.159922 4.94157
880 -0.216968 -0.163495 4.94157
880 0.122302 -0.105727 4.94157
880 -0.122582 0.131795 4.94157
880 -0.241911 -0.177789 4.94157
880 -0.397404 -0.396197 4.94157
880 -0.295947 0.159937 4.94157
880 0.390147 0.404873 -1.34161
880 0.239934 -0.0159747 4.94157
880 0.244589 0.270463 4.94157
880 0.357523 0.129633 -1.34161
880 -0.0466071 0.561409 4.94157
880 -0.0621253 -0.467963 -1.34161
880 0.26299 0.167108 4.94157
880 -0.258919 0.106641 4.94157
880 -0.269152 -0.133413 4.94157
880 -0.0831964 -0.492323 4.94157
880 0.56183 -0.037256 4.94157
880 0.378819 0.187593 4.94157
880 0.0748518 0.329476 4.94157
880 0.260234 -0.171306 -1.34161
880 0.451211 0.281107 -1.34161
880 0.486446 0.130012 -1.34161
880 0.305661 -0.240183 -1.34161
880 0.284268 -0.118865 -1.34161
880 -0.243089 0.217564 4.94157
880 0.188567 0.217223 4.94157
880 -0.446174 0.0169853 4.94157
880 -0.226021 0.381477 4.94157
880 -0.263974 -0.314475 4.94157
880 -0.36338 0.054669 4.94157
880 -0.0460437 -0.11256 4.94157
880 -0.409405 0.0893308 4.94157
880 -0.0320537 -0.477317 -1.34161
880 0.353124 -0.0817922 4.94157
880 -0.331335 -0.373247 4.94157
880 0.121215 0.350197 4.94157
880 0.12498 0.0770691 4.94157
880 -0.117369 0.552197 -1.34161
880 -0.213024 0.0400658 4.94157
880 0.384167 0.274947 -1.34161
880 -0.211428 -0.280904 4.94157
880 -0.162662 0.016589 4.94157
880 -0.205639 -0.397579 4.94157
880 0.0251113 0.500901 4.94157
880 -0.0852805 -0.229773 4.94157
880 -0.508865 0.241233 4.94157
880 0.224642 -0.473993 -1.34161
880 0.232926 -0.386146 -1.34161
880 0.04353 0.134707 4.94157
880 -0.526549 0.0836928 4.94157
880 -0.419034 -0.00333667 4.94157
880 0.176242 -0.126338 4.94157
880 -0.288764 0.0294308 4.94157
880 0.397016 0.305747 4.94157
880 -0.40213 -0.177709 4.94157
880 -0.114118 0.255142 4.94157
880 0.246295 0.191152 4.94157
880 -0.407221 0.247623 4.94157
880 0.0164774 -0.0336945 4.94157
880 -0.13481 0.386198 4.94157
880 -0.532963 -0.0205707 4.94157
880 0.111035 -0.0215484 4.94157
880 0.188195 -0.315225 -1.34161
880 0.116928 0.550451 4.94157
880 -0.426283 -0.199638 4.94157
880 -0.322167 0.232005 4.94157
880 0.0730426 0.278767 4.94157
880 -0.347024 -0.175969 4.94157
880 0.222878 0.0630215 4.94157
880 0.46875 0.0441139 4.94157
880 -0.285514 0.113264 4.94157
880 -0.155816 0.226985 4.94157
880 -0.239094 0.0861846 4.94157
880 -0.331607 0.344651 4.94157
880 0.309902 0.148527 -1.34161
880 -0.105556 -0.00324895 4.94157
880 0.106889 0.378626 4.94157
880 -0.303456 0.209153 4.94157
880 0.181606 -0.285862 -1.34161
880 0.191157 0.268622 4.94157
880 -0.0528939 -0.298767 4.94157
880 0.160155 -0.444192 -1.34161
880 -0.148483 0.358026 4.94157
880 0.0451551 -0.0732235 4.94157
880 0.288815 0.337673 4.94157
880 -0.0909376 -0.457504 -1.34161
880 -0.365207 0.118302 4.94157
880 0.126353 -0.133716 -1.34161
880 -0.221366 0.412184 4.94157
880 0.0776854 -0.467491 -1.34161
880 -0.026718 0.415188 4.94157
880 0.0401999 0.179529 -1.34161
880 0.118115 -0.0776119 4.94157
880 0.442582 0.0588805 -1.34161
880 -0.213796 0.220378 4.94157
880 -0.298041 0.289229 4.94157
880 -0.0268565 -0.067407 4.94157
880 -0.453828 0.216028 4.94157
880 0.346943 -0.360003 -1.34161
880 -0.0639677 -0.1853 4.94157
880 -0.0801609 -0.0151844 4.94157
880 0.346285 -0.278164 -1.34161
880 0.340623 0.0222239 4.94157
880 0.107157 -0.311997 -1.34161
880 0.0966471 0.17662 4.94157
880 0.191915 -0.0799106 4.94157
880 -0.469934 0.0708292 4.94157
880 0.113418 0.433474 4.94157
880 0.0579784 0.498508 4.94157
880 -0.034961 -0.225372 4.94157
880 0.509767 -0.234427 -1.34161
880 -0.294439 -0.0880561 4.94157
880 -0.0728848 0.334282 4.94157
880 0.365882 0.427362 -1.34161
880 0.408756 0.337076 -1.34161
880 0.361552 -0.0532739 4.94157
880 0.291573 0.172146 4.94157
880 0.160998 -0.537688 -1.34161
880 0.429738 -0.115019 -1.34161
880 0.43935 -0.349671 -1.34161
880 0.184983 -0.181498 -1.34161
880 0.367052 -0.424377 -1.34161
880 0.352608 0.0485788 4.94157
880 -0.372521 -0.419599 4.94157
880 -0.162252 0.330791 -1.34161
880 0.487334 0.218178 4.94157
880 0.364458 0.299671 4.94157
880 -0.291129 -0.0286609 4.94157
880 0.276643 0.0658938 4.94157
880 -0.278645 -0.406294 4.94157
880 0.0503971 -0.288907 -1.34161
880 -0.373265 -0.193349 4.94157
880 -0.320556 -0.161598 4.94157
880 -0.0176261 -0.369139 -1.34161
880 -0.0207676 -0.124152 4.94157
880 -0.167756 -0.135064 4.94157
880 -0.058006 0.360535 4.94157
880 -0.212386 -0.250894 4.94157
880 -0.420545 -0.0349014 4.94157
880 -0.282988 0.316014 4.94157
880 0.311037 0.0185849 -1.34161
880 -0.552072 -0.10821 4.94157
880 0.240428 -0.304378 -1.34161
880 0.00702502 -0.351758 -1.34161
880 0.220962 0.133051 4.94157
880 0.108736 -0.17976 -1.34161
880 0.0280959 0.0672888 4.94157
880 0.270805 -0.313223 -1.34161
880 0.44185 -0.169197 -1.34161
880 0.314149 -0.271203 -1.34161
880 0.0416379 -0.0449879 4.94157
880 -0.179192 0.356815 4.94157
880 0.122023 0.128418 4.94157
880 0.366382 -0.254509 -1.34161
880 -0.0921252 -0.145186 4.94157
880 0.32257 -0.381561 -1.34161
880 -0.265541 0.292192 -1.34161
880 0.428534 0.0846653 4.94157
880 0.431835 -0.25728 -1.34161
880 0.107974 -0.519052 -1.34161
880 0.190582 -0.210031 -1.34161
880 0.437602 -0.0845663 -1.34161
880 0.274141 0.196254 4.94157
880 -0.522725 0.208781 4.94157
880 0.114362 -0.0494281 4.94157
880 0.360439 0.213206 4.94157
880 0.166037 -0.0699245 4.94157
880 -0.534714 0.17576 4.94157
880 0.00238923 0.078465 4.94157
880 0.0403908 -0.527084 -1.34161
880 0.215494 0.292417 -1.34161
880 -0.476428 0.156518 4.94157
880 -0.266802 -0.222177 4.94157
880 0.250446 0.406583 4.94157
880 -0.238833 0.348878 4.94157
880 -0.367392 0.199165 4.94157
880 -0.335067 0.204087 4.94157
880 0.462405 -0.195219 -1.34161
880 0.311089 0.315556 4.94157
880 0.331198 0.207544 4.94157
880 -0.263305 -0.282497 4.94157
880 -0.213439 -0.370704 -1.34161
880 -0.364761 0.0226262 4.94157
880 -0.163244 0.470889 4.94157
880 0.144185 -0.0880785 4.94157
880 0.543428 -0.141477 -1.34161
880 -0.0517962 -0.0557063 4.94157
880 0.145293 0.247495 4.94157
880 0.495808 0.0648862 4.94157
880 0.165476 -0.334301 -1.34161
880 -0.552821 0.106867 4.94157
880 0.102528 0.463821 4.94157
880 -0.152048 0.177489 4.94157
880 -0.174204 0.126311 4.94157
880 0.0569747 0.0277969 4.94157
880 0.392401 -0.31268 -1.34161
880 0.465472 0.0778161 -1.34161
880 0.00791944 -0.163873 4.94157
880 0.21066 -0.29555 -1.34161
880 0.0278733 -0.558633 -1.34161
880 -0.0726535 0.11608 4.94157
880 -0.300726 0.339434 4.94157
880 -0.192019 0.496451 4.94157
880 0.0376475 -0.203535 4.94157
880 -0.107365 -0.274681 4.94157
880 0.33981 0.449396 -1.34161
880 0.524607 -0.0875919 -1.34161
880 -0.481903 -0.286897 4.94157
880 0.263117 0.247276 4.94157
880 0.0816465 -0.497671 -1.34161
880 -0.0143107 0.282527 4.94157
880 0.322419 0.261787 4.94157
880 0.467766 0.190286 -1.34161
880 -0.175402 0.3031 4.94157
880 0.32779 0.124884 -1.34161
880 0.157725 -0.171898 4.94157
880 -0.0516313 0.131327 4.94157
880 -0.31389 0.433622 4.94157
880 -0.378692 0.17055 4.94157
880 0.0554743 0.157214 4.94157
880 0.288798 -0.0370077 4.94157
880 -0.0393775 -0.41609 -1.34161
880 0.507047 -0.155462 -1.34161
880 0.135097 -0.466326 -1.34161
880 -0.129869 0.280146 4.94157
880 0.183431 0.00363404 4.94157
880 0.247466 -0.452917 -1.34161
880 -0.0147895 -0.180605 4.94157
880 -0.192112 0.147594 4.94157
880 -0.248768 0.137236 4.94157
880 0.420243 -0.144276 -1.34161
880 -0.443895 -0.344092 4.94157
880 -0.391507 0.00881674 4.94157
880 -0.45541 -0.113232 4.94157
880 -0.0375886 -0.557174 -1.34161
880 0.3124 -0.466695 -1.34161
880 -0.412408 -0.276788 4.94157
880 -0.0480294 0.102812 4.94157
880 0.420498 0.000792367 4.94157
880 -0.35764 -0.2609 4.94157
880 -0.253869 0.322718 4.94157
880 -0.41017 0.165443 4.94157
880 -0.243197 -0.148707 4.94157
880 0.129866 -0.54385 -1.34161
880 0.417105 0.279393 4.94157
880 0.472201 0.305432 -1.34161
880 0.398014 -0.200865 -1.34161
880 0.460144 -0.321629 -1.34161
880 -0.153511 -0.366745 -1.34161
880 -0.313599 0.104459 4.94157
880 -0.0462305 -0.356663 -1.34161
880 -0.0145644 0.231828 4.94157
880 0.105181 0.326471 -1.34161
880 0.421255 0.223129 -1.34161
880 -0.37516 0.303895 4.94157
880 0.436418 0.252089 -1.34161
880 -0.5575 -0.0739314 4.94157
880 -0.240695 -0.358985 4.94157
880 0.162965 -0.0423197 4.94157
880 -0.292612 -0.0580156 4.94157
880 -0.425544 0.275629 4.94157
880 -0.146655 -0.0643 4.94157
880 -0.145544 -0.430558 -1.34161
880 -0.368588 0.0892706 4.94157
880 0.463532 0.107116 4.94157
880 -0.0737356 -0.072455 4.94157
880 -0.20914 0.35417 4.94157
880 -0.446853 -0.0145507 4.94157
880 0.558301 0.0734752 -1.34161
880 0.250954 0.439138 4.94157
880 0.4433 -0.0226944 -1.34161
880 0.225906 -0.118667 -1.34161
880 -0.315896 -0.0123301 4.94157
880 -0.11632 0.306719 4.94157
880 0.176903 0.113545 4.94157
880 0.0591435 0.305066 4.94157
880 -0.487704 0.212736 4.94157
880 -0.474848 0.00652932 4.94157
880 -0.418249 0.336165 4.94157
880 -0.0287339 0.206635 4.94157
880 0.353413 0.354984 4.94157
880 -0.188979 -0.206434 4.94157
880 0.10006 0.227176 4.94157
880 0.37024 -0.337124 -1.34161
880 -0.492861 0.2736 4.94157
880 -0.132075 0.00879243 4.94157
880 -0.101619 -0.551191 4.94157
880 0.0742885 -0.112458 4.94157
880 0.255752 -0.121739 4.94157
880 0.0276516 0.206144 4.94157
880 -0.240604 -0.0297445 4.94157
880 0.288228 -0.171185 -1.34161
880 0.216784 -0.0629131 -1.34161
880 -0.0963287 -0.0889325 4.94157
880 -0.213409 0.0962695 4.94157
880 -0.214324 -0.0154322 4.94157
880 0.334984 0.072852 -1.34161
880 0.275527 -0.0654134 4.94157
880 -0.152968 -0.00720255 4.94157
880 0.212535 -0.190917 -1.34161
880 0.197265 0.435917 4.94157
880 -0.163478 0.0440203 4.94157
880 0.551524 -0.107965 -1.34161
880 -0.0214269 -0.339745 -1.34161
880 0.430523 0.309664 4.94157
880 -0.0938782 -0.42464 -1.34161
880 0.352788 0.268674 4.94157
880 -0.23887 -0.236296 4.94157
880 -0.215714 -0.192438 4.94157
880 0.0485683 -0.457513 -1.34161
880 -0.339017 -0.40634 4.94157
880 0.525166 0.0856677 -1.34161
880 0.534414 0.177957 -1.34161
880 -0.1886 0.0559941 4.94157
880 -0.266591 -0.0439177 4.94157
880 0.240255 -0.418408 -1.34161
880 0.533936 -0.0184445 -1.34161
880 0.172149 -0.364317 -1.34161
880 -0.444238 -0.224006 4.94157
880 0.118654 -0.236697 4.94157
880 -0.162695 0.50892 4.94157
880 -0.267568 -0.34534 4.94157
880 -0.363774 -0.384752 4.94157
880 -0.0108776 -0.498602 -1.34161
880 0.0509088 0.0824434 4.94157
880 0.0924275 -0.0669263 4.94157
880 0.0553989 0.204277 4.94157
880 -0.384329 0.332566 4.94157
880 -0.417839 0.0275037 4.94157
880 0.00732503 0.472207 4.94157
880 0.052351 -0.129761 4.94157
880 -0.293631 -0.329557 4.94157
880 0.164386 -0.475875 -1.34161
880 0.382244 0.0518564 4.94157
880 -0.458792 0.274901 4.94157
880 -0.0986502 -0.0605443 4.94157
880 0.325073 -0.300582 -1.34161
880 0.205917 0.0222243 4.94157
880 0.0416457 -0.231894 4.94157
880 0.0452153 0.332055 4.94157
880 0.262799 -0.283471 -1.34161
880 0.332522 -0.0580325 4.94157
880 -0.197229 0.383749 4.94157
880 -0.427186 -0.0985578 4.94157
880 -0.134183 -0.262122 4.94157
880 -0.0881269 0.0413239 4.94157
