685 -1.21718 -0.511193 2.71119
685 -0.325007 -1.33143 3.62762
685 0.0107651 -1.212 3.92336
685 -0.955807 -0.223005 2.52228
685 0.375075 0.767194 0.375591
685 -0.850985 0.310115 1.99666
685 0.333377 0.919172 0.487519
685 1.04401 0.882284 6.17586
685 -0.690865 -0.958992 3.24134
685 0.390775 -1.2404 4.22439
685 -0.0616105 -0.986473 3.80351
685 -1.06257 -0.862075 3.00962
685 0.624951 0.81369 0.153213
685 1.16674 -0.482598 5.09606
685 0.452358 -1.19204 4.27391
685 -1.25222 -0.34709 2.58929
685 0.737317 -0.743068 4.68163
685 -1.10067 -0.661205 2.85709
685 -1.31246 -0.127743 2.43672
685 -0.622123 -0.716897 3.13266
685 1.23334 -0.705851 4.94163
685 -0.00318747 1.31601 0.796105
685 0.686359 0.497297 6.15118
685 0.122357 0.952568 0.713735
685 1.00697 -0.336925 5.15723
685 0.248188 1.26012 0.584094
685 1.37945 -0.0170243 5.48644
685 0.779913 -1.08214 4.53846
685 -1.19553 0.000279656 2.3362
685 1.17224 0.738641 6.03438
685 -0.692199 -0.80505 3.15
685 -0.904194 0.814221 1.61276
685 1.1104 0.790955 6.10559
685 1.03088 0.475329 5.92166
685 1.09047 0.188557 5.67082
685 0.599397 0.860369 0.178313
685 0.364688 -0.810517 4.34635
685 -0.29674 -1.39191 3.65817
685 0.15002 1.18355 0.67389
685 -0.108548 0.917758 0.947426
685 0.783893 -0.852109 4.64016
685 -1.16477 -0.0640224 2.37818
685 1.02748 0.635582 6.02927
685 -0.488999 0.831144 1.35985
685 0.129395 -1.41983 4.00141
685 0.586206 -1.17451 4.38718
685 0.540258 -1.00442 4.41812
685 -1.09377 0.594904 1.83902
685 0.119108 1.29116 0.699613
685 0.148816 1.12003 0.676498
685 1.10889 0.246825 5.71697
685 -0.756648 0.687195 1.61832
685 1.28193 -0.588239 5.03682
685 -0.348506 -1.02085 3.52042
685 0.802206 0.285191 5.86297
685 1.06343 -0.311127 5.17939
685 1.40918 0.0256374 5.48411
685 1.24787 0.352407 5.77753
685 -0.925409 -0.846186 3.06384
685 0.402528 0.806666 0.372311
685 0.396841 -1.34247 4.2166
685 0.0165568 -1.43342 3.94465
685 -0.58627 -1.26324 3.44691
685 1.10614 0.545646 5.9437
685 -1.10948 0.125986 2.21903
685 -0.152764 -0.944684 3.67114
685 0.284444 0.958572 0.539524
685 -0.38922 -1.3176 3.57961
685 0.318435 1.36129 0.56396
685 -0.842566 0.757337 1.61208
685 -0.560681 -1.31207 3.47453
685 1.05832 -0.916057 4.73052
685 -0.863761 -0.0835322 2.38527
685 0.506038 -1.36443 4.27277
685 -1.0911 -0.47647 2.70624
685 -1.10103 -0.0818012 2.38985
685 -0.716219 -0.701205 3.07211
685 0.150777 -1.19467 4.03082
685 -1.1025 0.647209 1.81768
685 -0.736203 0.500693 1.76623
685 -0.733491 -0.843661 3.15555
685 0.472271 0.822274 0.310007
685 0.572614 1.04176 0.313795
685 0.634554 -1.31436 4.37044
685 -0.528653 -1.21936 3.4675
685 -0.597675 -1.15165 3.40668
685 -0.507557 0.672152 1.4451
685 0.943852 -0.133808 5.3481
685 -0.593864 0.767482 1.44645
685 1.28753 -0.467706 5.1304
685 0.534158 1.06856 0.332655
685 0.356569 1.04927 0.488655
685 -0.411895 -1.24634 3.55527
685 -0.398711 -0.892184 3.41048
685 1.0609 -0.13139 5.35955
685 0.376163 1.16686 0.490155
685 -0.828576 0.986035 1.46347
685 1.25336 0.113241 5.57168
685 -0.564343 -0.731179 3.16826
685 0.0783225 -1.1065 3.97033
685 1.00396 -1.04541 4.66057
685 -0.586625 -0.677301 3.14303
685 0.892858 -0.439639 5.02306
685 0.190778 -1.14481 4.09337
685 1.05145 0.554031 5.9696
685 -0.330942 1.21945 1.05462
685 1.29489 0.58285 5.91374
685 -0.379845 0.736913 1.33924
685 -0.467791 0.958959 1.31422
685 1.12066 -0.314659 5.18653
685 -0.264923 -1.09914 3.60777
685 -0.282412 1.20745 1.02775
685 0.51465 1.31845 0.412588
685 0.973046 -0.625519 4.89059
685 -0.558377 0.639165 1.51723
685 -1.00361 0.518815 1.87773
685 0.998428 -0.00127492 5.50314
685 -0.767799 -1.18605 3.33932
685 0.86688 0.26668 5.81973
685 1.14418 0.495811 5.90414
685 0.493942 1.16828 0.400614
685 -0.360682 -0.949502 3.47669
685 -0.364752 -0.854106 3.42709
685 -0.980131 -0.944843 3.10108
685 1.05147 0.947445 6.2224
685 0.338839 -1.19637 4.20375
685 1.1605 -0.710319 4.90957
685 1.0374 -0.990014 4.71635
685 1.0315 0.0828006 5.58804
685 0.147476 0.777475 0.660092
685 -0.250951 -0.934862 3.56823
685 -0.657767 0.320628 1.89307
685 -0.67172 0.619239 1.61693
685 0.837412 -0.603625 4.8349
685 0.649088 -1.18918 4.42813
685 -0.40895 -0.799248 3.37482
685 -1.25008 -0.178789 2.47866
685 0.323677 -1.40899 4.1661
685 -0.0581133 -1.4151 3.85673
685 -0.449777 1.12838 1.18318
685 1.15581 -0.0366809 5.46725
685 -0.801445 -0.950778 3.17825
685 -0.917741 -1.03018 3.15575
685 -0.744598 -0.998266 3.22957
685 0.81728 0.471562 6.02504
685 0.0835887 1.20034 0.739449
685 -0.57784 1.10961 1.3231
685 -0.657681 -1.20011 3.3859
685 0.797496 -1.1452 4.51591
685 0.629128 1.0203 0.231391
685 -0.74864 0.132875 2.15511
685 -0.159211 0.900542 0.989426
685 0.560455 -0.77048 4.54781
685 -0.832565 -0.897987 3.13813
685 1.23158 0.717833 5.9896
685 -0.479289 0.507902 1.55154
685 -0.361645 0.627451 1.38243
685 0.669455 0.634632 0.0143382
685 -0.293933 -1.14913 3.59397
685 1.1113 0.449123 5.88868
685 -0.0136441 0.996274 0.83491
685 -0.448176 0.683867 1.40282
685 -0.625937 1.15061 1.33426
685 0.331579 0.839304 0.464728
685 1.09112 -0.370973 5.14501
685 0.863502 0.712975 6.18965
685 -0.808394 -0.219945 2.53263
685 0.303636 1.10073 0.529685
685 -0.913773 0.0233972 2.28473
685 0.595501 -0.852584 4.52267
685 -0.79181 0.296221 1.99642
685 1.07068 0.829672 6.13894
685 -0.547796 -1.16982 3.43272
685 -1.11684 0.39763 2.02166
685 -0.515461 -0.974706 3.39271
685 1.24811 0.459108 5.8491
685 0.111677 0.823216 0.717613
685 -0.789277 0.644042 1.6653
685 1.36673 -0.369873 5.18793
685 -0.0780629 -1.3571 3.83884
685 -0.903804 0.753443 1.6588
685 -1.14607 0.224218 2.16434
685 -0.249093 1.25792 0.989649
685 -1.24647 -0.237801 2.50506
685 -0.741424 -0.484179 2.8238
685 0.969173 0.68759 6.11682
685 0.559881 0.981364 0.296315
685 1.19061 0.104103 5.56973
685 -0.404608 1.23765 1.10808
685 -0.795459 1.02287 1.45359
685 0.197023 -1.42269 4.06189
685 0.646729 1.24573 0.30603
685 -0.404096 -1.01562 3.46601
685 0.872256 -0.716322 4.77887
685 0.445155 1.32747 0.460275
685 1.09616 -0.845111 4.82223
685 -0.663284 0.681258 1.57124
685 0.488228 -1.30662 4.26874
685 -0.740908 0.771082 1.56839
685 -0.550582 -1.06946 3.39997
685 0.863797 0.11377 5.63351
685 -0.496991 0.903247 1.34511
685 -0.672714 -0.470174 2.84572
685 0.789189 1.13913 0.156829
685 0.963092 0.74028 6.14557
685 -0.79728 -1.00814 3.21886
685 -1.19583 -0.158445 2.45075
685 0.368644 -0.944997 4.2775
685 0.215474 -1.02727 4.13901
685 -0.914589 -0.282251 2.58525
685 -0.152569 -1.13642 3.72804
685 1.13491 0.849556 6.12579
685 0.0733855 -0.912051 3.95706
685 -0.913177 0.201628 2.12813
685 1.36562 0.246064 5.65955
685 -0.698597 -0.525548 2.88824
685 1.00185 -0.285548 5.18368
685 1.23076 -0.529984 5.06706
685 -0.190438 0.778043 1.07103
685 1.33294 -0.224983 5.29218
685 0.0201579 -0.894144 3.91237
685 -0.0984095 1.18361 0.884447
685 1.19809 0.480605 5.87486
685 1.0402 -0.0508685 5.44553
685 -0.801096 -0.848068 3.12527
685 0.959247 -0.911473 4.72314
685 0.639326 -1.24531 4.39958
685 -0.435961 -1.1065 3.48207
685 -0.0481176 1.20642 0.843986
685 0.571683 -1.22575 4.3562
685 -0.832085 -0.555231 2.86177
685 -0.81636 0.245689 2.05965
685 -0.835266 -0.803932 3.07582
685 0.290391 -1.02732 4.20828
685 0.851456 0.548888 6.06937
685 0.88739 0.938666 0.0352845
685 -1.20545 0.241842 2.16699
685 0.111288 0.902351 0.724704
685 -0.816784 0.589512 1.73938
685 -1.31755 -0.0448644 2.37157
685 -0.537925 0.516702 1.59771
685 0.0148425 0.954358 0.814883
685 0.357752 0.964931 0.462474
685 -1.05912 0.718301 1.75698
685 -0.299525 0.645361 1.31082
685 -1.24438 0.336816 2.10966
685 -0.580069 1.04978 1.33578
685 0.636452 0.550454 6.25239
685 0.740327 0.516787 6.12523
685 0.078886 1.3331 0.745403
685 -0.274962 1.06722 1.05648
685 -0.354548 0.836724 1.25494
685 -0.436761 -1.35941 3.56627
685 -1.10437 0.268721 2.12655
685 0.827983 1.09146 0.126419
685 1.05647 0.752111 6.10838
685 -0.210196 0.980033 1.01945
685 1.21714 -0.0625173 5.43631
685 -0.0515741 0.957556 0.870514
685 0.678384 1.00866 0.193697
685 -0.987087 -0.643491 2.88542
685 0.447123 1.01449 0.400905
685 1.38211 -0.185564 5.32769
685 1.32741 0.509535 5.84918
685 -0.255526 -1.34737 3.68228
685 0.968706 0.483464 5.96121
685 -0.938543 -0.332354 2.61102
685 0.898158 -0.568556 4.90198
685 0.652565 -0.828455 4.57843
685 0.020081 1.07138 0.809565
685 0.412603 1.05848 0.431499
685 -0.328121 0.926951 1.16989
685 -0.604902 -1.03898 3.36076
685 -0.877617 -0.32623 2.62585
685 0.739482 0.627724 6.221
685 0.874914 -1.14846 4.56466
685 -0.599407 -1.20993 3.42343
685 -0.705222 0.72883 1.5642
685 -0.834763 -0.748006 3.03254
685 0.938631 -0.199505 5.25238
685 0.157712 0.864719 0.650515
685 0.362348 -1.14094 4.23159
685 0.777831 -0.686933 4.75118
685 -1.14251 -0.357152 2.60217
685 0.531624 0.618167 0.105728
685 0.753198 0.577268 6.17879
685 -0.420567 0.6237 1.4148
685 -1.30633 0.036996 2.31129
685 -0.0354019 1.15726 0.83462
685 0.396348 1.00454 0.428437
685 0.569013 -0.941182 4.46137
685 1.2563 -0.406437 5.16624
685 0.73831 -0.897698 4.58544
685 0.810344 0.609286 6.16213
685 0.425822 1.27111 0.467514
685 0.198605 1.02769 0.611544
685 0.00662657 -1.12936 3.91207
685 0.372985 0.874988 0.415067
685 -1.03261 0.593443 1.81552
685 0.384849 1.34625 0.505857
685 1.10272 0.896624 6.15265
685 0.81839 0.97784 0.0909558
685 0.989733 -0.745788 4.82337
685 -1.16993 0.494112 1.95339
685 1.04611 0.133167 5.61891
685 -1.27278 0.0827687 2.27166
685 -1.2991 -0.328701 2.58507
685 0.190114 -0.893988 4.1445
685 0.350238 -1.03846 4.24189
685 -0.0728215 1.01625 0.882567
685 0.28971 0.897331 0.526954
685 -0.718065 -0.759336 3.10056
685 0.907482 -0.248745 5.20292
685 -0.161647 -1.38239 3.77247
685 -0.732364 -0.637053 2.97988
685 -0.692437 -0.203551 2.52969
685 0.903691 0.199432 5.73371
685 0.489428 1.27267 0.413895
685 -0.775334 -0.799153 3.0949
685 -0.447905 0.861671 1.32692
685 -0.776596 -0.888566 3.14157
685 -1.01512 0.429499 1.95357
685 -0.788324 -0.652311 2.97139
685 -1.09998 -0.719693 2.89676
685 -0.0712981 0.802497 0.934921
685 0.0470315 -1.05726 3.94145
685 0.336311 -1.35281 4.19195
685 0.589752 -1.07354 4.43251
685 1.37741 -0.270097 5.25735
685 -0.4112 -0.959764 3.443
685 0.115088 -1.14978 4.00185
685 1.16867 0.37283 5.81111
685 0.790168 -0.629303 4.79772
685 0.742448 0.908161 0.100751
685 0.196226 0.898851 0.610312
685 -0.0260903 1.04789 0.841972
685 0.602501 -1.12726 4.41402
685 -0.952348 0.722672 1.70932
685 1.18916 0.267504 5.71334
685 0.869132 -0.195313 5.24705
685 -0.536436 -0.912252 3.33958
685 -0.709304 -1.10766 3.33582
685 -0.964071 0.193528 2.15093
685 -1.01479 -0.105171 2.41848
685 -0.725224 0.315707 1.93813
685 -0.71452 0.945234 1.43289
685 0.186168 0.953056 0.611531
685 0.0385917 -0.980266 3.9278
685 -0.968878 0.0495411 2.26981
685 -0.431833 1.00876 1.22721
685 1.19018 -0.111976 5.38612
685 1.18799 0.601288 5.94455
685 0.72827 1.04587 0.169545
685 -0.3309 -1.10604 3.5631
685 0.473572 1.2215 0.413777
685 -0.0358225 0.912586 0.865842
685 -0.529124 1.06949 1.30337
685 0.971843 0.791206 6.16613
685 -0.575662 0.882093 1.38614
685 0.704554 0.737611 0.0592067
685 0.843375 -0.541556 4.89944
685 -0.816001 0.87857 1.53287
685 -1.23041 -0.564554 2.74301
685 -0.262253 0.954449 1.07686
685 1.32451 0.356037 5.76007
685 0.240875 1.0659 0.597524
685 -0.46693 1.06843 1.23578
685 -0.304795 -1.05463 3.56803
685 0.974697 -0.527456 4.97477
685 -0.79469 0.782086 1.58646
685 0.863797 0.998379 0.0838384
685 -0.966299 0.469975 1.89961
685 -1.08031 -0.535981 2.74672
685 1.16542 -0.342552 5.17139
685 -0.524665 0.863126 1.36013
685 0.675575 -1.14143 4.45821
685 -0.515423 0.966745 1.3266
685 -0.740186 0.395342 1.84447
685 1.09648 -0.0293803 5.46068
685 -0.0943183 -0.920939 3.72904
685 1.08853 -0.185887 5.3079
685 -0.195128 -1.33237 3.74072
685 1.10033 0.0462216 5.54016
685 -0.864863 0.402251 1.91888
685 0.438123 -0.766635 4.44847
685 1.00196 -0.825859 4.76154
685 -0.630789 -0.833361 3.19596
685 -0.704276 -0.0832564 2.38141
685 0.255626 1.36798 0.591066
685 0.560563 -1.33417 4.32173
685 1.38563 0.193141 5.6207
685 0.932562 0.969209 0.0249124
685 -1.03188 -0.475729 2.71976
685 0.275556 0.822389 0.526331
685 -0.891232 -0.572334 2.84956
685 0.0415873 1.2922 0.770186
685 0.942164 1.07463 0.0650433
685 0.778155 0.790379 0.0388127
685 -1.21779 -0.0546573 2.37666
685 1.08782 -0.959512 4.72859
685 -1.197 0.315444 2.10772
685 0.0125998 1.23643 0.794217
685 0.993305 0.970691 6.27756
685 -0.194195 1.15505 0.962749
685 -0.342571 1.1413 1.09364
685 -1.05695 0.045948 2.28192
685 -0.575435 0.471282 1.68083
685 0.730196 1.11595 0.202609
685 -0.375044 0.578211 1.40462
685 0.63311 1.07778 0.247038
685 1.0533 0.261742 5.73828
685 -0.204746 -1.22561 3.69564
685 -0.675618 0.77952 1.49417
685 0.189812 1.08455 0.629559
685 0.929786 0.591537 6.05248
685 0.0918468 1.05287 0.730458
685 0.543554 0.86001 0.235863
685 1.05058 0.0220867 5.52048
685 -0.597383 0.370785 1.77712
685 -0.21619 -1.1329 3.6637
685 -1.04296 -0.670072 2.88581
685 -1.0359 -0.165466 2.46294
685 -1.01681 0.748326 1.73828
685 -0.400905 0.856005 1.29893
685 -0.968463 0.402392 1.96731
685 1.00036 0.845338 6.17669
685 0.168805 1.31956 0.665913
685 -1.16106 0.434186 2.01391
685 0.10477 1.1451 0.725538
685 1.14299 0.0906724 5.57834
685 -0.82858 0.535903 1.77569
685 1.00851 -0.102104 5.3943
685 0.90269 -0.0212391 5.48323
685 0.678075 1.1265 0.225351
685 0.518015 1.00853 0.327832
685 0.862088 0.431694 5.97385
685 0.909907 0.700599 6.1662
685 -0.0827376 1.36169 0.853303
685 -0.71425 -0.897689 3.19035
685 0.538567 -1.05939 4.39785
685 0.871137 0.492742 6.01151
685 -0.742132 -0.369296 2.69099
685 0.899148 -0.505136 4.95958
685 -0.578565 -0.946123 3.32775
685 0.891994 -0.303978 5.15699
685 -0.849815 0.629451 1.72811
685 0.671345 -0.744599 4.62988
685 -0.786367 0.833541 1.54835
685 -0.886108 -0.158512 2.47247
685 0.647045 0.871447 0.161111
685 -0.781475 -0.0989925 2.40525
685 0.486689 -0.812106 4.46128
685 -0.38457 0.918329 1.23358
685 0.780105 0.661255 6.21392
685 -0.958657 0.260092 2.09451
685 -1.16168 -0.254117 2.52103
685 -1.00368 0.137019 2.19662
685 -0.31989 -0.912059 3.49517
685 0.933105 0.901937 6.27074
685 1.16151 0.21456 5.67587
685 -0.0990457 -1.16157 3.79423
685 0.975223 -0.38992 5.11142
685 0.761251 -0.942845 4.58175
685 0.785945 -0.782083 4.69957
685 -0.935045 -0.147629 2.45311
685 0.97724 0.311575 5.82387
685 1.17304 -0.267566 5.23907
685 0.607451 1.13899 0.315588
685 -0.350963 1.07327 1.12576
685 0.639949 -0.699809 4.63875
685 -0.0116991 -1.26648 3.90583
685 -0.561854 0.583915 1.55858
685 0.473221 -1.02942 4.36126
685 0.317144 1.15915 0.537308
685 0.571758 1.10309 0.324216
685 1.06938 -0.528196 5.00893
685 -0.219928 1.20344 0.980683
685 -0.750853 0.250873 2.03127
685 0.951211 -1.0533 4.64104
685 -1.1264 -0.0335299 2.36132
685 0.759498 -0.575231 4.81161
685 -0.95439 0.13891 2.18851
685 -0.350838 -1.27196 3.59993
685 -0.769132 -0.751938 3.0766
685 -0.856478 -0.20568 2.51792
685 0.0472355 -1.15749 3.94175
685 0.582095 -0.723985 4.57461
685 -0.340615 0.692932 1.33482
685 0.841844 -0.975213 4.60705
685 0.568119 0.914209 0.241468
685 0.251953 -1.3544 4.11632
685 -0.929496 0.0859701 2.23412
685 -0.986477 -0.821345 3.00093
685 0.699517 -0.792998 4.61996
685 -0.924072 0.596262 1.77987
685 -1.06793 -0.126499 2.44305
685 0.19759 1.22086 0.635463
685 -0.865209 -0.00296112 2.30581
685 -0.678991 -0.407989 2.75503
685 -1.1683 -0.41246 2.64026
685 -0.436486 -1.29318 3.56573
685 0.876131 1.05052 0.0819714
685 -0.507809 0.577068 1.52454
685 -0.872159 -0.511348 2.78651
685 1.13716 -0.395459 5.14825
685 -0.142318 1.25411 0.893655
685 0.256754 -1.13399 4.16622
685 0.337268 -0.987051 4.24838
685 0.841724 -0.670513 4.79572
685 0.841181 -0.786403 4.72144
685 -0.710028 0.668038 1.60421
685 0.012075 1.18553 0.800253
685 -1.01133 -0.0446796 2.35752
685 0.698864 1.22645 0.263961
685 0.821698 -1.03224 4.58123
685 0.718485 -0.680409 4.7228
685 0.425872 1.19831 0.448597
685 -0.472443 -0.804955 3.32658
685 -0.308327 1.1053 1.07891
685 0.665147 -0.635224 4.71197
685 -0.309978 1.2755 1.02932
685 0.924545 1.02274 0.0595002
685 -1.19359 0.184019 2.19966
685 0.732176 0.788308 0.0664546
685 1.17707 -0.818294 4.85502
685 -0.502608 -0.62999 3.15678
685 -0.0656858 1.3098 0.845148
685 -1.08819 0.00411684 2.32127
685 1.0158 0.716725 6.10821
685 -0.0105048 -0.944433 3.88072
685 0.912795 0.807442 6.23127
685 0.717358 1.17243 0.22126
685 0.464564 0.76716 0.27861
685 -0.761588 0.966902 1.44413
685 0.810463 0.730262 6.24695
685 0.825741 -0.342283 5.10619
685 -0.21751 0.920526 1.04707
685 -0.112664 0.860266 0.966468
685 -1.04779 -0.72729 2.90485
685 0.180699 1.27022 0.657441
685 -0.51017 -1.02943 3.3968
685 0.0722577 -1.43133 3.96397
685 -1.11713 0.177468 2.19687
685 -0.325885 -1.2262 3.60382
685 1.01791 -0.881602 4.73935
685 0.576688 0.800599 0.181857
685 -1.06633 0.373748 2.03207
685 -0.193032 -1.08417 3.68041
685 -0.727419 0.55982 1.70435
685 1.37803 0.304016 5.69177
685 0.652574 -1.09081 4.46411
685 -0.827365 -1.05081 3.22685
685 0.437093 -1.29038 4.25628
685 -1.02636 -0.907183 3.05242
685 0.890397 -0.636515 4.8373
685 0.323738 -1.09001 4.21829
685 -0.961226 -0.00236372 2.30796
685 -0.557643 -1.00908 3.38358
685 -1.06713 0.536607 1.89388
685 0.812947 -0.906614 4.63669
685 1.18907 -0.76622 4.86999
685 0.775299 -1.20496 4.48742
685 -1.27012 -0.403556 2.6286
685 -0.363764 -1.37965 3.6191
685 -0.239656 1.0234 1.04301
685 0.886597 0.643982 6.12482
685 -0.63113 1.0904 1.34607
685 -0.780656 0.35365 1.92824
685 0.768698 0.358013 5.95317
685 0.0494918 -1.26066 3.95246
685 -1.28468 0.213193 2.19018
685 0.686229 0.580786 6.23994
685 -0.0208943 -1.32487 3.8989
685 1.40335 0.13074 5.57759
685 -0.635201 0.731943 1.5042
685 -0.444312 0.798496 1.35802
685 -0.866515 -0.995907 3.16154
685 0.917459 0.516552 6.00452
685 -0.890175 -0.639476 2.9017
685 -0.258463 -0.877588 3.53554
685 0.131255 1.23548 0.693756
685 1.21275 -0.588404 5.02468
685 0.515153 0.953745 0.32415
685 -0.182526 -1.02635 3.66733
685 -0.262549 -0.990121 3.57176
685 1.19923 0.323805 5.75663
685 -0.734438 0.846143 1.49781
685 -0.877016 0.062533 2.25137
685 -0.907509 -0.906138 3.1123
685 1.11403 -0.257883 5.22352
685 -1.13784 -0.758638 2.91058
685 0.865718 -0.922693 4.64789
685 0.268946 -1.07555 4.18497
685 -0.583567 0.82502 1.42785
685 -0.261158 0.878545 1.12376
685 0.0951175 -0.980011 3.9902
685 0.914145 0.304451 5.83453
685 -0.785346 -0.340525 2.66393
685 0.930993 -1.12463 4.5836
685 -0.847731 0.192746 2.12711
685 0.15561 -1.28159 4.02363
685 0.607075 0.633257 0.0792097
685 0.608177 0.737145 0.112225
685 1.24167 0.595299 5.93357
685 -0.861893 -0.940218 3.14042
685 -0.884298 -0.715589 2.97322
685 0.55973 1.16158 0.33818
685 0.683068 1.06929 0.211601
685 1.07543 0.604967 5.99299
685 -0.605427 -0.892473 3.27692
685 -0.193835 1.26529 0.93051
685 0.987808 -0.232684 5.23344
685 0.0696714 0.873188 0.765744
685 0.400401 -1.18378 4.24816
685 -0.0387228 1.10583 0.849687
685 0.571445 0.590833 0.0841319
685 0.771678 1.19487 0.193272
685 1.34683 0.0438878 5.50708
685 0.997902 0.596636 6.02449
685 0.641394 1.18187 0.301963
685 1.02981 0.327403 5.82658
685 0.949783 0.0247467 5.52954
685 -1.16824 0.364547 2.06684
685 -0.14034 -1.07369 3.71509
685 0.230381 0.786113 0.566801
685 0.0969923 -1.29458 3.98544
685 0.00120573 -1.02193 3.90208
685 -0.857923 0.143731 2.1595
685 -0.688301 0.832334 1.47594
685 0.993846 -0.677694 4.87191
685 -0.687329 0.159277 2.11776
685 0.210983 -0.96717 4.15243
685 -0.968972 -0.282097 2.5763
685 -1.00957 0.36348 2.0155
685 1.21019 0.661015 5.9763
685 -0.84473 -0.613201 2.90095
685 0.481578 1.0512 0.380855
685 -0.637587 0.472088 1.72451
685 -0.56736 -0.581689 3.04285
685 0.412834 -0.98917 4.31206
685 0.695168 -1.26617 4.43642
685 0.897045 -0.76516 4.75939
685 1.07728 0.4992 5.93061
685 -0.828162 0.0892858 2.21671
685 -0.982954 -0.507379 2.75401
685 0.903021 0.756206 6.19242
685 0.00889995 -1.37579 3.9291
685 -0.192728 1.32472 0.907534
685 -1.00578 0.0785456 2.25363
685 1.16144 0.675046 5.99557
685 1.29063 -0.0769439 5.41581
685 0.999934 1.02051 0.00219878
685 1.00546 0.374902 5.86386
685 -0.146218 1.20589 0.893976
685 -1.21273 0.410446 2.04056
685 -0.646821 -0.927002 3.26793
685 0.905449 -0.964057 4.64645
685 -0.564474 0.699967 1.46478
685 -0.679728 1.12491 1.34913
685 -0.0682411 -1.11264 3.82273
685 -0.201435 0.859516 1.05051
685 0.833474 0.781972 6.27977
685 -1.13155 -0.523598 2.73565
685 0.0816908 0.998941 0.741659
685 0.740574 -1.14115 4.49478
685 -1.20611 -0.455943 2.66748
685 -0.123207 1.30141 0.8792
685 0.881866 -1.02592 4.60204
685 -0.938072 -0.604378 2.86223
685 -1.09162 -0.591976 2.78109
685 -0.765184 -1.06793 3.26996
685 0.021969 0.898222 0.811104
685 -1.02317 0.188977 2.16673
685 0.3059 -1.14724 4.19745
685 -0.682387 0.383659 1.81947
685 -0.0517314 0.86592 0.878707
685 -1.06173 0.154828 2.19908
685 0.457624 1.09585 0.408337
685 -0.618724 0.986635 1.3717
685 -0.530818 -1.11956 3.43059
685 0.749855 -1.25517 4.46063
685 -0.667645 -0.657297 3.04795
685 -1.25571 0.269622 2.15686
685 -0.491235 -1.32793 3.52908
685 -0.436849 0.738187 1.37046
685 0.34801 -0.874804 4.29114
685 -1.11244 0.0672504 2.26731
685 0.744536 0.851935 0.0933484
685 0.409916 0.950869 0.406711
685 0.843095 0.329806 5.88851
685 -0.243188 1.12338 1.01217
685 1.13387 -0.626708 4.95031
685 -0.865195 -0.26465 2.57083
685 -0.0367726 -1.17382 3.86357
685 1.25815 0.280008 5.6984
685 -1.29373 0.132313 2.25313
685 0.266253 -1.40992 4.13284
685 0.0329976 1.02027 0.798343
685 -0.159001 0.95481 0.97928
685 0.712634 -1.19558 4.46627
685 0.885209 0.0439757 5.5588
685 1.1537 0.0202991 5.50353
685 0.917225 0.45288 5.96575
685 1.06786 0.373345 5.83995
685 -0.932414 0.530121 1.82268
685 -0.706212 -1.04666 3.30413
685 0.332196 -1.25083 4.20452
685 0.976597 0.0821905 5.58747
685 0.484765 -1.08058 4.35257
685 -0.481918 -0.683962 3.19454
685 1.26814 0.653172 5.95273
685 -0.465643 1.23237 1.16296
685 -0.159652 1.0073 0.970766
685 0.808334 0.836992 0.0361094
685 0.778495 1.07267 0.132482
685 1.27983 0.0389616 5.50963
685 -0.20125 -0.973802 3.63012
685 0.370942 -1.29395 4.21196
685 0.952581 0.404678 5.89934
685 0.942753 -0.726678 4.8103
685 0.664327 -0.987977 4.5093
685 1.20762 -0.000203596 5.48237
685 -0.692485 -0.267925 2.60252
685 0.237503 0.932017 0.582073
685 0.927689 0.856375 6.25952
685 -0.916636 0.404968 1.94006
685 0.528482 0.795921 0.216577
685 0.321983 1.26797 0.551359
685 -0.396715 0.787087 1.33416
685 -0.475141 0.62773 1.45017
685 -1.25224 0.0103652 2.34015
685 -0.479913 -0.938877 3.39335
685 1.18613 -0.656719 4.95051
685 -0.638171 0.413064 1.77749
685 1.03176 -0.634577 4.89824
685 -1.09709 -0.167391 2.46014
685 1.10171 -0.672451 4.90616
685 1.16646 -0.559826 5.02135
685 -0.663773 0.51903 1.68931
685 -0.693952 0.448774 1.78091
685 0.419171 0.906852 0.394566
685 -1.03738 -0.304186 2.58026
685 0.251548 0.86808 0.548592
685 -0.969624 -0.883635 3.06529
685 -1.04774 0.265508 2.11861
685 0.191214 1.36847 0.652083
685 -1.07585 0.220757 2.14527
685 -0.731286 1.01538 1.41849
685 1.11303 -0.468523 5.08413
685 1.26131 -0.0171501 5.47444
685 0.952459 0.641461 6.08578
685 -0.00291072 0.789841 0.83848
685 -0.603245 0.539855 1.63014
685 0.44299 1.14825 0.426746
685 -1.19909 -0.61554 2.75954
685 0.459451 0.964685 0.377789
685 1.12145 -0.785738 4.84581
685 -1.20788 -0.375866 2.6053
685 0.721658 0.968078 0.14582
685 -0.966757 0.839508 1.62891
685 -0.833103 -1.10908 3.23143
685 0.271357 0.734993 0.509374
685 -0.38774 0.975616 1.19922
685 0.550915 -0.821489 4.51539
685 0.719513 -0.986479 4.53854
685 -0.658723 -1.01899 3.32527
685 1.14102 0.16236 5.64098
685 1.31285 0.296634 5.70465
685 0.80807 1.03219 0.120908
685 0.461877 -1.24212 4.27046
685 1.17715 0.795986 6.06973
685 0.515233 -0.930557 4.43549
685 1.34731 -0.455742 5.1476
685 -0.924653 -0.48368 2.74809
685 -0.125504 -1.32596 3.80213
685 0.789431 0.885735 0.0809982
685 -0.392688 0.682405 1.36495
685 -1.13013 -0.305709 2.5797
685 -0.918543 -0.963133 3.13466
685 0.933044 0.360571 5.88617
685 0.92622 -0.675513 4.8304
685 0.817127 0.390596 5.95378
685 0.542827 -0.884388 4.4671
685 -0.271448 1.31389 1.00344
685 -0.881026 0.929523 1.5478
685 0.198832 1.16151 0.626869
685 1.30295 -0.535082 5.07063
685 0.58886 0.678761 0.0982567
685 0.303692 1.05348 0.531789
685 -1.05152 0.3204 2.06567
685 -0.947889 0.346226 2.0041
685 -0.747135 -0.423782 2.74204
685 -0.310306 -0.978428 3.5381
685 1.02315 -0.560923 4.97543
685 0.21984 0.986772 0.601459
685 -0.561675 -0.857694 3.2874
685 -0.989878 -0.33429 2.60349
685 0.675167 0.950584 0.160626
685 -0.119652 -1.00457 3.73462
685 0.102975 -1.0493 3.99637
685 -0.945728 0.661476 1.75202
685 -0.913797 0.270924 2.08085
685 -0.843629 -0.681062 2.96739
685 -0.549984 0.743152 1.44387
685 -0.557499 1.00338 1.33391
685 1.13032 0.612495 5.97589
685 -1.18454 -0.321075 2.5877
685 -0.445093 0.557816 1.48713
685 1.22275 -0.319322 5.19666
685 0.595299 -0.989081 4.46587
685 -0.786115 -0.702287 3.01502
685 -0.564334 0.414048 1.73667
685 0.150951 -1.09242 4.05271
685 0.385261 -1.08918 4.25816
685 -0.368209 1.18391 1.09094
685 0.998007 -0.443818 5.06112
685 -0.633073 1.03729 1.35858
685 -1.22788 0.115734 2.25945
685 1.09586 0.112711 5.59674
685 -0.497134 0.72327 1.41723
685 -0.62146 -0.615222 3.03211
685 -0.733704 0.620807 1.64361
685 1.35671 0.108821 5.56769
685 0.782059 0.942062 0.0900741
685 1.32319 0.176002 5.62134
685 -0.115608 -1.4215 3.8252
685 -0.967915 -1.00091 3.13358
685 -1.01799 -0.256559 2.54693
685 -0.16186 0.726248 1.05696
685 -0.172311 -1.27731 3.74365
685 1.06158 -0.802954 4.8241
685 -0.599392 -1.09619 3.38136
685 -0.269583 0.694585 1.25591
685 -0.878387 -1.08658 3.23048
685 -0.683007 0.89374 1.42977
685 -0.46156 -0.992456 3.41564
685 -1.05685 0.0988742 2.24087
685 -0.352656 -0.794607 3.40563
685 -0.150605 0.829195 1.00055
685 -0.276284 -1.21271 3.63168
685 0.863936 0.88128 0.0285313
685 -0.849055 0.811343 1.59934
685 0.955693 -0.854964 4.7363
685 -1.09128 -0.790522 2.93516
685 -0.150377 -1.19663 3.75037
685 0.485273 -0.870833 4.43872
685 1.03293 -0.487253 5.03442
685 -0.0913651 1.12594 0.879882
685 0.495069 0.724315 0.218946
685 1.26251 0.179749 5.6329
685 -0.933282 -0.727818 2.96693
685 -0.88131 0.700139 1.68447
685 -0.855716 -0.408012 2.70324
685 -0.931673 0.882339 1.60607
685 -0.365747 1.27923 1.06538
685 0.534441 -1.12353 4.36368
685 1.13741 -0.130573 5.36561
685 -1.02074 0.00729538 2.31413
685 -0.47376 -1.21986 3.49072
685 1.00396 0.535545 5.98866
685 0.52346 -1.18246 4.34669
685 0.316402 1.0014 0.523365
685 -0.627955 -0.549656 2.96336
685 -0.214648 -0.829707 3.55945
685 0.948021 -0.584123 4.90649
685 -1.20928 0.0645905 2.27407
685 -0.615993 -0.489358 2.89964
685 1.29177 -0.286726 5.23306
685 -1.08628 -0.353256 2.61105
685 -0.664125 0.946673 1.41846
685 -0.945094 -0.777621 2.98818
685 -0.0128056 1.36911 0.796404
685 0.867464 -0.384871 5.07597
685 0.497731 -0.743391 4.51143
685 -0.910263 -0.213974 2.51804
685 -0.239938 -1.27217 3.67392
685 0.371115 1.29397 0.510674
685 0.551995 1.26443 0.375388
685 1.30059 0.233268 5.66435
685 -0.837239 -0.135887 2.44962
685 0.724758 -0.50649 4.85764
685 -0.791709 -0.0067165 2.30398
685 0.62441 -0.894217 4.52163
685 -0.723487 -0.158581 2.49381
685 -0.119171 1.04958 0.909787
685 -0.631045 0.807717 1.44711
685 0.992736 0.245766 5.74971
685 1.25991 -0.124206 5.38033
685 0.256037 -0.918633 4.20329
685 0.920292 0.109672 5.62991
685 0.789556 -0.984204 4.58512
685 0.236592 -0.853284 4.20302
685 -0.120642 0.779139 0.987028
685 -0.87688 0.514188 1.81178
685 1.03873 -0.382005 5.13494
685 -0.93972 -0.53239 2.77343
685 -0.733475 -0.577065 2.93006
685 -0.538712 -0.672925 3.15593
685 -0.888417 -0.790243 3.04082
685 0.476285 0.872504 0.329471
685 -0.65258 -1.08149 3.35731
685 0.937905 0.251492 5.7815
685 1.2896 0.393365 5.77267
685 -1.19727 -0.223858 2.50919
685 -0.95823 -0.396387 2.6768
685 -1.26265 -0.453558 2.64347
685 -0.375867 -1.07446 3.52422
685 0.949856 -0.994727 4.65345
685 0.308449 -1.30427 4.18554
685 1.11853 -0.546069 5.01283
685 0.41453 -0.89375 4.36028
685 0.0650921 0.9446 0.766903
685 -0.981455 -0.14695 2.4531
685 -0.498543 -0.868884 3.34585
685 0.201495 0.831295 0.597632
685 0.461061 0.668035 0.221855
685 0.680664 0.795928 0.0943047
685 -1.30133 -0.246966 2.4974
685 0.284201 1.22587 0.567742
685 -0.0809174 0.736512 0.964155
685 -0.998678 -0.757892 2.9583
685 -0.399013 1.11332 1.15729
685 0.838477 -0.854531 4.67453
685 1.22437 0.401849 5.80357
685 -1.11228 -0.232834 2.51842
685 0.264945 1.14377 0.582328
685 0.627528 0.920661 0.187676
685 0.850062 1.14942 0.117261
685 0.553603 0.73985 0.167828
685 1.31073 0.45643 5.83211
685 0.0773279 -1.36944 3.96969
685 -0.101892 0.976615 0.909055
685 -0.978378 -0.445298 2.69498
685 0.53493 -0.690037 4.56796
685 -0.750601 0.900971 1.47355
685 0.652843 0.754885 0.0977461
685 0.524364 -1.25028 4.32973
685 -0.851325 0.459414 1.84643
685 -0.904503 0.136631 2.18282
685 -0.446302 -0.906492 3.39747
685 -0.673795 0.566026 1.66521
685 -0.871478 -0.851742 3.08568
685 -0.29923 0.819365 1.1989
685 0.133396 -1.3411 4.01593
685 -0.876989 0.863612 1.5904
685 -0.878686 0.570484 1.77889
685 0.834607 -0.284308 5.14388
685 -0.967001 -0.0666703 2.37347
685 0.890336 -1.08301 4.58287
685 0.71663 -1.09004 4.49729
685 -0.361546 -0.739893 3.37805
685 -0.779734 -0.53115 2.85627
685 0.837593 -1.09081 4.56939
685 0.691935 0.900594 0.136123
685 0.132591 1.37042 0.681214
685 0.726238 -0.618513 4.77145
685 -0.696746 0.0363113 2.24638
685 1.20746 -0.379912 5.15816
685 -0.011644 -1.07883 3.8897
685 -0.921926 -0.0922318 2.38951
685 -0.198797 -0.891945 3.59432
685 0.960575 -0.0672162 5.42143
685 -0.665856 0.262923 1.96733
685 -1.03987 -0.600281 2.80707
685 -0.801631 -0.408386 2.7132
685 -0.00832934 0.844456 0.851742
685 -0.990357 0.305403 2.06382
685 0.403114 1.11089 0.448751
685 0.257311 -1.26582 4.12882
685 -1.01404 -0.409047 2.67145
685 -0.660622 -0.350534 2.70039
685 1.14225 0.295219 5.7417
685 1.01682 -0.181552 5.29091
685 -0.815316 -0.282169 2.58977
685 -0.705827 -1.16823 3.36617
685 -1.11189 -0.408349 2.64493
685 0.0180375 0.74229 0.825534
685 0.885932 -0.825756 4.72061
685 -0.679636 1.00183 1.39942
685 0.45039 -1.37087 4.24491
685 0.409294 0.72751 0.345716
685 0.996692 0.167051 5.66725
685 0.264671 1.01554 0.560588
685 -1.00394 0.238431 2.12369
685 1.08018 -0.597056 4.96317
685 0.286961 -1.20816 4.18325
685 -0.817327 0.0372474 2.26577
685 -0.803884 -0.475511 2.78143
685 -1.30644 -0.196174 2.49513
685 0.874873 0.591239 6.08636
685 -0.270224 1.1612 1.01888
685 1.2759 -0.357456 5.17048
685 0.195201 0.743723 0.596985
685 -0.494493 -0.750744 3.26224
685 -0.0346083 1.26357 0.83075
685 -0.750436 1.07063 1.41157
685 -0.586595 -0.785321 3.19921
685 0.312537 0.776649 0.472303
685 -0.183107 1.05132 0.97713
685 0.313069 -0.925033 4.24546
685 -0.992201 -0.693777 2.89669
685 -0.388658 -1.20026 3.54999
685 -0.613474 0.666935 1.54023
685 -0.834968 0.362162 1.94733
685 0.642733 0.694952 0.0850896
685 0.836255 -1.1967 4.52376
685 0.728378 0.418317 6.02813
685 0.604284 -0.642387 4.66002
685 -0.706151 0.213261 2.05649
685 -0.586023 0.950751 1.36553
685 0.955882 0.55039 6.01484
685 0.24641 1.31143 0.580421
685 -0.904336 -0.380122 2.66908
685 0.29669 1.31277 0.573229
685 0.525766 1.21472 0.396067
685 0.0669914 1.24786 0.755974
685 -0.500566 1.18941 1.20282
685 -0.670441 -0.725852 3.10748
685 -1.03983 0.476782 1.93212
685 0.887234 1.11018 0.109368
685 0.809725 -0.733415 4.73159
685 1.03619 -0.758265 4.82693
685 0.610836 0.97066 0.233692
685 0.226509 -1.18993 4.11882
685 0.0701868 -1.20456 3.95892
685 0.526972 0.67713 0.159741
685 0.979867 0.91879 6.26988
685 1.15625 0.555894 5.93988
685 -0.676705 -0.860632 3.18421
685 -1.2332 -0.296467 2.56989
685 -1.06182 -0.223657 2.5176
685 -0.936544 -0.664271 2.89842
685 0.146158 -0.935928 4.07109
685 0.62173 -0.781703 4.57908
685 0.833918 0.923066 0.0652622
685 -0.24166 0.809421 1.13186
685 1.14944 -0.185367 5.31717
685 0.227933 1.11645 0.602659
685 0.486997 -0.979472 4.38919
685 1.05029 -0.691757 4.88241
685 -0.145069 1.35147 0.885797
685 -0.896552 0.645338 1.73795
685 -0.747226 0.451524 1.80029
685 -1.08097 0.441198 1.96903
685 -0.709625 -1.22994 3.37702
685 0.39529 -1.40242 4.21536
685 1.25668 -0.639749 5.00385
685 -0.129113 -0.872919 3.68089
685 -0.754418 -0.213573 2.53077
685 -0.410213 1.057 1.18764
685 0.424408 -0.834908 4.39602
685 -0.652439 -1.13903 3.37555
685 -0.82339 0.69835 1.64001
685 1.09095 0.315772 5.78408
685 -0.487393 -1.0852 3.43971
685 -1.14738 -0.184747 2.47498
685 0.8915 -0.0866622 5.40706
685 -0.354983 1.02313 1.15026
685 -1.2688 -0.0410274 2.36432
685 1.28016 -0.202992 5.30493
685 0.177917 -1.36423 4.04005
685 -0.617972 -0.981581 3.32702
685 0.384048 1.23207 0.48851
685 -0.874364 0.239257 2.09449
685 -0.513564 -1.2699 3.48167
685 -0.999003 0.679674 1.76796
685 -0.814305 0.930028 1.50151
685 0.330253 1.2094 0.543453
685 -0.266535 0.749407 1.20842
685 0.9067 -0.880723 4.70902
685 -0.988278 -0.576404 2.81059
685 0.827157 -0.482832 4.93026
685 0.690413 -0.866899 4.58525
685 -1.14322 -0.6014 2.76332
685 -0.856249 -0.46053 2.7449
685 -0.327181 0.975421 1.14796
685 0.756121 0.721606 0.00978015
685 0.947959 -0.311215 5.15734
685 -1.1489 0.0215908 2.31719
685 -0.631631 0.859527 1.42658
685 -1.16651 0.145659 2.21217
685 -0.119538 -1.24726 3.79427
685 0.477646 -1.13911 4.31683
685 -0.430606 1.17769 1.15575
685 -0.342456 -1.17002 3.57449
685 -0.286787 -1.28763 3.65053
685 -0.83558 -0.352005 2.65573
685 1.07216 -0.432271 5.10211
685 0.0558463 1.15388 0.759784
685 0.684604 -1.04233 4.49582
685 -0.738783 0.00898013 2.28315
685 1.33773 -0.31987 5.21561
685 0.450663 -0.935077 4.3767
685 1.32087 -0.0140054 5.47842
685 -1.08382 -0.286202 2.56771
685 1.30389 0.106898 5.56814
685 1.06015 0.67561 6.03981
685 -0.786995 -0.159023 2.47628
685 1.22701 -0.47555 5.10143
685 1.16677 0.430281 5.84973
685 0.148849 -1.01526 4.04941
685 -0.533827 -0.806288 3.26731
685 1.22867 0.230717 5.68245
685 -0.440008 -0.848633 3.37316
685 0.94736 0.155277 5.66118
685 -1.14573 0.541827 1.93441
685 -0.780905 0.72985 1.60788
685 0.0481031 0.822495 0.795117
685 1.11933 0.377099 5.8255
685 -0.804208 0.149113 2.14477
685 0.0477247 1.37465 0.762993
685 0.635126 -0.941993 4.51209
685 -0.213229 -1.40879 3.74453
685 -0.0861257 1.24632 0.858568
685 0.118283 -1.23599 4.00285
685 -0.505267 1.01623 1.31717
685 -0.0706223 -1.2214 3.82659
685 1.32394 -0.141096 5.38081
685 0.410321 -1.04674 4.27818
685 1.14297 -0.873023 4.82423
685 -0.213329 1.08797 0.998234
685 1.21274 0.539352 5.91185
685 0.133275 1.00476 0.70479
685 1.1095 0.730772 6.06458
685 -0.965775 0.785622 1.66382
685 -0.91293 -0.435724 2.71257
685 -0.639028 -0.780665 3.17058
685 -0.745703 -0.0503364 2.34802
685 0.0138833 1.12188 0.804179
685 1.31748 -0.405508 5.16068
685 -0.0798806 -1.28696 3.82387
685 0.349495 1.11159 0.511753
685 -0.425169 -0.735183 3.32101
685 -1.03795 -0.810059 2.98175
685 -0.711621 -0.326219 2.66793
685 -1.14897 -0.467028 2.6814
685 -1.20486 -0.111723 2.4268
685 -0.310745 0.882796 1.1686
685 -1.06063 -0.0499506 2.36548
685 0.423874 -1.1243 4.27021
685 -0.138296 1.15059 0.902907
685 1.20421 0.166453 5.62902
685 -1.10568 0.494767 1.9359
685 1.26845 0.516995 5.8711
685 0.701783 0.684347 0.032439
685 0.595105 1.20949 0.324311
685 -0.486431 0.775961 1.37627
685 1.1833 -0.428369 5.13339
685 0.224227 -1.30863 4.11101
685 -0.230438 -1.17985 3.66584
685 0.862278 0.82869 6.28236
685 -0.616133 0.606191 1.5834
685 -0.545655 0.923716 1.35851
685 -0.692146 0.106353 2.15663
685 -0.82497 -0.04838 2.34622
685 0.287509 -0.853443 4.23002
685 -0.630068 0.907292 1.41959
685 -0.645008 -1.26718 3.42249
685 0.359444 0.704676 0.372905
685 -0.486296 -1.15305 3.46377
685 -1.16053 -0.684387 2.85161
685 -0.773488 0.188962 2.11584
685 1.06095 0.429328 5.8914
685 -1.26268 -0.112109 2.42533
685 1.35079 -0.0937518 5.3974
685 -0.388358 -1.13291 3.52963
685 0.840837 0.207915 5.76717
685 -0.799122 0.492092 1.79746
685 1.2422 -0.261104 5.24778
685 0.75883 1.00163 0.133666
685 0.208511 -1.08465 4.11999
685 -0.445392 0.912804 1.31645
685 0.58373 -1.28176 4.35451
685 0.418739 0.853375 0.377262
685 -0.690324 1.06751 1.3764
685 -0.148746 1.09944 0.928887
685 -0.328388 0.766896 1.26825
685 1.02367 0.793877 6.14859
685 1.221 0.0661375 5.55908
685 0.92483 -0.36942 5.11055
685 -1.16275 0.0900154 2.25568
685 -0.0794852 -1.05432 3.79248
685 0.999011 0.432051 5.91011
685 0.044082 -1.32088 3.95335
685 -0.758194 -0.276547 2.59778
685 0.0687263 0.763987 0.787788
685 -0.768678 -1.13144 3.31623
685 -0.679039 -0.592482 2.97356
685 -0.436334 -1.17337 3.51
685 0.680647 -0.566691 4.78023
685 0.492038 0.914045 0.330128
685 0.601522 1.28082 0.343743
685 0.941032 -0.802141 4.74788
685 1.10948 0.667766 6.01815
685 -0.540131 0.797624 1.41114
685 0.249665 1.19185 0.58383
685 -0.0757638 1.07389 0.870874
685 -1.24346 0.186701 2.19089
685 -1.11382 0.330101 2.0795
685 -0.44584 -1.04896 3.44988
685 -1.1697 -0.556288 2.75103
685 0.882071 0.373763 5.90736
685 -0.7759 0.555225 1.73827
685 -0.304378 -0.850392 3.48327
685 -1.03099 -0.530523 2.74882
685 1.00094 -0.94487 4.72208
685 1.19879 -0.217636 5.28504
685 -1.15573 0.284835 2.12148
685 -0.797006 0.437191 1.82526
685 -0.986934 0.618783 1.79395
685 -1.03651 -0.359278 2.61689
685 0.698316 0.841814 0.101206
685 -1.14021 -0.124834 2.43446
685 0.798159 -0.422387 4.9945
685 1.05662 -0.246098 5.2291
685 -0.91057 0.469393 1.86492
685 0.0776317 1.09779 0.744084
685 -0.971014 0.568741 1.8069
685 1.40255 -0.102416 5.40038
685 0.622523 -1.03422 4.46196
685 -0.741276 -0.946344 3.21743
685 -0.288939 1.0147 1.0814
685 -0.251689 -1.04148 3.59362
685 0.144182 1.05968 0.67814
685 -0.909173 -0.0448754 2.36243
685 -1.06383 -0.424907 2.67022
685 1.09898 -0.733088 4.87072
685 -0.899364 0.33439 2.00029
685 -0.788433 -0.595176 2.91485
685 0.771687 0.447074 6.0279
685 -0.564172 1.17369 1.27892
685 -1.04559 0.659372 1.78144
685 0.691718 -0.927951 4.55329
685 1.03653 0.205922 5.69745
685 1.22535 -0.168547 5.33411
685 0.208448 -1.24094 4.10545
685 0.270331 -0.978123 4.2008
685 0.749388 -1.03445 4.53677
685 -1.00084 -0.20502 2.50643
685 0.507409 1.11969 0.382015
685 -0.762375 0.0815833 2.19739
685 0.780967 -0.513911 4.88528
685 0.828915 0.671097 6.1997
685 0.801552 0.527782 6.0783
685 -0.288152 -0.789982 3.46184
685 -0.511447 1.12798 1.24989
685 0.94736 -0.473898 5.00757
685 0.736278 -0.831037 4.61955
685 1.10573 -0.0866664 5.40668
685 1.36063 0.399403 5.7637
