695 -1.21718 -0.511193 2.71119
695 -0.324898 -1.33133 3.62762
695 0.0107809 -1.212 3.92336
695 -0.955807 -0.223006 2.52228
695 0.375063 0.767171 0.375591
695 -0.850985 0.310115 1.99666
695 0.333381 0.919227 0.487519
695 1.04395 0.882256 6.17586
695 -0.690849 -0.958976 3.24134
695 0.390775 -1.2404 4.22439
695 -0.0616097 -0.986502 3.80351
695 -1.06258 -0.862076 3.00962
695 0.624944 0.81372 0.153213
695 1.16674 -0.482597 5.09606
695 0.452358 -1.19204 4.27391
695 -1.25222 -0.34709 2.58929
695 0.737317 -0.743068 4.68163
695 -1.10067 -0.661205 2.85709
695 -1.31248 -0.127761 2.43672
695 -0.622098 -0.71681 3.13266
695 1.23334 -0.705852 4.94163
695 -0.00316677 1.316 0.796105
695 0.6864 0.497319 6.15118
695 0.122365 0.952577 0.713735
695 1.00697 -0.336926 5.15723
695 0.248365 1.25989 0.584094
695 1.37945 -0.0170244 5.48644
695 0.779913 -1.08215 4.53846
695 -1.19553 0.000283517 2.3362
695 1.17223 0.738623 6.03438
695 -0.692202 -0.805053 3.15
695 -0.904194 0.814221 1.61276
695 1.11043 0.790967 6.10559
695 1.03089 0.475356 5.92166
695 1.09047 0.188557 5.67082
695 0.599432 0.860438 0.178313
695 0.364688 -0.810517 4.34635
695 -0.296659 -1.39185 3.65817
695 0.149946 1.18367 0.67389
695 -0.108549 0.917765 0.947426
695 0.783892 -0.852108 4.64016
695 -1.16477 -0.0640541 2.37818
695 1.02748 0.635559 6.02927
695 -0.488998 0.831143 1.35985
695 0.129397 -1.41983 4.00141
695 0.586206 -1.17451 4.38718
695 0.540258 -1.00442 4.41812
695 -1.09377 0.594904 1.83902
695 0.119098 1.29119 0.699613
695 0.148942 1.12011 0.676498
695 1.10889 0.246825 5.71697
695 -0.756648 0.687195 1.61832
695 1.28193 -0.588238 5.03682
695 -0.348729 -1.02135 3.52042
695 0.802215 0.28519 5.86297
695 1.06343 -0.311127 5.17939
695 1.40918 0.0256373 5.48411
695 1.24787 0.352407 5.77753
695 -0.925404 -0.846184 3.06384
695 0.402515 0.806635 0.372311
695 0.396841 -1.34247 4.2166
695 0.0165619 -1.43342 3.94465
695 -0.58621 -1.26317 3.44691
695 1.10612 0.545659 5.9437
695 -1.10948 0.125986 2.21903
695 -0.152717 -0.944684 3.67114
695 0.284443 0.958638 0.539524
695 -0.389171 -1.31771 3.57961
695 0.318419 1.36137 0.56396
695 -0.842566 0.757337 1.61208
695 -0.560696 -1.312 3.47453
695 1.05832 -0.916057 4.73052
695 -0.863764 -0.0835327 2.38527
695 0.506038 -1.36443 4.27277
695 -1.0911 -0.47647 2.70624
695 -1.10103 -0.0817986 2.38985
695 -0.716209 -0.701204 3.07211
695 0.150777 -1.19467 4.03082
695 -1.1025 0.647209 1.81768
695 -0.736202 0.500693 1.76623
695 -0.733497 -0.843662 3.15555
695 0.472282 0.822281 0.310007
695 0.57265 1.04182 0.313795
695 0.634554 -1.31436 4.37044
695 -0.528673 -1.21941 3.4675
695 -0.597623 -1.15161 3.40668
695 -0.507558 0.672151 1.4451
695 0.943853 -0.133808 5.3481
695 -0.593862 0.76748 1.44645
695 1.28753 -0.467706 5.1304
695 0.53411 1.0685 0.332655
695 0.356622 1.04958 0.488655
695 -0.412206 -1.24657 3.55527
695 -0.398685 -0.892154 3.41048
695 1.0609 -0.13139 5.35955
695 0.376205 1.16707 0.490155
695 -0.828576 0.986035 1.46347
695 1.25336 0.113241 5.57168
695 -0.564458 -0.731271 3.16826
695 0.0783345 -1.10648 3.97033
695 1.00396 -1.04541 4.66057
695 -0.58655 -0.677193 3.14303
695 0.892857 -0.439639 5.02306
695 0.190774 -1.1448 4.09337
695 1.05138 0.553953 5.9696
695 -0.330943 1.21945 1.05462
695 1.29488 0.582855 5.91374
695 -0.379845 0.736914 1.33924
695 -0.467792 0.958959 1.31422
695 1.12066 -0.314658 5.18653
695 -0.264854 -1.09891 3.60777
695 -0.282413 1.20745 1.02775
695 0.514716 1.31842 0.412588
695 0.973045 -0.625518 4.89059
695 -0.558378 0.639166 1.51723
695 -1.00361 0.518815 1.87773
695 0.998428 -0.00127499 5.50314
695 -0.767786 -1.18606 3.33932
695 0.866889 0.266683 5.81973
695 1.14419 0.495823 5.90414
695 0.493881 1.16824 0.400614
695 -0.360576 -0.94951 3.47669
695 -0.364787 -0.854074 3.42709
695 -0.980131 -0.944841 3.10108
695 1.05147 0.947424 6.2224
695 0.338839 -1.19637 4.20375
695 1.1605 -0.710319 4.90957
695 1.0374 -0.990014 4.71635
695 1.0315 0.0828006 5.58804
695 0.14748 0.777467 0.660092
695 -0.251046 -0.934615 3.56823
695 -0.657767 0.320628 1.89307
695 -0.67172 0.619239 1.61693
695 0.837411 -0.603625 4.8349
695 0.649088 -1.18918 4.42813
695 -0.408924 -0.799258 3.37482
695 -1.25002 -0.178786 2.47866
695 0.323676 -1.40899 4.1661
695 -0.0581113 -1.41511 3.85673
695 -0.449777 1.12838 1.18318
695 1.15581 -0.036681 5.46725
695 -0.801452 -0.950783 3.17825
695 -0.917741 -1.03018 3.15575
695 -0.744583 -0.998268 3.22957
695 0.817184 0.47154 6.02504
695 0.0836221 1.2003 0.739449
695 -0.57784 1.10961 1.3231
695 -0.657692 -1.20015 3.3859
695 0.797496 -1.1452 4.51591
695 0.629103 1.02009 0.231391
695 -0.748639 0.132874 2.15511
695 -0.159211 0.900542 0.989426
695 0.560456 -0.77048 4.54781
695 -0.832571 -0.897979 3.13813
695 1.23158 0.71783 5.9896
695 -0.47929 0.507902 1.55154
695 -0.361645 0.62745 1.38243
695 0.669221 0.634457 0.0143382
695 -0.293958 -1.14895 3.59397
695 1.11132 0.449128 5.88868
695 -0.0136476 0.996282 0.83491
695 -0.448176 0.683866 1.40282
695 -0.625937 1.15061 1.33426
695 0.331584 0.839337 0.464728
695 1.09112 -0.370974 5.14501
695 0.863543 0.713149 6.18965
695 -0.808394 -0.219945 2.53263
695 0.303944 1.10052 0.529685
695 -0.913774 0.0233967 2.28473
695 0.595501 -0.852584 4.52267
695 -0.79181 0.296221 1.99642
695 1.07072 0.829729 6.13894
695 -0.54773 -1.16986 3.43272
695 -1.11684 0.39763 2.02166
695 -0.515479 -0.974734 3.39271
695 1.24812 0.459113 5.8491
695 0.111675 0.823203 0.717613
695 -0.789277 0.644042 1.6653
695 1.36673 -0.369874 5.18793
695 -0.0780554 -1.35712 3.83884
695 -0.903804 0.753443 1.6588
695 -1.14607 0.224218 2.16434
695 -0.249094 1.25792 0.989649
695 -1.24649 -0.237806 2.50506
695 -0.741424 -0.484179 2.8238
695 0.969228 0.687729 6.11682
695 0.559885 0.981458 0.296315
695 1.19061 0.104103 5.56973
695 -0.404606 1.23765 1.10808
695 -0.795458 1.02287 1.45359
695 0.197024 -1.42269 4.06189
695 0.646711 1.24572 0.30603
695 -0.404107 -1.01549 3.46601
695 0.872256 -0.716322 4.77887
695 0.445185 1.32755 0.460275
695 1.09616 -0.845111 4.82223
695 -0.663284 0.681259 1.57124
695 0.488229 -1.30662 4.26874
695 -0.740908 0.771082 1.56839
695 -0.550558 -1.06944 3.39997
695 0.863797 0.11377 5.63351
695 -0.496992 0.903248 1.34511
695 -0.672715 -0.470174 2.84572
695 0.789243 1.13924 0.156829
695 0.963169 0.740372 6.14557
695 -0.797268 -1.00814 3.21886
695 -1.19574 -0.158426 2.45075
695 0.368644 -0.944997 4.2775
695 0.215474 -1.02727 4.13901
695 -0.91459 -0.282251 2.58525
695 -0.152641 -1.13655 3.72804
695 1.13494 0.849583 6.12579
695 0.0733768 -0.912043 3.95706
695 -0.913177 0.201627 2.12813
695 1.36562 0.246063 5.65955
695 -0.698599 -0.525548 2.88824
695 1.00185 -0.285548 5.18368
695 1.23076 -0.529985 5.06706
695 -0.190438 0.778042 1.07103
695 1.33294 -0.224984 5.29218
695 0.0201482 -0.894164 3.91237
695 -0.0984105 1.18362 0.884447
695 1.1981 0.480611 5.87486
695 1.0402 -0.0508686 5.44553
695 -0.801077 -0.848055 3.12527
695 0.959247 -0.911473 4.72314
695 0.639326 -1.24531 4.39958
695 -0.435805 -1.10623 3.48207
695 -0.0481163 1.20643 0.843986
695 0.571683 -1.22576 4.3562
695 -0.832086 -0.555231 2.86177
695 -0.81636 0.245689 2.05965
695 -0.83526 -0.80393 3.07582
695 0.290391 -1.02732 4.20828
695 0.851536 0.548982 6.06937
695 0.887682 0.938443 0.0352845
695 -1.20545 0.241842 2.16699
695 0.111297 0.902346 0.724704
695 -0.816784 0.589512 1.73938
695 -1.31755 -0.0448544 2.37157
695 -0.537925 0.516703 1.59771
695 0.014843 0.954367 0.814883
695 0.35775 0.965004 0.462474
695 -1.05912 0.718301 1.75698
695 -0.299525 0.645361 1.31082
695 -1.24438 0.336817 2.10966
695 -0.580069 1.04978 1.33578
695 0.636459 0.550451 6.25239
695 0.740383 0.516847 6.12523
695 0.0788638 1.33309 0.745403
695 -0.274961 1.06722 1.05648
695 -0.354549 0.836726 1.25494
695 -0.436744 -1.35951 3.56627
695 -1.10437 0.26872 2.12655
695 0.828019 1.09154 0.126419
695 1.05652 0.752175 6.10838
695 -0.210195 0.980031 1.01945
695 1.21714 -0.0625176 5.43631
695 -0.0515762 0.957564 0.870514
695 0.67847 1.00877 0.193697
695 -0.987088 -0.643491 2.88542
695 0.447107 1.01435 0.400905
695 1.38211 -0.185564 5.32769
695 1.32741 0.509541 5.84918
695 -0.255506 -1.34718 3.68228
695 0.968686 0.483439 5.96121
695 -0.938544 -0.332353 2.61102
695 0.898157 -0.568556 4.90198
695 0.652565 -0.828455 4.57843
695 0.0200715 1.07139 0.809565
695 0.412652 1.05842 0.431499
695 -0.328121 0.926951 1.16989
695 -0.604924 -1.03899 3.36076
695 -0.877617 -0.32623 2.62585
695 0.73938 0.627681 6.221
695 0.874914 -1.14846 4.56466
695 -0.599428 -1.20988 3.42343
695 -0.705222 0.72883 1.5642
695 -0.834755 -0.748005 3.03254
695 0.93863 -0.199504 5.25238
695 0.157711 0.864696 0.650515
695 0.362348 -1.14095 4.23159
695 0.77783 -0.686933 4.75118
695 -1.14252 -0.357151 2.60217
695 0.53169 0.618339 0.105728
695 0.753342 0.577335 6.17879
695 -0.420567 0.6237 1.4148
695 -1.30633 0.0369975 2.31129
695 -0.0354035 1.15727 0.83462
695 0.39629 1.00459 0.428437
695 0.569013 -0.941182 4.46137
695 1.2563 -0.406437 5.16624
695 0.73831 -0.897699 4.58544
695 0.810482 0.609345 6.16213
695 0.425874 1.27129 0.467514
695 0.19867 1.02756 0.611544
695 0.00659304 -1.12944 3.91207
695 0.372984 0.875025 0.415067
695 -1.03261 0.593443 1.81552
695 0.384828 1.34621 0.505857
695 1.10269 0.896631 6.15265
695 0.818121 0.978087 0.0909558
695 0.989733 -0.745788 4.82337
695 -1.16993 0.494112 1.95339
695 1.04611 0.133167 5.61891
695 -1.27278 0.0827696 2.27166
695 -1.2991 -0.328698 2.58507
695 0.190117 -0.893987 4.1445
695 0.350239 -1.03846 4.24189
695 -0.0728242 1.01626 0.882567
695 0.289727 0.897368 0.526954
695 -0.718043 -0.759325 3.10056
695 0.907481 -0.248745 5.20292
695 -0.161696 -1.38246 3.77247
695 -0.732374 -0.637058 2.97988
695 -0.692437 -0.203552 2.52969
695 0.90369 0.199431 5.73371
695 0.489469 1.27269 0.413895
695 -0.775327 -0.799139 3.0949
695 -0.447906 0.861672 1.32692
695 -0.776615 -0.888579 3.14157
695 -1.01512 0.429499 1.95357
695 -0.788333 -0.652314 2.97139
695 -1.09998 -0.719693 2.89676
695 -0.0713022 0.802508 0.934921
695 0.0470215 -1.05729 3.94145
695 0.33631 -1.35281 4.19195
695 0.589752 -1.07354 4.43251
695 1.37741 -0.270097 5.25735
695 -0.411102 -0.959627 3.443
695 0.115096 -1.14977 4.00185
695 1.16868 0.372835 5.81111
695 0.790168 -0.629304 4.79772
695 0.742542 0.907976 0.100751
695 0.196217 0.898842 0.610312
695 -0.0260936 1.0479 0.841972
695 0.602501 -1.12726 4.41402
695 -0.952348 0.722672 1.70932
695 1.18916 0.267504 5.71334
695 0.869132 -0.195313 5.24705
695 -0.536487 -0.912271 3.33958
695 -0.709318 -1.10769 3.33582
695 -0.96407 0.193528 2.15093
695 -1.01479 -0.10517 2.41848
695 -0.725224 0.315707 1.93813
695 -0.714519 0.945234 1.43289
695 0.186161 0.953052 0.611531
695 0.0385873 -0.980311 3.9278
695 -0.968878 0.0495414 2.26981
695 -0.431834 1.00876 1.22721
695 1.19018 -0.111976 5.38612
695 1.18797 0.601288 5.94455
695 0.728319 1.04598 0.169545
695 -0.331014 -1.10629 3.5631
695 0.473583 1.22154 0.413777
695 -0.0358224 0.912596 0.865842
695 -0.529125 1.06949 1.30337
695 0.971874 0.791303 6.16613
695 -0.575661 0.882092 1.38614
695 0.704492 0.737587 0.0592067
695 0.843374 -0.541556 4.89944
695 -0.816001 0.87857 1.53287
695 -1.23041 -0.564554 2.74301
695 -0.262252 0.954446 1.07686
695 1.32451 0.356035 5.76007
695 0.240999 1.06619 0.597524
695 -0.46693 1.06843 1.23578
695 -0.304748 -1.05484 3.56803
695 0.974697 -0.527456 4.97477
695 -0.794691 0.782087 1.58646
695 0.863814 0.99817 0.0838384
695 -0.966299 0.469975 1.89961
695 -1.08031 -0.535981 2.74672
695 1.16542 -0.342552 5.17139
695 -0.524664 0.863126 1.36013
695 0.675574 -1.14143 4.45821
695 -0.515424 0.966745 1.3266
695 -0.740185 0.395342 1.84447
695 1.09648 -0.0293803 5.46068
695 -0.0942969 -0.920949 3.72904
695 1.08853 -0.185888 5.3079
695 -0.195143 -1.33237 3.74072
695 1.10033 0.0462215 5.54016
695 -0.864863 0.402252 1.91888
695 0.438123 -0.766635 4.44847
695 1.00196 -0.825859 4.76154
695 -0.63083 -0.833383 3.19596
695 -0.704276 -0.083256 2.38141
695 0.255565 1.36787 0.591066
695 0.560563 -1.33417 4.32173
695 1.38563 0.193141 5.6207
695 0.932624 0.969254 0.0249124
695 -1.03188 -0.475729 2.71976
695 0.275562 0.822399 0.526331
695 -0.891233 -0.572334 2.84956
695 0.0415983 1.29216 0.770186
695 0.94216 1.07463 0.0650433
695 0.777978 0.789967 0.0388127
695 -1.21777 -0.0546469 2.37666
695 1.08782 -0.959512 4.72859
695 -1.197 0.315444 2.10772
695 0.0125947 1.23642 0.794217
695 0.993348 0.970681 6.27756
695 -0.194196 1.15505 0.962749
695 -0.342568 1.1413 1.09364
695 -1.05695 0.0459462 2.28192
695 -0.575434 0.471282 1.68083
695 0.730205 1.11603 0.202609
695 -0.375044 0.578211 1.40462
695 0.633055 1.07761 0.247038
695 1.0533 0.261742 5.73828
695 -0.20477 -1.22551 3.69564
695 -0.675621 0.779523 1.49417
695 0.189804 1.08406 0.629559
695 0.93009 0.591757 6.05248
695 0.0918046 1.05282 0.730458
695 0.54353 0.859933 0.235863
695 1.05058 0.0220866 5.52048
695 -0.597383 0.370785 1.77712
695 -0.216182 -1.13255 3.6637
695 -1.04296 -0.670073 2.88581
695 -1.03589 -0.165464 2.46294
695 -1.01681 0.748326 1.73828
695 -0.400906 0.856006 1.29893
695 -0.968463 0.402392 1.96731
695 1.00026 0.845359 6.17669
695 0.168797 1.31962 0.665913
695 -1.16106 0.434186 2.01391
695 0.104792 1.14499 0.725538
695 1.14299 0.0906724 5.57834
695 -0.82858 0.535903 1.77569
695 1.00851 -0.102104 5.3943
695 0.90269 -0.0212391 5.48323
695 0.678025 1.12643 0.225351
695 0.517987 1.00852 0.327832
695 0.862051 0.431669 5.97385
695 0.909881 0.700531 6.1662
695 -0.0827379 1.3617 0.853303
695 -0.714273 -0.897701 3.19035
695 0.538567 -1.05939 4.39785
695 0.871001 0.492685 6.01151
695 -0.742132 -0.369296 2.69099
695 0.899148 -0.505137 4.95958
695 -0.578601 -0.946162 3.32775
695 0.891994 -0.303978 5.15699
695 -0.849815 0.629451 1.72811
695 0.671345 -0.744599 4.62988
695 -0.786368 0.833542 1.54835
695 -0.886102 -0.158511 2.47247
695 0.647135 0.8714 0.161111
695 -0.781475 -0.0989917 2.40525
695 0.486689 -0.812106 4.46128
695 -0.38457 0.91833 1.23358
695 0.780109 0.661111 6.21392
695 -0.958657 0.260092 2.09451
695 -1.1617 -0.254119 2.52103
695 -1.00368 0.137019 2.19662
695 -0.319831 -0.912348 3.49517
695 0.933208 0.901717 6.27074
695 1.16151 0.21456 5.67587
695 -0.0990571 -1.16159 3.79423
695 0.975224 -0.389921 5.11142
695 0.761251 -0.942845 4.58175
695 0.785945 -0.782083 4.69957
695 -0.935039 -0.147629 2.45311
695 0.977249 0.311576 5.82387
695 1.17304 -0.267565 5.23907
695 0.607461 1.13892 0.315588
695 -0.350964 1.07327 1.12576
695 0.639949 -0.699809 4.63875
695 -0.0117019 -1.26647 3.90583
695 -0.561854 0.583916 1.55858
695 0.473221 -1.02942 4.36126
695 0.317044 1.15953 0.537308
695 0.571716 1.1031 0.324216
695 1.06938 -0.528197 5.00893
695 -0.219929 1.20344 0.980683
695 -0.750853 0.250873 2.03127
695 0.95121 -1.0533 4.64104
695 -1.12642 -0.0335288 2.36132
695 0.759498 -0.575231 4.81161
695 -0.954389 0.13891 2.18851
695 -0.350954 -1.27199 3.59993
695 -0.76911 -0.751928 3.0766
695 -0.856478 -0.205681 2.51792
695 0.0472607 -1.15745 3.94175
695 0.582095 -0.723985 4.57461
695 -0.340615 0.692932 1.33482
695 0.841843 -0.975213 4.60705
695 0.568076 0.914168 0.241468
695 0.251952 -1.35439 4.11632
695 -0.929496 0.08597 2.23412
695 -0.986475 -0.821345 3.00093
695 0.699517 -0.792997 4.61996
695 -0.924072 0.596262 1.77987
695 -1.06793 -0.126493 2.44305
695 0.197729 1.22107 0.635463
695 -0.865209 -0.00296064 2.30581
695 -0.678991 -0.407989 2.75503
695 -1.1683 -0.412459 2.64026
695 -0.436565 -1.29345 3.56573
695 0.876055 1.05037 0.0819714
695 -0.507809 0.577069 1.52454
695 -0.872159 -0.511348 2.78651
695 1.13717 -0.395462 5.14825
695 -0.142317 1.25412 0.893655
695 0.256754 -1.13399 4.16622
695 0.337268 -0.987052 4.24838
695 0.841724 -0.670513 4.79572
695 0.841181 -0.786403 4.72144
695 -0.710028 0.668038 1.60421
695 0.0120829 1.18552 0.800253
695 -1.01134 -0.0446802 2.35752
695 0.698843 1.22645 0.263961
695 0.821698 -1.03224 4.58123
695 0.718485 -0.680409 4.7228
695 0.425927 1.19833 0.448597
695 -0.472416 -0.804915 3.32658
695 -0.308326 1.1053 1.07891
695 0.665147 -0.635224 4.71197
695 -0.309979 1.2755 1.02932
695 0.924526 1.02277 0.0595002
695 -1.19359 0.184019 2.19966
695 0.732059 0.788346 0.0664546
695 1.17707 -0.818294 4.85502
695 -0.502776 -0.630002 3.15678
695 -0.0656778 1.30981 0.845148
695 -1.0882 0.00411356 2.32127
695 1.01588 0.716787 6.10821
695 -0.0104973 -0.944468 3.88072
695 0.912731 0.807382 6.23127
695 0.717298 1.17242 0.22126
695 0.464555 0.767152 0.27861
695 -0.761588 0.966901 1.44413
695 0.81028 0.730051 6.24695
695 0.825741 -0.342284 5.10619
695 -0.217509 0.920523 1.04707
695 -0.112667 0.860273 0.966468
695 -1.04779 -0.727291 2.90485
695 0.180729 1.27032 0.657441
695 -0.510143 -1.0294 3.3968
695 0.0722613 -1.43133 3.96397
695 -1.11713 0.177468 2.19687
695 -0.325701 -1.22644 3.60382
695 1.01791 -0.881602 4.73935
695 0.576668 0.80069 0.181857
695 -1.06633 0.373748 2.03207
695 -0.193001 -1.08387 3.68041
695 -0.727419 0.55982 1.70435
695 1.37803 0.304015 5.69177
695 0.652574 -1.09081 4.46411
695 -0.827368 -1.0508 3.22685
695 0.437093 -1.29038 4.25628
695 -1.02636 -0.907182 3.05242
695 0.890397 -0.636515 4.8373
695 0.323738 -1.09001 4.21829
695 -0.961229 -0.00236348 2.30796
695 -0.55766 -1.0091 3.38358
695 -1.06713 0.536608 1.89388
695 0.812946 -0.906614 4.63669
695 1.18907 -0.76622 4.86999
695 0.775299 -1.20496 4.48742
695 -1.27012 -0.403556 2.6286
695 -0.36363 -1.37966 3.6191
695 -0.239654 1.0234 1.04301
695 0.886603 0.643987 6.12482
695 -0.63113 1.0904 1.34607
695 -0.780656 0.35365 1.92824
695 0.768696 0.358003 5.95317
695 0.0494942 -1.26066 3.95246
695 -1.28468 0.213193 2.19018
695 0.686283 0.580751 6.23994
695 -0.020884 -1.32486 3.8989
695 1.40335 0.13074 5.57759
695 -0.635204 0.731945 1.5042
695 -0.444312 0.798497 1.35802
695 -0.866514 -0.995904 3.16154
695 0.917314 0.516459 6.00452
695 -0.890177 -0.639477 2.9017
695 -0.258354 -0.877229 3.53554
695 0.131267 1.23556 0.693756
695 1.21274 -0.588404 5.02468
695 0.515159 0.953766 0.32415
695 -0.182458 -1.0262 3.66733
695 -0.262495 -0.989564 3.57176
695 1.19923 0.323805 5.75663
695 -0.734438 0.846143 1.49781
695 -0.877016 0.0625324 2.25137
695 -0.907508 -0.906135 3.1123
695 1.11403 -0.257883 5.22352
695 -1.13784 -0.758639 2.91058
695 0.865718 -0.922692 4.64789
695 0.268946 -1.07555 4.18497
695 -0.583567 0.825019 1.42785
695 -0.261157 0.878542 1.12376
695 0.0951126 -0.979973 3.9902
695 0.914159 0.304457 5.83453
695 -0.785346 -0.340525 2.66393
695 0.930993 -1.12463 4.5836
695 -0.84773 0.192746 2.12711
695 0.15561 -1.28159 4.02363
695 0.606888 0.633211 0.0792097
695 0.608298 0.737338 0.112225
695 1.24166 0.595303 5.93357
695 -0.861894 -0.940215 3.14042
695 -0.8843 -0.715594 2.97322
695 0.55975 1.16158 0.33818
695 0.683045 1.06931 0.211601
695 1.0754 0.604917 5.99299
695 -0.605398 -0.892454 3.27692
695 -0.193835 1.26528 0.93051
695 0.987807 -0.232684 5.23344
695 0.0696742 0.873176 0.765744
695 0.400401 -1.18378 4.24816
695 -0.0387212 1.10584 0.849687
695 0.571309 0.590696 0.0841319
695 0.77163 1.19491 0.193272
695 1.34683 0.0438877 5.50708
695 0.997923 0.596557 6.02449
695 0.641378 1.18183 0.301963
695 1.02981 0.327405 5.82658
695 0.949783 0.0247466 5.52954
695 -1.16824 0.364547 2.06684
695 -0.140321 -1.07386 3.71509
695 0.230386 0.786114 0.566801
695 0.0969943 -1.29458 3.98544
695 0.00119573 -1.02197 3.90208
695 -0.857923 0.143731 2.1595
695 -0.6883 0.832336 1.47594
695 0.993846 -0.677694 4.87191
695 -0.687329 0.159277 2.11776
695 0.210983 -0.967171 4.15243
695 -0.968974 -0.282097 2.5763
695 -1.00957 0.36348 2.0155
695 1.21019 0.661016 5.9763
695 -0.844733 -0.613201 2.90095
695 0.481519 1.05114 0.380855
695 -0.637587 0.472088 1.72451
695 -0.567361 -0.581686 3.04285
695 0.412834 -0.989171 4.31206
695 0.695168 -1.26617 4.43642
695 0.897046 -0.765161 4.75939
695 1.0773 0.499199 5.93061
695 -0.828163 0.0892858 2.21671
695 -0.982954 -0.507379 2.75401
695 0.903119 0.756191 6.19242
695 0.00890123 -1.37579 3.9291
695 -0.192727 1.32472 0.907534
695 -1.00578 0.0785445 2.25363
695 1.16143 0.675025 5.99557
695 1.29063 -0.076944 5.41581
695 0.999925 1.02051 0.00219878
695 1.00548 0.374908 5.86386
695 -0.14622 1.2059 0.893976
695 -1.21273 0.410446 2.04056
695 -0.646802 -0.926982 3.26793
695 0.905449 -0.964057 4.64645
695 -0.564477 0.699968 1.46478
695 -0.679728 1.12491 1.34913
695 -0.0682374 -1.11268 3.82273
695 -0.201432 0.859513 1.05051
695 0.833356 0.781828 6.27977
695 -1.13155 -0.523597 2.73565
695 0.0816926 0.998879 0.741659
695 0.740574 -1.14115 4.49478
695 -1.20611 -0.455943 2.66748
695 -0.123202 1.30141 0.8792
695 0.881866 -1.02592 4.60204
695 -0.938073 -0.604378 2.86223
695 -1.09162 -0.591976 2.78109
695 -0.765197 -1.06795 3.26996
695 0.0219634 0.898216 0.811104
695 -1.02317 0.188977 2.16673
695 0.305901 -1.14724 4.19745
695 -0.682387 0.383659 1.81947
695 -0.0517329 0.865933 0.878707
695 -1.06173 0.154827 2.19908
695 0.457652 1.09585 0.408337
695 -0.618724 0.986636 1.3717
695 -0.530879 -1.11959 3.43059
695 0.749854 -1.25517 4.46063
695 -0.667651 -0.657294 3.04795
695 -1.25571 0.269622 2.15686
695 -0.491356 -1.328 3.52908
695 -0.436848 0.738187 1.37046
695 0.34801 -0.874805 4.29114
695 -1.11244 0.0672513 2.26731
695 0.744833 0.852028 0.0933484
695 0.409861 0.950854 0.406711
695 0.843111 0.329806 5.88851
695 -0.243189 1.12338 1.01217
695 1.13387 -0.626709 4.95031
695 -0.865196 -0.26465 2.57083
695 -0.0367944 -1.1739 3.86357
695 1.25815 0.280008 5.6984
695 -1.29373 0.132314 2.25313
695 0.266253 -1.40991 4.13284
695 0.0329967 1.02026 0.798343
695 -0.159001 0.954812 0.97928
695 0.712634 -1.19558 4.46627
695 0.885209 0.0439758 5.5588
695 1.1537 0.020299 5.50353
695 0.917196 0.452849 5.96575
695 1.06787 0.373352 5.83995
695 -0.932414 0.530121 1.82268
695 -0.706234 -1.04669 3.30413
695 0.332195 -1.25083 4.20452
695 0.976597 0.0821905 5.58747
695 0.484765 -1.08058 4.35257
695 -0.48175 -0.683798 3.19454
695 1.26814 0.653172 5.95273
695 -0.465642 1.23237 1.16296
695 -0.159653 1.00731 0.970766
695 0.808003 0.836729 0.0361094
695 0.778507 1.07278 0.132482
695 1.27983 0.0389615 5.50963
695 -0.201242 -0.973685 3.63012
695 0.370941 -1.29395 4.21196
695 0.952612 0.404688 5.89934
695 0.942753 -0.726678 4.8103
695 0.664327 -0.987978 4.5093
695 1.20762 -0.000203787 5.48237
695 -0.692486 -0.267925 2.60252
695 0.237516 0.93197 0.582073
695 0.927259 0.856278 6.25952
695 -0.916636 0.404968 1.94006
695 0.528447 0.79579 0.216577
695 0.32169 1.26803 0.551359
695 -0.396715 0.787087 1.33416
695 -0.475142 0.62773 1.45017
695 -1.25224 0.010365 2.34015
695 -0.479979 -0.938813 3.39335
695 1.18613 -0.65672 4.95051
695 -0.638171 0.413064 1.77749
695 1.03176 -0.634577 4.89824
695 -1.09708 -0.167382 2.46014
695 1.10171 -0.67245 4.90616
695 1.16646 -0.559826 5.02135
695 -0.663773 0.51903 1.68931
695 -0.693952 0.448774 1.78091
695 0.419179 0.906828 0.394566
695 -1.03737 -0.304186 2.58026
695 0.251569 0.868085 0.548592
695 -0.969622 -0.883633 3.06529
695 -1.04774 0.265508 2.11861
695 0.19124 1.36849 0.652083
695 -1.07585 0.220756 2.14527
695 -0.731286 1.01538 1.41849
695 1.11303 -0.468523 5.08413
695 1.26131 -0.0171503 5.47444
695 0.952621 0.641611 6.08578
695 -0.00291435 0.789841 0.83848
695 -0.603245 0.539855 1.63014
695 0.442929 1.1482 0.426746
695 -1.19909 -0.615539 2.75954
695 0.459414 0.964555 0.377789
695 1.12145 -0.785738 4.84581
695 -1.20788 -0.375868 2.6053
695 0.721686 0.967968 0.14582
695 -0.966757 0.839508 1.62891
695 -0.833109 -1.10907 3.23143
695 0.271364 0.735003 0.509374
695 -0.38774 0.975617 1.19922
695 0.550915 -0.821489 4.51539
695 0.719513 -0.986479 4.53854
695 -0.658753 -1.01903 3.32527
695 1.14102 0.16236 5.64098
695 1.31285 0.296633 5.70465
695 0.808095 1.03233 0.120908
695 0.461876 -1.24212 4.27046
695 1.17716 0.795973 6.06973
695 0.515233 -0.930557 4.43549
695 1.34731 -0.455741 5.1476
695 -0.924653 -0.48368 2.74809
695 -0.12554 -1.32605 3.80213
695 0.789951 0.88602 0.0809982
695 -0.392688 0.682405 1.36495
695 -1.13014 -0.305707 2.5797
695 -0.918543 -0.963131 3.13466
695 0.933064 0.360581 5.88617
695 0.92622 -0.675513 4.8304
695 0.817115 0.390579 5.95378
695 0.542827 -0.884388 4.4671
695 -0.271448 1.31389 1.00344
695 -0.881026 0.929524 1.5478
695 0.198767 1.16193 0.626869
695 1.30295 -0.535082 5.07063
695 0.58902 0.6789 0.0982567
695 0.303721 1.05335 0.531789
695 -1.05152 0.3204 2.06567
695 -0.947889 0.346226 2.0041
695 -0.747135 -0.423782 2.74204
695 -0.31061 -0.979222 3.5381
695 1.02315 -0.560923 4.97543
695 0.219909 0.986694 0.601459
695 -0.561644 -0.857661 3.2874
695 -0.989878 -0.334291 2.60349
695 0.675133 0.950726 0.160626
695 -0.119635 -1.00464 3.73462
695 0.102962 -1.04926 3.99637
695 -0.945727 0.661476 1.75202
695 -0.913797 0.270924 2.08085
695 -0.843636 -0.681065 2.96739
695 -0.54998 0.743151 1.44387
695 -0.557499 1.00338 1.33391
695 1.13029 0.612483 5.97589
695 -1.18454 -0.321077 2.5877
695 -0.445093 0.557817 1.48713
695 1.22275 -0.319321 5.19666
695 0.595299 -0.989081 4.46587
695 -0.786117 -0.702288 3.01502
695 -0.564334 0.414048 1.73667
695 0.150947 -1.09239 4.05271
695 0.385261 -1.08919 4.25816
695 -0.368206 1.1839 1.09094
695 0.998007 -0.443819 5.06112
695 -0.633074 1.03729 1.35858
695 -1.22788 0.115735 2.25945
695 1.09586 0.11271 5.59674
695 -0.497132 0.723269 1.41723
695 -0.621465 -0.615216 3.03211
695 -0.733703 0.620806 1.64361
695 1.35671 0.108821 5.56769
695 0.782045 0.941968 0.0900741
695 1.32319 0.176001 5.62134
695 -0.115609 -1.4215 3.8252
695 -0.967916 -1.00091 3.13358
695 -1.01799 -0.256558 2.54693
695 -0.16186 0.726247 1.05696
695 -0.172374 -1.27734 3.74365
695 1.06158 -0.802955 4.8241
695 -0.599402 -1.09616 3.38136
695 -0.269583 0.694585 1.25591
695 -0.87839 -1.08657 3.23048
695 -0.683007 0.89374 1.42977
695 -0.461508 -0.992287 3.41564
695 -1.05684 0.0988735 2.24087
695 -0.352597 -0.79456 3.40563
695 -0.150601 0.829191 1.00055
695 -0.276198 -1.2122 3.63168
695 0.863508 0.88106 0.0285313
695 -0.849056 0.811343 1.59934
695 0.955694 -0.854964 4.7363
695 -1.09128 -0.790522 2.93516
695 -0.150339 -1.19673 3.75037
695 0.485273 -0.870833 4.43872
695 1.03293 -0.487253 5.03442
695 -0.0913651 1.12595 0.879882
695 0.495027 0.724263 0.218946
695 1.26251 0.179748 5.6329
695 -0.933285 -0.727819 2.96693
695 -0.88131 0.700139 1.68447
695 -0.855715 -0.408012 2.70324
695 -0.931673 0.88234 1.60607
695 -0.365748 1.27923 1.06538
695 0.534441 -1.12353 4.36368
695 1.1374 -0.130574 5.36561
695 -1.02074 0.00729582 2.31413
695 -0.473756 -1.21956 3.49072
695 1.00384 0.535546 5.98866
695 0.52346 -1.18246 4.34669
695 0.316436 1.00142 0.523365
695 -0.627957 -0.549655 2.96336
695 -0.2146 -0.829616 3.55945
695 0.948021 -0.584123 4.90649
695 -1.20928 0.0645913 2.27407
695 -0.615992 -0.489357 2.89964
695 1.29177 -0.286726 5.23306
695 -1.08628 -0.353255 2.61105
695 -0.664123 0.946672 1.41846
695 -0.945092 -0.777622 2.98818
695 -0.0128065 1.3691 0.796404
695 0.867465 -0.384871 5.07597
695 0.497731 -0.743391 4.51143
695 -0.910264 -0.213974 2.51804
695 -0.239941 -1.27191 3.67392
695 0.370994 1.29395 0.510674
695 0.552001 1.26431 0.375388
695 1.30059 0.233267 5.66435
695 -0.837236 -0.135886 2.44962
695 0.724757 -0.50649 4.85764
695 -0.79171 -0.00671732 2.30398
695 0.62441 -0.894217 4.52163
695 -0.723486 -0.15858 2.49381
695 -0.119172 1.04959 0.909787
695 -0.631043 0.807714 1.44711
695 0.992736 0.245766 5.74971
695 1.25991 -0.124206 5.38033
695 0.256038 -0.918634 4.20329
695 0.920292 0.109673 5.62991
695 0.789556 -0.984204 4.58512
695 0.236593 -0.853283 4.20302
695 -0.12064 0.779135 0.987028
695 -0.87688 0.514189 1.81178
695 1.03873 -0.382005 5.13494
695 -0.93972 -0.53239 2.77343
695 -0.733479 -0.577067 2.93006
695 -0.538653 -0.673186 3.15593
695 -0.888412 -0.79024 3.04082
695 0.476249 0.872503 0.329471
695 -0.652609 -1.08154 3.35731
695 0.937906 0.251492 5.7815
695 1.28961 0.393367 5.77267
695 -1.19728 -0.223851 2.50919
695 -0.95823 -0.396387 2.6768
695 -1.26265 -0.453558 2.64347
695 -0.375965 -1.07473 3.52422
695 0.949855 -0.994727 4.65345
695 0.308448 -1.30427 4.18554
695 1.11853 -0.546069 5.01283
695 0.414531 -0.893751 4.36028
695 0.0650906 0.944555 0.766903
695 -0.981449 -0.146951 2.4531
695 -0.49856 -0.868879 3.34585
695 0.201506 0.831298 0.597632
695 0.46108 0.667995 0.221855
695 0.680717 0.796237 0.0943047
695 -1.30136 -0.246958 2.4974
695 0.284015 1.22531 0.567742
695 -0.0809158 0.736514 0.964155
695 -0.998678 -0.757893 2.9583
695 -0.399013 1.11332 1.15729
695 0.838477 -0.854531 4.67453
695 1.22438 0.401853 5.80357
695 -1.11228 -0.232847 2.51842
695 0.265097 1.1428 0.582328
695 0.627555 0.920585 0.187676
695 0.850157 1.14943 0.117261
695 0.553659 0.739855 0.167828
695 1.31074 0.456433 5.83211
695 0.0773297 -1.36944 3.96969
695 -0.101894 0.976623 0.909055
695 -0.978378 -0.445298 2.69498
695 0.53493 -0.690037 4.56796
695 -0.750601 0.900971 1.47355
695 0.652982 0.755074 0.0977461
695 0.524363 -1.25028 4.32973
695 -0.851325 0.459414 1.84643
695 -0.904502 0.13663 2.18282
695 -0.446291 -0.906489 3.39747
695 -0.673794 0.566026 1.66521
695 -0.871472 -0.851735 3.08568
695 -0.299231 0.819365 1.1989
695 0.133397 -1.3411 4.01593
695 -0.876989 0.863613 1.5904
695 -0.878686 0.570484 1.77889
695 0.834607 -0.284308 5.14388
695 -0.967004 -0.0666653 2.37347
695 0.890336 -1.08301 4.58287
695 0.71663 -1.09004 4.49729
695 -0.36153 -0.739879 3.37805
695 -0.779734 -0.53115 2.85627
695 0.837593 -1.09081 4.56939
695 0.691971 0.900792 0.136123
695 0.132586 1.37043 0.681214
695 0.726238 -0.618513 4.77145
695 -0.696746 0.0363108 2.24638
695 1.20745 -0.379911 5.15816
695 -0.0116404 -1.07888 3.8897
695 -0.921932 -0.0922303 2.38951
695 -0.19879 -0.891962 3.59432
695 0.960575 -0.0672163 5.42143
695 -0.665856 0.262923 1.96733
695 -1.03987 -0.600281 2.80707
695 -0.801631 -0.408386 2.7132
695 -0.00833496 0.844454 0.851742
695 -0.990357 0.305403 2.06382
695 0.403101 1.11077 0.448751
695 0.257311 -1.26582 4.12882
695 -1.01404 -0.409047 2.67145
695 -0.660622 -0.350534 2.70039
695 1.14225 0.295219 5.7417
695 1.01682 -0.181553 5.29091
695 -0.815317 -0.282169 2.58977
695 -0.705818 -1.16824 3.36617
695 -1.11189 -0.408348 2.64493
695 0.0180346 0.742291 0.825534
695 0.885932 -0.825756 4.72061
695 -0.679635 1.00183 1.39942
695 0.450389 -1.37087 4.24491
695 0.40929 0.727485 0.345716
695 0.996692 0.167051 5.66725
695 0.264625 1.01565 0.560588
695 -1.00394 0.238432 2.12369
695 1.08018 -0.597056 4.96317
695 0.28696 -1.20816 4.18325
695 -0.817327 0.0372475 2.26577
695 -0.803884 -0.475511 2.78143
695 -1.3064 -0.196165 2.49513
695 0.875093 0.591259 6.08636
695 -0.270226 1.1612 1.01888
695 1.27589 -0.357455 5.17048
695 0.195207 0.743723 0.596985
695 -0.494476 -0.750684 3.26224
695 -0.0346054 1.26358 0.83075
695 -0.750436 1.07063 1.41157
695 -0.586639 -0.785412 3.19921
695 0.312541 0.776678 0.472303
695 -0.183107 1.05133 0.97713
695 0.313069 -0.925034 4.24546
695 -0.992203 -0.693777 2.89669
695 -0.388748 -1.20068 3.54999
695 -0.613475 0.666936 1.54023
695 -0.834968 0.362162 1.94733
695 0.642743 0.69504 0.0850896
695 0.836254 -1.1967 4.52376
695 0.728351 0.418306 6.02813
695 0.604284 -0.642387 4.66002
695 -0.706151 0.213261 2.05649
695 -0.586023 0.950751 1.36553
695 0.955626 0.550238 6.01484
695 0.246381 1.31119 0.580421
695 -0.904336 -0.380122 2.66908
695 0.296653 1.31293 0.573229
695 0.525739 1.21462 0.396067
695 0.0669913 1.24781 0.755974
695 -0.500566 1.18942 1.20282
695 -0.670413 -0.725847 3.10748
695 -1.03983 0.476782 1.93212
695 0.887246 1.11007 0.109368
695 0.809725 -0.733415 4.73159
695 1.03619 -0.758265 4.82693
695 0.610745 0.97049 0.233692
695 0.226506 -1.18993 4.11882
695 0.0701865 -1.20455 3.95892
695 0.52708 0.677252 0.159741
695 0.979822 0.918803 6.26988
695 1.15624 0.555894 5.93988
695 -0.676728 -0.860653 3.18421
695 -1.23321 -0.296466 2.56989
695 -1.06183 -0.223656 2.5176
695 -0.936546 -0.664272 2.89842
695 0.146157 -0.935916 4.07109
695 0.621731 -0.781704 4.57908
695 0.834377 0.923707 0.0652622
695 -0.241659 0.80942 1.13186
695 1.14944 -0.185368 5.31717
695 0.227277 1.11677 0.602659
695 0.486997 -0.979472 4.38919
695 1.05029 -0.691757 4.88241
695 -0.145071 1.35147 0.885797
695 -0.896552 0.645338 1.73795
695 -0.747226 0.451524 1.80029
695 -1.08097 0.441198 1.96903
695 -0.709617 -1.22996 3.37702
695 0.39529 -1.40242 4.21536
695 1.25668 -0.63975 5.00385
695 -0.129098 -0.872922 3.68089
695 -0.754417 -0.213573 2.53077
695 -0.410213 1.057 1.18764
695 0.424408 -0.834908 4.39602
695 -0.652419 -1.13907 3.37555
695 -0.82339 0.69835 1.64001
695 1.09095 0.315774 5.78408
695 -0.487398 -1.08521 3.43971
695 -1.14734 -0.184762 2.47498
695 0.891501 -0.0866624 5.40706
695 -0.354982 1.02313 1.15026
695 -1.26879 -0.0410321 2.36432
695 1.28016 -0.202992 5.30493
695 0.177917 -1.36423 4.04005
695 -0.618012 -0.981608 3.32702
695 0.384197 1.23226 0.48851
695 -0.874364 0.239257 2.09449
695 -0.5134 -1.26983 3.48167
695 -0.999003 0.679674 1.76796
695 -0.814304 0.930029 1.50151
695 0.330434 1.20988 0.543453
695 -0.266536 0.749407 1.20842
695 0.9067 -0.880723 4.70902
695 -0.988278 -0.576404 2.81059
695 0.827157 -0.482832 4.93026
695 0.690413 -0.8669 4.58525
695 -1.14322 -0.6014 2.76332
695 -0.856248 -0.46053 2.7449
695 -0.327182 0.975421 1.14796
695 0.755884 0.721303 0.00978015
695 0.947959 -0.311216 5.15734
695 -1.1489 0.0215927 2.31719
695 -0.63163 0.859525 1.42658
695 -1.16651 0.145659 2.21217
695 -0.119563 -1.2474 3.79427
695 0.477645 -1.13911 4.31683
695 -0.430605 1.17769 1.15575
695 -0.342484 -1.1704 3.57449
695 -0.286719 -1.28746 3.65053
695 -0.83558 -0.352005 2.65573
695 1.07216 -0.432272 5.10211
695 0.0558681 1.15389 0.759784
695 0.684604 -1.04233 4.49582
695 -0.738784 0.00898095 2.28315
695 1.33773 -0.319871 5.21561
695 0.450663 -0.935077 4.3767
695 1.32087 -0.0140054 5.47842
695 -1.08382 -0.286207 2.56771
695 1.30389 0.106898 5.56814
695 1.06014 0.675591 6.03981
695 -0.786993 -0.159023 2.47628
695 1.22701 -0.475551 5.10143
695 1.16678 0.430286 5.84973
695 0.148848 -1.01525 4.04941
695 -0.533783 -0.806227 3.26731
695 1.22867 0.230717 5.68245
695 -0.440044 -0.848637 3.37316
695 0.94736 0.155277 5.66118
695 -1.14573 0.541827 1.93441
695 -0.780906 0.72985 1.60788
695 0.0480999 0.82249 0.795117
695 1.11934 0.3771 5.8255
695 -0.804208 0.149113 2.14477
695 0.0477221 1.37465 0.762993
695 0.635126 -0.941993 4.51209
695 -0.213294 -1.40876 3.74453
695 -0.0861235 1.24633 0.858568
695 0.11828 -1.23599 4.00285
695 -0.505268 1.01623 1.31717
695 -0.0706619 -1.22145 3.82659
695 1.32394 -0.141096 5.38081
695 0.410322 -1.04674 4.27818
695 1.14297 -0.873023 4.82423
695 -0.21333 1.08797 0.998234
695 1.21274 0.53936 5.91185
695 0.133287 1.00479 0.70479
695 1.1095 0.730752 6.06458
695 -0.965775 0.785622 1.66382
695 -0.91293 -0.435724 2.71257
695 -0.639033 -0.780643 3.17058
695 -0.745703 -0.0503357 2.34802
695 0.0138888 1.1219 0.804179
695 1.31748 -0.405507 5.16068
695 -0.0798831 -1.28703 3.82387
695 0.349542 1.11221 0.511753
695 -0.42517 -0.735215 3.32101
695 -1.03795 -0.81006 2.98175
695 -0.711621 -0.326219 2.66793
695 -1.14897 -0.467028 2.6814
695 -1.20496 -0.111733 2.4268
695 -0.310744 0.882797 1.1686
695 -1.06064 -0.0499471 2.36548
695 0.423873 -1.1243 4.27021
695 -0.138296 1.1506 0.902907
695 1.20421 0.166453 5.62902
695 -1.10568 0.494767 1.9359
695 1.26845 0.517002 5.8711
695 0.701587 0.684182 0.032439
695 0.595122 1.20947 0.324311
695 -0.486431 0.77596 1.37627
695 1.1833 -0.42837 5.13339
695 0.224227 -1.30862 4.11101
695 -0.230226 -1.17957 3.66584
695 0.862069 0.828498 6.28236
695 -0.616133 0.606192 1.5834
695 -0.545656 0.923716 1.35851
695 -0.692146 0.106353 2.15663
695 -0.824971 -0.0483804 2.34622
695 0.28751 -0.853444 4.23002
695 -0.630067 0.90729 1.41959
695 -0.644961 -1.26721 3.42249
695 0.359435 0.704669 0.372905
695 -0.486199 -1.15285 3.46377
695 -1.16053 -0.684387 2.85161
695 -0.773488 0.188962 2.11584
695 1.06096 0.429342 5.8914
695 -1.26273 -0.112108 2.42533
695 1.35079 -0.0937523 5.3974
695 -0.388388 -1.13327 3.52963
695 0.840837 0.207917 5.76717
695 -0.799122 0.492092 1.79746
695 1.2422 -0.261105 5.24778
695 0.758732 1.00165 0.133666
695 0.208512 -1.08465 4.11999
695 -0.445393 0.912805 1.31645
695 0.583729 -1.28176 4.35451
695 0.418705 0.853324 0.377262
695 -0.690324 1.06751 1.3764
695 -0.148747 1.09944 0.928887
695 -0.328389 0.766897 1.26825
695 1.02373 0.793964 6.14859
695 1.221 0.0661373 5.55908
695 0.924831 -0.369421 5.11055
695 -1.16275 0.0900162 2.25568
695 -0.0794858 -1.05437 3.79248
695 0.999044 0.432062 5.91011
695 0.0440857 -1.32087 3.95335
695 -0.758194 -0.276547 2.59778
695 0.0687253 0.763981 0.787788
695 -0.768697 -1.13146 3.31623
695 -0.679046 -0.592483 2.97356
695 -0.436235 -1.17321 3.51
695 0.680647 -0.566691 4.78023
695 0.492096 0.914017 0.330128
695 0.601502 1.28084 0.343743
695 0.941032 -0.802142 4.74788
695 1.10946 0.667745 6.01815
695 -0.540131 0.797624 1.41114
695 0.249756 1.19118 0.58383
695 -0.075766 1.0739 0.870874
695 -1.24346 0.186702 2.19089
695 -1.11382 0.330101 2.0795
695 -0.4459 -1.0488 3.44988
695 -1.1697 -0.556288 2.75103
695 0.882089 0.373763 5.90736
695 -0.7759 0.555225 1.73827
695 -0.304625 -0.85076 3.48327
695 -1.03099 -0.530523 2.74882
695 1.00094 -0.94487 4.72208
695 1.19879 -0.217637 5.28504
695 -1.15573 0.284835 2.12148
695 -0.797006 0.437191 1.82526
695 -0.986934 0.618783 1.79395
695 -1.03651 -0.359278 2.61689
695 0.698584 0.84209 0.101206
695 -1.14022 -0.124825 2.43446
695 0.798159 -0.422387 4.9945
695 1.05662 -0.246098 5.2291
695 -0.91057 0.469393 1.86492
695 0.0776275 1.09777 0.744084
695 -0.971014 0.568741 1.8069
695 1.40255 -0.102416 5.40038
695 0.622523 -1.03422 4.46196
695 -0.741277 -0.946358 3.21743
695 -0.288937 1.0147 1.0814
695 -0.251707 -1.04107 3.59362
695 0.14408 1.05978 0.67814
695 -0.909173 -0.0448753 2.36243
695 -1.06382 -0.424907 2.67022
695 1.09898 -0.733088 4.87072
695 -0.899364 0.33439 2.00029
695 -0.788436 -0.595177 2.91485
695 0.771631 0.447065 6.0279
695 -0.564172 1.17369 1.27892
695 -1.04559 0.659372 1.78144
695 0.691718 -0.927951 4.55329
695 1.03653 0.205922 5.69745
695 1.22535 -0.168547 5.33411
695 0.208448 -1.24093 4.10545
695 0.270331 -0.978124 4.2008
695 0.749388 -1.03446 4.53677
695 -1.00084 -0.205021 2.50643
695 0.507421 1.11968 0.382015
695 -0.762375 0.0815835 2.19739
695 0.780967 -0.513911 4.88528
695 0.828985 0.671155 6.1997
695 0.80164 0.527842 6.0783
695 -0.288191 -0.790125 3.46184
695 -0.511447 1.12798 1.24989
695 0.94736 -0.473898 5.00757
695 0.736278 -0.831037 4.61955
695 1.10573 -0.0866662 5.40668
695 1.36063 0.399401 5.7637
