55 -0.930215 -0.558717 2.71119
55 -0.552204 -1.35854 3.62762
55 0.015801 -1.28188 3.92336
55 -0.588563 -0.394307 2.52228
55 0.539465 0.873701 0.375591
55 -0.463854 0.115189 1.99666
55 0.472812 0.98562 0.487519
55 0.945817 1.03439 6.17586
55 -0.650644 -1.02356 3.24134
55 0.271052 -1.34281 4.22439
55 -0.0922931 -1.17548 3.80351
55 -0.934642 -0.847482 3.00962
55 0.663061 0.986269 0.153213
55 0.922752 -0.304792 5.09606
55 0.0283082 -1.45535 4.27391
55 -0.983151 -0.415504 2.58929
55 -0.653344 -1.43289 4.68163
55 -0.892261 -0.693964 2.85709
55 -1.01886 -0.244507 2.43672
55 -0.496597 -0.86424 3.13266
55 0.960844 -0.547924 4.94163
55 0.0659827 1.23588 0.796105
55 0.745305 0.6182 6.15118
55 0.302903 0.949099 0.713735
55 0.0886547 1.35185 5.15723
55 0.227744 1.34976 0.584094
55 1.21218 0.989773 5.48644
55 0.562412 -1.06556 4.53846
55 -0.835237 -0.13485 2.3362
55 1.0117 0.968268 6.03438
55 -0.5889 -0.908282 3.15
55 -0.584541 0.621364 1.61276
55 1.00636 1.13432 6.10559
55 1.12672 0.67041 5.92166
55 1.17097 0.437418 5.67082
55 0.68554 0.954261 0.178313
55 0.228605 -0.968064 4.34635
55 -0.358047 -1.32287 3.65817
55 0.202309 1.20423 0.67389
55 0.176142 0.774583 0.947426
55 -0.593853 -1.4415 4.64016
55 -0.842657 -0.193264 2.37818
55 1.01491 0.796785 6.02927
55 -0.18221 0.674089 1.35985
55 -0.158486 -1.66567 4.00141
55 -0.00971486 -1.40212 4.38718
55 -0.00627582 -1.35133 4.41812
55 -0.711503 0.397378 1.83902
55 0.119604 1.26775 0.699613
55 0.225974 1.15944 0.676498
55 1.13429 0.473795 5.71697
55 -0.407237 0.508368 1.61832
55 0.994376 -0.44365 5.03682
55 -0.303334 -1.12712 3.52042
55 0.912787 0.536857 5.86297
55 0.953509 -0.192292 5.17939
55 1.21541 1.04495 5.48411
55 1.27338 0.559497 5.77753
55 -0.871911 -0.88384 3.06384
55 0.54555 0.931304 0.372311
55 0.282063 -1.39286 4.2166
55 -0.248135 -1.623 3.94465
55 -0.788275 -1.25138 3.44691
55 1.24353 0.815177 5.9437
55 -0.704194 -0.0501909 2.21903
55 -0.182232 -1.16189 3.67114
55 0.425146 0.918942 0.539524
55 -0.5799 -1.31363 3.57961
55 0.261646 1.40945 0.56396
55 -0.531609 0.585781 1.61208
55 -0.702762 -1.30239 3.47453
55 0.668811 -0.769951 4.73052
55 -0.545248 -0.263789 2.38527
55 0.261366 -1.48367 4.27277
55 -0.835937 -0.557544 2.70624
55 -0.768361 -0.226809 2.38985
55 -0.474382 -0.811413 3.07211
55 -0.0566036 -1.3148 4.03082
55 -0.745769 0.430758 1.81768
55 -0.335816 0.299132 1.76623
55 -0.637094 -0.931606 3.15555
55 0.584333 0.900443 0.310007
55 0.579251 1.30953 0.313795
55 0.420864 -1.32202 4.37044
55 -0.747357 -1.28813 3.4675
55 -0.596416 -1.18271 3.40668
55 -0.158709 0.523721 1.4451
55 0.905545 0.0343302 5.3481
55 -0.257419 0.60178 1.44645
55 1.06736 -0.310903 5.1304
55 0.560644 1.25762 0.332655
55 0.432986 1.08706 0.488655
55 -0.493987 -1.27361 3.55527
55 -0.386404 -1.06493 3.41048
55 1.00037 0.0330854 5.35955
55 0.398208 1.18909 0.490155
55 -0.574427 0.816216 1.46347
55 1.25431 0.318602 5.57168
55 -0.39864 -0.861487 3.16826
55 0.0562898 -1.23214 3.97033
55 0.720839 -1.01117 4.66057
55 -0.447895 -0.859426 3.14303
55 -0.678222 0.724075 5.02306
55 0.189882 -1.41489 4.09337
55 1.20192 0.782387 5.9696
55 -0.193886 1.09149 1.05462
55 1.06542 1.00169 5.91374
55 -0.0480503 0.600304 1.33924
55 -0.185638 0.767843 1.31422
55 0.352644 1.45375 5.18653
55 -0.368902 -1.22674 3.60777
55 -0.113938 1.02666 1.02775
55 0.388487 1.43319 0.412588
55 0.699651 -0.536982 4.89059
55 -0.180394 0.461979 1.51723
55 -0.64348 0.324161 1.87773
55 1.02441 0.21851 5.50314
55 -0.862596 -1.1675 3.33932
55 0.815995 0.462611 5.81973
55 1.21577 0.885248 5.90414
55 0.477749 1.26834 0.400614
55 -0.333157 -1.07509 3.47669
55 -0.300067 -1.01704 3.42709
55 -0.857796 -0.935091 3.10108
55 0.909994 1.22216 6.2224
55 0.260622 -1.29192 4.20375
55 0.925416 -0.60747 4.90957
55 0.791378 -0.837465 4.71635
55 1.04183 0.284674 5.58804
55 0.40025 0.73653 0.660092
55 -0.227618 -1.08881 3.56823
55 -0.254528 0.125678 1.89307
55 -0.303592 0.43817 1.61693
55 -1.05943 -0.686397 4.8349
55 0.420485 -1.1726 4.42813
55 -0.253268 -0.947141 3.37482
55 -0.962805 -0.295768 2.47866
55 -0.142409 -1.59684 4.1661
55 -0.35297 -1.41537 3.85673
55 -0.229582 0.9325 1.18318
55 1.14323 0.190176 5.46725
55 -0.732378 -0.999908 3.17825
55 -0.976715 -1.03099 3.15575
55 -0.690967 -1.01223 3.22957
55 0.883968 0.661366 6.02504
55 0.17509 1.12659 0.739449
55 -0.332572 0.904695 1.3231
55 -0.698805 -1.20465 3.3859
55 0.55191 -1.12887 4.51591
55 0.626835 1.17866 0.231391
55 -0.373195 -0.0739091 2.15511
55 0.127652 0.769854 0.989426
55 0.405615 -0.881091 4.54781
55 -0.757851 -0.921425 3.13813
55 1.00678 1.00699 5.9896
55 -0.0843272 0.344463 1.55154
55 0.00908091 0.484953 1.38243
55 0.77855 0.825961 0.0143382
55 -0.432455 -1.30531 3.59397
55 1.19738 0.67954 5.88868
55 0.144864 1.01361 0.83491
55 -0.0616642 0.502909 1.40282
55 -0.398123 0.944953 1.33426
55 0.493109 0.928314 0.464728
55 -0.101244 1.19193 5.14501
55 0.857785 0.879215 6.18965
55 -0.452514 -0.411963 2.53263
55 0.415217 1.03684 0.529685
55 -0.525789 -0.163519 2.28473
55 -0.303932 -1.46922 4.52267
55 -0.39667 0.0937974 1.99642
55 0.975683 1.1718 6.13894
55 -0.643674 -1.23935 3.43272
55 -0.748572 0.210509 2.02166
55 -0.439398 -1.0627 3.39271
55 1.31365 0.839524 5.8491
55 0.344244 0.822842 0.717613
55 -0.412515 0.445555 1.6653
55 1.08743 -0.179693 5.18793
55 -0.0526732 -1.42282 3.83884
55 -0.531821 0.534896 1.6588
55 -0.787581 0.0551095 2.16434
55 -0.0901989 1.07181 0.989649
55 -0.854221 -0.345919 2.50506
55 -0.448312 -0.650391 2.8238
55 0.926882 0.875188 6.11682
55 0.590902 1.08592 0.296315
55 1.20973 0.294685 5.56973
55 -0.224414 1.04515 1.10808
55 -0.523983 0.795061 1.45359
55 -0.319557 -1.64766 4.06189
55 0.495354 1.41248 0.30603
55 -0.404405 -1.14316 3.46601
55 -0.866235 -1.09716 4.77887
55 0.335114 1.42617 0.460275
55 0.785531 -0.720793 4.82223
55 -0.308613 0.496516 1.57124
55 0.352555 -1.39118 4.26874
55 -0.407466 0.574937 1.56839
55 -0.519393 -1.09953 3.39997
55 0.877123 0.327851 5.63351
55 -0.230858 0.747341 1.34511
55 -0.391302 -0.658394 2.84572
55 0.694741 1.33792 0.156829
55 0.946679 0.973333 6.14557
55 -0.772515 -1.02925 3.21886
55 -0.907662 -0.271671 2.45075
55 0.283558 -1.16316 4.2775
55 0.166729 -1.24612 4.13901
55 -0.616847 -0.444687 2.58525
55 -0.191017 -1.3256 3.72804
55 0.977248 1.21108 6.12579
55 0.0286912 -1.05305 3.95706
55 -0.480835 -0.000373028 2.12813
55 1.29199 0.482905 5.65955
55 -0.480147 -0.691829 2.88824
55 0.910813 -0.154099 5.18368
55 0.938538 -0.372432 5.06706
55 0.131905 0.657078 1.07103
55 1.07652 1.20096 5.29218
55 -0.0060715 -1.01072 3.91237
55 0.0371192 1.07231 0.884447
55 1.22861 0.650871 5.87486
55 0.991084 0.156474 5.44553
55 -0.677172 -0.921204 3.12527
55 0.73025 -0.784424 4.72314
55 0.445809 -1.27537 4.39958
55 -0.455671 -1.16185 3.48207
55 0.0527989 1.16437 0.843986
55 0.350105 -1.17008 4.3562
55 -0.657273 -0.682373 2.86177
55 -0.439862 0.0532077 2.05965
55 -0.714008 -0.873443 3.07582
55 0.226484 -1.18292 4.20828
55 0.912912 0.729245 6.06937
55 0.836289 1.20987 0.0352845
55 -0.845039 0.0748879 2.16699
55 0.317219 0.893812 0.724704
55 -0.437046 0.385961 1.73938
55 -0.997298 -0.152451 2.37157
55 -0.145132 0.343717 1.59771
55 0.263635 0.821917 0.814883
55 0.467018 1.03612 0.462474
55 -0.703306 0.530484 1.75698
55 0.0703393 0.506685 1.31082
55 -0.90256 0.162923 2.10966
55 -0.351734 0.861298 1.33578
55 0.75255 0.699934 6.25239
55 0.790792 0.652529 6.12523
55 0.159733 1.17067 0.745403
55 -0.0278274 0.878927 1.05648
55 -0.00341696 0.64686 1.25494
55 -0.613074 -1.34617 3.56627
55 -0.689938 0.0704755 2.12655
55 0.772914 1.29138 0.126419
55 0.976898 1.07571 6.10838
55 0.0552193 0.825481 1.01945
55 1.1284 0.138975 5.43631
55 0.12702 0.962251 0.870514
55 0.667309 1.15722 0.193697
55 -0.820866 -0.730742 2.88542
55 0.484443 1.18991 0.400905
55 1.17016 1.06475 5.32769
55 1.25778 0.979457 5.84918
55 -0.31316 -1.3372 3.68228
55 1.06074 0.685484 5.96121
55 -0.596872 -0.484311 2.61102
55 -1.05114 -0.264586 4.90198
55 -0.363612 -1.44248 4.57843
55 0.218131 0.914684 0.809565
55 0.472385 1.13211 0.431499
55 -0.0922951 0.826525 1.16989
55 -0.5603 -1.07354 3.36076
55 -0.546569 -0.494749 2.62585
55 0.81812 0.773291 6.221
55 0.631471 -1.10662 4.56466
55 -0.672879 -1.17254 3.42343
55 -0.360971 0.546749 1.5642
55 -0.7615 -0.856706 3.03254
55 0.933213 -0.07299 5.25238
55 0.389485 0.794097 0.650515
55 -0.198945 -1.5545 4.23159
55 -0.803599 -1.28749 4.75118
55 -0.894044 -0.440852 2.60217
55 0.663985 0.661652 0.105728
55 0.814887 0.712122 6.17879
55 -0.0385356 0.456274 1.4148
55 -0.965145 -0.0972991 2.31129
55 0.106825 1.10239 0.83462
55 0.482595 1.08181 0.428437
55 -0.4419 -1.56361 4.46137
55 1.06157 -0.240417 5.16624
55 -0.266623 -1.39205 4.58544
55 0.86915 0.779352 6.16213
55 0.337827 1.37691 0.467514
55 0.313205 1.05444 0.611544
55 -0.000775309 -1.23114 3.91207
55 0.514979 1.0215 0.415067
55 -0.650656 0.386492 1.81552
55 0.34406 1.30922 0.505857
55 0.946729 1.12872 6.15265
55 0.796508 1.15103 0.0909558
55 -1.01028 -0.719193 4.82337
55 -0.800539 0.304118 1.95339
55 1.01761 0.32906 5.61891
55 -0.912481 -0.0532953 2.27166
55 -1.03207 -0.388222 2.58507
55 0.105111 -1.04313 4.1445
55 -0.23795 -1.54156 4.24189
55 0.146262 0.920204 0.882567
55 0.454142 0.888856 0.526954
55 -0.535198 -0.836553 3.10056
55 0.852775 -0.121315 5.20292
55 -0.313422 -1.40993 3.77247
55 -0.482029 -0.758022 2.97988
55 -0.329495 -0.418744 2.52969
55 0.940273 0.40817 5.73371
55 0.41049 1.38648 0.413895
55 -0.627954 -0.8692 3.0949
55 -0.124885 0.693403 1.32692
55 -0.712019 -0.940617 3.14157
55 -0.616486 0.226327 1.95357
55 -0.542136 -0.77362 2.97139
55 -0.945269 -0.744339 2.89676
55 0.246305 0.684401 0.934921
55 0.0169587 -1.18129 3.94145
55 -0.180649 -1.58932 4.19195
55 -0.104017 -1.40976 4.43251
55 1.22756 -0.00824221 5.25735
55 -0.422177 -1.10753 3.443
55 0.0796661 -1.28624 4.00185
55 1.22033 0.562654 5.81111
55 -0.997065 -0.941073 4.79772
55 0.747841 1.12971 0.100751
55 0.376951 0.894327 0.610312
55 0.0955743 1.0564 0.841972
55 -0.163092 -1.48345 4.41402
55 -0.57928 0.507493 1.70932
55 1.1335 0.706749 5.71334
55 0.868068 -0.0523651 5.24705
55 -0.474285 -1.01238 3.33958
55 -0.708068 -1.12272 3.33582
55 -0.540058 -0.00753299 2.15093
55 -0.710224 -0.257903 2.41848
55 -0.322425 0.114514 1.93813
55 -0.425656 0.770078 1.43289
55 0.366954 0.939832 0.611531
55 0.00439826 -1.10726 3.9278
55 -0.578288 -0.132945 2.26981
55 -0.137622 0.799308 1.22721
55 1.11559 0.0809756 5.38612
55 1.28537 0.794512 5.94455
55 0.680949 1.2834 0.169545
55 -0.401358 -1.195 3.5631
55 0.459507 1.30944 0.413777
55 0.18319 0.88001 0.865842
55 -0.275311 0.873521 1.30337
55 0.903164 0.971016 6.16613
55 -0.25795 0.686246 1.38614
55 0.76358 0.886536 0.0592067
55 -1.04416 -0.180975 4.89944
55 -0.486267 0.672312 1.53287
55 -0.998862 -0.566023 2.74301
55 0.0162979 0.791101 1.07686
55 1.28695 0.604686 5.76007
55 0.326103 1.09957 0.597524
55 -0.217388 0.875912 1.23578
55 -0.290886 -1.17381 3.56803
55 -0.863674 0.330302 4.97477
55 -0.480287 0.599768 1.58646
55 0.784063 1.19098 0.0838384
55 -0.592179 0.278922 1.89961
55 -0.822201 -0.609798 2.74672
55 0.205378 1.40812 5.17139
55 -0.214183 0.702611 1.36013
55 -0.280686 -1.49517 4.45821
55 -0.263223 0.812699 1.3266
55 -0.387578 0.219446 1.84447
55 1.06512 0.171533 5.46068
55 -0.117877 -1.11908 3.72904
55 1.06943 -0.0335077 5.3079
55 -0.393071 -1.36009 3.74072
55 1.11756 0.78775 5.54016
55 -0.460717 0.196873 1.91888
55 0.275993 -0.909655 4.44847
55 0.627825 -0.667191 4.76154
55 -0.476816 -0.922542 3.19596
55 -0.3294 -0.302423 2.38141
55 0.205774 1.38649 0.591066
55 -0.287562 -1.55114 4.32173
55 1.2206 1.09857 5.6207
55 0.826271 1.24894 0.0249124
55 -0.684903 -0.571765 2.71976
55 0.477811 0.856412 0.526331
55 -0.711789 -0.681992 2.84956
55 0.102788 1.20321 0.770186
55 0.769839 1.3864 0.0650433
55 0.809103 1.05976 0.0388127
55 -0.894471 -0.180403 2.37666
55 0.789727 -0.896701 4.72859
55 -0.83794 0.13732 2.10772
55 0.147382 1.06526 0.794217
55 0.887476 1.26697 6.27756
55 -0.00146476 0.986783 0.962749
55 -0.136124 0.974419 1.09364
55 -0.696222 -0.123296 2.28192
55 -0.178392 0.293118 1.68083
55 0.635799 1.3779 0.202609
55 0.019082 0.431229 1.40462
55 0.613381 1.24113 0.247038
55 1.04331 0.457516 5.73828
55 -0.314226 -1.26943 3.69564
55 -0.305936 0.570028 1.49417
55 0.28687 1.11596 0.629559
55 0.972451 0.768239 6.05248
55 0.248165 1.01749 0.730458
55 0.615193 0.949807 0.235863
55 1.1044 0.240772 5.52048
55 -0.19381 0.185562 1.77712
55 -0.255942 -1.20938 3.6637
55 -0.863306 -0.733944 2.88581
55 -0.719527 -0.307689 2.46294
55 -0.633312 0.510108 1.73828
55 -0.0609222 0.66694 1.29893
55 -0.568396 0.200602 1.96731
55 0.922123 1.08936 6.17669
55 0.13521 1.31259 0.665913
55 -0.796715 0.239948 2.01391
55 0.24623 1.06764 0.725538
55 1.1582 0.297716 5.57834
55 -0.436433 0.329998 1.77569
55 0.976499 0.0858045 5.3943
55 0.892686 0.18901 5.48323
55 0.633136 1.28557 0.225351
55 0.575581 1.20208 0.327832
55 0.999923 0.663569 5.97385
55 0.936365 0.924661 6.1662
55 -0.0414862 1.2989 0.853303
55 -0.589346 -0.957969 3.19035
55 0.360597 -1.11243 4.39785
55 0.925415 0.637913 6.01151
55 -0.469436 -0.556796 2.69099
55 -0.90968 0.201193 4.95958
55 -0.529474 -1.02892 3.32775
55 0.0166236 1.35376 5.15699
55 -0.473126 0.423417 1.72811
55 0.504905 -0.800622 4.62988
55 -0.44109 0.629226 1.54835
55 -0.55335 -0.328647 2.47247
55 0.691119 1.02222 0.161111
55 -0.41118 -0.304711 2.40525
55 0.331253 -0.933122 4.46128
55 -0.0690468 0.72576 1.23358
55 0.830343 0.820928 6.21392
55 -0.600581 0.083015 2.09451
55 -0.75422 -0.36301 2.52103
55 -0.661782 -0.0232782 2.19662
55 -0.263543 -1.04597 3.49517
55 0.900459 1.17455 6.27074
55 1.17276 0.387963 5.67587
55 -0.147118 -1.2709 3.79423
55 -0.24522 1.14845 5.11142
55 -0.580645 -1.48478 4.58175
55 0.586064 -0.759619 4.69957
55 -0.614145 -0.305345 2.45311
55 0.922318 0.487182 5.82387
55 0.87174 1.37063 5.23907
55 0.560002 1.38228 0.315588
55 -0.180993 0.958601 1.12576
55 -0.517671 -1.43652 4.63875
55 -0.0346725 -1.4887 3.90583
55 -0.179396 0.407813 1.55858
55 -0.431475 -1.6021 4.36126
55 0.379019 1.10306 0.537308
55 0.526974 1.29669 0.324216
55 -0.775637 0.409687 5.00893
55 -0.0495716 1.03388 0.980683
55 -0.360379 0.0479201 2.03127
55 0.715708 -0.961213 4.64104
55 -0.794319 -0.180091 2.36132
55 -0.964207 -0.997371 4.81161
55 -0.599698 -0.0444798 2.18851
55 -0.46285 -1.33425 3.59993
55 -0.671137 -0.857533 3.0766
55 -0.49314 -0.38585 2.51792
55 0.0733533 -1.37364 3.94175
55 0.433054 -0.816846 4.57461
55 0.0110557 0.543293 1.33482
55 0.546468 -0.92106 4.60705
55 0.621694 1.0222 0.241468
55 -0.127556 -1.63243 4.11632
55 -0.529581 -0.104344 2.23412
55 -0.791079 -0.813972 3.00093
55 -0.483994 -1.46242 4.61996
55 -0.553325 0.395403 1.77987
55 -0.807128 -0.266812 2.44305
55 0.23265 1.24896 0.635463
55 -0.488649 -0.200082 2.30581
55 -0.375013 -0.599515 2.75503
55 -0.87298 -0.482399 2.64026
55 -0.657131 -1.34378 3.56573
55 0.76707 1.3403 0.0819714
55 -0.121886 0.408648 1.52454
55 -0.547955 -0.641044 2.78651
55 0.83341 -0.1962 5.14825
55 -0.03296 1.1256 0.893655
55 0.206108 -1.30088 4.16622
55 0.275874 -1.23777 4.24838
55 -1.00411 -0.811745 4.79572
55 -0.743501 -1.37096 4.72144
55 -0.358956 0.487343 1.60421
55 0.18824 0.994732 0.800253
55 -0.681095 -0.208894 2.35752
55 0.537611 1.44317 0.263961
55 -0.34854 -1.48257 4.58123
55 -0.733461 -1.33176 4.7228
55 0.376578 1.34636 0.448597
55 -0.294847 -0.920288 3.32658
55 -0.0993722 0.93919 1.07891
55 0.546406 -0.713173 4.71197
55 -0.145801 1.07633 1.02932
55 0.869242 1.318 0.0595002
55 -0.846244 0.0145344 2.19966
55 0.778141 0.955581 0.0664546
55 0.897376 -0.699914 4.85502
55 -0.313219 -0.817873 3.15678
55 -0.0171545 1.22473 0.845148
55 -0.663302 -0.162922 2.32127
55 1.04629 0.951339 6.10821
55 -0.0390602 -1.06273 3.88072
55 0.858869 0.963492 6.23127
55 0.631749 1.33472 0.22126
55 0.594817 0.829895 0.27861
55 -0.474534 0.774446 1.44413
55 0.813178 0.87913 6.24695
55 -0.315408 1.10367 5.10619
55 0.0642263 0.768974 1.04707
55 0.199947 0.725101 0.966468
55 -0.902502 -0.7625 2.90485
55 0.186401 1.27003 0.657441
55 -0.4779 -1.10884 3.3968
55 -0.0881835 -1.63911 3.96397
55 -0.791915 0.0059298 2.19687
55 -0.530482 -1.29525 3.60382
55 0.660146 -0.720237 4.73935
55 0.65189 0.921584 0.181857
55 -0.687126 0.180954 2.03207
55 -0.2021 -1.21812 3.68041
55 -0.342361 0.362965 1.70435
55 1.30134 0.994126 5.69177
55 0.427625 -1.10621 4.46411
55 -0.811364 -1.05134 3.22685
55 0.0793752 -1.42347 4.25628
55 -0.973356 -0.908736 3.05242
55 -1.05248 -0.535039 4.8373
55 -0.0527184 -1.46207 4.21829
55 -0.562828 -0.194108 2.30796
55 -0.485205 -1.05895 3.38358
55 -0.708762 0.339795 1.89388
55 -0.408599 -1.44003 4.63669
55 0.842678 -0.663608 4.86999
55 0.49062 -1.12354 4.48742
55 -1.03448 -0.457613 2.6286
55 -0.505447 -1.33897 3.6191
55 0.0101451 0.852785 1.04301
55 0.923728 0.829038 6.12482
55 -0.388849 0.894488 1.34607
55 -0.366538 0.150248 1.92824
55 0.811705 0.544303 5.95317
55 -0.0101613 -1.53464 3.95246
55 -0.945889 0.0573253 2.19018
55 0.777598 0.752717 6.23994
55 0.0212236 -1.49333 3.8989
55 1.1861 0.819417 5.57759
55 -0.264175 0.532651 1.5042
55 -0.148575 0.642988 1.35802
55 -0.887377 -1.02488 3.16154
55 0.949819 0.672295 6.00452
55 -0.685299 -0.733227 2.9017
55 -0.201152 -1.05432 3.53554
55 0.156792 1.22856 0.693756
55 0.860403 -0.39778 5.02468
55 0.580054 1.14163 0.32415
55 -0.225224 -1.17317 3.66733
55 -0.223203 -1.12448 3.57176
55 1.2149 0.815172 5.75663
55 -0.392598 0.642984 1.49781
55 -0.479822 -0.130481 2.25137
55 -0.810652 -0.959027 3.1123
55 0.629565 1.45263 5.22352
55 -0.997344 -0.746931 2.91058
55 0.613425 -0.888407 4.64789
55 0.171441 -1.18019 4.18497
55 -0.315987 0.669865 1.42785
55 -0.0383561 0.814806 1.12376
55 0.0563256 -1.11201 3.9902
55 0.861484 0.495935 5.83453
55 -0.410919 -0.528242 2.66393
55 0.646047 -1.05319 4.5836
55 -0.422023 -0.00850876 2.12711
55 0.135215 -1.51638 4.02363
55 0.730627 0.787348 0.0792097
55 0.684437 0.7781 0.112225
55 1.25406 0.930286 5.93357
55 -0.761116 -0.965562 3.14042
55 -0.654029 -0.787654 2.97322
55 0.541788 1.34049 0.33818
55 0.65588 1.22425 0.211601
55 1.14534 0.807212 5.99299
55 -0.490746 -0.972357 3.27692
55 -0.0868918 1.12178 0.93051
55 1.00227 -0.0981165 5.23344
55 0.302567 0.847234 0.765744
55 -0.369634 -1.61749 4.24816
55 0.0642763 1.11462 0.849687
55 0.706829 0.731562 0.0841319
55 0.653173 1.42084 0.193272
55 1.35782 0.619706 5.50708
55 1.03412 0.761888 6.02449
55 0.579287 1.4247 0.301963
55 0.975333 0.507241 5.82658
55 0.953762 0.229011 5.52954
55 -0.818921 0.185616 2.06684
55 -0.193282 -1.26492 3.71509
55 0.451395 0.768235 0.566801
55 0.0420902 -1.55705 3.98544
55 -0.0409652 -1.12065 3.90208
55 -0.486746 -0.0522973 2.1595
55 -0.344514 0.616435 1.47594
55 0.744642 -0.588069 4.87191
55 -0.296208 -0.0499512 2.11776
55 0.127529 -1.11666 4.15243
55 -0.661198 -0.431676 2.5763
55 -0.626228 0.169245 2.0155
55 1.03101 1.06126 5.9763
55 -0.632002 -0.728131 2.90095
55 0.528446 1.19319 0.380855
55 -0.241018 0.285886 1.72451
55 -0.300376 -0.750356 3.04285
55 0.049269 -1.38105 4.31206
55 0.474755 -1.23435 4.43642
55 -0.775778 -1.1765 4.75939
55 1.16036 0.706883 5.93061
55 -0.418509 -0.118593 2.21671
55 -0.73402 -0.605651 2.75401
55 0.883249 0.917208 6.19242
55 -0.107235 -1.50869 3.9291
55 -0.0960179 1.1657 0.907534
55 -0.616934 -0.106525 2.25363
55 1.10185 0.863341 5.99557
55 1.21004 0.128336 5.41581
55 0.838619 1.35221 0.00219878
55 1.08776 0.560552 5.86386
55 -0.0135701 1.0815 0.893976
55 -0.867366 0.235164 2.04056
55 -0.571359 -1.00631 3.26793
55 0.649409 -0.951935 4.64645
55 -0.204424 0.528981 1.46478
55 -0.455795 0.958743 1.34913
55 -0.0675522 -1.2515 3.82273
55 0.0925362 0.727336 1.05051
55 0.825252 1.00122 6.27977
55 -0.876234 -0.593418 2.73565
55 0.253652 0.966777 0.741659
55 0.487982 -1.06954 4.49478
55 -0.950211 -0.508929 2.66748
55 -0.0350012 1.17468 0.8792
55 0.614788 -1.00302 4.60204
55 -0.789147 -0.694154 2.86223
55 -0.903613 -0.639968 2.78109
55 -0.753836 -1.07891 3.26996
55 0.278092 0.77331 0.811104
55 -0.622696 0.00282058 2.16673
55 0.218827 -1.23678 4.19745
55 -0.290924 0.191683 1.81947
55 0.187895 0.832133 0.878707
55 -0.713537 0.00212764 2.19908
55 0.452305 1.22598 0.408337
55 -0.370752 0.813417 1.3717
55 -0.632524 -1.1948 3.43059
55 0.532784 -1.22674 4.46063
55 -0.420916 -0.79114 3.04795
55 -0.901734 0.107124 2.15686
55 -0.457045 -1.25038 3.52908
55 -0.099713 0.582784 1.37046
55 0.235346 -1.05372 4.29114
55 -0.74109 -0.0906038 2.26731
55 0.772777 1.01384 0.0933484
55 0.520034 1.11078 0.406711
55 0.963164 0.572962 5.88851
55 -0.0353548 0.95036 1.01217
55 0.837067 -0.483898 4.95031
55 -0.549477 -0.43847 2.57083
55 -0.0563087 -1.21225 3.86357
55 1.2093 0.489128 5.6984
55 -0.947421 -0.00573417 2.25313
55 -0.226152 -1.66988 4.13284
55 0.245533 0.867851 0.798343
55 0.115099 0.814467 0.97928
55 0.487452 -1.17713 4.46627
55 0.881588 0.2596 5.5588
55 1.12047 0.948631 5.50353
55 1.02253 0.708339 5.96575
55 1.02569 0.52573 5.83995
55 -0.558174 0.334727 1.82268
55 -0.700881 -1.07361 3.30413
55 0.121552 -1.40966 4.20452
55 0.959913 0.287087 5.58747
55 -0.331685 -1.54706 4.35257
55 -0.253708 -0.816867 3.19454
55 1.13628 0.979313 5.95273
55 -0.317353 1.05935 1.16296
55 0.0867943 0.86158 0.970766
55 0.848367 1.12414 0.0361094
55 0.745948 1.21095 0.132482
55 1.14022 0.855697 5.50963
55 -0.11723 -1.03288 3.63012
55 -0.12307 -1.54642 4.21196
55 1.07328 0.605654 5.89934
55 -0.942626 -0.896851 4.8103
55 -0.422029 -1.51892 4.5093
55 1.19453 0.211945 5.48237
55 -0.364063 -0.472619 2.60252
55 0.353769 1.02232 0.582073
55 0.872061 1.08482 6.25952
55 -0.515147 0.201847 1.94006
55 0.627922 0.859304 0.216577
55 0.34158 1.19208 0.551359
55 -0.0974991 0.639858 1.33416
55 -0.109688 0.470101 1.45017
55 -0.888559 -0.122338 2.34015
55 -0.410685 -1.02401 3.39335
55 0.895467 -0.521491 4.95051
55 -0.238877 0.220387 1.77749
55 0.688606 -0.48144 4.89824
55 -0.768118 -0.295408 2.46014
55 0.767155 -0.511141 4.90616
55 0.784087 -0.363053 5.02135
55 -0.272291 0.334112 1.68931
55 -0.29108 0.253205 1.78091
55 0.532336 1.06786 0.394566
55 -0.761918 -0.422365 2.58026
55 0.445213 0.820297 0.548592
55 -0.918032 -0.915445 3.06529
55 -0.645006 0.0550268 2.11861
55 0.179826 1.32173 0.652083
55 -0.734685 0.0601772 2.14527
55 -0.479379 0.837326 1.41849
55 0.854585 -0.315736 5.08413
55 1.25024 0.204384 5.47444
55 0.970402 0.830847 6.08578
55 0.287255 0.719753 0.83848
55 -0.21664 0.361003 1.63014
55 0.419971 1.26616 0.426746
55 -1.02543 -0.611996 2.75954
55 0.532929 1.14994 0.377789
55 0.770154 -0.656844 4.84581
55 -0.946266 -0.450124 2.6053
55 0.737739 1.0906 0.14582
55 -0.656364 0.628991 1.62891
55 -0.845291 -1.08037 3.23143
55 0.49442 0.72822 0.509374
55 -0.0810483 0.7736 1.19922
55 -0.111648 -1.36004 4.51539
55 -0.491278 -1.54364 4.53854
55 -0.654125 -1.08356 3.32527
55 1.12712 0.364072 5.64098
55 1.1672 0.994124 5.70465
55 0.701649 1.20857 0.120908
55 0.344202 -1.29259 4.27046
55 0.976509 1.25087 6.06973
55 -0.372425 -1.53254 4.43549
55 0.27121 1.44922 5.1476
55 -0.689608 -0.620493 2.74809
55 -0.263993 -1.41903 3.80213
55 0.749404 1.04354 0.0809982
55 -0.0449708 0.550114 1.36495
55 -0.863103 -0.404834 2.5797
55 -0.847267 -0.993058 3.13466
55 1.0146 0.575165 5.88617
55 -1.06152 -0.602215 4.8304
55 0.900491 0.589831 5.95378
55 0.377408 -0.993536 4.4671
55 -0.167944 1.14028 1.00344
55 -0.592277 0.746849 1.5478
55 0.256546 1.20324 0.626869
55 1.03299 -0.388888 5.07063
55 0.670498 0.707223 0.0982567
55 0.412676 0.992327 0.531789
55 -0.702681 0.133229 2.06567
55 -0.56549 0.147063 2.0041
55 -0.433004 -0.592499 2.74204
55 -0.280728 -1.09309 3.5381
55 -0.82706 0.281914 4.97543
55 0.35669 0.98093 0.601459
55 -0.383462 -0.936692 3.2874
55 -0.694609 -0.464671 2.60349
55 0.675843 1.10894 0.160626
55 -0.13945 -1.16307 3.73462
55 0.0646727 -1.16529 3.99637
55 -0.586016 0.451235 1.75202
55 -0.544955 0.0790582 2.08085
55 -0.593209 -0.769535 2.96739
55 -0.212271 0.575782 1.44387
55 -0.308155 0.834686 1.33391
55 1.04249 0.875356 5.97589
55 -0.92241 -0.394983 2.5877
55 -0.0555291 0.397404 1.48713
55 1.01076 -0.162243 5.19666
55 0.384859 -1.05102 4.46587
55 -0.610919 -0.814105 3.01502
55 -0.167447 0.235336 1.73667
55 0.147881 -1.33476 4.05271
55 0.118274 -1.34006 4.25816
55 -0.176946 1.01762 1.09094
55 -0.560256 0.885349 5.06112
55 -0.43751 0.892174 1.35858
55 -0.868042 -0.0467451 2.25945
55 1.09919 0.311552 5.59674
55 -0.11328 0.529829 1.41723
55 -0.367982 -0.769329 3.03211
55 -0.357829 0.430502 1.64361
55 1.34795 0.560313 5.56769
55 0.725346 1.16124 0.0900741
55 1.26466 1.03491 5.62134
55 -0.225545 -1.33384 3.8252
55 -0.90349 -0.970022 3.13358
55 -0.712489 -0.404536 2.54693
55 0.179128 0.609585 1.05696
55 -0.179586 -1.41892 3.74365
55 0.703423 -0.647128 4.8241
55 -0.641516 -1.13552 3.38136
55 0.0927087 0.555803 1.25591
55 -0.914231 -1.10476 3.23048
55 -0.402109 0.719258 1.42977
55 -0.556527 -1.1305 3.41564
55 -0.657388 -0.0828814 2.24087
55 -0.301018 -0.974382 3.40563
55 0.150002 0.714581 1.00055
55 -0.376937 -1.28828 3.63168
55 0.854132 1.16823 0.0285313
55 -0.53373 0.637416 1.59934
55 -0.856765 -1.23286 4.7363
55 -0.971651 -0.800195 2.93516
55 -0.225209 -1.43013 3.75037
55 0.320542 -0.985803 4.43872
55 -0.647099 0.68686 5.03442
55 0.0610783 1.01553 0.879882
55 0.611963 0.750071 0.218946
55 1.26907 0.383863 5.6329
55 -0.699579 -0.790885 2.96693
55 -0.50652 0.488023 1.68447
55 -0.520492 -0.550714 2.70324
55 -0.622563 0.671178 1.60607
55 -0.239267 1.11179 1.06538
55 -0.37761 -1.58566 4.36368
55 1.06749 0.0349343 5.36561
55 -0.613795 -0.177962 2.31413
55 -0.592404 -1.26104 3.49072
55 1.07503 0.747906 5.98866
55 -0.0922672 -1.48023 4.34669
55 0.439119 0.957555 0.523365
55 -0.366875 -0.717536 2.96336
55 -0.168658 -1.01868 3.55945
55 -0.966788 -0.0782334 4.90649
55 -0.79387 -0.0917865 2.27407
55 -0.322187 -0.673924 2.89964
55 0.752931 1.41782 5.23306
55 -0.801539 -0.455702 2.61105
55 -0.369441 0.755363 1.41846
55 -0.739884 -0.807188 2.98818
55 0.0300244 1.27245 0.796404
55 -0.426918 1.02578 5.07597
55 0.337441 -0.867199 4.51143
55 -0.539145 -0.381365 2.51804
55 -0.240806 -1.28153 3.67392
55 0.352894 1.26353 0.510674
55 0.454939 1.36152 0.375388
55 1.26888 0.443981 5.66435
55 -0.492563 -0.321421 2.44962
55 -1.06431 -0.419689 4.85764
55 -0.410668 -0.212525 2.30398
55 0.414228 -0.941067 4.52163
55 -0.36317 -0.370975 2.49381
55 0.0949713 0.923411 0.909787
55 -0.290871 0.631983 1.44711
55 0.98763 0.444736 5.74971
55 1.14519 0.0364924 5.38033
55 0.166097 -1.07241 4.20329
55 0.941072 0.338733 5.62991
55 0.481625 -0.915373 4.58512
55 0.130811 -0.983492 4.20302
55 0.196129 0.668254 0.987028
55 -0.493817 0.320097 1.81178
55 -0.183173 1.19712 5.13494
55 -0.599159 -0.626375 2.77343
55 -0.519996 -0.721396 2.93006
55 -0.359348 -0.837724 3.15593
55 -0.823857 -0.856626 3.04082
55 0.578765 0.987493 0.329471
55 -0.604398 -1.10805 3.35731
55 0.892699 0.438192 5.7815
55 1.22638 0.979388 5.77267
55 -0.79987 -0.344235 2.50919
55 -0.704012 -0.526704 2.6768
55 -1.00184 -0.494394 2.64347
55 -0.354435 -1.12545 3.52422
55 0.679053 -0.906512 4.65345
55 0.103797 -1.48817 4.18554
55 -0.66779 0.554522 5.01283
55 0.306174 -1.0895 4.36028
55 0.268002 0.911589 0.766903
55 -0.665229 -0.299585 2.4531
55 -0.421124 -0.980023 3.34585
55 0.401587 0.853561 0.597632
55 0.601714 0.69624 0.221855
55 0.714918 0.899308 0.0943047
55 -0.913621 -0.329511 2.4974
55 0.294808 1.26161 0.567742
55 0.251443 0.628034 0.964155
55 -0.84317 -0.796305 2.9583
55 -0.238736 0.984202 1.15729
55 0.599224 -0.818474 4.67453
55 1.21434 0.921803 5.80357
55 -0.697686 -0.357866 2.51842
55 0.304087 1.21797 0.582328
55 0.653835 1.05649 0.187676
55 0.709519 1.38499 0.117261
55 0.667533 0.87999 0.167828
55 1.30513 0.923058 5.83211
55 -0.0200322 -1.58871 3.96969
55 0.136984 0.868452 0.909055
55 -0.627928 -0.547775 2.69498
55 0.380644 -0.809335 4.56796
55 -0.453908 0.712678 1.47355
55 0.691902 0.83187 0.0977461
55 0.0878931 -1.32563 4.32973
55 -0.481919 0.265983 1.84643
55 -0.549232 -0.0550974 2.18282
55 -0.353867 -1.02426 3.39747
55 -0.294512 0.381844 1.66521
55 -0.809025 -0.903727 3.08568
55 0.00303826 0.69958 1.1989
55 0.093043 -1.54925 4.01593
55 -0.5717 0.681612 1.5904
55 -0.501799 0.370323 1.77889
55 -0.0701065 1.26625 5.14388
55 -0.638579 -0.235213 2.37347
55 0.563667 -0.973609 4.58287
55 0.440755 -1.03501 4.49729
55 -0.202691 -0.916223 3.37805
55 -0.600912 -0.6808 2.85627
55 -0.171196 -1.38201 4.56939
55 0.701839 1.07347 0.136123
55 0.114807 1.35611 0.681214
55 -0.909281 -1.04639 4.77145
55 -0.306939 -0.183007 2.24638
55 0.995683 -0.241781 5.15816
55 -0.0333265 -1.16689 3.8897
55 -0.592587 -0.253815 2.38951
55 -0.115488 -0.976681 3.59432
55 0.931178 0.127383 5.42143
55 -0.272829 0.0657936 1.96733
55 -0.840368 -0.659265 2.80707
55 -0.549346 -0.581146 2.7132
55 0.227921 0.794797 0.851742
55 -0.642902 0.120661 2.06382
55 0.442882 1.169 0.448751
55 0.19389 -1.47201 4.12882
55 -0.748298 -0.532724 2.67145
55 -0.327184 -0.566026 2.70039
55 1.17624 0.88888 5.7417
55 0.973307 -0.0263506 5.29091
55 -0.49697 -0.456968 2.58977
55 -0.818781 -1.19464 3.36617
55 -0.826342 -0.494859 2.64493
55 0.330719 0.662343 0.825534
55 -0.653024 -1.39087 4.72061
55 -0.425438 0.828557 1.39942
55 0.328635 -1.34076 4.24491
55 0.555633 0.810917 0.345716
55 1.06667 0.38188 5.66725
55 0.37343 1.06059 0.560588
55 -0.575193 0.0314075 2.12369
55 0.76951 -0.433476 4.96317
55 -0.35455 -1.64869 4.18325
55 -0.436494 -0.167424 2.26577
55 -0.499378 -0.62425 2.78143
55 -1.02074 -0.307748 2.49513
55 0.924185 0.777877 6.08636
55 -0.0701376 0.989161 1.01888
55 0.142344 1.40339 5.17048
55 0.445493 0.699691 0.596985
55 -0.280648 -0.871516 3.26224
55 0.0245874 1.2 0.83075
55 -0.519048 0.872343 1.41157
55 -0.429634 -0.909058 3.19921
55 0.501988 0.805679 0.472303
55 0.0484936 0.897111 0.97713
55 0.236881 -1.11651 4.24546
55 -0.777957 -0.749691 2.89669
55 -0.452592 -1.21007 3.54999
55 -0.242385 0.477909 1.54023
55 -0.425194 0.154805 1.94733
55 0.73286 0.845052 0.0850896
55 0.592987 -1.168 4.52376
55 0.819284 0.594731 6.02813
55 0.481215 -0.739195 4.66002
55 -0.304645 0.00913024 2.05649
55 -0.318958 0.781673 1.36553
55 0.967413 0.716729 6.01484
55 0.275292 1.35881 0.580421
55 -0.654161 -0.511417 2.66908
55 0.291291 1.31103 0.573229
55 0.417441 1.31667 0.396067
55 0.120769 1.15578 0.755974
55 -0.31684 0.997015 1.20282
55 -0.574097 -0.861774 3.10748
55 -0.652444 0.269312 1.93212
55 0.728758 1.29119 0.109368
55 0.559454 -0.659193 4.73159
55 0.639435 -0.587986 4.82693
55 0.627414 1.11603 0.233692
55 -0.0526829 -1.60178 4.11882
55 0.0955866 -1.4568 3.95892
55 0.643007 0.789818 0.159741
55 0.832505 1.29507 6.26988
55 1.21929 0.741701 5.93988
55 -0.542791 -0.945798 3.18421
55 -0.978176 -0.364672 2.56989
55 -0.653181 -0.373964 2.5176
55 -0.734674 -0.733317 2.89842
55 0.112007 -1.1989 4.07109
55 0.479711 -0.865023 4.57908
55 0.797098 1.10229 0.0652622
55 0.0651733 0.681963 1.13186
55 1.1533 -0.0352493 5.31717
55 0.293117 1.16372 0.602659
55 -0.242199 -1.50001 4.38919
55 0.807243 -0.572399 4.88241
55 -0.0809137 1.22063 0.885797
55 -0.52675 0.439334 1.73795
55 -0.338654 0.240067 1.80029
55 -0.695621 0.240391 1.96903
55 -0.762231 -1.19813 3.37702
55 0.273089 -1.43674 4.21536
55 0.921417 -0.45187 5.00385
55 -0.134106 -1.08132 3.68089
55 -0.398246 -0.412481 2.53077
55 -0.16195 0.855433 1.18764
55 0.29379 -1.02647 4.39602
55 -0.742581 -1.15282 3.37555
55 -0.453553 0.497372 1.64001
55 1.09074 0.50776 5.78408
55 -0.552046 -1.17438 3.43971
55 -0.853369 -0.300084 2.47498
55 0.875382 0.104237 5.40706
55 -0.158619 0.909879 1.15026
55 -0.94143 -0.150497 2.36432
55 1.12158 1.13438 5.30493
55 -0.287308 -1.61972 4.04005
55 -0.604411 -1.05474 3.32702
55 0.384064 1.2316 0.48851
55 -0.502937 0.0480032 2.09449
55 -0.657915 -1.28296 3.48167
55 -0.674245 0.474535 1.76796
55 -0.521873 0.730812 1.50151
55 0.353616 1.14783 0.543453
55 0.0776101 0.613615 1.20842
55 0.673956 -0.831813 4.70902
55 -0.76034 -0.656302 2.81059
55 -0.961884 0.0804097 4.93026
55 -0.52951 -1.51142 4.58525
55 -0.984903 -0.637605 2.76332
55 -0.641523 -0.605682 2.7449
55 -0.114228 0.872724 1.14796
55 0.817875 0.943566 0.00978015
55 -0.000139378 1.26851 5.15734
55 -0.755447 -0.143503 2.31719
55 -0.360863 0.696019 1.42658
55 -0.757793 -0.0272453 2.21217
55 -0.111988 -1.38518 3.79427
55 -0.264962 -1.58646 4.31683
55 -0.273963 1.03154 1.15575
55 -0.407848 -1.25492 3.57449
55 -0.291343 -1.29859 3.65053
55 -0.477784 -0.509574 2.65573
55 0.807506 -0.26584 5.10211
55 0.187563 1.08502 0.759784
55 -0.198421 -1.46794 4.49582
55 -0.356852 -0.202949 2.28315
55 0.508389 1.46295 5.21561
55 0.0424467 -1.33328 4.3767
55 1.16522 1.03073 5.47842
55 -0.814613 -0.40314 2.56771
55 1.14721 0.910758 5.56814
55 1.02869 0.837914 6.03981
55 -0.437639 -0.35328 2.47628
55 0.992438 -0.322537 5.10143
55 1.19046 0.611256 5.84973
55 0.121442 -1.26692 4.04941
55 -0.344582 -0.90269 3.26731
55 1.21972 0.42187 5.68245
55 -0.357948 -0.980331 3.37316
55 1.00748 0.380406 5.66118
55 -0.772656 0.336207 1.93441
55 -0.46019 0.551515 1.60788
55 0.322583 0.763995 0.795117
55 1.16026 0.549361 5.8255
55 -0.432572 -0.0544494 2.14477
55 0.0544355 1.30994 0.762993
55 0.458715 -0.984333 4.51209
55 -0.484259 -1.38931 3.74453
55 0.0177612 1.13194 0.858568
55 0.142513 -1.40684 4.00285
55 -0.219142 0.80691 1.31717
55 -0.0392974 -1.29177 3.82659
55 1.19926 0.065083 5.38081
55 -0.151351 -1.51155 4.27818
55 0.848371 -0.755994 4.82423
55 0.00735213 0.92487 0.998234
55 1.25904 0.86082 5.91185
55 0.290697 1.00283 0.70479
55 0.985669 0.882535 6.06458
55 -0.611306 0.573109 1.66382
55 -0.587437 -0.561268 2.71257
55 -0.52586 -0.904679 3.17058
55 -0.36441 -0.262756 2.34802
55 0.197553 0.953791 0.804179
55 1.12621 -0.238308 5.16068
55 -0.107595 -1.27701 3.82387
55 0.406734 1.1361 0.511753
55 -0.210265 -0.870943 3.32101
55 -0.890334 -0.822182 2.98175
55 -0.348838 -0.524021 2.66793
55 -0.888547 -0.529272 2.6814
55 -0.929214 -0.228325 2.4268
55 -0.0168353 0.747078 1.1686
55 -0.729151 -0.195545 2.36548
55 0.320458 -1.23136 4.27021
55 0.0155578 1.03265 0.902907
55 1.16913 0.738686 5.62902
55 -0.725052 0.288743 1.9359
55 1.26646 0.717164 5.8711
55 0.750166 0.93173 0.032439
55 0.504083 1.36234 0.324311
55 -0.149511 0.595791 1.37627
55 0.894116 -0.240368 5.13339
55 0.0421655 -1.61053 4.11101
55 -0.267991 -1.24785 3.66584
55 0.853406 1.03981 6.28236
55 -0.241887 0.424372 1.5834
55 -0.275778 0.754515 1.35851
55 -0.298639 -0.102349 2.15663
55 -0.44489 -0.253372 2.34622
55 0.176153 -1.01732 4.23002
55 -0.316757 0.716334 1.41959
55 -0.725073 -1.23932 3.42249
55 0.548453 0.750391 0.372905
55 -0.5579 -1.22476 3.46377
55 -0.956702 -0.690688 2.85161
55 -0.36417 -0.0222947 2.11584
55 1.13819 0.605832 5.8914
55 -0.977554 -0.217478 2.42533
55 1.30783 0.26784 5.3974
55 -0.337559 -1.21265 3.52963
55 0.846229 0.406031 5.76717
55 -0.388305 0.287213 1.79746
55 1.14516 -0.112232 5.24778
55 0.740044 1.24991 0.133666
55 0.201453 -1.35918 4.11999
55 -0.152682 0.731953 1.31645
55 0.386075 -1.23438 4.35451
55 0.534161 0.977628 0.377262
55 -0.491856 0.920952 1.3764
55 0.0528302 0.959596 0.928887
55 0.024357 0.60053 1.26825
55 0.907964 1.02242 6.14859
55 1.12351 0.737471 5.55908
55 -0.14696 1.2509 5.11055
55 -0.822064 -0.0539477 2.25568
55 -0.130589 -1.21934 3.79248
55 1.09535 0.642153 5.91011
55 -0.0615457 -1.53953 3.95335
55 -0.430238 -0.469618 2.59778
55 0.345475 0.710371 0.787788
55 -0.794723 -1.12067 3.31623
55 -0.427673 -0.733888 2.97356
55 -0.509099 -1.22195 3.51
55 -1.01486 -0.869863 4.78023
55 0.573056 1.04022 0.330128
55 0.447113 1.43716 0.343743
55 -0.90433 -1.1611 4.74788
55 1.00048 0.922825 6.01815
55 -0.214302 0.628718 1.41114
55 0.245552 1.29916 0.58383
55 0.099604 0.998931 0.870874
55 -0.893781 0.0392826 2.19089
55 -0.757849 0.151893 2.0795
55 -0.504532 -1.16218 3.44988
55 -0.945693 -0.605256 2.75103
55 1.01964 0.618633 5.90736
55 -0.390745 0.358686 1.73827
55 -0.228517 -1.00253 3.48327
55 -0.777752 -0.597632 2.74882
55 0.735904 -0.850733 4.72208
55 0.992891 1.28506 5.28504
55 -0.780078 0.107022 2.12148
55 -0.431375 0.264339 1.82526
55 -0.643668 0.43317 1.79395
55 -0.745235 -0.472907 2.61689
55 0.731287 0.986557 0.101206
55 -0.857518 -0.245854 2.43446
55 -0.762497 0.545578 4.9945
55 1.07424 -0.113437 5.2291
55 -0.536767 0.2755 1.86492
55 0.207966 1.04136 0.744084
55 -0.599025 0.375887 1.8069
55 1.12467 1.00858 5.40038
55 -0.0511029 -1.36556 4.46196
55 -0.631508 -0.984582 3.21743
55 -0.0687878 0.899444 1.0814
55 -0.333913 -1.17232 3.59362
55 0.240416 1.11659 0.67814
55 -0.497814 -0.254888 2.36243
55 -0.791265 -0.52874 2.67022
55 0.854613 -0.613322 4.87072
55 -0.511485 0.136475 2.00029
55 -0.567548 -0.718807 2.91485
55 0.850195 0.62988 6.0279
55 -0.382039 1.00001 1.27892
55 -0.733847 0.490729 1.78144
55 -0.44853 -1.48727 4.55329
55 1.09405 0.429233 5.69745
55 1.14128 1.09287 5.33411
55 -0.0922437 -1.56517 4.10545
55 0.184231 -1.12891 4.2008
55 0.517593 -1.01242 4.53677
55 -0.609916 -0.355481 2.50643
55 0.513598 1.23853 0.382015
55 -0.3542 -0.128707 2.19739
55 -1.03065 -0.0891057 4.88528
55 0.874558 0.841346 6.1997
55 0.870217 0.710035 6.0783
55 -0.183023 -0.961156 3.46184
55 -0.298335 0.943946 1.24989
55 -0.802082 0.471081 5.00757
55 0.548118 -0.861218 4.61955
55 1.04721 0.104178 5.40668
55 1.29317 0.66138 5.7637
