410 -1.21766 -0.51125 2.71119
410 -0.326005 -1.33329 3.62762
410 0.00920497 -1.21075 3.92336
410 -0.955785 -0.223011 2.52228
410 0.374773 0.76699 0.375591
410 -0.85107 0.310142 1.99666
410 0.335905 0.923279 0.487519
410 1.04358 0.881263 6.17586
410 -0.692195 -0.961224 3.24134
410 0.391303 -1.23968 4.22439
410 -0.0615751 -0.985592 3.80351
410 -1.06259 -0.862056 3.00962
410 0.625873 0.814402 0.153213
410 1.16614 -0.482688 5.09606
410 0.451583 -1.19183 4.27391
410 -1.25219 -0.347036 2.58929
410 0.737612 -0.743286 4.68163
410 -1.1007 -0.661213 2.85709
410 -1.31202 -0.127397 2.43672
410 -0.622767 -0.718544 3.13266
410 1.23339 -0.705355 4.94163
410 -0.00195015 1.31665 0.796105
410 0.685532 0.497608 6.15118
410 0.122768 0.951992 0.713735
410 1.00409 -0.336658 5.15723
410 0.246633 1.25907 0.584094
410 1.37952 -0.0170362 5.48644
410 0.779667 -1.08219 4.53846
410 -1.1956 0.000191285 2.3362
410 1.17202 0.738349 6.03438
410 -0.692735 -0.805376 3.15
410 -0.904177 0.814213 1.61276
410 1.11048 0.79068 6.10559
410 1.03086 0.475307 5.92166
410 1.09043 0.188553 5.67082
410 0.599537 0.860133 0.178313
410 0.364928 -0.810405 4.34635
410 -0.295773 -1.39198 3.65817
410 0.149481 1.18374 0.67389
410 -0.106985 0.904936 0.947426
410 0.784542 -0.85245 4.64016
410 -1.16483 -0.0633798 2.37818
410 1.02714 0.635216 6.02927
410 -0.488977 0.831399 1.35985
410 0.129477 -1.4226 4.00141
410 0.586133 -1.17461 4.38718
410 0.540321 -1.00439 4.41812
410 -1.09378 0.594894 1.83902
410 0.118719 1.29095 0.699613
410 0.149925 1.12239 0.676498
410 1.10888 0.246824 5.71697
410 -0.756625 0.687165 1.61832
410 1.2826 -0.588556 5.03682
410 -0.349609 -1.01866 3.52042
410 0.80222 0.285205 5.86297
410 1.06486 -0.311833 5.17939
410 1.40917 0.0256716 5.48411
410 1.24786 0.352409 5.77753
410 -0.925456 -0.846188 3.06384
410 0.403585 0.805894 0.372311
410 0.395912 -1.34284 4.2166
410 0.0174869 -1.43566 3.94465
410 -0.591229 -1.27144 3.44691
410 1.1061 0.545622 5.9437
410 -1.10949 0.125973 2.21903
410 -0.152736 -0.944728 3.67114
410 0.279726 0.948816 0.539524
410 -0.39863 -1.32998 3.57961
410 0.320339 1.36472 0.56396
410 -0.842562 0.757355 1.61208
410 -0.5552 -1.31677 3.47453
410 1.05587 -0.915646 4.73052
410 -0.863715 -0.0835285 2.38527
410 0.505796 -1.36469 4.27277
410 -1.09096 -0.476489 2.70624
410 -1.101 -0.0818375 2.38985
410 -0.716169 -0.701111 3.07211
410 0.152984 -1.18877 4.03082
410 -1.10251 0.647199 1.81768
410 -0.736211 0.500703 1.76623
410 -0.733772 -0.844165 3.15555
410 0.474901 0.827266 0.310007
410 0.573088 1.04162 0.313795
410 0.634445 -1.31439 4.37044
410 -0.526396 -1.21699 3.4675
410 -0.600999 -1.15331 3.40668
410 -0.507486 0.672277 1.4451
410 0.943023 -0.133814 5.3481
410 -0.594232 0.767898 1.44645
410 1.28599 -0.467523 5.1304
410 0.533958 1.07084 0.332655
410 0.359924 1.06018 0.488655
410 -0.401643 -1.23278 3.55527
410 -0.414293 -0.921908 3.41048
410 1.06064 -0.131153 5.35955
410 0.376028 1.17354 0.490155
410 -0.828581 0.986003 1.46347
410 1.25336 0.113295 5.57168
410 -0.562255 -0.729585 3.16826
410 0.0760745 -1.1069 3.97033
410 1.00404 -1.04396 4.66057
410 -0.587915 -0.67979 3.14303
410 0.8928 -0.439601 5.02306
410 0.192654 -1.14394 4.09337
410 1.05134 0.554 5.9696
410 -0.329914 1.2186 1.05462
410 1.29487 0.582875 5.91374
410 -0.379785 0.736761 1.33924
410 -0.467795 0.958726 1.31422
410 1.12245 -0.315298 5.18653
410 -0.272681 -1.12205 3.60777
410 -0.281625 1.20664 1.02775
410 0.514749 1.31872 0.412588
410 0.973852 -0.62574 4.89059
410 -0.558261 0.639053 1.51723
410 -1.00361 0.518805 1.87773
410 0.998586 -0.00124358 5.50314
410 -0.768329 -1.18528 3.33932
410 0.866895 0.266697 5.81973
410 1.14423 0.495849 5.90414
410 0.493416 1.16917 0.400614
410 -0.365202 -0.957245 3.47669
410 -0.371909 -0.872896 3.42709
410 -0.980191 -0.944849 3.10108
410 1.05274 0.946509 6.2224
410 0.333149 -1.18855 4.20375
410 1.16173 -0.71077 4.90957
410 1.03992 -0.990425 4.71635
410 1.03154 0.0827689 5.58804
410 0.147392 0.777606 0.660092
410 -0.249067 -0.931863 3.56823
410 -0.657739 0.320618 1.89307
410 -0.67172 0.619213 1.61693
410 0.837358 -0.603527 4.8349
410 0.649031 -1.18925 4.42813
410 -0.401763 -0.781972 3.37482
410 -1.25129 -0.17887 2.47866
410 0.324413 -1.4078 4.1661
410 -0.0585496 -1.41518 3.85673
410 -0.449616 1.12792 1.18318
410 1.15573 -0.0366901 5.46725
410 -0.801567 -0.950943 3.17825
410 -0.91791 -1.03056 3.15575
410 -0.745842 -0.998959 3.22957
410 0.817293 0.471655 6.02504
410 0.0840158 1.19753 0.739449
410 -0.577779 1.1096 1.3231
410 -0.657268 -1.19696 3.3859
410 0.797666 -1.14499 4.51591
410 0.629473 1.02224 0.231391
410 -0.748638 0.132881 2.15511
410 -0.159094 0.903835 0.989426
410 0.559862 -0.770236 4.54781
410 -0.832801 -0.898307 3.13813
410 1.23153 0.717875 5.9896
410 -0.479256 0.50789 1.55154
410 -0.361768 0.627448 1.38243
410 0.683495 0.647106 0.0143382
410 -0.311795 -1.1779 3.59397
410 1.11138 0.449155 5.88868
410 -0.0179205 1.01206 0.83491
410 -0.448381 0.684078 1.40282
410 -0.6259 1.15059 1.33426
410 0.331856 0.837068 0.464728
410 1.08953 -0.370709 5.14501
410 0.863994 0.711743 6.18965
410 -0.808385 -0.219958 2.53263
410 0.30519 1.08076 0.529685
410 -0.913754 0.0234042 2.28473
410 0.595633 -0.852946 4.52267
410 -0.791885 0.29622 1.99642
410 1.07064 0.829115 6.13894
410 -0.553458 -1.17298 3.43272
410 -1.11687 0.39765 2.02166
410 -0.495365 -0.962837 3.39271
410 1.24816 0.459126 5.8491
410 0.111288 0.823165 0.717613
410 -0.789342 0.644089 1.6653
410 1.3669 -0.369835 5.18793
410 -0.0780291 -1.35672 3.83884
410 -0.903804 0.753445 1.6588
410 -1.14608 0.224198 2.16434
410 -0.24899 1.25817 0.989649
410 -1.24614 -0.237724 2.50506
410 -0.741437 -0.484188 2.8238
410 0.969207 0.686703 6.11682
410 0.55898 0.976231 0.296315
410 1.1906 0.104045 5.56973
410 -0.405387 1.23922 1.10808
410 -0.795513 1.02292 1.45359
410 0.197506 -1.42131 4.06189
410 0.645205 1.24404 0.30603
410 -0.407179 -1.0249 3.46601
410 0.871927 -0.715646 4.77887
410 0.444491 1.32859 0.460275
410 1.09565 -0.84526 4.82223
410 -0.663223 0.681159 1.57124
410 0.488514 -1.30649 4.26874
410 -0.740811 0.771046 1.56839
410 -0.555942 -1.07528 3.39997
410 0.863783 0.113768 5.63351
410 -0.49671 0.902974 1.34511
410 -0.672716 -0.470169 2.84572
410 0.788907 1.13277 0.156829
410 0.962358 0.739445 6.14557
410 -0.798327 -1.0086 3.21886
410 -1.19766 -0.15876 2.45075
410 0.369342 -0.945538 4.2775
410 0.215692 -1.03023 4.13901
410 -0.914596 -0.28227 2.58525
410 -0.152773 -1.1358 3.72804
410 1.13511 0.849246 6.12579
410 0.0731817 -0.911837 3.95706
410 -0.913195 0.201622 2.12813
410 1.36562 0.24607 5.65955
410 -0.698559 -0.525535 2.88824
410 1.00641 -0.285817 5.18368
410 1.23098 -0.529577 5.06706
410 -0.190603 0.780562 1.07103
410 1.33258 -0.224792 5.29218
410 0.0199637 -0.894453 3.91237
410 -0.0951909 1.17507 0.884447
410 1.19815 0.48064 5.87486
410 1.0402 -0.0509134 5.44553
410 -0.801605 -0.848404 3.12527
410 0.960513 -0.911782 4.72314
410 0.639351 -1.24544 4.39958
410 -0.441605 -1.11576 3.48207
410 -0.0507217 1.21066 0.843986
410 0.571871 -1.22602 4.3562
410 -0.832083 -0.555225 2.86177
410 -0.816411 0.245695 2.05965
410 -0.835295 -0.803868 3.07582
410 0.288655 -1.02893 4.20828
410 0.850851 0.54833 6.06937
410 0.888266 0.945458 0.0352845
410 -1.20545 0.241824 2.16699
410 0.11145 0.901497 0.724704
410 -0.816774 0.589517 1.73938
410 -1.31764 -0.0450659 2.37157
410 -0.537883 0.516637 1.59771
410 0.0127839 0.960312 0.814883
410 0.360606 0.976516 0.462474
410 -1.05912 0.7183 1.75698
410 -0.299456 0.64521 1.31082
410 -1.24439 0.336805 2.10966
410 -0.580061 1.04987 1.33578
410 0.638043 0.551488 6.25239
410 0.739271 0.515789 6.12523
410 0.0783981 1.33235 0.745403
410 -0.275484 1.07022 1.05648
410 -0.353978 0.834928 1.25494
410 -0.447805 -1.35945 3.56627
410 -1.1044 0.268709 2.12655
410 0.825204 1.08811 0.126419
410 1.05634 0.751765 6.10838
410 -0.209645 0.982529 1.01945
410 1.21698 -0.0624341 5.43631
410 -0.0459912 0.962191 0.870514
410 0.678021 1.00727 0.193697
410 -0.987067 -0.643497 2.88542
410 0.448745 1.00927 0.400905
410 1.38206 -0.185562 5.32769
410 1.3274 0.509573 5.84918
410 -0.254674 -1.34742 3.68228
410 0.968525 0.483358 5.96121
410 -0.938593 -0.332378 2.61102
410 0.898586 -0.568782 4.90198
410 0.651868 -0.827446 4.57843
410 0.0233688 1.06606 0.809565
410 0.415953 1.06065 0.431499
410 -0.327666 0.926625 1.16989
410 -0.59355 -1.02947 3.36076
410 -0.877641 -0.326234 2.62585
410 0.741244 0.628298 6.221
410 0.873544 -1.14749 4.56466
410 -0.599877 -1.21505 3.42343
410 -0.705172 0.728773 1.5642
410 -0.834775 -0.747879 3.03254
410 0.939632 -0.199903 5.25238
410 0.157805 0.863326 0.650515
410 0.363035 -1.14058 4.23159
410 0.778045 -0.687114 4.75118
410 -1.14256 -0.357204 2.60217
410 0.530407 0.614608 0.105728
410 0.748988 0.575251 6.17879
410 -0.420656 0.62381 1.4148
410 -1.30634 0.0369712 2.31129
410 -0.0321581 1.1647 0.83462
410 0.398891 1.01042 0.428437
410 0.569164 -0.941384 4.46137
410 1.25651 -0.406683 5.16624
410 0.737506 -0.896729 4.58544
410 0.807375 0.607074 6.16213
410 0.424303 1.27328 0.467514
410 0.198597 1.03078 0.611544
410 0.0098286 -1.1313 3.91207
410 0.372117 0.873961 0.415067
410 -1.03262 0.593436 1.81552
410 0.384633 1.34139 0.505857
410 1.10278 0.895876 6.15265
410 0.832548 0.974487 0.0909558
410 0.989627 -0.745408 4.82337
410 -1.16993 0.494116 1.95339
410 1.04603 0.133169 5.61891
410 -1.27279 0.082753 2.27166
410 -1.29908 -0.328683 2.58507
410 0.190414 -0.895042 4.1445
410 0.351681 -1.03264 4.24189
410 -0.0774702 1.00856 0.882567
410 0.292955 0.891927 0.526954
410 -0.718574 -0.759528 3.10056
410 0.907226 -0.248451 5.20292
410 -0.161447 -1.38145 3.77247
410 -0.732246 -0.636983 2.97988
410 -0.692434 -0.203546 2.52969
410 0.90367 0.199444 5.73371
410 0.488683 1.2741 0.413895
410 -0.775396 -0.799523 3.0949
410 -0.447525 0.861585 1.32692
410 -0.77667 -0.888672 3.14157
410 -1.01508 0.429485 1.95357
410 -0.78841 -0.652217 2.97139
410 -1.09995 -0.7197 2.89676
410 -0.0679271 0.793609 0.934921
410 0.0470358 -1.05684 3.94145
410 0.334985 -1.35125 4.19195
410 0.589789 -1.07361 4.43251
410 1.3774 -0.269774 5.25735
410 -0.422715 -0.976638 3.443
410 0.114195 -1.14511 4.00185
410 1.1687 0.372854 5.81111
410 0.789882 -0.628987 4.79772
410 0.742758 0.910952 0.100751
410 0.193208 0.901381 0.610312
410 -0.0252352 1.06943 0.841972
410 0.602572 -1.12737 4.41402
410 -0.952355 0.722677 1.70932
410 1.18914 0.267504 5.71334
410 0.869432 -0.195229 5.24705
410 -0.535369 -0.91301 3.33958
410 -0.707317 -1.1051 3.33582
410 -0.964084 0.193531 2.15093
410 -1.01492 -0.105179 2.41848
410 -0.725167 0.315658 1.93813
410 -0.714628 0.945262 1.43289
410 0.186494 0.958645 0.611531
410 0.0383074 -0.981558 3.9278
410 -0.96888 0.0495329 2.26981
410 -0.431359 1.00799 1.22721
410 1.19079 -0.11215 5.38612
410 1.18797 0.601336 5.94455
410 0.742337 1.07417 0.169545
410 -0.31879 -1.08046 3.5631
410 0.474308 1.22349 0.413777
410 -0.0369576 0.914256 0.865842
410 -0.529011 1.06925 1.30337
410 0.971686 0.790048 6.16613
410 -0.575852 0.882312 1.38614
410 0.68224 0.712188 0.0592067
410 0.843805 -0.541711 4.89944
410 -0.815957 0.878492 1.53287
410 -1.23033 -0.564762 2.74301
410 -0.26325 0.957936 1.07686
410 1.32445 0.356011 5.76007
410 0.240625 1.07015 0.597524
410 -0.466758 1.06789 1.23578
410 -0.295014 -1.03127 3.56803
410 0.974271 -0.527352 4.97477
410 -0.794625 0.782006 1.58646
410 0.851407 1.01863 0.0838384
410 -0.966287 0.469962 1.89961
410 -1.08056 -0.53601 2.74672
410 1.16774 -0.342857 5.17139
410 -0.524845 0.863155 1.36013
410 0.675734 -1.14164 4.45821
410 -0.515433 0.966654 1.3266
410 -0.740217 0.395377 1.84447
410 1.09649 -0.0294265 5.46068
410 -0.0942576 -0.920828 3.72904
410 1.08711 -0.185561 5.3079
410 -0.194329 -1.33109 3.74072
410 1.10048 0.0462163 5.54016
410 -0.864777 0.402196 1.91888
410 0.438216 -0.766872 4.44847
410 1.00069 -0.824603 4.76154
410 -0.630392 -0.833202 3.19596
410 -0.704279 -0.0832655 2.38141
410 0.254625 1.36779 0.591066
410 0.560437 -1.33432 4.32173
410 1.38561 0.193144 5.6207
410 0.938698 0.971875 0.0249124
410 -1.03178 -0.475719 2.71976
410 0.275021 0.821811 0.526331
410 -0.891223 -0.572342 2.84956
410 0.0424366 1.29037 0.770186
410 0.943446 1.06856 0.0650433
410 0.78505 0.809498 0.0388127
410 -1.21831 -0.0549265 2.37666
410 1.08872 -0.956806 4.72859
410 -1.19701 0.315439 2.10772
410 0.0112551 1.23765 0.794217
410 0.998576 0.973313 6.27756
410 -0.194029 1.15733 0.962749
410 -0.34416 1.14301 1.09364
410 -1.05693 0.0459771 2.28192
410 -0.575483 0.471293 1.68083
410 0.730492 1.1268 0.202609
410 -0.375077 0.578213 1.40462
410 0.63517 1.07894 0.247038
410 1.0533 0.261747 5.73828
410 -0.204017 -1.22264 3.69564
410 -0.675299 0.779156 1.49417
410 0.190968 1.08924 0.629559
410 0.927991 0.590289 6.05248
410 0.0926275 1.0504 0.730458
410 0.543753 0.859489 0.235863
410 1.05074 0.0220928 5.52048
410 -0.597389 0.370791 1.77712
410 -0.215611 -1.13166 3.6637
410 -1.04297 -0.670065 2.88581
410 -1.03601 -0.165517 2.46294
410 -1.01682 0.748332 1.73828
410 -0.400433 0.855281 1.29893
410 -0.968406 0.402375 1.96731
410 0.99993 0.844705 6.17669
410 0.168685 1.3193 0.665913
410 -1.16107 0.434197 2.01391
410 0.104286 1.14242 0.725538
410 1.14298 0.0907379 5.57834
410 -0.828618 0.535923 1.77569
410 1.00813 -0.102129 5.3943
410 0.902848 -0.0211678 5.48323
410 0.67756 1.12171 0.225351
410 0.522284 1.01372 0.327832
410 0.861897 0.431635 5.97385
410 0.910381 0.701102 6.1662
410 -0.0832688 1.36221 0.853303
410 -0.714058 -0.897983 3.19035
410 0.538667 -1.05943 4.39785
410 0.871188 0.492734 6.01151
410 -0.742132 -0.369296 2.69099
410 0.899046 -0.505142 4.95958
410 -0.578948 -0.944579 3.32775
410 0.892168 -0.303895 5.15699
410 -0.849834 0.629444 1.72811
410 0.67171 -0.744847 4.62988
410 -0.786309 0.83344 1.54835
410 -0.886205 -0.158524 2.47247
410 0.646919 0.873358 0.161111
410 -0.781493 -0.0990103 2.40525
410 0.486918 -0.812318 4.46128
410 -0.384048 0.917271 1.23358
410 0.779656 0.662977 6.21392
410 -0.9587 0.260094 2.09451
410 -1.16134 -0.254089 2.52103
410 -1.00366 0.137008 2.19662
410 -0.322627 -0.913329 3.49517
410 0.934801 0.904478 6.27074
410 1.16149 0.214557 5.67587
410 -0.0989853 -1.15968 3.79423
410 0.973884 -0.390197 5.11142
410 0.760181 -0.941888 4.58175
410 0.786221 -0.782317 4.69957
410 -0.93516 -0.147641 2.45311
410 0.977257 0.31159 5.82387
410 1.17517 -0.268616 5.23907
410 0.607362 1.13925 0.315588
410 -0.350675 1.07343 1.12576
410 0.640217 -0.699973 4.63875
410 -0.0132495 -1.26493 3.90583
410 -0.561817 0.583834 1.55858
410 0.473641 -1.02974 4.36126
410 0.300955 1.12733 0.537308
410 0.572923 1.10249 0.324216
410 1.06965 -0.528269 5.00893
410 -0.21938 1.20466 0.980683
410 -0.750903 0.250885 2.03127
410 0.952332 -1.05548 4.64104
410 -1.12601 -0.0335603 2.36132
410 0.758907 -0.574993 4.81161
410 -0.954359 0.138915 2.18851
410 -0.355099 -1.28151 3.59993
410 -0.769736 -0.752218 3.0766
410 -0.856456 -0.205661 2.51792
410 0.0504754 -1.16407 3.94175
410 0.582074 -0.723792 4.57461
410 -0.340578 0.692501 1.33482
410 0.842777 -0.976209 4.60705
410 0.568443 0.913969 0.241468
410 0.252635 -1.35667 4.11632
410 -0.929499 0.0859661 2.23412
410 -0.986479 -0.821328 3.00093
410 0.699898 -0.793303 4.61996
410 -0.924095 0.596269 1.77987
410 -1.06803 -0.126637 2.44305
410 0.197308 1.21968 0.635463
410 -0.865206 -0.0029719 2.30581
410 -0.678981 -0.407987 2.75503
410 -1.16833 -0.412443 2.64026
410 -0.42283 -1.28096 3.56573
410 0.884695 1.06096 0.0819714
410 -0.50776 0.577032 1.52454
410 -0.872207 -0.511355 2.78651
410 1.13575 -0.393723 5.14825
410 -0.14393 1.25101 0.893655
410 0.258809 -1.14823 4.16622
410 0.333705 -0.983172 4.24838
410 0.841316 -0.670044 4.79572
410 0.841326 -0.787263 4.72144
410 -0.709999 0.668027 1.60421
410 0.0149126 1.18653 0.800253
410 -1.01118 -0.0446663 2.35752
410 0.698892 1.22959 0.263961
410 0.820579 -1.03109 4.58123
410 0.718715 -0.680646 4.7228
410 0.426885 1.20179 0.448597
410 -0.47728 -0.811174 3.32658
410 -0.309401 1.10819 1.07891
410 0.665268 -0.635375 4.71197
410 -0.309599 1.27476 1.02932
410 0.909855 1.0126 0.0595002
410 -1.19361 0.183996 2.19966
410 0.736493 0.790208 0.0664546
410 1.17687 -0.818438 4.85502
410 -0.497853 -0.630736 3.15678
410 -0.0664694 1.31131 0.845148
410 -1.08814 0.00418618 2.32127
410 1.01551 0.716539 6.10821
410 -0.0100888 -0.945049 3.88072
410 0.914222 0.808726 6.23127
410 0.715857 1.1772 0.22126
410 0.466398 0.77115 0.27861
410 -0.761663 0.966956 1.44413
410 0.812394 0.726849 6.24695
410 0.825598 -0.342133 5.10619
410 -0.218537 0.924543 1.04707
410 -0.108364 0.84569 0.966468
410 -1.04777 -0.727279 2.90485
410 0.180177 1.26992 0.657441
410 -0.526013 -1.03482 3.3968
410 0.0716457 -1.42688 3.96397
410 -1.11712 0.177458 2.19687
410 -0.331155 -1.23368 3.60382
410 1.01692 -0.880393 4.73935
410 0.577361 0.799794 0.181857
410 -1.06637 0.373751 2.03207
410 -0.193023 -1.08378 3.68041
410 -0.727456 0.559855 1.70435
410 1.37802 0.304024 5.69177
410 0.6527 -1.09107 4.46411
410 -0.827161 -1.05175 3.22685
410 0.437292 -1.29099 4.25628
410 -1.02637 -0.907153 3.05242
410 0.890489 -0.636578 4.8373
410 0.32466 -1.082 4.21829
410 -0.961189 -0.00236867 2.30796
410 -0.541958 -0.988779 3.38358
410 -1.06713 0.536593 1.89388
410 0.813019 -0.907083 4.63669
410 1.1896 -0.766593 4.86999
410 0.775504 -1.20497 4.48742
410 -1.27033 -0.403537 2.6286
410 -0.363773 -1.38146 3.6191
410 -0.240873 1.02425 1.04301
410 0.886745 0.643779 6.12482
410 -0.631114 1.09037 1.34607
410 -0.780516 0.353567 1.92824
410 0.768625 0.357989 5.95317
410 0.0444802 -1.27604 3.95246
410 -1.28468 0.213184 2.19018
410 0.684994 0.585009 6.23994
410 -0.0204636 -1.32489 3.8989
410 1.40335 0.130758 5.57759
410 -0.634878 0.731633 1.5042
410 -0.444387 0.798512 1.35802
410 -0.866902 -0.996417 3.16154
410 0.917538 0.516546 6.00452
410 -0.890125 -0.639499 2.9017
410 -0.257903 -0.873087 3.53554
410 0.130642 1.23564 0.693756
410 1.21325 -0.588188 5.02468
410 0.510897 0.962252 0.32415
410 -0.184672 -1.02724 3.66733
410 -0.257129 -0.99211 3.57176
410 1.19922 0.323805 5.75663
410 -0.734435 0.84619 1.49781
410 -0.877003 0.0625382 2.25137
410 -0.907502 -0.906167 3.1123
410 1.11572 -0.258454 5.22352
410 -1.13784 -0.758632 2.91058
410 0.865794 -0.923299 4.64789
410 0.268065 -1.08101 4.18497
410 -0.583651 0.825189 1.42785
410 -0.26265 0.882351 1.12376
410 0.0948749 -0.979 3.9902
410 0.914173 0.304474 5.83453
410 -0.785349 -0.340527 2.66393
410 0.930329 -1.12582 4.5836
410 -0.847778 0.192749 2.12711
410 0.1519 -1.2657 4.02363
410 0.613976 0.631659 0.0792097
410 0.606118 0.732314 0.112225
410 1.24164 0.595354 5.93357
410 -0.86206 -0.940609 3.14042
410 -0.884253 -0.715504 2.97322
410 0.559301 1.16105 0.33818
410 0.685812 1.0628 0.211601
410 1.07525 0.60486 5.99299
410 -0.607347 -0.893373 3.27692
410 -0.193694 1.26629 0.93051
410 0.988231 -0.233625 5.23344
410 0.0685296 0.874134 0.765744
410 0.398913 -1.18442 4.24816
410 -0.0466823 1.1197 0.849687
410 0.573756 0.592428 0.0841319
410 0.773891 1.19301 0.193272
410 1.34683 0.0438801 5.50708
410 0.997333 0.596567 6.02449
410 0.641843 1.18051 0.301963
410 1.02982 0.327416 5.82658
410 0.94992 0.0247746 5.52954
410 -1.16825 0.364544 2.06684
410 -0.140274 -1.07252 3.71509
410 0.2299 0.786135 0.566801
410 0.0978005 -1.2884 3.98544
410 0.000516726 -1.02351 3.90208
410 -0.857889 0.143717 2.1595
410 -0.68841 0.832102 1.47594
410 0.994264 -0.677949 4.87191
410 -0.687343 0.159291 2.11776
410 0.211005 -0.969446 4.15243
410 -0.968966 -0.282114 2.5763
410 -1.00961 0.363506 2.0155
410 1.21019 0.661146 5.9763
410 -0.844713 -0.613178 2.90095
410 0.479864 1.04955 0.380855
410 -0.637624 0.472091 1.72451
410 -0.567093 -0.581491 3.04285
410 0.413147 -0.989936 4.31206
410 0.695184 -1.26632 4.43642
410 0.895885 -0.764542 4.75939
410 1.07729 0.499186 5.93061
410 -0.828122 0.0892729 2.21671
410 -0.983069 -0.507512 2.75401
410 0.902191 0.756758 6.19242
410 0.00762646 -1.37862 3.9291
410 -0.1927 1.32539 0.907534
410 -1.00577 0.0785527 2.25363
410 1.16125 0.674719 5.99557
410 1.29043 -0.0769689 5.41581
410 0.996288 1.02285 0.00219878
410 1.00551 0.374923 5.86386
410 -0.141657 1.20373 0.893976
410 -1.21274 0.410439 2.04056
410 -0.648627 -0.92861 3.26793
410 0.906184 -0.964377 4.64645
410 -0.564162 0.699828 1.46478
410 -0.679686 1.12493 1.34913
410 -0.0681313 -1.1106 3.82273
410 -0.204581 0.864669 1.05051
410 0.829967 0.78054 6.27977
410 -1.13177 -0.52353 2.73565
410 0.0829742 0.996392 0.741659
410 0.740741 -1.14146 4.49478
410 -1.20588 -0.456102 2.66748
410 -0.123979 1.29936 0.8792
410 0.882297 -1.02655 4.60204
410 -0.938038 -0.60439 2.86223
410 -1.09149 -0.592026 2.78109
410 -0.764222 -1.0676 3.26996
410 0.0209813 0.902708 0.811104
410 -1.02317 0.188962 2.16673
410 0.306141 -1.13557 4.19745
410 -0.682406 0.38366 1.81947
410 -0.0506631 0.865062 0.878707
410 -1.06172 0.154816 2.19908
410 0.45891 1.09719 0.408337
410 -0.618655 0.986532 1.3717
410 -0.532162 -1.12381 3.43059
410 0.74986 -1.25513 4.46063
410 -0.667418 -0.657309 3.04795
410 -1.25571 0.269608 2.15686
410 -0.480323 -1.3104 3.52908
410 -0.437072 0.738276 1.37046
410 0.348198 -0.874376 4.29114
410 -1.11249 0.0672314 2.26731
410 0.731076 0.84977 0.0933484
410 0.405892 0.949489 0.406711
410 0.843137 0.329818 5.88851
410 -0.241123 1.12341 1.01217
410 1.13252 -0.626009 4.95031
410 -0.865207 -0.264647 2.57083
410 -0.0368815 -1.17072 3.86357
410 1.25813 0.280004 5.6984
410 -1.29373 0.132298 2.25313
410 0.266881 -1.41188 4.13284
410 0.0329484 1.01434 0.798343
410 -0.1578 0.955463 0.97928
410 0.712668 -1.19578 4.46627
410 0.885241 0.0439781 5.5588
410 1.15383 0.0203078 5.50353
410 0.917051 0.452769 5.96575
410 1.06789 0.373365 5.83995
410 -0.932432 0.530119 1.82268
410 -0.70453 -1.04468 3.30413
410 0.335954 -1.24557 4.20452
410 0.976627 0.0822209 5.58747
410 0.485048 -1.08115 4.35257
410 -0.489542 -0.690279 3.19454
410 1.26813 0.653188 5.95273
410 -0.466035 1.23203 1.16296
410 -0.155894 1.00525 0.970766
410 0.823092 0.854347 0.0361094
410 0.792366 1.05066 0.132482
410 1.27988 0.038949 5.50963
410 -0.200597 -0.974073 3.63012
410 0.371532 -1.29327 4.21196
410 0.952636 0.404707 5.89934
410 0.942422 -0.726633 4.8103
410 0.664564 -0.988226 4.5093
410 1.20769 -0.000188911 5.48237
410 -0.692495 -0.267924 2.60252
410 0.234 0.93008 0.582073
410 0.92911 0.857552 6.25952
410 -0.916563 0.404939 1.94006
410 0.529015 0.796126 0.216577
410 0.321697 1.22717 0.551359
410 -0.396739 0.786621 1.33416
410 -0.475182 0.627783 1.45017
410 -1.25219 0.010365 2.34015
410 -0.468961 -0.923 3.39335
410 1.18508 -0.655918 4.95051
410 -0.638185 0.413061 1.77749
410 1.03254 -0.635242 4.89824
410 -1.09735 -0.167589 2.46014
410 1.10316 -0.673431 4.90616
410 1.16687 -0.560087 5.02135
410 -0.663794 0.519038 1.68931
410 -0.693974 0.44877 1.78091
410 0.417745 0.905308 0.394566
410 -1.03744 -0.30418 2.58026
410 0.250557 0.869041 0.548592
410 -0.969629 -0.883645 3.06529
410 -1.04778 0.265517 2.11861
410 0.190572 1.36834 0.652083
410 -1.07585 0.220745 2.14527
410 -0.731324 1.01541 1.41849
410 1.11224 -0.468164 5.08413
410 1.26137 -0.0171647 5.47444
410 0.951559 0.640575 6.08578
410 -0.00163157 0.792316 0.83848
410 -0.603251 0.539839 1.63014
410 0.442504 1.15027 0.426746
410 -1.1989 -0.61564 2.75954
410 0.455667 0.957254 0.377789
410 1.12141 -0.786147 4.84581
410 -1.20802 -0.37599 2.6053
410 0.722328 0.966152 0.14582
410 -0.966755 0.839506 1.62891
410 -0.832607 -1.10974 3.23143
410 0.270955 0.734421 0.509374
410 -0.38728 0.974488 1.19922
410 0.551292 -0.821623 4.51539
410 0.719619 -0.98652 4.53854
410 -0.655048 -1.01861 3.32527
410 1.14098 0.162362 5.64098
410 1.31285 0.296617 5.70465
410 0.782939 0.994155 0.120908
410 0.461746 -1.24208 4.27046
410 1.17727 0.795738 6.06973
410 0.515381 -0.93072 4.43549
410 1.34674 -0.45705 5.1476
410 -0.924767 -0.483664 2.74809
410 -0.125325 -1.3252 3.80213
410 0.776081 0.874153 0.0809982
410 -0.392887 0.682508 1.36495
410 -1.1301 -0.305755 2.5797
410 -0.918638 -0.963192 3.13466
410 0.933086 0.360599 5.88617
410 0.926523 -0.67536 4.8304
410 0.817048 0.390515 5.95378
410 0.542888 -0.8845 4.4671
410 -0.27172 1.31401 1.00344
410 -0.88104 0.929502 1.5478
410 0.200018 1.16376 0.626869
410 1.30238 -0.534868 5.07063
410 0.581891 0.670838 0.0982567
410 0.312597 1.03456 0.531789
410 -1.05154 0.320408 2.06567
410 -0.947932 0.346222 2.0041
410 -0.747119 -0.423787 2.74204
410 -0.305028 -0.967733 3.5381
410 1.02272 -0.560598 4.97543
410 0.222002 0.989456 0.601459
410 -0.563013 -0.859796 3.2874
410 -0.989932 -0.334284 2.60349
410 0.675434 0.948791 0.160626
410 -0.120179 -1.0046 3.73462
410 0.102718 -1.04895 3.99637
410 -0.945741 0.66148 1.75202
410 -0.913844 0.270933 2.08085
410 -0.843471 -0.681086 2.96739
410 -0.550569 0.743385 1.44387
410 -0.557469 1.00346 1.33391
410 1.13017 0.612366 5.97589
410 -1.18448 -0.321149 2.5877
410 -0.445084 0.557845 1.48713
410 1.22536 -0.320266 5.19666
410 0.595464 -0.989453 4.46587
410 -0.785537 -0.70206 3.01502
410 -0.564341 0.414051 1.73667
410 0.151419 -1.08897 4.05271
410 0.384535 -1.08889 4.25816
410 -0.369511 1.18627 1.09094
410 0.99813 -0.443837 5.06112
410 -0.632971 1.03721 1.35858
410 -1.22789 0.115718 2.25945
410 1.0958 0.112706 5.59674
410 -0.49751 0.723631 1.41723
410 -0.621334 -0.61529 3.03211
410 -0.733753 0.620832 1.64361
410 1.35671 0.10883 5.56769
410 0.785369 0.937886 0.0900741
410 1.32317 0.176006 5.62134
410 -0.115909 -1.42128 3.8252
410 -0.967905 -1.0009 3.13358
410 -1.01793 -0.256574 2.54693
410 -0.162754 0.727707 1.05696
410 -0.172036 -1.27541 3.74365
410 1.06121 -0.803008 4.8241
410 -0.602401 -1.09511 3.38136
410 -0.269397 0.694379 1.25591
410 -0.878066 -1.0869 3.23048
410 -0.683096 0.89374 1.42977
410 -0.475272 -1.00965 3.41564
410 -1.05687 0.0988768 2.24087
410 -0.356074 -0.809767 3.40563
410 -0.155681 0.838989 1.00055
410 -0.27621 -1.2197 3.63168
410 0.873004 0.887608 0.0285313
410 -0.849022 0.811332 1.59934
410 0.954944 -0.85448 4.7363
410 -1.09128 -0.790517 2.93516
410 -0.149937 -1.19566 3.75037
410 0.48541 -0.871024 4.43872
410 1.03294 -0.487412 5.03442
410 -0.0949459 1.11179 0.879882
410 0.494706 0.72565 0.218946
410 1.26247 0.179764 5.6329
410 -0.933226 -0.727802 2.96693
410 -0.881322 0.700142 1.68447
410 -0.855667 -0.408019 2.70324
410 -0.931666 0.882322 1.60607
410 -0.365011 1.27918 1.06538
410 0.53455 -1.12374 4.36368
410 1.13807 -0.130235 5.36561
410 -1.02073 0.00729009 2.31413
410 -0.473568 -1.22777 3.49072
410 1.00395 0.535364 5.98866
410 0.523399 -1.18267 4.34669
410 0.308839 0.98573 0.523365
410 -0.627956 -0.549722 2.96336
410 -0.214615 -0.828255 3.55945
410 0.948355 -0.584613 4.90649
410 -1.20927 0.0645704 2.27407
410 -0.616026 -0.489392 2.89964
410 1.2917 -0.28652 5.23306
410 -1.0863 -0.353246 2.61105
410 -0.66432 0.946877 1.41846
410 -0.945085 -0.777594 2.98818
410 -0.0128089 1.36922 0.796404
410 0.867101 -0.384943 5.07597
410 0.497509 -0.743251 4.51143
410 -0.910239 -0.213985 2.51804
410 -0.238937 -1.27225 3.67392
410 0.365713 1.28794 0.510674
410 0.551891 1.26454 0.375388
410 1.30059 0.233267 5.66435
410 -0.8373 -0.135914 2.44962
410 0.72493 -0.506358 4.85764
410 -0.791683 -0.00670801 2.30398
410 0.624569 -0.894464 4.52163
410 -0.723511 -0.158585 2.49381
410 -0.119717 1.05074 0.909787
410 -0.631321 0.808195 1.44711
410 0.992737 0.245784 5.74971
410 1.26004 -0.124405 5.38033
410 0.255626 -0.919671 4.20329
410 0.92028 0.109654 5.62991
410 0.789462 -0.982304 4.58512
410 0.236219 -0.854432 4.20302
410 -0.123414 0.782482 0.987028
410 -0.876909 0.514194 1.81178
410 1.03711 -0.381158 5.13494
410 -0.939686 -0.532356 2.77343
410 -0.733378 -0.577027 2.93006
410 -0.540382 -0.666001 3.15593
410 -0.888424 -0.790224 3.04082
410 0.475493 0.877723 0.329471
410 -0.648953 -1.07524 3.35731
410 0.937902 0.2515 5.7815
410 1.28963 0.393398 5.77267
410 -1.19705 -0.223974 2.50919
410 -0.958168 -0.396395 2.6768
410 -1.26243 -0.453418 2.64347
410 -0.375897 -1.07735 3.52422
410 0.949823 -0.995915 4.65345
410 0.311 -1.30084 4.18554
410 1.11893 -0.546125 5.01283
410 0.414626 -0.893995 4.36028
410 0.0643561 0.942808 0.766903
410 -0.981569 -0.146922 2.4531
410 -0.497687 -0.869023 3.34585
410 0.201978 0.832261 0.597632
410 0.46029 0.66891 0.221855
410 0.688053 0.778391 0.0943047
410 -1.30088 -0.247113 2.4974
410 0.299758 1.26878 0.567742
410 -0.0831431 0.734853 0.964155
410 -0.998651 -0.757871 2.9583
410 -0.39893 1.11293 1.15729
410 0.839324 -0.855535 4.67453
410 1.22441 0.401867 5.80357
410 -1.11224 -0.232573 2.51842
410 0.258447 1.1623 0.582328
410 0.627414 0.922193 0.187676
410 0.846661 1.14827 0.117261
410 0.553107 0.739476 0.167828
410 1.3108 0.456449 5.83211
410 0.0868455 -1.36762 3.96969
410 -0.0981484 0.961264 0.909055
410 -0.97835 -0.445315 2.69498
410 0.534921 -0.689926 4.56796
410 -0.750652 0.900982 1.47355
410 0.64747 0.758242 0.0977461
410 0.524141 -1.24987 4.32973
410 -0.851353 0.459412 1.84643
410 -0.904472 0.136615 2.18282
410 -0.432223 -0.87722 3.39747
410 -0.673828 0.566025 1.66521
410 -0.871569 -0.851769 3.08568
410 -0.298413 0.818309 1.1989
410 0.140054 -1.32594 4.01593
410 -0.876973 0.863594 1.5904
410 -0.878708 0.570495 1.77889
410 0.834692 -0.284231 5.14388
410 -0.966957 -0.0667691 2.37347
410 0.890463 -1.08332 4.58287
410 0.71678 -1.09023 4.49729
410 -0.355038 -0.742599 3.37805
410 -0.77973 -0.531146 2.85627
410 0.837128 -1.08894 4.56939
410 0.692061 0.89696 0.136123
410 0.132155 1.3701 0.681214
410 0.726262 -0.61874 4.77145
410 -0.696745 0.036321 2.24638
410 1.20834 -0.381341 5.15816
410 -0.0110358 -1.0815 3.8897
410 -0.92183 -0.0922632 2.38951
410 -0.198481 -0.891034 3.59432
410 0.960557 -0.0671929 5.42143
410 -0.665846 0.2629 1.96733
410 -1.03974 -0.600248 2.80707
410 -0.801606 -0.40839 2.7132
410 -0.00710567 0.847756 0.851742
410 -0.990399 0.305411 2.06382
410 0.403679 1.11357 0.448751
410 0.25847 -1.27409 4.12882
410 -1.01396 -0.409006 2.67145
410 -0.660627 -0.35053 2.70039
410 1.14224 0.295223 5.7417
410 1.01589 -0.181527 5.29091
410 -0.815336 -0.282175 2.58977
410 -0.70601 -1.16694 3.36617
410 -1.11184 -0.408344 2.64493
410 0.0175768 0.742922 0.825534
410 0.886324 -0.826493 4.72061
410 -0.679647 1.00199 1.39942
410 0.45008 -1.3703 4.24491
410 0.410602 0.729623 0.345716
410 0.996638 0.167069 5.66725
410 0.263543 1.02162 0.560588
410 -1.00398 0.238434 2.12369
410 1.07927 -0.596573 4.96317
410 0.287834 -1.21448 4.18325
410 -0.817331 0.0372361 2.26577
410 -0.803904 -0.475521 2.78143
410 -1.30728 -0.196355 2.49513
410 0.873165 0.591141 6.08636
410 -0.269437 1.16041 1.01888
410 1.27782 -0.358391 5.17048
410 0.194965 0.743742 0.596985
410 -0.494075 -0.753799 3.26224
410 -0.0354495 1.26651 0.83075
410 -0.750411 1.07066 1.41157
410 -0.586329 -0.783529 3.19921
410 0.312091 0.775096 0.472303
410 -0.182383 1.04834 0.97713
410 0.312485 -0.922183 4.24546
410 -0.992186 -0.693771 2.89669
410 -0.37741 -1.18419 3.54999
410 -0.613345 0.666831 1.54023
410 -0.834842 0.362119 1.94733
410 0.634899 0.687246 0.0850896
410 0.836502 -1.19682 4.52376
410 0.728238 0.418355 6.02813
410 0.604416 -0.642426 4.66002
410 -0.706202 0.213272 2.05649
410 -0.585818 0.950756 1.36553
410 0.956246 0.550664 6.01484
410 0.24724 1.31188 0.580421
410 -0.904297 -0.380117 2.66908
410 0.301754 1.31847 0.573229
410 0.525945 1.21488 0.396067
410 0.0668575 1.24497 0.755974
410 -0.50055 1.18892 1.20282
410 -0.671046 -0.726162 3.10748
410 -1.03982 0.476764 1.93212
410 0.88826 1.11595 0.109368
410 0.81 -0.733746 4.73159
410 1.03625 -0.758058 4.82693
410 0.611587 0.973173 0.233692
410 0.225434 -1.19638 4.11882
410 0.0630938 -1.22062 3.95892
410 0.523831 0.675623 0.159741
410 0.981268 0.920405 6.26988
410 1.15625 0.555905 5.93988
410 -0.676691 -0.860587 3.18421
410 -1.23302 -0.296473 2.56989
410 -1.06176 -0.223693 2.5176
410 -0.936523 -0.664261 2.89842
410 0.146152 -0.935443 4.07109
410 0.621243 -0.780987 4.57908
410 0.830426 0.916896 0.0652622
410 -0.241732 0.810848 1.13186
410 1.14747 -0.185163 5.31717
410 0.23262 1.12012 0.602659
410 0.486957 -0.979557 4.38919
410 1.05112 -0.69194 4.88241
410 -0.144543 1.35047 0.885797
410 -0.896564 0.645345 1.73795
410 -0.747259 0.451551 1.80029
410 -1.08093 0.441176 1.96903
410 -0.710301 -1.22828 3.37702
410 0.395405 -1.40244 4.21536
410 1.25608 -0.639567 5.00385
410 -0.129001 -0.872943 3.68089
410 -0.754411 -0.213573 2.53077
410 -0.410242 1.05668 1.18764
410 0.424651 -0.835199 4.39602
410 -0.653456 -1.13519 3.37555
410 -0.823414 0.698394 1.64001
410 1.09096 0.315783 5.78408
410 -0.491402 -1.08658 3.43971
410 -1.14811 -0.184441 2.47498
410 0.891316 -0.0865227 5.40706
410 -0.355769 1.02298 1.15026
410 -1.26905 -0.0409352 2.36432
410 1.27969 -0.202961 5.30493
410 0.171923 -1.36726 4.04005
410 -0.616854 -0.981192 3.32702
410 0.382197 1.23235 0.48851
410 -0.874409 0.239269 2.09449
410 -0.522407 -1.26969 3.48167
410 -0.999016 0.679679 1.76796
410 -0.814349 0.929982 1.50151
410 0.316834 1.17875 0.543453
410 -0.265441 0.749 1.20842
410 0.907646 -0.882249 4.70902
410 -0.988203 -0.576361 2.81059
410 0.82703 -0.482813 4.93026
410 0.689579 -0.866032 4.58525
410 -1.14306 -0.601217 2.76332
410 -0.856266 -0.460556 2.7449
410 -0.326871 0.975385 1.14796
410 0.765857 0.742813 0.00978015
410 0.948391 -0.30946 5.15734
410 -1.14897 0.021555 2.31719
410 -0.631794 0.859855 1.42658
410 -1.1665 0.145657 2.21217
410 -0.119074 -1.2466 3.79427
410 0.477714 -1.13966 4.31683
410 -0.430815 1.17748 1.15575
410 -0.330909 -1.13287 3.57449
410 -0.286818 -1.2899 3.65053
410 -0.835584 -0.351996 2.65573
410 1.07134 -0.431783 5.10211
410 0.0552699 1.15027 0.759784
410 0.684884 -1.0426 4.49582
410 -0.738745 0.00895362 2.28315
410 1.33809 -0.319565 5.21561
410 0.450727 -0.935284 4.3767
410 1.32093 -0.0140513 5.47842
410 -1.08386 -0.286127 2.56771
410 1.3039 0.106899 5.56814
410 1.05981 0.675271 6.03981
410 -0.787029 -0.159027 2.47628
410 1.2251 -0.474768 5.10143
410 1.16683 0.430306 5.84973
410 0.148763 -1.01403 4.04941
410 -0.536626 -0.808315 3.26731
410 1.22864 0.230714 5.68245
410 -0.425709 -0.827656 3.37316
410 0.947304 0.155273 5.66118
410 -1.14572 0.541815 1.93441
410 -0.780855 0.729815 1.60788
410 0.0484618 0.823206 0.795117
410 1.11936 0.377109 5.8255
410 -0.804198 0.149114 2.14477
410 0.048044 1.37455 0.762993
410 0.635166 -0.942371 4.51209
410 -0.212553 -1.40871 3.74453
410 -0.0877442 1.24661 0.858568
410 0.114423 -1.21898 4.00285
410 -0.505085 1.01597 1.31717
410 -0.0708712 -1.2194 3.82659
410 1.32402 -0.141099 5.38081
410 0.41135 -1.04835 4.27818
410 1.14273 -0.872883 4.82423
410 -0.213169 1.08591 0.998234
410 1.21276 0.539405 5.91185
410 0.133957 1.00626 0.70479
410 1.1093 0.730498 6.06458
410 -0.965771 0.785623 1.66382
410 -0.912864 -0.435733 2.71257
410 -0.63951 -0.781459 3.17058
410 -0.745718 -0.0503563 2.34802
410 0.0126828 1.11965 0.804179
410 1.31863 -0.406531 5.16068
410 -0.0798675 -1.28653 3.82387
410 0.350423 1.12303 0.511753
410 -0.423077 -0.727678 3.32101
410 -1.03794 -0.810038 2.98175
410 -0.711626 -0.326217 2.66793
410 -1.14879 -0.466948 2.6814
410 -1.20266 -0.11156 2.4268
410 -0.31138 0.881218 1.1686
410 -1.06048 -0.0500029 2.36548
410 0.423844 -1.12479 4.27021
410 -0.137444 1.15029 0.902907
410 1.20416 0.166436 5.62902
410 -1.10567 0.494742 1.9359
410 1.26845 0.517018 5.8711
410 0.727366 0.709034 0.032439
410 0.594778 1.20875 0.324311
410 -0.486635 0.776216 1.37627
410 1.17999 -0.427601 5.13339
410 0.221541 -1.31426 4.11101
410 -0.232919 -1.17912 3.66584
410 0.862534 0.823904 6.28236
410 -0.616112 0.606148 1.5834
410 -0.545412 0.923572 1.35851
410 -0.692135 0.106363 2.15663
410 -0.824951 -0.0483723 2.34622
410 0.286947 -0.851764 4.23002
410 -0.630222 0.907632 1.41959
410 -0.648251 -1.26488 3.42249
410 0.360454 0.7045 0.372905
410 -0.488437 -1.15789 3.46377
410 -1.16051 -0.684393 2.85161
410 -0.773529 0.188978 2.11584
410 1.06103 0.429362 5.8914
410 -1.26169 -0.112123 2.42533
410 1.3507 -0.0936792 5.3974
410 -0.389815 -1.13075 3.52963
410 0.840823 0.20793 5.76717
410 -0.79916 0.492105 1.79746
410 1.24189 -0.260418 5.24778
410 0.741574 1.01556 0.133666
410 0.210171 -1.08836 4.11999
410 -0.445143 0.912681 1.31645
410 0.583513 -1.28193 4.35451
410 0.418853 0.852178 0.377262
410 -0.690285 1.06755 1.3764
410 -0.151997 1.10055 0.928887
410 -0.327556 0.765576 1.26825
410 1.0235 0.793504 6.14859
410 1.22112 0.0661706 5.55908
410 0.923964 -0.368421 5.11055
410 -1.16277 0.0900126 2.25568
410 -0.0789865 -1.0527 3.79248
410 0.999062 0.432063 5.91011
410 0.0467344 -1.33244 3.95335
410 -0.758208 -0.27655 2.59778
410 0.0685843 0.763675 0.787788
410 -0.766841 -1.13034 3.31623
410 -0.678948 -0.592509 2.97356
410 -0.437565 -1.18089 3.51
410 0.680524 -0.566674 4.78023
410 0.498888 0.916391 0.330128
410 0.601563 1.28096 0.343743
410 0.939947 -0.801321 4.74788
410 1.10922 0.667627 6.01815
410 -0.540202 0.797707 1.41114
410 0.258947 1.21044 0.58383
410 -0.070594 1.05935 0.870874
410 -1.24347 0.186687 2.19089
410 -1.11384 0.330099 2.0795
410 -0.448114 -1.05738 3.44988
410 -1.16985 -0.556242 2.75103
410 0.882111 0.373785 5.90736
410 -0.775917 0.555204 1.73827
410 -0.308093 -0.854365 3.48327
410 -1.0312 -0.530554 2.74882
410 1.00107 -0.946534 4.72208
410 1.19636 -0.216931 5.28504
410 -1.15575 0.284824 2.12148
410 -0.797027 0.437201 1.82526
410 -0.986953 0.618788 1.79395
410 -1.03655 -0.359283 2.61689
410 0.686826 0.828614 0.101206
410 -1.13994 -0.125023 2.43446
410 0.798014 -0.422425 4.9945
410 1.0585 -0.246083 5.2291
410 -0.910567 0.469373 1.86492
410 0.0777879 1.09537 0.744084
410 -0.971031 0.568742 1.8069
410 1.4025 -0.102431 5.40038
410 0.622844 -1.03454 4.46196
410 -0.741554 -0.946351 3.21743
410 -0.290851 1.01857 1.0814
410 -0.254574 -1.06082 3.59362
410 0.144882 1.06239 0.67814
410 -0.909191 -0.044879 2.36243
410 -1.06375 -0.424895 2.67022
410 1.09958 -0.733596 4.87072
410 -0.8994 0.334418 2.00029
410 -0.788342 -0.595116 2.91485
410 0.771704 0.446945 6.0279
410 -0.564156 1.17365 1.27892
410 -1.0456 0.659371 1.78144
410 0.691432 -0.927678 4.55329
410 1.0365 0.205923 5.69745
410 1.22525 -0.168924 5.33411
410 0.211094 -1.24788 4.10545
410 0.269723 -0.978909 4.2008
410 0.749563 -1.03412 4.53677
410 -1.0008 -0.204994 2.50643
410 0.507383 1.12064 0.382015
410 -0.762347 0.081575 2.19739
410 0.781398 -0.514401 4.88528
410 0.828425 0.668037 6.1997
410 0.800646 0.527583 6.0783
410 -0.29031 -0.792039 3.46184
410 -0.511316 1.12759 1.24989
410 0.947265 -0.473807 5.00757
410 0.736779 -0.831266 4.61955
410 1.10567 -0.0867826 5.40668
410 1.36064 0.399356 5.7637
