830 -1.21719 -0.51119 2.71119
830 -0.324681 -1.33104 3.62762
830 0.0108809 -1.21196 3.92336
830 -0.955811 -0.223013 2.52228
830 0.375099 0.767158 0.375591
830 -0.850985 0.310115 1.99666
830 0.333408 0.919069 0.487519
830 1.04379 0.882211 6.17586
830 -0.690643 -0.958708 3.24134
830 0.390774 -1.24042 4.22439
830 -0.0616294 -0.98672 3.80351
830 -1.06257 -0.862092 3.00962
830 0.624923 0.813828 0.153213
830 1.16674 -0.482596 5.09606
830 0.452364 -1.19205 4.27391
830 -1.25223 -0.347098 2.58929
830 0.737317 -0.743068 4.68163
830 -1.10068 -0.661207 2.85709
830 -1.31273 -0.127975 2.43672
830 -0.621645 -0.715298 3.13266
830 1.23334 -0.705853 4.94163
830 -0.00271259 1.31599 0.796105
830 0.686723 0.49753 6.15118
830 0.122672 0.953983 0.713735
830 1.00697 -0.336926 5.15723
830 0.252998 1.25839 0.584094
830 1.37945 -0.0170241 5.48644
830 0.779914 -1.08215 4.53846
830 -1.19553 0.000325211 2.3362
830 1.17214 0.738394 6.03438
830 -0.692231 -0.805091 3.15
830 -0.904194 0.814221 1.61276
830 1.11083 0.791143 6.10559
830 1.03092 0.475597 5.92166
830 1.09046 0.188555 5.67082
830 0.599531 0.860664 0.178313
830 0.364685 -0.810518 4.34635
830 -0.296574 -1.3917 3.65817
830 0.149304 1.18261 0.67389
830 -0.108556 0.917792 0.947426
830 0.783892 -0.852108 4.64016
830 -1.16475 -0.0644248 2.37818
830 1.0275 0.635364 6.02927
830 -0.488996 0.83114 1.35985
830 0.129401 -1.41981 4.00141
830 0.586208 -1.17452 4.38718
830 0.540259 -1.00442 4.41812
830 -1.09377 0.594905 1.83902
830 0.11839 1.28958 0.699613
830 0.151051 1.12391 0.676498
830 1.10887 0.246824 5.71697
830 -0.756648 0.687195 1.61832
830 1.28192 -0.588237 5.03682
830 -0.350867 -1.02583 3.52042
830 0.802312 0.285194 5.86297
830 1.06343 -0.311127 5.17939
830 1.40918 0.0256383 5.48411
830 1.24784 0.352396 5.77753
830 -0.925341 -0.846165 3.06384
830 0.402578 0.806613 0.372311
830 0.396838 -1.34248 4.2166
830 0.0165933 -1.43341 3.94465
830 -0.58637 -1.26306 3.44691
830 1.10582 0.545773 5.9437
830 -1.10946 0.125987 2.21903
830 -0.152613 -0.945099 3.67114
830 0.284648 0.9583 0.539524
830 -0.38879 -1.3175 3.57961
830 0.318216 1.36158 0.56396
830 -0.842565 0.757336 1.61208
830 -0.560891 -1.31202 3.47453
830 1.05832 -0.916057 4.73052
830 -0.863798 -0.0835386 2.38527
830 0.506037 -1.36443 4.27277
830 -1.09109 -0.476468 2.70624
830 -1.10101 -0.0817611 2.38985
830 -0.716084 -0.701218 3.07211
830 0.150773 -1.19464 4.03082
830 -1.1025 0.647209 1.81768
830 -0.736202 0.500692 1.76623
830 -0.733575 -0.843661 3.15555
830 0.472386 0.822394 0.310007
830 0.573043 1.04262 0.313795
830 0.634554 -1.31436 4.37044
830 -0.529014 -1.21945 3.4675
830 -0.597506 -1.15138 3.40668
830 -0.507565 0.672151 1.4451
830 0.943857 -0.133809 5.3481
830 -0.593848 0.767465 1.44645
830 1.28754 -0.467707 5.1304
830 0.53367 1.06794 0.332655
830 0.357228 1.05258 0.488655
830 -0.412299 -1.2469 3.55527
830 -0.398367 -0.892597 3.41048
830 1.0609 -0.131392 5.35955
830 0.377032 1.17311 0.490155
830 -0.828575 0.986037 1.46347
830 1.25335 0.113242 5.57168
830 -0.566271 -0.73264 3.16826
830 0.0784438 -1.10632 3.97033
830 1.00396 -1.04541 4.66057
830 -0.585182 -0.675413 3.14303
830 0.892857 -0.439639 5.02306
830 0.190734 -1.14474 4.09337
830 1.05058 0.553134 5.9696
830 -0.330949 1.21946 1.05462
830 1.29482 0.582929 5.91374
830 -0.379844 0.736915 1.33924
830 -0.467793 0.958964 1.31422
830 1.12065 -0.314655 5.18653
830 -0.263605 -1.09622 3.60777
830 -0.282419 1.20746 1.02775
830 0.515482 1.31826 0.412588
830 0.973044 -0.625518 4.89059
830 -0.558383 0.639171 1.51723
830 -1.00361 0.518815 1.87773
830 0.998428 -0.00127476 5.50314
830 -0.767783 -1.18605 3.33932
830 0.866987 0.266714 5.81973
830 1.14432 0.495973 5.90414
830 0.49261 1.16757 0.400614
830 -0.360349 -0.950949 3.47669
830 -0.365468 -0.853641 3.42709
830 -0.980119 -0.944825 3.10108
830 1.05143 0.94743 6.2224
830 0.338836 -1.19639 4.20375
830 1.1605 -0.710317 4.90957
830 1.0374 -0.990014 4.71635
830 1.03149 0.0827989 5.58804
830 0.147433 0.777502 0.660092
830 -0.250898 -0.93135 3.56823
830 -0.657767 0.320628 1.89307
830 -0.671719 0.61924 1.61693
830 0.837412 -0.603625 4.8349
830 0.649089 -1.18918 4.42813
830 -0.408495 -0.798982 3.37482
830 -1.24931 -0.178751 2.47866
830 0.323669 -1.409 4.1661
830 -0.0580819 -1.41517 3.85673
830 -0.449778 1.12838 1.18318
830 1.15581 -0.0366803 5.46725
830 -0.801561 -0.950862 3.17825
830 -0.917756 -1.03017 3.15575
830 -0.744469 -0.998308 3.22957
830 0.816363 0.471458 6.02504
830 0.0846306 1.19899 0.739449
830 -0.57784 1.10961 1.3231
830 -0.657707 -1.20008 3.3859
830 0.797496 -1.1452 4.51591
830 0.629053 1.01918 0.231391
830 -0.74863 0.132873 2.15511
830 -0.159212 0.900541 0.989426
830 0.560458 -0.770481 4.54781
830 -0.832668 -0.897865 3.13813
830 1.23155 0.717793 5.9896
830 -0.47929 0.507903 1.55154
830 -0.361643 0.627449 1.38243
830 0.668467 0.633841 0.0143382
830 -0.293088 -1.14698 3.59397
830 1.11155 0.449198 5.88868
830 -0.0135615 0.996181 0.83491
830 -0.448171 0.68386 1.40282
830 -0.625938 1.15061 1.33426
830 0.331588 0.839227 0.464728
830 1.09113 -0.370978 5.14501
830 0.863579 0.713376 6.18965
830 -0.808393 -0.219943 2.53263
830 0.313447 1.09774 0.529685
830 -0.913791 0.0233905 2.28473
830 0.595501 -0.852584 4.52267
830 -0.791809 0.296221 1.99642
830 1.07087 0.829899 6.13894
830 -0.547621 -1.16965 3.43272
830 -1.11684 0.39763 2.02166
830 -0.515448 -0.974473 3.39271
830 1.24825 0.459175 5.8491
830 0.111695 0.82334 0.717613
830 -0.789272 0.644039 1.6653
830 1.36673 -0.369875 5.18793
830 -0.0780041 -1.35718 3.83884
830 -0.903803 0.753442 1.6588
830 -1.14606 0.224213 2.16434
830 -0.249097 1.25792 0.989649
830 -1.24667 -0.23786 2.50506
830 -0.741431 -0.484178 2.8238
830 0.969946 0.68866 6.11682
830 0.560114 0.982627 0.296315
830 1.19061 0.1041 5.56973
830 -0.404599 1.23764 1.10808
830 -0.795455 1.02287 1.45359
830 0.197025 -1.42269 4.06189
830 0.646577 1.24594 0.30603
830 -0.404377 -1.01475 3.46601
830 0.872257 -0.716323 4.77887
830 0.445318 1.32835 0.460275
830 1.09616 -0.845111 4.82223
830 -0.663286 0.681263 1.57124
830 0.488233 -1.30662 4.26874
830 -0.740912 0.771083 1.56839
830 -0.550513 -1.06924 3.39997
830 0.863794 0.113772 5.63351
830 -0.496995 0.903253 1.34511
830 -0.672727 -0.470186 2.84572
830 0.789505 1.13964 0.156829
830 0.963342 0.740807 6.14557
830 -0.797209 -1.00817 3.21886
830 -1.19471 -0.158169 2.45075
830 0.36865 -0.945008 4.2775
830 0.215478 -1.02732 4.13901
830 -0.914611 -0.282251 2.58525
830 -0.153055 -1.13729 3.72804
830 1.13509 0.849748 6.12579
830 0.0733116 -0.911921 3.95706
830 -0.913171 0.201624 2.12813
830 1.36562 0.246061 5.65955
830 -0.698642 -0.525565 2.88824
830 1.00184 -0.285547 5.18368
830 1.23076 -0.529987 5.06706
830 -0.190434 0.778039 1.07103
830 1.33294 -0.224984 5.29218
830 0.0200505 -0.894304 3.91237
830 -0.0984304 1.18371 0.884447
830 1.19823 0.480697 5.87486
830 1.0402 -0.0508681 5.44553
830 -0.800771 -0.847872 3.12527
830 0.959247 -0.911473 4.72314
830 0.639327 -1.24531 4.39958
830 -0.436525 -1.10725 3.48207
830 -0.0481454 1.20653 0.843986
830 0.571686 -1.22576 4.3562
830 -0.832099 -0.555234 2.86177
830 -0.816361 0.245691 2.05965
830 -0.835166 -0.80391 3.07582
830 0.290395 -1.02734 4.20828
830 0.85232 0.549762 6.06937
830 0.888216 0.937601 0.0352845
830 -1.20544 0.24184 2.16699
830 0.111511 0.903231 0.724704
830 -0.816783 0.589512 1.73938
830 -1.31749 -0.0447383 2.37157
830 -0.537926 0.516705 1.59771
830 0.0148976 0.954263 0.814883
830 0.357865 0.964862 0.462474
830 -1.05912 0.718301 1.75698
830 -0.299525 0.645362 1.31082
830 -1.24438 0.336816 2.10966
830 -0.580069 1.04978 1.33578
830 0.636474 0.550383 6.25239
830 0.740857 0.517265 6.12523
830 0.0785873 1.33237 0.745403
830 -0.274958 1.0672 1.05648
830 -0.354551 0.836736 1.25494
830 -0.436426 -1.35964 3.56627
830 -1.10438 0.268717 2.12655
830 0.82821 1.09171 0.126419
830 1.05715 0.752799 6.10838
830 -0.210193 0.980023 1.01945
830 1.21715 -0.062518 5.43631
830 -0.0516003 0.957634 0.870514
830 0.678835 1.00935 0.193697
830 -0.987106 -0.643497 2.88542
830 0.447026 1.01354 0.400905
830 1.38211 -0.185563 5.32769
830 1.32739 0.509626 5.84918
830 -0.255553 -1.34672 3.68228
830 0.968385 0.483105 5.96121
830 -0.938547 -0.332351 2.61102
830 0.898157 -0.568556 4.90198
830 0.652566 -0.828457 4.57843
830 0.0196989 1.07131 0.809565
830 0.413189 1.05775 0.431499
830 -0.328122 0.92695 1.16989
830 -0.604926 -1.03887 3.36076
830 -0.877621 -0.326228 2.62585
830 0.73896 0.627445 6.221
830 0.874916 -1.14847 4.56466
830 -0.599462 -1.20964 3.42343
830 -0.705224 0.728833 1.5642
830 -0.834645 -0.748008 3.03254
830 0.938629 -0.199504 5.25238
830 0.15754 0.864886 0.650515
830 0.362356 -1.14096 4.23159
830 0.777831 -0.686933 4.75118
830 -1.14252 -0.35714 2.60217
830 0.531882 0.618839 0.105728
830 0.754048 0.577672 6.17879
830 -0.420567 0.623697 1.4148
830 -1.30634 0.0370145 2.31129
830 -0.0354654 1.15731 0.83462
830 0.395632 1.00507 0.428437
830 0.569013 -0.941182 4.46137
830 1.2563 -0.406435 5.16624
830 0.738312 -0.8977 4.58544
830 0.811232 0.609641 6.16213
830 0.425954 1.27305 0.467514
830 0.196672 1.02729 0.611544
830 0.00642039 -1.12984 3.91207
830 0.373008 0.874896 0.415067
830 -1.03261 0.593444 1.81552
830 0.384592 1.34578 0.505857
830 1.10258 0.896682 6.15265
830 0.817564 0.978557 0.0909558
830 0.989734 -0.745788 4.82337
830 -1.16993 0.494112 1.95339
830 1.0461 0.133167 5.61891
830 -1.27278 0.0827789 2.27166
830 -1.2991 -0.328664 2.58507
830 0.190162 -0.893996 4.1445
830 0.350243 -1.03847 4.24189
830 -0.0728795 1.01631 0.882567
830 0.2897 0.89716 0.526954
830 -0.717665 -0.75915 3.10056
830 0.907481 -0.248745 5.20292
830 -0.161861 -1.38274 3.77247
830 -0.73254 -0.637145 2.97988
830 -0.692436 -0.203558 2.52969
830 0.903668 0.199425 5.73371
830 0.489749 1.27327 0.413895
830 -0.775232 -0.798914 3.0949
830 -0.447909 0.861677 1.32692
830 -0.776903 -0.88877 3.14157
830 -1.01512 0.4295 1.95357
830 -0.788463 -0.652384 2.97139
830 -1.09999 -0.719696 2.89676
830 -0.071341 0.802614 0.934921
830 0.0469573 -1.05749 3.94145
830 0.336305 -1.35281 4.19195
830 0.589754 -1.07354 4.43251
830 1.37741 -0.270097 5.25735
830 -0.411011 -0.958893 3.443
830 0.115158 -1.14966 4.00185
830 1.16878 0.372901 5.81111
830 0.790169 -0.629304 4.79772
830 0.742796 0.907681 0.100751
830 0.196286 0.898595 0.610312
830 -0.026203 1.04772 0.841972
830 0.602502 -1.12726 4.41402
830 -0.952347 0.722672 1.70932
830 1.18915 0.267497 5.71334
830 0.869132 -0.195313 5.24705
830 -0.536432 -0.912117 3.33958
830 -0.709302 -1.10767 3.33582
830 -0.964064 0.19353 2.15093
830 -1.0147 -0.105168 2.41848
830 -0.725225 0.315707 1.93813
830 -0.714515 0.945234 1.43289
830 0.185963 0.952614 0.611531
830 0.0385569 -0.980565 3.9278
830 -0.96888 0.0495439 2.26981
830 -0.431835 1.00876 1.22721
830 1.19017 -0.111973 5.38612
830 1.18781 0.601307 5.94455
830 0.728622 1.04654 0.169545
830 -0.330865 -1.1061 3.5631
830 0.474352 1.22249 0.413777
830 -0.0357684 0.912704 0.865842
830 -0.529125 1.06949 1.30337
830 0.971884 0.791727 6.16613
830 -0.575656 0.882086 1.38614
830 0.704291 0.737442 0.0592067
830 0.843374 -0.541556 4.89944
830 -0.816003 0.878574 1.53287
830 -1.23041 -0.564552 2.74301
830 -0.262244 0.954426 1.07686
830 1.32443 0.355994 5.76007
830 0.237358 1.06334 0.597524
830 -0.46693 1.06843 1.23578
830 -0.303627 -1.05484 3.56803
830 0.974698 -0.527456 4.97477
830 -0.794693 0.78209 1.58646
830 0.863841 0.997557 0.0838384
830 -0.966299 0.469975 1.89961
830 -1.08032 -0.53598 2.74672
830 1.16541 -0.342551 5.17139
830 -0.524659 0.863125 1.36013
830 0.675574 -1.14143 4.45821
830 -0.515426 0.966747 1.3266
830 -0.740185 0.395342 1.84447
830 1.09649 -0.0293796 5.46068
830 -0.0942788 -0.921253 3.72904
830 1.08854 -0.185889 5.3079
830 -0.195259 -1.33249 3.74072
830 1.10033 0.0462207 5.54016
830 -0.864863 0.402252 1.91888
830 0.438123 -0.766635 4.44847
830 1.00196 -0.82586 4.76154
830 -0.631443 -0.83367 3.19596
830 -0.704276 -0.0832513 2.38141
830 0.255814 1.36673 0.591066
830 0.560564 -1.33417 4.32173
830 1.38563 0.19314 5.6207
830 0.932501 0.969162 0.0249124
830 -1.03188 -0.475726 2.71976
830 0.275539 0.822274 0.526331
830 -0.89125 -0.572335 2.84956
830 0.0418093 1.29106 0.770186
830 0.942123 1.07455 0.0650433
830 0.777453 0.788792 0.0388127
830 -1.21746 -0.0545437 2.37666
830 1.08782 -0.959514 4.72859
830 -1.197 0.315444 2.10772
830 0.0123742 1.23635 0.794217
830 0.993306 0.970805 6.27756
830 -0.194196 1.15505 0.962749
830 -0.342556 1.14129 1.09364
830 -1.05699 0.0459245 2.28192
830 -0.575431 0.471281 1.68083
830 0.730305 1.1164 0.202609
830 -0.375044 0.57821 1.40462
830 0.632946 1.07703 0.247038
830 1.05329 0.261747 5.73828
830 -0.204924 -1.22541 3.69564
830 -0.675635 0.779539 1.49417
830 0.191476 1.08672 0.629559
830 0.932324 0.593307 6.05248
830 0.0923359 1.05145 0.730458
830 0.543511 0.859818 0.235863
830 1.05058 0.0220867 5.52048
830 -0.597383 0.370785 1.77712
830 -0.216423 -1.13181 3.6637
830 -1.04299 -0.670079 2.88581
830 -1.0358 -0.165443 2.46294
830 -1.01681 0.748326 1.73828
830 -0.400909 0.85601 1.29893
830 -0.968463 0.402392 1.96731
830 0.999974 0.845506 6.17669
830 0.166855 1.32249 0.665913
830 -1.16106 0.434187 2.01391
830 0.1041 1.14111 0.725538
830 1.14299 0.0906748 5.57834
830 -0.828579 0.535903 1.77569
830 1.00851 -0.102104 5.3943
830 0.902689 -0.0212392 5.48323
830 0.677889 1.12627 0.225351
830 0.517651 1.00838 0.327832
830 0.861538 0.431405 5.97385
830 0.909928 0.70041 6.1662
830 -0.0827524 1.36176 0.853303
830 -0.714648 -0.897883 3.19035
830 0.538568 -1.05939 4.39785
830 0.869872 0.492221 6.01151
830 -0.742129 -0.369293 2.69099
830 0.899149 -0.505137 4.95958
830 -0.578588 -0.946068 3.32775
830 0.891993 -0.303978 5.15699
830 -0.849813 0.629451 1.72811
830 0.671345 -0.744598 4.62988
830 -0.786371 0.833546 1.54835
830 -0.886032 -0.158508 2.47247
830 0.647399 0.871316 0.161111
830 -0.781469 -0.0989816 2.40525
830 0.486689 -0.812106 4.46128
830 -0.384572 0.918336 1.23358
830 0.77999 0.660571 6.21392
830 -0.958658 0.26009 2.09451
830 -1.16192 -0.254143 2.52103
830 -1.00366 0.137009 2.19662
830 -0.319856 -0.915439 3.49517
830 0.933737 0.901094 6.27074
830 1.16149 0.214558 5.67587
830 -0.0991297 -1.16167 3.79423
830 0.975231 -0.389921 5.11142
830 0.761252 -0.942846 4.58175
830 0.785946 -0.782083 4.69957
830 -0.934957 -0.147627 2.45311
830 0.977342 0.311597 5.82387
830 1.17303 -0.267559 5.23907
830 0.607547 1.13862 0.315588
830 -0.350966 1.07326 1.12576
830 0.639949 -0.699808 4.63875
830 -0.0116942 -1.26641 3.90583
830 -0.561855 0.583919 1.55858
830 0.473223 -1.02942 4.36126
830 0.312584 1.15897 0.537308
830 0.571405 1.10315 0.324216
830 1.06938 -0.528196 5.00893
830 -0.219934 1.20344 0.980683
830 -0.750852 0.250873 2.03127
830 0.95121 -1.0533 4.64104
830 -1.12667 -0.0335171 2.36132
830 0.759499 -0.575231 4.81161
830 -0.954373 0.138913 2.18851
830 -0.350755 -1.27161 3.59993
830 -0.768727 -0.751763 3.0766
830 -0.856481 -0.205698 2.51792
830 0.0474308 -1.15719 3.94175
830 0.582095 -0.723985 4.57461
830 -0.340614 0.692935 1.33482
830 0.841843 -0.975212 4.60705
830 0.568014 0.914206 0.241468
830 0.251941 -1.35438 4.11632
830 -0.9295 0.0859682 2.23412
830 -0.986461 -0.821358 3.00093
830 0.699517 -0.792997 4.61996
830 -0.924072 0.596262 1.77987
830 -1.06785 -0.126421 2.44305
830 0.20074 1.23049 0.635463
830 -0.865216 -0.0029548 2.30581
830 -0.678975 -0.407988 2.75503
830 -1.16828 -0.41245 2.64026
830 -0.436559 -1.29398 3.56573
830 0.875839 1.04987 0.0819714
830 -0.507811 0.577071 1.52454
830 -0.87216 -0.511346 2.78651
830 1.13718 -0.395473 5.14825
830 -0.142315 1.25419 0.893655
830 0.256761 -1.13402 4.16622
830 0.337273 -0.987065 4.24838
830 0.841725 -0.670514 4.79572
830 0.841182 -0.786403 4.72144
830 -0.710028 0.668038 1.60421
830 0.0120628 1.18546 0.800253
830 -1.01143 -0.0446883 2.35752
830 0.698687 1.2265 0.263961
830 0.821699 -1.03224 4.58123
830 0.718486 -0.680409 4.7228
830 0.427224 1.20002 0.448597
830 -0.472166 -0.804566 3.32658
830 -0.308316 1.10528 1.07891
830 0.665148 -0.635225 4.71197
830 -0.309982 1.27551 1.02932
830 0.924468 1.02272 0.0595002
830 -1.19359 0.18401 2.19966
830 0.731727 0.788396 0.0664546
830 1.17707 -0.818293 4.85502
830 -0.505109 -0.630367 3.15678
830 -0.0655359 1.31002 0.845148
830 -1.08826 0.00407585 2.32127
830 1.01661 0.717481 6.10821
830 -0.0104846 -0.944673 3.88072
830 0.912477 0.807128 6.23127
830 0.717109 1.17248 0.22126
830 0.464581 0.767209 0.27861
830 -0.761585 0.9669 1.44413
830 0.809733 0.729414 6.24695
830 0.825743 -0.342285 5.10619
830 -0.217502 0.920505 1.04707
830 -0.112676 0.860298 0.966468
830 -1.0478 -0.727308 2.90485
830 0.180216 1.27508 0.657441
830 -0.51005 -1.02909 3.3968
830 0.0722811 -1.43132 3.96397
830 -1.11711 0.17747 2.19687
830 -0.325082 -1.22624 3.60382
830 1.01792 -0.881603 4.73935
830 0.576631 0.800956 0.181857
830 -1.06633 0.373749 2.03207
830 -0.193004 -1.08321 3.68041
830 -0.727417 0.559817 1.70435
830 1.37802 0.304017 5.69177
830 0.652574 -1.09081 4.46411
830 -0.827381 -1.05078 3.22685
830 0.437094 -1.29039 4.25628
830 -1.02633 -0.907175 3.05242
830 0.890397 -0.636515 4.8373
830 0.323744 -1.09002 4.21829
830 -0.961262 -0.00235973 2.30796
830 -0.557636 -1.00897 3.38358
830 -1.06713 0.536608 1.89388
830 0.812946 -0.906613 4.63669
830 1.18907 -0.766219 4.86999
830 0.7753 -1.20496 4.48742
830 -1.27016 -0.403559 2.6286
830 -0.363393 -1.37957 3.6191
830 -0.239645 1.02339 1.04301
830 0.886753 0.644123 6.12482
830 -0.63113 1.0904 1.34607
830 -0.780657 0.353651 1.92824
830 0.768637 0.357886 5.95317
830 0.0495192 -1.26062 3.95246
830 -1.28468 0.213196 2.19018
830 0.686475 0.580569 6.23994
830 -0.0208226 -1.32482 3.8989
830 1.40335 0.130739 5.57759
830 -0.635218 0.731959 1.5042
830 -0.444311 0.798499 1.35802
830 -0.866532 -0.995912 3.16154
830 0.916196 0.515575 6.00452
830 -0.890221 -0.639497 2.9017
830 -0.257161 -0.872492 3.53554
830 0.132045 1.23468 0.693756
830 1.21274 -0.588405 5.02468
830 0.515553 0.953854 0.32415
830 -0.182178 -1.02609 3.66733
830 -0.262608 -0.983994 3.57176
830 1.1992 0.323799 5.75663
830 -0.73444 0.846143 1.49781
830 -0.877022 0.0625259 2.25137
830 -0.907488 -0.906096 3.1123
830 1.11403 -0.25788 5.22352
830 -1.13784 -0.758652 2.91058
830 0.865718 -0.922692 4.64789
830 0.268952 -1.07557 4.18497
830 -0.583565 0.825014 1.42785
830 -0.261149 0.878522 1.12376
830 0.095077 -0.979639 3.9902
830 0.914313 0.304533 5.83453
830 -0.785346 -0.340524 2.66393
830 0.930994 -1.12463 4.5836
830 -0.847725 0.192747 2.12711
830 0.155607 -1.28152 4.02363
830 0.60633 0.63305 0.0792097
830 0.608591 0.73782 0.112225
830 1.24155 0.595373 5.93357
830 -0.861906 -0.940204 3.14042
830 -0.884347 -0.715688 2.97322
830 0.55979 1.16138 0.33818
830 0.683023 1.06947 0.211601
830 1.07497 0.604357 5.99299
830 -0.605033 -0.892149 3.27692
830 -0.193838 1.26528 0.93051
830 0.987806 -0.232682 5.23344
830 0.0700285 0.873114 0.765744
830 0.400404 -1.1838 4.24816
830 -0.0386793 1.10584 0.849687
830 0.570893 0.590273 0.0841319
830 0.771469 1.19503 0.193272
830 1.34683 0.0438888 5.50708
830 0.998078 0.595932 6.02449
830 0.641359 1.18177 0.301963
830 1.02989 0.327437 5.82658
830 0.949783 0.024746 5.52954
830 -1.16824 0.364547 2.06684
830 -0.140334 -1.07486 3.71509
830 0.230347 0.786076 0.566801
830 0.0970029 -1.29454 3.98544
830 0.00113704 -1.02218 3.90208
830 -0.857912 0.143734 2.1595
830 -0.688297 0.832347 1.47594
830 0.993846 -0.677693 4.87191
830 -0.687326 0.159276 2.11776
830 0.210996 -0.967207 4.15243
830 -0.969 -0.282097 2.5763
830 -1.00957 0.36348 2.0155
830 1.21011 0.661061 5.9763
830 -0.844786 -0.613217 2.90095
830 0.481051 1.05111 0.380855
830 -0.637585 0.472087 1.72451
830 -0.567334 -0.581569 3.04285
830 0.412838 -0.989179 4.31206
830 0.695169 -1.26617 4.43642
830 0.897047 -0.765162 4.75939
830 1.07749 0.499174 5.93061
830 -0.828171 0.0892839 2.21671
830 -0.982956 -0.50738 2.75401
830 0.903177 0.756048 6.19242
830 0.00892652 -1.37578 3.9291
830 -0.192723 1.32471 0.907534
830 -1.00579 0.0785299 2.25363
830 1.16122 0.67472 5.99557
830 1.29063 -0.0769439 5.41581
830 0.999883 1.02057 0.00219878
830 1.00568 0.374976 5.86386
830 -0.14624 1.20595 0.893976
830 -1.21273 0.410446 2.04056
830 -0.646551 -0.926719 3.26793
830 0.905449 -0.964057 4.64645
830 -0.564493 0.699977 1.46478
830 -0.679728 1.1249 1.34913
830 -0.0682251 -1.11293 3.82273
830 -0.201417 0.859491 1.05051
830 0.832962 0.781352 6.27977
830 -1.13155 -0.523594 2.73565
830 0.0816869 0.997671 0.741659
830 0.740574 -1.14115 4.49478
830 -1.20609 -0.45594 2.66748
830 -0.12311 1.30143 0.8792
830 0.881866 -1.02592 4.60204
830 -0.938091 -0.604385 2.86223
830 -1.09163 -0.591975 2.78109
830 -0.765197 -1.06796 3.26996
830 0.0219218 0.8978 0.811104
830 -1.02316 0.188972 2.16673
830 0.30591 -1.14725 4.19745
830 -0.682387 0.383659 1.81947
830 -0.0517289 0.866118 0.878707
830 -1.06171 0.154821 2.19908
830 0.457902 1.0965 0.408337
830 -0.618724 0.986637 1.3717
830 -0.530768 -1.11934 3.43059
830 0.749855 -1.25517 4.46063
830 -0.667773 -0.657266 3.04795
830 -1.25571 0.269622 2.15686
830 -0.49137 -1.32827 3.52908
830 -0.436844 0.738186 1.37046
830 0.348016 -0.874813 4.29114
830 -1.11243 0.0672624 2.26731
830 0.745407 0.852187 0.0933484
830 0.409861 0.951162 0.406711
830 0.843314 0.329822 5.88851
830 -0.243193 1.12339 1.01217
830 1.13387 -0.62671 4.95031
830 -0.865213 -0.264655 2.57083
830 -0.0368989 -1.1743 3.86357
830 1.25813 0.280006 5.6984
830 -1.29373 0.13232 2.25313
830 0.266248 -1.4099 4.13284
830 0.0331097 1.02018 0.798343
830 -0.159008 0.954822 0.97928
830 0.712635 -1.19558 4.46627
830 0.885209 0.0439763 5.5588
830 1.15371 0.0203001 5.50353
830 0.916769 0.452438 5.96575
830 1.06801 0.37343 5.83995
830 -0.932414 0.530121 1.82268
830 -0.706194 -1.04668 3.30413
830 0.33219 -1.25084 4.20452
830 0.976594 0.082191 5.58747
830 0.484765 -1.08058 4.35257
830 -0.479603 -0.681543 3.19454
830 1.26809 0.653183 5.95273
830 -0.465638 1.23238 1.16296
830 -0.159657 1.00733 0.970766
830 0.80713 0.835966 0.0361094
830 0.778716 1.07321 0.132482
830 1.27983 0.0389618 5.50963
830 -0.201338 -0.97367 3.63012
830 0.370937 -1.29396 4.21196
830 0.952971 0.404814 5.89934
830 0.942754 -0.726679 4.8103
830 0.664327 -0.987977 4.5093
830 1.20763 -0.000203793 5.48237
830 -0.692489 -0.267927 2.60252
830 0.237481 0.931997 0.582073
830 0.925921 0.856016 6.25952
830 -0.916637 0.404968 1.94006
830 0.528388 0.795519 0.216577
830 0.318902 1.26522 0.551359
830 -0.396714 0.787091 1.33416
830 -0.475144 0.627732 1.45017
830 -1.25229 0.0103598 2.34015
830 -0.479833 -0.938619 3.39335
830 1.18613 -0.656722 4.95051
830 -0.638171 0.413064 1.77749
830 1.03176 -0.634576 4.89824
830 -1.09692 -0.167295 2.46014
830 1.1017 -0.672448 4.90616
830 1.16646 -0.559825 5.02135
830 -0.663771 0.519029 1.68931
830 -0.693951 0.448774 1.78091
830 0.419051 0.906895 0.394566
830 -1.03736 -0.304187 2.58026
830 0.251521 0.867951 0.548592
830 -0.969585 -0.883615 3.06529
830 -1.04775 0.265512 2.11861
830 0.192235 1.36908 0.652083
830 -1.07584 0.220754 2.14527
830 -0.731283 1.01538 1.41849
830 1.11303 -0.468523 5.08413
830 1.26131 -0.0171502 5.47444
830 0.953691 0.642726 6.08578
830 -0.00290043 0.789706 0.83848
830 -0.603244 0.539855 1.63014
830 0.441396 1.14808 0.426746
830 -1.19909 -0.615537 2.75954
830 0.459427 0.963926 0.377789
830 1.12145 -0.785738 4.84581
830 -1.2079 -0.375899 2.6053
830 0.721807 0.967841 0.14582
830 -0.966757 0.839508 1.62891
830 -0.833106 -1.10906 3.23143
830 0.271344 0.734963 0.509374
830 -0.387742 0.975623 1.19922
830 0.550914 -0.821489 4.51539
830 0.719513 -0.98648 4.53854
830 -0.658763 -1.01894 3.32527
830 1.14101 0.162358 5.64098
830 1.31285 0.296607 5.70465
830 0.808097 1.03259 0.120908
830 0.461873 -1.24213 4.27046
830 1.17731 0.795828 6.06973
830 0.515232 -0.930555 4.43549
830 1.34731 -0.455734 5.1476
830 -0.924654 -0.483677 2.74809
830 -0.125677 -1.32639 3.80213
830 0.790935 0.886464 0.0809982
830 -0.392684 0.682403 1.36495
830 -1.13021 -0.305681 2.5797
830 -0.918546 -0.963113 3.13466
830 0.933298 0.360706 5.88617
830 0.92622 -0.675514 4.8304
830 0.816947 0.39036 5.95378
830 0.542827 -0.884387 4.4671
830 -0.271444 1.31389 1.00344
830 -0.881025 0.929524 1.5478
830 0.201684 1.18077 0.626869
830 1.30295 -0.535083 5.07063
830 0.589439 0.679252 0.0982567
830 0.302757 1.0514 0.531789
830 -1.05152 0.320401 2.06567
830 -0.947889 0.346227 2.0041
830 -0.747117 -0.423777 2.74204
830 -0.312572 -0.984957 3.5381
830 1.02315 -0.560923 4.97543
830 0.2193 0.986717 0.601459
830 -0.561243 -0.857272 3.2874
830 -0.989881 -0.334302 2.60349
830 0.675111 0.951312 0.160626
830 -0.119612 -1.00521 3.73462
830 0.102864 -1.04889 3.99637
830 -0.945726 0.661476 1.75202
830 -0.913798 0.270924 2.08085
830 -0.843751 -0.681122 2.96739
830 -0.549958 0.743144 1.44387
830 -0.5575 1.00338 1.33391
830 1.12994 0.612293 5.97589
830 -1.1846 -0.321111 2.5877
830 -0.445094 0.557817 1.48713
830 1.22273 -0.319315 5.19666
830 0.595299 -0.98908 4.46587
830 -0.786222 -0.702349 3.01502
830 -0.564334 0.414047 1.73667
830 0.150916 -1.09215 4.05271
830 0.385265 -1.0892 4.25816
830 -0.368194 1.18388 1.09094
830 0.998008 -0.443819 5.06112
830 -0.633075 1.03729 1.35858
830 -1.22787 0.115748 2.25945
830 1.09585 0.112708 5.59674
830 -0.497119 0.723258 1.41723
830 -0.62158 -0.615127 3.03211
830 -0.7337 0.620804 1.64361
830 1.35671 0.108823 5.56769
830 0.78206 0.941796 0.0900741
830 1.32319 0.176001 5.62134
830 -0.115587 -1.4215 3.8252
830 -0.967923 -1.00089 3.13358
830 -1.01804 -0.256554 2.54693
830 -0.161858 0.726242 1.05696
830 -0.172619 -1.27757 3.74365
830 1.06158 -0.802955 4.8241
830 -0.599357 -1.09598 3.38136
830 -0.269583 0.694586 1.25591
830 -0.878394 -1.08657 3.23048
830 -0.683004 0.893742 1.42977
830 -0.461498 -0.992127 3.41564
830 -1.05682 0.0988643 2.24087
830 -0.351788 -0.794236 3.40563
830 -0.150579 0.829165 1.00055
830 -0.276003 -1.21061 3.63168
830 0.862494 0.880497 0.0285313
830 -0.849057 0.811343 1.59934
830 0.955695 -0.854965 4.7363
830 -1.09127 -0.790529 2.93516
830 -0.150258 -1.19729 3.75037
830 0.485272 -0.870832 4.43872
830 1.03293 -0.487253 5.03442
830 -0.0913589 1.12603 0.879882
830 0.494904 0.724149 0.218946
830 1.2625 0.179745 5.6329
830 -0.933348 -0.727839 2.96693
830 -0.881309 0.700138 1.68447
830 -0.855704 -0.40801 2.70324
830 -0.931673 0.88234 1.60607
830 -0.365754 1.27923 1.06538
830 0.534443 -1.12353 4.36368
830 1.1374 -0.130576 5.36561
830 -1.02076 0.00730128 2.31413
830 -0.474217 -1.22036 3.49072
830 1.00257 0.535374 5.98866
830 0.523462 -1.18246 4.34669
830 0.317348 1.00148 0.523365
830 -0.628016 -0.54964 2.96336
830 -0.213829 -0.828535 3.55945
830 0.948021 -0.584122 4.90649
830 -1.20929 0.0645997 2.27407
830 -0.615986 -0.489343 2.89964
830 1.29178 -0.286728 5.23306
830 -1.0863 -0.353247 2.61105
830 -0.664116 0.946666 1.41846
830 -0.94507 -0.777657 2.98818
830 -0.012813 1.36903 0.796404
830 0.867468 -0.384871 5.07597
830 0.497732 -0.743392 4.51143
830 -0.910272 -0.213968 2.51804
830 -0.240047 -1.27128 3.67392
830 0.369128 1.29383 0.510674
830 0.551898 1.26283 0.375388
830 1.30058 0.23326 5.66435
830 -0.837193 -0.13587 2.44962
830 0.724758 -0.506491 4.85764
830 -0.791726 -0.00672737 2.30398
830 0.62441 -0.894217 4.52163
830 -0.723468 -0.158579 2.49381
830 -0.119185 1.04966 0.909787
830 -0.631034 0.807696 1.44711
830 0.992718 0.245762 5.74971
830 1.25991 -0.124203 5.38033
830 0.256047 -0.918654 4.20329
830 0.92029 0.109672 5.62991
830 0.789557 -0.984206 4.58512
830 0.236606 -0.853261 4.20302
830 -0.120621 0.779097 0.987028
830 -0.876879 0.514189 1.81178
830 1.03874 -0.382004 5.13494
830 -0.939722 -0.532387 2.77343
830 -0.733562 -0.577106 2.93006
830 -0.537809 -0.677052 3.15593
830 -0.888342 -0.790208 3.04082
830 0.47617 0.872626 0.329471
830 -0.652598 -1.0815 3.35731
830 0.937891 0.251492 5.7815
830 1.28966 0.393409 5.77267
830 -1.19739 -0.22375 2.50919
830 -0.958218 -0.396387 2.6768
830 -1.26263 -0.453554 2.64347
830 -0.377599 -1.07755 3.52422
830 0.949855 -0.994726 4.65345
830 0.308441 -1.30428 4.18554
830 1.11853 -0.546068 5.01283
830 0.414532 -0.893751 4.36028
830 0.0651087 0.943671 0.766903
830 -0.981369 -0.146972 2.4531
830 -0.498474 -0.868594 3.34585
830 0.201371 0.831216 0.597632
830 0.461136 0.667899 0.221855
830 0.680856 0.796981 0.0943047
830 -1.30162 -0.24686 2.4974
830 0.277949 1.21647 0.567742
830 -0.0808992 0.736534 0.964155
830 -0.998686 -0.757917 2.9583
830 -0.399013 1.11332 1.15729
830 0.838477 -0.85453 4.67453
830 1.22451 0.401903 5.80357
830 -1.11232 -0.233 2.51842
830 0.262339 1.11181 0.582328
830 0.627777 0.920372 0.187676
830 0.850495 1.14941 0.117261
830 0.553801 0.739918 0.167828
830 1.31087 0.456478 5.83211
830 0.0773544 -1.36942 3.96969
830 -0.101912 0.97665 0.909055
830 -0.978374 -0.445297 2.69498
830 0.53493 -0.690037 4.56796
830 -0.750599 0.900972 1.47355
830 0.653309 0.755566 0.0977461
830 0.524361 -1.25027 4.32973
830 -0.851324 0.459414 1.84643
830 -0.904488 0.136621 2.18282
830 -0.446347 -0.90594 3.39747
830 -0.673792 0.566025 1.66521
830 -0.871378 -0.851638 3.08568
830 -0.299234 0.819368 1.1989
830 0.13342 -1.34103 4.01593
830 -0.87699 0.863613 1.5904
830 -0.878685 0.570484 1.77889
830 0.834607 -0.284308 5.14388
830 -0.967032 -0.0666041 2.37347
830 0.890337 -1.08301 4.58287
830 0.71663 -1.09004 4.49729
830 -0.361231 -0.739793 3.37805
830 -0.77975 -0.531154 2.85627
830 0.837594 -1.09081 4.56939
830 0.692118 0.901428 0.136123
830 0.13194 1.37135 0.681214
830 0.726238 -0.618513 4.77145
830 -0.696747 0.0363029 2.24638
830 1.20745 -0.379903 5.15816
830 -0.0116265 -1.07914 3.8897
830 -0.921996 -0.0922134 2.38951
830 -0.198603 -0.892214 3.59432
830 0.960575 -0.0672161 5.42143
830 -0.665856 0.262923 1.96733
830 -1.03987 -0.600281 2.80707
830 -0.801619 -0.408383 2.7132
830 -0.00846103 0.844216 0.851742
830 -0.990356 0.305403 2.06382
830 0.402681 1.10891 0.448751
830 0.257303 -1.26582 4.12882
830 -1.01403 -0.409037 2.67145
830 -0.66062 -0.350532 2.70039
830 1.14224 0.295213 5.7417
830 1.01683 -0.181554 5.29091
830 -0.815327 -0.282168 2.58977
830 -0.705797 -1.16818 3.36617
830 -1.11188 -0.408343 2.64493
830 0.0181086 0.742232 0.825534
830 0.885933 -0.825757 4.72061
830 -0.679633 1.00183 1.39942
830 0.450389 -1.37087 4.24491
830 0.409313 0.727452 0.345716
830 0.996684 0.167051 5.66725
830 0.264444 1.01403 0.560588
830 -1.00395 0.238434 2.12369
830 1.08018 -0.597057 4.96317
830 0.28695 -1.20817 4.18325
830 -0.817324 0.0372482 2.26577
830 -0.803881 -0.475507 2.78143
830 -1.30588 -0.196063 2.49513
830 0.876665 0.591591 6.08636
830 -0.270231 1.1612 1.01888
830 1.27588 -0.357449 5.17048
830 0.195159 0.743705 0.596985
830 -0.494217 -0.74998 3.26224
830 -0.034663 1.26386 0.83075
830 -0.750436 1.07063 1.41157
830 -0.587298 -0.786745 3.19921
830 0.312551 0.776586 0.472303
830 -0.183103 1.05134 0.97713
830 0.313077 -0.925052 4.24546
830 -0.992239 -0.693788 2.89669
830 -0.388092 -1.20112 3.54999
830 -0.613481 0.66694 1.54023
830 -0.834969 0.362163 1.94733
830 0.642755 0.695257 0.0850896
830 0.836255 -1.1967 4.52376
830 0.728122 0.418227 6.02813
830 0.604284 -0.642387 4.66002
830 -0.70615 0.213261 2.05649
830 -0.586026 0.95075 1.36553
830 0.953486 0.54921 6.01484
830 0.246754 1.30967 0.580421
830 -0.904327 -0.380119 2.66908
830 0.297609 1.31274 0.573229
830 0.525504 1.21308 0.396067
830 0.0669182 1.24608 0.755974
830 -0.500565 1.18942 1.20282
830 -0.669922 -0.725742 3.10748
830 -1.03983 0.476782 1.93212
830 0.887322 1.10971 0.109368
830 0.809725 -0.733416 4.73159
830 1.03619 -0.758266 4.82693
830 0.61031 0.969695 0.233692
830 0.226482 -1.1899 4.11882
830 0.0701852 -1.20444 3.95892
830 0.527373 0.677625 0.159741
830 0.979815 0.919031 6.26988
830 1.1561 0.555895 5.93988
830 -0.67708 -0.860961 3.18421
830 -1.23326 -0.296448 2.56989
830 -1.06187 -0.223645 2.5176
830 -0.936575 -0.664295 2.89842
830 0.146163 -0.935806 4.07109
830 0.621732 -0.781705 4.57908
830 0.835217 0.924896 0.0652622
830 -0.241658 0.809411 1.13186
830 1.14946 -0.185369 5.31717
830 0.218993 1.13217 0.602659
830 0.486998 -0.979471 4.38919
830 1.05029 -0.691757 4.88241
830 -0.145089 1.35145 0.885797
830 -0.896551 0.645338 1.73795
830 -0.747226 0.451524 1.80029
830 -1.08097 0.441198 1.96903
830 -0.709647 -1.22991 3.37702
830 0.395286 -1.40242 4.21536
830 1.25668 -0.63975 5.00385
830 -0.128922 -0.873162 3.68089
830 -0.754417 -0.213577 2.53077
830 -0.410212 1.05701 1.18764
830 0.424406 -0.834906 4.39602
830 -0.652358 -1.13903 3.37555
830 -0.823387 0.698347 1.64001
830 1.09098 0.315792 5.78408
830 -0.487373 -1.08473 3.43971
830 -1.14695 -0.184938 2.47498
830 0.891502 -0.0866631 5.40706
830 -0.354975 1.02313 1.15026
830 -1.26863 -0.0410891 2.36432
830 1.28017 -0.20299 5.30493
830 0.177903 -1.36424 4.04005
830 -0.618027 -0.981518 3.32702
830 0.384263 1.2347 0.48851
830 -0.874365 0.239258 2.09449
830 -0.513657 -1.27014 3.48167
830 -0.999002 0.679673 1.76796
830 -0.814303 0.930031 1.50151
830 0.328917 1.21169 0.543453
830 -0.266539 0.749408 1.20842
830 0.9067 -0.880723 4.70902
830 -0.988284 -0.576402 2.81059
830 0.827157 -0.482832 4.93026
830 0.690415 -0.866901 4.58525
830 -1.14322 -0.601395 2.76332
830 -0.856244 -0.460529 2.7449
830 -0.327183 0.975419 1.14796
830 0.755184 0.720379 0.00978015
830 0.947956 -0.311219 5.15734
830 -1.14889 0.0216138 2.31719
830 -0.631625 0.859514 1.42658
830 -1.16648 0.145668 2.21217
830 -0.119659 -1.24798 3.79427
830 0.477647 -1.13911 4.31683
830 -0.430602 1.17769 1.15575
830 -0.341482 -1.17007 3.57449
830 -0.286602 -1.28692 3.65053
830 -0.83558 -0.352001 2.65573
830 1.07216 -0.432272 5.10211
830 0.0560203 1.15434 0.759784
830 0.684604 -1.04233 4.49582
830 -0.738806 0.00899196 2.28315
830 1.33773 -0.319873 5.21561
830 0.450663 -0.935078 4.3767
830 1.32087 -0.0140048 5.47842
830 -1.08384 -0.286257 2.56771
830 1.30389 0.106898 5.56814
830 1.06001 0.67545 6.03981
830 -0.786966 -0.159024 2.47628
830 1.22702 -0.475556 5.10143
830 1.16695 0.430355 5.84973
830 0.148845 -1.01514 4.04941
830 -0.533267 -0.805416 3.26731
830 1.22866 0.230711 5.68245
830 -0.439849 -0.848358 3.37316
830 0.947351 0.15528 5.66118
830 -1.14573 0.541827 1.93441
830 -0.780907 0.729851 1.60788
830 0.0480743 0.822598 0.795117
830 1.11945 0.377115 5.8255
830 -0.804197 0.149108 2.14477
830 0.0476654 1.37432 0.762993
830 0.635127 -0.941993 4.51209
830 -0.213539 -1.4087 3.74453
830 -0.0861111 1.24642 0.858568
830 0.118258 -1.23593 4.00285
830 -0.505269 1.01623 1.31717
830 -0.0708308 -1.22168 3.82659
830 1.32393 -0.141095 5.38081
830 0.410325 -1.04675 4.27818
830 1.14298 -0.873023 4.82423
830 -0.213338 1.08797 0.998234
830 1.21272 0.539473 5.91185
830 0.133353 1.00719 0.70479
830 1.10953 0.730514 6.06458
830 -0.965775 0.785622 1.66382
830 -0.91292 -0.435722 2.71257
830 -0.639083 -0.780247 3.17058
830 -0.745699 -0.0503276 2.34802
830 0.013964 1.12208 0.804179
830 1.31747 -0.405502 5.16068
830 -0.0798744 -1.28729 3.82387
830 0.351967 1.12438 0.511753
830 -0.42515 -0.735446 3.32101
830 -1.03794 -0.810082 2.98175
830 -0.711619 -0.326218 2.66793
830 -1.14896 -0.467023 2.6814
830 -1.20617 -0.111874 2.4268
830 -0.310738 0.882801 1.1686
830 -1.06072 -0.0499008 2.36548
830 0.423875 -1.12431 4.27021
830 -0.138292 1.15065 0.902907
830 1.2042 0.166451 5.62902
830 -1.10568 0.494767 1.9359
830 1.26845 0.517084 5.8711
830 0.700977 0.683628 0.032439
830 0.595294 1.20935 0.324311
830 -0.486427 0.775957 1.37627
830 1.18332 -0.428375 5.13339
830 0.224209 -1.30862 4.11101
830 -0.229727 -1.17898 3.66584
830 0.861436 0.827937 6.28236
830 -0.616133 0.606193 1.5834
830 -0.545659 0.923718 1.35851
830 -0.692142 0.106349 2.15663
830 -0.824992 -0.0483858 2.34622
830 0.287521 -0.853477 4.23002
830 -0.630061 0.907279 1.41959
830 -0.645046 -1.26715 3.42249
830 0.359457 0.70465 0.372905
830 -0.486267 -1.15285 3.46377
830 -1.16053 -0.68439 2.85161
830 -0.773488 0.188963 2.11584
830 1.0612 0.429499 5.8914
830 -1.26331 -0.112087 2.42533
830 1.35079 -0.0937538 5.3974
830 -0.389025 -1.13537 3.52963
830 0.840832 0.207939 5.76717
830 -0.799121 0.492092 1.79746
830 1.24221 -0.26111 5.24778
830 0.758502 1.0018 0.133666
830 0.208523 -1.08471 4.11999
830 -0.445394 0.912809 1.31645
830 0.583728 -1.28176 4.35451
830 0.418763 0.853337 0.377262
830 -0.690323 1.06751 1.3764
830 -0.148759 1.0995 0.928887
830 -0.328392 0.766904 1.26825
830 1.02378 0.794223 6.14859
830 1.221 0.0661382 5.55908
830 0.924837 -0.369425 5.11055
830 -1.16275 0.0900259 2.25568
830 -0.0795232 -1.05464 3.79248
830 0.999424 0.432185 5.91011
830 0.0441117 -1.32085 3.95335
830 -0.758203 -0.27655 2.59778
830 0.0687316 0.764104 0.787788
830 -0.768701 -1.13146 3.31623
830 -0.679173 -0.592509 2.97356
830 -0.436842 -1.17488 3.51
830 0.680647 -0.566691 4.78023
830 0.492379 0.914025 0.330128
830 0.601107 1.28104 0.343743
830 0.941034 -0.802142 4.74788
830 1.10923 0.667441 6.01815
830 -0.540129 0.797624 1.41114
830 0.257069 1.17221 0.58383
830 -0.0757837 1.074 0.870874
830 -1.24346 0.186712 2.19089
830 -1.11382 0.3301 2.0795
830 -0.445676 -1.04886 3.44988
830 -1.16971 -0.556284 2.75103
830 0.882309 0.373786 5.90736
830 -0.775898 0.555225 1.73827
830 -0.307511 -0.855802 3.48327
830 -1.03099 -0.530521 2.74882
830 1.00094 -0.94487 4.72208
830 1.19881 -0.217642 5.28504
830 -1.15573 0.284835 2.12148
830 -0.797006 0.437191 1.82526
830 -0.986934 0.618783 1.79395
830 -1.03653 -0.35928 2.61689
830 0.699151 0.842794 0.101206
830 -1.14028 -0.124723 2.43446
830 0.79816 -0.422387 4.9945
830 1.05661 -0.246097 5.2291
830 -0.910569 0.469393 1.86492
830 0.0767963 1.09605 0.744084
830 -0.971014 0.568741 1.8069
830 1.40255 -0.102416 5.40038
830 0.622522 -1.03422 4.46196
830 -0.741322 -0.94658 3.21743
830 -0.288923 1.01467 1.0814
830 -0.251203 -1.03698 3.59362
830 0.144152 1.06414 0.67814
830 -0.909165 -0.0448741 2.36243
830 -1.06381 -0.424905 2.67022
830 1.09898 -0.733087 4.87072
830 -0.899364 0.33439 2.00029
830 -0.788499 -0.595213 2.91485
830 0.771187 0.446984 6.0279
830 -0.564171 1.17369 1.27892
830 -1.04559 0.659373 1.78144
830 0.691719 -0.927952 4.55329
830 1.03652 0.205925 5.69745
830 1.22535 -0.168543 5.33411
830 0.208455 -1.24091 4.10545
830 0.270337 -0.978145 4.2008
830 0.749389 -1.03446 4.53677
830 -1.00086 -0.205045 2.50643
830 0.507601 1.11971 0.382015
830 -0.762379 0.0815849 2.19739
830 0.780967 -0.51391 4.88528
830 0.829063 0.671243 6.1997
830 0.802431 0.528471 6.0783
830 -0.288772 -0.791926 3.46184
830 -0.511447 1.12798 1.24989
830 0.94736 -0.473898 5.00757
830 0.736277 -0.831036 4.61955
830 1.10573 -0.0866651 5.40668
830 1.36065 0.399337 5.7637
