153 -0.897264 0.308728 0.753335
153 0.655923 -0.687439 0.753335
153 -0.447926 -0.597644 7.03652
153 -0.409264 0.824917 0.753335
153 -0.259537 -0.0385284 0.753335
153 -1.04736 -0.0450964 7.03652
153 -0.856434 -0.393554 0.753335
153 -0.429901 0.567277 0.753335
153 0.0092463 0.147559 0.753335
153 0.741487 -0.492083 0.753335
153 0.0734884 0.387392 7.03652
153 -0.0226436 0.970399 0.753335
153 -0.440154 0.874535 7.03652
153 -0.336175 -0.0657341 0.753335
153 -0.113314 0.453234 7.03652
153 0.421879 -0.170699 0.753335
153 0.457103 -0.31559 7.03652
153 -1.02577 -0.229086 7.03652
153 -0.973954 -0.129252 0.753335
153 -0.278775 0.938111 0.753335
153 0.0954677 0.193399 7.03652
153 -0.837913 -0.150167 7.03652
153 -0.172721 0.169203 0.753335
153 -0.748343 0.284138 7.03652
153 0.943322 0.0899349 0.753335
153 0.431121 0.911309 0.753335
153 -0.191537 0.514258 7.03652
153 -0.868622 -0.191556 0.753335
153 -0.176916 0.216166 0.753335
153 -0.71326 0.663225 0.753335
153 0.069335 -0.51092 0.753335
153 0.0545885 -0.1913 7.03652
153 -0.0927905 0.00106722 7.03652
153 -0.140326 -0.00562906 7.03652
153 -0.37906 0.955396 0.753335
153 -0.579556 0.581925 0.753335
153 0.0591271 -0.326743 7.03652
153 -0.0680737 0.091111 7.03652
153 -0.604446 -0.763484 0.753335
153 0.756648 0.259847 0.753335
153 -0.350847 -0.91556 0.753335
153 0.158691 -0.956699 0.753335
153 -0.685185 0.483118 7.03652
153 0.21471 -0.339752 0.753335
153 0.634366 -0.627958 7.03652
153 -0.117515 0.915014 7.03652
153 0.667338 0.666165 0.753335
153 -0.0274056 -0.0703247 7.03652
153 0.737206 0.00336786 7.03652
153 0.145951 -0.743656 0.753335
153 0.61033 0.311629 0.753335
153 -0.609355 0.0750654 0.753335
153 -0.78477 -0.253447 7.03652
153 0.432617 -0.554591 7.03652
153 0.0681993 0.59115 0.753335
153 0.0938281 0.855073 0.753335
153 -0.508766 -0.317906 7.03652
153 0.530572 0.734078 0.753335
153 0.427877 -0.118491 0.753335
153 -0.61425 0.297339 0.753335
153 -0.347369 -0.65724 0.753335
153 -0.336192 0.511016 7.03652
153 -0.350495 0.841284 7.03652
153 0.671707 -0.749389 0.753335
153 -0.357994 0.197107 0.753335
153 -0.457326 -0.129732 7.03652
153 0.273784 -0.220316 7.03652
153 0.2052 -0.39261 0.753335
153 0.524748 -0.0813897 0.753335
153 0.0706834 -0.141466 0.753335
153 0.318337 0.852035 0.753335
153 -0.296849 -0.971517 0.753335
153 -0.914026 0.243372 0.753335
153 -0.0293073 0.765301 7.03652
153 0.0901911 0.140392 0.753335
153 -0.250716 -0.618011 7.03652
153 0.549545 -0.271746 0.753335
153 0.40903 0.653836 0.753335
153 0.263847 0.977072 0.753335
153 -0.951093 0.28875 0.753335
153 -0.227009 0.844705 7.03652
153 0.468608 0.245129 7.03652
153 -0.0288347 -0.531354 0.753335
153 -0.566853 -0.45463 7.03652
153 0.31139 0.0840871 0.753335
153 -0.865226 -0.337694 0.753335
153 0.260157 0.0163 7.03652
153 -0.483252 0.562002 7.03652
153 0.798744 -0.221009 0.753335
153 -0.00811632 -0.894348 0.753335
153 0.332043 -0.452477 0.753335
153 -0.21259 -0.0503771 0.753335
153 -0.287364 0.7005 7.03652
153 0.386729 0.310077 0.753335
153 0.255145 -0.375002 0.753335
153 0.281929 -0.455029 0.753335
153 0.772641 -0.106382 7.03652
153 0.198514 -0.770418 7.03652
153 -0.750307 0.134721 0.753335
153 0.19249 -0.713765 0.753335
153 0.0421809 0.966364 7.03652
153 0.712321 -0.438854 0.753335
153 0.763744 -0.328001 0.753335
153 -0.438118 0.221945 0.753335
153 0.216954 -0.525432 0.753335
153 -0.289825 -0.419842 7.03652
153 -0.243051 0.0498263 7.03652
153 0.643283 -0.0306853 7.03652
153 0.227925 0.62194 0.753335
153 -0.439881 -0.0415847 0.753335
153 0.492653 -0.707448 0.753335
153 -0.275741 -0.266945 7.03652
153 0.00130091 0.716427 0.753335
153 -0.018378 0.29477 0.753335
153 0.208172 -0.879627 0.753335
153 0.339846 0.453023 0.753335
153 -0.503334 0.656865 0.753335
153 0.760028 0.31535 0.753335
153 0.55457 -0.468147 7.03652
153 -0.56524 0.644425 0.753335
153 -0.0212788 -0.667877 0.753335
153 0.574238 -0.617098 0.753335
153 -0.16559 0.558264 0.753335
153 -0.0533221 0.264276 7.03652
153 -0.211372 -0.716508 7.03652
153 -0.761619 -0.301167 7.03652
153 -0.119736 -0.175592 0.753335
153 -0.489042 0.507149 7.03652
153 -0.540413 0.877298 7.03652
153 -0.187108 -0.098651 0.753335
153 0.596575 -0.673406 0.753335
153 -0.132906 -0.0920072 0.753335
153 -0.642449 0.165707 0.753335
153 -0.0108707 -1.01779 7.03652
153 -0.924278 -0.00726216 7.03652
153 0.150169 0.261991 7.03652
153 -0.0897507 0.230621 0.753335
153 0.8516 0.251764 0.753335
153 0.729342 0.685762 0.753335
153 0.29486 0.315586 0.753335
153 0.168965 -0.353126 0.753335
153 -0.450679 -0.651916 7.03652
153 -0.430466 0.0915062 7.03652
153 -0.160744 -0.579886 7.03652
153 0.0753978 0.745438 0.753335
153 -0.613898 -0.421396 0.753335
153 0.841976 0.5296 0.753335
153 -0.996597 0.0373676 7.03652
153 -0.694385 0.774064 7.03652
153 0.513759 -0.185487 0.753335
153 0.680022 -0.129355 7.03652
153 -0.0836833 0.138351 0.753335
153 -0.469936 -0.0827507 0.753335
153 0.267581 0.582972 0.753335
153 0.552713 -0.215709 7.03652
153 -0.0174341 0.34844 0.753335
153 -0.100648 -0.128332 7.03652
153 0.375126 0.936148 7.03652
153 0.2456 0.297099 0.753335
153 -0.268658 0.585576 0.753335
153 -0.111827 -0.0465892 7.03652
153 -0.10516 -0.585993 0.753335
153 0.804217 -0.495782 7.03652
153 -0.738787 0.486746 0.753335
153 0.406225 -0.510268 7.03652
153 0.587439 -0.426141 0.753335
153 -0.0614708 0.318207 7.03652
153 0.121053 -0.646858 0.753335
153 -0.0472417 -0.11739 7.03652
153 0.540142 0.0136634 0.753335
153 0.697986 -0.0437333 0.753335
153 0.235468 -0.683212 7.03652
153 0.216785 0.434092 0.753335
153 -0.928663 0.105466 0.753335
153 -0.547685 -0.158729 7.03652
153 -0.141888 0.862452 0.753335
153 0.0761932 -0.279681 0.753335
153 0.327458 -0.95753 0.753335
153 -0.977156 -0.18727 7.03652
153 -0.262154 -0.733835 0.753335
153 0.630196 0.429229 7.03652
153 -0.665809 -0.0709824 0.753335
153 0.00933213 0.200485 0.753335
153 -0.691158 0.539505 0.753335
153 -0.976729 0.377309 7.03652
153 -0.530995 0.81677 7.03652
153 -0.474531 0.0648625 7.03652
153 -0.828588 0.537328 7.03652
153 0.0773864 1.01626 7.03652
153 -0.629089 0.218918 0.753335
153 -0.559761 -0.798791 0.753335
153 0.682923 0.00840643 0.753335
153 -0.326532 -0.288646 0.753335
153 0.0218444 -0.056457 0.753335
153 -0.569908 0.740559 0.753335
153 0.743543 0.0929715 0.753335
153 -0.486513 -0.0230578 7.03652
153 0.643063 -0.528269 0.753335
153 0.597984 -0.297766 0.753335
153 -0.517117 -0.114584 7.03652
153 -1.02902 0.199283 7.03652
153 0.910147 -0.204076 0.753335
153 0.340486 -0.381424 0.753335
153 -0.163201 -0.0540275 0.753335
153 -0.347955 -0.602676 7.03652
153 -0.0035691 0.454421 0.753335
153 0.451576 0.0863644 0.753335
153 0.428194 0.278648 0.753335
153 -0.405185 0.379092 0.753335
153 0.452394 -0.77132 0.753335
153 -0.238046 0.536441 0.753335
153 -0.157094 0.479238 0.753335
153 0.587833 0.464771 0.753335
153 -0.819457 0.217844 7.03652
153 0.0369756 -0.00443662 7.03652
153 0.538307 0.850481 7.03652
153 -0.298672 -0.162223 0.753335
153 -0.453996 0.171069 0.753335
153 0.0941391 0.495266 0.753335
153 -0.0346314 0.498801 0.753335
153 -0.541415 0.696056 0.753335
153 0.658643 0.0681688 7.03652
153 0.852008 -0.172204 0.753335
153 -0.70213 -0.60902 7.03652
153 -0.48559 -0.466998 0.753335
153 0.149863 0.701143 0.753335
153 0.364999 0.152634 7.03652
153 0.556854 -0.378979 0.753335
153 0.697737 0.176657 0.753335
153 -0.183081 -0.632067 0.753335
153 -0.755717 0.537471 0.753335
153 0.071258 -0.637058 0.753335
153 -0.458923 -0.254012 0.753335
153 -0.359103 -0.0147566 0.753335
153 -0.415362 -0.755336 0.753335
153 -0.888001 0.050127 0.753335
153 -0.593932 -0.522475 7.03652
153 -0.59896 -0.575027 7.03652
153 0.37891 0.758789 7.03652
153 -0.226928 0.231825 7.03652
153 0.111327 -0.318275 0.753335
153 -0.470289 0.61483 0.753335
153 -0.125871 1.01691 7.03652
153 0.647021 0.54355 0.753335
153 0.120592 0.40258 0.753335
153 -1.04415 -0.108574 0.753335
153 0.74334 -0.389262 0.753335
153 0.683438 0.452335 7.03652
153 -0.912429 -0.124308 0.753335
153 0.549253 -0.56353 0.753335
153 -0.293324 0.288678 7.03652
153 -0.811425 0.380952 0.753335
153 0.297952 -0.0666589 0.753335
153 -0.886046 -0.287988 7.03652
153 -0.461158 -0.302668 7.03652
153 0.475705 -0.100984 0.753335
153 0.227303 0.779346 0.753335
153 0.380373 0.256336 7.03652
153 0.873985 0.477508 0.753335
153 -0.350967 -0.149144 0.753335
153 0.609109 -0.57221 7.03652
153 0.407064 -0.807859 7.03652
153 -0.220366 0.182543 0.753335
153 -0.124952 0.380584 7.03652
153 0.00234325 0.81426 7.03652
153 0.141871 0.212746 0.753335
153 0.388029 -0.0828811 0.753335
153 0.424533 -0.65485 7.03652
153 -0.16688 -0.180602 0.753335
153 -0.653018 0.115023 0.753335
153 -0.268431 -0.848767 7.03652
153 -0.365153 -0.726079 0.753335
153 0.175873 -0.256132 0.753335
153 -0.398812 -0.62644 7.03652
153 -0.583881 0.234728 0.753335
153 -0.332787 0.911291 7.03652
153 0.917524 0.148307 0.753335
153 0.177331 0.130785 7.03652
153 -0.17828 0.714026 7.03652
153 -0.345525 -0.550107 0.753335
153 -0.697584 -0.0245363 0.753335
153 -0.443778 0.417256 7.03652
153 -0.234115 0.682877 7.03652
153 0.413955 0.171387 0.753335
153 0.737729 -0.149799 7.03652
153 -0.721359 -0.161275 0.753335
153 0.654831 0.603515 0.753335
153 -0.0802123 0.184627 7.03652
153 0.390814 0.364975 0.753335
153 0.794116 0.113801 7.03652
153 0.163271 -0.608853 0.753335
153 -0.804194 -0.484289 0.753335
153 0.46287 0.190229 7.03652
153 -0.1999 -0.367536 0.753335
153 -0.987679 -0.347046 7.03652
153 -0.815482 -0.429873 7.03652
153 -0.631066 0.747072 0.753335
153 0.48766 -0.0472101 7.03652
153 0.585412 0.0400087 0.753335
153 -0.289743 0.482825 0.753335
153 -0.837864 -0.619854 0.753335
153 0.619326 0.369961 7.03652
153 0.056052 0.270839 0.753335
153 0.499727 0.580903 0.753335
153 -0.267646 0.194304 0.753335
153 0.109967 0.349709 0.753335
153 -0.327324 0.0228629 7.03652
153 0.380678 -0.695822 7.03652
153 0.206938 -0.0513999 0.753335
153 0.551118 0.120819 0.753335
153 -0.417328 -0.224905 0.753335
153 -0.93956 -0.464819 7.03652
153 0.171668 0.785757 0.753335
153 0.641216 0.488244 0.753335
153 -0.380815 -0.414295 0.753335
153 0.33443 0.658266 0.753335
153 -0.383993 -0.190593 0.753335
153 -0.140848 0.668705 0.753335
153 -0.352645 -0.974486 0.753335
153 -0.798342 0.490111 7.03652
153 0.0997925 0.243903 0.753335
153 -0.534098 -0.0108203 0.753335
153 -0.245495 -0.175674 0.753335
153 0.0806091 0.643857 0.753335
153 -0.264016 0.327711 0.753335
153 -0.370984 -0.305299 0.753335
153 0.906888 -0.265426 7.03652
153 -0.924293 0.487084 0.753335
153 -0.59068 0.178017 7.03652
153 -0.297067 -0.527843 0.753335
153 -0.316801 -0.811726 0.753335
153 0.232066 0.197565 0.753335
153 0.717242 -0.70214 0.753335
153 -0.00799871 -0.484949 7.03652
153 -0.66863 -0.249198 0.753335
153 0.593252 0.522959 0.753335
153 -0.585043 0.793203 0.753335
153 0.801866 0.22667 0.753335
153 0.267585 0.116021 0.753335
153 0.0458778 0.115713 0.753335
153 -0.650391 0.262921 7.03652
153 -0.461936 0.015304 7.03652
153 0.106559 -0.0866037 7.03652
153 0.243932 -0.13533 0.753335
153 -0.364076 0.621107 0.753335
153 -0.386788 0.238471 7.03652
153 -0.262947 -0.790228 0.753335
153 0.770339 -0.546887 0.753335
153 -0.20519 -0.478343 7.03652
153 0.0515616 0.170736 0.753335
153 -0.228089 -0.287958 7.03652
153 -0.662751 0.0650547 0.753335
153 0.219748 0.0988146 7.03652
153 0.456701 0.138072 0.753335
153 -0.336963 -0.444443 7.03652
153 0.209861 0.833149 7.03652
153 0.15727 0.364943 7.03652
153 0.0861537 0.441759 0.753335
153 -0.314799 -0.114332 7.03652
153 -0.782301 0.436025 0.753335
153 0.80179 0.169285 0.753335
153 -0.255888 0.996645 0.753335
153 -0.0546276 0.451135 0.753335
153 0.0358597 0.862018 0.753335
153 0.24617 0.725753 0.753335
153 0.175959 -0.499966 0.753335
153 0.357584 0.56002 0.753335
153 -0.753315 0.382548 0.753335
153 0.600337 -0.0647476 0.753335
153 0.438162 0.445518 7.03652
153 -0.886814 -0.0510688 0.753335
153 0.791021 -0.0122282 0.753335
153 -0.414773 0.326541 0.753335
153 -0.0555842 -0.576678 0.753335
153 0.0987183 -0.933271 7.03652
153 -0.147563 0.294103 7.03652
153 -0.536895 0.490577 0.753335
153 -0.286402 0.758761 7.03652
153 -0.707527 -0.369783 0.753335
153 0.476627 -0.410094 0.753335
153 -0.376712 0.569895 0.753335
153 0.245289 -0.741544 0.753335
153 -0.0352669 0.405714 7.03652
153 0.395688 -0.36934 0.753335
153 -0.653127 -0.294892 7.03652
153 -0.261913 0.440685 7.03652
153 -0.192645 -0.250581 0.753335
153 -0.584384 0.470962 0.753335
153 0.196819 0.280928 7.03652
153 -0.148235 -0.447488 0.753335
153 -0.76632 -0.407109 7.03652
153 -0.297148 -0.582312 0.753335
153 -0.0538891 0.919195 0.753335
153 -0.0554753 0.814946 7.03652
153 -0.504214 0.348265 7.03652
153 0.567246 0.68027 0.753335
153 -0.0817287 0.867047 7.03652
153 0.702235 0.507332 0.753335
153 -0.937349 -0.0710855 0.753335
153 -0.440139 0.515203 0.753335
153 0.459098 -0.26227 7.03652
153 -0.37296 -0.841696 7.03652
153 0.616424 -0.1214 0.753335
153 -0.765508 -0.712325 7.03652
153 0.0342056 -0.963414 7.03652
153 -0.640389 -0.612641 7.03652
153 0.654833 -0.0825255 7.03652
153 -0.388249 0.426566 7.03652
153 -1.0474 0.0780111 0.753335
153 -0.0841049 -0.533567 0.753335
153 -0.418006 0.619404 0.753335
153 0.535822 0.440902 0.753335
153 0.213563 -0.290039 0.753335
153 -0.727246 0.431032 0.753335
153 0.348562 -0.781823 0.753335
153 -0.598135 0.35319 7.03652
153 0.151891 0.841881 0.753335
153 -0.200268 0.311475 7.03652
153 -0.765134 0.231304 0.753335
153 0.0913038 -0.814166 0.753335
153 -0.747446 -0.010251 0.753335
153 -0.896479 0.424774 0.753335
153 0.510025 0.685489 0.753335
153 -0.010555 -0.0208168 0.753335
153 -0.463814 -0.923281 7.03652
153 -0.274956 0.24527 0.753335
153 0.0304659 0.633777 7.03652
153 -0.722692 -0.258915 7.03652
153 -0.239291 0.283088 0.753335
153 -0.334836 0.670765 7.03652
153 0.0445615 -0.90841 7.03652
153 0.125642 0.0607149 7.03652
153 -0.55787 -0.344907 7.03652
153 -0.968474 -0.40471 7.03652
153 0.821735 -0.3355 0.753335
153 0.0390261 0.427189 0.753335
153 0.300217 -0.351127 0.753335
153 0.505752 -0.24241 7.03652
153 -0.631773 0.452491 7.03652
153 -0.417234 -0.330903 0.753335
153 0.707099 0.291755 7.03652
153 -0.189842 0.0397995 7.03652
153 0.323129 0.184464 0.753335
153 -0.294523 0.868801 0.753335
153 -0.315852 -0.700159 0.753335
153 0.304 -0.828159 0.753335
153 -0.941732 0.0478057 0.753335
153 0.965509 0.245574 7.03652
153 0.478916 0.814622 7.03652
153 0.126742 0.0128404 0.753335
153 0.912403 0.205864 0.753335
153 -0.487055 0.715369 7.03652
153 0.276221 -0.91704 7.03652
153 -0.962392 -0.24439 0.753335
153 0.28888 0.265322 0.753335
153 -0.37501 -0.360013 0.753335
153 -0.242203 0.894637 0.753335
153 0.272104 -0.644317 7.03652
153 0.500914 -0.815828 7.03652
153 0.151119 -0.169813 0.753335
153 0.058307 0.534044 0.753335
153 -0.116135 -0.39627 0.753335
153 -0.0448433 0.0138608 7.03652
153 -0.862969 0.00129715 0.753335
153 -0.586947 0.527016 7.03652
153 0.99612 0.0581237 7.03652
153 -0.457417 0.782252 7.03652
153 -0.264235 0.099473 0.753335
153 -0.185452 -0.00746483 0.753335
153 -0.924385 0.358946 0.753335
153 -0.238103 -0.338432 7.03652
153 -0.713698 -0.426454 0.753335
153 0.128471 -0.697722 7.03652
153 -0.535587 0.437323 7.03652
153 0.946643 -0.315693 7.03652
153 -0.283243 -0.367444 7.03652
153 0.0692504 -0.0524643 7.03652
153 0.711603 -0.343955 0.753335
153 -0.554761 -0.292882 7.03652
153 -0.223631 0.409639 0.753335
153 0.596359 0.144238 0.753335
153 0.515082 -0.608523 0.753335
153 -0.112094 -0.728974 0.753335
153 -0.154605 -0.135257 0.753335
153 0.347348 0.393311 0.753335
153 0.856956 0.193555 0.753335
153 -0.329413 0.450939 0.753335
153 0.159518 0.562507 7.03652
153 -0.677999 0.713729 7.03652
153 -0.551699 0.135924 0.753335
153 -0.560459 -0.0636114 0.753335
153 0.167083 -0.0192922 7.03652
153 0.684646 0.729055 0.753335
153 -0.785539 0.173105 0.753335
153 0.798141 -0.60427 0.753335
153 -0.952976 0.432188 7.03652
153 0.924178 -0.0277697 7.03652
153 -0.279039 0.0122629 0.753335
153 0.109854 0.292085 7.03652
153 -0.127799 0.191789 7.03652
153 0.0724991 0.320608 0.753335
153 0.838384 0.423209 7.03652
153 -0.395283 0.773549 0.753335
153 -0.219643 0.354123 0.753335
153 -0.633038 -0.208311 7.03652
153 0.112697 0.799188 0.753335
153 0.264142 0.066514 0.753335
153 -0.637829 -0.0261856 0.753335
153 -0.490893 0.206349 7.03652
153 -0.717979 -0.555689 0.753335
153 -0.327451 -0.339704 0.753335
153 0.383746 -0.937673 0.753335
153 -0.659198 -0.561963 7.03652
153 -0.146833 -0.22589 0.753335
153 -0.758508 0.63138 7.03652
153 0.331014 -0.151305 0.753335
153 0.598784 -0.245035 0.753335
153 -0.133016 -0.629155 7.03652
153 -0.23096 0.00251991 0.753335
153 -0.587634 0.414406 7.03652
153 -0.333477 0.730127 0.753335
153 -0.0636345 -0.914702 0.753335
153 -0.74102 -0.651365 7.03652
153 -0.396389 -0.572451 7.03652
153 -0.765559 -0.528122 0.753335
153 0.153509 -0.901833 0.753335
153 -0.0343298 0.172648 0.753335
153 -0.859774 0.262782 7.03652
153 0.783471 0.423549 0.753335
153 -0.111513 0.814844 7.03652
153 -0.29304 0.0621814 0.753335
153 0.14411 0.51114 7.03652
153 0.0949529 -0.551013 0.753335
153 0.217598 0.0495051 7.03652
153 -0.784965 0.330546 7.03652
153 0.0579668 -0.422054 0.753335
153 -0.00917146 -0.776291 7.03652
153 0.372407 0.203972 0.753335
153 0.134049 0.650133 7.03652
153 0.169543 0.945736 0.753335
153 0.402922 0.0690534 0.753335
153 0.357581 -0.839645 0.753335
153 -0.161893 -0.496724 0.753335
153 -0.1543 0.95781 0.753335
153 -0.844511 -0.249274 0.753335
153 -0.318796 0.165465 0.753335
153 -0.381517 0.0938373 7.03652
153 0.987349 0.127841 0.753335
153 0.430321 0.784256 7.03652
153 -0.890498 0.143607 7.03652
153 -0.301458 0.410442 0.753335
153 0.510065 0.210989 0.753335
153 0.709658 0.0545566 7.03652
153 0.213452 -0.000984409 0.753335
153 0.548329 0.558238 0.753335
153 0.423691 -0.414077 0.753335
153 -0.6161 0.621721 0.753335
153 0.144587 -0.456587 0.753335
153 -0.827664 0.0516894 0.753335
153 0.808085 0.479696 0.753335
153 -0.513473 0.0962651 0.753335
153 0.388149 -0.464542 0.753335
153 -0.661311 -0.401148 7.03652
153 0.254154 0.3974 7.03652
153 0.339314 -0.100127 0.753335
153 -0.227387 -0.887272 7.03652
153 0.522598 -0.512347 7.03652
153 -0.804982 0.10764 0.753335
153 -0.568311 0.280972 7.03652
153 -0.392378 0.668584 0.753335
153 -0.166171 -0.860986 7.03652
153 0.990575 -0.0636265 7.03652
153 0.652131 0.220642 7.03652
153 0.0388441 -0.47168 0.753335
153 0.518826 -0.133964 0.753335
153 -0.118542 -0.901026 7.03652
153 -0.378917 0.290316 7.03652
153 0.153409 0.314707 0.753335
153 0.0297322 -0.379003 0.753335
153 -0.687307 0.299401 7.03652
153 -0.0435519 -0.206787 0.753335
153 0.655877 0.274908 0.753335
153 -0.267818 -0.679264 0.753335
153 -0.506356 0.155233 0.753335
153 -0.66735 -0.797194 0.753335
153 0.0425366 -0.850006 0.753335
153 0.614549 -0.476815 7.03652
153 0.240667 -0.590254 0.753335
153 -0.563472 -0.398269 7.03652
153 0.14913 -0.550739 0.753335
153 -0.0941778 -0.441266 0.753335
153 -0.236389 0.485268 0.753335
153 -0.600588 0.125593 0.753335
153 0.64346 0.116254 0.753335
153 -0.313535 -0.755318 7.03652
153 0.370284 -0.418377 7.03652
153 -0.475302 -0.208628 0.753335
153 -0.778878 -0.160053 0.753335
153 -0.45933 -0.860154 7.03652
153 0.695422 -0.641007 7.03652
153 -0.749043 -0.113595 7.03652
153 -0.0563896 0.6422 7.03652
153 0.758965 -0.654282 0.753335
153 0.701157 0.561831 0.753335
153 -0.189667 -1.00446 0.753335
153 -0.581494 -0.20084 7.03652
153 0.865371 0.372029 0.753335
153 -0.369374 -0.246509 0.753335
153 -0.0942787 -0.215381 0.753335
153 0.022388 0.571833 0.753335
153 -0.609823 -0.071428 7.03652
153 0.0773253 -0.370984 0.753335
153 -0.776706 0.0353892 0.753335
153 -0.0777275 -0.636357 0.753335
153 0.442588 -0.461214 0.753335
153 -0.558631 0.0818874 0.753335
153 0.135706 0.161992 0.753335
153 0.653117 -0.334491 7.03652
153 0.35936 0.102001 0.753335
153 0.126229 -0.270004 7.03652
153 0.408065 0.584198 0.753335
153 -0.554616 0.329793 7.03652
153 0.197365 -0.152688 0.753335
153 -0.153171 0.42497 0.753335
153 0.749626 0.202522 0.753335
153 0.442575 -0.0149295 7.03652
153 0.543101 0.497795 0.753335
153 -0.197999 -0.534915 0.753335
153 0.474821 0.745913 0.753335
153 -0.637349 0.509521 0.753335
153 -0.978099 0.155601 0.753335
153 0.130314 0.749071 7.03652
153 0.0380755 0.0620423 7.03652
153 0.00549025 0.0292867 0.753335
153 -0.12957 0.520922 0.753335
153 0.0243602 -0.148899 0.753335
153 0.190981 0.230083 0.753335
153 0.239803 0.674746 7.03652
153 -0.0602606 -0.749225 0.753335
153 0.010651 1.02178 7.03652
153 0.456193 -0.604175 7.03652
153 -0.494994 0.402187 7.03652
153 -0.28038 -0.315069 0.753335
153 0.263693 -0.543415 0.753335
153 -0.731622 0.19055 0.753335
153 0.379898 0.820551 0.753335
153 0.372905 -0.184988 0.753335
153 0.716864 -0.0941712 0.753335
153 -0.0705775 -0.166046 7.03652
153 0.626394 -0.390303 7.03652
153 0.670523 0.390926 7.03652
153 -0.513558 -0.374069 0.753335
153 0.0953512 -0.873886 7.03652
153 -0.808168 -0.00733369 0.753335
153 -0.758922 0.0821409 0.753335
153 0.159198 -0.407753 0.753335
153 0.647541 -0.2777 7.03652
153 0.124413 -0.50507 0.753335
153 -0.877456 -0.573026 0.753335
153 -0.322065 0.979416 7.03652
153 0.115443 -0.132075 0.753335
153 0.600971 0.19993 0.753335
153 -0.382501 0.718275 7.03652
153 -0.29146 0.816262 7.03652
153 0.444473 0.498698 7.03652
153 0.0526053 0.222628 0.753335
153 0.319391 0.598491 0.753335
153 -0.30865 -0.027732 0.753335
153 -0.0425649 -0.343622 7.03652
153 0.379708 -0.134381 0.753335
153 0.193201 0.730292 7.03652
153 0.69867 -0.294764 7.03652
153 -0.0116775 -0.721314 7.03652
153 -0.409589 -0.00395342 7.03652
153 -0.810658 -0.203936 7.03652
153 -0.0868014 0.492712 7.03652
153 -0.454924 0.364007 0.753335
153 0.707128 -0.539875 0.753335
153 -0.694239 -0.205885 0.753335
153 0.224937 -0.239524 0.753335
153 0.0114434 0.513699 7.03652
153 0.0694619 0.910836 7.03652
153 0.309669 -0.3012 0.753335
153 -0.286478 0.533431 0.753335
153 0.647271 0.167652 0.753335
153 -0.499782 -0.631615 7.03652
153 0.543825 0.0701845 7.03652
153 0.670222 -0.582965 7.03652
153 -0.507973 -0.261852 0.753335
153 0.561643 0.290651 0.753335
153 -0.75203 -0.465571 7.03652
153 0.45073 0.616977 0.753335
153 0.896886 -0.438508 7.03652
153 0.814176 0.351953 0.753335
153 -0.447172 0.671875 7.03652
153 -0.190614 1.0089 0.753335
153 0.449604 -0.36463 0.753335
153 0.429071 0.850296 0.753335
153 -0.524549 -0.206999 0.753335
153 -0.518362 -0.838883 7.03652
153 0.502427 -0.359372 7.03652
153 -0.465759 -0.354887 7.03652
153 0.119882 0.600082 0.753335
153 -0.187856 -0.316558 0.753335
153 0.610127 0.642328 0.753335
153 -0.339967 0.0746129 0.753335
153 0.935055 -0.0856336 0.753335
153 0.530342 0.790196 7.03652
153 -0.79249 0.582818 0.753335
153 -0.421651 0.044934 0.753335
153 -0.492286 -0.520162 0.753335
153 0.623543 0.705148 7.03652
153 -0.653675 0.662342 7.03652
153 0.039948 -0.736793 0.753335
153 -0.706904 0.0947577 7.03652
153 -0.366909 -0.783751 0.753335
153 -0.264112 0.378901 0.753335
153 -0.86987 -0.461506 7.03652
153 -0.419551 -0.092448 7.03652
153 0.833211 0.0803672 7.03652
153 -0.387252 -0.466806 7.03652
153 -0.165439 -0.687021 0.753335
153 -0.565065 0.0328667 0.753335
153 0.201314 0.330783 0.753335
153 -0.388216 -0.0534649 0.753335
153 -0.225706 0.135575 0.753335
153 -0.117393 0.574437 7.03652
153 -0.755777 -0.352297 7.03652
153 -0.1647 0.611857 0.753335
153 0.285488 0.762279 0.753335
153 0.218517 -0.934955 0.753335
153 -0.384457 0.888104 7.03652
153 0.282561 -0.169191 7.03652
153 0.20952 -0.996143 0.753335
153 0.703333 0.234813 7.03652
153 0.850632 -0.28299 0.753335
153 0.368658 0.879502 7.03652
153 0.493001 0.000548081 0.753335
153 -0.929473 0.181892 0.753335
153 -0.54916 -0.604196 0.753335
153 -0.163116 -0.399857 0.753335
153 0.241882 -0.425682 7.03652
153 -0.803255 -0.105811 7.03652
153 -0.943013 -0.30025 7.03652
153 -0.321458 -0.869862 0.753335
153 -0.750385 -0.210326 0.753335
153 -0.187683 0.263872 0.753335
153 0.0225891 -0.625691 7.03652
153 -0.11149 -0.487923 7.03652
153 -0.818978 -0.302291 0.753335
153 -0.619456 -0.828494 7.03652
153 -0.51437 0.0368657 0.753335
153 -0.0885328 0.411387 0.753335
153 0.464507 -0.508862 0.753335
153 -0.617088 0.0249878 0.753335
153 0.163041 -0.305715 0.753335
153 0.302275 -0.0166758 7.03652
153 -0.70875 -0.499272 7.03652
153 0.711108 0.350363 0.753335
153 -0.637391 0.565019 7.03652
153 0.124266 -0.364559 0.753335
153 -0.568187 -0.71599 7.03652
153 0.320711 0.959113 0.753335
153 -0.538929 -0.495001 0.753335
153 0.17491 0.613236 7.03652
153 -0.402971 0.185228 0.753335
153 0.502643 -0.299546 7.03652
153 0.330124 0.794611 0.753335
153 -0.472081 -0.409588 7.03652
153 -0.0735016 -0.302038 0.753335
153 -0.821825 0.642281 0.753335
153 -0.464331 0.310613 7.03652
153 0.130778 0.11101 7.03652
153 0.407879 0.119942 0.753335
153 -0.660316 -0.163587 0.753335
153 -0.157534 -0.279285 0.753335
153 0.318353 -0.549185 0.753335
153 0.833447 -0.440897 0.753335
153 -0.657651 -0.345934 0.753335
153 0.291197 -0.117648 7.03652
153 -0.130653 -1.02031 0.753335
153 0.0958811 0.696255 0.753335
153 0.660595 0.331112 0.753335
153 0.250948 -0.0836898 0.753335
153 0.082791 -0.00716606 0.753335
153 -0.6351 0.390195 0.753335
153 0.537026 -0.662557 0.753335
153 -0.529632 0.242638 0.753335
153 0.87084 0.314376 0.753335
153 -0.603576 -0.311677 7.03652
153 0.490497 -0.557734 7.03652
153 0.81532 -0.0618004 0.753335
153 0.697024 -0.239244 7.03652
153 -0.0577385 1.02237 7.03652
153 -0.492471 0.907468 0.753335
153 -0.546798 0.382984 0.753335
153 0.599426 -0.347553 0.753335
153 0.694682 -0.184151 0.753335
153 -0.0680584 -1.02247 7.03652
153 0.503464 0.633696 7.03652
153 -0.235001 -0.0928477 0.753335
153 0.438229 -0.711427 0.753335
153 0.826604 -0.116932 0.753335
153 -0.135479 0.0406341 7.03652
153 -0.861017 0.0972814 0.753335
153 0.924915 0.362148 0.753335
153 -0.44473 -0.54421 0.753335
153 0.268278 0.450161 7.03652
153 0.772952 0.048359 7.03652
153 0.00222598 -0.575109 0.753335
153 0.763829 0.372309 0.753335
153 0.204852 -0.100615 7.03652
153 0.0769141 0.0385279 0.753335
153 -0.177438 0.123126 0.753335
153 -0.273608 0.146953 0.753335
153 0.867607 -0.495774 7.03652
153 -0.210974 -0.77155 7.03652
153 0.0488532 -1.02554 7.03652
153 -0.497194 -0.57509 0.753335
153 0.600002 0.582019 0.753335
153 0.133021 0.458038 0.753335
153 -0.249985 -1.00382 7.03652
153 0.0237327 0.308527 7.03652
153 -0.480477 -0.798941 0.753335
153 0.563717 -0.779829 7.03652
153 0.578446 0.406894 0.753335
153 -0.204965 -0.201737 7.03652
153 0.196947 0.523196 7.03652
153 0.31534 -0.251804 0.753335
153 -0.374978 0.0376137 7.03652
153 0.144546 -1.01468 7.03652
153 0.33852 0.286859 0.753335
153 0.399633 0.527088 7.03652
153 0.298788 0.366318 7.03652
153 -0.368144 -0.102101 0.753335
153 0.963793 -0.251189 0.753335
153 -0.0602089 -0.0356605 0.753335
153 0.85469 0.138799 0.753335
153 -0.0603366 -0.860187 0.753335
153 -0.112747 -0.841275 0.753335
153 0.167747 0.4187 0.753335
153 -0.183301 0.896739 0.753335
153 0.158749 -0.0700093 0.753335
153 0.496755 -0.462813 0.753335
153 0.754945 0.577746 7.03652
153 0.457015 0.679301 0.753335
153 -0.595171 0.851706 7.03652
153 0.181818 0.472523 0.753335
153 0.773699 0.6371 0.753335
153 -0.723968 0.585709 0.753335
153 0.506154 0.155946 0.753335
153 -0.559081 -0.244778 7.03652
153 -0.654004 -0.512988 7.03652
153 -0.774633 -0.0568135 0.753335
153 -0.514147 0.294117 0.753335
153 -0.514252 -0.0644518 7.03652
153 0.269781 -0.979351 7.03652
153 0.234305 0.486291 0.753335
153 0.447085 0.0353318 0.753335
153 0.74561 -0.266871 7.03652
153 0.225012 0.148301 7.03652
153 0.103197 -0.183011 7.03652
153 0.306452 0.542733 0.753335
153 0.371879 -0.5524 0.753335
153 0.030162 -0.679776 0.753335
153 -0.180334 0.386462 0.753335
153 0.36008 -0.283671 7.03652
153 0.253279 0.873873 0.753335
153 0.350098 0.000843544 0.753335
153 0.214427 -0.632688 0.753335
153 -0.707763 0.247998 7.03652
153 -0.083637 0.760947 0.753335
153 0.47475 0.302345 0.753335
153 0.39545 -0.879958 0.753335
153 -0.0252718 0.552594 0.753335
153 -0.249164 -0.45016 7.03652
153 0.393856 -0.0321449 0.753335
153 0.479351 0.360337 0.753335
153 -0.667207 -0.660037 0.753335
153 0.366101 -0.234462 7.03652
153 -0.469155 0.121876 7.03652
153 0.00796746 -0.335241 0.753335
153 0.270699 0.818847 7.03652
153 -0.0413175 -0.440261 0.753335
153 -0.411095 -0.277128 7.03652
153 -0.692039 0.37322 0.753335
153 -0.281955 -0.209449 7.03652
153 0.19571 -0.449884 0.753335
153 0.395598 -0.750135 0.753335
153 -0.213851 -0.828516 0.753335
153 -0.810472 -0.564434 0.753335
153 -0.545211 -0.66559 7.03652
153 -0.140825 0.770763 7.03652
153 0.497464 0.524647 7.03652
153 0.29779 -0.407135 0.753335
153 -0.716971 -0.759345 0.753335
153 -0.435458 0.72953 7.03652
153 -0.679923 0.205088 0.753335
153 -0.604811 0.690158 7.03652
153 0.64733 -0.221105 0.753335
153 0.555502 0.619228 0.753335
153 -0.326657 0.564392 0.753335
153 -0.427247 0.272972 7.03652
153 0.437066 -0.0656087 0.753335
153 0.0257356 -0.287106 7.03652
153 0.130563 0.900035 0.753335
153 0.991422 -0.00637297 0.753335
153 0.264836 -0.270626 7.03652
153 0.505192 -0.876218 0.753335
153 0.72254 0.412837 7.03652
153 0.528068 0.384246 0.753335
153 0.695056 0.118297 7.03652
153 -0.670606 0.0165888 7.03652
153 -0.808588 -0.360414 7.03652
153 0.159266 -0.117057 7.03652
153 0.527159 -0.418124 7.03652
153 0.55441 -0.718063 0.753335
153 0.0932769 -0.990945 7.03652
153 -0.766501 -0.599055 0.753335
153 0.448976 -0.844782 0.753335
153 -0.332585 -0.391254 7.03652
153 0.23722 -0.481731 7.03652
153 -0.0592799 -0.254206 0.753335
153 -0.0241034 -0.29482 0.753335
153 0.189716 0.667126 0.753335
153 0.792673 -0.165145 7.03652
153 -0.409665 -0.948264 0.753335
153 -0.437438 -0.176638 0.753335
153 0.38842 0.422138 7.03652
153 -0.0599345 -0.486803 0.753335
153 -0.0928253 -0.35163 7.03652
153 -0.858593 0.593128 0.753335
153 -0.277069 0.647392 0.753335
153 0.0274239 0.7611 7.03652
153 -0.247101 -0.506278 7.03652
153 0.0547397 -0.581204 0.753335
153 -0.121927 0.721325 0.753335
153 -0.801998 -0.662684 7.03652
153 0.331622 0.730466 7.03652
153 -0.0321084 0.0599535 0.753335
153 -0.864409 -0.104299 0.753335
153 -0.738161 0.72955 7.03652
153 -0.373973 0.473074 0.753335
153 0.772924 -0.442141 0.753335
153 0.478875 -0.654882 0.753335
153 0.859045 -0.0179342 0.753335
153 0.520946 0.326582 0.753335
153 -0.572037 -0.11325 7.03652
153 0.369995 -0.644159 0.753335
153 -0.604095 -0.156195 0.753335
153 -1.01617 0.262386 0.753335
153 0.34365 0.339392 7.03652
153 -0.145131 -0.960323 0.753335
153 0.239278 0.247482 0.753335
153 -0.393484 -0.681326 0.753335
153 -0.545284 -0.548583 0.753335
153 0.301088 0.906961 7.03652
153 0.59976 0.0877197 0.753335
153 0.885033 0.032828 0.753335
153 -0.199219 0.451718 7.03652
153 -0.235634 0.733766 0.753335
153 0.0059158 -0.198939 0.753335
153 -1.03933 0.139269 7.03652
153 -0.0232638 0.866502 7.03652
153 -0.241571 -0.395868 0.753335
153 -0.705679 -0.311091 7.03652
153 -0.996501 0.321752 7.03652
153 -0.402736 -0.140925 0.753335
153 0.711417 0.624697 0.753335
153 -0.440214 -0.703671 7.03652
153 -0.871859 0.20159 0.753335
153 -0.0141696 0.60805 0.753335
153 -0.201428 -0.428707 0.753335
153 -0.0796786 -0.0827118 7.03652
153 0.568825 -0.102693 7.03652
153 0.798574 -0.386754 7.03652
153 0.329067 -0.892353 7.03652
153 0.940333 0.0275279 0.753335
153 0.293681 0.693988 0.753335
153 -0.92189 -0.354896 0.753335
153 -0.109734 -0.261502 7.03652
153 -0.0654667 0.591013 0.753335
153 0.500356 0.104291 0.753335
153 0.585001 0.748338 0.753335
153 0.733771 -0.595351 7.03652
153 0.811714 0.292097 7.03652
153 -0.161533 -0.744636 0.753335
153 0.605332 0.255291 7.03652
153 0.590694 0.812412 7.03652
153 0.433593 0.334834 0.753335
153 -0.341975 0.786339 0.753335
153 -0.08657 -0.966306 7.03652
153 0.88851 0.0915929 0.753335
153 -0.676379 0.425475 0.753335
153 0.552845 0.177032 0.753335
153 -0.0672495 0.366431 0.753335
153 0.860083 -0.385924 0.753335
153 0.681236 -0.388944 0.753335
153 -0.908088 -0.413669 0.753335
153 0.0919538 -0.463035 0.753335
153 -0.210982 0.578426 0.753335
153 -0.428347 0.466581 7.03652
153 0.923953 -0.379296 7.03652
153 0.296398 0.490193 0.753335
153 -0.423478 -0.812666 0.753335
153 -0.43585 0.936417 7.03652
153 0.400177 -0.598812 0.753335
153 0.465356 -0.207727 0.753335
153 0.556956 0.233429 7.03652
153 -0.281903 -0.915106 0.753335
153 -0.669114 -0.457249 0.753335
153 -0.0299458 -0.618681 0.753335
153 -1.0501 0.0133508 0.753335
153 -0.035662 0.221387 7.03652
153 -0.00943699 -0.246781 0.753335
153 0.304322 0.418387 0.753335
153 0.234722 -0.187525 0.753335
153 0.745749 0.148234 0.753335
153 0.581749 -0.519399 0.753335
153 -0.60979 -0.256999 0.753335
153 0.946063 0.308297 0.753335
153 -0.0648793 -0.693929 0.753335
153 0.259486 -0.319672 0.753335
153 0.421254 0.223899 7.03652
153 -0.54352 0.19274 0.753335
153 -0.0756806 0.540394 0.753335
153 0.199874 -0.825315 0.753335
153 -0.67544 0.607631 7.03652
153 -0.615104 -0.475062 7.03652
153 0.111426 -0.596396 7.03652
153 -0.98636 0.0981019 0.753335
153 0.98809 -0.126364 0.753335
153 -0.831414 -0.0559857 0.753335
153 0.406542 -0.320647 7.03652
153 -0.0889179 0.679568 0.753335
153 -0.477168 0.256986 0.753335
153 -0.690076 -0.118171 0.753335
153 0.973069 0.18503 0.753335
153 0.0422143 -0.7918 0.753335
153 -0.718948 0.0389355 7.03652
153 0.854193 -0.22627 0.753335
153 -0.478873 0.834976 7.03652
153 0.139039 -0.220495 0.753335
153 0.447578 -0.909519 0.753335
153 -0.161668 0.0798244 0.753335
153 0.336165 -0.724083 0.753335
153 0.0017864 0.0927671 0.753335
153 -0.208003 -0.143715 7.03652
153 0.347627 -0.502599 0.753335
153 -0.313581 0.21635 0.753335
153 -0.0084263 -0.833448 0.753335
153 -0.213896 0.949679 0.753335
153 -0.893765 0.54155 0.753335
153 -0.618102 -0.691215 0.753335
153 -0.513434 0.76312 7.03652
153 0.652 -0.438963 0.753335
153 -0.518592 -0.899142 7.03652
153 0.373666 0.69481 0.753335
153 0.875441 -0.0689179 7.03652
153 0.00818765 0.91659 0.753335
153 -0.0887422 0.968791 0.753335
153 -0.654699 -0.735498 7.03652
153 -0.299501 -0.635907 0.753335
153 -0.251416 -0.557288 7.03652
153 0.490419 0.469889 0.753335
153 -0.726966 0.334219 0.753335
153 -0.495008 -0.160672 0.753335
153 -0.0598927 -0.804772 0.753335
153 0.976681 -0.191613 7.03652
153 0.190192 0.888245 0.753335
153 -0.499623 -0.693965 7.03652
153 0.391107 0.473808 0.753335
153 0.254997 0.531138 0.753335
153 0.307257 0.0337151 7.03652
153 0.321664 -0.661988 0.753335
153 -0.527989 -0.751863 0.753335
153 0.273897 0.165553 7.03652
153 -0.192161 0.767139 0.753335
153 -0.135692 -0.538765 0.753335
153 0.1946 -0.569314 0.753335
153 -0.130228 0.140396 0.753335
153 0.0402827 -0.23947 0.753335
153 -0.177863 -0.917103 0.753335
153 0.825371 0.0283347 7.03652
153 0.768164 0.523167 0.753335
153 0.146477 -0.847462 0.753335
153 -0.650918 0.335947 7.03652
153 0.813453 0.580483 7.03652
153 -0.862669 0.485165 7.03652
153 0.142585 -0.794336 0.753335
153 0.642284 -0.165099 7.03652
153 0.416629 -0.221527 0.753335
153 -0.906435 -0.235169 0.753335
153 -0.704322 -0.699934 0.753335
153 -0.439392 -0.491314 7.03652
153 -0.226943 -0.948907 0.753335
153 0.261865 -0.862487 0.753335
153 -0.229088 0.624015 0.753335
153 0.0784118 -0.695792 7.03652
153 -0.482901 0.45581 7.03652
153 -0.316372 0.115206 7.03652
153 0.612302 -0.733874 0.753335
153 -0.365564 0.347853 0.753335
153 -0.336306 -0.197335 7.03652
153 -0.342825 -0.497089 0.753335
153 0.0594628 0.806409 0.753335
153 -0.0180014 -0.386973 0.753335
153 0.545931 -0.0378334 7.03652
153 0.00434097 -0.105862 0.753335
153 0.282111 0.637537 7.03652
153 -0.111129 0.624964 7.03652
153 0.106597 0.549229 0.753335
153 0.345684 -0.0494497 0.753335
153 0.746578 -0.207384 0.753335
153 0.795922 -0.278107 7.03652
153 0.834684 -0.551564 7.03652
153 0.120894 -0.0395715 0.753335
153 -0.841324 0.322532 7.03652
153 -0.362478 0.141011 7.03652
153 -0.0656202 -0.395314 0.753335
153 -0.53481 0.546386 0.753335
153 -0.413032 0.137895 7.03652
153 -0.981643 -0.0181779 7.03652
153 0.591087 -0.0135875 7.03652
153 -0.213507 0.0864532 7.03652
153 0.905645 0.265877 0.753335
153 0.514952 0.267917 0.753335
153 -0.526763 0.60321 7.03652
153 0.21423 0.570926 0.753335
153 -0.422856 -0.385077 0.753335
153 -0.721813 -0.0698057 0.753335
153 0.0540862 -0.0979469 7.03652
153 -1.00821 -0.289634 7.03652
153 0.620905 -0.79629 7.03652
153 -0.909432 -0.516849 7.03652
153 0.00731789 0.251824 0.753335
153 0.569241 0.348824 0.753335
153 0.331132 0.23532 0.753335
153 -0.160297 0.341994 0.753335
153 0.1875 -0.205196 0.753335
153 0.469734 -0.15442 7.03652
153 -0.609109 -0.36616 7.03652
153 -0.804794 0.275216 0.753335
153 0.0253971 -0.530592 7.03652
153 -0.388878 0.520889 0.753335
153 -0.034584 0.12416 7.03652
153 0.435135 0.391882 7.03652
153 0.369465 0.618973 7.03652
153 -0.109342 0.333391 7.03652
153 0.508154 -0.759722 0.753335
153 -0.0526376 0.713004 7.03652
153 -0.161349 -0.80276 7.03652
153 0.00802409 0.392577 0.753335
153 0.598883 -0.189977 7.03652
153 0.410274 -0.271494 0.753335
153 -0.993755 -0.0748188 7.03652
153 -0.838645 0.433461 0.753335
153 0.744523 0.469063 0.753335
153 0.0378545 0.35572 0.753335
153 0.886315 -0.330138 7.03652
153 -0.847855 -0.51814 0.753335
153 0.354754 0.0514545 0.753335
153 -0.431824 -0.439469 0.753335
153 0.291658 -0.597128 7.03652
153 0.25458 -0.0339673 0.753335
153 0.281288 0.215394 0.753335
153 0.354138 -0.332611 0.753335
153 0.17359 -0.664166 0.753335
153 0.249711 0.346966 7.03652
153 0.286717 -0.704173 0.753335
153 -0.406437 -0.886017 0.753335
153 -0.0228554 -0.957332 0.753335
153 -0.393037 -0.519578 7.03652
153 0.292657 -0.50225 0.753335
153 -0.834771 0.154534 0.753335
153 0.641206 0.772164 0.753335
153 0.561587 -0.839223 0.753335
153 -0.333409 0.311185 0.753335
153 0.233611 0.928949 7.03652
153 0.39821 0.0184186 7.03652
153 0.341096 -0.601084 7.03652
153 -0.313925 0.614719 0.753335
153 -0.593438 -0.640264 0.753335
153 0.106399 0.957684 0.753335
153 0.422967 0.72154 0.753335
153 0.0444416 0.689673 0.753335
153 0.20425 0.993775 0.753335
153 -0.110816 -0.783467 7.03652
153 -0.261941 -0.129444 0.753335
153 0.451207 0.554428 0.753335
153 -0.149135 -0.350527 0.753335
153 0.931429 -0.150593 0.753335
153 0.205027 0.381373 0.753335
153 0.323177 -0.201901 0.753335
153 0.0451815 0.478153 0.753335
153 0.484335 0.41578 0.753335
153 0.48543 0.880552 0.753335
153 -0.0121078 0.666807 0.753335
153 -0.338151 0.257166 0.753335
153 -0.921473 -0.176785 0.753335
153 -0.284119 -0.0786635 7.03652
153 0.0897151 -0.231639 7.03652
153 -0.240009 -0.235029 7.03652
153 -0.116518 0.0927944 7.03652
153 -0.574762 -0.866259 7.03652
153 -0.520106 -0.430852 0.753335
153 -0.472741 -0.746623 7.03652
153 -0.177131 0.821903 0.753335
153 0.171837 0.0317647 0.753335
153 -0.971307 0.22355 0.753335
153 -0.779964 0.689391 7.03652
153 0.883119 -0.124795 0.753335
153 0.250739 -0.802615 0.753335
153 0.17261 0.0808558 0.753335
153 0.546012 -0.32675 0.753335
153 -0.220144 -0.663756 7.03652
153 -0.348459 0.39609 0.753335
153 -0.115154 -0.676877 0.753335
153 0.0847702 0.0881587 7.03652
153 -0.12251 -0.311478 0.753335
153 0.108833 -0.414687 0.753335
153 0.183012 0.18063 0.753335
153 -0.210883 -0.586668 0.753335
153 0.495936 0.0517204 7.03652
153 -0.240225 0.793278 7.03652
153 0.680128 -0.487555 0.753335
153 0.632763 0.0249878 0.753335
153 0.295088 -0.766502 0.753335
153 -0.646008 0.810827 7.03652
153 0.903973 0.422729 7.03652
153 0.00725235 -0.431052 7.03652
153 -0.0999467 0.282445 0.753335
153 0.565562 -0.155048 0.753335
153 0.141849 1.00695 0.753335
153 -1.03467 -0.166154 0.753335
153 -0.585364 -0.0180798 7.03652
153 -0.320292 -0.241742 7.03652
153 -0.136549 0.243869 0.753335
153 0.0913033 -0.754529 7.03652
153 -0.633532 -0.115954 7.03652
153 -0.0222486 -0.15724 0.753335
153 -0.189437 0.658365 0.753335
153 0.347227 0.505253 0.753335
153 -0.310216 0.355313 0.753335
153 0.316163 0.134078 0.753335
153 -0.293377 -0.475511 0.753335
153 -0.868585 0.37333 0.753335
153 -0.0866659 0.0477855 7.03652
153 -0.696346 0.14905 0.753335
153 0.754145 -0.0526205 0.753335
