116 -0.900711 0.309556 0.753335
116 0.65582 -0.687078 0.753335
116 -0.447876 -0.595739 7.03652
116 -0.410638 0.823228 0.753335
116 -0.260457 -0.0359541 0.753335
116 -1.04719 -0.0442965 7.03652
116 -0.858727 -0.390149 0.753335
116 -0.428391 0.566525 0.753335
116 0.00830781 0.146365 0.753335
116 0.741846 -0.493086 0.753335
116 0.0739553 0.391589 7.03652
116 -0.0228299 0.971562 0.753335
116 -0.43695 0.877795 7.03652
116 -0.335909 -0.0655785 0.753335
116 -0.115561 0.456237 7.03652
116 0.421569 -0.170828 0.753335
116 0.458294 -0.316487 7.03652
116 -1.02628 -0.22854 7.03652
116 -0.972961 -0.129207 0.753335
116 -0.279742 0.938064 0.753335
116 0.0942138 0.19509 7.03652
116 -0.83508 -0.15183 7.03652
116 -0.170776 0.169655 0.753335
116 -0.75269 0.285124 7.03652
116 0.948196 0.0910509 0.753335
116 0.431509 0.911151 0.753335
116 -0.190201 0.519692 7.03652
116 -0.868363 -0.190823 0.753335
116 -0.176556 0.215957 0.753335
116 -0.712123 0.660248 0.753335
116 0.0690818 -0.512913 0.753335
116 0.0525144 -0.189738 7.03652
116 -0.093495 -0.00119092 7.03652
116 -0.141009 -0.00455231 7.03652
116 -0.382665 0.9533 0.753335
116 -0.577853 0.581795 0.753335
116 0.0614122 -0.3246 7.03652
116 -0.0670655 0.0901929 7.03652
116 -0.601206 -0.762732 0.753335
116 0.754714 0.258491 0.753335
116 -0.351781 -0.914881 0.753335
116 0.158221 -0.955411 0.753335
116 -0.684866 0.482799 7.03652
116 0.215022 -0.341641 0.753335
116 0.633586 -0.627414 7.03652
116 -0.117645 0.91662 7.03652
116 0.666854 0.665517 0.753335
116 -0.0266416 -0.0704723 7.03652
116 0.735944 0.000796953 7.03652
116 0.147958 -0.74085 0.753335
116 0.607991 0.311288 0.753335
116 -0.609596 0.0757123 0.753335
116 -0.782633 -0.256066 7.03652
116 0.431146 -0.554234 7.03652
116 0.0677899 0.592612 0.753335
116 0.0944103 0.855288 0.753335
116 -0.507893 -0.317224 7.03652
116 0.528663 0.735501 0.753335
116 0.428163 -0.118779 0.753335
116 -0.61475 0.295035 0.753335
116 -0.346207 -0.656406 0.753335
116 -0.336236 0.510583 7.03652
116 -0.350971 0.839131 7.03652
116 0.67185 -0.748902 0.753335
116 -0.358612 0.199763 0.753335
116 -0.455485 -0.128956 7.03652
116 0.271935 -0.221329 7.03652
116 0.204581 -0.392882 0.753335
116 0.523975 -0.0828453 0.753335
116 0.0713878 -0.140715 0.753335
116 0.318846 0.853654 0.753335
116 -0.299926 -0.971997 0.753335
116 -0.914445 0.242245 0.753335
116 -0.0290591 0.765948 7.03652
116 0.088125 0.140795 0.753335
116 -0.249208 -0.618579 7.03652
116 0.548938 -0.271701 0.753335
116 0.409264 0.654108 0.753335
116 0.264999 0.976698 0.753335
116 -0.952447 0.287007 0.753335
116 -0.227355 0.844416 7.03652
116 0.469493 0.243986 7.03652
116 -0.029268 -0.533269 0.753335
116 -0.565138 -0.452684 7.03652
116 0.311073 0.0836696 0.753335
116 -0.865314 -0.3347 0.753335
116 0.26087 0.0157936 7.03652
116 -0.481491 0.56292 7.03652
116 0.796664 -0.219661 0.753335
116 -0.00694413 -0.894792 0.753335
116 0.332265 -0.455343 0.753335
116 -0.213926 -0.0496097 0.753335
116 -0.290444 0.697862 7.03652
116 0.39041 0.311196 0.753335
116 0.256965 -0.37591 0.753335
116 0.283095 -0.453424 0.753335
116 0.772906 -0.108011 7.03652
116 0.199056 -0.766112 7.03652
116 -0.752353 0.133981 0.753335
116 0.193566 -0.709175 0.753335
116 0.042531 0.967092 7.03652
116 0.712225 -0.440547 0.753335
116 0.765442 -0.328188 0.753335
116 -0.439218 0.221235 0.753335
116 0.21631 -0.52008 0.753335
116 -0.289365 -0.420329 7.03652
116 -0.24399 0.0507314 7.03652
116 0.644364 -0.0301679 7.03652
116 0.228227 0.623351 0.753335
116 -0.439359 -0.041638 0.753335
116 0.49174 -0.707754 0.753335
116 -0.275641 -0.265388 7.03652
116 0.000442618 0.716104 0.753335
116 -0.0180568 0.296776 0.753335
116 0.208153 -0.874663 0.753335
116 0.333576 0.448719 0.753335
116 -0.504624 0.660542 0.753335
116 0.757748 0.314697 0.753335
116 0.553239 -0.467469 7.03652
116 -0.563595 0.645924 0.753335
116 -0.0215838 -0.668494 0.753335
116 0.573565 -0.61632 0.753335
116 -0.163434 0.563819 0.753335
116 -0.0532107 0.266072 7.03652
116 -0.210248 -0.719387 7.03652
116 -0.759901 -0.305505 7.03652
116 -0.115428 -0.176086 0.753335
116 -0.490316 0.50709 7.03652
116 -0.542794 0.871451 7.03652
116 -0.190267 -0.100423 0.753335
116 0.596607 -0.672934 0.753335
116 -0.136938 -0.0935797 0.753335
116 -0.646575 0.167004 0.753335
116 -0.013298 -1.01741 7.03652
116 -0.924623 -0.00962616 7.03652
116 0.150237 0.259428 7.03652
116 -0.0891464 0.230307 0.753335
116 0.850173 0.251717 0.753335
116 0.726614 0.687856 0.753335
116 0.30075 0.311567 0.753335
116 0.168243 -0.35295 0.753335
116 -0.448949 -0.650721 7.03652
116 -0.431997 0.0919039 7.03652
116 -0.160371 -0.580906 7.03652
116 0.0738357 0.744945 0.753335
116 -0.614687 -0.423305 0.753335
116 0.84567 0.524385 0.753335
116 -0.996897 0.0376799 7.03652
116 -0.695797 0.774611 7.03652
116 0.513372 -0.186385 0.753335
116 0.680908 -0.130699 7.03652
116 -0.0863491 0.137884 0.753335
116 -0.469281 -0.0822953 0.753335
116 0.26873 0.582381 0.753335
116 0.552242 -0.215935 7.03652
116 -0.0170544 0.350533 0.753335
116 -0.102224 -0.128292 7.03652
116 0.375593 0.935117 7.03652
116 0.250892 0.300472 0.753335
116 -0.268873 0.586353 0.753335
116 -0.115633 -0.0471334 7.03652
116 -0.106254 -0.587758 0.753335
116 0.80507 -0.495817 7.03652
116 -0.737874 0.484716 0.753335
116 0.402653 -0.511963 7.03652
116 0.587776 -0.427824 0.753335
116 -0.0611405 0.319996 7.03652
116 0.119654 -0.645333 0.753335
116 -0.048597 -0.113945 7.03652
116 0.540986 0.0102978 0.753335
116 0.698258 -0.0447837 0.753335
116 0.239913 -0.685508 7.03652
116 0.214695 0.436468 0.753335
116 -0.928106 0.104289 0.753335
116 -0.546652 -0.158284 7.03652
116 -0.141418 0.864537 0.753335
116 0.0761908 -0.276903 0.753335
116 0.323997 -0.957985 0.753335
116 -0.978487 -0.187147 7.03652
116 -0.261584 -0.733063 0.753335
116 0.630916 0.429206 7.03652
116 -0.666261 -0.0716487 0.753335
116 0.00971954 0.201129 0.753335
116 -0.688095 0.539855 0.753335
116 -0.976367 0.376977 7.03652
116 -0.520874 0.812244 7.03652
116 -0.475316 0.0643209 7.03652
116 -0.827947 0.539969 7.03652
116 0.0780019 1.01639 7.03652
116 -0.63153 0.218939 0.753335
116 -0.556224 -0.797269 0.753335
116 0.682084 0.00893944 0.753335
116 -0.326233 -0.287851 0.753335
116 0.024581 -0.0551791 0.753335
116 -0.578388 0.744311 0.753335
116 0.745951 0.0931454 0.753335
116 -0.486876 -0.0242572 7.03652
116 0.642605 -0.529216 0.753335
116 0.59694 -0.297057 0.753335
116 -0.515841 -0.115004 7.03652
116 -1.02934 0.198927 7.03652
116 0.909693 -0.20479 0.753335
116 0.344143 -0.378534 0.753335
116 -0.16572 -0.0550006 0.753335
116 -0.349044 -0.601803 7.03652
116 -0.00371446 0.453307 0.753335
116 0.450143 0.0865089 0.753335
116 0.43154 0.279546 0.753335
116 -0.404833 0.378057 0.753335
116 0.454482 -0.76709 0.753335
116 -0.239774 0.535236 0.753335
116 -0.161213 0.480352 0.753335
116 0.588299 0.465463 0.753335
116 -0.818762 0.218959 7.03652
116 0.0376578 -0.00367073 7.03652
116 0.537166 0.851042 7.03652
116 -0.295115 -0.161505 0.753335
116 -0.455519 0.171502 0.753335
116 0.0938494 0.497513 0.753335
116 -0.0339708 0.497283 0.753335
116 -0.54306 0.700347 0.753335
116 0.659902 0.0692569 7.03652
116 0.854928 -0.169756 0.753335
116 -0.703208 -0.607624 7.03652
116 -0.488657 -0.467248 0.753335
116 0.150454 0.703821 0.753335
116 0.363904 0.153248 7.03652
116 0.559779 -0.379793 0.753335
116 0.697473 0.174448 0.753335
116 -0.186351 -0.631026 0.753335
116 -0.749795 0.537155 0.753335
116 0.0709589 -0.635946 0.753335
116 -0.457464 -0.253437 0.753335
116 -0.359999 -0.0138843 0.753335
116 -0.413174 -0.753317 0.753335
116 -0.888481 0.0488952 0.753335
116 -0.597951 -0.526475 7.03652
116 -0.59839 -0.579076 7.03652
116 0.376742 0.756996 7.03652
116 -0.227247 0.231171 7.03652
116 0.112285 -0.316448 0.753335
116 -0.472318 0.616714 0.753335
116 -0.128265 1.01691 7.03652
116 0.650719 0.544619 0.753335
116 0.124567 0.398817 0.753335
116 -1.04404 -0.107431 0.753335
116 0.743713 -0.391801 0.753335
116 0.682904 0.453199 7.03652
116 -0.909669 -0.125784 0.753335
116 0.548322 -0.561986 0.753335
116 -0.293333 0.290749 7.03652
116 -0.810665 0.383973 0.753335
116 0.299045 -0.0679218 0.753335
116 -0.885424 -0.28559 7.03652
116 -0.460478 -0.302189 7.03652
116 0.475726 -0.101565 0.753335
116 0.2279 0.778797 0.753335
116 0.384514 0.256056 7.03652
116 0.875445 0.472084 0.753335
116 -0.348095 -0.147933 0.753335
116 0.607762 -0.571542 7.03652
116 0.412573 -0.806508 7.03652
116 -0.219053 0.181822 0.753335
116 -0.124031 0.379816 7.03652
116 0.00322134 0.81542 7.03652
116 0.139249 0.212918 0.753335
116 0.389444 -0.0831321 0.753335
116 0.425808 -0.653734 7.03652
116 -0.16105 -0.184475 0.753335
116 -0.653404 0.115331 0.753335
116 -0.268926 -0.849026 7.03652
116 -0.363158 -0.724976 0.753335
116 0.175458 -0.256224 0.753335
116 -0.398431 -0.625303 7.03652
116 -0.586152 0.235206 0.753335
116 -0.332531 0.91155 7.03652
116 0.918545 0.151993 0.753335
116 0.176171 0.133196 7.03652
116 -0.174577 0.716325 7.03652
116 -0.347272 -0.549134 0.753335
116 -0.698296 -0.025034 0.753335
116 -0.443344 0.417125 7.03652
116 -0.239034 0.682214 7.03652
116 0.413229 0.171283 0.753335
116 0.738539 -0.152052 7.03652
116 -0.71987 -0.162722 0.753335
116 0.657036 0.602191 0.753335
116 -0.0792065 0.183645 7.03652
116 0.390958 0.367538 0.753335
116 0.796913 0.110441 7.03652
116 0.168022 -0.606916 0.753335
116 -0.803646 -0.481721 0.753335
116 0.463345 0.188299 7.03652
116 -0.200324 -0.368267 0.753335
116 -0.987798 -0.345951 7.03652
116 -0.820379 -0.428759 7.03652
116 -0.635197 0.747201 0.753335
116 0.490074 -0.046456 7.03652
116 0.584057 0.0413675 0.753335
116 -0.286385 0.484492 0.753335
116 -0.838464 -0.620278 0.753335
116 0.61948 0.370156 7.03652
116 0.0519678 0.268656 0.753335
116 0.499593 0.581385 0.753335
116 -0.266499 0.195097 0.753335
116 0.10256 0.349821 0.753335
116 -0.328325 0.0240655 7.03652
116 0.378317 -0.696365 7.03652
116 0.208228 -0.05007 0.753335
116 0.552654 0.116201 0.753335
116 -0.416181 -0.223497 0.753335
116 -0.940461 -0.464718 7.03652
116 0.171958 0.783284 0.753335
116 0.640473 0.489186 0.753335
116 -0.380053 -0.413888 0.753335
116 0.335048 0.654473 0.753335
116 -0.381642 -0.189877 0.753335
116 -0.140693 0.667841 0.753335
116 -0.356184 -0.973218 0.753335
116 -0.79637 0.494259 7.03652
116 0.0987927 0.249093 0.753335
116 -0.534438 -0.011402 0.753335
116 -0.242957 -0.178038 0.753335
116 0.0796514 0.644262 0.753335
116 -0.261755 0.327209 0.753335
116 -0.370519 -0.304909 0.753335
116 0.90605 -0.264695 7.03652
116 -0.923609 0.487225 0.753335
116 -0.593934 0.178285 7.03652
116 -0.297994 -0.527772 0.753335
116 -0.31674 -0.811875 0.753335
116 0.230509 0.198178 0.753335
116 0.717305 -0.701948 0.753335
116 -0.00763136 -0.487194 7.03652
116 -0.667881 -0.250107 0.753335
116 0.594904 0.524755 0.753335
116 -0.577633 0.79879 0.753335
116 0.800704 0.225132 0.753335
116 0.266611 0.115267 0.753335
116 0.0434605 0.113989 0.753335
116 -0.653481 0.263031 7.03652
116 -0.462616 0.0144771 7.03652
116 0.109895 -0.0843648 7.03652
116 0.243248 -0.135827 0.753335
116 -0.368079 0.616772 0.753335
116 -0.388151 0.239483 7.03652
116 -0.262892 -0.79017 0.753335
116 0.770886 -0.547201 0.753335
116 -0.205091 -0.478832 7.03652
116 0.050255 0.169745 0.753335
116 -0.229485 -0.288166 7.03652
116 -0.662731 0.064739 0.753335
116 0.219031 0.099943 7.03652
116 0.456347 0.137337 0.753335
116 -0.33635 -0.444433 7.03652
116 0.209681 0.831751 7.03652
116 0.150951 0.354934 7.03652
116 0.0900487 0.440753 0.753335
116 -0.311195 -0.11438 7.03652
116 -0.783263 0.438652 0.753335
116 0.80241 0.167292 0.753335
116 -0.259212 0.996279 0.753335
116 -0.0554105 0.45038 0.753335
116 0.0368415 0.862553 0.753335
116 0.250643 0.726468 0.753335
116 0.173656 -0.497654 0.753335
116 0.358717 0.557568 0.753335
116 -0.753242 0.381338 0.753335
116 0.602582 -0.0646072 0.753335
116 0.436293 0.446422 7.03652
116 -0.886798 -0.0535552 0.753335
116 0.791176 -0.0120258 0.753335
116 -0.414973 0.326111 0.753335
116 -0.0564601 -0.577576 0.753335
116 0.0995172 -0.936173 7.03652
116 -0.147137 0.292858 7.03652
116 -0.537951 0.490352 0.753335
116 -0.282048 0.755161 7.03652
116 -0.706352 -0.367774 0.753335
116 0.475423 -0.41136 0.753335
116 -0.376242 0.563976 0.753335
116 0.247111 -0.742883 0.753335
116 -0.0344994 0.405471 7.03652
116 0.397818 -0.368703 0.753335
116 -0.650488 -0.294807 7.03652
116 -0.260929 0.441509 7.03652
116 -0.1914 -0.253783 0.753335
116 -0.585257 0.469296 0.753335
116 0.204526 0.281462 7.03652
116 -0.147493 -0.446588 0.753335
116 -0.769337 -0.410764 7.03652
116 -0.298645 -0.582041 0.753335
116 -0.0536693 0.920905 0.753335
116 -0.0542463 0.816769 7.03652
116 -0.503454 0.347782 7.03652
116 0.568104 0.680337 0.753335
116 -0.0808819 0.868896 7.03652
116 0.701501 0.507985 0.753335
116 -0.937093 -0.0735054 0.753335
116 -0.44179 0.514993 0.753335
116 0.458339 -0.263474 7.03652
116 -0.373951 -0.840526 7.03652
116 0.616755 -0.121086 0.753335
116 -0.764995 -0.712217 7.03652
116 0.0353623 -0.963714 7.03652
116 -0.641539 -0.612004 7.03652
116 0.656222 -0.0832672 7.03652
116 -0.388317 0.425128 7.03652
116 -1.04731 0.0789327 0.753335
116 -0.0854176 -0.53518 0.753335
116 -0.420651 0.618215 0.753335
116 0.536022 0.442652 0.753335
116 0.213299 -0.291728 0.753335
116 -0.728768 0.428731 0.753335
116 0.350576 -0.785133 0.753335
116 -0.596139 0.353155 7.03652
116 0.152743 0.840832 0.753335
116 -0.199636 0.310495 7.03652
116 -0.764308 0.23126 0.753335
116 0.0913368 -0.815175 0.753335
116 -0.748142 -0.0102574 0.753335
116 -0.896521 0.426222 0.753335
116 0.511902 0.685391 0.753335
116 -0.0103974 -0.0225522 0.753335
116 -0.465631 -0.920984 7.03652
116 -0.275983 0.246675 0.753335
116 0.0287873 0.635826 7.03652
116 -0.722463 -0.260063 7.03652
116 -0.238806 0.281864 0.753335
116 -0.33724 0.66938 7.03652
116 0.0459444 -0.909058 7.03652
116 0.124979 0.0625539 7.03652
116 -0.556689 -0.34448 7.03652
116 -0.968896 -0.403613 7.03652
116 0.82285 -0.334038 0.753335
116 0.0393929 0.429088 0.753335
116 0.301758 -0.351744 0.753335
116 0.504825 -0.243139 7.03652
116 -0.633094 0.450674 7.03652
116 -0.416763 -0.330317 0.753335
116 0.705284 0.289178 7.03652
116 -0.189177 0.040551 7.03652
116 0.32253 0.184271 0.753335
116 -0.295782 0.867434 0.753335
116 -0.314394 -0.699453 0.753335
116 0.307005 -0.830876 0.753335
116 -0.941839 0.0460194 0.753335
116 0.963802 0.246914 7.03652
116 0.477881 0.812087 7.03652
116 0.127286 0.0154035 0.753335
116 0.910642 0.210727 0.753335
116 -0.483108 0.716354 7.03652
116 0.274491 -0.91656 7.03652
116 -0.962496 -0.244414 0.753335
116 0.290438 0.26318 0.753335
116 -0.374537 -0.359614 0.753335
116 -0.243582 0.894049 0.753335
116 0.275214 -0.644158 7.03652
116 0.498188 -0.815156 7.03652
116 0.15049 -0.168867 0.753335
116 0.0568332 0.535329 0.753335
116 -0.116107 -0.393975 0.753335
116 -0.0456911 0.0103566 7.03652
116 -0.86416 -0.000459769 0.753335
116 -0.585476 0.526269 7.03652
116 0.997235 0.0556946 7.03652
116 -0.458165 0.781505 7.03652
116 -0.265563 0.100164 0.753335
116 -0.185633 -0.00759578 0.753335
116 -0.923163 0.361148 0.753335
116 -0.23903 -0.339303 7.03652
116 -0.714346 -0.424195 0.753335
116 0.127152 -0.696772 7.03652
116 -0.534756 0.437731 7.03652
116 0.946488 -0.315499 7.03652
116 -0.283314 -0.367539 7.03652
116 0.0720935 -0.0505718 7.03652
116 0.714453 -0.345564 0.753335
116 -0.553538 -0.291841 7.03652
116 -0.224531 0.407961 0.753335
116 0.596582 0.142884 0.753335
116 0.515049 -0.607013 0.753335
116 -0.111903 -0.729833 0.753335
116 -0.155587 -0.137744 0.753335
116 0.343934 0.394427 0.753335
116 0.856404 0.194056 0.753335
116 -0.325082 0.451414 0.753335
116 0.160255 0.564245 7.03652
116 -0.681146 0.712146 7.03652
116 -0.553357 0.135156 0.753335
116 -0.561169 -0.0626071 0.753335
116 0.168497 -0.0165701 7.03652
116 0.682569 0.730894 0.753335
116 -0.786697 0.173433 0.753335
116 0.798488 -0.604128 0.753335
116 -0.953465 0.432555 7.03652
116 0.923558 -0.0266174 7.03652
116 -0.279601 0.0134991 0.753335
116 0.116521 0.297413 7.03652
116 -0.126227 0.190121 7.03652
116 0.0727257 0.311763 0.753335
116 0.835862 0.422821 7.03652
116 -0.392196 0.773565 0.753335
116 -0.217629 0.353954 0.753335
116 -0.631752 -0.209343 7.03652
116 0.113324 0.799782 0.753335
116 0.264376 0.0659234 0.753335
116 -0.638502 -0.0268379 0.753335
116 -0.49344 0.205454 7.03652
116 -0.719801 -0.555158 0.753335
116 -0.327169 -0.339262 0.753335
116 0.380806 -0.940234 0.753335
116 -0.660075 -0.560774 7.03652
116 -0.14568 -0.23048 0.753335
116 -0.759369 0.631651 7.03652
116 0.33014 -0.152041 0.753335
116 0.598684 -0.244651 0.753335
116 -0.135747 -0.631235 7.03652
116 -0.230468 0.00435241 0.753335
116 -0.586968 0.413547 7.03652
116 -0.332152 0.73189 0.753335
116 -0.0629205 -0.914895 0.753335
116 -0.740107 -0.652469 7.03652
116 -0.397815 -0.570635 7.03652
116 -0.7674 -0.527584 0.753335
116 0.154981 -0.900257 0.753335
116 -0.033118 0.173812 0.753335
116 -0.862158 0.263264 7.03652
116 0.781043 0.423583 0.753335
116 -0.110819 0.817166 7.03652
116 -0.294337 0.0631188 0.753335
116 0.144527 0.51492 7.03652
116 0.095762 -0.552672 0.753335
116 0.217969 0.0508914 7.03652
116 -0.78903 0.331977 7.03652
116 0.0567139 -0.422018 0.753335
116 -0.00875297 -0.777044 7.03652
116 0.372425 0.204583 0.753335
116 0.133294 0.652038 7.03652
116 0.169713 0.945586 0.753335
116 0.401369 0.069402 0.753335
116 0.363506 -0.840166 0.753335
116 -0.160788 -0.4953 0.753335
116 -0.156089 0.957967 0.753335
116 -0.843133 -0.24854 0.753335
116 -0.321275 0.166404 0.753335
116 -0.383131 0.0947974 7.03652
116 0.98822 0.130549 0.753335
116 0.428973 0.78163 7.03652
116 -0.890559 0.143663 7.03652
116 -0.299992 0.409468 0.753335
116 0.510033 0.208385 0.753335
116 0.710542 0.0541084 7.03652
116 0.214363 0.000585683 0.753335
116 0.548952 0.55948 0.753335
116 0.421819 -0.414334 0.753335
116 -0.613788 0.622101 0.753335
116 0.142394 -0.455064 0.753335
116 -0.82896 0.0504513 0.753335
116 0.807025 0.479611 0.753335
116 -0.514322 0.09552 0.753335
116 0.387821 -0.465267 0.753335
116 -0.661381 -0.400968 7.03652
116 0.243054 0.396754 7.03652
116 0.339791 -0.101084 0.753335
116 -0.228497 -0.888211 7.03652
116 0.520793 -0.511445 7.03652
116 -0.805413 0.105598 0.753335
116 -0.568322 0.28168 7.03652
116 -0.393436 0.666763 0.753335
116 -0.165845 -0.862127 7.03652
116 0.991541 -0.0657472 7.03652
116 0.650117 0.221451 7.03652
116 0.0391586 -0.473219 0.753335
116 0.518845 -0.135162 0.753335
116 -0.118314 -0.902003 7.03652
116 -0.379863 0.29033 7.03652
116 0.163317 0.308144 0.753335
116 0.0282547 -0.379263 0.753335
116 -0.686481 0.303443 7.03652
116 -0.0455994 -0.205441 0.753335
116 0.653656 0.274657 0.753335
116 -0.267298 -0.677701 0.753335
116 -0.508298 0.154817 0.753335
116 -0.667395 -0.799223 0.753335
116 0.043876 -0.850851 0.753335
116 0.615037 -0.477624 7.03652
116 0.237863 -0.594167 0.753335
116 -0.563899 -0.397447 7.03652
116 0.150446 -0.549459 0.753335
116 -0.0948769 -0.440974 0.753335
116 -0.231944 0.485265 0.753335
116 -0.602235 0.126768 0.753335
116 0.645663 0.118442 0.753335
116 -0.31251 -0.755238 7.03652
116 0.368314 -0.419104 7.03652
116 -0.473721 -0.20803 0.753335
116 -0.777216 -0.161215 0.753335
116 -0.458287 -0.858187 7.03652
116 0.69507 -0.640961 7.03652
116 -0.747682 -0.114796 7.03652
116 -0.0593102 0.639868 7.03652
116 0.75901 -0.654251 0.753335
116 0.708063 0.562091 0.753335
116 -0.191518 -1.00439 0.753335
116 -0.580697 -0.200238 7.03652
116 0.862803 0.37286 0.753335
116 -0.36899 -0.245575 0.753335
116 -0.0948441 -0.217607 0.753335
116 0.0222873 0.573462 0.753335
116 -0.610195 -0.0720512 7.03652
116 0.0752951 -0.37018 0.753335
116 -0.777533 0.035521 0.753335
116 -0.0790519 -0.636879 0.753335
116 0.441141 -0.46148 0.753335
116 -0.559408 0.0815156 0.753335
116 0.133646 0.162576 0.753335
116 0.654666 -0.335842 7.03652
116 0.358302 0.102521 0.753335
116 0.126014 -0.268351 7.03652
116 0.409226 0.581784 0.753335
116 -0.553237 0.329708 7.03652
116 0.196687 -0.152462 0.753335
116 -0.151585 0.424958 0.753335
116 0.748832 0.201597 0.753335
116 0.443957 -0.0150729 7.03652
116 0.544605 0.499281 0.753335
116 -0.197297 -0.53402 0.753335
116 0.473042 0.743969 0.753335
116 -0.636085 0.507778 0.753335
116 -0.97675 0.154885 0.753335
116 0.1283 0.749604 7.03652
116 0.0351343 0.0619771 7.03652
116 0.00426707 0.0276423 0.753335
116 -0.130685 0.520545 0.753335
116 0.025121 -0.146645 0.753335
116 0.191158 0.23212 0.753335
116 0.238994 0.676207 7.03652
116 -0.0600888 -0.750119 0.753335
116 0.010583 1.02215 7.03652
116 0.456295 -0.60336 7.03652
116 -0.494164 0.402461 7.03652
116 -0.28068 -0.314236 0.753335
116 0.25982 -0.544908 0.753335
116 -0.73265 0.189526 0.753335
116 0.381632 0.819564 0.753335
116 0.372088 -0.184477 0.753335
116 0.717708 -0.0956803 0.753335
116 -0.0681352 -0.163817 7.03652
116 0.626141 -0.390952 7.03652
116 0.670889 0.390131 7.03652
116 -0.512591 -0.373349 0.753335
116 0.0967367 -0.87631 7.03652
116 -0.808727 -0.00754267 0.753335
116 -0.757984 0.0814146 0.753335
116 0.157327 -0.406231 0.753335
116 0.646835 -0.278717 7.03652
116 0.122733 -0.504987 0.753335
116 -0.877402 -0.572415 0.753335
116 -0.325862 0.978391 7.03652
116 0.115963 -0.130513 0.753335
116 0.59886 0.199328 0.753335
116 -0.380147 0.716258 7.03652
116 -0.289214 0.814889 7.03652
116 0.444199 0.498147 7.03652
116 0.053451 0.221738 0.753335
116 0.320953 0.596748 0.753335
116 -0.310014 -0.0262942 0.753335
116 -0.0375911 -0.344508 7.03652
116 0.379612 -0.134396 0.753335
116 0.195951 0.729446 7.03652
116 0.697945 -0.296947 7.03652
116 -0.0115172 -0.722082 7.03652
116 -0.410069 -0.00349192 7.03652
116 -0.809064 -0.205629 7.03652
116 -0.0868739 0.492815 7.03652
116 -0.45463 0.363689 0.753335
116 0.707272 -0.540827 0.753335
116 -0.693053 -0.207092 0.753335
116 0.223719 -0.240642 0.753335
116 0.0123913 0.511303 7.03652
116 0.0700296 0.911354 7.03652
116 0.309305 -0.301842 0.753335
116 -0.287925 0.534445 0.753335
116 0.646261 0.169619 0.753335
116 -0.497918 -0.630773 7.03652
116 0.541145 0.0664937 7.03652
116 0.669715 -0.583363 7.03652
116 -0.50656 -0.261006 0.753335
116 0.559622 0.290282 0.753335
116 -0.750276 -0.466019 7.03652
116 0.450267 0.616719 0.753335
116 0.897214 -0.437481 7.03652
116 0.810417 0.352621 0.753335
116 -0.447123 0.672452 7.03652
116 -0.193419 1.00861 0.753335
116 0.451229 -0.36542 0.753335
116 0.43036 0.849331 0.753335
116 -0.523089 -0.205929 0.753335
116 -0.518178 -0.840493 7.03652
116 0.503947 -0.360598 7.03652
116 -0.464962 -0.354728 7.03652
116 0.120047 0.601441 0.753335
116 -0.189591 -0.317135 0.753335
116 0.610818 0.641376 0.753335
116 -0.341409 0.0758616 0.753335
116 0.935889 -0.084599 0.753335
116 0.530286 0.791039 7.03652
116 -0.788637 0.580846 0.753335
116 -0.422805 0.0452451 0.753335
116 -0.495288 -0.518997 0.753335
116 0.623664 0.705035 7.03652
116 -0.652323 0.662892 7.03652
116 0.040203 -0.737519 0.753335
116 -0.706652 0.094301 7.03652
116 -0.366095 -0.783253 0.753335
116 -0.264107 0.377364 0.753335
116 -0.871321 -0.462466 7.03652
116 -0.418163 -0.0924276 7.03652
116 0.83994 0.0817405 7.03652
116 -0.387171 -0.466177 7.03652
116 -0.165028 -0.687564 0.753335
116 -0.565406 0.0325174 0.753335
116 0.205065 0.335503 0.753335
116 -0.387712 -0.0533788 0.753335
116 -0.229259 0.135806 0.753335
116 -0.114886 0.571994 7.03652
116 -0.755717 -0.357493 7.03652
116 -0.167409 0.615506 0.753335
116 0.287031 0.765051 0.753335
116 0.216975 -0.931758 0.753335
116 -0.382107 0.886389 7.03652
116 0.281097 -0.170142 7.03652
116 0.209157 -0.994742 0.753335
116 0.701589 0.232245 7.03652
116 0.850323 -0.280651 0.753335
116 0.369917 0.878395 7.03652
116 0.493632 0.00126926 0.753335
116 -0.928317 0.182182 0.753335
116 -0.548489 -0.605808 0.753335
116 -0.162838 -0.399549 0.753335
116 0.24277 -0.424064 7.03652
116 -0.801496 -0.106192 7.03652
116 -0.942143 -0.299836 7.03652
116 -0.322145 -0.869602 0.753335
116 -0.74951 -0.211601 0.753335
116 -0.187208 0.262972 0.753335
116 0.0218863 -0.626621 7.03652
116 -0.110553 -0.488213 7.03652
116 -0.817496 -0.301947 0.753335
116 -0.617619 -0.825882 7.03652
116 -0.51478 0.0360122 0.753335
116 -0.0896596 0.41342 0.753335
116 0.461852 -0.508378 0.753335
116 -0.61759 0.025359 0.753335
116 0.163354 -0.305546 0.753335
116 0.30297 -0.0181708 7.03652
116 -0.708781 -0.499454 7.03652
116 0.708969 0.348139 0.753335
116 -0.634332 0.563848 7.03652
116 0.122482 -0.36324 0.753335
116 -0.569029 -0.713185 7.03652
116 0.322197 0.958868 0.753335
116 -0.54376 -0.496393 0.753335
116 0.174671 0.614662 7.03652
116 -0.403187 0.185442 0.753335
116 0.503407 -0.300336 7.03652
116 0.33145 0.796502 0.753335
116 -0.471012 -0.409928 7.03652
116 -0.0699209 -0.303616 0.753335
116 -0.821785 0.640832 0.753335
116 -0.464938 0.309847 7.03652
116 0.129581 0.112294 7.03652
116 0.406764 0.120407 0.753335
116 -0.65879 -0.164831 0.753335
116 -0.155666 -0.283728 0.753335
116 0.315532 -0.548786 0.753335
116 0.833696 -0.439852 0.753335
116 -0.656108 -0.345632 0.753335
116 0.290927 -0.118755 7.03652
116 -0.132498 -1.02007 0.753335
116 0.0956881 0.696294 0.753335
116 0.658659 0.329938 0.753335
116 0.251746 -0.0840541 0.753335
116 0.0837145 -0.00469839 0.753335
116 -0.635188 0.390599 0.753335
116 0.537208 -0.66209 0.753335
116 -0.532089 0.241268 0.753335
116 0.864629 0.315646 0.753335
116 -0.601607 -0.312617 7.03652
116 0.48919 -0.556465 7.03652
116 0.815216 -0.0618692 0.753335
116 0.695675 -0.241244 7.03652
116 -0.0589277 1.02277 7.03652
116 -0.497601 0.905477 0.753335
116 -0.545296 0.383367 0.753335
116 0.601432 -0.346264 0.753335
116 0.693821 -0.185269 0.753335
116 -0.070202 -1.02249 7.03652
116 0.503175 0.633897 7.03652
116 -0.237154 -0.0909554 0.753335
116 0.436418 -0.708688 0.753335
116 0.827448 -0.116224 0.753335
116 -0.136009 0.04147 7.03652
116 -0.861767 0.0967367 0.753335
116 0.922351 0.359439 0.753335
116 -0.446747 -0.54188 0.753335
116 0.269463 0.447503 7.03652
116 0.771014 0.0465366 7.03652
116 0.00232495 -0.576783 0.753335
116 0.759952 0.372224 0.753335
116 0.205656 -0.0998765 7.03652
116 0.0756008 0.0405139 0.753335
116 -0.18189 0.12457 0.753335
116 -0.276297 0.148652 0.753335
116 0.868215 -0.49463 7.03652
116 -0.210774 -0.773861 7.03652
116 0.0457684 -1.02553 7.03652
116 -0.497711 -0.574047 0.753335
116 0.601469 0.582268 0.753335
116 0.132623 0.462419 0.753335
116 -0.252194 -1.00311 7.03652
116 0.0232469 0.312059 7.03652
116 -0.482536 -0.798244 0.753335
116 0.565078 -0.780269 7.03652
116 0.578967 0.408014 0.753335
116 -0.200737 -0.203034 7.03652
116 0.19947 0.525195 7.03652
116 0.313532 -0.252173 0.753335
116 -0.376033 0.038659 7.03652
116 0.146457 -1.01392 7.03652
116 0.343915 0.285347 0.753335
116 0.399451 0.524513 7.03652
116 0.299048 0.360577 7.03652
116 -0.366221 -0.102028 0.753335
116 0.96364 -0.251822 0.753335
116 -0.0616417 -0.0386395 0.753335
116 0.856625 0.139712 0.753335
116 -0.0592845 -0.860706 0.753335
116 -0.112046 -0.842539 0.753335
116 0.164685 0.423716 0.753335
116 -0.184451 0.897094 0.753335
116 0.160931 -0.0678877 0.753335
116 0.495809 -0.462519 0.753335
116 0.76153 0.582837 7.03652
116 0.458035 0.679037 0.753335
116 -0.598665 0.851784 7.03652
116 0.182367 0.476768 0.753335
116 0.773165 0.640725 0.753335
116 -0.721374 0.587595 0.753335
116 0.507025 0.153157 0.753335
116 -0.557329 -0.243563 7.03652
116 -0.655033 -0.510785 7.03652
116 -0.774353 -0.0570329 0.753335
116 -0.514216 0.292497 0.753335
116 -0.514885 -0.0656452 7.03652
116 0.267319 -0.979295 7.03652
116 0.236496 0.485513 0.753335
116 0.444517 0.0350762 0.753335
116 0.744558 -0.268756 7.03652
116 0.223428 0.149264 7.03652
116 0.10243 -0.181823 7.03652
116 0.30795 0.541498 0.753335
116 0.368501 -0.554963 0.753335
116 0.029928 -0.68026 0.753335
116 -0.17898 0.386742 0.753335
116 0.359094 -0.28188 7.03652
116 0.252523 0.874157 0.753335
116 0.350136 -0.000465503 0.753335
116 0.215955 -0.638184 0.753335
116 -0.709935 0.252563 7.03652
116 -0.0828382 0.763376 0.753335
116 0.476441 0.304006 0.753335
116 0.394728 -0.884338 0.753335
116 -0.0227032 0.551202 0.753335
116 -0.248792 -0.451232 7.03652
116 0.395492 -0.032669 0.753335
116 0.480328 0.362541 0.753335
116 -0.66865 -0.658675 0.753335
116 0.364804 -0.23323 7.03652
116 -0.470834 0.122108 7.03652
116 0.0116024 -0.334007 0.753335
116 0.270867 0.820285 7.03652
116 -0.0417149 -0.442933 0.753335
116 -0.410259 -0.276395 7.03652
116 -0.691557 0.370787 0.753335
116 -0.280765 -0.209891 7.03652
116 0.194025 -0.447933 0.753335
116 0.396319 -0.750355 0.753335
116 -0.213968 -0.830291 0.753335
116 -0.810675 -0.56521 0.753335
116 -0.5435 -0.664795 7.03652
116 -0.13912 0.772168 7.03652
116 0.498608 0.525075 7.03652
116 0.301792 -0.40685 0.753335
116 -0.717218 -0.75944 0.753335
116 -0.431607 0.731128 7.03652
116 -0.683798 0.207703 0.753335
116 -0.604406 0.69037 7.03652
116 0.646856 -0.221148 0.753335
116 0.555747 0.619538 0.753335
116 -0.326379 0.565724 0.753335
116 -0.428911 0.272595 7.03652
116 0.439089 -0.0654728 0.753335
116 0.0267143 -0.284661 7.03652
116 0.131106 0.899678 0.753335
116 0.990173 -0.00852551 0.753335
116 0.263655 -0.272103 7.03652
116 0.506525 -0.875161 0.753335
116 0.721157 0.414026 7.03652
116 0.528438 0.386462 0.753335
116 0.697223 0.117326 7.03652
116 -0.670718 0.0159577 7.03652
116 -0.808814 -0.359958 7.03652
116 0.160116 -0.115758 7.03652
116 0.526761 -0.416894 7.03652
116 0.554205 -0.717201 0.753335
116 0.0933935 -0.995277 7.03652
116 -0.767066 -0.600195 0.753335
116 0.448327 -0.84788 0.753335
116 -0.332016 -0.391087 7.03652
116 0.23682 -0.477678 7.03652
116 -0.0585172 -0.254596 0.753335
116 -0.0216931 -0.294044 0.753335
116 0.188714 0.667674 0.753335
116 0.79441 -0.165078 7.03652
116 -0.412729 -0.946977 0.753335
116 -0.435644 -0.175589 0.753335
116 0.385644 0.4222 7.03652
116 -0.0599103 -0.488868 0.753335
116 -0.0880301 -0.352893 7.03652
116 -0.858025 0.593581 0.753335
116 -0.27708 0.643846 0.753335
116 0.0264438 0.761637 7.03652
116 -0.246968 -0.507628 7.03652
116 0.0558239 -0.582342 0.753335
116 -0.119249 0.721653 0.753335
116 -0.801712 -0.662898 7.03652
116 0.329229 0.72957 7.03652
116 -0.033388 0.0570322 0.753335
116 -0.861747 -0.105756 0.753335
116 -0.739351 0.728433 7.03652
116 -0.370287 0.469417 0.753335
116 0.773728 -0.443078 0.753335
116 0.48046 -0.654194 0.753335
116 0.856282 -0.0147494 0.753335
116 0.521717 0.328205 0.753335
116 -0.570969 -0.11263 7.03652
116 0.372213 -0.643934 0.753335
116 -0.602895 -0.15571 0.753335
116 -1.0165 0.262563 0.753335
116 0.347255 0.339908 7.03652
116 -0.145666 -0.960606 0.753335
116 0.241666 0.247595 0.753335
116 -0.392275 -0.680485 0.753335
116 -0.546815 -0.549549 0.753335
116 0.30044 0.907561 7.03652
116 0.602076 0.087415 0.753335
116 0.885043 0.0335255 0.753335
116 -0.198885 0.448861 7.03652
116 -0.231249 0.731645 0.753335
116 0.00263593 -0.195463 0.753335
116 -1.03852 0.139492 7.03652
116 -0.0222722 0.868134 7.03652
116 -0.241626 -0.396896 0.753335
116 -0.704101 -0.310608 7.03652
116 -0.995968 0.322308 7.03652
116 -0.400365 -0.14068 0.753335
116 0.711804 0.624793 0.753335
116 -0.439509 -0.702725 7.03652
116 -0.869925 0.201226 0.753335
116 -0.0146365 0.608838 0.753335
116 -0.200927 -0.429203 0.753335
116 -0.0837342 -0.0826571 7.03652
116 0.569258 -0.102102 7.03652
116 0.798661 -0.385807 7.03652
116 0.328408 -0.892161 7.03652
116 0.940208 0.0284909 0.753335
116 0.294483 0.690474 0.753335
116 -0.922049 -0.354502 0.753335
116 -0.108047 -0.265154 7.03652
116 -0.0641618 0.589096 0.753335
116 0.500323 0.103086 0.753335
116 0.583831 0.747297 0.753335
116 0.73391 -0.59575 7.03652
116 0.808228 0.290683 7.03652
116 -0.160842 -0.746159 0.753335
116 0.602662 0.254913 7.03652
116 0.589614 0.812926 7.03652
116 0.43509 0.337194 0.753335
116 -0.338238 0.786221 0.753335
116 -0.0866125 -0.966036 7.03652
116 0.894587 0.0938404 0.753335
116 -0.678484 0.424214 0.753335
116 0.552719 0.173526 0.753335
116 -0.0679349 0.368096 0.753335
116 0.860098 -0.384974 0.753335
116 0.681615 -0.389561 0.753335
116 -0.90864 -0.414118 0.753335
116 0.0906873 -0.462926 0.753335
116 -0.212292 0.577192 0.753335
116 -0.426963 0.466296 7.03652
116 0.923948 -0.378557 7.03652
116 0.295715 0.489292 0.753335
116 -0.42413 -0.809985 0.753335
116 -0.440527 0.936165 7.03652
116 0.399562 -0.598103 0.753335
116 0.464748 -0.208708 0.753335
116 0.555034 0.231814 7.03652
116 -0.283142 -0.915827 0.753335
116 -0.669215 -0.456287 0.753335
116 -0.0311058 -0.619548 0.753335
116 -1.05036 0.0141652 0.753335
116 -0.0364543 0.222171 7.03652
116 -0.0101898 -0.244362 0.753335
116 0.29565 0.409143 0.753335
116 0.233218 -0.188212 0.753335
116 0.747963 0.147854 0.753335
116 0.580543 -0.51814 0.753335
116 -0.607795 -0.257265 0.753335
116 0.947344 0.30873 0.753335
116 -0.0646753 -0.694748 0.753335
116 0.259676 -0.321348 0.753335
116 0.422922 0.222908 7.03652
116 -0.546592 0.191578 0.753335
116 -0.0733294 0.538778 0.753335
116 0.196526 -0.82048 0.753335
116 -0.671593 0.606701 7.03652
116 -0.612355 -0.476482 7.03652
116 0.115988 -0.595936 7.03652
116 -0.985626 0.0978246 0.753335
116 0.987167 -0.128435 0.753335
116 -0.831061 -0.0563499 0.753335
116 0.408124 -0.319602 7.03652
116 -0.0891872 0.678148 0.753335
116 -0.478609 0.255205 0.753335
116 -0.689259 -0.119368 0.753335
116 0.97217 0.187597 0.753335
116 0.0429384 -0.792172 0.753335
116 -0.718961 0.0381095 7.03652
116 0.851788 -0.223739 0.753335
116 -0.475104 0.839237 7.03652
116 0.138172 -0.219489 0.753335
116 0.448168 -0.910591 0.753335
116 -0.161722 0.0822359 0.753335
116 0.336432 -0.729369 0.753335
116 -0.00222045 0.0924819 0.753335
116 -0.205807 -0.146704 7.03652
116 0.345396 -0.504459 0.753335
116 -0.312549 0.216032 0.753335
116 -0.00720414 -0.834043 0.753335
116 -0.215698 0.949645 0.753335
116 -0.894016 0.542074 0.753335
116 -0.621423 -0.692423 0.753335
116 -0.51715 0.75736 7.03652
116 0.652387 -0.439325 0.753335
116 -0.52048 -0.899057 7.03652
116 0.371111 0.693374 0.753335
116 0.87543 -0.0647321 7.03652
116 0.00878708 0.917734 0.753335
116 -0.0898094 0.970049 0.753335
116 -0.653816 -0.739319 7.03652
116 -0.298814 -0.63437 0.753335
116 -0.253137 -0.558354 7.03652
116 0.49047 0.471152 0.753335
116 -0.72946 0.332791 0.753335
116 -0.493128 -0.160228 0.753335
116 -0.0592659 -0.805614 0.753335
116 0.97599 -0.192386 7.03652
116 0.190235 0.887481 0.753335
116 -0.497759 -0.693263 7.03652
116 0.387989 0.47189 0.753335
116 0.25589 0.531389 0.753335
116 0.307557 0.0326536 7.03652
116 0.32355 -0.663765 0.753335
116 -0.527079 -0.747891 0.753335
116 0.272216 0.164497 7.03652
116 -0.190536 0.769176 0.753335
116 -0.136722 -0.538877 0.753335
116 0.197115 -0.565324 0.753335
116 -0.132578 0.137055 0.753335
116 0.0383391 -0.236514 0.753335
116 -0.178539 -0.917594 0.753335
116 0.822939 0.0324177 7.03652
116 0.768824 0.525143 0.753335
116 0.145373 -0.845777 0.753335
116 -0.646977 0.336538 7.03652
116 0.817899 0.576356 7.03652
116 -0.861075 0.487669 7.03652
116 0.140937 -0.791305 0.753335
116 0.641612 -0.16493 7.03652
116 0.415961 -0.2213 0.753335
116 -0.906257 -0.234011 0.753335
116 -0.702318 -0.701318 0.753335
116 -0.441619 -0.489369 7.03652
116 -0.228068 -0.949176 0.753335
116 0.26208 -0.861595 0.753335
116 -0.226539 0.624411 0.753335
116 0.0776726 -0.695552 7.03652
116 -0.481881 0.456206 7.03652
116 -0.317707 0.116134 7.03652
116 0.612163 -0.733421 0.753335
116 -0.364823 0.348643 0.753335
116 -0.33382 -0.195465 7.03652
116 -0.343381 -0.496762 0.753335
116 0.0601342 0.806104 0.753335
116 -0.0181611 -0.389409 0.753335
116 0.548909 -0.0404594 7.03652
116 0.00712305 -0.1031 0.753335
116 0.281675 0.635933 7.03652
116 -0.11341 0.622336 7.03652
116 0.105589 0.551154 0.753335
116 0.34719 -0.0506627 0.753335
116 0.744718 -0.209087 0.753335
116 0.795663 -0.276419 7.03652
116 0.835376 -0.551045 7.03652
116 0.122915 -0.0366933 0.753335
116 -0.844809 0.323159 7.03652
116 -0.364312 0.142012 7.03652
116 -0.0652345 -0.397554 0.753335
116 -0.533125 0.546966 0.753335
116 -0.415093 0.138554 7.03652
116 -0.981812 -0.0181981 7.03652
116 0.592829 -0.0123947 7.03652
116 -0.21397 0.0859211 7.03652
116 0.90293 0.271851 0.753335
116 0.514059 0.267223 0.753335
116 -0.526237 0.604099 7.03652
116 0.215119 0.572971 0.753335
116 -0.422144 -0.384684 0.753335
116 -0.721895 -0.070509 0.753335
116 0.0577673 -0.0962559 7.03652
116 -1.00815 -0.289024 7.03652
116 0.621748 -0.796093 7.03652
116 -0.909144 -0.517089 7.03652
116 0.00523717 0.252342 0.753335
116 0.569332 0.350073 0.753335
116 0.332217 0.235133 0.753335
116 -0.159706 0.341267 0.753335
116 0.186372 -0.205234 0.753335
116 0.4696 -0.155312 7.03652
116 -0.608716 -0.367475 7.03652
116 -0.807727 0.275628 0.753335
116 0.0252897 -0.532572 7.03652
116 -0.39033 0.515501 0.753335
116 -0.0373955 0.126091 7.03652
116 0.435149 0.393767 7.03652
116 0.371885 0.616839 7.03652
116 -0.109112 0.332487 7.03652
116 0.511164 -0.760137 0.753335
116 -0.0538697 0.7138 7.03652
116 -0.160894 -0.804316 7.03652
116 0.010114 0.392048 0.753335
116 0.59816 -0.189847 7.03652
116 0.409251 -0.270686 0.753335
116 -0.993448 -0.0746501 7.03652
116 -0.839132 0.436173 0.753335
116 0.74431 0.471067 0.753335
116 0.0423058 0.355681 0.753335
116 0.886203 -0.328861 7.03652
116 -0.846265 -0.517818 0.753335
116 0.354108 0.0511369 0.753335
116 -0.431395 -0.43918 0.753335
116 0.289531 -0.594959 7.03652
116 0.255455 -0.0343743 0.753335
116 0.281061 0.213379 0.753335
116 0.356101 -0.330226 0.753335
116 0.170648 -0.661624 0.753335
116 0.251064 0.350022 7.03652
116 0.289718 -0.70615 0.753335
116 -0.40654 -0.885158 0.753335
116 -0.0220642 -0.957189 0.753335
116 -0.395035 -0.517919 7.03652
116 0.288618 -0.50262 0.753335
116 -0.834522 0.153096 0.753335
116 0.63905 0.773439 0.753335
116 0.561029 -0.838705 0.753335
116 -0.334823 0.310412 0.753335
116 0.233105 0.929293 7.03652
116 0.397046 0.0177406 7.03652
116 0.338616 -0.603734 7.03652
116 -0.317348 0.616314 0.753335
116 -0.594507 -0.643023 0.753335
116 0.106924 0.957792 0.753335
116 0.420683 0.719332 0.753335
116 0.0434098 0.689946 0.753335
116 0.205145 0.993676 0.753335
116 -0.110361 -0.784647 7.03652
116 -0.25751 -0.130466 0.753335
116 0.451993 0.553197 0.753335
116 -0.149718 -0.349943 0.753335
116 0.929881 -0.150946 0.753335
116 0.192392 0.383268 0.753335
116 0.321504 -0.202338 0.753335
116 0.0477722 0.477588 0.753335
116 0.483949 0.417967 0.753335
116 0.485102 0.87999 0.753335
116 -0.015759 0.667273 0.753335
116 -0.337947 0.257113 0.753335
116 -0.922737 -0.177207 0.753335
116 -0.284637 -0.0768871 7.03652
116 0.0883229 -0.229483 7.03652
116 -0.237469 -0.234794 7.03652
116 -0.115099 0.090619 7.03652
116 -0.576436 -0.865058 7.03652
116 -0.519322 -0.42887 0.753335
116 -0.47054 -0.747251 7.03652
116 -0.176454 0.82382 0.753335
116 0.172269 0.0344814 0.753335
116 -0.972212 0.222049 0.753335
116 -0.780753 0.688644 7.03652
116 0.884144 -0.120025 0.753335
116 0.2495 -0.804435 0.753335
116 0.172106 0.0832991 0.753335
116 0.546699 -0.327919 0.753335
116 -0.218806 -0.667171 7.03652
116 -0.347171 0.396975 0.753335
116 -0.114711 -0.677706 0.753335
116 0.0833854 0.0890473 7.03652
116 -0.118978 -0.315156 0.753335
116 0.106927 -0.413454 0.753335
116 0.181146 0.183093 0.753335
116 -0.211088 -0.583934 0.753335
116 0.492983 0.0510412 7.03652
116 -0.239082 0.791938 7.03652
116 0.679979 -0.48885 0.753335
116 0.63229 0.0268987 0.753335
116 0.29499 -0.771213 0.753335
116 -0.644289 0.808417 7.03652
116 0.9056 0.41909 7.03652
116 0.00698566 -0.433274 7.03652
116 -0.0995976 0.282062 0.753335
116 0.565624 -0.154522 0.753335
116 0.14267 1.00688 0.753335
116 -1.03501 -0.164775 0.753335
116 -0.586532 -0.0177318 7.03652
116 -0.320711 -0.240775 7.03652
116 -0.135733 0.242395 0.753335
116 0.0919567 -0.754089 7.03652
116 -0.633268 -0.116529 7.03652
116 -0.0215054 -0.151946 0.753335
116 -0.19131 0.66489 0.753335
116 0.346475 0.501673 0.753335
116 -0.309987 0.354151 0.753335
116 0.314917 0.133983 0.753335
116 -0.293029 -0.476049 0.753335
116 -0.867112 0.375177 0.753335
116 -0.0865806 0.045603 7.03652
116 -0.698114 0.148403 0.753335
116 0.75493 -0.0540441 0.753335
