92 -0.902889 0.310011 0.753335
92 0.655956 -0.686533 0.753335
92 -0.448056 -0.594034 7.03652
92 -0.410367 0.822924 0.753335
92 -0.26081 -0.0343288 0.753335
92 -1.04687 -0.0433326 7.03652
92 -0.859688 -0.388474 0.753335
92 -0.427618 0.566414 0.753335
92 0.00716939 0.145294 0.753335
92 0.741675 -0.494776 0.753335
92 0.0738776 0.392426 7.03652
92 -0.0231223 0.972622 0.753335
92 -0.436052 0.877311 7.03652
92 -0.336737 -0.0652697 0.753335
92 -0.116279 0.457348 7.03652
92 0.421063 -0.170675 0.753335
92 0.458901 -0.317063 7.03652
92 -1.02698 -0.227908 7.03652
92 -0.973302 -0.129367 0.753335
92 -0.281271 0.937417 0.753335
92 0.0922058 0.194589 7.03652
92 -0.834203 -0.153286 7.03652
92 -0.170397 0.169572 0.753335
92 -0.758185 0.285212 7.03652
92 0.95192 0.0913042 0.753335
92 0.431336 0.911341 0.753335
92 -0.190092 0.521928 7.03652
92 -0.868908 -0.191042 0.753335
92 -0.176463 0.215564 0.753335
92 -0.709258 0.658344 0.753335
92 0.0683648 -0.516054 0.753335
92 0.0501114 -0.188366 7.03652
92 -0.0927902 -0.00328586 7.03652
92 -0.140583 -0.00332704 7.03652
92 -0.385373 0.951814 0.753335
92 -0.576147 0.581842 0.753335
92 0.0636766 -0.321761 7.03652
92 -0.0668011 0.0900423 7.03652
92 -0.598718 -0.760893 0.753335
92 0.753467 0.257656 0.753335
92 -0.352168 -0.914689 0.753335
92 0.158561 -0.954384 0.753335
92 -0.685825 0.482821 7.03652
92 0.215867 -0.343762 0.753335
92 0.631772 -0.627 7.03652
92 -0.11748 0.917553 7.03652
92 0.667225 0.663747 0.753335
92 -0.025717 -0.0736242 7.03652
92 0.734627 -0.000959104 7.03652
92 0.148061 -0.738069 0.753335
92 0.605395 0.309991 0.753335
92 -0.609927 0.0760662 0.753335
92 -0.781332 -0.258402 7.03652
92 0.428996 -0.554703 7.03652
92 0.0679809 0.592539 0.753335
92 0.0951983 0.855534 0.753335
92 -0.507562 -0.317254 7.03652
92 0.527731 0.737914 0.753335
92 0.428416 -0.118994 0.753335
92 -0.617291 0.290771 0.753335
92 -0.345261 -0.656031 0.753335
92 -0.336723 0.509749 7.03652
92 -0.349554 0.838873 7.03652
92 0.671946 -0.748464 0.753335
92 -0.359013 0.201774 0.753335
92 -0.454088 -0.128137 7.03652
92 0.270129 -0.222519 7.03652
92 0.203991 -0.393937 0.753335
92 0.522848 -0.0835267 0.753335
92 0.0719869 -0.140899 0.753335
92 0.319156 0.855738 0.753335
92 -0.302481 -0.972494 0.753335
92 -0.914529 0.241598 0.753335
92 -0.0288069 0.766721 7.03652
92 0.0858308 0.139899 0.753335
92 -0.248621 -0.618683 7.03652
92 0.548497 -0.271526 0.753335
92 0.409717 0.653988 0.753335
92 0.265832 0.976207 0.753335
92 -0.953478 0.285485 0.753335
92 -0.227207 0.844554 7.03652
92 0.468644 0.242096 7.03652
92 -0.0298546 -0.534132 0.753335
92 -0.564189 -0.451882 7.03652
92 0.312379 0.083059 0.753335
92 -0.865927 -0.333261 0.753335
92 0.261788 0.0146654 7.03652
92 -0.480791 0.562281 7.03652
92 0.793595 -0.217311 0.753335
92 -0.00609995 -0.895131 0.753335
92 0.33176 -0.457456 0.753335
92 -0.214478 -0.049346 0.753335
92 -0.292755 0.696042 7.03652
92 0.390961 0.313058 0.753335
92 0.258908 -0.376646 0.753335
92 0.283181 -0.451918 0.753335
92 0.77311 -0.108736 7.03652
92 0.198651 -0.762381 7.03652
92 -0.75413 0.132718 0.753335
92 0.193942 -0.705755 0.753335
92 0.0426997 0.967767 7.03652
92 0.711363 -0.44252 0.753335
92 0.767299 -0.327375 0.753335
92 -0.439278 0.220732 0.753335
92 0.214641 -0.516826 0.753335
92 -0.288476 -0.420873 7.03652
92 -0.244605 0.0509356 7.03652
92 0.645396 -0.0295655 7.03652
92 0.228131 0.624642 0.753335
92 -0.438835 -0.0415283 0.753335
92 0.490372 -0.70748 0.753335
92 -0.275369 -0.265229 7.03652
92 0.00029482 0.716388 0.753335
92 -0.0173009 0.299031 0.753335
92 0.209018 -0.871119 0.753335
92 0.33158 0.447059 0.753335
92 -0.5045 0.662266 0.753335
92 0.75635 0.314316 0.753335
92 0.552553 -0.466449 7.03652
92 -0.56331 0.646112 0.753335
92 -0.021716 -0.668786 0.753335
92 0.572551 -0.615004 0.753335
92 -0.162365 0.565866 0.753335
92 -0.0523112 0.267628 7.03652
92 -0.209666 -0.721386 7.03652
92 -0.758423 -0.308536 7.03652
92 -0.111311 -0.177145 0.753335
92 -0.490987 0.506205 7.03652
92 -0.544384 0.868392 7.03652
92 -0.193026 -0.101241 0.753335
92 0.596876 -0.673249 0.753335
92 -0.139605 -0.0947596 0.753335
92 -0.649881 0.168213 0.753335
92 -0.0143374 -1.01728 7.03652
92 -0.924739 -0.01144 7.03652
92 0.148804 0.256756 7.03652
92 -0.0881449 0.230492 0.753335
92 0.850167 0.251594 0.753335
92 0.722985 0.690002 0.753335
92 0.309264 0.307948 0.753335
92 0.168287 -0.353795 0.753335
92 -0.448135 -0.650132 7.03652
92 -0.432987 0.0931124 7.03652
92 -0.160387 -0.581891 7.03652
92 0.0723393 0.743821 0.753335
92 -0.61505 -0.424298 0.753335
92 0.849583 0.519629 0.753335
92 -0.997214 0.0380802 7.03652
92 -0.698255 0.773759 7.03652
92 0.513589 -0.187104 0.753335
92 0.680879 -0.131526 7.03652
92 -0.0880452 0.138085 0.753335
92 -0.468816 -0.0816062 0.753335
92 0.269217 0.581322 0.753335
92 0.552122 -0.216796 7.03652
92 -0.0165111 0.351644 0.753335
92 -0.103566 -0.12997 7.03652
92 0.375402 0.933722 7.03652
92 0.257192 0.306423 0.753335
92 -0.269322 0.586251 0.753335
92 -0.117976 -0.0467387 7.03652
92 -0.106894 -0.588936 0.753335
92 0.806229 -0.495854 7.03652
92 -0.738466 0.482039 0.753335
92 0.399976 -0.513488 7.03652
92 0.588645 -0.429105 0.753335
92 -0.061041 0.32082 7.03652
92 0.117357 -0.643442 0.753335
92 -0.0527307 -0.112504 7.03652
92 0.543709 0.00775402 0.753335
92 0.698499 -0.0459672 0.753335
92 0.242671 -0.686381 7.03652
92 0.212491 0.438816 0.753335
92 -0.927694 0.104084 0.753335
92 -0.545868 -0.157382 7.03652
92 -0.140607 0.865171 0.753335
92 0.0755825 -0.273777 0.753335
92 0.320754 -0.958152 0.753335
92 -0.979563 -0.18774 7.03652
92 -0.261262 -0.732406 0.753335
92 0.632 0.42884 7.03652
92 -0.667393 -0.0729402 0.753335
92 0.00940331 0.201429 0.753335
92 -0.685219 0.540516 0.753335
92 -0.976185 0.376987 7.03652
92 -0.51113 0.805122 7.03652
92 -0.475102 0.0635689 7.03652
92 -0.827622 0.543797 7.03652
92 0.0785854 1.01654 7.03652
92 -0.633611 0.218806 0.753335
92 -0.554189 -0.79648 0.753335
92 0.681177 0.00955173 0.753335
92 -0.326839 -0.287471 0.753335
92 0.0271389 -0.0524489 0.753335
92 -0.583367 0.750716 0.753335
92 0.748531 0.0933715 0.753335
92 -0.487123 -0.0249844 7.03652
92 0.642717 -0.530709 0.753335
92 0.596144 -0.295499 0.753335
92 -0.514465 -0.115059 7.03652
92 -1.02962 0.198484 7.03652
92 0.908627 -0.205022 0.753335
92 0.348104 -0.377196 0.753335
92 -0.16703 -0.0558848 0.753335
92 -0.350842 -0.601571 7.03652
92 -0.00362813 0.452396 0.753335
92 0.44844 0.0870658 0.753335
92 0.435945 0.28219 0.753335
92 -0.404155 0.37603 0.753335
92 0.455759 -0.76395 0.753335
92 -0.24054 0.536003 0.753335
92 -0.162752 0.48111 0.753335
92 0.588794 0.465492 0.753335
92 -0.815755 0.220941 7.03652
92 0.0377251 -0.00197206 7.03652
92 0.535747 0.852123 7.03652
92 -0.292782 -0.161152 0.753335
92 -0.456264 0.171908 0.753335
92 0.0935887 0.498742 0.753335
92 -0.0337555 0.496133 0.753335
92 -0.544463 0.70039 0.753335
92 0.661793 0.0699855 7.03652
92 0.856635 -0.168361 0.753335
92 -0.704019 -0.607002 7.03652
92 -0.490778 -0.468019 0.753335
92 0.15004 0.705297 0.753335
92 0.362776 0.155322 7.03652
92 0.562031 -0.380363 0.753335
92 0.69706 0.173207 0.753335
92 -0.189018 -0.630292 0.753335
92 -0.744651 0.536024 0.753335
92 0.069928 -0.6364 0.753335
92 -0.456255 -0.252843 0.753335
92 -0.360893 -0.0128285 0.753335
92 -0.411349 -0.75199 0.753335
92 -0.889058 0.0487594 0.753335
92 -0.600836 -0.529142 7.03652
92 -0.5982 -0.581875 7.03652
92 0.373634 0.755718 7.03652
92 -0.227299 0.230639 7.03652
92 0.113557 -0.314439 0.753335
92 -0.472555 0.616428 0.753335
92 -0.130362 1.01685 7.03652
92 0.653428 0.545357 0.753335
92 0.126539 0.395844 0.753335
92 -1.04393 -0.105914 0.753335
92 0.743861 -0.395538 0.753335
92 0.6826 0.45433 7.03652
92 -0.906477 -0.127239 0.753335
92 0.547265 -0.559611 0.753335
92 -0.292515 0.292761 7.03652
92 -0.809121 0.386797 0.753335
92 0.29991 -0.0696396 0.753335
92 -0.882762 -0.283086 7.03652
92 -0.46074 -0.301555 7.03652
92 0.475568 -0.102168 0.753335
92 0.228616 0.778365 0.753335
92 0.390616 0.25798 7.03652
92 0.874869 0.466646 0.753335
92 -0.345833 -0.14739 0.753335
92 0.606056 -0.570396 7.03652
92 0.416863 -0.805973 7.03652
92 -0.218988 0.181174 0.753335
92 -0.123944 0.379427 7.03652
92 0.00422119 0.816612 7.03652
92 0.137966 0.211319 0.753335
92 0.390918 -0.0832779 0.753335
92 0.429288 -0.652993 7.03652
92 -0.157019 -0.185745 0.753335
92 -0.652013 0.115428 0.753335
92 -0.269158 -0.849574 7.03652
92 -0.361556 -0.724094 0.753335
92 0.174681 -0.257441 0.753335
92 -0.398941 -0.624604 7.03652
92 -0.587591 0.235265 0.753335
92 -0.333286 0.910869 7.03652
92 0.919046 0.154601 0.753335
92 0.175176 0.13592 7.03652
92 -0.172474 0.71655 7.03652
92 -0.349021 -0.54829 0.753335
92 -0.699071 -0.026093 0.753335
92 -0.442725 0.416345 7.03652
92 -0.241524 0.682539 7.03652
92 0.410311 0.172326 0.753335
92 0.739639 -0.154042 7.03652
92 -0.719431 -0.164637 0.753335
92 0.658638 0.600626 0.753335
92 -0.0789109 0.18373 7.03652
92 0.390903 0.369362 0.753335
92 0.799374 0.108947 7.03652
92 0.172097 -0.605573 0.753335
92 -0.8041 -0.481095 0.753335
92 0.461938 0.185894 7.03652
92 -0.201082 -0.368328 0.753335
92 -0.987536 -0.344129 7.03652
92 -0.823029 -0.428464 7.03652
92 -0.638138 0.747295 0.753335
92 0.492051 -0.0452171 7.03652
92 0.582624 0.0449314 0.753335
92 -0.28538 0.484862 0.753335
92 -0.838787 -0.620516 0.753335
92 0.620341 0.369988 7.03652
92 0.0526054 0.268756 0.753335
92 0.499499 0.582414 0.753335
92 -0.266306 0.196151 0.753335
92 0.100873 0.350834 0.753335
92 -0.328824 0.0251745 7.03652
92 0.374526 -0.69945 7.03652
92 0.208815 -0.0482772 0.753335
92 0.554033 0.111645 0.753335
92 -0.415221 -0.222262 0.753335
92 -0.941402 -0.463733 7.03652
92 0.171978 0.781605 0.753335
92 0.639703 0.489795 0.753335
92 -0.37881 -0.41306 0.753335
92 0.334785 0.652503 0.753335
92 -0.379996 -0.189193 0.753335
92 -0.14073 0.667158 0.753335
92 -0.359265 -0.972215 0.753335
92 -0.794989 0.498944 7.03652
92 0.0983797 0.249199 0.753335
92 -0.534825 -0.0118586 0.753335
92 -0.241493 -0.179278 0.753335
92 0.0785682 0.64361 0.753335
92 -0.259458 0.32733 0.753335
92 -0.370922 -0.304896 0.753335
92 0.905189 -0.263691 7.03652
92 -0.922231 0.487238 0.753335
92 -0.596728 0.178527 7.03652
92 -0.298168 -0.52761 0.753335
92 -0.316688 -0.812333 0.753335
92 0.229035 0.197273 0.753335
92 0.717335 -0.701789 0.753335
92 -0.0072202 -0.488065 7.03652
92 -0.666989 -0.250933 0.753335
92 0.595859 0.525793 0.753335
92 -0.569721 0.804352 0.753335
92 0.800665 0.224346 0.753335
92 0.266792 0.113688 0.753335
92 0.0413902 0.112097 0.753335
92 -0.658414 0.261836 7.03652
92 -0.462528 0.0138165 7.03652
92 0.1135 -0.0827184 7.03652
92 0.242194 -0.136313 0.753335
92 -0.369803 0.614716 0.753335
92 -0.388754 0.241044 7.03652
92 -0.263069 -0.790309 0.753335
92 0.771684 -0.547379 0.753335
92 -0.204227 -0.479058 7.03652
92 0.0485275 0.168901 0.753335
92 -0.230031 -0.288156 7.03652
92 -0.662772 0.0641243 0.753335
92 0.219263 0.100414 7.03652
92 0.456777 0.136858 0.753335
92 -0.335186 -0.444459 7.03652
92 0.209672 0.830457 7.03652
92 0.149588 0.347806 7.03652
92 0.0928139 0.439418 0.753335
92 -0.308501 -0.114484 7.03652
92 -0.785553 0.441648 0.753335
92 0.803047 0.166398 0.753335
92 -0.262558 0.995738 0.753335
92 -0.0560869 0.450092 0.753335
92 0.0379825 0.863077 0.753335
92 0.252761 0.72728 0.753335
92 0.170804 -0.496262 0.753335
92 0.359961 0.55692 0.753335
92 -0.752147 0.378923 0.753335
92 0.603977 -0.0638812 0.753335
92 0.435373 0.446392 7.03652
92 -0.887715 -0.0552938 0.753335
92 0.790625 -0.0114197 0.753335
92 -0.417041 0.325102 0.753335
92 -0.0570107 -0.577858 0.753335
92 0.100655 -0.937473 7.03652
92 -0.146735 0.291801 7.03652
92 -0.539192 0.490712 0.753335
92 -0.279246 0.753229 7.03652
92 -0.705938 -0.36652 0.753335
92 0.474746 -0.412291 0.753335
92 -0.37631 0.560991 0.753335
92 0.247992 -0.742581 0.753335
92 -0.034958 0.40525 7.03652
92 0.400403 -0.367731 0.753335
92 -0.648023 -0.294871 7.03652
92 -0.26023 0.441658 7.03652
92 -0.191058 -0.254845 0.753335
92 -0.586327 0.468227 0.753335
92 0.213431 0.284661 7.03652
92 -0.146993 -0.445925 0.753335
92 -0.771159 -0.413124 7.03652
92 -0.301276 -0.58148 0.753335
92 -0.0534324 0.9223 0.753335
92 -0.0530912 0.818037 7.03652
92 -0.502303 0.347815 7.03652
92 0.568637 0.680174 0.753335
92 -0.079906 0.870222 7.03652
92 0.70043 0.509333 0.753335
92 -0.936967 -0.0770058 0.753335
92 -0.442325 0.515015 0.753335
92 0.457698 -0.264218 7.03652
92 -0.37428 -0.840045 7.03652
92 0.616516 -0.120109 0.753335
92 -0.764783 -0.712118 7.03652
92 0.036294 -0.963919 7.03652
92 -0.642521 -0.611763 7.03652
92 0.657017 -0.083541 7.03652
92 -0.388716 0.423413 7.03652
92 -1.04733 0.0797772 0.753335
92 -0.0861399 -0.535771 0.753335
92 -0.421371 0.618442 0.753335
92 0.536287 0.443683 0.753335
92 0.213506 -0.293775 0.753335
92 -0.731638 0.426234 0.753335
92 0.352608 -0.788048 0.753335
92 -0.592408 0.352883 7.03652
92 0.153423 0.840214 0.753335
92 -0.199455 0.309721 7.03652
92 -0.760435 0.229971 0.753335
92 0.0916104 -0.816034 0.753335
92 -0.748837 -0.0102707 0.753335
92 -0.897419 0.426653 0.753335
92 0.513226 0.68687 0.753335
92 -0.0110067 -0.0252982 0.753335
92 -0.467563 -0.918963 7.03652
92 -0.276972 0.247861 0.753335
92 0.0272762 0.636609 7.03652
92 -0.722028 -0.261092 7.03652
92 -0.238388 0.280672 0.753335
92 -0.339375 0.668118 7.03652
92 0.0470629 -0.909595 7.03652
92 0.125239 0.064018 7.03652
92 -0.555581 -0.344617 7.03652
92 -0.969792 -0.402078 7.03652
92 0.823615 -0.332896 0.753335
92 0.0408152 0.430235 0.753335
92 0.303973 -0.352639 0.753335
92 0.503985 -0.243591 7.03652
92 -0.634547 0.448866 7.03652
92 -0.417442 -0.329467 0.753335
92 0.703665 0.286945 7.03652
92 -0.188861 0.0405104 7.03652
92 0.321905 0.184138 0.753335
92 -0.29456 0.867416 0.753335
92 -0.312998 -0.698997 0.753335
92 0.309563 -0.831706 0.753335
92 -0.941958 0.0449849 0.753335
92 0.962461 0.248008 7.03652
92 0.47681 0.809669 7.03652
92 0.127474 0.017584 0.753335
92 0.909627 0.214496 0.753335
92 -0.481477 0.719834 7.03652
92 0.273114 -0.91497 7.03652
92 -0.96304 -0.245281 0.753335
92 0.28733 0.263937 0.753335
92 -0.374868 -0.359229 0.753335
92 -0.24256 0.89478 0.753335
92 0.276868 -0.643367 7.03652
92 0.497013 -0.814812 7.03652
92 0.150483 -0.168511 0.753335
92 0.055104 0.536 0.753335
92 -0.116295 -0.392852 0.753335
92 -0.0461478 0.00781697 7.03652
92 -0.865439 -0.00115345 0.753335
92 -0.585514 0.525899 7.03652
92 0.99814 0.0535254 7.03652
92 -0.454648 0.781228 7.03652
92 -0.266285 0.100483 0.753335
92 -0.18497 -0.00813712 0.753335
92 -0.92266 0.362103 0.753335
92 -0.239782 -0.339161 7.03652
92 -0.714838 -0.423323 0.753335
92 0.126745 -0.694504 7.03652
92 -0.534634 0.438677 7.03652
92 0.94626 -0.31541 7.03652
92 -0.283234 -0.367599 7.03652
92 0.0745109 -0.0495993 7.03652
92 0.718232 -0.348002 0.753335
92 -0.552482 -0.291084 7.03652
92 -0.224014 0.407615 0.753335
92 0.596152 0.142111 0.753335
92 0.514936 -0.604797 0.753335
92 -0.112044 -0.729896 0.753335
92 -0.155868 -0.139026 0.753335
92 0.340466 0.394752 0.753335
92 0.856686 0.193986 0.753335
92 -0.323398 0.451406 0.753335
92 0.161183 0.565079 7.03652
92 -0.682254 0.710759 7.03652
92 -0.55307 0.133635 0.753335
92 -0.562069 -0.0614278 0.753335
92 0.169284 -0.0134614 7.03652
92 0.680368 0.732845 0.753335
92 -0.787475 0.174026 0.753335
92 0.799155 -0.603784 0.753335
92 -0.954095 0.433399 7.03652
92 0.923146 -0.0259352 7.03652
92 -0.279746 0.0139937 0.753335
92 0.11906 0.298201 7.03652
92 -0.125789 0.189371 7.03652
92 0.0745605 0.311092 0.753335
92 0.8316 0.420313 7.03652
92 -0.390063 0.773496 0.753335
92 -0.215896 0.354288 0.753335
92 -0.630519 -0.210074 7.03652
92 0.114088 0.800002 0.753335
92 0.26624 0.064592 0.753335
92 -0.639415 -0.0281731 0.753335
92 -0.495339 0.205077 7.03652
92 -0.720699 -0.554571 0.753335
92 -0.327568 -0.339216 0.753335
92 0.377777 -0.942541 0.753335
92 -0.660974 -0.560225 7.03652
92 -0.145423 -0.232447 0.753335
92 -0.758361 0.633561 7.03652
92 0.328945 -0.152985 0.753335
92 0.599985 -0.243908 0.753335
92 -0.138028 -0.632456 7.03652
92 -0.229649 0.00508231 0.753335
92 -0.587067 0.412979 7.03652
92 -0.330275 0.733412 0.753335
92 -0.0621983 -0.915355 0.753335
92 -0.739596 -0.653076 7.03652
92 -0.399207 -0.56907 7.03652
92 -0.768429 -0.527505 0.753335
92 0.156928 -0.89887 0.753335
92 -0.0328744 0.17502 0.753335
92 -0.863831 0.263503 7.03652
92 0.777078 0.424912 0.753335
92 -0.109719 0.81843 7.03652
92 -0.294988 0.0635342 0.753335
92 0.145058 0.51716 7.03652
92 0.0966996 -0.555012 0.753335
92 0.219381 0.0521132 7.03652
92 -0.791189 0.333951 7.03652
92 0.0563158 -0.42113 0.753335
92 -0.00884118 -0.777746 7.03652
92 0.37018 0.208993 0.753335
92 0.132225 0.652574 7.03652
92 0.170074 0.945532 0.753335
92 0.399897 0.0703354 0.753335
92 0.368159 -0.841396 0.753335
92 -0.159337 -0.494666 0.753335
92 -0.157396 0.958053 0.753335
92 -0.841472 -0.247183 0.753335
92 -0.322574 0.167287 0.753335
92 -0.384031 0.0957044 7.03652
92 0.988353 0.132721 0.753335
92 0.427463 0.77901 7.03652
92 -0.890555 0.144816 7.03652
92 -0.299196 0.408973 0.753335
92 0.508415 0.205192 0.753335
92 0.71188 0.0536523 7.03652
92 0.214932 0.00240174 0.753335
92 0.549199 0.560243 0.753335
92 0.420335 -0.414317 0.753335
92 -0.612696 0.621848 0.753335
92 0.13981 -0.454203 0.753335
92 -0.830286 0.0502537 0.753335
92 0.806634 0.478995 0.753335
92 -0.514668 0.0937702 0.753335
92 0.387694 -0.466069 0.753335
92 -0.66157 -0.400583 7.03652
92 0.237192 0.399388 7.03652
92 0.339941 -0.102433 0.753335
92 -0.229055 -0.889174 7.03652
92 0.519307 -0.510172 7.03652
92 -0.805971 0.104473 0.753335
92 -0.570422 0.283884 7.03652
92 -0.395217 0.666798 0.753335
92 -0.165536 -0.862806 7.03652
92 0.992091 -0.0679779 7.03652
92 0.649079 0.221976 7.03652
92 0.0401901 -0.474953 0.753335
92 0.518535 -0.135945 0.753335
92 -0.117871 -0.902625 7.03652
92 -0.380624 0.291593 7.03652
92 0.168533 0.300631 0.753335
92 0.0271794 -0.378867 0.753335
92 -0.682932 0.309083 7.03652
92 -0.046959 -0.20653 0.753335
92 0.651347 0.274013 0.753335
92 -0.26674 -0.676163 0.753335
92 -0.508834 0.154837 0.753335
92 -0.667521 -0.801084 0.753335
92 0.0447284 -0.85172 0.753335
92 0.616545 -0.478365 7.03652
92 0.238967 -0.596163 0.753335
92 -0.564102 -0.397266 7.03652
92 0.151907 -0.547883 0.753335
92 -0.094887 -0.440627 0.753335
92 -0.231193 0.486371 0.753335
92 -0.601955 0.127914 0.753335
92 0.647906 0.120472 0.753335
92 -0.31176 -0.755318 7.03652
92 0.367047 -0.42025 7.03652
92 -0.473082 -0.207829 0.753335
92 -0.776647 -0.161669 0.753335
92 -0.457403 -0.856942 7.03652
92 0.694668 -0.640813 7.03652
92 -0.746811 -0.116015 7.03652
92 -0.0620269 0.639036 7.03652
92 0.759124 -0.654328 0.753335
92 0.71544 0.561667 0.753335
92 -0.192724 -1.00481 0.753335
92 -0.580115 -0.199365 7.03652
92 0.862164 0.373491 0.753335
92 -0.36844 -0.244814 0.753335
92 -0.0952715 -0.220081 0.753335
92 0.0219743 0.575532 0.753335
92 -0.610765 -0.0730141 7.03652
92 0.0738142 -0.368307 0.753335
92 -0.778447 0.0358461 0.753335
92 -0.0799314 -0.637025 0.753335
92 0.440202 -0.461323 0.753335
92 -0.560164 0.080619 0.753335
92 0.131632 0.162236 0.753335
92 0.655997 -0.336858 7.03652
92 0.358643 0.103924 0.753335
92 0.125339 -0.266912 7.03652
92 0.410424 0.581225 0.753335
92 -0.549753 0.329331 7.03652
92 0.196275 -0.152694 0.753335
92 -0.151595 0.425772 0.753335
92 0.748833 0.201074 0.753335
92 0.446371 -0.0147123 7.03652
92 0.545701 0.500072 0.753335
92 -0.196304 -0.533369 0.753335
92 0.471846 0.742403 0.753335
92 -0.636002 0.505715 0.753335
92 -0.975149 0.154506 0.753335
92 0.126176 0.749721 7.03652
92 0.0326995 0.0609169 7.03652
92 0.00209647 0.0258576 0.753335
92 -0.131276 0.520445 0.753335
92 0.0255684 -0.144897 0.753335
92 0.191621 0.235772 0.753335
92 0.237465 0.677547 7.03652
92 -0.0604023 -0.750749 0.753335
92 0.0105254 1.02248 7.03652
92 0.456412 -0.602341 7.03652
92 -0.493711 0.403111 7.03652
92 -0.281627 -0.314027 0.753335
92 0.257463 -0.545024 0.753335
92 -0.732497 0.1858 0.753335
92 0.382998 0.817972 0.753335
92 0.371075 -0.183934 0.753335
92 0.718261 -0.0976589 0.753335
92 -0.0642042 -0.163804 7.03652
92 0.625549 -0.390299 7.03652
92 0.671568 0.388738 7.03652
92 -0.511705 -0.373778 0.753335
92 0.0980323 -0.877831 7.03652
92 -0.809438 -0.00700907 0.753335
92 -0.75722 0.0806572 0.753335
92 0.155677 -0.405729 0.753335
92 0.646966 -0.279758 7.03652
92 0.120034 -0.505236 0.753335
92 -0.877642 -0.572081 0.753335
92 -0.329038 0.977288 7.03652
92 0.116722 -0.129553 0.753335
92 0.59737 0.199333 0.753335
92 -0.377506 0.715755 7.03652
92 -0.287428 0.81431 7.03652
92 0.444488 0.49765 7.03652
92 0.0525224 0.221802 0.753335
92 0.321724 0.595598 0.753335
92 -0.311275 -0.0250499 0.753335
92 -0.0339151 -0.345774 7.03652
92 0.379397 -0.134285 0.753335
92 0.19681 0.729202 7.03652
92 0.698326 -0.300039 7.03652
92 -0.0120086 -0.722602 7.03652
92 -0.410388 -0.00259184 7.03652
92 -0.807401 -0.206294 7.03652
92 -0.0872224 0.493333 7.03652
92 -0.454357 0.363332 0.753335
92 0.707223 -0.542675 0.753335
92 -0.691984 -0.208224 0.753335
92 0.222427 -0.242384 0.753335
92 0.0127043 0.509376 7.03652
92 0.0704994 0.911922 7.03652
92 0.309288 -0.30252 0.753335
92 -0.289025 0.534383 0.753335
92 0.644903 0.170954 0.753335
92 -0.496621 -0.630169 7.03652
92 0.536858 0.0623442 7.03652
92 0.668883 -0.584713 7.03652
92 -0.505633 -0.260365 0.753335
92 0.556861 0.288935 0.753335
92 -0.749937 -0.466563 7.03652
92 0.450868 0.61685 0.753335
92 0.897362 -0.43615 7.03652
92 0.807486 0.353338 0.753335
92 -0.448964 0.672815 7.03652
92 -0.195896 1.00856 0.753335
92 0.453154 -0.36601 0.753335
92 0.43141 0.848215 0.753335
92 -0.52243 -0.204786 0.753335
92 -0.517986 -0.841281 7.03652
92 0.505446 -0.361284 7.03652
92 -0.46491 -0.354972 7.03652
92 0.120358 0.60149 0.753335
92 -0.190318 -0.317217 0.753335
92 0.611442 0.640628 0.753335
92 -0.341873 0.0774983 0.753335
92 0.936202 -0.0839082 0.753335
92 0.530547 0.792715 7.03652
92 -0.784512 0.579941 0.753335
92 -0.423014 0.0462664 0.753335
92 -0.497431 -0.518799 0.753335
92 0.624366 0.704085 7.03652
92 -0.648749 0.663971 7.03652
92 0.0395645 -0.738647 0.753335
92 -0.706054 0.0931111 7.03652
92 -0.365289 -0.782932 0.753335
92 -0.263455 0.377057 0.753335
92 -0.87253 -0.462712 7.03652
92 -0.41703 -0.092427 7.03652
92 0.844429 0.0820228 7.03652
92 -0.385922 -0.465738 7.03652
92 -0.164728 -0.688172 0.753335
92 -0.565762 0.0318474 0.753335
92 0.203119 0.336944 0.753335
92 -0.387612 -0.0531438 0.753335
92 -0.230844 0.135433 0.753335
92 -0.113351 0.570006 7.03652
92 -0.755888 -0.36102 7.03652
92 -0.168791 0.616968 0.753335
92 0.288947 0.766122 0.753335
92 0.216561 -0.929684 0.753335
92 -0.381889 0.885043 7.03652
92 0.279233 -0.17126 7.03652
92 0.20865 -0.994177 0.753335
92 0.700821 0.230358 7.03652
92 0.850093 -0.27917 0.753335
92 0.371412 0.876699 7.03652
92 0.49602 0.00275135 0.753335
92 -0.92684 0.183374 0.753335
92 -0.548133 -0.60673 0.753335
92 -0.163115 -0.399379 0.753335
92 0.242919 -0.423035 7.03652
92 -0.80029 -0.106301 7.03652
92 -0.939522 -0.299086 7.03652
92 -0.32228 -0.869921 0.753335
92 -0.748949 -0.213079 0.753335
92 -0.186624 0.262259 0.753335
92 0.0210973 -0.627423 7.03652
92 -0.109641 -0.488124 7.03652
92 -0.816494 -0.30237 0.753335
92 -0.616003 -0.822797 7.03652
92 -0.514757 0.0350238 0.753335
92 -0.090675 0.413977 0.753335
92 0.459158 -0.508157 0.753335
92 -0.618335 0.0254152 0.753335
92 0.164042 -0.306349 0.753335
92 0.303375 -0.020452 7.03652
92 -0.708798 -0.499109 7.03652
92 0.707377 0.345523 0.753335
92 -0.632147 0.563094 7.03652
92 0.121439 -0.361613 0.753335
92 -0.568597 -0.711093 7.03652
92 0.323553 0.958922 0.753335
92 -0.546996 -0.497523 0.753335
92 0.174494 0.615448 7.03652
92 -0.402857 0.185901 0.753335
92 0.503805 -0.300825 7.03652
92 0.331891 0.798707 0.753335
92 -0.469997 -0.4115 7.03652
92 -0.0681853 -0.305742 0.753335
92 -0.820778 0.638387 0.753335
92 -0.467674 0.308311 7.03652
92 0.128658 0.112882 7.03652
92 0.406668 0.122131 0.753335
92 -0.657653 -0.166059 0.753335
92 -0.154979 -0.285424 0.753335
92 0.313306 -0.547653 0.753335
92 0.833371 -0.43832 0.753335
92 -0.655169 -0.345501 0.753335
92 0.290163 -0.120119 7.03652
92 -0.133374 -1.01995 0.753335
92 0.0950708 0.695555 0.753335
92 0.656733 0.328239 0.753335
92 0.252128 -0.0844331 0.753335
92 0.0840408 -0.00353995 0.753335
92 -0.635641 0.390608 0.753335
92 0.538636 -0.661586 0.753335
92 -0.535342 0.239278 0.753335
92 0.85912 0.316693 0.753335
92 -0.599794 -0.313411 7.03652
92 0.487556 -0.554766 7.03652
92 0.814838 -0.0608116 0.753335
92 0.694005 -0.243718 7.03652
92 -0.0600365 1.02311 7.03652
92 -0.500827 0.90514 0.753335
92 -0.544163 0.384407 0.753335
92 0.602551 -0.344171 0.753335
92 0.693036 -0.18526 0.753335
92 -0.0711379 -1.02253 7.03652
92 0.503887 0.635225 7.03652
92 -0.240001 -0.0891785 0.753335
92 0.43384 -0.706764 0.753335
92 0.828257 -0.114547 0.753335
92 -0.135912 0.0421097 7.03652
92 -0.862624 0.0972635 0.753335
92 0.920718 0.358042 0.753335
92 -0.44812 -0.539485 0.753335
92 0.271075 0.445485 7.03652
92 0.770159 0.0451919 7.03652
92 0.00254005 -0.577968 0.753335
92 0.756802 0.372296 0.753335
92 0.206205 -0.0988741 7.03652
92 0.0749742 0.0415434 0.753335
92 -0.183838 0.124884 0.753335
92 -0.277152 0.150097 0.753335
92 0.869046 -0.492809 7.03652
92 -0.211029 -0.775483 7.03652
92 0.0445037 -1.02551 7.03652
92 -0.498132 -0.573488 0.753335
92 0.602449 0.582222 0.753335
92 0.132285 0.465221 0.753335
92 -0.253951 -1.00237 7.03652
92 0.024899 0.312012 7.03652
92 -0.483078 -0.798068 0.753335
92 0.565816 -0.780128 7.03652
92 0.579684 0.408658 0.753335
92 -0.198036 -0.20334 7.03652
92 0.201738 0.526349 7.03652
92 0.312241 -0.252596 0.753335
92 -0.376242 0.039932 7.03652
92 0.147139 -1.01336 7.03652
92 0.348862 0.28101 0.753335
92 0.399855 0.52357 7.03652
92 0.297074 0.355412 7.03652
92 -0.364881 -0.102513 0.753335
92 0.963266 -0.252704 0.753335
92 -0.061371 -0.0419351 0.753335
92 0.857804 0.139895 0.753335
92 -0.0588593 -0.861288 0.753335
92 -0.111693 -0.843111 0.753335
92 0.162605 0.42634 0.753335
92 -0.183954 0.897559 0.753335
92 0.162849 -0.0659017 0.753335
92 0.495017 -0.462326 0.753335
92 0.769323 0.589029 7.03652
92 0.458653 0.679 0.753335
92 -0.602088 0.850165 7.03652
92 0.18253 0.479613 0.753335
92 0.769738 0.646108 0.753335
92 -0.720202 0.588512 0.753335
92 0.508477 0.150663 0.753335
92 -0.556069 -0.242538 7.03652
92 -0.65562 -0.509359 7.03652
92 -0.774967 -0.0568875 0.753335
92 -0.515901 0.288608 0.753335
92 -0.515633 -0.066313 7.03652
92 0.26542 -0.978989 7.03652
92 0.238206 0.484367 0.753335
92 0.440798 0.0343237 0.753335
92 0.743821 -0.270227 7.03652
92 0.222538 0.148887 7.03652
92 0.102216 -0.180947 7.03652
92 0.309236 0.540678 0.753335
92 0.365616 -0.557224 0.753335
92 0.0298431 -0.681261 0.753335
92 -0.177653 0.386959 0.753335
92 0.358333 -0.280648 7.03652
92 0.252108 0.873592 0.753335
92 0.349964 -0.00279352 0.753335
92 0.217016 -0.640758 0.753335
92 -0.71204 0.258956 7.03652
92 -0.0822999 0.764598 0.753335
92 0.479877 0.306154 0.753335
92 0.394014 -0.888337 0.753335
92 -0.0204849 0.550452 0.753335
92 -0.248099 -0.452611 7.03652
92 0.39778 -0.032985 0.753335
92 0.480773 0.36393 0.753335
92 -0.669224 -0.658241 0.753335
92 0.363677 -0.232179 7.03652
92 -0.472353 0.122065 7.03652
92 0.0147272 -0.332664 0.753335
92 0.271296 0.820576 7.03652
92 -0.0413584 -0.443859 0.753335
92 -0.409707 -0.275508 7.03652
92 -0.69067 0.369963 0.753335
92 -0.279958 -0.21017 7.03652
92 0.192142 -0.447456 0.753335
92 0.396999 -0.751205 0.753335
92 -0.214174 -0.831646 0.753335
92 -0.811027 -0.565633 0.753335
92 -0.542119 -0.664011 7.03652
92 -0.138204 0.773533 7.03652
92 0.499603 0.525837 7.03652
92 0.304791 -0.406638 0.753335
92 -0.717362 -0.759405 0.753335
92 -0.429063 0.729748 7.03652
92 -0.68798 0.20996 0.753335
92 -0.60259 0.693316 7.03652
92 0.647272 -0.220134 0.753335
92 0.556135 0.619555 0.753335
92 -0.326833 0.56594 0.753335
92 -0.430259 0.272413 7.03652
92 0.441065 -0.0650862 0.753335
92 0.0268576 -0.282465 7.03652
92 0.131553 0.89981 0.753335
92 0.989428 -0.010674 0.753335
92 0.26298 -0.273502 7.03652
92 0.507481 -0.874468 0.753335
92 0.719335 0.415025 7.03652
92 0.528767 0.388036 0.753335
92 0.699349 0.116533 7.03652
92 -0.670948 0.0148107 7.03652
92 -0.809024 -0.359861 7.03652
92 0.161244 -0.115025 7.03652
92 0.526812 -0.416063 7.03652
92 0.553287 -0.716865 0.753335
92 0.0935121 -0.99712 7.03652
92 -0.76733 -0.600644 0.753335
92 0.448132 -0.850249 0.753335
92 -0.331208 -0.390939 7.03652
92 0.235907 -0.475335 7.03652
92 -0.05813 -0.256606 0.753335
92 -0.0204688 -0.294486 0.753335
92 0.18717 0.668117 0.753335
92 0.79622 -0.163952 7.03652
92 -0.415566 -0.945886 0.753335
92 -0.434798 -0.174964 0.753335
92 0.383591 0.421851 7.03652
92 -0.0595575 -0.489488 0.753335
92 -0.0853346 -0.3537 7.03652
92 -0.858808 0.594375 0.753335
92 -0.277626 0.642484 0.753335
92 0.0260204 0.76271 7.03652
92 -0.245993 -0.509336 7.03652
92 0.0567898 -0.583715 0.753335
92 -0.118346 0.722324 0.753335
92 -0.801488 -0.662899 7.03652
92 0.3272 0.727304 7.03652
92 -0.0347651 0.0555204 0.753335
92 -0.8589 -0.105774 0.753335
92 -0.740163 0.725771 7.03652
92 -0.369121 0.46686 0.753335
92 0.774102 -0.445064 0.753335
92 0.483633 -0.653301 0.753335
92 0.855009 -0.012745 0.753335
92 0.523957 0.330224 0.753335
92 -0.569982 -0.111713 7.03652
92 0.376442 -0.647438 0.753335
92 -0.601894 -0.15481 0.753335
92 -1.01685 0.262556 0.753335
92 0.348328 0.341935 7.03652
92 -0.146047 -0.960981 0.753335
92 0.241601 0.246081 0.753335
92 -0.391334 -0.679766 0.753335
92 -0.54821 -0.550328 0.753335
92 0.299521 0.90843 7.03652
92 0.605104 0.0882128 0.753335
92 0.885771 0.0341621 0.753335
92 -0.199422 0.448873 7.03652
92 -0.228657 0.730656 0.753335
92 -0.0011579 -0.191508 0.753335
92 -1.03759 0.139673 7.03652
92 -0.0212587 0.869443 7.03652
92 -0.241678 -0.397468 0.753335
92 -0.702509 -0.310283 7.03652
92 -0.995546 0.322599 7.03652
92 -0.398864 -0.140723 0.753335
92 0.712187 0.622227 0.753335
92 -0.438707 -0.702266 7.03652
92 -0.866849 0.201906 0.753335
92 -0.016055 0.609818 0.753335
92 -0.200874 -0.429379 0.753335
92 -0.0879715 -0.0825236 7.03652
92 0.569023 -0.101467 7.03652
92 0.797824 -0.384884 7.03652
92 0.327844 -0.891884 7.03652
92 0.940631 0.0290176 0.753335
92 0.293215 0.687525 0.753335
92 -0.922444 -0.354071 0.753335
92 -0.107402 -0.267782 7.03652
92 -0.0636222 0.58818 0.753335
92 0.500755 0.101976 0.753335
92 0.583437 0.745753 0.753335
92 0.734561 -0.596362 7.03652
92 0.805835 0.289184 7.03652
92 -0.160551 -0.74735 0.753335
92 0.599794 0.254078 7.03652
92 0.588689 0.813486 7.03652
92 0.435663 0.338178 0.753335
92 -0.336062 0.786777 0.753335
92 -0.0866324 -0.96601 7.03652
92 0.89877 0.0957924 0.753335
92 -0.680919 0.424175 0.753335
92 0.552885 0.171216 0.753335
92 -0.0683831 0.368539 0.753335
92 0.859627 -0.383974 0.753335
92 0.681835 -0.389507 0.753335
92 -0.909223 -0.413749 0.753335
92 0.089285 -0.462561 0.753335
92 -0.212303 0.577595 0.753335
92 -0.426526 0.465797 7.03652
92 0.923863 -0.377957 7.03652
92 0.29601 0.488494 0.753335
92 -0.42392 -0.808437 0.753335
92 -0.443269 0.93502 7.03652
92 0.398636 -0.598949 0.753335
92 0.464325 -0.209326 0.753335
92 0.55225 0.229938 7.03652
92 -0.283489 -0.916897 0.753335
92 -0.669148 -0.455378 0.753335
92 -0.0320224 -0.619906 0.753335
92 -1.05055 0.0149004 0.753335
92 -0.0361279 0.223552 7.03652
92 -0.0108707 -0.24299 0.753335
92 0.291334 0.403694 0.753335
92 0.231573 -0.189396 0.753335
92 0.749147 0.147876 0.753335
92 0.57994 -0.516203 0.753335
92 -0.606082 -0.257406 0.753335
92 0.948351 0.309106 0.753335
92 -0.0646586 -0.69513 0.753335
92 0.260491 -0.322959 0.753335
92 0.42286 0.221618 7.03652
92 -0.548981 0.189371 0.753335
92 -0.0708988 0.538057 0.753335
92 0.193622 -0.817035 0.753335
92 -0.66949 0.60655 7.03652
92 -0.611006 -0.477381 7.03652
92 0.120777 -0.595383 7.03652
92 -0.985083 0.0977214 0.753335
92 0.986687 -0.130489 0.753335
92 -0.831511 -0.0555396 0.753335
92 0.409035 -0.318242 7.03652
92 -0.0896976 0.678374 0.753335
92 -0.479475 0.253142 0.753335
92 -0.689266 -0.121102 0.753335
92 0.97164 0.189505 0.753335
92 0.0432235 -0.793088 0.753335
92 -0.719043 0.0369864 7.03652
92 0.849005 -0.222147 0.753335
92 -0.477155 0.843332 7.03652
92 0.137315 -0.219025 0.753335
92 0.448464 -0.91142 0.753335
92 -0.161867 0.0829363 0.753335
92 0.334567 -0.735037 0.753335
92 -0.00489372 0.0921118 0.753335
92 -0.204239 -0.148348 7.03652
92 0.344043 -0.505641 0.753335
92 -0.312409 0.216318 0.753335
92 -0.00667212 -0.834633 0.753335
92 -0.217271 0.950428 0.753335
92 -0.894202 0.541632 0.753335
92 -0.623241 -0.693746 0.753335
92 -0.522358 0.752874 7.03652
92 0.652499 -0.438625 0.753335
92 -0.522625 -0.898602 7.03652
92 0.369794 0.691996 0.753335
92 0.875149 -0.0624836 7.03652
92 0.00925454 0.918718 0.753335
92 -0.0908194 0.97101 0.753335
92 -0.653449 -0.742144 7.03652
92 -0.298554 -0.633009 0.753335
92 -0.255045 -0.559982 7.03652
92 0.490828 0.472197 0.753335
92 -0.72994 0.329869 0.753335
92 -0.491667 -0.159856 0.753335
92 -0.0591235 -0.806293 0.753335
92 0.975124 -0.193746 7.03652
92 0.19029 0.88673 0.753335
92 -0.496415 -0.69313 7.03652
92 0.387413 0.470985 0.753335
92 0.256927 0.530746 0.753335
92 0.308516 0.0308435 7.03652
92 0.325008 -0.663879 0.753335
92 -0.526011 -0.746192 0.753335
92 0.271316 0.162942 7.03652
92 -0.189285 0.769594 0.753335
92 -0.136981 -0.539421 0.753335
92 0.199692 -0.563633 0.753335
92 -0.133975 0.135612 0.753335
92 0.0358658 -0.233566 0.753335
92 -0.178505 -0.917767 0.753335
92 0.822176 0.0347378 7.03652
92 0.77094 0.527268 0.753335
92 0.144816 -0.844741 0.753335
92 -0.640529 0.337364 7.03652
92 0.821703 0.571674 7.03652
92 -0.858431 0.489635 7.03652
92 0.13981 -0.788778 0.753335
92 0.640178 -0.164255 7.03652
92 0.415332 -0.220645 0.753335
92 -0.907151 -0.233128 0.753335
92 -0.701208 -0.702105 0.753335
92 -0.443024 -0.486901 7.03652
92 -0.228088 -0.949714 0.753335
92 0.263004 -0.859291 0.753335
92 -0.226746 0.625054 0.753335
92 0.0774599 -0.696913 7.03652
92 -0.481139 0.456164 7.03652
92 -0.317716 0.117241 7.03652
92 0.612052 -0.733193 0.753335
92 -0.364071 0.348524 0.753335
92 -0.332177 -0.194807 7.03652
92 -0.343161 -0.496774 0.753335
92 0.0611649 0.8059 0.753335
92 -0.0179806 -0.39184 0.753335
92 0.55127 -0.0423463 7.03652
92 0.0120569 -0.0994497 0.753335
92 0.280971 0.634172 7.03652
92 -0.114891 0.620627 7.03652
92 0.104929 0.551475 0.753335
92 0.348918 -0.052521 0.753335
92 0.741732 -0.210985 0.753335
92 0.795762 -0.273792 7.03652
92 0.83648 -0.550148 7.03652
92 0.124585 -0.0342451 0.753335
92 -0.846936 0.324294 7.03652
92 -0.365009 0.142682 7.03652
92 -0.0652099 -0.398349 0.753335
92 -0.532415 0.547093 0.753335
92 -0.416139 0.139526 7.03652
92 -0.981233 -0.0177531 7.03652
92 0.594829 -0.0105057 7.03652
92 -0.214203 0.0852764 7.03652
92 0.900855 0.277126 0.753335
92 0.511982 0.265396 0.753335
92 -0.525226 0.604837 7.03652
92 0.215906 0.574338 0.753335
92 -0.422098 -0.384018 0.753335
92 -0.722918 -0.0712683 0.753335
92 0.062172 -0.0953141 7.03652
92 -1.00807 -0.288595 7.03652
92 0.622309 -0.795873 7.03652
92 -0.909654 -0.516688 7.03652
92 0.00532189 0.253629 0.753335
92 0.570691 0.35111 0.753335
92 0.328721 0.235683 0.753335
92 -0.159416 0.34036 0.753335
92 0.185298 -0.206316 0.753335
92 0.469503 -0.156346 7.03652
92 -0.608436 -0.36823 7.03652
92 -0.810715 0.276515 0.753335
92 0.0243126 -0.533945 7.03652
92 -0.390927 0.512626 0.753335
92 -0.0393446 0.127619 7.03652
92 0.435216 0.394463 7.03652
92 0.372981 0.616144 7.03652
92 -0.109119 0.331869 7.03652
92 0.5124 -0.76038 0.753335
92 -0.0541619 0.71455 7.03652
92 -0.160846 -0.805315 7.03652
92 0.0106014 0.39347 0.753335
92 0.597009 -0.189704 7.03652
92 0.408402 -0.269482 0.753335
92 -0.992852 -0.0735454 7.03652
92 -0.840926 0.437294 0.753335
92 0.743802 0.474206 0.753335
92 0.0418396 0.355933 0.753335
92 0.886219 -0.327834 7.03652
92 -0.846337 -0.517791 0.753335
92 0.353872 0.050731 0.753335
92 -0.429298 -0.438372 0.753335
92 0.291057 -0.59345 7.03652
92 0.255765 -0.0350911 0.753335
92 0.279934 0.21175 0.753335
92 0.357461 -0.328817 0.753335
92 0.168696 -0.658978 0.753335
92 0.247681 0.354265 7.03652
92 0.291981 -0.706213 0.753335
92 -0.406419 -0.884887 0.753335
92 -0.0213221 -0.95728 0.753335
92 -0.396682 -0.516287 7.03652
92 0.285607 -0.502 0.753335
92 -0.834322 0.152729 0.753335
92 0.636904 0.774544 0.753335
92 0.56105 -0.838166 0.753335
92 -0.334954 0.309953 0.753335
92 0.232739 0.929019 7.03652
92 0.395091 0.0168757 7.03652
92 0.339413 -0.606946 7.03652
92 -0.318924 0.616463 0.753335
92 -0.595331 -0.644912 0.753335
92 0.107332 0.958131 0.753335
92 0.418695 0.718116 0.753335
92 0.0423397 0.689414 0.753335
92 0.206141 0.993522 0.753335
92 -0.11028 -0.785104 7.03652
92 -0.254399 -0.130861 0.753335
92 0.45265 0.552442 0.753335
92 -0.150435 -0.349925 0.753335
92 0.929351 -0.151069 0.753335
92 0.18637 0.383553 0.753335
92 0.319737 -0.202875 0.753335
92 0.0495891 0.477355 0.753335
92 0.483801 0.4194 0.753335
92 0.484119 0.879815 0.753335
92 -0.0182586 0.667785 0.753335
92 -0.337929 0.257827 0.753335
92 -0.924518 -0.176621 0.753335
92 -0.286496 -0.0748112 7.03652
92 0.0865541 -0.227103 7.03652
92 -0.23622 -0.234583 7.03652
92 -0.114347 0.0898011 7.03652
92 -0.578275 -0.864026 7.03652
92 -0.518744 -0.428045 0.753335
92 -0.468813 -0.747762 7.03652
92 -0.17609 0.824761 0.753335
92 0.173001 0.0375764 0.753335
92 -0.97298 0.220805 0.753335
92 -0.782925 0.688122 7.03652
92 0.884886 -0.117699 0.753335
92 0.246795 -0.804207 0.753335
92 0.172493 0.0861311 0.753335
92 0.547294 -0.328505 0.753335
92 -0.217716 -0.669501 7.03652
92 -0.3464 0.397109 0.753335
92 -0.114428 -0.677659 0.753335
92 0.0822327 0.0888189 7.03652
92 -0.117808 -0.317488 0.753335
92 0.105456 -0.411616 0.753335
92 0.1804 0.185745 0.753335
92 -0.211376 -0.581663 0.753335
92 0.487886 0.0508092 7.03652
92 -0.237863 0.79136 7.03652
92 0.679739 -0.490203 0.753335
92 0.631485 0.0290135 0.753335
92 0.293496 -0.774714 0.753335
92 -0.644445 0.80698 7.03652
92 0.906669 0.417466 7.03652
92 0.00820894 -0.435076 7.03652
92 -0.0991958 0.281613 0.753335
92 0.565445 -0.153847 0.753335
92 0.143589 1.00682 0.753335
92 -1.03537 -0.163282 0.753335
92 -0.588037 -0.0174876 7.03652
92 -0.320229 -0.240581 7.03652
92 -0.134978 0.241251 0.753335
92 0.0918746 -0.754139 7.03652
92 -0.633666 -0.11719 7.03652
92 -0.0201531 -0.144617 0.753335
92 -0.192545 0.666905 0.753335
92 0.346761 0.500445 0.753335
92 -0.309249 0.353791 0.753335
92 0.314487 0.133576 0.753335
92 -0.292084 -0.476684 0.753335
92 -0.86602 0.376346 0.753335
92 -0.086653 0.0441738 7.03652
92 -0.698151 0.145999 0.753335
92 0.755007 -0.0550875 0.753335
