92.3333 -0.902863 0.310007 0.753335
92.3333 0.65595 -0.68655 0.753335
92.3333 -0.448052 -0.594062 7.03652
92.3333 -0.410386 0.822921 0.753335
92.3333 -0.260806 -0.0343477 0.753335
92.3333 -1.04688 -0.0433496 7.03652
92.3333 -0.859675 -0.38849 0.753335
92.3333 -0.427627 0.566415 0.753335
92.3333 0.0071849 0.145307 0.753335
92.3333 0.741685 -0.494742 0.753335
92.3333 0.0738847 0.392417 7.03652
92.3333 -0.0231165 0.972604 0.753335
92.3333 -0.436053 0.877318 7.03652
92.3333 -0.336723 -0.0652728 0.753335
92.3333 -0.116275 0.457336 7.03652
92.3333 0.421074 -0.170678 0.753335
92.3333 0.458897 -0.317055 7.03652
92.3333 -1.02697 -0.227919 7.03652
92.3333 -0.973277 -0.129364 0.753335
92.3333 -0.281246 0.937428 0.753335
92.3333 0.0922407 0.194593 7.03652
92.3333 -0.834209 -0.153258 7.03652
92.3333 -0.170396 0.169575 0.753335
92.3333 -0.758116 0.285216 7.03652
92.3333 0.951866 0.0913015 0.753335
92.3333 0.431342 0.911336 0.753335
92.3333 -0.190089 0.521905 7.03652
92.3333 -0.868887 -0.191037 0.753335
92.3333 -0.176466 0.21557 0.753335
92.3333 -0.709313 0.658366 0.753335
92.3333 0.0683856 -0.51599 0.753335
92.3333 0.050146 -0.188395 7.03652
92.3333 -0.0928022 -0.00325874 7.03652
92.3333 -0.140596 -0.00333613 7.03652
92.3333 -0.38533 0.951843 0.753335
92.3333 -0.576175 0.581833 0.753335
92.3333 0.0636343 -0.321811 7.03652
92.3333 -0.0668053 0.0900379 7.03652
92.3333 -0.598753 -0.760925 0.753335
92.3333 0.75348 0.257667 0.753335
92.3333 -0.352165 -0.914689 0.753335
92.3333 0.158549 -0.954398 0.753335
92.3333 -0.685797 0.482822 7.03652
92.3333 0.215852 -0.343725 0.753335
92.3333 0.631817 -0.627007 7.03652
92.3333 -0.117486 0.917539 7.03652
92.3333 0.66721 0.663777 0.753335
92.3333 -0.0257239 -0.0735674 7.03652
92.3333 0.734646 -0.000936848 7.03652
92.3333 0.148065 -0.738116 0.753335
92.3333 0.605434 0.310016 0.753335
92.3333 -0.609915 0.0760636 0.753335
92.3333 -0.781348 -0.258362 7.03652
92.3333 0.429034 -0.554692 7.03652
92.3333 0.0679768 0.592548 0.753335
92.3333 0.0951817 0.855528 0.753335
92.3333 -0.507564 -0.317249 7.03652
92.3333 0.527741 0.73787 0.753335
92.3333 0.428413 -0.11899 0.753335
92.3333 -0.617239 0.290842 0.753335
92.3333 -0.345276 -0.656034 0.753335
92.3333 -0.336712 0.509762 7.03652
92.3333 -0.349592 0.838876 7.03652
92.3333 0.671943 -0.748473 0.753335
92.3333 -0.359007 0.201743 0.753335
92.3333 -0.45411 -0.12815 7.03652
92.3333 0.270158 -0.2225 7.03652
92.3333 0.203997 -0.39391 0.753335
92.3333 0.522869 -0.0835185 0.753335
92.3333 0.0719779 -0.140894 0.753335
92.3333 0.31915 0.855704 0.753335
92.3333 -0.302444 -0.972488 0.753335
92.3333 -0.914535 0.241602 0.753335
92.3333 -0.0288117 0.766706 7.03652
92.3333 0.0858689 0.139922 0.753335
92.3333 -0.248627 -0.618683 7.03652
92.3333 0.548505 -0.27153 0.753335
92.3333 0.409709 0.653987 0.753335
92.3333 0.26582 0.976218 0.753335
92.3333 -0.953464 0.285511 0.753335
92.3333 -0.227211 0.84455 7.03652
92.3333 0.468659 0.242144 7.03652
92.3333 -0.0298383 -0.534125 0.753335
92.3333 -0.564199 -0.451891 7.03652
92.3333 0.312346 0.0830633 0.753335
92.3333 -0.865917 -0.333275 0.753335
92.3333 0.261774 0.0146888 7.03652
92.3333 -0.480797 0.5623 7.03652
92.3333 0.793649 -0.217349 0.753335
92.3333 -0.00611132 -0.895128 0.753335
92.3333 0.331772 -0.457426 0.753335
92.3333 -0.214473 -0.0493512 0.753335
92.3333 -0.292723 0.696068 7.03652
92.3333 0.390977 0.313029 0.753335
92.3333 0.258876 -0.376641 0.753335
92.3333 0.283182 -0.451932 0.753335
92.3333 0.773108 -0.108727 7.03652
92.3333 0.198667 -0.762433 7.03652
92.3333 -0.754105 0.132738 0.753335
92.3333 0.193931 -0.705802 0.753335
92.3333 0.042699 0.967757 7.03652
92.3333 0.711386 -0.442489 0.753335
92.3333 0.76727 -0.327395 0.753335
92.3333 -0.439285 0.220738 0.753335
92.3333 0.21467 -0.516868 0.753335
92.3333 -0.288493 -0.420862 7.03652
92.3333 -0.244597 0.0509368 7.03652
92.3333 0.645377 -0.0295757 7.03652
92.3333 0.228133 0.624619 0.753335
92.3333 -0.438846 -0.0415297 0.753335
92.3333 0.490391 -0.707484 0.753335
92.3333 -0.275373 -0.26522 7.03652
92.3333 0.000296059 0.716378 0.753335
92.3333 -0.017314 0.299 0.753335
92.3333 0.209001 -0.871168 0.753335
92.3333 0.331599 0.447071 0.753335
92.3333 -0.504507 0.662268 0.753335
92.3333 0.756369 0.314324 0.753335
92.3333 0.552559 -0.466468 7.03652
92.3333 -0.563306 0.646106 0.753335
92.3333 -0.0217137 -0.668783 0.753335
92.3333 0.572575 -0.615034 0.753335
92.3333 -0.162377 0.565847 0.753335
92.3333 -0.0523242 0.267603 7.03652
92.3333 -0.209674 -0.721358 7.03652
92.3333 -0.758445 -0.308491 7.03652
92.3333 -0.111359 -0.177128 0.753335
92.3333 -0.490974 0.506222 7.03652
92.3333 -0.544364 0.868412 7.03652
92.3333 -0.192993 -0.101237 0.753335
92.3333 0.596869 -0.673236 0.753335
92.3333 -0.139576 -0.0947476 0.753335
92.3333 -0.64984 0.168203 0.753335
92.3333 -0.0143258 -1.01729 7.03652
92.3333 -0.924748 -0.0114145 7.03652
92.3333 0.148802 0.256793 7.03652
92.3333 -0.0881648 0.230489 0.753335
92.3333 0.850158 0.251593 0.753335
92.3333 0.723035 0.689971 0.753335
92.3333 0.30914 0.307979 0.753335
92.3333 0.168283 -0.353769 0.753335
92.3333 -0.448145 -0.650138 7.03652
92.3333 -0.432973 0.0930859 7.03652
92.3333 -0.160383 -0.581873 7.03652
92.3333 0.0723604 0.743842 0.753335
92.3333 -0.615047 -0.424289 0.753335
92.3333 0.849529 0.519685 0.753335
92.3333 -0.997207 0.0380768 7.03652
92.3333 -0.698205 0.773788 7.03652
92.3333 0.513581 -0.187093 0.753335
92.3333 0.680893 -0.131519 7.03652
92.3333 -0.0880202 0.138081 0.753335
92.3333 -0.468823 -0.0816175 0.753335
92.3333 0.269213 0.58134 0.753335
92.3333 0.552121 -0.216776 7.03652
92.3333 -0.0165196 0.35163 0.753335
92.3333 -0.103547 -0.129943 7.03652
92.3333 0.375409 0.933747 7.03652
92.3333 0.257122 0.306348 0.753335
92.3333 -0.269313 0.586252 0.753335
92.3333 -0.117956 -0.0467401 7.03652
92.3333 -0.106886 -0.58892 0.753335
92.3333 0.806207 -0.495855 7.03652
92.3333 -0.738439 0.482081 0.753335
92.3333 0.400012 -0.513465 7.03652
92.3333 0.588626 -0.429086 0.753335
92.3333 -0.0610432 0.320808 7.03652
92.3333 0.117394 -0.64348 0.753335
92.3333 -0.0526699 -0.112501 7.03652
92.3333 0.543659 0.00778448 0.753335
92.3333 0.698491 -0.0459454 0.753335
92.3333 0.242625 -0.686383 7.03652
92.3333 0.212521 0.438787 0.753335
92.3333 -0.927699 0.104082 0.753335
92.3333 -0.545879 -0.157402 7.03652
92.3333 -0.140625 0.865164 0.753335
92.3333 0.0755979 -0.27383 0.753335
92.3333 0.320802 -0.958152 0.753335
92.3333 -0.97955 -0.18772 7.03652
92.3333 -0.261268 -0.732416 0.753335
92.3333 0.631985 0.428848 7.03652
92.3333 -0.66737 -0.0729146 0.753335
92.3333 0.00940893 0.201429 0.753335
92.3333 -0.685265 0.540503 0.753335
92.3333 -0.976182 0.376984 7.03652
92.3333 -0.511235 0.805197 7.03652
92.3333 -0.475112 0.0635812 7.03652
92.3333 -0.82762 0.543734 7.03652
92.3333 0.0785755 1.01654 7.03652
92.3333 -0.633576 0.218807 0.753335
92.3333 -0.554217 -0.79649 0.753335
92.3333 0.681189 0.00954273 0.753335
92.3333 -0.326822 -0.287474 0.753335
92.3333 0.0271037 -0.0524998 0.753335
92.3333 -0.583321 0.750642 0.753335
92.3333 0.748498 0.0933665 0.753335
92.3333 -0.487123 -0.0249728 7.03652
92.3333 0.642707 -0.530682 0.753335
92.3333 0.596158 -0.295534 0.753335
92.3333 -0.514488 -0.115061 7.03652
92.3333 -1.02962 0.198493 7.03652
92.3333 0.908643 -0.205023 0.753335
92.3333 0.34804 -0.377211 0.753335
92.3333 -0.167016 -0.0558759 0.753335
92.3333 -0.35081 -0.601571 7.03652
92.3333 -0.00362691 0.452409 0.753335
92.3333 0.448467 0.087059 0.753335
92.3333 0.435858 0.28215 0.753335
92.3333 -0.404167 0.376076 0.753335
92.3333 0.455742 -0.763985 0.753335
92.3333 -0.240529 0.535985 0.753335
92.3333 -0.162736 0.481102 0.753335
92.3333 0.588787 0.465494 0.753335
92.3333 -0.815812 0.220907 7.03652
92.3333 0.0377275 -0.00200396 7.03652
92.3333 0.53577 0.852103 7.03652
92.3333 -0.292813 -0.161155 0.753335
92.3333 -0.456259 0.171905 0.753335
92.3333 0.0935865 0.498727 0.753335
92.3333 -0.0337561 0.49615 0.753335
92.3333 -0.544475 0.700399 0.753335
92.3333 0.661761 0.0699779 7.03652
92.3333 0.856611 -0.168378 0.753335
92.3333 -0.704008 -0.607011 7.03652
92.3333 -0.490747 -0.467999 0.753335
92.3333 0.150052 0.705282 0.753335
92.3333 0.362795 0.155302 7.03652
92.3333 0.561999 -0.380355 0.753335
92.3333 0.697065 0.173221 0.753335
92.3333 -0.188978 -0.630301 0.753335
92.3333 -0.744733 0.536044 0.753335
92.3333 0.0699484 -0.636379 0.753335
92.3333 -0.456275 -0.252854 0.753335
92.3333 -0.360877 -0.0128458 0.753335
92.3333 -0.411376 -0.752008 0.753335
92.3333 -0.889048 0.0487545 0.753335
92.3333 -0.600795 -0.529105 7.03652
92.3333 -0.598202 -0.581834 7.03652
92.3333 0.373686 0.755735 7.03652
92.3333 -0.227302 0.230649 7.03652
92.3333 0.113527 -0.314477 0.753335
92.3333 -0.472566 0.616448 0.753335
92.3333 -0.130328 1.01685 7.03652
92.3333 0.653395 0.545348 0.753335
92.3333 0.126529 0.395868 0.753335
92.3333 -1.04393 -0.105941 0.753335
92.3333 0.74386 -0.395466 0.753335
92.3333 0.682606 0.454314 7.03652
92.3333 -0.906535 -0.12722 0.753335
92.3333 0.547285 -0.559655 0.753335
92.3333 -0.29253 0.29273 7.03652
92.3333 -0.809135 0.386766 0.753335
92.3333 0.2999 -0.0696097 0.753335
92.3333 -0.88282 -0.283126 7.03652
92.3333 -0.460729 -0.301569 7.03652
92.3333 0.475572 -0.102155 0.753335
92.3333 0.228606 0.778371 0.753335
92.3333 0.390508 0.257912 7.03652
92.3333 0.874897 0.466719 0.753335
92.3333 -0.345866 -0.147395 0.753335
92.3333 0.606087 -0.570422 7.03652
92.3333 0.416809 -0.805974 7.03652
92.3333 -0.218984 0.181186 0.753335
92.3333 -0.123943 0.379434 7.03652
92.3333 0.00420588 0.816594 7.03652
92.3333 0.137982 0.211342 0.753335
92.3333 0.390892 -0.0832783 0.753335
92.3333 0.429221 -0.653006 7.03652
92.3333 -0.15706 -0.185736 0.753335
92.3333 -0.652043 0.11543 0.753335
92.3333 -0.269154 -0.849562 7.03652
92.3333 -0.36158 -0.724106 0.753335
92.3333 0.174699 -0.257411 0.753335
92.3333 -0.398929 -0.624614 7.03652
92.3333 -0.587569 0.235262 0.753335
92.3333 -0.333269 0.910878 7.03652
92.3333 0.91904 0.154565 0.753335
92.3333 0.175203 0.135873 7.03652
92.3333 -0.172497 0.716555 7.03652
92.3333 -0.348993 -0.548302 0.753335
92.3333 -0.699058 -0.0260685 0.753335
92.3333 -0.442734 0.416363 7.03652
92.3333 -0.241495 0.682531 7.03652
92.3333 0.410381 0.172298 0.753335
92.3333 0.739615 -0.15401 7.03652
92.3333 -0.719428 -0.164601 0.753335
92.3333 0.658616 0.600645 0.753335
92.3333 -0.0789094 0.183727 7.03652
92.3333 0.390898 0.369342 0.753335
92.3333 0.799342 0.108962 7.03652
92.3333 0.172032 -0.605587 0.753335
92.3333 -0.804088 -0.481097 0.753335
92.3333 0.461991 0.185936 7.03652
92.3333 -0.201067 -0.368332 0.753335
92.3333 -0.987545 -0.344165 7.03652
92.3333 -0.822996 -0.428467 7.03652
92.3333 -0.638109 0.747274 0.753335
92.3333 0.492022 -0.0452393 7.03652
92.3333 0.582647 0.044874 0.753335
92.3333 -0.28539 0.484856 0.753335
92.3333 -0.838782 -0.620512 0.753335
92.3333 0.620327 0.369994 7.03652
92.3333 0.0525777 0.268751 0.753335
92.3333 0.499503 0.582395 0.753335
92.3333 -0.266306 0.196132 0.753335
92.3333 0.100886 0.350821 0.753335
92.3333 -0.328817 0.0251594 7.03652
92.3333 0.374589 -0.699396 7.03652
92.3333 0.208814 -0.0483129 0.753335
92.3333 0.554016 0.111701 0.753335
92.3333 -0.415236 -0.222282 0.753335
92.3333 -0.941385 -0.463752 7.03652
92.3333 0.17198 0.781627 0.753335
92.3333 0.639714 0.489788 0.753335
92.3333 -0.378833 -0.413076 0.753335
92.3333 0.334789 0.652528 0.753335
92.3333 -0.38002 -0.189204 0.753335
92.3333 -0.140732 0.667169 0.753335
92.3333 -0.359219 -0.972229 0.753335
92.3333 -0.79501 0.498864 7.03652
92.3333 0.0983739 0.24921 0.753335
92.3333 -0.534821 -0.011853 0.753335
92.3333 -0.24151 -0.179266 0.753335
92.3333 0.0785885 0.643626 0.753335
92.3333 -0.259494 0.327328 0.753335
92.3333 -0.370909 -0.304893 0.753335
92.3333 0.905204 -0.26371 7.03652
92.3333 -0.922257 0.487236 0.753335
92.3333 -0.596686 0.178521 7.03652
92.3333 -0.298171 -0.527613 0.753335
92.3333 -0.316689 -0.812324 0.753335
92.3333 0.229043 0.197295 0.753335
92.3333 0.717337 -0.701792 0.753335
92.3333 -0.00722571 -0.488062 7.03652
92.3333 -0.667003 -0.250923 0.753335
92.3333 0.595848 0.52578 0.753335
92.3333 -0.569807 0.804301 0.753335
92.3333 0.800656 0.224355 0.753335
92.3333 0.266788 0.113721 0.753335
92.3333 0.0414187 0.112127 0.753335
92.3333 -0.658333 0.26185 7.03652
92.3333 -0.462531 0.0138257 7.03652
92.3333 0.113448 -0.0827411 7.03652
92.3333 0.242214 -0.136307 0.753335
92.3333 -0.369784 0.614744 0.753335
92.3333 -0.388749 0.241013 7.03652
92.3333 -0.263065 -0.790304 0.753335
92.3333 0.771669 -0.54738 0.753335
92.3333 -0.204248 -0.479057 7.03652
92.3333 0.0485487 0.168914 0.753335
92.3333 -0.23003 -0.288155 7.03652
92.3333 -0.662766 0.0641391 0.753335
92.3333 0.219255 0.100406 7.03652
92.3333 0.456752 0.136867 0.753335
92.3333 -0.335206 -0.444458 7.03652
92.3333 0.209672 0.830475 7.03652
92.3333 0.149606 0.347875 7.03652
92.3333 0.0927827 0.439427 0.753335
92.3333 -0.308538 -0.114483 7.03652
92.3333 -0.78551 0.441604 0.753335
92.3333 0.803036 0.166409 0.753335
92.3333 -0.262503 0.995746 0.753335
92.3333 -0.056075 0.450098 0.753335
92.3333 0.0379616 0.86307 0.753335
92.3333 0.252736 0.727267 0.753335
92.3333 0.170857 -0.496274 0.753335
92.3333 0.35994 0.556923 0.753335
92.3333 -0.752156 0.378947 0.753335
92.3333 0.603961 -0.0638949 0.753335
92.3333 0.435383 0.446396 7.03652
92.3333 -0.887692 -0.0552628 0.753335
92.3333 0.790641 -0.0114298 0.753335
92.3333 -0.416992 0.325126 0.753335
92.3333 -0.0570034 -0.577855 0.753335
92.3333 0.100634 -0.937457 7.03652
92.3333 -0.14674 0.291816 7.03652
92.3333 -0.539168 0.490705 0.753335
92.3333 -0.279283 0.753252 7.03652
92.3333 -0.705942 -0.366536 0.753335
92.3333 0.474756 -0.412276 0.753335
92.3333 -0.376307 0.561032 0.753335
92.3333 0.247992 -0.742597 0.753335
92.3333 -0.034951 0.405255 7.03652
92.3333 0.400357 -0.367744 0.753335
92.3333 -0.64806 -0.294872 7.03652
92.3333 -0.260238 0.441658 7.03652
92.3333 -0.191064 -0.254839 0.753335
92.3333 -0.586309 0.468235 0.753335
92.3333 0.21333 0.284629 7.03652
92.3333 -0.146999 -0.445935 0.753335
92.3333 -0.771137 -0.41309 7.03652
92.3333 -0.301228 -0.581492 0.753335
92.3333 -0.0534371 0.922278 0.753335
92.3333 -0.0531068 0.818019 7.03652
92.3333 -0.502322 0.347804 7.03652
92.3333 0.568628 0.680177 0.753335
92.3333 -0.0799246 0.870202 7.03652
92.3333 0.700445 0.509315 0.753335
92.3333 -0.936965 -0.0769371 0.753335
92.3333 -0.442317 0.515018 0.753335
92.3333 0.457706 -0.264209 7.03652
92.3333 -0.374275 -0.840051 7.03652
92.3333 0.616524 -0.120127 0.753335
92.3333 -0.764784 -0.712121 7.03652
92.3333 0.0362779 -0.963916 7.03652
92.3333 -0.642506 -0.611765 7.03652
92.3333 0.657009 -0.0835431 7.03652
92.3333 -0.388704 0.423447 7.03652
92.3333 -1.04732 0.0797654 0.753335
92.3333 -0.0861295 -0.535766 0.753335
92.3333 -0.421372 0.618432 0.753335
92.3333 0.536283 0.443669 0.753335
92.3333 0.213497 -0.293741 0.753335
92.3333 -0.7316 0.426263 0.753335
92.3333 0.352568 -0.788009 0.753335
92.3333 -0.592475 0.352888 7.03652
92.3333 0.153415 0.840223 0.753335
92.3333 -0.199453 0.309733 7.03652
92.3333 -0.760505 0.229993 0.753335
92.3333 0.0916045 -0.816018 0.753335
92.3333 -0.748829 -0.0102738 0.753335
92.3333 -0.897402 0.426648 0.753335
92.3333 0.513204 0.686841 0.753335
92.3333 -0.0109941 -0.0252545 0.753335
92.3333 -0.467532 -0.918994 7.03652
92.3333 -0.276955 0.247842 0.753335
92.3333 0.027301 0.636601 7.03652
92.3333 -0.722036 -0.261074 7.03652
92.3333 -0.238393 0.280695 0.753335
92.3333 -0.339341 0.668135 7.03652
92.3333 0.0470467 -0.909587 7.03652
92.3333 0.125224 0.0639983 7.03652
92.3333 -0.555598 -0.344613 7.03652
92.3333 -0.969772 -0.402108 7.03652
92.3333 0.823605 -0.332909 0.753335
92.3333 0.0407977 0.430216 0.753335
92.3333 0.303934 -0.352624 0.753335
92.3333 0.503999 -0.243587 7.03652
92.3333 -0.634529 0.4489 7.03652
92.3333 -0.417423 -0.329484 0.753335
92.3333 0.70369 0.286979 7.03652
92.3333 -0.188865 0.0405115 7.03652
92.3333 0.321899 0.184144 0.753335
92.3333 -0.294587 0.867407 0.753335
92.3333 -0.31302 -0.699002 0.753335
92.3333 0.309527 -0.831712 0.753335
92.3333 -0.941956 0.0449969 0.753335
92.3333 0.96248 0.247991 7.03652
92.3333 0.476826 0.809706 7.03652
92.3333 0.127476 0.0175501 0.753335
92.3333 0.909639 0.214443 0.753335
92.3333 -0.481483 0.719786 7.03652
92.3333 0.273131 -0.915001 7.03652
92.3333 -0.963033 -0.245258 0.753335
92.3333 0.287376 0.263891 0.753335
92.3333 -0.374856 -0.359235 0.753335
92.3333 -0.242585 0.894763 0.753335
92.3333 0.276839 -0.643385 7.03652
92.3333 0.497022 -0.814813 7.03652
92.3333 0.150476 -0.168516 0.753335
92.3333 0.0551302 0.535993 0.753335
92.3333 -0.11629 -0.39286 0.753335
92.3333 -0.0461429 0.00784791 7.03652
92.3333 -0.865422 -0.00114784 0.753335
92.3333 -0.585501 0.525899 7.03652
92.3333 0.998127 0.0535598 7.03652
92.3333 -0.454705 0.781233 7.03652
92.3333 -0.266274 0.100481 0.753335
92.3333 -0.184984 -0.00813266 0.753335
92.3333 -0.922656 0.362097 0.753335
92.3333 -0.23977 -0.339169 7.03652
92.3333 -0.714832 -0.423329 0.753335
92.3333 0.126752 -0.694548 7.03652
92.3333 -0.534638 0.438659 7.03652
92.3333 0.946265 -0.315411 7.03652
92.3333 -0.283235 -0.367598 7.03652
92.3333 0.0744784 -0.0496048 7.03652
92.3333 0.718163 -0.347954 0.753335
92.3333 -0.552498 -0.291096 7.03652
92.3333 -0.224026 0.407616 0.753335
92.3333 0.596163 0.142118 0.753335
92.3333 0.514947 -0.604835 0.753335
92.3333 -0.11204 -0.729898 0.753335
92.3333 -0.155865 -0.139015 0.753335
92.3333 0.340513 0.394737 0.753335
92.3333 0.856677 0.193989 0.753335
92.3333 -0.323419 0.451403 0.753335
92.3333 0.161169 0.565067 7.03652
92.3333 -0.682265 0.710774 7.03652
92.3333 -0.553092 0.133666 0.753335
92.3333 -0.562054 -0.0614499 0.753335
92.3333 0.169279 -0.0135168 7.03652
92.3333 0.680399 0.732816 0.753335
92.3333 -0.787468 0.174014 0.753335
92.3333 0.799141 -0.603791 0.753335
92.3333 -0.954086 0.433383 7.03652
92.3333 0.92315 -0.0259467 7.03652
92.3333 -0.279744 0.0139921 0.753335
92.3333 0.11903 0.298214 7.03652
92.3333 -0.12579 0.189379 7.03652
92.3333 0.0745305 0.311088 0.753335
92.3333 0.831675 0.420366 7.03652
92.3333 -0.390091 0.773497 0.753335
92.3333 -0.215922 0.354281 0.753335
92.3333 -0.63054 -0.210065 7.03652
92.3333 0.114077 0.800003 0.753335
92.3333 0.266194 0.0646201 0.753335
92.3333 -0.639399 -0.028147 0.753335
92.3333 -0.49532 0.205076 7.03652
92.3333 -0.72069 -0.554584 0.753335
92.3333 -0.327556 -0.339213 0.753335
92.3333 0.377827 -0.942508 0.753335
92.3333 -0.660961 -0.560231 7.03652
92.3333 -0.145429 -0.232432 0.753335
92.3333 -0.758386 0.633521 7.03652
92.3333 0.328967 -0.152968 0.753335
92.3333 0.599949 -0.243926 0.753335
92.3333 -0.137994 -0.632439 7.03652
92.3333 -0.229661 0.00507669 0.753335
92.3333 -0.587068 0.41298 7.03652
92.3333 -0.330304 0.733397 0.753335
92.3333 -0.0622097 -0.915346 0.753335
92.3333 -0.739605 -0.65307 7.03652
92.3333 -0.399184 -0.569094 7.03652
92.3333 -0.768415 -0.527503 0.753335
92.3333 0.156897 -0.898889 0.753335
92.3333 -0.0328716 0.174996 0.753335
92.3333 -0.863817 0.263497 7.03652
92.3333 0.777146 0.424889 0.753335
92.3333 -0.109736 0.818414 7.03652
92.3333 -0.294981 0.0635331 0.753335
92.3333 0.145046 0.517133 7.03652
92.3333 0.0966828 -0.554972 0.753335
92.3333 0.219346 0.0520908 7.03652
92.3333 -0.791173 0.333926 7.03652
92.3333 0.0563167 -0.421153 0.753335
92.3333 -0.00883986 -0.777736 7.03652
92.3333 0.370221 0.208899 0.753335
92.3333 0.132245 0.652572 7.03652
92.3333 0.170066 0.94553 0.753335
92.3333 0.399916 0.0703177 0.753335
92.3333 0.368103 -0.841371 0.753335
92.3333 -0.159365 -0.494671 0.753335
92.3333 -0.157374 0.958055 0.753335
92.3333 -0.841497 -0.247215 0.753335
92.3333 -0.322558 0.167273 0.753335
92.3333 -0.384021 0.0956911 7.03652
92.3333 0.988353 0.132689 0.753335
92.3333 0.427486 0.779052 7.03652
92.3333 -0.890554 0.144792 7.03652
92.3333 -0.299207 0.40898 0.753335
92.3333 0.508458 0.205255 0.753335
92.3333 0.711856 0.0536616 7.03652
92.3333 0.214927 0.00236799 0.753335
92.3333 0.549197 0.560231 0.753335
92.3333 0.420358 -0.414315 0.753335
92.3333 -0.612704 0.621855 0.753335
92.3333 0.139854 -0.454211 0.753335
92.3333 -0.830264 0.0502493 0.753335
92.3333 0.80663 0.479014 0.753335
92.3333 -0.514661 0.0938093 0.753335
92.3333 0.387697 -0.466057 0.753335
92.3333 -0.661567 -0.400592 7.03652
92.3333 0.237263 0.399357 7.03652
92.3333 0.339943 -0.102407 0.753335
92.3333 -0.22905 -0.889159 7.03652
92.3333 0.519326 -0.510195 7.03652
92.3333 -0.805961 0.104481 0.753335
92.3333 -0.570374 0.283839 7.03652
92.3333 -0.39519 0.666788 0.753335
92.3333 -0.165542 -0.862797 7.03652
92.3333 0.992085 -0.06794 7.03652
92.3333 0.649084 0.221973 7.03652
92.3333 0.040167 -0.474921 0.753335
92.3333 0.518542 -0.135933 0.753335
92.3333 -0.117879 -0.902617 7.03652
92.3333 -0.380612 0.29156 7.03652
92.3333 0.168479 0.300706 0.753335
92.3333 0.0271951 -0.378877 0.753335
92.3333 -0.682982 0.308992 7.03652
92.3333 -0.046951 -0.206505 0.753335
92.3333 0.651385 0.274028 0.753335
92.3333 -0.266747 -0.676187 0.753335
92.3333 -0.508837 0.154827 0.753335
92.3333 -0.66752 -0.801053 0.753335
92.3333 0.044719 -0.851707 0.753335
92.3333 0.61651 -0.478353 7.03652
92.3333 0.238937 -0.596137 0.753335
92.3333 -0.564103 -0.397266 7.03652
92.3333 0.151891 -0.547911 0.753335
92.3333 -0.0948916 -0.440634 0.753335
92.3333 -0.231194 0.486352 0.753335
92.3333 -0.601975 0.127897 0.753335
92.3333 0.647878 0.120446 0.753335
92.3333 -0.311772 -0.755316 7.03652
92.3333 0.367067 -0.420231 7.03652
92.3333 -0.473086 -0.20783 0.753335
92.3333 -0.776646 -0.161666 0.753335
92.3333 -0.457418 -0.856958 7.03652
92.3333 0.694674 -0.640821 7.03652
92.3333 -0.746824 -0.115993 7.03652
92.3333 -0.0619873 0.639044 7.03652
92.3333 0.759122 -0.654324 0.753335
92.3333 0.715337 0.561683 0.753335
92.3333 -0.192708 -1.00481 0.753335
92.3333 -0.580124 -0.199382 7.03652
92.3333 0.862163 0.373478 0.753335
92.3333 -0.36845 -0.244826 0.753335
92.3333 -0.0952727 -0.220052 0.753335
92.3333 0.0219803 0.575499 0.753335
92.3333 -0.610755 -0.0729981 7.03652
92.3333 0.0738353 -0.368344 0.753335
92.3333 -0.77843 0.0358383 0.753335
92.3333 -0.0799209 -0.637024 0.753335
92.3333 0.440215 -0.461323 0.753335
92.3333 -0.560144 0.0806349 0.753335
92.3333 0.131678 0.162239 0.753335
92.3333 0.655982 -0.336847 7.03652
92.3333 0.358623 0.103907 0.753335
92.3333 0.125355 -0.266938 7.03652
92.3333 0.410403 0.58123 0.753335
92.3333 -0.549825 0.329345 7.03652
92.3333 0.196278 -0.152689 0.753335
92.3333 -0.151591 0.425758 0.753335
92.3333 0.748824 0.201081 0.753335
92.3333 0.446331 -0.0147191 7.03652
92.3333 0.545685 0.500062 0.753335
92.3333 -0.196322 -0.53338 0.753335
92.3333 0.471861 0.742427 0.753335
92.3333 -0.63599 0.505754 0.753335
92.3333 -0.975175 0.154513 0.753335
92.3333 0.126207 0.749723 7.03652
92.3333 0.0327347 0.0609312 7.03652
92.3333 0.00213114 0.0258814 0.753335
92.3333 -0.131267 0.520448 0.753335
92.3333 0.0255676 -0.144934 0.753335
92.3333 0.191595 0.235737 0.753335
92.3333 0.23749 0.677525 7.03652
92.3333 -0.060396 -0.75074 0.753335
92.3333 0.0105255 1.02248 7.03652
92.3333 0.456416 -0.602357 7.03652
92.3333 -0.493715 0.403095 7.03652
92.3333 -0.281606 -0.314025 0.753335
92.3333 0.257498 -0.545018 0.753335
92.3333 -0.732505 0.185867 0.753335
92.3333 0.382978 0.818003 0.753335
92.3333 0.371094 -0.183945 0.753335
92.3333 0.718255 -0.0976186 0.753335
92.3333 -0.0642576 -0.163793 7.03652
92.3333 0.625562 -0.39032 7.03652
92.3333 0.67156 0.388764 7.03652
92.3333 -0.511719 -0.373763 0.753335
92.3333 0.0980139 -0.877809 7.03652
92.3333 -0.809428 -0.00702036 0.753335
92.3333 -0.757228 0.0806678 0.753335
92.3333 0.155702 -0.40573 0.753335
92.3333 0.646959 -0.279741 7.03652
92.3333 0.120091 -0.505236 0.753335
92.3333 -0.877636 -0.572086 0.753335
92.3333 -0.328986 0.977305 7.03652
92.3333 0.116707 -0.129568 0.753335
92.3333 0.597384 0.199323 0.753335
92.3333 -0.377538 0.715752 7.03652
92.3333 -0.287456 0.814314 7.03652
92.3333 0.444485 0.497658 7.03652
92.3333 0.0525435 0.221795 0.753335
92.3333 0.321713 0.595613 0.753335
92.3333 -0.311254 -0.0250662 0.753335
92.3333 -0.0339618 -0.34575 7.03652
92.3333 0.379402 -0.134291 0.753335
92.3333 0.196805 0.729203 7.03652
92.3333 0.698312 -0.29998 7.03652
92.3333 -0.0119988 -0.722594 7.03652
92.3333 -0.410382 -0.00260958 7.03652
92.3333 -0.807431 -0.206285 7.03652
92.3333 -0.0872176 0.493322 7.03652
92.3333 -0.454361 0.363339 0.753335
92.3333 0.707226 -0.542632 0.753335
92.3333 -0.692001 -0.208208 0.753335
92.3333 0.22245 -0.242352 0.753335
92.3333 0.0127037 0.509403 7.03652
92.3333 0.0704932 0.911912 7.03652
92.3333 0.309285 -0.30251 0.753335
92.3333 -0.289008 0.534384 0.753335
92.3333 0.644925 0.170941 0.753335
92.3333 -0.49664 -0.630177 7.03652
92.3333 0.53692 0.062403 7.03652
92.3333 0.668903 -0.584681 7.03652
92.3333 -0.505645 -0.260376 0.753335
92.3333 0.556906 0.28896 0.753335
92.3333 -0.749935 -0.466551 7.03652
92.3333 0.450858 0.616845 0.753335
92.3333 0.89736 -0.436175 7.03652
92.3333 0.807528 0.353334 0.753335
92.3333 -0.448933 0.672808 7.03652
92.3333 -0.195858 1.00856 0.753335
92.3333 0.45312 -0.366 0.753335
92.3333 0.431395 0.848235 0.753335
92.3333 -0.522435 -0.204807 0.753335
92.3333 -0.517989 -0.84127 7.03652
92.3333 0.505421 -0.361274 7.03652
92.3333 -0.464905 -0.354968 7.03652
92.3333 0.120354 0.601494 0.753335
92.3333 -0.190314 -0.317215 0.753335
92.3333 0.611431 0.640637 0.753335
92.3333 -0.341872 0.0774714 0.753335
92.3333 0.9362 -0.0839191 0.753335
92.3333 0.530542 0.792684 7.03652
92.3333 -0.784572 0.579954 0.753335
92.3333 -0.423015 0.0462449 0.753335
92.3333 -0.497399 -0.518795 0.753335
92.3333 0.624351 0.704102 7.03652
92.3333 -0.64881 0.663953 7.03652
92.3333 0.0395758 -0.738627 0.753335
92.3333 -0.706062 0.0931314 7.03652
92.3333 -0.365303 -0.782937 0.753335
92.3333 -0.263468 0.377059 0.753335
92.3333 -0.872511 -0.462713 7.03652
92.3333 -0.417048 -0.092427 7.03652
92.3333 0.844374 0.0820224 7.03652
92.3333 -0.385948 -0.465742 7.03652
92.3333 -0.164733 -0.688163 0.753335
92.3333 -0.565756 0.0318589 0.753335
92.3333 0.20315 0.336948 0.753335
92.3333 -0.387614 -0.0531483 0.753335
92.3333 -0.230824 0.135445 0.753335
92.3333 -0.113369 0.570035 7.03652
92.3333 -0.755885 -0.360969 7.03652
92.3333 -0.168775 0.616954 0.753335
92.3333 0.288916 0.766112 0.753335
92.3333 0.216562 -0.929714 0.753335
92.3333 -0.381889 0.885075 7.03652
92.3333 0.279267 -0.171242 7.03652
92.3333 0.208656 -0.994182 0.753335
92.3333 0.700822 0.230384 7.03652
92.3333 0.850098 -0.27919 0.753335
92.3333 0.371385 0.876729 7.03652
92.3333 0.495978 0.00272422 0.753335
92.3333 -0.926862 0.183349 0.753335
92.3333 -0.548138 -0.606717 0.753335
92.3333 -0.163105 -0.399382 0.753335
92.3333 0.242909 -0.423052 7.03652
92.3333 -0.80031 -0.106304 7.03652
92.3333 -0.939579 -0.2991 7.03652
92.3333 -0.322278 -0.869914 0.753335
92.3333 -0.748957 -0.213051 0.753335
92.3333 -0.186634 0.26227 0.753335
92.3333 0.0211086 -0.627413 7.03652
92.3333 -0.109657 -0.488128 7.03652
92.3333 -0.816507 -0.30236 0.753335
92.3333 -0.616029 -0.822849 7.03652
92.3333 -0.514759 0.0350402 0.753335
92.3333 -0.0906588 0.413973 0.753335
92.3333 0.459197 -0.508157 0.753335
92.3333 -0.61832 0.0254175 0.753335
92.3333 0.164023 -0.306326 0.753335
92.3333 0.303372 -0.0204115 7.03652
92.3333 -0.7088 -0.499121 7.03652
92.3333 0.707398 0.345565 0.753335
92.3333 -0.63218 0.563105 7.03652
92.3333 0.121453 -0.361645 0.753335
92.3333 -0.568607 -0.711123 7.03652
92.3333 0.323532 0.958919 0.753335
92.3333 -0.54695 -0.497507 0.753335
92.3333 0.174498 0.615435 7.03652
92.3333 -0.402866 0.185892 0.753335
92.3333 0.503803 -0.300818 7.03652
92.3333 0.331888 0.79867 0.753335
92.3333 -0.470014 -0.411467 7.03652
92.3333 -0.0682014 -0.305709 0.753335
92.3333 -0.820805 0.638429 0.753335
92.3333 -0.467606 0.308339 7.03652
92.3333 0.128673 0.112877 7.03652
92.3333 0.406649 0.122092 0.753335
92.3333 -0.657669 -0.16604 0.753335
92.3333 -0.154985 -0.285411 0.753335
92.3333 0.31334 -0.547683 0.753335
92.3333 0.833382 -0.438349 0.753335
92.3333 -0.655183 -0.345504 0.753335
92.3333 0.290181 -0.120096 7.03652
92.3333 -0.133364 -1.01995 0.753335
92.3333 0.0950843 0.695572 0.753335
92.3333 0.656761 0.32827 0.753335
92.3333 0.252127 -0.0844282 0.753335
92.3333 0.0840395 -0.00354709 0.753335
92.3333 -0.635642 0.390622 0.753335
92.3333 0.538603 -0.661597 0.753335
92.3333 -0.535285 0.239326 0.753335
92.3333 0.859195 0.316672 0.753335
92.3333 -0.599822 -0.313401 7.03652
92.3333 0.487584 -0.554793 7.03652
92.3333 0.814844 -0.0608353 0.753335
92.3333 0.694033 -0.243674 7.03652
92.3333 -0.0600185 1.0231 7.03652
92.3333 -0.500794 0.905153 0.753335
92.3333 -0.544175 0.384391 0.753335
92.3333 0.602543 -0.344213 0.753335
92.3333 0.693041 -0.185275 0.753335
92.3333 -0.0711281 -1.02252 7.03652
92.3333 0.503874 0.6352 7.03652
92.3333 -0.239964 -0.0892037 0.753335
92.3333 0.433877 -0.706788 0.753335
92.3333 0.828249 -0.114578 0.753335
92.3333 -0.135913 0.0421055 7.03652
92.3333 -0.862611 0.0972473 0.753335
92.3333 0.920734 0.358048 0.753335
92.3333 -0.4481 -0.539527 0.753335
92.3333 0.271061 0.445513 7.03652
92.3333 0.770162 0.0452039 7.03652
92.3333 0.00253465 -0.577952 0.753335
92.3333 0.756847 0.372296 0.753335
92.3333 0.206199 -0.0988959 7.03652
92.3333 0.0749819 0.0415364 0.753335
92.3333 -0.183815 0.124883 0.753335
92.3333 -0.277146 0.150074 0.753335
92.3333 0.869031 -0.492844 7.03652
92.3333 -0.211023 -0.775461 7.03652
92.3333 0.0445181 -1.02551 7.03652
92.3333 -0.498126 -0.573493 0.753335
92.3333 0.602436 0.582222 0.753335
92.3333 0.13228 0.465189 0.753335
92.3333 -0.253924 -1.00238 7.03652
92.3333 0.0248721 0.31202 7.03652
92.3333 -0.483074 -0.798068 0.753335
92.3333 0.565805 -0.780135 7.03652
92.3333 0.579676 0.408651 0.753335
92.3333 -0.198062 -0.203335 7.03652
92.3333 0.201705 0.52633 7.03652
92.3333 0.312256 -0.252589 0.753335
92.3333 -0.376242 0.0399107 7.03652
92.3333 0.147132 -1.01337 7.03652
92.3333 0.348806 0.281097 0.753335
92.3333 0.399848 0.523582 7.03652
92.3333 0.2971 0.355468 7.03652
92.3333 -0.3649 -0.102502 0.753335
92.3333 0.963272 -0.252687 0.753335
92.3333 -0.0613784 -0.0418914 0.753335
92.3333 0.857787 0.139897 0.753335
92.3333 -0.0588619 -0.861278 0.753335
92.3333 -0.111696 -0.843106 0.753335
92.3333 0.162625 0.42632 0.753335
92.3333 -0.183968 0.897555 0.753335
92.3333 0.162824 -0.0659342 0.753335
92.3333 0.495028 -0.462329 0.753335
92.3333 0.769219 0.588942 7.03652
92.3333 0.458642 0.679 0.753335
92.3333 -0.602057 0.850197 7.03652
92.3333 0.182525 0.479576 0.753335
92.3333 0.769801 0.646033 0.753335
92.3333 -0.720208 0.588499 0.753335
92.3333 0.508446 0.150701 0.753335
92.3333 -0.556087 -0.242554 7.03652
92.3333 -0.655613 -0.509378 7.03652
92.3333 -0.774951 -0.0568957 0.753335
92.3333 -0.515853 0.288695 0.753335
92.3333 -0.51562 -0.0663058 7.03652
92.3333 0.265446 -0.978996 7.03652
92.3333 0.238185 0.484382 0.753335
92.3333 0.440858 0.0343406 0.753335
92.3333 0.743832 -0.270206 7.03652
92.3333 0.222557 0.148897 7.03652
92.3333 0.102211 -0.180963 7.03652
92.3333 0.309217 0.540689 0.753335
92.3333 0.36566 -0.557192 0.753335
92.3333 0.0298463 -0.681242 0.753335
92.3333 -0.177674 0.386955 0.753335
92.3333 0.35834 -0.280665 7.03652
92.3333 0.252112 0.873605 0.753335
92.3333 0.349967 -0.00274427 0.753335
92.3333 0.217003 -0.640729 0.753335
92.3333 -0.712013 0.258858 7.03652
92.3333 -0.0823062 0.764582 0.753335
92.3333 0.479814 0.306116 0.753335
92.3333 0.394025 -0.88828 0.753335
92.3333 -0.020517 0.550461 0.753335
92.3333 -0.248112 -0.452585 7.03652
92.3333 0.397742 -0.0329826 0.753335
92.3333 0.480773 0.363913 0.753335
92.3333 -0.669218 -0.658244 0.753335
92.3333 0.363693 -0.232196 7.03652
92.3333 -0.472323 0.12207 7.03652
92.3333 0.0146787 -0.332685 0.753335
92.3333 0.271289 0.820576 7.03652
92.3333 -0.0413688 -0.443856 0.753335
92.3333 -0.409715 -0.275525 7.03652
92.3333 -0.690686 0.369959 0.753335
92.3333 -0.279971 -0.210165 7.03652
92.3333 0.192175 -0.447455 0.753335
92.3333 0.39698 -0.751196 0.753335
92.3333 -0.21417 -0.831626 0.753335
92.3333 -0.81102 -0.565625 0.753335
92.3333 -0.542139 -0.664023 7.03652
92.3333 -0.138215 0.773514 7.03652
92.3333 0.499588 0.525822 7.03652
92.3333 0.304751 -0.406639 0.753335
92.3333 -0.717359 -0.759406 0.753335
92.3333 -0.429086 0.729773 7.03652
92.3333 -0.687922 0.209935 0.753335
92.3333 -0.602622 0.693263 7.03652
92.3333 0.647251 -0.22016 0.753335
92.3333 0.556129 0.619555 0.753335
92.3333 -0.326824 0.565938 0.753335
92.3333 -0.43024 0.272412 7.03652
92.3333 0.441032 -0.0650926 0.753335
92.3333 0.0268613 -0.282493 7.03652
92.3333 0.131546 0.899802 0.753335
92.3333 0.989437 -0.0106388 0.753335
92.3333 0.262985 -0.273484 7.03652
92.3333 0.507469 -0.874474 0.753335
92.3333 0.719368 0.415014 7.03652
92.3333 0.528765 0.388016 0.753335
92.3333 0.699322 0.116542 7.03652
92.3333 -0.67094 0.0148361 7.03652
92.3333 -0.809021 -0.359858 7.03652
92.3333 0.161223 -0.115035 7.03652
92.3333 0.52681 -0.416074 7.03652
92.3333 0.553303 -0.716868 0.753335
92.3333 0.0935099 -0.997099 7.03652
92.3333 -0.767329 -0.600641 0.753335
92.3333 0.448133 -0.850217 0.753335
92.3333 -0.331223 -0.390941 7.03652
92.3333 0.235932 -0.475371 7.03652
92.3333 -0.0581326 -0.256571 0.753335
92.3333 -0.0204792 -0.294465 0.753335
92.3333 0.187195 0.668109 0.753335
92.3333 0.796185 -0.163969 7.03652
92.3333 -0.415522 -0.945902 0.753335
92.3333 -0.434806 -0.174971 0.753335
92.3333 0.383611 0.42186 7.03652
92.3333 -0.0595642 -0.489488 0.753335
92.3333 -0.0853592 -0.353691 7.03652
92.3333 -0.858789 0.594355 0.753335
92.3333 -0.277617 0.642497 0.753335
92.3333 0.0260213 0.76269 7.03652
92.3333 -0.246013 -0.509308 7.03652
92.3333 0.0567736 -0.583691 0.753335
92.3333 -0.118352 0.722313 0.753335
92.3333 -0.801493 -0.662902 7.03652
92.3333 0.327233 0.727345 7.03652
92.3333 -0.0347451 0.0555351 0.753335
92.3333 -0.858954 -0.105777 0.753335
92.3333 -0.74016 0.725829 7.03652
92.3333 -0.369133 0.466902 0.753335
92.3333 0.774101 -0.44502 0.753335
92.3333 0.483574 -0.653311 0.753335
92.3333 0.85502 -0.0127708 0.753335
92.3333 0.523916 0.330191 0.753335
92.3333 -0.569997 -0.111731 7.03652
92.3333 0.376367 -0.64737 0.753335
92.3333 -0.601909 -0.154828 0.753335
92.3333 -1.01684 0.262559 0.753335
92.3333 0.348324 0.341892 7.03652
92.3333 -0.146043 -0.960974 0.753335
92.3333 0.241589 0.24611 0.753335
92.3333 -0.391348 -0.679777 0.753335
92.3333 -0.548188 -0.550315 0.753335
92.3333 0.299535 0.908416 7.03652
92.3333 0.605058 0.0881975 0.753335
92.3333 0.885756 0.03415 0.753335
92.3333 -0.199411 0.448865 7.03652
92.3333 -0.22869 0.730667 0.753335
92.3333 -0.00111611 -0.191561 0.753335
92.3333 -1.03761 0.139671 7.03652
92.3333 -0.0212769 0.869424 7.03652
92.3333 -0.241676 -0.397462 0.753335
92.3333 -0.702535 -0.310286 7.03652
92.3333 -0.995553 0.322599 7.03652
92.3333 -0.398884 -0.14072 0.753335
92.3333 0.712176 0.62228 0.753335
92.3333 -0.43872 -0.702271 7.03652
92.3333 -0.866899 0.201888 0.753335
92.3333 -0.0160294 0.609803 0.753335
92.3333 -0.20087 -0.429379 0.753335
92.3333 -0.0879275 -0.082522 7.03652
92.3333 0.569032 -0.101479 7.03652
92.3333 0.797844 -0.384897 7.03652
92.3333 0.327855 -0.891892 7.03652
92.3333 0.940622 0.0290087 0.753335
92.3333 0.293242 0.68757 0.753335
92.3333 -0.922438 -0.354078 0.753335
92.3333 -0.107408 -0.267754 7.03652
92.3333 -0.0636258 0.58819 0.753335
92.3333 0.500745 0.101999 0.753335
92.3333 0.58344 0.745778 0.753335
92.3333 0.734542 -0.59635 7.03652
92.3333 0.805864 0.289208 7.03652
92.3333 -0.160555 -0.747332 0.753335
92.3333 0.599841 0.254094 7.03652
92.3333 0.588701 0.813477 7.03652
92.3333 0.435664 0.338179 0.753335
92.3333 -0.336092 0.786774 0.753335
92.3333 -0.0866335 -0.966009 7.03652
92.3333 0.898714 0.0957651 0.753335
92.3333 -0.680894 0.424173 0.753335
92.3333 0.552877 0.171228 0.753335
92.3333 -0.0683761 0.368535 0.753335
92.3333 0.859636 -0.38399 0.753335
92.3333 0.681834 -0.389518 0.753335
92.3333 -0.909207 -0.413757 0.753335
92.3333 0.0893101 -0.462574 0.753335
92.3333 -0.212306 0.577586 0.753335
92.3333 -0.426535 0.465808 7.03652
92.3333 0.923864 -0.377967 7.03652
92.3333 0.296005 0.488507 0.753335
92.3333 -0.423925 -0.808458 0.753335
92.3333 -0.443229 0.935034 7.03652
92.3333 0.398656 -0.598929 0.753335
92.3333 0.464333 -0.209319 0.753335
92.3333 0.552306 0.229966 7.03652
92.3333 -0.283488 -0.91688 0.753335
92.3333 -0.669153 -0.455394 0.753335
92.3333 -0.0320114 -0.619903 0.753335
92.3333 -1.05054 0.0148908 0.753335
92.3333 -0.03614 0.223525 7.03652
92.3333 -0.0108591 -0.242995 0.753335
92.3333 0.291391 0.403754 0.753335
92.3333 0.231601 -0.189373 0.753335
92.3333 0.749134 0.147875 0.753335
92.3333 0.579942 -0.51624 0.753335
92.3333 -0.606108 -0.257405 0.753335
92.3333 0.948339 0.309099 0.753335
92.3333 -0.0646582 -0.695125 0.753335
92.3333 0.260475 -0.322938 0.753335
92.3333 0.422884 0.22163 7.03652
92.3333 -0.548946 0.189418 0.753335
92.3333 -0.0709364 0.538064 0.753335
92.3333 0.193666 -0.817081 0.753335
92.3333 -0.669512 0.606555 7.03652
92.3333 -0.611021 -0.477369 7.03652
92.3333 0.120697 -0.595393 7.03652
92.3333 -0.98509 0.0977247 0.753335
92.3333 0.986692 -0.130455 0.753335
92.3333 -0.831494 -0.0555602 0.753335
92.3333 0.409026 -0.318261 7.03652
92.3333 -0.0896917 0.678364 0.753335
92.3333 -0.479469 0.25317 0.753335
92.3333 -0.689262 -0.121068 0.753335
92.3333 0.971647 0.189477 0.753335
92.3333 0.0432183 -0.793072 0.753335
92.3333 -0.719039 0.0370029 7.03652
92.3333 0.849048 -0.222169 0.753335
92.3333 -0.477132 0.843309 7.03652
92.3333 0.137327 -0.219032 0.753335
92.3333 0.448464 -0.911407 0.753335
92.3333 -0.161867 0.0829299 0.753335
92.3333 0.334598 -0.734945 0.753335
92.3333 -0.00485593 0.0921119 0.753335
92.3333 -0.204259 -0.148332 7.03652
92.3333 0.344061 -0.505628 0.753335
92.3333 -0.312408 0.216312 0.753335
92.3333 -0.00667632 -0.834626 0.753335
92.3333 -0.217246 0.950412 0.753335
92.3333 -0.894201 0.541642 0.753335
92.3333 -0.623217 -0.693723 0.753335
92.3333 -0.52229 0.752903 7.03652
92.3333 0.652499 -0.438647 0.753335
92.3333 -0.52259 -0.89861 7.03652
92.3333 0.369811 0.692014 0.753335
92.3333 0.875152 -0.0625118 7.03652
92.3333 0.00924827 0.918704 0.753335
92.3333 -0.0908022 0.970994 0.753335
92.3333 -0.65345 -0.742103 7.03652
92.3333 -0.298556 -0.633032 0.753335
92.3333 -0.255014 -0.559953 7.03652
92.3333 0.490822 0.472178 0.753335
92.3333 -0.729937 0.329895 0.753335
92.3333 -0.491688 -0.159863 0.753335
92.3333 -0.0591242 -0.806284 0.753335
92.3333 0.975139 -0.193721 7.03652
92.3333 0.190291 0.886743 0.753335
92.3333 -0.496435 -0.69313 7.03652
92.3333 0.387417 0.470999 0.753335
92.3333 0.25691 0.530757 0.753335
92.3333 0.308496 0.0308775 7.03652
92.3333 0.324983 -0.663877 0.753335
92.3333 -0.526028 -0.746211 0.753335
92.3333 0.271327 0.162974 7.03652
92.3333 -0.189303 0.769592 0.753335
92.3333 -0.13698 -0.539408 0.753335
92.3333 0.199661 -0.563653 0.753335
92.3333 -0.133955 0.13563 0.753335
92.3333 0.035904 -0.23361 0.753335
92.3333 -0.178509 -0.917765 0.753335
92.3333 0.822179 0.0347154 7.03652
92.3333 0.770894 0.527246 0.753335
92.3333 0.144822 -0.844752 0.753335
92.3333 -0.640631 0.337364 7.03652
92.3333 0.821662 0.571734 7.03652
92.3333 -0.858479 0.48961 7.03652
92.3333 0.139827 -0.788815 0.753335
92.3333 0.640207 -0.164264 7.03652
92.3333 0.415344 -0.220655 0.753335
92.3333 -0.90713 -0.233143 0.753335
92.3333 -0.701219 -0.702095 0.753335
92.3333 -0.443007 -0.486947 7.03652
92.3333 -0.228093 -0.949704 0.753335
92.3333 0.262985 -0.859334 0.753335
92.3333 -0.226737 0.625045 0.753335
92.3333 0.0774605 -0.696885 7.03652
92.3333 -0.481157 0.456163 7.03652
92.3333 -0.317722 0.117223 7.03652
92.3333 0.612048 -0.733194 0.753335
92.3333 -0.364089 0.348523 0.753335
92.3333 -0.332201 -0.194811 7.03652
92.3333 -0.343169 -0.49677 0.753335
92.3333 0.0611476 0.805901 0.753335
92.3333 -0.0179874 -0.391801 0.753335
92.3333 0.551243 -0.0423242 7.03652
92.3333 0.0119822 -0.0995134 0.753335
92.3333 0.28098 0.634202 7.03652
92.3333 -0.114872 0.620651 7.03652
92.3333 0.104936 0.551477 0.753335
92.3333 0.348892 -0.0524828 0.753335
92.3333 0.741786 -0.210951 0.753335
92.3333 0.79576 -0.273835 7.03652
92.3333 0.836459 -0.550166 7.03652
92.3333 0.124562 -0.0342814 0.753335
92.3333 -0.846913 0.324273 7.03652
92.3333 -0.365004 0.142672 7.03652
92.3333 -0.0652107 -0.398348 0.753335
92.3333 -0.532417 0.547094 0.753335
92.3333 -0.416129 0.13951 7.03652
92.3333 -0.981257 -0.0177652 7.03652
92.3333 0.594795 -0.0105323 7.03652
92.3333 -0.214199 0.0852882 7.03652
92.3333 0.900885 0.277046 0.753335
92.3333 0.512023 0.265427 0.753335
92.3333 -0.525244 0.604829 7.03652
92.3333 0.215895 0.574315 0.753335
92.3333 -0.422092 -0.384032 0.753335
92.3333 -0.722894 -0.0712533 0.753335
92.3333 0.0621099 -0.095321 7.03652
92.3333 -1.00807 -0.288602 7.03652
92.3333 0.622301 -0.795875 7.03652
92.3333 -0.909644 -0.516697 7.03652
92.3333 0.0053117 0.253608 0.753335
92.3333 0.570665 0.351097 0.753335
92.3333 0.328804 0.23568 0.753335
92.3333 -0.159418 0.340375 0.753335
92.3333 0.185314 -0.20629 0.753335
92.3333 0.469506 -0.156327 7.03652
92.3333 -0.608442 -0.368221 7.03652
92.3333 -0.810677 0.276497 0.753335
92.3333 0.0243426 -0.53393 7.03652
92.3333 -0.390918 0.512666 0.753335
92.3333 -0.0393183 0.12759 7.03652
92.3333 0.43521 0.39446 7.03652
92.3333 0.372965 0.616151 7.03652
92.3333 -0.109118 0.331879 7.03652
92.3333 0.512387 -0.760375 0.753335
92.3333 -0.0541591 0.714535 7.03652
92.3333 -0.160844 -0.805302 7.03652
92.3333 0.0105948 0.39345 0.753335
92.3333 0.597033 -0.189705 7.03652
92.3333 0.408412 -0.2695 0.753335
92.3333 -0.992865 -0.0735756 7.03652
92.3333 -0.840894 0.437287 0.753335
92.3333 0.743807 0.474157 0.753335
92.3333 0.041849 0.355931 0.753335
92.3333 0.886219 -0.327851 7.03652
92.3333 -0.84633 -0.51779 0.753335
92.3333 0.353875 0.0507433 0.753335
92.3333 -0.429344 -0.438391 0.753335
92.3333 0.291017 -0.593475 7.03652
92.3333 0.255766 -0.0350778 0.753335
92.3333 0.279945 0.21178 0.753335
92.3333 0.357443 -0.328835 0.753335
92.3333 0.168722 -0.659011 0.753335
92.3333 0.247734 0.354218 7.03652
92.3333 0.291947 -0.706211 0.753335
92.3333 -0.406423 -0.884888 0.753335
92.3333 -0.0213359 -0.95728 0.753335
92.3333 -0.396657 -0.516312 7.03652
92.3333 0.285662 -0.502009 0.753335
92.3333 -0.834324 0.152725 0.753335
92.3333 0.636936 0.77453 0.753335
92.3333 0.561048 -0.838174 0.753335
92.3333 -0.334956 0.309959 0.753335
92.3333 0.232745 0.929028 7.03652
92.3333 0.395127 0.0168883 7.03652
92.3333 0.339391 -0.606894 7.03652
92.3333 -0.318905 0.61646 0.753335
92.3333 -0.595318 -0.644884 0.753335
92.3333 0.107327 0.958122 0.753335
92.3333 0.418724 0.718132 0.753335
92.3333 0.0423587 0.689424 0.753335
92.3333 0.206122 0.993524 0.753335
92.3333 -0.11028 -0.7851 7.03652
92.3333 -0.25444 -0.130861 0.753335
92.3333 0.45264 0.552455 0.753335
92.3333 -0.150427 -0.349922 0.753335
92.3333 0.929356 -0.151074 0.753335
92.3333 0.186432 0.383563 0.753335
92.3333 0.319766 -0.202866 0.753335
92.3333 0.0495657 0.477353 0.753335
92.3333 0.483801 0.419378 0.753335
92.3333 0.484138 0.879815 0.753335
92.3333 -0.0182239 0.667775 0.753335
92.3333 -0.337926 0.257814 0.753335
92.3333 -0.924482 -0.176646 0.753335
92.3333 -0.286468 -0.0748414 7.03652
92.3333 0.0865842 -0.227147 7.03652
92.3333 -0.236232 -0.23458 7.03652
92.3333 -0.114357 0.0898122 7.03652
92.3333 -0.578244 -0.864042 7.03652
92.3333 -0.518755 -0.428048 0.753335
92.3333 -0.468838 -0.747753 7.03652
92.3333 -0.176096 0.824747 0.753335
92.3333 0.172983 0.0375227 0.753335
92.3333 -0.97297 0.220824 0.753335
92.3333 -0.782884 0.688125 7.03652
92.3333 0.884881 -0.117727 0.753335
92.3333 0.246843 -0.804222 0.753335
92.3333 0.172479 0.0860819 0.753335
92.3333 0.547287 -0.3285 0.753335
92.3333 -0.21773 -0.669468 7.03652
92.3333 -0.34641 0.397102 0.753335
92.3333 -0.114432 -0.677664 0.753335
92.3333 0.0822457 0.0888343 7.03652
92.3333 -0.117814 -0.317465 0.753335
92.3333 0.105474 -0.411653 0.753335
92.3333 0.180411 0.18571 0.753335
92.3333 -0.21137 -0.581698 0.753335
92.3333 0.487967 0.0508126 7.03652
92.3333 -0.237883 0.791366 7.03652
92.3333 0.679739 -0.49018 0.753335
92.3333 0.631497 0.0289795 0.753335
92.3333 0.293529 -0.774673 0.753335
92.3333 -0.644415 0.806981 7.03652
92.3333 0.906657 0.417471 7.03652
92.3333 0.00817786 -0.435048 7.03652
92.3333 -0.099201 0.28162 0.753335
92.3333 0.565449 -0.153859 0.753335
92.3333 0.143572 1.00682 0.753335
92.3333 -1.03537 -0.163305 0.753335
92.3333 -0.588013 -0.0174931 7.03652
92.3333 -0.320242 -0.240579 7.03652
92.3333 -0.134993 0.241267 0.753335
92.3333 0.0918763 -0.754135 7.03652
92.3333 -0.633656 -0.11718 7.03652
92.3333 -0.0201753 -0.144712 0.753335
92.3333 -0.192531 0.666889 0.753335
92.3333 0.346754 0.500454 0.753335
92.3333 -0.309264 0.353794 0.753335
92.3333 0.314495 0.133583 0.753335
92.3333 -0.292101 -0.476674 0.753335
92.3333 -0.866023 0.376333 0.753335
92.3333 -0.0866506 0.0441896 7.03652
92.3333 -0.698159 0.146043 0.753335
92.3333 0.75501 -0.0550688 0.753335
