118.333 -0.90047 0.309496 0.753335
118.333 0.655822 -0.687099 0.753335
118.333 -0.447866 -0.595877 7.03652
118.333 -0.410557 0.82333 0.753335
118.333 -0.260411 -0.0361336 0.753335
118.333 -1.04721 -0.0443658 7.03652
118.333 -0.85862 -0.390346 0.753335
118.333 -0.428478 0.56655 0.753335
118.333 0.00840442 0.146471 0.753335
118.333 0.741831 -0.492982 0.753335
118.333 0.0739191 0.391439 7.03652
118.333 -0.0228124 0.971477 0.753335
118.333 -0.437161 0.877686 7.03652
118.333 -0.335866 -0.0656056 0.753335
118.333 -0.115449 0.456094 7.03652
118.333 0.421598 -0.170834 0.753335
118.333 0.458217 -0.316433 7.03652
118.333 -1.02622 -0.22859 7.03652
118.333 -0.973013 -0.129204 0.753335
118.333 -0.279639 0.938104 0.753335
118.333 0.0943572 0.195107 7.03652
118.333 -0.835205 -0.151716 7.03652
118.333 -0.170861 0.169646 0.753335
118.333 -0.752231 0.28508 7.03652
118.333 0.947852 0.0910118 0.753335
118.333 0.431504 0.911149 0.753335
118.333 -0.190249 0.519414 7.03652
118.333 -0.868365 -0.190826 0.753335
118.333 -0.176562 0.215987 0.753335
118.333 -0.712291 0.660471 0.753335
118.333 0.0691065 -0.51272 0.753335
118.333 0.0527175 -0.189832 7.03652
118.333 -0.0935202 -0.000988931 7.03652
118.333 -0.141006 -0.00468631 7.03652
118.333 -0.382409 0.95342 0.753335
118.333 -0.577993 0.581821 0.753335
118.333 0.0612373 -0.324799 7.03652
118.333 -0.0670934 0.0902376 7.03652
118.333 -0.601436 -0.762852 0.753335
118.333 0.754852 0.25858 0.753335
118.333 -0.351727 -0.914917 0.753335
118.333 0.158227 -0.955503 0.753335
118.333 -0.684844 0.482805 7.03652
118.333 0.214969 -0.341482 0.753335
118.333 0.63367 -0.627446 7.03652
118.333 -0.117644 0.91653 7.03652
118.333 0.666876 0.665628 0.753335
118.333 -0.0267422 -0.0703412 7.03652
118.333 0.736064 0.000981326 7.03652
118.333 0.147893 -0.741052 0.753335
118.333 0.608194 0.311355 0.753335
118.333 -0.609596 0.0756691 0.753335
118.333 -0.782768 -0.25588 7.03652
118.333 0.431288 -0.554229 7.03652
118.333 0.0677904 0.592564 0.753335
118.333 0.0943592 0.85527 0.753335
118.333 -0.507941 -0.31725 7.03652
118.333 0.528771 0.73534 0.753335
118.333 0.42814 -0.118764 0.753335
118.333 -0.614626 0.2953 0.753335
118.333 -0.346286 -0.656453 0.753335
118.333 -0.336216 0.510647 7.03652
118.333 -0.350983 0.839202 7.03652
118.333 0.671847 -0.748934 0.753335
118.333 -0.358575 0.199589 0.753335
118.333 -0.455609 -0.129022 7.03652
118.333 0.272084 -0.221236 7.03652
118.333 0.204638 -0.392841 0.753335
118.333 0.524052 -0.0827649 0.753335
118.333 0.0713263 -0.140729 0.753335
118.333 0.318818 0.853505 0.753335
118.333 -0.299697 -0.971951 0.753335
118.333 -0.914414 0.242324 0.753335
118.333 -0.0290761 0.765898 7.03652
118.333 0.0883038 0.140823 0.753335
118.333 -0.249283 -0.618557 7.03652
118.333 0.548976 -0.271712 0.753335
118.333 0.409233 0.654122 0.753335
118.333 0.264924 0.976729 0.753335
118.333 -0.952347 0.287138 0.753335
118.333 -0.227355 0.844415 7.03652
118.333 0.469491 0.24408 7.03652
118.333 -0.0292435 -0.53316 0.753335
118.333 -0.565246 -0.452784 7.03652
118.333 0.311041 0.0837157 0.753335
118.333 -0.86528 -0.334864 0.753335
118.333 0.260802 0.0158612 7.03652
118.333 -0.481593 0.562906 7.03652
118.333 0.796877 -0.219826 0.753335
118.333 -0.00702458 -0.894754 0.753335
118.333 0.332277 -0.455144 0.753335
118.333 -0.213852 -0.049638 0.753335
118.333 -0.290219 0.698034 7.03652
118.333 0.390197 0.311054 0.753335
118.333 0.256812 -0.375829 0.753335
118.333 0.283061 -0.453575 0.753335
118.333 0.772884 -0.107927 7.03652
118.333 0.199035 -0.766457 7.03652
118.333 -0.752204 0.134075 0.753335
118.333 0.193546 -0.709503 0.753335
118.333 0.0425082 0.967036 7.03652
118.333 0.712252 -0.440394 0.753335
118.333 0.765297 -0.328213 0.753335
118.333 -0.439165 0.221284 0.753335
118.333 0.216417 -0.520413 0.753335
118.333 -0.289421 -0.42029 7.03652
118.333 -0.243932 0.050686 7.03652
118.333 0.644289 -0.030215 7.03652
118.333 0.228225 0.623252 0.753335
118.333 -0.439391 -0.0416449 0.753335
118.333 0.491845 -0.707766 0.753335
118.333 -0.275661 -0.265469 7.03652
118.333 0.000468562 0.71611 0.753335
118.333 -0.018118 0.296569 0.753335
118.333 0.20811 -0.875012 0.753335
118.333 0.333879 0.448965 0.753335
118.333 -0.504562 0.660241 0.753335
118.333 0.757889 0.31473 0.753335
118.333 0.553321 -0.467534 7.03652
118.333 -0.563682 0.645909 0.753335
118.333 -0.021573 -0.668458 0.753335
118.333 0.573617 -0.616393 0.753335
118.333 -0.163554 0.563547 0.753335
118.333 -0.0532819 0.265937 7.03652
118.333 -0.210308 -0.719194 7.03652
118.333 -0.76003 -0.305225 7.03652
118.333 -0.115816 -0.176009 0.753335
118.333 -0.49026 0.507136 7.03652
118.333 -0.54265 0.871966 7.03652
118.333 -0.18999 -0.100299 0.753335
118.333 0.596596 -0.672941 0.753335
118.333 -0.136643 -0.0934525 0.753335
118.333 -0.646246 0.166884 0.753335
118.333 -0.0131762 -1.01742 7.03652
118.333 -0.924579 -0.0094623 7.03652
118.333 0.150389 0.259674 7.03652
118.333 -0.089213 0.230296 0.753335
118.333 0.850227 0.251737 0.753335
118.333 0.726912 0.687667 0.753335
118.333 0.300111 0.311929 0.753335
118.333 0.168268 -0.352938 0.753335
118.333 -0.44904 -0.650787 7.03652
118.333 -0.431901 0.0918432 7.03652
118.333 -0.160388 -0.580832 7.03652
118.333 0.0739706 0.745019 0.753335
118.333 -0.614638 -0.423183 0.753335
118.333 0.845326 0.524845 0.753335
118.333 -0.996874 0.0376436 7.03652
118.333 -0.695671 0.77457 7.03652
118.333 0.513383 -0.186323 0.753335
118.333 0.680857 -0.130605 7.03652
118.333 -0.0861902 0.137881 0.753335
118.333 -0.469325 -0.0823452 0.753335
118.333 0.268669 0.582459 0.753335
118.333 0.55227 -0.215899 7.03652
118.333 -0.0170949 0.350413 0.753335
118.333 -0.102101 -0.128204 7.03652
118.333 0.375584 0.935212 7.03652
118.333 0.250341 0.29997 0.753335
118.333 -0.268845 0.586359 0.753335
118.333 -0.115351 -0.0471546 7.03652
118.333 -0.10619 -0.587645 0.753335
118.333 0.804994 -0.495812 7.03652
118.333 -0.737902 0.484927 0.753335
118.333 0.4029 -0.511836 7.03652
118.333 0.587731 -0.427708 0.753335
118.333 -0.0611509 0.319911 7.03652
118.333 0.119827 -0.645442 0.753335
118.333 -0.0483576 -0.114215 7.03652
118.333 0.540838 0.0105498 0.753335
118.333 0.698256 -0.0446968 0.753335
118.333 0.239662 -0.68536 7.03652
118.333 0.214875 0.436247 0.753335
118.333 -0.928146 0.10434 0.753335
118.333 -0.546725 -0.158333 7.03652
118.333 -0.141463 0.864454 0.753335
118.333 0.0762165 -0.277138 0.753335
118.333 0.324278 -0.957958 0.753335
118.333 -0.978387 -0.187142 7.03652
118.333 -0.261613 -0.733123 0.753335
118.333 0.630831 0.429223 7.03652
118.333 -0.666198 -0.0715721 0.753335
118.333 0.00972866 0.201086 0.753335
118.333 -0.688338 0.539816 0.753335
118.333 -0.976407 0.376998 7.03652
118.333 -0.521828 0.812871 7.03652
118.333 -0.475294 0.0643744 7.03652
118.333 -0.827994 0.539691 7.03652
118.333 0.0779547 1.01638 7.03652
118.333 -0.631362 0.218973 0.753335
118.333 -0.556425 -0.797354 0.753335
118.333 0.682164 0.00888396 0.753335
118.333 -0.326224 -0.287902 0.753335
118.333 0.0243372 -0.0553297 0.753335
118.333 -0.577776 0.743762 0.753335
118.333 0.745703 0.0931337 0.753335
118.333 -0.486841 -0.0241898 7.03652
118.333 0.642627 -0.529119 0.753335
118.333 0.597006 -0.297139 0.753335
118.333 -0.515946 -0.114983 7.03652
118.333 -1.02931 0.198956 7.03652
118.333 0.909771 -0.20475 0.753335
118.333 0.34383 -0.378698 0.753335
118.333 -0.165564 -0.0549054 0.753335
118.333 -0.34892 -0.601846 7.03652
118.333 -0.00373456 0.453392 0.753335
118.333 0.450284 0.0864629 0.753335
118.333 0.431263 0.2794 0.753335
118.333 -0.404875 0.378163 0.753335
118.333 0.454351 -0.767411 0.753335
118.333 -0.239706 0.535218 0.753335
118.333 -0.161015 0.480269 0.753335
118.333 0.588261 0.465439 0.753335
118.333 -0.818924 0.218833 7.03652
118.333 0.0376259 -0.00377532 7.03652
118.333 0.537276 0.850971 7.03652
118.333 -0.295351 -0.161553 0.753335
118.333 -0.455423 0.171461 0.753335
118.333 0.0939119 0.497383 0.753335
118.333 -0.0340111 0.497385 0.753335
118.333 -0.542789 0.700192 0.753335
118.333 0.659774 0.0691738 7.03652
118.333 0.854764 -0.169907 0.753335
118.333 -0.703134 -0.607689 7.03652
118.333 -0.488458 -0.46722 0.753335
118.333 0.150451 0.703651 0.753335
118.333 0.364001 0.15312 7.03652
118.333 0.559571 -0.379741 0.753335
118.333 0.697507 0.174594 0.753335
118.333 -0.186116 -0.631097 0.753335
118.333 -0.750238 0.537231 0.753335
118.333 0.0710212 -0.635983 0.753335
118.333 -0.457568 -0.253479 0.753335
118.333 -0.359929 -0.0139674 0.753335
118.333 -0.413333 -0.753446 0.753335
118.333 -0.888435 0.0489475 0.753335
118.333 -0.597675 -0.526215 7.03652
118.333 -0.598418 -0.578813 7.03652
118.333 0.376965 0.757121 7.03652
118.333 -0.227228 0.23121 7.03652
118.333 0.112208 -0.31659 0.753335
118.333 -0.472199 0.616623 0.753335
118.333 -0.128093 1.01691 7.03652
118.333 0.650431 0.544543 0.753335
118.333 0.124225 0.399218 0.753335
118.333 -1.04405 -0.107537 0.753335
118.333 0.74369 -0.391562 0.753335
118.333 0.682937 0.45311 7.03652
118.333 -0.909902 -0.125654 0.753335
118.333 0.548396 -0.562143 0.753335
118.333 -0.293377 0.290581 7.03652
118.333 -0.810804 0.383701 0.753335
118.333 0.298957 -0.0677982 0.753335
118.333 -0.885558 -0.285778 7.03652
118.333 -0.460497 -0.302226 7.03652
118.333 0.47573 -0.101526 0.753335
118.333 0.227843 0.778836 0.753335
118.333 0.384121 0.256056 7.03652
118.333 0.87538 0.472576 0.753335
118.333 -0.348299 -0.148004 0.753335
118.333 0.607878 -0.571603 7.03652
118.333 0.412156 -0.806589 7.03652
118.333 -0.219095 0.181871 0.753335
118.333 -0.124058 0.379848 7.03652
118.333 0.00314086 0.815323 7.03652
118.333 0.139392 0.213034 0.753335
118.333 0.38933 -0.0831129 0.753335
118.333 0.425623 -0.653785 7.03652
118.333 -0.161496 -0.184269 0.753335
118.333 -0.653453 0.11531 0.753335
118.333 -0.268902 -0.848998 7.03652
118.333 -0.3633 -0.725056 0.753335
118.333 0.175502 -0.256177 0.753335
118.333 -0.398417 -0.625373 7.03652
118.333 -0.586009 0.235189 0.753335
118.333 -0.332518 0.911578 7.03652
118.333 0.918487 0.15174 0.753335
118.333 0.176227 0.132977 7.03652
118.333 -0.174819 0.716247 7.03652
118.333 -0.347131 -0.549208 0.753335
118.333 -0.698238 -0.0249818 0.753335
118.333 -0.443391 0.41716 7.03652
118.333 -0.238742 0.682222 7.03652
118.333 0.413362 0.17124 0.753335
118.333 0.738476 -0.151888 7.03652
118.333 -0.719949 -0.162591 0.753335
118.333 0.656877 0.602333 0.753335
118.333 -0.079263 0.183663 7.03652
118.333 0.39096 0.36733 0.753335
118.333 0.796677 0.110627 7.03652
118.333 0.167701 -0.607063 0.753335
118.333 -0.803648 -0.481832 0.753335
118.333 0.463345 0.188468 7.03652
118.333 -0.200273 -0.368232 0.753335
118.333 -0.987798 -0.346064 7.03652
118.333 -0.820087 -0.4288 7.03652
118.333 -0.634845 0.747279 0.753335
118.333 0.489889 -0.0465449 7.03652
118.333 0.584169 0.0411299 0.753335
118.333 -0.286517 0.484453 0.753335
118.333 -0.838432 -0.620256 0.753335
118.333 0.619433 0.370154 7.03652
118.333 0.0520574 0.268712 0.753335
118.333 0.499594 0.581319 0.753335
118.333 -0.266541 0.195022 0.753335
118.333 0.102905 0.349719 0.753335
118.333 -0.328272 0.023965 7.03652
118.333 0.378576 -0.696192 7.03652
118.333 0.208139 -0.0501835 0.753335
118.333 0.552522 0.116623 0.753335
118.333 -0.416262 -0.2236 0.753335
118.333 -0.940389 -0.464775 7.03652
118.333 0.171946 0.783455 0.753335
118.333 0.640542 0.489119 0.753335
118.333 -0.380137 -0.413937 0.753335
118.333 0.335052 0.654687 0.753335
118.333 -0.381796 -0.189934 0.753335
118.333 -0.140676 0.667903 0.753335
118.333 -0.355914 -0.973312 0.753335
118.333 -0.796498 0.493902 7.03652
118.333 0.0988589 0.248961 0.753335
118.333 -0.534399 -0.0113572 0.753335
118.333 -0.243118 -0.177889 0.753335
118.333 0.079728 0.64428 0.753335
118.333 -0.26194 0.327209 0.753335
118.333 -0.370524 -0.304928 0.753335
118.333 0.906115 -0.264763 7.03652
118.333 -0.923694 0.487229 0.753335
118.333 -0.593694 0.17828 7.03652
118.333 -0.29795 -0.527781 0.753335
118.333 -0.316745 -0.811848 0.753335
118.333 0.230684 0.198153 0.753335
118.333 0.7173 -0.701958 0.753335
118.333 -0.00767201 -0.487065 7.03652
118.333 -0.667949 -0.250032 0.753335
118.333 0.594792 0.524643 0.753335
118.333 -0.578358 0.798208 0.753335
118.333 0.800759 0.225219 0.753335
118.333 0.266631 0.115363 0.753335
118.333 0.0436512 0.114143 0.753335
118.333 -0.653169 0.263119 7.03652
118.333 -0.462602 0.0145374 7.03652
118.333 0.109593 -0.0845207 7.03652
118.333 0.243317 -0.135778 0.753335
118.333 -0.367866 0.616987 0.753335
118.333 -0.388078 0.239392 7.03652
118.333 -0.262884 -0.790172 0.753335
118.333 0.770836 -0.547174 0.753335
118.333 -0.205128 -0.478801 7.03652
118.333 0.0504066 0.169821 0.753335
118.333 -0.229395 -0.288172 7.03652
118.333 -0.662749 0.0647695 0.753335
118.333 0.219043 0.099882 7.03652
118.333 0.456375 0.13737 0.753335
118.333 -0.336427 -0.444434 7.03652
118.333 0.209687 0.831864 7.03652
118.333 0.151195 0.355838 7.03652
118.333 0.0897107 0.440943 0.753335
118.333 -0.311452 -0.114369 7.03652
118.333 -0.783128 0.43842 0.753335
118.333 0.802363 0.167393 0.753335
118.333 -0.258943 0.996318 0.753335
118.333 -0.0553634 0.450402 0.753335
118.333 0.0367577 0.86251 0.753335
118.333 0.2504 0.726409 0.753335
118.333 0.173855 -0.497807 0.753335
118.333 0.358618 0.55768 0.753335
118.333 -0.753327 0.38155 0.753335
118.333 0.602433 -0.0646499 0.753335
118.333 0.436414 0.446397 7.03652
118.333 -0.886767 -0.0534113 0.753335
118.333 0.791185 -0.0120672 0.753335
118.333 -0.414894 0.326163 0.753335
118.333 -0.0564076 -0.577537 0.753335
118.333 0.099437 -0.936028 7.03652
118.333 -0.147176 0.292954 7.03652
118.333 -0.537867 0.49034 0.753335
118.333 -0.282344 0.755371 7.03652
118.333 -0.706411 -0.367912 0.753335
118.333 0.475489 -0.411281 0.753335
118.333 -0.376262 0.564277 0.753335
118.333 0.246983 -0.742845 0.753335
118.333 -0.0344601 0.405489 7.03652
118.333 0.39763 -0.368778 0.753335
118.333 -0.650701 -0.294802 7.03652
118.333 -0.261006 0.441482 7.03652
118.333 -0.191443 -0.253618 0.753335
118.333 -0.58518 0.469418 0.753335
118.333 0.203707 0.281262 7.03652
118.333 -0.147544 -0.446648 0.753335
118.333 -0.769139 -0.410535 7.03652
118.333 -0.298471 -0.582072 0.753335
118.333 -0.0536863 0.920785 0.753335
118.333 -0.0543512 0.816651 7.03652
118.333 -0.50353 0.34782 7.03652
118.333 0.568061 0.680349 0.753335
118.333 -0.0809515 0.868774 7.03652
118.333 0.701589 0.507886 0.753335
118.333 -0.937117 -0.0732808 0.753335
118.333 -0.441724 0.514986 0.753335
118.333 0.458401 -0.263398 7.03652
118.333 -0.373915 -0.84058 7.03652
118.333 0.616753 -0.121142 0.753335
118.333 -0.765027 -0.712222 7.03652
118.333 0.0352873 -0.963694 7.03652
118.333 -0.641455 -0.612041 7.03652
118.333 0.656134 -0.0832175 7.03652
118.333 -0.388307 0.425238 7.03652
118.333 -1.04732 0.0788576 0.753335
118.333 -0.0853429 -0.535097 0.753335
118.333 -0.420506 0.618251 0.753335
118.333 0.536002 0.442546 0.753335
118.333 0.213308 -0.291573 0.753335
118.333 -0.72855 0.428962 0.753335
118.333 0.350438 -0.784868 0.753335
118.333 -0.596374 0.353161 7.03652
118.333 0.152676 0.840895 0.753335
118.333 -0.199671 0.310561 7.03652
118.333 -0.764515 0.231334 0.753335
118.333 0.0913256 -0.815109 0.753335
118.333 -0.748078 -0.0102467 0.753335
118.333 -0.896476 0.426159 0.753335
118.333 0.511792 0.685314 0.753335
118.333 -0.0103912 -0.0223662 0.753335
118.333 -0.465475 -0.921158 7.03652
118.333 -0.275903 0.246571 0.753335
118.333 0.0289135 0.635728 7.03652
118.333 -0.72249 -0.259984 7.03652
118.333 -0.238844 0.281951 0.753335
118.333 -0.337059 0.669487 7.03652
118.333 0.0458439 -0.909011 7.03652
118.333 0.124998 0.0624196 7.03652
118.333 -0.556779 -0.344484 7.03652
118.333 -0.968849 -0.403715 7.03652
118.333 0.822779 -0.334152 0.753335
118.333 0.0392484 0.42898 0.753335
118.333 0.301602 -0.351675 0.753335
118.333 0.504897 -0.243089 7.03652
118.333 -0.632966 0.450805 7.03652
118.333 -0.416758 -0.330371 0.753335
118.333 0.705416 0.289373 7.03652
118.333 -0.189216 0.0405444 7.03652
118.333 0.322611 0.184256 0.753335
118.333 -0.295808 0.867493 0.753335
118.333 -0.314511 -0.699502 0.753335
118.333 0.306772 -0.830721 0.753335
118.333 -0.941828 0.0461281 0.753335
118.333 0.963929 0.246827 7.03652
118.333 0.477971 0.812289 7.03652
118.333 0.127252 0.0152166 0.753335
118.333 0.910753 0.210376 0.753335
118.333 -0.483375 0.716152 7.03652
118.333 0.274621 -0.916649 7.03652
118.333 -0.962459 -0.244389 0.753335
118.333 0.290527 0.263297 0.753335
118.333 -0.374547 -0.359647 0.753335
118.333 -0.243599 0.89403 0.753335
118.333 0.275065 -0.644196 7.03652
118.333 0.498355 -0.815206 7.03652
118.333 0.15053 -0.16891 0.753335
118.333 0.0569828 0.535251 0.753335
118.333 -0.1161 -0.394132 0.753335
118.333 -0.0456374 0.0106207 7.03652
118.333 -0.864052 -0.000369002 0.753335
118.333 -0.585544 0.526324 7.03652
118.333 0.997153 0.0558792 7.03652
118.333 -0.458293 0.781529 7.03652
118.333 -0.265495 0.100122 0.753335
118.333 -0.185665 -0.00753564 0.753335
118.333 -0.923265 0.361002 0.753335
118.333 -0.238962 -0.339277 7.03652
118.333 -0.714292 -0.424324 0.753335
118.333 0.127194 -0.696894 7.03652
118.333 -0.534782 0.437677 7.03652
118.333 0.946502 -0.315509 7.03652
118.333 -0.283316 -0.367535 7.03652
118.333 0.0718607 -0.0506968 7.03652
118.333 0.714193 -0.345409 0.753335
118.333 -0.553628 -0.291908 7.03652
118.333 -0.224542 0.408026 0.753335
118.333 0.596585 0.142979 0.753335
118.333 0.515035 -0.607167 0.753335
118.333 -0.111901 -0.729803 0.753335
118.333 -0.155546 -0.137581 0.753335
118.333 0.344275 0.394404 0.753335
118.333 0.856413 0.194042 0.753335
118.333 -0.325267 0.451417 0.753335
118.333 0.160177 0.564151 7.03652
118.333 -0.680879 0.712291 7.03652
118.333 -0.553289 0.135245 0.753335
118.333 -0.561104 -0.0626874 0.753335
118.333 0.168396 -0.0167995 7.03652
118.333 0.682764 0.73073 0.753335
118.333 -0.786618 0.173411 0.753335
118.333 0.79845 -0.604145 0.753335
118.333 -0.953409 0.432507 7.03652
118.333 0.923604 -0.026679 7.03652
118.333 -0.279582 0.013424 0.753335
118.333 0.116234 0.297166 7.03652
118.333 -0.126303 0.190204 7.03652
118.333 0.0726082 0.312005 0.753335
118.333 0.836152 0.42294 7.03652
118.333 -0.392407 0.773568 0.753335
118.333 -0.217776 0.35394 0.753335
118.333 -0.631851 -0.209272 7.03652
118.333 0.113261 0.799743 0.753335
118.333 0.264305 0.0660033 0.753335
118.333 -0.638435 -0.0267588 0.753335
118.333 -0.493247 0.205514 7.03652
118.333 -0.719691 -0.555189 0.753335
118.333 -0.327166 -0.339285 0.753335
118.333 0.38105 -0.940027 0.753335
118.333 -0.659994 -0.56084 7.03652
118.333 -0.145716 -0.230195 0.753335
118.333 -0.759374 0.631566 7.03652
118.333 0.33022 -0.151973 0.753335
118.333 0.598651 -0.244691 0.753335
118.333 -0.135545 -0.631112 7.03652
118.333 -0.230535 0.00425031 0.753335
118.333 -0.586988 0.413614 7.03652
118.333 -0.332306 0.731715 0.753335
118.333 -0.0629794 -0.914867 0.753335
118.333 -0.740157 -0.652399 7.03652
118.333 -0.397702 -0.570769 7.03652
118.333 -0.767295 -0.527613 0.753335
118.333 0.154827 -0.900378 0.753335
118.333 -0.0331761 0.173728 0.753335
118.333 -0.861972 0.263238 7.03652
118.333 0.78132 0.423506 0.753335
118.333 -0.110907 0.817031 7.03652
118.333 -0.294264 0.0630585 0.753335
118.333 0.1445 0.514662 7.03652
118.333 0.0956765 -0.552517 0.753335
118.333 0.217911 0.0507945 7.03652
118.333 -0.788751 0.331823 7.03652
118.333 0.0567807 -0.422056 0.753335
118.333 -0.00875506 -0.776984 7.03652
118.333 0.372531 0.204409 0.753335
118.333 0.133367 0.651948 7.03652
118.333 0.169692 0.945598 0.753335
118.333 0.401502 0.0693479 0.753335
118.333 0.363048 -0.840099 0.753335
118.333 -0.160887 -0.495379 0.753335
118.333 -0.155977 0.957949 0.753335
118.333 -0.843261 -0.248612 0.753335
118.333 -0.321135 0.166333 0.753335
118.333 -0.383032 0.0947197 7.03652
118.333 0.988188 0.130355 0.753335
118.333 0.429099 0.781838 7.03652
118.333 -0.890559 0.143611 7.03652
118.333 -0.300073 0.409516 0.753335
118.333 0.510081 0.208607 0.753335
118.333 0.710452 0.054133 7.03652
118.333 0.214299 0.000457237 0.753335
118.333 0.548916 0.559412 0.753335
118.333 0.421949 -0.414338 0.753335
118.333 -0.613924 0.622101 0.753335
118.333 0.142587 -0.455162 0.753335
118.333 -0.828856 0.0505112 0.753335
118.333 0.807102 0.479621 0.753335
118.333 -0.514289 0.0956083 0.753335
118.333 0.387834 -0.465206 0.753335
118.333 -0.661366 -0.400985 7.03652
118.333 0.243791 0.396583 7.03652
118.333 0.339762 -0.100993 0.753335
118.333 -0.228428 -0.888133 7.03652
118.333 0.520932 -0.511533 7.03652
118.333 -0.80538 0.105739 0.753335
118.333 -0.568242 0.281573 7.03652
118.333 -0.39329 0.666822 0.753335
118.333 -0.16587 -0.862057 7.03652
118.333 0.991483 -0.065572 7.03652
118.333 0.650262 0.221384 7.03652
118.333 0.0391026 -0.473097 0.753335
118.333 0.518857 -0.135088 0.753335
118.333 -0.118343 -0.90194 7.03652
118.333 -0.379798 0.290294 7.03652
118.333 0.162683 0.308933 0.753335
118.333 0.0283615 -0.379271 0.753335
118.333 -0.686723 0.303046 7.03652
118.333 -0.0454269 -0.20546 0.753335
118.333 0.653835 0.274684 0.753335
118.333 -0.267348 -0.677831 0.753335
118.333 -0.508191 0.154848 0.753335
118.333 -0.667383 -0.799073 0.753335
118.333 0.0437871 -0.850778 0.753335
118.333 0.614966 -0.477563 7.03652
118.333 0.237881 -0.593945 0.753335
118.333 -0.563865 -0.397481 7.03652
118.333 0.150303 -0.549567 0.753335
118.333 -0.0948427 -0.441 0.753335
118.333 -0.232094 0.485191 0.753335
118.333 -0.602167 0.126673 0.753335
118.333 0.64545 0.118249 0.753335
118.333 -0.312574 -0.755238 7.03652
118.333 0.368433 -0.419026 7.03652
118.333 -0.473813 -0.208059 0.753335
118.333 -0.777303 -0.161156 0.753335
118.333 -0.458357 -0.858315 7.03652
118.333 0.6951 -0.640959 7.03652
118.333 -0.747766 -0.114704 7.03652
118.333 -0.05907 0.639982 7.03652
118.333 0.759004 -0.654252 0.753335
118.333 0.707423 0.562083 0.753335
118.333 -0.1914 -1.00437 0.753335
118.333 -0.580751 -0.200294 7.03652
118.333 0.862934 0.372806 0.753335
118.333 -0.369024 -0.245641 0.753335
118.333 -0.0947846 -0.217372 0.753335
118.333 0.022309 0.573302 0.753335
118.333 -0.610155 -0.0719826 7.03652
118.333 0.075436 -0.370287 0.753335
118.333 -0.777468 0.0355082 0.753335
118.333 -0.0789609 -0.636854 0.753335
118.333 0.441234 -0.461491 0.753335
118.333 -0.55937 0.0815694 0.753335
118.333 0.133773 0.162601 0.753335
118.333 0.654539 -0.335741 7.03652
118.333 0.358349 0.102432 0.753335
118.333 0.126048 -0.268466 7.03652
118.333 0.409134 0.581876 0.753335
118.333 -0.553414 0.329723 7.03652
118.333 0.196738 -0.152455 0.753335
118.333 -0.151615 0.424906 0.753335
118.333 0.748878 0.201652 0.753335
118.333 0.443791 -0.0150829 7.03652
118.333 0.544501 0.499195 0.753335
118.333 -0.197361 -0.534078 0.753335
118.333 0.473165 0.744103 0.753335
118.333 -0.636152 0.50792 0.753335
118.333 -0.976877 0.154923 0.753335
118.333 0.128486 0.749574 7.03652
118.333 0.035354 0.0620514 7.03652
118.333 0.00442558 0.0277838 0.753335
118.333 -0.130629 0.520552 0.753335
118.333 0.0250465 -0.146785 0.753335
118.333 0.191173 0.231775 0.753335
118.333 0.2391 0.676101 7.03652
118.333 -0.0600756 -0.75006 0.753335
118.333 0.0105885 1.02212 7.03652
118.333 0.456274 -0.603433 7.03652
118.333 -0.49422 0.402435 7.03652
118.333 -0.28063 -0.314282 0.753335
118.333 0.260051 -0.544886 0.753335
118.333 -0.732626 0.189731 0.753335
118.333 0.381515 0.819663 0.753335
118.333 0.372159 -0.184515 0.753335
118.333 0.717649 -0.0955551 0.753335
118.333 -0.0684247 -0.163925 7.03652
118.333 0.626169 -0.390947 7.03652
118.333 0.670833 0.390218 7.03652
118.333 -0.512663 -0.373363 0.753335
118.333 0.0966231 -0.876164 7.03652
118.333 -0.808669 -0.00755731 0.753335
118.333 -0.758064 0.0814829 0.753335
118.333 0.157467 -0.40631 0.753335
118.333 0.646857 -0.278636 7.03652
118.333 0.122891 -0.504969 0.753335
118.333 -0.877394 -0.572449 0.753335
118.333 -0.325592 0.97848 7.03652
118.333 0.115911 -0.130608 0.753335
118.333 0.599026 0.199372 0.753335
118.333 -0.380401 0.716367 7.03652
118.333 -0.289373 0.814962 7.03652
118.333 0.444179 0.498183 7.03652
118.333 0.0534725 0.221763 0.753335
118.333 0.320874 0.596864 0.753335
118.333 -0.309908 -0.0264119 0.753335
118.333 -0.0379615 -0.344428 7.03652
118.333 0.379624 -0.134395 0.753335
118.333 0.195818 0.729488 7.03652
118.333 0.697959 -0.296743 7.03652
118.333 -0.0114946 -0.722033 7.03652
118.333 -0.410043 -0.00354573 7.03652
118.333 -0.809191 -0.205548 7.03652
118.333 -0.086851 0.492795 7.03652
118.333 -0.454653 0.363718 0.753335
118.333 0.707267 -0.540729 0.753335
118.333 -0.693144 -0.206996 0.753335
118.333 0.223818 -0.240525 0.753335
118.333 0.0123328 0.511495 7.03652
118.333 0.0699866 0.911311 7.03652
118.333 0.309323 -0.301785 0.753335
118.333 -0.28784 0.534443 0.753335
118.333 0.64636 0.169466 0.753335
118.333 -0.498037 -0.630835 7.03652
118.333 0.541476 0.0668405 7.03652
118.333 0.669759 -0.583301 7.03652
118.333 -0.506653 -0.261062 0.753335
118.333 0.559815 0.290353 0.753335
118.333 -0.750361 -0.465986 7.03652
118.333 0.450237 0.616725 0.753335
118.333 0.897196 -0.437573 7.03652
118.333 0.810694 0.352541 0.753335
118.333 -0.447027 0.672432 7.03652
118.333 -0.193209 1.00862 0.753335
118.333 0.451088 -0.365372 0.753335
118.333 0.430269 0.849414 0.753335
118.333 -0.523175 -0.206013 0.753335
118.333 -0.518193 -0.840413 7.03652
118.333 0.503825 -0.360527 7.03652
118.333 -0.464998 -0.35472 7.03652
118.333 0.120019 0.601398 0.753335
118.333 -0.189478 -0.317121 0.753335
118.333 0.61077 0.641457 0.753335
118.333 -0.341336 0.0757375 0.753335
118.333 0.935848 -0.0846615 0.753335
118.333 0.530276 0.790934 7.03652
118.333 -0.788982 0.580957 0.753335
118.333 -0.422757 0.0451928 0.753335
118.333 -0.49509 -0.519057 0.753335
118.333 0.623639 0.70509 7.03652
118.333 -0.652553 0.662804 7.03652
118.333 0.0402353 -0.737442 0.753335
118.333 -0.706699 0.0943789 7.03652
118.333 -0.366159 -0.783283 0.753335
118.333 -0.26414 0.377416 0.753335
118.333 -0.871214 -0.462416 7.03652
118.333 -0.418261 -0.0924278 7.03652
118.333 0.839477 0.0816843 7.03652
118.333 -0.387228 -0.466224 7.03652
118.333 -0.165055 -0.687513 0.753335
118.333 -0.565381 0.0325606 0.753335
118.333 0.205102 0.335159 0.753335
118.333 -0.387725 -0.0533924 0.753335
118.333 -0.22908 0.135811 0.753335
118.333 -0.11505 0.572175 7.03652
118.333 -0.755712 -0.357157 7.03652
118.333 -0.167257 0.615316 0.753335
118.333 0.286892 0.76491 0.753335
118.333 0.217051 -0.931966 0.753335
118.333 -0.382216 0.886482 7.03652
118.333 0.281229 -0.170056 7.03652
118.333 0.209204 -0.994817 0.753335
118.333 0.701706 0.232429 7.03652
118.333 0.850338 -0.2808 0.753335
118.333 0.369812 0.878505 7.03652
118.333 0.4935 0.00117023 0.753335
118.333 -0.928435 0.182116 0.753335
118.333 -0.548528 -0.605719 0.753335
118.333 -0.162842 -0.399561 0.753335
118.333 0.242761 -0.424159 7.03652
118.333 -0.801602 -0.106163 7.03652
118.333 -0.942277 -0.299887 7.03652
118.333 -0.32213 -0.869589 0.753335
118.333 -0.749566 -0.2115 0.753335
118.333 -0.187251 0.263034 0.753335
118.333 0.021952 -0.626548 7.03652
118.333 -0.110628 -0.488205 7.03652
118.333 -0.817598 -0.301937 0.753335
118.333 -0.617748 -0.826111 7.03652
118.333 -0.514769 0.0360884 0.753335
118.333 -0.089567 0.413327 0.753335
118.333 0.462073 -0.508413 0.753335
118.333 -0.617547 0.02534 0.753335
118.333 0.163327 -0.305529 0.753335
118.333 0.30292 -0.0180143 7.03652
118.333 -0.708776 -0.499449 7.03652
118.333 0.70912 0.34834 0.753335
118.333 -0.634537 0.563919 7.03652
118.333 0.12259 -0.363346 0.753335
118.333 -0.569035 -0.713378 7.03652
118.333 0.322085 0.958875 0.753335
118.333 -0.54345 -0.496294 0.753335
118.333 0.174686 0.614583 7.03652
118.333 -0.403189 0.185412 0.753335
118.333 0.503356 -0.300289 7.03652
118.333 0.331385 0.796346 0.753335
118.333 -0.471096 -0.409855 7.03652
118.333 -0.0701325 -0.303454 0.753335
118.333 -0.821813 0.640993 0.753335
118.333 -0.464833 0.309942 7.03652
118.333 0.129656 0.112227 7.03652
118.333 0.406844 0.120316 0.753335
118.333 -0.658893 -0.164732 0.753335
118.333 -0.155762 -0.283479 0.753335
118.333 0.31573 -0.548826 0.753335
118.333 0.833694 -0.439951 0.753335
118.333 -0.6562 -0.345644 0.753335
118.333 0.290966 -0.118652 7.03652
118.333 -0.132399 -1.02008 0.753335
118.333 0.0957191 0.696327 0.753335
118.333 0.658819 0.330051 0.753335
118.333 0.251692 -0.084018 0.753335
118.333 0.0836681 -0.00485562 0.753335
118.333 -0.635152 0.390533 0.753335
118.333 0.537148 -0.662128 0.753335
118.333 -0.531861 0.241381 0.753335
118.333 0.865138 0.315565 0.753335
118.333 -0.601761 -0.312542 7.03652
118.333 0.489306 -0.556588 7.03652
118.333 0.815238 -0.0619155 0.753335
118.333 0.695798 -0.241066 7.03652
118.333 -0.0588389 1.02274 7.03652
118.333 -0.497183 0.905527 0.753335
118.333 -0.545416 0.383309 0.753335
118.333 0.601298 -0.346395 0.753335
118.333 0.693905 -0.185207 0.753335
118.333 -0.0700907 -1.02249 7.03652
118.333 0.503138 0.633819 7.03652
118.333 -0.236905 -0.0911214 0.753335
118.333 0.436613 -0.708872 0.753335
118.333 0.82737 -0.116326 0.753335
118.333 -0.136015 0.0413909 7.03652
118.333 -0.861702 0.0967383 0.753335
118.333 0.92254 0.359642 0.753335
118.333 -0.446615 -0.542061 0.753335
118.333 0.269275 0.447706 7.03652
118.333 0.771145 0.0466962 7.03652
118.333 0.00231288 -0.576666 0.753335
118.333 0.760244 0.372214 0.753335
118.333 0.205597 -0.0999329 7.03652
118.333 0.0756692 0.0403838 0.753335
118.333 -0.181667 0.124506 0.753335
118.333 -0.276176 0.148528 0.753335
118.333 0.868159 -0.494744 7.03652
118.333 -0.210768 -0.773706 7.03652
118.333 0.0459174 -1.02553 7.03652
118.333 -0.497671 -0.574118 0.753335
118.333 0.601366 0.582273 0.753335
118.333 0.132701 0.462078 0.753335
118.333 -0.252037 -1.00317 7.03652
118.333 0.0231263 0.311988 7.03652
118.333 -0.482455 -0.798278 0.753335
118.333 0.565004 -0.780256 7.03652
118.333 0.578905 0.407942 0.753335
118.333 -0.201044 -0.202991 7.03652
118.333 0.199252 0.52508 7.03652
118.333 0.313666 -0.25214 0.753335
118.333 -0.375989 0.0385617 7.03652
118.333 0.146371 -1.01397 7.03652
118.333 0.343435 0.285552 0.753335
118.333 0.399431 0.524632 7.03652
118.333 0.299154 0.361109 7.03652
118.333 -0.36635 -0.102008 0.753335
118.333 0.963663 -0.251762 0.753335
118.333 -0.0616041 -0.0383419 0.753335
118.333 0.856506 0.139665 0.753335
118.333 -0.0593434 -0.86066 0.753335
118.333 -0.112088 -0.842468 0.753335
118.333 0.164931 0.423292 0.753335
118.333 -0.184448 0.89705 0.753335
118.333 0.160751 -0.0680489 0.753335
118.333 0.49588 -0.46254 0.753335
118.333 0.760876 0.582328 7.03652
118.333 0.457983 0.679047 0.753335
118.333 -0.598303 0.851783 7.03652
118.333 0.182338 0.476452 0.753335
118.333 0.773334 0.640299 0.753335
118.333 -0.72153 0.587503 0.753335
118.333 0.506938 0.153374 0.753335
118.333 -0.557449 -0.24365 7.03652
118.333 -0.654974 -0.510931 7.03652
118.333 -0.77434 -0.0570188 0.753335
118.333 -0.514169 0.292694 0.753335
118.333 -0.514831 -0.0655706 7.03652
118.333 0.267502 -0.979308 7.03652
118.333 0.236304 0.485626 0.753335
118.333 0.444792 0.0351131 0.753335
118.333 0.744626 -0.268621 7.03652
118.333 0.223514 0.149234 7.03652
118.333 0.102489 -0.181891 7.03652
118.333 0.307829 0.541582 0.753335
118.333 0.368744 -0.554764 0.753335
118.333 0.0299307 -0.680198 0.753335
118.333 -0.179091 0.386728 0.753335
118.333 0.359176 -0.282 7.03652
118.333 0.25257 0.874175 0.753335
118.333 0.350143 -0.000329856 0.753335
118.333 0.21585 -0.637884 0.753335
118.333 -0.709748 0.252076 7.03652
118.333 -0.0828951 0.763245 0.753335
118.333 0.476246 0.303859 0.753335
118.333 0.39479 -0.883982 0.753335
118.333 -0.0229055 0.551291 0.753335
118.333 -0.248836 -0.451134 7.03652
118.333 0.395324 -0.0326328 0.753335
118.333 0.480256 0.36239 0.753335
118.333 -0.668584 -0.65874 0.753335
118.333 0.364906 -0.23332 7.03652
118.333 -0.470724 0.122093 7.03652
118.333 0.0113268 -0.334122 0.753335
118.333 0.270838 0.820224 7.03652
118.333 -0.0417146 -0.442782 0.753335
118.333 -0.410311 -0.276457 7.03652
118.333 -0.691608 0.370942 0.753335
118.333 -0.280835 -0.209871 7.03652
118.333 0.194164 -0.448019 0.753335
118.333 0.396294 -0.750286 0.753335
118.333 -0.213955 -0.830168 0.753335
118.333 -0.810655 -0.565171 0.753335
118.333 -0.543622 -0.664865 7.03652
118.333 -0.139222 0.772046 7.03652
118.333 0.498522 0.525027 7.03652
118.333 0.301509 -0.406874 0.753335
118.333 -0.717204 -0.759443 0.753335
118.333 -0.43191 0.731133 7.03652
118.333 -0.683444 0.207466 0.753335
118.333 -0.604527 0.690233 7.03652
118.333 0.646876 -0.22118 0.753335
118.333 0.555716 0.619537 0.753335
118.333 -0.326369 0.56569 0.753335
118.333 -0.428794 0.272628 7.03652
118.333 0.438927 -0.0654972 0.753335
118.333 0.0266699 -0.284865 7.03652
118.333 0.131065 0.899691 0.753335
118.333 0.99025 -0.00835069 0.753335
118.333 0.263738 -0.271977 7.03652
118.333 0.506425 -0.875244 0.753335
118.333 0.721282 0.413921 7.03652
118.333 0.528397 0.386309 0.753335
118.333 0.697019 0.117412 7.03652
118.333 -0.670714 0.0160194 7.03652
118.333 -0.808801 -0.359983 7.03652
118.333 0.160035 -0.115832 7.03652
118.333 0.526768 -0.416975 7.03652
118.333 0.554263 -0.717249 0.753335
118.333 0.0933856 -0.995063 7.03652
118.333 -0.767029 -0.60013 0.753335
118.333 0.448362 -0.847647 0.753335
118.333 -0.332072 -0.391102 7.03652
118.333 0.236849 -0.477907 7.03652
118.333 -0.0585612 -0.254487 0.753335
118.333 -0.0218402 -0.294079 0.753335
118.333 0.188828 0.667638 0.753335
118.333 0.794288 -0.165147 7.03652
118.333 -0.412488 -0.947074 0.753335
118.333 -0.435747 -0.175658 0.753335
118.333 0.385889 0.422214 7.03652
118.333 -0.0599307 -0.488757 0.753335
118.333 -0.088363 -0.352802 7.03652
118.333 -0.858016 0.593542 0.753335
118.333 -0.277028 0.644029 0.753335
118.333 0.0265078 0.761565 7.03652
118.333 -0.247016 -0.5075 7.03652
118.333 0.0557425 -0.582252 0.753335
118.333 -0.119384 0.721606 0.753335
118.333 -0.801727 -0.662884 7.03652
118.333 0.3294 0.729712 7.03652
118.333 -0.0332608 0.0572118 0.753335
118.333 -0.861949 -0.105715 0.753335
118.333 -0.739241 0.728546 7.03652
118.333 -0.370434 0.469628 0.753335
118.333 0.773675 -0.442971 0.753335
118.333 0.480269 -0.654273 0.753335
118.333 0.856439 -0.0149553 0.753335
118.333 0.5216 0.328065 0.753335
118.333 -0.571051 -0.112686 7.03652
118.333 0.37195 -0.643778 0.753335
118.333 -0.602983 -0.155763 0.753335
118.333 -1.01647 0.262549 0.753335
118.333 0.347043 0.339796 7.03652
118.333 -0.145623 -0.960578 0.753335
118.333 0.241563 0.247615 0.753335
118.333 -0.392359 -0.680547 0.753335
118.333 -0.546698 -0.549488 0.753335
118.333 0.300507 0.907498 7.03652
118.333 0.601846 0.087381 0.753335
118.333 0.885005 0.0334765 0.753335
118.333 -0.198859 0.44893 7.03652
118.333 -0.231527 0.73177 0.753335
118.333 0.00298129 -0.195793 0.753335
118.333 -1.03859 0.139473 7.03652
118.333 -0.0223498 0.868015 7.03652
118.333 -0.241622 -0.396832 0.753335
118.333 -0.704231 -0.310649 7.03652
118.333 -0.996008 0.322264 7.03652
118.333 -0.400518 -0.140688 0.753335
118.333 0.711791 0.624891 0.753335
118.333 -0.439571 -0.702778 7.03652
118.333 -0.870146 0.201214 0.753335
118.333 -0.0145436 0.60876 0.753335
118.333 -0.200952 -0.429174 0.753335
118.333 -0.0833271 -0.0826688 7.03652
118.333 0.569249 -0.102148 7.03652
118.333 0.798686 -0.385886 7.03652
118.333 0.32845 -0.892176 7.03652
118.333 0.940191 0.0284442 0.753335
118.333 0.294523 0.690727 0.753335
118.333 -0.922019 -0.354538 0.753335
118.333 -0.108135 -0.264865 7.03652
118.333 -0.064236 0.589207 0.753335
118.333 0.500317 0.103157 0.753335
118.333 0.583889 0.74741 0.753335
118.333 0.733888 -0.59571 7.03652
118.333 0.808475 0.290804 7.03652
118.333 -0.160877 -0.74605 0.753335
118.333 0.602887 0.254963 7.03652
118.333 0.589703 0.81288 7.03652
118.333 0.434985 0.337031 0.753335
118.333 -0.338464 0.78616 0.753335
118.333 -0.0866033 -0.966048 7.03652
118.333 0.894174 0.0936639 0.753335
118.333 -0.67826 0.424255 0.753335
118.333 0.552727 0.173812 0.753335
118.333 -0.067886 0.368037 0.753335
118.333 0.86012 -0.385054 0.753335
118.333 0.681586 -0.389524 0.753335
118.333 -0.90861 -0.414127 0.753335
118.333 0.0907893 -0.462937 0.753335
118.333 -0.212267 0.577181 0.753335
118.333 -0.427004 0.466325 7.03652
118.333 0.923953 -0.378606 7.03652
118.333 0.295696 0.489358 0.753335
118.333 -0.424128 -0.810141 0.753335
118.333 -0.4402 0.936241 7.03652
118.333 0.399605 -0.598087 0.753335
118.333 0.464785 -0.208644 0.753335
118.333 0.555212 0.231971 7.03652
118.333 -0.283085 -0.915743 0.753335
118.333 -0.669199 -0.45636 0.753335
118.333 -0.0310154 -0.619498 0.753335
118.333 -1.05034 0.0140982 0.753335
118.333 -0.0364371 0.222087 7.03652
118.333 -0.0101235 -0.244544 0.753335
118.333 0.296186 0.409791 0.753335
118.333 0.233345 -0.188135 0.753335
118.333 0.747825 0.147865 0.753335
118.333 0.58062 -0.518263 0.753335
118.333 -0.607945 -0.257248 0.753335
118.333 0.947233 0.308706 0.753335
118.333 -0.0646823 -0.694707 0.753335
118.333 0.259631 -0.321203 0.753335
118.333 0.422821 0.223004 7.03652
118.333 -0.546375 0.191703 0.753335
118.333 -0.0735343 0.53887 0.753335
118.333 0.196775 -0.820828 0.753335
118.333 -0.671831 0.606726 7.03652
118.333 -0.612515 -0.476391 7.03652
118.333 0.115636 -0.595969 7.03652
118.333 -0.985677 0.0978318 0.753335
118.333 0.987223 -0.128272 0.753335
118.333 -0.831067 -0.0563669 0.753335
118.333 0.408018 -0.319712 7.03652
118.333 -0.0891358 0.67818 0.753335
118.333 -0.478507 0.255371 0.753335
118.333 -0.689287 -0.119255 0.753335
118.333 0.972226 0.187424 0.753335
118.333 0.0429098 -0.792114 0.753335
118.333 -0.718963 0.0381984 7.03652
118.333 0.852006 -0.223899 0.753335
118.333 -0.475137 0.838741 7.03652
118.333 0.138248 -0.219541 0.753335
118.333 0.448122 -0.910516 0.753335
118.333 -0.161701 0.0821324 0.753335
118.333 0.336526 -0.728934 0.753335
118.333 -0.00195623 0.0925327 0.753335
118.333 -0.205969 -0.146505 7.03652
118.333 0.345529 -0.50433 0.753335
118.333 -0.312586 0.216026 0.753335
118.333 -0.00727256 -0.833991 0.753335
118.333 -0.215568 0.949603 0.753335
118.333 -0.89399 0.542077 0.753335
118.333 -0.621236 -0.692319 0.753335
118.333 -0.516778 0.75792 7.03652
118.333 0.652367 -0.439331 0.753335
118.333 -0.520313 -0.899086 7.03652
118.333 0.371251 0.693502 0.753335
118.333 0.875453 -0.0649746 7.03652
118.333 0.00874308 0.917649 0.753335
118.333 -0.08973 0.969967 0.753335
118.333 -0.653869 -0.739059 7.03652
118.333 -0.298847 -0.63448 0.753335
118.333 -0.25299 -0.558239 7.03652
118.333 0.490453 0.471069 0.753335
118.333 -0.729365 0.33305 0.753335
118.333 -0.493261 -0.160257 0.753335
118.333 -0.0592919 -0.805551 0.753335
118.333 0.976052 -0.192294 7.03652
118.333 0.190225 0.887541 0.753335
118.333 -0.497882 -0.693293 7.03652
118.333 0.388095 0.47199 0.753335
118.333 0.2558 0.531429 0.753335
118.333 0.30751 0.032769 7.03652
118.333 0.323435 -0.663718 0.753335
118.333 -0.527163 -0.748089 0.753335
118.333 0.272343 0.1646 7.03652
118.333 -0.190649 0.769104 0.753335
118.333 -0.136677 -0.538855 0.753335
118.333 0.196872 -0.565519 0.753335
118.333 -0.132443 0.137218 0.753335
118.333 0.0385387 -0.236763 0.753335
118.333 -0.178517 -0.917573 0.753335
118.333 0.823062 0.0321478 7.03652
118.333 0.768717 0.524938 0.753335
118.333 0.145432 -0.845884 0.753335
118.333 -0.647426 0.33642 7.03652
118.333 0.81751 0.576749 7.03652
118.333 -0.861246 0.487478 7.03652
118.333 0.141042 -0.791519 0.753335
118.333 0.641695 -0.164975 7.03652
118.333 0.41601 -0.221343 0.753335
118.333 -0.906229 -0.234079 0.753335
118.333 -0.702446 -0.701239 0.753335
118.333 -0.441476 -0.489537 7.03652
118.333 -0.228031 -0.94914 0.753335
118.333 0.262029 -0.861729 0.753335
118.333 -0.226572 0.624353 0.753335
118.333 0.0777045 -0.695494 7.03652
118.333 -0.481929 0.456206 7.03652
118.333 -0.317667 0.116049 7.03652
118.333 0.612188 -0.733448 0.753335
118.333 -0.36487 0.348639 0.753335
118.333 -0.333979 -0.195568 7.03652
118.333 -0.343371 -0.496778 0.753335
118.333 0.0600581 0.80613 0.753335
118.333 -0.0181524 -0.389211 0.753335
118.333 0.548669 -0.0402674 7.03652
118.333 0.00679588 -0.103341 0.753335
118.333 0.281733 0.636068 7.03652
118.333 -0.113261 0.622502 7.03652
118.333 0.105667 0.551076 0.753335
118.333 0.34705 -0.0505469 0.753335
118.333 0.744918 -0.208951 0.753335
118.333 0.795664 -0.276606 7.03652
118.333 0.835307 -0.551099 7.03652
118.333 0.122755 -0.036912 0.753335
118.333 -0.84457 0.323095 7.03652
118.333 -0.364219 0.141947 7.03652
118.333 -0.0652418 -0.397415 0.753335
118.333 -0.533235 0.546937 0.753335
118.333 -0.414973 0.138485 7.03652
118.333 -0.981804 -0.0182089 7.03652
118.333 0.59268 -0.0125492 7.03652
118.333 -0.213951 0.0859678 7.03652
118.333 0.903124 0.271385 0.753335
118.333 0.514168 0.267326 0.753335
118.333 -0.526316 0.604027 7.03652
118.333 0.215043 0.57285 0.753335
118.333 -0.42218 -0.384722 0.753335
118.333 -0.721857 -0.070455 0.753335
118.333 0.0574137 -0.0963666 7.03652
118.333 -1.00816 -0.289065 7.03652
118.333 0.621694 -0.796112 7.03652
118.333 -0.909122 -0.517099 7.03652
118.333 0.00530805 0.252257 0.753335
118.333 0.569273 0.349981 0.753335
118.333 0.332296 0.235081 0.753335
118.333 -0.159743 0.341337 0.753335
118.333 0.186465 -0.20519 0.753335
118.333 0.469608 -0.15524 7.03652
118.333 -0.608734 -0.367389 7.03652
118.333 -0.807466 0.275592 0.753335
118.333 0.025313 -0.532434 7.03652
118.333 -0.390265 0.515781 0.753335
118.333 -0.0372048 0.125976 7.03652
118.333 0.435158 0.393649 7.03652
118.333 0.37177 0.616938 7.03652
118.333 -0.109116 0.332543 7.03652
118.333 0.511004 -0.760115 0.753335
118.333 -0.0538251 0.713753 7.03652
118.333 -0.160913 -0.804216 7.03652
118.333 0.0100591 0.391914 0.753335
118.333 0.598229 -0.189862 7.03652
118.333 0.409337 -0.270778 0.753335
118.333 -0.993485 -0.0746848 7.03652
118.333 -0.839025 0.436008 0.753335
118.333 0.744351 0.470824 0.753335
118.333 0.04231 0.355641 0.753335
118.333 0.886204 -0.328947 7.03652
118.333 -0.846309 -0.517831 0.753335
118.333 0.354146 0.0511561 0.753335
118.333 -0.431495 -0.439218 0.753335
118.333 0.289528 -0.595092 7.03652
118.333 0.255398 -0.0343251 0.753335
118.333 0.281156 0.213546 0.753335
118.333 0.355965 -0.330378 0.753335
118.333 0.170842 -0.661877 0.753335
118.333 0.25122 0.349628 7.03652
118.333 0.289519 -0.706103 0.753335
118.333 -0.406536 -0.885203 0.753335
118.333 -0.0221181 -0.957181 0.753335
118.333 -0.394894 -0.518052 7.03652
118.333 0.288853 -0.502654 0.753335
118.333 -0.834543 0.153179 0.753335
118.333 0.639234 0.773333 0.753335
118.333 0.561047 -0.83875 0.753335
118.333 -0.334773 0.310455 0.753335
118.333 0.233136 0.92929 7.03652
118.333 0.397177 0.0178075 7.03652
118.333 0.338651 -0.603495 7.03652
118.333 -0.317157 0.616284 0.753335
118.333 -0.594433 -0.642846 0.753335
118.333 0.106885 0.957776 0.753335
118.333 0.420858 0.719461 0.753335
118.333 0.0434899 0.689973 0.753335
118.333 0.205075 0.993687 0.753335
118.333 -0.11038 -0.784586 7.03652
118.333 -0.257827 -0.130402 0.753335
118.333 0.451935 0.553264 0.753335
118.333 -0.149643 -0.349966 0.753335
118.333 0.929953 -0.150915 0.753335
118.333 0.193239 0.383131 0.753335
118.333 0.321643 -0.202298 0.753335
118.333 0.0475775 0.477652 0.753335
118.333 0.483973 0.417828 0.753335
118.333 0.485161 0.880019 0.753335
118.333 -0.0155167 0.667243 0.753335
118.333 -0.337962 0.257076 0.753335
118.333 -0.922626 -0.17719 0.753335
118.333 -0.284505 -0.0770638 7.03652
118.333 0.0884576 -0.229652 7.03652
118.333 -0.237625 -0.234838 7.03652
118.333 -0.115174 0.0907128 7.03652
118.333 -0.576297 -0.865146 7.03652
118.333 -0.519372 -0.42899 0.753335
118.333 -0.470694 -0.74721 7.03652
118.333 -0.176488 0.823723 0.753335
118.333 0.172231 0.0342468 0.753335
118.333 -0.972138 0.222161 0.753335
118.333 -0.780642 0.688709 7.03652
118.333 0.884061 -0.120286 0.753335
118.333 0.249664 -0.804374 0.753335
118.333 0.172107 0.0830811 0.753335
118.333 0.546642 -0.32785 0.753335
118.333 -0.218909 -0.666947 7.03652
118.333 -0.347247 0.396967 0.753335
118.333 -0.114737 -0.677682 0.753335
118.333 0.0834949 0.0890123 7.03652
118.333 -0.119159 -0.31488 0.753335
118.333 0.107068 -0.413571 0.753335
118.333 0.181223 0.182844 0.753335
118.333 -0.211071 -0.584129 0.753335
118.333 0.49335 0.0510666 7.03652
118.333 -0.239184 0.792006 7.03652
118.333 0.680001 -0.488745 0.753335
118.333 0.632347 0.0267314 0.753335
118.333 0.295053 -0.770873 0.753335
118.333 -0.644447 0.808651 7.03652
118.333 0.905481 0.419342 7.03652
118.333 0.0069492 -0.433116 7.03652
118.333 -0.0996344 0.282101 0.753335
118.333 0.565631 -0.154568 0.753335
118.333 0.142603 1.00688 0.753335
118.333 -1.03498 -0.164895 0.753335
118.333 -0.586419 -0.0177484 7.03652
118.333 -0.320712 -0.240825 7.03652
118.333 -0.135788 0.242502 0.753335
118.333 0.0919514 -0.754106 7.03652
118.333 -0.63326 -0.116475 7.03652
118.333 -0.0215968 -0.15252 0.753335
118.333 -0.19117 0.664595 0.753335
118.333 0.346472 0.501862 0.753335
118.333 -0.310033 0.354205 0.753335
118.333 0.314985 0.133987 0.753335
118.333 -0.293087 -0.476001 0.753335
118.333 -0.867264 0.375054 0.753335
118.333 -0.0865801 0.0457596 7.03652
118.333 -0.698041 0.148534 0.753335
118.333 0.754896 -0.0539559 0.753335
