176.667 -0.895756 0.308464 0.753335
176.667 0.655957 -0.6878 0.753335
176.667 -0.44819 -0.598705 7.03652
176.667 -0.407844 0.826024 0.753335
176.667 -0.259094 -0.0396295 0.753335
176.667 -1.04741 -0.0453839 7.03652
176.667 -0.854493 -0.39572 0.753335
176.667 -0.430099 0.56797 0.753335
176.667 0.00949482 0.147752 0.753335
176.667 0.741274 -0.491851 0.753335
176.667 0.072616 0.385039 7.03652
176.667 -0.0225141 0.969783 0.753335
176.667 -0.441472 0.873023 7.03652
176.667 -0.336914 -0.0656014 0.753335
176.667 -0.112636 0.451254 7.03652
176.667 0.421983 -0.170461 0.753335
176.667 0.456523 -0.314934 7.03652
176.667 -1.02571 -0.229162 7.03652
176.667 -0.974366 -0.129229 0.753335
176.667 -0.278272 0.938051 0.753335
176.667 0.0957898 0.192311 7.03652
176.667 -0.840746 -0.149262 7.03652
176.667 -0.173832 0.168751 0.753335
176.667 -0.746873 0.283541 7.03652
176.667 0.940977 0.0888619 0.753335
176.667 0.430671 0.911513 0.753335
176.667 -0.192602 0.511045 7.03652
176.667 -0.868736 -0.192881 0.753335
176.667 -0.177647 0.216063 0.753335
176.667 -0.713247 0.664418 0.753335
176.667 0.0695773 -0.510624 0.753335
176.667 0.0550011 -0.192163 7.03652
176.667 -0.0919031 0.00168546 7.03652
176.667 -0.139692 -0.00570747 7.03652
176.667 -0.377697 0.956368 0.753335
176.667 -0.580327 0.581515 0.753335
176.667 0.0582177 -0.327375 7.03652
176.667 -0.0695765 0.0919741 7.03652
176.667 -0.606068 -0.76273 0.753335
176.667 0.757337 0.260559 0.753335
176.667 -0.350419 -0.915911 0.753335
176.667 0.159031 -0.957647 0.753335
176.667 -0.685757 0.483518 7.03652
176.667 0.214741 -0.339053 0.753335
176.667 0.634648 -0.628384 7.03652
176.667 -0.117307 0.913761 7.03652
176.667 0.667401 0.666142 0.753335
176.667 -0.0272808 -0.070612 7.03652
176.667 0.737177 0.00436258 7.03652
176.667 0.144047 -0.745527 0.753335
176.667 0.611275 0.311593 0.753335
176.667 -0.608786 0.074613 0.753335
176.667 -0.785942 -0.252092 7.03652
176.667 0.433106 -0.554975 7.03652
176.667 0.068556 0.589871 0.753335
176.667 0.0936467 0.855056 0.753335
176.667 -0.509341 -0.318469 7.03652
176.667 0.532231 0.733812 0.753335
176.667 0.427782 -0.118235 0.753335
176.667 -0.614672 0.298573 0.753335
176.667 -0.348081 -0.65785 0.753335
176.667 -0.33597 0.509859 7.03652
176.667 -0.349435 0.843261 7.03652
176.667 0.671472 -0.749753 0.753335
176.667 -0.357574 0.195086 0.753335
176.667 -0.458369 -0.129972 7.03652
176.667 0.274474 -0.22008 7.03652
176.667 0.205404 -0.392622 0.753335
176.667 0.524967 -0.0805142 0.753335
176.667 0.0705254 -0.142119 0.753335
176.667 0.31805 0.851277 0.753335
176.667 -0.295586 -0.971689 0.753335
176.667 -0.913751 0.243999 0.753335
176.667 -0.0296186 0.764527 7.03652
176.667 0.0908952 0.139954 0.753335
176.667 -0.251897 -0.617515 7.03652
176.667 0.549935 -0.271618 0.753335
176.667 0.408797 0.652798 0.753335
176.667 0.263152 0.977254 0.753335
176.667 -0.950503 0.289506 0.753335
176.667 -0.22646 0.845131 7.03652
176.667 0.468094 0.245582 7.03652
176.667 -0.0284748 -0.530048 0.753335
176.667 -0.567578 -0.455776 7.03652
176.667 0.311777 0.0841653 0.753335
176.667 -0.865274 -0.339873 0.753335
176.667 0.259942 0.016203 7.03652
176.667 -0.483531 0.561217 7.03652
176.667 0.799081 -0.221056 0.753335
176.667 -0.00869992 -0.894416 0.753335
176.667 0.331883 -0.451263 0.753335
176.667 -0.211899 -0.0510653 0.753335
176.667 -0.286072 0.702629 7.03652
176.667 0.38545 0.309954 0.753335
176.667 0.254479 -0.374734 0.753335
176.667 0.280949 -0.455649 0.753335
176.667 0.772587 -0.105196 7.03652
176.667 0.198096 -0.771676 7.03652
176.667 -0.74916 0.134719 0.753335
176.667 0.190961 -0.715383 0.753335
176.667 0.0420376 0.966021 7.03652
176.667 0.712328 -0.438279 0.753335
176.667 0.763085 -0.327534 0.753335
176.667 -0.437352 0.222406 0.753335
176.667 0.216759 -0.528263 0.753335
176.667 -0.289857 -0.419659 7.03652
176.667 -0.242358 0.0493818 7.03652
176.667 0.642659 -0.0307876 7.03652
176.667 0.227802 0.621372 0.753335
176.667 -0.44029 -0.041406 0.753335
176.667 0.492899 -0.706989 0.753335
176.667 -0.275648 -0.267617 7.03652
176.667 0.00231827 0.716557 0.753335
176.667 -0.0173699 0.295783 0.753335
176.667 0.209202 -0.881555 0.753335
176.667 0.342342 0.454551 0.753335
176.667 -0.503552 0.655387 0.753335
176.667 0.761294 0.315886 0.753335
176.667 0.55542 -0.468367 7.03652
176.667 -0.56637 0.642464 0.753335
176.667 -0.020863 -0.667492 0.753335
176.667 0.574669 -0.617383 0.753335
176.667 -0.167324 0.554816 0.753335
176.667 -0.0515762 0.263847 7.03652
176.667 -0.212229 -0.714983 7.03652
176.667 -0.762308 -0.298898 7.03652
176.667 -0.120858 -0.175444 0.753335
176.667 -0.48723 0.507121 7.03652
176.667 -0.539397 0.878217 7.03652
176.667 -0.186396 -0.0982331 0.753335
176.667 0.596584 -0.673878 0.753335
176.667 -0.131396 -0.0916222 0.753335
176.667 -0.640862 0.164977 0.753335
176.667 -0.00858733 -1.01844 7.03652
176.667 -0.924566 -0.00586423 7.03652
176.667 0.148659 0.261913 7.03652
176.667 -0.0895233 0.231675 0.753335
176.667 0.85262 0.251526 0.753335
176.667 0.729736 0.68535 0.753335
176.667 0.293482 0.316722 0.753335
176.667 0.169427 -0.353402 0.753335
176.667 -0.451995 -0.652887 7.03652
176.667 -0.429636 0.0917274 7.03652
176.667 -0.161018 -0.579284 7.03652
176.667 0.0755107 0.745145 0.753335
176.667 -0.613682 -0.42055 0.753335
176.667 0.841205 0.531076 0.753335
176.667 -0.996455 0.0373233 7.03652
176.667 -0.693649 0.774066 7.03652
176.667 0.513997 -0.185014 0.753335
176.667 0.679493 -0.128607 7.03652
176.667 -0.0817896 0.139109 0.753335
176.667 -0.470303 -0.0827791 0.753335
176.667 0.267079 0.582932 0.753335
176.667 0.552938 -0.215675 7.03652
176.667 -0.0183223 0.348395 0.753335
176.667 -0.100089 -0.128673 7.03652
176.667 0.374639 0.936578 7.03652
176.667 0.244055 0.297393 0.753335
176.667 -0.269007 0.583241 0.753335
176.667 -0.110366 -0.0461215 7.03652
176.667 -0.104348 -0.584949 0.753335
176.667 0.803897 -0.495806 7.03652
176.667 -0.739628 0.486972 0.753335
176.667 0.408215 -0.509465 7.03652
176.667 0.58748 -0.425183 0.753335
176.667 -0.061786 0.316771 7.03652
176.667 0.120545 -0.647994 0.753335
176.667 -0.0471239 -0.118421 7.03652
176.667 0.54018 0.0152564 0.753335
176.667 0.697458 -0.0432636 0.753335
176.667 0.232879 -0.68237 7.03652
176.667 0.217433 0.433736 0.753335
176.667 -0.92893 0.106507 0.753335
176.667 -0.548219 -0.158878 7.03652
176.667 -0.142113 0.860462 0.753335
176.667 0.0759658 -0.280754 0.753335
176.667 0.328532 -0.957375 0.753335
176.667 -0.976578 -0.187159 7.03652
176.667 -0.262713 -0.734035 0.753335
176.667 0.630095 0.429049 7.03652
176.667 -0.66589 -0.0709272 0.753335
176.667 0.00917947 0.200286 0.753335
176.667 -0.692449 0.539413 0.753335
176.667 -0.976717 0.377341 7.03652
176.667 -0.534043 0.816607 7.03652
176.667 -0.473772 0.0649579 7.03652
176.667 -0.828988 0.536662 7.03652
176.667 0.0771306 1.0162 7.03652
176.667 -0.627715 0.217976 0.753335
176.667 -0.562917 -0.800058 0.753335
176.667 0.683109 0.00862506 0.753335
176.667 -0.326849 -0.288961 0.753335
176.667 0.0211977 -0.0566203 0.753335
176.667 -0.565692 0.741181 0.753335
176.667 0.743939 0.0927804 0.753335
176.667 -0.486535 -0.0221188 7.03652
176.667 0.643398 -0.528022 0.753335
176.667 0.598634 -0.29795 0.753335
176.667 -0.517677 -0.114315 7.03652
176.667 -1.02891 0.199456 7.03652
176.667 0.909804 -0.203622 0.753335
176.667 0.339168 -0.383148 0.753335
176.667 -0.161911 -0.0541125 0.753335
176.667 -0.347965 -0.603339 7.03652
176.667 -0.00335071 0.454634 0.753335
176.667 0.451811 0.0866694 0.753335
176.667 0.427066 0.278608 0.753335
176.667 -0.405093 0.379336 0.753335
176.667 0.451204 -0.77315 0.753335
176.667 -0.235158 0.539679 0.753335
176.667 -0.154681 0.479178 0.753335
176.667 0.587535 0.464154 0.753335
176.667 -0.818982 0.21755 7.03652
176.667 0.0366371 -0.00410291 7.03652
176.667 0.538498 0.850534 7.03652
176.667 -0.300563 -0.162435 0.753335
176.667 -0.453076 0.170959 0.753335
176.667 0.0937618 0.494009 0.753335
176.667 -0.0350596 0.499292 0.753335
176.667 -0.542739 0.693511 0.753335
176.667 0.657923 0.0678278 7.03652
176.667 0.849801 -0.173625 0.753335
176.667 -0.701417 -0.610669 7.03652
176.667 -0.483853 -0.46685 0.753335
176.667 0.14924 0.699877 0.753335
176.667 0.365232 0.152846 7.03652
176.667 0.555327 -0.378486 0.753335
176.667 0.697814 0.177421 0.753335
176.667 -0.181388 -0.632673 0.753335
176.667 -0.758334 0.537018 0.753335
176.667 0.0706679 -0.637827 0.753335
176.667 -0.459666 -0.254329 0.753335
176.667 -0.358727 -0.0148996 0.753335
176.667 -0.416586 -0.756707 0.753335
176.667 -0.887946 0.0512246 0.753335
176.667 -0.591945 -0.520323 7.03652
176.667 -0.599392 -0.572755 7.03652
176.667 0.379338 0.759451 7.03652
176.667 -0.226998 0.232269 7.03652
176.667 0.110998 -0.319158 0.753335
176.667 -0.469577 0.613999 0.753335
176.667 -0.124543 1.01694 7.03652
176.667 0.645893 0.543045 0.753335
176.667 0.120041 0.401902 0.753335
176.667 -1.04415 -0.108857 0.753335
176.667 0.743226 -0.388323 0.753335
176.667 0.683613 0.452168 7.03652
176.667 -0.913434 -0.124067 0.753335
176.667 0.549727 -0.563935 0.753335
176.667 -0.292845 0.288114 7.03652
176.667 -0.811147 0.379795 0.753335
176.667 0.297571 -0.0664142 0.753335
176.667 -0.885541 -0.289438 7.03652
176.667 -0.461752 -0.302939 7.03652
176.667 0.475682 -0.100549 0.753335
176.667 0.227067 0.779554 0.753335
176.667 0.37898 0.256586 7.03652
176.667 0.873405 0.478735 0.753335
176.667 -0.35246 -0.149758 0.753335
176.667 0.609709 -0.572497 7.03652
176.667 0.404707 -0.808673 7.03652
176.667 -0.221471 0.182869 0.753335
176.667 -0.12616 0.381526 7.03652
176.667 0.0020436 0.813775 7.03652
176.667 0.142633 0.211692 0.753335
176.667 0.387503 -0.082792 0.753335
176.667 0.424353 -0.655843 7.03652
176.667 -0.168693 -0.178894 0.753335
176.667 -0.652264 0.114645 0.753335
176.667 -0.267849 -0.848561 7.03652
176.667 -0.366269 -0.726701 0.753335
176.667 0.17591 -0.256434 0.753335
176.667 -0.399526 -0.627168 7.03652
176.667 -0.582645 0.234213 0.753335
176.667 -0.33286 0.91123 7.03652
176.667 0.916964 0.146476 0.753335
176.667 0.178101 0.129919 7.03652
176.667 -0.17994 0.711592 7.03652
176.667 -0.34486 -0.550562 0.753335
176.667 -0.697404 -0.0243774 0.753335
176.667 -0.444082 0.41661 7.03652
176.667 -0.23219 0.682851 7.03652
176.667 0.413848 0.171823 0.753335
176.667 0.737117 -0.148519 7.03652
176.667 -0.722512 -0.160703 0.753335
176.667 0.653965 0.603765 0.753335
176.667 -0.0807147 0.1858 7.03652
176.667 0.390535 0.364657 0.753335
176.667 0.793687 0.115855 7.03652
176.667 0.16039 -0.609386 0.753335
176.667 -0.804435 -0.486235 0.753335
176.667 0.462531 0.191031 7.03652
176.667 -0.199996 -0.367193 0.753335
176.667 -0.987645 -0.347287 7.03652
176.667 -0.812781 -0.431219 7.03652
176.667 -0.62946 0.745923 0.753335
176.667 0.48677 -0.0471527 7.03652
176.667 0.585993 0.0406126 0.753335
176.667 -0.293234 0.47895 0.753335
176.667 -0.837473 -0.619433 0.753335
176.667 0.619549 0.369767 7.03652
176.667 0.0578928 0.270935 0.753335
176.667 0.500106 0.581259 0.753335
176.667 -0.2687 0.194253 0.753335
176.667 0.112509 0.349733 0.753335
176.667 -0.326571 0.0226043 7.03652
176.667 0.381396 -0.696609 7.03652
176.667 0.20642 -0.0520331 0.753335
176.667 0.550643 0.12227 0.753335
176.667 -0.417963 -0.225532 0.753335
176.667 -0.939193 -0.464172 7.03652
176.667 0.171333 0.786839 0.753335
176.667 0.641255 0.487769 0.753335
176.667 -0.380868 -0.41438 0.753335
176.667 0.333867 0.660741 0.753335
176.667 -0.385306 -0.19087 0.753335
176.667 -0.142266 0.668527 0.753335
176.667 -0.351238 -0.974931 0.753335
176.667 -0.799504 0.488423 7.03652
176.667 0.100344 0.242118 0.753335
176.667 -0.534234 -0.0106731 0.753335
176.667 -0.247031 -0.174496 0.753335
176.667 0.0810163 0.643075 0.753335
176.667 -0.264994 0.328578 0.753335
176.667 -0.371394 -0.305493 0.753335
176.667 0.907245 -0.265592 7.03652
176.667 -0.924419 0.486871 0.753335
176.667 -0.589001 0.177421 7.03652
176.667 -0.296416 -0.527882 0.753335
176.667 -0.316775 -0.811878 0.753335
176.667 0.2322 0.197608 0.753335
176.667 0.71717 -0.70236 0.753335
176.667 -0.00792428 -0.483471 7.03652
176.667 -0.668972 -0.248832 0.753335
176.667 0.592598 0.521929 0.753335
176.667 -0.587467 0.79182 0.753335
176.667 0.802445 0.227739 0.753335
176.667 0.268277 0.116056 0.753335
176.667 0.046779 0.116139 0.753335
176.667 -0.648479 0.261945 7.03652
176.667 -0.461096 0.0156848 7.03652
176.667 0.105533 -0.0877707 7.03652
176.667 0.244063 -0.135356 0.753335
176.667 -0.361437 0.624977 0.753335
176.667 -0.385541 0.237887 7.03652
176.667 -0.26313 -0.790115 0.753335
176.667 0.770142 -0.546818 0.753335
176.667 -0.204915 -0.478092 7.03652
176.667 0.0517708 0.170936 0.753335
176.667 -0.227548 -0.2874 7.03652
176.667 -0.662392 0.0650132 0.753335
176.667 0.220414 0.0983062 7.03652
176.667 0.456712 0.138671 0.753335
176.667 -0.336923 -0.444472 7.03652
176.667 0.209984 0.833607 7.03652
176.667 0.159446 0.36545 7.03652
176.667 0.086309 0.44063 0.753335
176.667 -0.316553 -0.114343 7.03652
176.667 -0.782336 0.434798 0.753335
176.667 0.801553 0.170762 0.753335
176.667 -0.254615 0.996797 0.753335
176.667 -0.0541706 0.451427 0.753335
176.667 0.0355119 0.861723 0.753335
176.667 0.243266 0.7254 0.753335
176.667 0.176849 -0.501127 0.753335
176.667 0.357534 0.561366 0.753335
176.667 -0.752913 0.381933 0.753335
176.667 0.599101 -0.0643957 0.753335
176.667 0.438898 0.445179 7.03652
176.667 -0.887098 -0.0490035 0.753335
176.667 0.790857 -0.0119751 0.753335
176.667 -0.415137 0.32644 0.753335
176.667 -0.0549379 -0.575881 0.753335
176.667 0.0988239 -0.930213 7.03652
176.667 -0.147539 0.294185 7.03652
176.667 -0.535883 0.491046 0.753335
176.667 -0.288036 0.761054 7.03652
176.667 -0.708095 -0.370254 0.753335
176.667 0.477513 -0.409229 0.753335
176.667 -0.375707 0.575117 0.753335
176.667 0.244126 -0.74038 0.753335
176.667 -0.0367141 0.405249 7.03652
176.667 0.394929 -0.369418 0.753335
176.667 -0.654034 -0.29496 7.03652
176.667 -0.260673 0.440185 7.03652
176.667 -0.193632 -0.248541 0.753335
176.667 -0.583792 0.471963 0.753335
176.667 0.195304 0.280593 7.03652
176.667 -0.148665 -0.447996 0.753335
176.667 -0.765167 -0.405275 7.03652
176.667 -0.297135 -0.582354 0.753335
176.667 -0.0539555 0.918252 0.753335
176.667 -0.0556658 0.813668 7.03652
176.667 -0.504557 0.348107 7.03652
176.667 0.566102 0.679714 0.753335
176.667 -0.0820353 0.865932 7.03652
176.667 0.702156 0.507472 0.753335
176.667 -0.937217 -0.070337 0.753335
176.667 -0.437696 0.515732 0.753335
176.667 0.459288 -0.26153 7.03652
176.667 -0.371485 -0.842968 7.03652
176.667 0.61604 -0.121251 0.753335
176.667 -0.765652 -0.71247 7.03652
176.667 0.0332533 -0.963209 7.03652
176.667 -0.639956 -0.612656 7.03652
176.667 0.653946 -0.0821457 7.03652
176.667 -0.388697 0.427359 7.03652
176.667 -1.04747 0.0776817 0.753335
176.667 -0.0832792 -0.532413 0.753335
176.667 -0.416895 0.62035 0.753335
176.667 0.535667 0.439923 0.753335
176.667 0.213752 -0.289546 0.753335
176.667 -0.727355 0.431434 0.753335
176.667 0.347341 -0.780363 0.753335
176.667 -0.598636 0.353599 7.03652
176.667 0.151611 0.842484 0.753335
176.667 -0.200818 0.311983 7.03652
176.667 -0.764541 0.230879 0.753335
176.667 0.0913422 -0.813341 0.753335
176.667 -0.747382 -0.0104661 0.753335
176.667 -0.896753 0.423729 0.753335
176.667 0.507951 0.687061 0.753335
176.667 -0.0103962 -0.0202938 0.753335
176.667 -0.463386 -0.924327 7.03652
176.667 -0.274844 0.244658 0.753335
176.667 0.0311131 0.632046 7.03652
176.667 -0.722878 -0.258082 7.03652
176.667 -0.239615 0.28372 0.753335
176.667 -0.334359 0.672571 7.03652
176.667 0.0439623 -0.908126 7.03652
176.667 0.126306 0.0598986 7.03652
176.667 -0.558469 -0.345457 7.03652
176.667 -0.968329 -0.405014 7.03652
176.667 0.821035 -0.336055 0.753335
176.667 0.0403122 0.426466 0.753335
176.667 0.299873 -0.351227 0.753335
176.667 0.506104 -0.242017 7.03652
176.667 -0.631265 0.453678 7.03652
176.667 -0.417711 -0.33111 0.753335
176.667 0.708006 0.292816 7.03652
176.667 -0.190146 0.0385906 7.03652
176.667 0.323045 0.18476 0.753335
176.667 -0.292632 0.870077 0.753335
176.667 -0.316492 -0.700554 0.753335
176.667 0.302881 -0.826078 0.753335
176.667 -0.941767 0.0490573 0.753335
176.667 0.966222 0.244586 7.03652
176.667 0.479163 0.815754 7.03652
176.667 0.12659 0.0114925 0.753335
176.667 0.913276 0.203691 0.753335
176.667 -0.489418 0.714533 7.03652
176.667 0.27684 -0.917045 7.03652
176.667 -0.962719 -0.244264 0.753335
176.667 0.287519 0.266241 0.753335
176.667 -0.375366 -0.360148 0.753335
176.667 -0.240113 0.895638 0.753335
176.667 0.269737 -0.643906 7.03652
176.667 0.501977 -0.816085 7.03652
176.667 0.151304 -0.170587 0.753335
176.667 0.0582277 0.533262 0.753335
176.667 -0.116341 -0.396952 0.753335
176.667 -0.044375 0.0151473 7.03652
176.667 -0.862603 0.00274044 0.753335
176.667 -0.587651 0.527315 7.03652
176.667 0.995616 0.0590918 7.03652
176.667 -0.455975 0.783516 7.03652
176.667 -0.262956 0.0991692 0.753335
176.667 -0.184936 -0.00827724 0.753335
176.667 -0.924602 0.358111 0.753335
176.667 -0.237835 -0.33768 7.03652
176.667 -0.713795 -0.427203 0.753335
176.667 0.129915 -0.698135 7.03652
176.667 -0.536557 0.437153 7.03652
176.667 0.946676 -0.315839 7.03652
176.667 -0.283242 -0.367295 7.03652
176.667 0.068309 -0.0534707 7.03652
176.667 0.710581 -0.343447 0.753335
176.667 -0.555342 -0.293521 7.03652
176.667 -0.221837 0.410401 0.753335
176.667 0.596393 0.144857 0.753335
176.667 0.515369 -0.608896 0.753335
176.667 -0.112376 -0.728116 0.753335
176.667 -0.154137 -0.134333 0.753335
176.667 0.347957 0.393584 0.753335
176.667 0.857422 0.193174 0.753335
176.667 -0.33492 0.450062 0.753335
176.667 0.159424 0.561652 7.03652
176.667 -0.677524 0.714392 7.03652
176.667 -0.55047 0.135871 0.753335
176.667 -0.560189 -0.0642551 0.753335
176.667 0.166574 -0.020455 7.03652
176.667 0.684956 0.728451 0.753335
176.667 -0.784765 0.17283 0.753335
176.667 0.798038 -0.604328 0.753335
176.667 -0.952976 0.432145 7.03652
176.667 0.924426 -0.0286814 7.03652
176.667 -0.278505 0.0117059 0.753335
176.667 0.107293 0.291905 7.03652
176.667 -0.128784 0.193398 7.03652
176.667 0.0723665 0.324931 0.753335
176.667 0.838683 0.422711 7.03652
176.667 -0.396476 0.773539 0.753335
176.667 -0.220913 0.354441 0.753335
176.667 -0.633693 -0.207823 7.03652
176.667 0.112559 0.798986 0.753335
176.667 0.264342 0.0664304 0.753335
176.667 -0.637744 -0.0262041 0.753335
176.667 -0.489676 0.206783 7.03652
176.667 -0.717263 -0.556678 0.753335
176.667 -0.327768 -0.339891 0.753335
176.667 0.384688 -0.936891 0.753335
176.667 -0.659416 -0.56252 7.03652
176.667 -0.147632 -0.224055 0.753335
176.667 -0.757763 0.63142 7.03652
176.667 0.33129 -0.151151 0.753335
176.667 0.599091 -0.245174 0.753335
176.667 -0.131748 -0.627684 7.03652
176.667 -0.230877 0.0014637 0.753335
176.667 -0.588168 0.414909 7.03652
176.667 -0.333979 0.730728 0.753335
176.667 -0.0638307 -0.914844 0.753335
176.667 -0.741852 -0.65075 7.03652
176.667 -0.395864 -0.573389 7.03652
176.667 -0.76432 -0.528367 0.753335
176.667 0.154055 -0.90268 0.753335
176.667 -0.0346756 0.171696 0.753335
176.667 -0.858694 0.26259 7.03652
176.667 0.78371 0.42446 0.753335
176.667 -0.11101 0.813367 7.03652
176.667 -0.292088 0.0618046 0.753335
176.667 0.143876 0.509895 7.03652
176.667 0.0955471 -0.550536 0.753335
176.667 0.217629 0.0488653 7.03652
176.667 -0.782913 0.329932 7.03652
176.667 0.0587292 -0.421761 0.753335
176.667 -0.00981062 -0.776008 7.03652
176.667 0.371863 0.2043 0.753335
176.667 0.134268 0.648902 7.03652
176.667 0.169619 0.945744 0.753335
176.667 0.403324 0.0691464 0.753335
176.667 0.355183 -0.839599 0.753335
176.667 -0.162248 -0.497728 0.753335
176.667 -0.152983 0.957858 0.753335
176.667 -0.844821 -0.249798 0.753335
176.667 -0.316967 0.164915 0.753335
176.667 -0.380636 0.0933228 7.03652
176.667 0.986633 0.126491 0.753335
176.667 0.430486 0.785493 7.03652
176.667 -0.890321 0.144024 7.03652
176.667 -0.302278 0.412444 0.753335
176.667 0.509976 0.211894 0.753335
176.667 0.709263 0.0553283 7.03652
176.667 0.213081 -0.00165792 0.753335
176.667 0.548034 0.557256 0.753335
176.667 0.424723 -0.413644 0.753335
176.667 -0.617728 0.621084 0.753335
176.667 0.145331 -0.457341 0.753335
176.667 -0.82706 0.0525759 0.753335
176.667 0.808621 0.479887 0.753335
176.667 -0.512566 0.096396 0.753335
176.667 0.388602 -0.464134 0.753335
176.667 -0.661531 -0.401379 7.03652
176.667 0.25663 0.398442 7.03652
176.667 0.339079 -0.099916 0.753335
176.667 -0.226818 -0.88698 7.03652
176.667 0.523456 -0.51258 7.03652
176.667 -0.804596 0.108605 0.753335
176.667 -0.569166 0.280685 7.03652
176.667 -0.393212 0.670085 0.753335
176.667 -0.166248 -0.860216 7.03652
176.667 0.989907 -0.0629509 7.03652
176.667 0.652887 0.220535 7.03652
176.667 0.0391849 -0.47103 0.753335
176.667 0.518722 -0.133289 0.753335
176.667 -0.118456 -0.90051 7.03652
176.667 -0.378271 0.290397 7.03652
176.667 0.152006 0.313973 0.753335
176.667 0.0302384 -0.37866 0.753335
176.667 -0.686003 0.297594 7.03652
176.667 -0.0431739 -0.207563 0.753335
176.667 0.656838 0.275103 0.753335
176.667 -0.267948 -0.679703 0.753335
176.667 -0.505191 0.155422 0.753335
176.667 -0.66754 -0.795993 0.753335
176.667 0.0417712 -0.849815 0.753335
176.667 0.61459 -0.476426 7.03652
176.667 0.243718 -0.588058 0.753335
176.667 -0.563418 -0.39897 7.03652
176.667 0.149444 -0.551389 0.753335
176.667 -0.093976 -0.441151 0.753335
176.667 -0.240721 0.487613 0.753335
176.667 -0.599434 0.124921 0.753335
176.667 0.64337 0.115875 0.753335
176.667 -0.314266 -0.755444 7.03652
176.667 0.371394 -0.418198 7.03652
176.667 -0.476262 -0.209051 0.753335
176.667 -0.78032 -0.159073 0.753335
176.667 -0.46024 -0.86127 7.03652
176.667 0.695574 -0.641187 7.03652
176.667 -0.750001 -0.112992 7.03652
176.667 -0.0556099 0.644092 7.03652
176.667 0.758942 -0.654352 0.753335
176.667 0.699376 0.561863 0.753335
176.667 -0.188462 -1.00506 0.753335
176.667 -0.581944 -0.201103 7.03652
176.667 0.866839 0.371634 0.753335
176.667 -0.369638 -0.246967 0.753335
176.667 -0.0943998 -0.215001 0.753335
176.667 0.0221159 0.571339 0.753335
176.667 -0.609789 -0.0714131 7.03652
176.667 0.0781836 -0.371018 0.753335
176.667 -0.776295 0.0353491 0.753335
176.667 -0.0770965 -0.636003 0.753335
176.667 0.443507 -0.460683 0.753335
176.667 -0.557763 0.0817309 0.753335
176.667 0.1366 0.161101 0.753335
176.667 0.652535 -0.333892 7.03652
176.667 0.35982 0.102094 0.753335
176.667 0.126116 -0.270886 7.03652
176.667 0.407671 0.586108 0.753335
176.667 -0.55513 0.329542 7.03652
176.667 0.197557 -0.153113 0.753335
176.667 -0.155589 0.426051 0.753335
176.667 0.749881 0.203021 0.753335
176.667 0.442323 -0.0146736 7.03652
176.667 0.542343 0.496897 0.753335
176.667 -0.19831 -0.535479 0.753335
176.667 0.475841 0.747262 0.753335
176.667 -0.638 0.510372 0.753335
176.667 -0.978439 0.156141 0.753335
176.667 0.130351 0.748802 7.03652
176.667 0.0396732 0.0611459 7.03652
176.667 0.00524088 0.0301782 0.753335
176.667 -0.128722 0.521511 0.753335
176.667 0.0242138 -0.149944 0.753335
176.667 0.190457 0.229951 0.753335
176.667 0.239772 0.674027 7.03652
176.667 -0.0607156 -0.748681 0.753335
176.667 0.010719 1.0216 7.03652
176.667 0.45646 -0.604492 7.03652
176.667 -0.495542 0.401713 7.03652
176.667 -0.280511 -0.31537 0.753335
176.667 0.265698 -0.541525 0.753335
176.667 -0.730693 0.190314 0.753335
176.667 0.378797 0.820801 0.753335
176.667 0.373185 -0.185221 0.753335
176.667 0.716435 -0.0933622 0.753335
176.667 -0.070982 -0.166938 7.03652
176.667 0.626552 -0.389629 7.03652
176.667 0.670688 0.39109 7.03652
176.667 -0.514016 -0.37467 0.753335
176.667 0.0949899 -0.871859 7.03652
176.667 -0.808068 -0.00696015 0.753335
176.667 -0.759072 0.082325 0.753335
176.667 0.160121 -0.408771 0.753335
176.667 0.648147 -0.277271 7.03652
176.667 0.1251 -0.505302 0.753335
176.667 -0.877573 -0.573326 0.753335
176.667 -0.320497 0.979767 7.03652
176.667 0.115365 -0.133028 0.753335
176.667 0.601684 0.200194 0.753335
176.667 -0.383488 0.719529 7.03652
176.667 -0.291758 0.81747 7.03652
176.667 0.444919 0.499192 7.03652
176.667 0.0524043 0.222717 0.753335
176.667 0.318423 0.599128 0.753335
176.667 -0.308194 -0.0281335 0.753335
176.667 -0.0444228 -0.343209 7.03652
176.667 0.379724 -0.134387 0.753335
176.667 0.191217 0.730959 7.03652
176.667 0.699371 -0.294019 7.03652
176.667 -0.0122512 -0.720862 7.03652
176.667 -0.409224 -0.0039813 7.03652
176.667 -0.811373 -0.202616 7.03652
176.667 -0.0870212 0.492206 7.03652
176.667 -0.455057 0.363742 0.753335
176.667 0.707024 -0.539616 0.753335
176.667 -0.69485 -0.205291 0.753335
176.667 0.225382 -0.23933 0.753335
176.667 0.0110406 0.513835 7.03652
176.667 0.0692247 0.91063 7.03652
176.667 0.309868 -0.30115 0.753335
176.667 -0.284638 0.530291 0.753335
176.667 0.647649 0.167166 0.753335
176.667 -0.500878 -0.631853 7.03652
176.667 0.544058 0.0713899 7.03652
176.667 0.670453 -0.58305 7.03652
176.667 -0.508734 -0.262352 0.753335
176.667 0.562341 0.290585 0.753335
176.667 -0.752502 -0.465547 7.03652
176.667 0.452027 0.617143 0.753335
176.667 0.896664 -0.438898 7.03652
176.667 0.81573 0.351969 0.753335
176.667 -0.448173 0.671524 7.03652
176.667 -0.189231 1.0092 0.753335
176.667 0.449009 -0.364064 0.753335
176.667 0.428267 0.850689 0.753335
176.667 -0.525415 -0.207496 0.753335
176.667 -0.518387 -0.837038 7.03652
176.667 0.501784 -0.358471 7.03652
176.667 -0.466251 -0.355131 7.03652
176.667 0.119985 0.598955 0.753335
176.667 -0.187438 -0.316132 0.753335
176.667 0.609725 0.642602 0.753335
176.667 -0.338869 0.074571 0.753335
176.667 0.934305 -0.0863899 0.753335
176.667 0.530452 0.790181 7.03652
176.667 -0.793676 0.583732 0.753335
176.667 -0.420661 0.0451277 0.753335
176.667 -0.490664 -0.520785 0.753335
176.667 0.623128 0.704622 7.03652
176.667 -0.653129 0.662959 7.03652
176.667 0.0391071 -0.736645 0.753335
176.667 -0.70664 0.0945218 7.03652
176.667 -0.367281 -0.784121 0.753335
176.667 -0.264207 0.380701 0.753335
176.667 -0.869383 -0.46103 7.03652
176.667 -0.42029 -0.0924266 7.03652
176.667 0.830016 0.0792537 7.03652
176.667 -0.386837 -0.46714 7.03652
176.667 -0.165755 -0.686963 0.753335
176.667 -0.564826 0.0327956 0.753335
176.667 0.200383 0.330393 0.753335
176.667 -0.388739 -0.0533919 0.753335
176.667 -0.222686 0.135231 0.753335
176.667 -0.118126 0.574733 7.03652
176.667 -0.755777 -0.349729 7.03652
176.667 -0.161744 0.609884 0.753335
176.667 0.284778 0.760534 0.753335
176.667 0.219382 -0.936612 0.753335
176.667 -0.385649 0.889156 7.03652
176.667 0.283022 -0.168991 7.03652
176.667 0.209038 -0.997152 0.753335
176.667 0.704024 0.235783 7.03652
176.667 0.850928 -0.284322 0.753335
176.667 0.368073 0.879869 7.03652
176.667 0.49309 0.000711703 0.753335
176.667 -0.929657 0.18224 0.753335
176.667 -0.549623 -0.602965 0.753335
176.667 -0.163366 -0.400223 0.753335
176.667 0.241031 -0.426585 7.03652
176.667 -0.804678 -0.105836 7.03652
176.667 -0.942998 -0.300061 7.03652
176.667 -0.320127 -0.870662 0.753335
176.667 -0.751032 -0.209526 0.753335
176.667 -0.187987 0.264319 0.753335
176.667 0.0226764 -0.625068 7.03652
176.667 -0.111862 -0.487569 7.03652
176.667 -0.819508 -0.302877 0.753335
176.667 -0.620814 -0.829508 7.03652
176.667 -0.513891 0.0370592 0.753335
176.667 -0.0885493 0.410284 0.753335
176.667 0.465647 -0.50903 0.753335
176.667 -0.616818 0.0246347 0.753335
176.667 0.162914 -0.306025 0.753335
176.667 0.301986 -0.0164203 7.03652
176.667 -0.708438 -0.499768 7.03652
176.667 0.712289 0.351146 0.753335
176.667 -0.639199 0.565676 7.03652
176.667 0.125193 -0.365288 0.753335
176.667 -0.56615 -0.717643 7.03652
176.667 0.319891 0.959307 0.753335
176.667 -0.536294 -0.494236 0.753335
176.667 0.175131 0.612508 7.03652
176.667 -0.402787 0.185405 0.753335
176.667 0.502308 -0.298959 7.03652
176.667 0.329255 0.793456 0.753335
176.667 -0.472374 -0.409722 7.03652
176.667 -0.0754673 -0.301614 0.753335
176.667 -0.821728 0.642655 0.753335
176.667 -0.464436 0.31043 7.03652
176.667 0.131401 0.110194 7.03652
176.667 0.408191 0.120173 0.753335
176.667 -0.661218 -0.163072 0.753335
176.667 -0.158871 -0.277186 0.753335
176.667 0.319536 -0.549501 0.753335
176.667 0.833238 -0.441253 0.753335
176.667 -0.658428 -0.346142 0.753335
176.667 0.291189 -0.117434 7.03652
176.667 -0.12905 -1.02052 0.753335
176.667 0.095827 0.695835 0.753335
176.667 0.661513 0.331536 0.753335
176.667 0.250621 -0.0837462 0.753335
176.667 0.0821657 -0.00853629 0.753335
176.667 -0.635381 0.390651 0.753335
176.667 0.537228 -0.662675 0.753335
176.667 -0.528789 0.243176 0.753335
176.667 0.87292 0.313671 0.753335
176.667 -0.60436 -0.311403 7.03652
176.667 0.491021 -0.558067 7.03652
176.667 0.815304 -0.0612261 0.753335
176.667 0.69745 -0.238538 7.03652
176.667 -0.0570907 1.02212 7.03652
176.667 -0.491186 0.90861 0.753335
176.667 -0.547425 0.382742 0.753335
176.667 0.598362 -0.34797 0.753335
176.667 0.694743 -0.183516 0.753335
176.667 -0.0661826 -1.02233 7.03652
176.667 0.504705 0.634772 7.03652
176.667 -0.235054 -0.0933379 0.753335
176.667 0.438734 -0.712952 0.753335
176.667 0.826422 -0.116822 0.753335
176.667 -0.134536 0.040418 7.03652
176.667 -0.860612 0.0979211 0.753335
176.667 0.925936 0.362791 0.753335
176.667 -0.443668 -0.545357 0.753335
176.667 0.268619 0.451163 7.03652
176.667 0.77354 0.048298 7.03652
176.667 0.00222065 -0.574211 0.753335
176.667 0.765548 0.37278 0.753335
176.667 0.204549 -0.101086 7.03652
176.667 0.0782055 0.0375444 0.753335
176.667 -0.173675 0.122196 0.753335
176.667 -0.271065 0.146318 0.753335
176.667 0.867384 -0.496143 7.03652
176.667 -0.211336 -0.770294 7.03652
176.667 0.0518871 -1.02532 7.03652
176.667 -0.497 -0.575481 0.753335
176.667 0.599617 0.581469 0.753335
176.667 0.13307 0.456948 0.753335
176.667 -0.248796 -1.00401 7.03652
176.667 0.0257701 0.306439 7.03652
176.667 -0.477825 -0.799389 0.753335
176.667 0.562775 -0.779562 7.03652
176.667 0.57839 0.406248 0.753335
176.667 -0.206743 -0.200399 7.03652
176.667 0.196507 0.522441 7.03652
176.667 0.316039 -0.251788 0.753335
176.667 -0.374034 0.0373445 7.03652
176.667 0.142308 -1.0152 7.03652
176.667 0.33683 0.28728 0.753335
176.667 0.400128 0.528719 7.03652
176.667 0.299276 0.367831 7.03652
176.667 -0.36921 -0.102274 0.753335
176.667 0.963728 -0.251052 0.753335
176.667 -0.0592259 -0.0349861 0.753335
176.667 0.853809 0.138344 0.753335
176.667 -0.0609687 -0.860104 0.753335
176.667 -0.113098 -0.840454 0.753335
176.667 0.168074 0.417948 0.753335
176.667 -0.1817 0.896783 0.753335
176.667 0.157987 -0.0710422 0.753335
176.667 0.497265 -0.462896 0.753335
176.667 0.753381 0.576712 7.03652
176.667 0.45573 0.679135 0.753335
176.667 -0.594515 0.852007 7.03652
176.667 0.18186 0.471494 0.753335
176.667 0.773328 0.636679 0.753335
176.667 -0.725334 0.58435 0.753335
176.667 0.505881 0.157077 0.753335
176.667 -0.559944 -0.245427 7.03652
176.667 -0.652895 -0.513966 7.03652
176.667 -0.775111 -0.0569028 0.753335
176.667 -0.51458 0.2943 0.753335
176.667 -0.513963 -0.0637337 7.03652
176.667 0.270537 -0.979481 7.03652
176.667 0.23409 0.486315 0.753335
176.667 0.447508 0.0354925 0.753335
176.667 0.746233 -0.265854 7.03652
176.667 0.225812 0.147908 7.03652
176.667 0.103348 -0.183827 7.03652
176.667 0.306424 0.543188 0.753335
176.667 0.373626 -0.551501 0.753335
176.667 0.0304768 -0.679826 0.753335
176.667 -0.180378 0.385589 0.753335
176.667 0.36032 -0.284564 7.03652
176.667 0.253723 0.873367 0.753335
176.667 0.349993 0.00113452 0.753335
176.667 0.213819 -0.629724 0.753335
176.667 -0.706708 0.246826 7.03652
176.667 -0.0838871 0.758803 0.753335
176.667 0.474228 0.301948 0.753335
176.667 0.395488 -0.878594 0.753335
176.667 -0.0259232 0.553003 0.753335
176.667 -0.249211 -0.449918 7.03652
176.667 0.393441 -0.0319191 0.753335
176.667 0.478996 0.359462 0.753335
176.667 -0.665301 -0.661217 0.753335
176.667 0.366566 -0.235023 7.03652
176.667 -0.468089 0.121919 7.03652
176.667 0.00655796 -0.335466 0.753335
176.667 0.270738 0.8178 7.03652
176.667 -0.0409916 -0.438768 0.753335
176.667 -0.411627 -0.277447 7.03652
176.667 -0.692458 0.374698 0.753335
176.667 -0.282867 -0.209085 7.03652
176.667 0.196438 -0.451381 0.753335
176.667 0.394863 -0.750627 0.753335
176.667 -0.213759 -0.827578 0.753335
176.667 -0.810496 -0.563691 0.753335
176.667 -0.546188 -0.665544 7.03652
176.667 -0.141467 0.770636 7.03652
176.667 0.496995 0.524788 7.03652
176.667 0.295921 -0.407417 0.753335
176.667 -0.716884 -0.758977 0.753335
176.667 -0.437648 0.728863 7.03652
176.667 -0.678524 0.20431 0.753335
176.667 -0.604019 0.690563 7.03652
176.667 0.647561 -0.220841 0.753335
176.667 0.555736 0.618459 0.753335
176.667 -0.3261 0.561925 0.753335
176.667 -0.426188 0.27293 7.03652
176.667 0.436339 -0.0654881 0.753335
176.667 0.0250242 -0.287891 7.03652
176.667 0.130389 0.900304 0.753335
176.667 0.992205 -0.00567758 0.753335
176.667 0.265352 -0.27022 7.03652
176.667 0.504718 -0.876539 0.753335
176.667 0.723019 0.412675 7.03652
176.667 0.528021 0.383206 0.753335
176.667 0.694946 0.118282 7.03652
176.667 -0.670485 0.0167275 7.03652
176.667 -0.80828 -0.360691 7.03652
176.667 0.159056 -0.117888 7.03652
176.667 0.527642 -0.41882 7.03652
176.667 0.554105 -0.718551 0.753335
176.667 0.0929931 -0.986601 7.03652
176.667 -0.766429 -0.598455 0.753335
176.667 0.449138 -0.843811 0.753335
176.667 -0.332711 -0.391289 7.03652
176.667 0.2377 -0.484133 7.03652
176.667 -0.0599458 -0.254374 0.753335
176.667 -0.0254685 -0.295087 0.753335
176.667 0.189763 0.66695 0.753335
176.667 0.791479 -0.16442 7.03652
176.667 -0.408508 -0.948777 0.753335
176.667 -0.438569 -0.177146 0.753335
176.667 0.389254 0.422379 7.03652
176.667 -0.0598094 -0.485466 0.753335
176.667 -0.094673 -0.351044 7.03652
176.667 -0.858999 0.592977 0.753335
176.667 -0.279795 0.649831 0.753335
176.667 0.0276445 0.76133 7.03652
176.667 -0.246788 -0.505965 7.03652
176.667 0.0542722 -0.580212 0.753335
176.667 -0.1241 0.721293 0.753335
176.667 -0.802388 -0.662722 7.03652
176.667 0.332735 0.730059 7.03652
176.667 -0.0323379 0.0616207 0.753335
176.667 -0.865857 -0.102514 0.753335
176.667 -0.738079 0.730156 7.03652
176.667 -0.37877 0.476452 0.753335
176.667 0.772533 -0.441933 0.753335
176.667 0.47852 -0.654963 0.753335
176.667 0.860727 -0.0196929 0.753335
176.667 0.520896 0.325952 0.753335
176.667 -0.572609 -0.113605 7.03652
176.667 0.369263 -0.64553 0.753335
176.667 -0.604751 -0.156393 0.753335
176.667 -1.01605 0.262371 0.753335
176.667 0.342779 0.33956 7.03652
176.667 -0.145232 -0.96032 0.753335
176.667 0.238378 0.247673 0.753335
176.667 -0.394163 -0.681752 0.753335
176.667 -0.544589 -0.547863 0.753335
176.667 0.301319 0.906698 7.03652
176.667 0.59915 0.0885504 0.753335
176.667 0.885481 0.0324364 0.753335
176.667 -0.200733 0.454618 7.03652
176.667 -0.237329 0.734554 0.753335
176.667 0.00649843 -0.200052 0.753335
176.667 -1.03958 0.13925 7.03652
176.667 -0.0236949 0.86568 7.03652
176.667 -0.241683 -0.395312 0.753335
176.667 -0.706218 -0.310874 7.03652
176.667 -0.996695 0.321565 7.03652
176.667 -0.404099 -0.141079 0.753335
176.667 0.711084 0.624401 0.753335
176.667 -0.440349 -0.704473 7.03652
176.667 -0.872099 0.202096 0.753335
176.667 -0.0147983 0.60793 0.753335
176.667 -0.20187 -0.428409 0.753335
176.667 -0.0785885 -0.0827163 7.03652
176.667 0.568481 -0.102878 7.03652
176.667 0.798365 -0.387122 7.03652
176.667 0.329364 -0.892438 7.03652
176.667 0.940723 0.0266401 0.753335
176.667 0.292383 0.695595 0.753335
176.667 -0.922127 -0.354782 0.753335
176.667 -0.110835 -0.260453 7.03652
176.667 -0.0660023 0.591912 0.753335
176.667 0.500268 0.105047 0.753335
176.667 0.58599 0.748588 0.753335
176.667 0.733754 -0.595278 7.03652
176.667 0.813238 0.292565 7.03652
176.667 -0.162048 -0.743922 0.753335
176.667 0.606301 0.25538 7.03652
176.667 0.590985 0.812334 7.03652
176.667 0.432888 0.334236 0.753335
176.667 -0.343499 0.787593 0.753335
176.667 -0.0869271 -0.966487 7.03652
176.667 0.885485 0.090641 0.753335
176.667 -0.675887 0.426744 0.753335
176.667 0.552934 0.178147 0.753335
176.667 -0.0679844 0.365064 0.753335
176.667 0.859873 -0.386259 0.753335
176.667 0.68118 -0.388704 0.753335
176.667 -0.907503 -0.412781 0.753335
176.667 0.0924731 -0.463176 0.753335
176.667 -0.208885 0.582584 0.753335
176.667 -0.430962 0.466216 7.03652
176.667 0.923913 -0.37975 7.03652
176.667 0.297522 0.490559 0.753335
176.667 -0.42209 -0.814865 0.753335
176.667 -0.434457 0.936418 7.03652
176.667 0.400901 -0.599955 0.753335
176.667 0.465651 -0.207139 0.753335
176.667 0.557551 0.233908 7.03652
176.667 -0.280816 -0.91548 0.753335
176.667 -0.669706 -0.457755 0.753335
176.667 -0.0295906 -0.618189 0.753335
176.667 -1.04999 0.0130707 0.753335
176.667 -0.0354975 0.220574 7.03652
176.667 -0.00950852 -0.247655 0.753335
176.667 0.306478 0.421052 0.753335
176.667 0.235208 -0.187514 0.753335
176.667 0.744837 0.148448 0.753335
176.667 0.582457 -0.519809 0.753335
176.667 -0.610679 -0.256849 0.753335
176.667 0.945915 0.307776 0.753335
176.667 -0.0650795 -0.693229 0.753335
176.667 0.259657 -0.319221 0.753335
176.667 0.420471 0.224349 7.03652
176.667 -0.541971 0.193009 0.753335
176.667 -0.0759522 0.540862 0.753335
176.667 0.201621 -0.827145 0.753335
176.667 -0.67765 0.608796 7.03652
176.667 -0.616654 -0.47409 7.03652
176.667 0.109013 -0.596881 7.03652
176.667 -0.986772 0.0984124 0.753335
176.667 0.988641 -0.125541 0.753335
176.667 -0.831673 -0.0553577 0.753335
176.667 0.405811 -0.320842 7.03652
176.667 -0.0900503 0.681073 0.753335
176.667 -0.476486 0.257555 0.753335
176.667 -0.690845 -0.11783 0.753335
176.667 0.973563 0.18359 0.753335
176.667 0.0414055 -0.792021 0.753335
176.667 -0.718873 0.0389848 7.03652
176.667 0.854883 -0.227673 0.753335
176.667 -0.481129 0.834585 7.03652
176.667 0.139193 -0.221233 0.753335
176.667 0.447381 -0.909085 0.753335
176.667 -0.162075 0.0776611 0.753335
176.667 0.335305 -0.721595 0.753335
176.667 0.00400044 0.0921366 0.753335
176.667 -0.208998 -0.142544 7.03652
176.667 0.349408 -0.501994 0.753335
176.667 -0.314789 0.216735 0.753335
176.667 -0.00925038 -0.833385 0.753335
176.667 -0.212714 0.950272 0.753335
176.667 -0.893768 0.541155 0.753335
176.667 -0.615287 -0.691211 0.753335
176.667 -0.51081 0.764658 7.03652
176.667 0.651779 -0.438565 0.753335
176.667 -0.518093 -0.898688 7.03652
176.667 0.37562 0.695227 0.753335
176.667 0.875112 -0.0715996 7.03652
176.667 0.00795015 0.915997 0.753335
176.667 -0.0881249 0.968 0.753335
176.667 -0.655354 -0.733378 7.03652
176.667 -0.300119 -0.636696 0.753335
176.667 -0.250785 -0.557215 7.03652
176.667 0.490408 0.469381 0.753335
176.667 -0.724821 0.333582 0.753335
176.667 -0.495965 -0.160921 0.753335
176.667 -0.0604166 -0.80442 0.753335
176.667 0.976849 -0.191688 7.03652
176.667 0.190325 0.88854 0.753335
176.667 -0.500763 -0.694415 7.03652
176.667 0.392841 0.474918 0.753335
176.667 0.255259 0.530696 0.753335
176.667 0.307243 0.0338763 7.03652
176.667 0.320346 -0.660391 0.753335
176.667 -0.528182 -0.755804 0.753335
176.667 0.274291 0.165855 7.03652
176.667 -0.192573 0.764969 0.753335
176.667 -0.134863 -0.538791 0.753335
176.667 0.194491 -0.572131 0.753335
176.667 -0.128375 0.143233 0.753335
176.667 0.0405624 -0.240552 0.753335
176.667 -0.1772 -0.916469 0.753335
176.667 0.827084 0.0263772 7.03652
176.667 0.768294 0.522961 0.753335
176.667 0.14755 -0.848706 0.753335
176.667 -0.65216 0.336636 7.03652
176.667 0.812215 0.581614 7.03652
176.667 -0.863222 0.484109 7.03652
176.667 0.143662 -0.796219 0.753335
176.667 0.642273 -0.164857 7.03652
176.667 0.416881 -0.221373 0.753335
176.667 -0.906807 -0.236285 0.753335
176.667 -0.705307 -0.698582 0.753335
176.667 -0.438159 -0.492143 7.03652
176.667 -0.225728 -0.949042 0.753335
176.667 0.262666 -0.862322 0.753335
176.667 -0.234389 0.624635 0.753335
176.667 0.0790559 -0.69662 7.03652
176.667 -0.484432 0.455205 7.03652
176.667 -0.314675 0.114959 7.03652
176.667 0.61211 -0.734214 0.753335
176.667 -0.36609 0.34681 0.753335
176.667 -0.33771 -0.198346 7.03652
176.667 -0.342285 -0.497326 0.753335
176.667 0.0594691 0.806471 0.753335
176.667 -0.018058 -0.386061 0.753335
176.667 0.544787 -0.0365542 7.03652
176.667 0.00376543 -0.106816 0.753335
176.667 0.2823 0.638171 7.03652
176.667 -0.109457 0.626367 7.03652
176.667 0.106704 0.547865 0.753335
176.667 0.345246 -0.0491489 0.753335
176.667 0.746836 -0.206466 0.753335
176.667 0.796292 -0.278336 7.03652
176.667 0.834464 -0.551726 7.03652
176.667 0.12016 -0.0408842 0.753335
176.667 -0.839573 0.322113 7.03652
176.667 -0.360957 0.14012 7.03652
176.667 -0.0660519 -0.394297 0.753335
176.667 -0.535193 0.545884 0.753335
176.667 -0.411483 0.137882 7.03652
176.667 -0.98167 -0.0181678 7.03652
176.667 0.590299 -0.0133721 7.03652
176.667 -0.212772 0.0866738 7.03652
176.667 0.906878 0.263611 0.753335
176.667 0.515117 0.268085 0.753335
176.667 -0.526646 0.602286 7.03652
176.667 0.214129 0.569999 0.753335
176.667 -0.423182 -0.385215 0.753335
176.667 -0.722025 -0.0695044 0.753335
176.667 0.0529908 -0.0988343 7.03652
176.667 -1.00822 -0.28988 7.03652
176.667 0.620354 -0.79642 7.03652
176.667 -0.91015 -0.516468 7.03652
176.667 0.0077177 0.251711 0.753335
176.667 0.569503 0.348226 0.753335
176.667 0.330054 0.23576 0.753335
176.667 -0.160574 0.341581 0.753335
176.667 0.187827 -0.20557 0.753335
176.667 0.469802 -0.153933 7.03652
176.667 -0.609498 -0.365686 7.03652
176.667 -0.803499 0.274867 0.753335
176.667 0.0253735 -0.529438 7.03652
176.667 -0.386561 0.526074 0.753335
176.667 -0.0329994 0.122525 7.03652
176.667 0.435067 0.391275 7.03652
176.667 0.367451 0.620275 7.03652
176.667 -0.109833 0.33374 7.03652
176.667 0.506297 -0.759542 0.753335
176.667 -0.051451 0.711768 7.03652
176.667 -0.161663 -0.801844 7.03652
176.667 0.00688404 0.394961 0.753335
176.667 0.599074 -0.190021 7.03652
176.667 0.410522 -0.271568 0.753335
176.667 -0.993663 -0.0747934 7.03652
176.667 -0.838941 0.432086 0.753335
176.667 0.744321 0.469231 0.753335
176.667 0.0333782 0.355606 0.753335
176.667 0.886453 -0.330844 7.03652
176.667 -0.849328 -0.51816 0.753335
176.667 0.354997 0.0515979 0.753335
176.667 -0.431415 -0.439556 0.753335
176.667 0.293897 -0.598344 7.03652
176.667 0.254189 -0.0340492 0.753335
176.667 0.280889 0.215993 0.753335
176.667 0.353265 -0.333885 0.753335
176.667 0.174612 -0.663892 0.753335
176.667 0.249527 0.34736 7.03652
176.667 0.285113 -0.702467 0.753335
176.667 -0.406577 -0.886523 0.753335
176.667 -0.0235368 -0.957958 0.753335
176.667 -0.392049 -0.520325 7.03652
176.667 0.295756 -0.501452 0.753335
176.667 -0.834697 0.155347 0.753335
176.667 0.642 0.771759 0.753335
176.667 0.561883 -0.839374 0.753335
176.667 -0.33207 0.312095 0.753335
176.667 0.234028 0.928563 7.03652
176.667 0.398366 0.0186294 7.03652
176.667 0.343579 -0.600016 7.03652
176.667 -0.312487 0.612166 0.753335
176.667 -0.593111 -0.638615 0.753335
176.667 0.106214 0.957665 0.753335
176.667 0.424233 0.723029 0.753335
176.667 0.044924 0.688769 0.753335
176.667 0.203809 0.993793 0.753335
176.667 -0.111165 -0.782584 7.03652
176.667 -0.263955 -0.128899 0.753335
176.667 0.450978 0.555392 0.753335
176.667 -0.149387 -0.350952 0.753335
176.667 0.932603 -0.150493 0.753335
176.667 0.207423 0.381532 0.753335
176.667 0.323784 -0.201843 0.753335
176.667 0.0446946 0.477742 0.753335
176.667 0.484458 0.414822 0.753335
176.667 0.485181 0.88095 0.753335
176.667 -0.0102022 0.666256 0.753335
176.667 -0.338015 0.257851 0.753335
176.667 -0.92087 -0.176846 0.753335
176.667 -0.284871 -0.0789672 7.03652
176.667 0.0899377 -0.232643 7.03652
176.667 -0.241305 -0.234577 7.03652
176.667 -0.11778 0.0945107 7.03652
176.667 -0.573971 -0.86687 7.03652
176.667 -0.520368 -0.431772 0.753335
176.667 -0.474278 -0.74596 7.03652
176.667 -0.177684 0.820369 0.753335
176.667 0.171731 0.0307038 0.753335
176.667 -0.970953 0.224268 0.753335
176.667 -0.77977 0.689445 7.03652
176.667 0.882705 -0.128155 0.753335
176.667 0.25082 -0.801128 0.753335
176.667 0.173211 0.0799989 0.753335
176.667 0.545813 -0.325985 0.753335
176.667 -0.220696 -0.661826 7.03652
176.667 -0.349041 0.3948 0.753335
176.667 -0.115551 -0.676016 0.753335
176.667 0.0853431 0.0876996 7.03652
176.667 -0.124648 -0.310288 0.753335
176.667 0.109667 -0.415128 0.753335
176.667 0.183921 0.179878 0.753335
176.667 -0.21075 -0.588184 0.753335
176.667 0.496173 0.0522803 7.03652
176.667 -0.240035 0.793846 7.03652
176.667 0.68013 -0.486989 0.753335
176.667 0.632758 0.0242545 0.753335
176.667 0.294629 -0.763857 0.753335
176.667 -0.64632 0.811219 7.03652
176.667 0.903415 0.423928 7.03652
176.667 0.00781619 -0.429993 7.03652
176.667 -0.0996359 0.28233 0.753335
176.667 0.565446 -0.155212 0.753335
176.667 0.141503 1.00697 0.753335
176.667 -1.03455 -0.166529 0.753335
176.667 -0.585121 -0.018518 7.03652
176.667 -0.320034 -0.242265 7.03652
176.667 -0.13707 0.244425 0.753335
176.667 0.0902586 -0.754815 7.03652
176.667 -0.633966 -0.115836 7.03652
176.667 -0.0223699 -0.158542 0.753335
176.667 -0.190052 0.652992 0.753335
176.667 0.348207 0.506751 0.753335
176.667 -0.309988 0.356763 0.753335
176.667 0.316664 0.134238 0.753335
176.667 -0.293238 -0.4754 0.753335
176.667 -0.868613 0.372294 0.753335
176.667 -0.086618 0.0487497 7.03652
176.667 -0.695185 0.148792 0.753335
176.667 0.753612 -0.0517323 0.753335
