155.333 -0.897094 0.308693 0.753335
155.333 0.655929 -0.68747 0.753335
155.333 -0.447945 -0.597751 7.03652
155.333 -0.40915 0.825021 0.753335
155.333 -0.259481 -0.0386556 0.753335
155.333 -1.04737 -0.045131 7.03652
155.333 -0.856251 -0.393776 0.753335
155.333 -0.429973 0.56734 0.753335
155.333 0.00927132 0.147598 0.753335
155.333 0.741464 -0.492052 0.753335
155.333 0.0734156 0.387089 7.03652
155.333 -0.0226335 0.970335 0.753335
155.333 -0.440314 0.874357 7.03652
155.333 -0.336241 -0.0657265 0.753335
155.333 -0.113187 0.453025 7.03652
155.333 0.421892 -0.170679 0.753335
155.333 0.457038 -0.315528 7.03652
155.333 -1.02575 -0.229104 7.03652
155.333 -0.974007 -0.129255 0.753335
155.333 -0.278734 0.938098 0.753335
155.333 0.0955042 0.193237 7.03652
155.333 -0.838157 -0.150071 7.03652
155.333 -0.172857 0.16916 0.753335
155.333 -0.748187 0.284075 7.03652
155.333 0.943063 0.089835 0.753335
155.333 0.431082 0.911326 0.753335
155.333 -0.191643 0.51389 7.03652
155.333 -0.868641 -0.191656 0.753335
155.333 -0.176968 0.216162 0.753335
155.333 -0.713266 0.663355 0.753335
155.333 0.0693533 -0.510857 0.753335
155.333 0.0546515 -0.191395 7.03652
155.333 -0.0926996 0.00115169 7.03652
155.333 -0.140259 -0.00564432 7.03652
155.333 -0.378891 0.95551 0.753335
155.333 -0.579638 0.581902 0.753335
155.333 0.0590202 -0.326823 7.03652
155.333 -0.0681943 0.0911858 7.03652
155.333 -0.604622 -0.763454 0.753335
155.333 0.756737 0.259924 0.753335
155.333 -0.350795 -0.915602 0.753335
155.333 0.158734 -0.95678 0.753335
155.333 -0.685237 0.48315 7.03652
155.333 0.214712 -0.339668 0.753335
155.333 0.634396 -0.627998 7.03652
155.333 -0.117501 0.914897 7.03652
155.333 0.667356 0.666163 0.753335
155.333 -0.0274065 -0.070359 7.03652
155.333 0.73723 0.00348711 7.03652
155.333 0.145773 -0.743836 0.753335
155.333 0.610435 0.311626 0.753335
155.333 -0.609311 0.0750255 0.753335
155.333 -0.784899 -0.253301 7.03652
155.333 0.432675 -0.554628 7.03652
155.333 0.0682365 0.591028 0.753335
155.333 0.093805 0.855067 0.753335
155.333 -0.508825 -0.317961 7.03652
155.333 0.530711 0.734045 0.753335
155.333 0.427864 -0.118468 0.753335
155.333 -0.614278 0.297442 0.753335
155.333 -0.34744 -0.657298 0.753335
155.333 -0.336192 0.510982 7.03652
155.333 -0.350421 0.841463 7.03652
155.333 0.671688 -0.749423 0.753335
155.333 -0.357951 0.196927 0.753335
155.333 -0.457434 -0.129764 7.03652
155.333 0.273866 -0.220281 7.03652
155.333 0.205223 -0.392609 0.753335
155.333 0.524775 -0.0812976 0.753335
155.333 0.0706616 -0.141532 0.753335
155.333 0.318306 0.851961 0.753335
155.333 -0.296699 -0.971513 0.753335
155.333 -0.914001 0.243435 0.753335
155.333 -0.0293277 0.765248 7.03652
155.333 0.0902702 0.140333 0.753335
155.333 -0.250829 -0.617964 7.03652
155.333 0.549583 -0.271738 0.753335
155.333 0.409023 0.653766 0.753335
155.333 0.263777 0.977091 0.753335
155.333 -0.951028 0.288835 0.753335
155.333 -0.226962 0.844744 7.03652
155.333 0.468546 0.245181 7.03652
155.333 -0.0287992 -0.531227 0.753335
155.333 -0.566943 -0.454757 7.03652
155.333 0.311433 0.0840986 0.753335
155.333 -0.865233 -0.337906 0.753335
155.333 0.26013 0.016299 7.03652
155.333 -0.48333 0.561928 7.03652
155.333 0.798804 -0.221028 0.753335
155.333 -0.00818145 -0.894339 0.753335
155.333 0.332018 -0.45233 0.753335
155.333 -0.212508 -0.0504405 0.753335
155.333 -0.287211 0.700683 7.03652
155.333 0.386562 0.310052 0.753335
155.333 0.255065 -0.374969 0.753335
155.333 0.281826 -0.455089 0.753335
155.333 0.772633 -0.106266 7.03652
155.333 0.198479 -0.770593 7.03652
155.333 -0.750189 0.134728 0.753335
155.333 0.192359 -0.71398 0.753335
155.333 0.0421628 0.966328 7.03652
155.333 0.712319 -0.438786 0.753335
155.333 0.763669 -0.327961 0.753335
155.333 -0.438043 0.221987 0.753335
155.333 0.21694 -0.52575 0.753335
155.333 -0.289833 -0.41982 7.03652
155.333 -0.242987 0.0497741 7.03652
155.333 0.64322 -0.0307011 7.03652
155.333 0.227904 0.62187 0.753335
155.333 -0.43992 -0.0415709 0.753335
155.333 0.492679 -0.707404 0.753335
155.333 -0.275734 -0.26703 7.03652
155.333 0.00138946 0.716447 0.753335
155.333 -0.0183023 0.294803 0.753335
155.333 0.208228 -0.879869 0.753335
155.333 0.340172 0.453225 0.753335
155.333 -0.503308 0.656712 0.753335
155.333 0.760164 0.3154 0.753335
155.333 0.554654 -0.468174 7.03652
155.333 -0.565352 0.644249 0.753335
155.333 -0.0212439 -0.667838 0.753335
155.333 0.574279 -0.617131 0.753335
155.333 -0.165743 0.557871 0.753335
155.333 -0.0532045 0.264212 7.03652
155.333 -0.211453 -0.716345 7.03652
155.333 -0.761701 -0.300914 7.03652
155.333 -0.119888 -0.175584 0.753335
155.333 -0.488915 0.507137 7.03652
155.333 -0.540279 0.877447 7.03652
155.333 -0.187004 -0.0985835 0.753335
155.333 0.596576 -0.673451 0.753335
155.333 -0.132723 -0.0919477 0.753335
155.333 -0.642267 0.165643 0.753335
155.333 -0.0106752 -1.01784 7.03652
155.333 -0.92429 -0.00712358 7.03652
155.333 0.150007 0.262026 7.03652
155.333 -0.0897463 0.230697 0.753335
155.333 0.851707 0.251746 0.753335
155.333 0.729406 0.685696 0.753335
155.333 0.294661 0.315733 0.753335
155.333 0.169017 -0.353151 0.753335
155.333 -0.450805 -0.652003 7.03652
155.333 -0.430374 0.0915123 7.03652
155.333 -0.160771 -0.579826 7.03652
155.333 0.0754427 0.745426 0.753335
155.333 -0.613863 -0.421298 0.753335
155.333 0.841858 0.529792 0.753335
155.333 -0.996581 0.0373613 7.03652
155.333 -0.694306 0.77406 7.03652
155.333 0.513786 -0.185437 0.753335
155.333 0.679969 -0.129278 7.03652
155.333 -0.0835011 0.138416 0.753335
155.333 -0.469974 -0.0827602 0.753335
155.333 0.267519 0.582972 0.753335
155.333 0.552739 -0.215706 7.03652
155.333 -0.0174833 0.348364 0.753335
155.333 -0.100583 -0.128373 7.03652
155.333 0.375082 0.936194 7.03652
155.333 0.245389 0.297112 0.753335
155.333 -0.268671 0.585426 0.753335
155.333 -0.111651 -0.0465334 7.03652
155.333 -0.105084 -0.585886 0.753335
155.333 0.80418 -0.495783 7.03652
155.333 -0.738866 0.486794 0.753335
155.333 0.406433 -0.510179 7.03652
155.333 0.587437 -0.426044 0.753335
155.333 -0.0615009 0.318056 7.03652
155.333 0.121038 -0.646965 0.753335
155.333 -0.0472287 -0.117525 7.03652
155.333 0.540141 0.0138347 0.753335
155.333 0.697944 -0.0436849 0.753335
155.333 0.235182 -0.683099 7.03652
155.333 0.216887 0.43403 0.753335
155.333 -0.928692 0.10556 0.753335
155.333 -0.547741 -0.158744 7.03652
155.333 -0.141912 0.862271 0.753335
155.333 0.0761736 -0.279805 0.753335
155.333 0.327602 -0.957506 0.753335
155.333 -0.97709 -0.187272 7.03652
155.333 -0.262202 -0.733867 0.753335
155.333 0.63018 0.429217 7.03652
155.333 -0.665808 -0.0709678 0.753335
155.333 0.0093101 0.200462 0.753335
155.333 -0.691302 0.539494 0.753335
155.333 -0.976732 0.377317 7.03652
155.333 -0.53136 0.816808 7.03652
155.333 -0.474461 0.0648791 7.03652
155.333 -0.828626 0.537246 7.03652
155.333 0.0773566 1.01626 7.03652
155.333 -0.628945 0.218855 0.753335
155.333 -0.560027 -0.798902 0.753335
155.333 0.682951 0.00840762 0.753335
155.333 -0.326564 -0.288684 0.753335
155.333 0.0217509 -0.0564909 0.753335
155.333 -0.569467 0.740577 0.753335
155.333 0.743524 0.0929564 0.753335
155.333 -0.486508 -0.0229709 7.03652
155.333 0.643096 -0.528238 0.753335
155.333 0.598049 -0.297787 0.753335
155.333 -0.517177 -0.114557 7.03652
155.333 -1.02901 0.199301 7.03652
155.333 0.910127 -0.204029 0.753335
155.333 0.34033 -0.381606 0.753335
155.333 -0.163057 -0.0540136 0.753335
155.333 -0.347937 -0.60274 7.03652
155.333 -0.0035323 0.454458 0.753335
155.333 0.451615 0.0863878 0.753335
155.333 0.428052 0.278637 0.753335
155.333 -0.405189 0.37913 0.753335
155.333 0.452269 -0.771524 0.753335
155.333 -0.237838 0.536662 0.753335
155.333 -0.156806 0.479203 0.753335
155.333 0.587805 0.464713 0.753335
155.333 -0.819424 0.217807 7.03652
155.333 0.0369347 -0.00442906 7.03652
155.333 0.538341 0.850477 7.03652
155.333 -0.298872 -0.162253 0.753335
155.333 -0.453903 0.171054 0.753335
155.333 0.0940952 0.495121 0.753335
155.333 -0.0346635 0.49888 0.753335
155.333 -0.541496 0.695775 0.753335
155.333 0.658582 0.0681252 7.03652
155.333 0.851798 -0.172353 0.753335
155.333 -0.702064 -0.609148 7.03652
155.333 -0.485406 -0.466984 0.753335
155.333 0.149801 0.700996 0.753335
155.333 0.365035 0.152648 7.03652
155.333 0.556695 -0.378929 0.753335
155.333 0.697743 0.17676 0.753335
155.333 -0.182902 -0.632128 0.753335
155.333 -0.756012 0.537438 0.753335
155.333 0.0712217 -0.637141 0.753335
155.333 -0.459003 -0.254046 0.753335
155.333 -0.359062 -0.014782 0.753335
155.333 -0.415483 -0.755465 0.753335
155.333 -0.887987 0.0502262 0.753335
155.333 -0.593716 -0.522246 7.03652
155.333 -0.598999 -0.574789 7.03652
155.333 0.378974 0.758876 7.03652
155.333 -0.226917 0.23187 7.03652
155.333 0.111286 -0.31837 0.753335
155.333 -0.470193 0.614737 0.753335
155.333 -0.125735 1.01691 7.03652
155.333 0.64687 0.543496 0.753335
155.333 0.120523 0.402568 0.753335
155.333 -1.04415 -0.108616 0.753335
155.333 0.743323 -0.389158 0.753335
155.333 0.683461 0.45231 7.03652
155.333 -0.91255 -0.12426 0.753335
155.333 0.549302 -0.563582 0.753335
155.333 -0.293284 0.288594 7.03652
155.333 -0.811406 0.380827 0.753335
155.333 0.297906 -0.0666202 0.753335
155.333 -0.886012 -0.288126 7.03652
155.333 -0.461216 -0.302695 7.03652
155.333 0.475702 -0.100944 0.753335
155.333 0.22728 0.779373 0.753335
155.333 0.380202 0.256361 7.03652
155.333 0.873908 0.477688 0.753335
155.333 -0.351123 -0.149214 0.753335
155.333 0.609173 -0.572241 7.03652
155.333 0.406799 -0.807942 7.03652
155.333 -0.22048 0.182582 0.753335
155.333 -0.125062 0.380656 7.03652
155.333 0.00231011 0.814207 7.03652
155.333 0.141999 0.212634 0.753335
155.333 0.387966 -0.0828703 0.753335
155.333 0.42451 -0.654948 7.03652
155.333 -0.167121 -0.180386 0.753335
155.333 -0.652948 0.114996 0.753335
155.333 -0.268386 -0.848753 7.03652
155.333 -0.365264 -0.72614 0.753335
155.333 0.175883 -0.256155 0.753335
155.333 -0.39887 -0.626513 7.03652
155.333 -0.58375 0.234688 0.753335
155.333 -0.332807 0.911268 7.03652
155.333 0.917461 0.148108 0.753335
155.333 0.177418 0.130683 7.03652
155.333 -0.178463 0.71382 7.03652
155.333 -0.345445 -0.550156 0.753335
155.333 -0.697555 -0.0245165 0.753335
155.333 -0.443793 0.417227 7.03652
155.333 -0.233847 0.682916 7.03652
155.333 0.413951 0.171427 0.753335
155.333 0.737675 -0.149671 7.03652
155.333 -0.721466 -0.161213 0.753335
155.333 0.654727 0.603546 0.753335
155.333 -0.0802707 0.184733 7.03652
155.333 0.390787 0.364907 0.753335
155.333 0.794028 0.114016 7.03652
155.333 0.162969 -0.608935 0.753335
155.333 -0.804235 -0.484487 0.753335
155.333 0.462832 0.190319 7.03652
155.333 -0.199899 -0.367493 0.753335
155.333 -0.987672 -0.34708 7.03652
155.333 -0.815187 -0.429985 7.03652
155.333 -0.630892 0.746969 0.753335
155.333 0.487554 -0.0472176 7.03652
155.333 0.585477 0.0400409 0.753335
155.333 -0.290065 0.48257 0.753335
155.333 -0.837821 -0.619818 0.753335
155.333 0.619342 0.369942 7.03652
155.333 0.0563378 0.270922 0.753335
155.333 0.499751 0.580912 0.753335
155.333 -0.267746 0.194282 0.753335
155.333 0.110331 0.349757 0.753335
155.333 -0.327252 0.0228189 7.03652
155.333 0.380753 -0.695887 7.03652
155.333 0.206875 -0.0514655 0.753335
155.333 0.551058 0.120992 0.753335
155.333 -0.417393 -0.224977 0.753335
155.333 -0.939518 -0.464773 7.03652
155.333 0.171641 0.785885 0.753335
155.333 0.641232 0.488195 0.753335
155.333 -0.380831 -0.414305 0.753335
155.333 0.334362 0.658518 0.753335
155.333 -0.38413 -0.190627 0.753335
155.333 -0.140926 0.668732 0.753335
155.333 -0.352475 -0.974545 0.753335
155.333 -0.798462 0.489923 7.03652
155.333 0.0998775 0.2436 0.753335
155.333 -0.5341 -0.0107967 0.753335
155.333 -0.245649 -0.175543 0.753335
155.333 0.0806547 0.643791 0.753335
155.333 -0.264118 0.327779 0.753335
155.333 -0.371025 -0.305322 0.753335
155.333 0.90693 -0.265451 7.03652
155.333 -0.924309 0.487063 0.753335
155.333 -0.590504 0.177975 7.03652
155.333 -0.297001 -0.527845 0.753335
155.333 -0.316802 -0.811734 0.753335
155.333 0.232097 0.197565 0.753335
155.333 0.717237 -0.702158 0.753335
155.333 -0.00799838 -0.484803 7.03652
155.333 -0.668662 -0.249157 0.753335
155.333 0.593171 0.522852 0.753335
155.333 -0.585325 0.793042 0.753335
155.333 0.801936 0.226775 0.753335
155.333 0.267663 0.116031 0.753335
155.333 0.0459808 0.115776 0.753335
155.333 -0.650227 0.262839 7.03652
155.333 -0.461865 0.0153464 7.03652
155.333 0.106431 -0.0867279 7.03652
155.333 0.243952 -0.135322 0.753335
155.333 -0.363808 0.621449 0.753335
155.333 -0.386683 0.238416 7.03652
155.333 -0.262961 -0.790225 0.753335
155.333 0.770317 -0.546876 0.753335
155.333 -0.20517 -0.478315 7.03652
155.333 0.0515823 0.170778 0.753335
155.333 -0.228023 -0.287916 7.03652
155.333 -0.662726 0.0650612 0.753335
155.333 0.219816 0.0987538 7.03652
155.333 0.456708 0.138132 0.753335
155.333 -0.336968 -0.444444 7.03652
155.333 0.209876 0.833209 7.03652
155.333 0.157588 0.365081 7.03652
155.333 0.0861155 0.441643 0.753335
155.333 -0.314989 -0.114334 7.03652
155.333 -0.782293 0.435897 0.753335
155.333 0.80176 0.169431 0.753335
155.333 -0.255741 0.996659 0.753335
155.333 -0.0545688 0.451196 0.753335
155.333 0.0358182 0.86199 0.753335
155.333 0.245869 0.725718 0.753335
155.333 0.176061 -0.500097 0.753335
155.333 0.357557 0.560177 0.753335
155.333 -0.753271 0.382513 0.753335
155.333 0.600208 -0.0647235 0.753335
155.333 0.438252 0.445462 7.03652
155.333 -0.886837 -0.0508847 0.753335
155.333 0.791004 -0.0122117 0.753335
155.333 -0.414805 0.326545 0.753335
155.333 -0.0555231 -0.576605 0.753335
155.333 0.0987023 -0.933025 7.03652
155.333 -0.147569 0.294145 7.03652
155.333 -0.536823 0.490612 0.753335
155.333 -0.286618 0.758994 7.03652
155.333 -0.707598 -0.369866 0.753335
155.333 0.476713 -0.41001 0.753335
155.333 -0.376689 0.570367 0.753335
155.333 0.245181 -0.741428 0.753335
155.333 -0.0354389 0.405695 7.03652
155.333 0.395599 -0.369352 0.753335
155.333 -0.653241 -0.294902 7.03652
155.333 -0.261901 0.440615 7.03652
155.333 -0.192748 -0.250373 0.753335
155.333 -0.584338 0.471055 0.753335
155.333 0.196608 0.280909 7.03652
155.333 -0.148277 -0.447541 0.753335
155.333 -0.76617 -0.406896 7.03652
155.333 -0.297124 -0.582318 0.753335
155.333 -0.0538995 0.919098 0.753335
155.333 -0.055515 0.814829 7.03652
155.333 -0.504247 0.34827 7.03652
155.333 0.567163 0.680236 0.753335
155.333 -0.0817677 0.866936 7.03652
155.333 0.702238 0.507335 0.753335
155.333 -0.937348 -0.070991 0.753335
155.333 -0.43997 0.515237 0.753335
155.333 0.459126 -0.262195 7.03652
155.333 -0.372852 -0.841798 7.03652
155.333 0.616389 -0.121392 0.753335
155.333 -0.765533 -0.712336 7.03652
155.333 0.0341245 -0.963395 7.03652
155.333 -0.640334 -0.612666 7.03652
155.333 0.654745 -0.0824855 7.03652
155.333 -0.388251 0.426647 7.03652
155.333 -1.04741 0.0779712 0.753335
155.333 -0.0840194 -0.533454 0.753335
155.333 -0.417864 0.619499 0.753335
155.333 0.535809 0.440797 0.753335
155.333 0.213582 -0.289976 0.753335
155.333 -0.72724 0.431096 0.753335
155.333 0.348435 -0.781665 0.753335
155.333 -0.598192 0.353212 7.03652
155.333 0.151855 0.841946 0.753335
155.333 -0.200315 0.311531 7.03652
155.333 -0.765092 0.231262 0.753335
155.333 0.0913068 -0.814098 0.753335
155.333 -0.747427 -0.0102649 0.753335
155.333 -0.896504 0.424667 0.753335
155.333 0.50987 0.685588 0.753335
155.333 -0.0105504 -0.0207559 0.753335
155.333 -0.463746 -0.923397 7.03652
155.333 -0.274918 0.245199 0.753335
155.333 0.0305431 0.633616 7.03652
155.333 -0.722703 -0.258838 7.03652
155.333 -0.239318 0.283155 0.753335
155.333 -0.33473 0.670877 7.03652
155.333 0.0444904 -0.908377 7.03652
155.333 0.1257 0.0606214 7.03652
155.333 -0.557933 -0.344956 7.03652
155.333 -0.968459 -0.40475 7.03652
155.333 0.821664 -0.335566 0.753335
155.333 0.0391563 0.427087 0.753335
155.333 0.300169 -0.351122 0.753335
155.333 0.505795 -0.242369 7.03652
155.333 -0.631725 0.452601 7.03652
155.333 -0.417282 -0.330927 0.753335
155.333 0.707198 0.291878 7.03652
155.333 -0.189878 0.039701 7.03652
155.333 0.32313 0.184493 0.753335
155.333 -0.294358 0.868914 0.753335
155.333 -0.31592 -0.700198 0.753335
155.333 0.303863 -0.827973 0.753335
155.333 -0.941732 0.0479239 0.753335
155.333 0.965591 0.245481 7.03652
155.333 0.478953 0.814743 7.03652
155.333 0.126716 0.0127005 0.753335
155.333 0.912501 0.20562 0.753335
155.333 -0.487287 0.715314 7.03652
155.333 0.276302 -0.917035 7.03652
155.333 -0.962414 -0.24439 0.753335
155.333 0.288721 0.265438 0.753335
155.333 -0.375048 -0.36003 0.753335
155.333 -0.242025 0.894722 0.753335
155.333 0.271862 -0.644294 7.03652
155.333 0.501052 -0.815858 7.03652
155.333 0.151145 -0.169887 0.753335
155.333 0.0583241 0.533966 0.753335
155.333 -0.116149 -0.396366 0.753335
155.333 -0.044792 0.014018 7.03652
155.333 -0.862924 0.00142837 0.753335
155.333 -0.587038 0.52705 7.03652
155.333 0.996064 0.0582393 7.03652
155.333 -0.457293 0.782336 7.03652
155.333 -0.264125 0.0994355 0.753335
155.333 -0.185404 -0.00751915 0.753335
155.333 -0.92442 0.358844 0.753335
155.333 -0.238064 -0.338358 7.03652
155.333 -0.713688 -0.426568 0.753335
155.333 0.128607 -0.697756 7.03652
155.333 -0.535661 0.437311 7.03652
155.333 0.946649 -0.315707 7.03652
155.333 -0.283239 -0.367434 7.03652
155.333 0.0691326 -0.052573 7.03652
155.333 0.711486 -0.343894 0.753335
155.333 -0.554825 -0.292947 7.03652
155.333 -0.223492 0.409766 0.753335
155.333 0.596352 0.144306 0.753335
155.333 0.515103 -0.608571 0.753335
155.333 -0.112118 -0.728897 0.753335
155.333 -0.154544 -0.135138 0.753335
155.333 0.347432 0.393303 0.753335
155.333 0.857005 0.193513 0.753335
155.333 -0.329844 0.450861 0.753335
155.333 0.159501 0.562407 7.03652
155.333 -0.677923 0.713797 7.03652
155.333 -0.551578 0.135934 0.753335
155.333 -0.560429 -0.0636695 0.753335
155.333 0.167018 -0.0194186 7.03652
155.333 0.684706 0.728983 0.753335
155.333 -0.785465 0.173076 0.753335
155.333 0.798129 -0.604275 0.753335
155.333 -0.952971 0.432181 7.03652
155.333 0.924206 -0.0278561 7.03652
155.333 -0.278989 0.0121963 0.753335
155.333 0.109466 0.291961 7.03652
155.333 -0.127905 0.191933 7.03652
155.333 0.0725169 0.32123 0.753335
155.333 0.838438 0.423169 7.03652
155.333 -0.395441 0.773543 0.753335
155.333 -0.21976 0.354156 0.753335
155.333 -0.633105 -0.208256 7.03652
155.333 0.112679 0.799161 0.753335
155.333 0.264159 0.0665134 0.753335
155.333 -0.63781 -0.0261754 0.753335
155.333 -0.490763 0.206396 7.03652
155.333 -0.717881 -0.555751 0.753335
155.333 -0.327481 -0.339728 0.753335
155.333 0.383869 -0.937569 0.753335
155.333 -0.659184 -0.562033 7.03652
155.333 -0.146923 -0.225661 0.753335
155.333 -0.758431 0.631389 7.03652
155.333 0.331048 -0.151281 0.753335
155.333 0.598812 -0.245049 0.753335
155.333 -0.132876 -0.629015 7.03652
155.333 -0.230957 0.00240811 0.753335
155.333 -0.587681 0.414455 7.03652
155.333 -0.333517 0.730109 0.753335
155.333 -0.063664 -0.914707 0.753335
155.333 -0.741089 -0.651301 7.03652
155.333 -0.396324 -0.57255 7.03652
155.333 -0.765435 -0.528152 0.753335
155.333 0.1535 -0.901918 0.753335
155.333 -0.0343885 0.172572 0.753335
155.333 -0.859659 0.262756 7.03652
155.333 0.78352 0.423617 0.753335
155.333 -0.111499 0.814694 7.03652
155.333 -0.292949 0.0621339 0.753335
155.333 0.144078 0.510981 7.03652
155.333 0.0949701 -0.550945 0.753335
155.333 0.217596 0.0494331 7.03652
155.333 -0.784749 0.330488 7.03652
155.333 0.0580478 -0.422027 0.753335
155.333 -0.00922438 -0.776257 7.03652
155.333 0.372352 0.204001 0.753335
155.333 0.134075 0.65 7.03652
155.333 0.169544 0.94574 0.753335
155.333 0.402978 0.0690567 0.753335
155.333 0.357307 -0.839633 0.753335
155.333 -0.161936 -0.496822 0.753335
155.333 -0.154178 0.957812 0.753335
155.333 -0.844559 -0.249314 0.753335
155.333 -0.318621 0.165411 0.753335
155.333 -0.381419 0.0937894 7.03652
155.333 0.987278 0.127696 0.753335
155.333 0.430359 0.784387 7.03652
155.333 -0.890487 0.143639 7.03652
155.333 -0.301554 0.410557 0.753335
155.333 0.510053 0.211097 0.753335
155.333 0.70962 0.0546119 7.03652
155.333 0.213407 -0.00105868 0.753335
155.333 0.548294 0.558147 0.753335
155.333 0.423799 -0.41404 0.753335
155.333 -0.616261 0.621667 0.753335
155.333 0.144678 -0.456673 0.753335
155.333 -0.827601 0.0517759 0.753335
155.333 0.808141 0.479709 0.753335
155.333 -0.513394 0.096285 0.753335
155.333 0.388183 -0.464502 0.753335
155.333 -0.661324 -0.401164 7.03652
155.333 0.25453 0.397511 7.03652
155.333 0.339287 -0.100095 0.753335
155.333 -0.227324 -0.887233 7.03652
155.333 0.522689 -0.512379 7.03652
155.333 -0.80495 0.107746 0.753335
155.333 -0.56837 0.280953 7.03652
155.333 -0.392395 0.668734 0.753335
155.333 -0.166184 -0.860912 7.03652
155.333 0.99051 -0.0635377 7.03652
155.333 0.652222 0.220619 7.03652
155.333 0.0388622 -0.471602 0.753335
155.333 0.518817 -0.133892 0.753335
155.333 -0.118542 -0.90097 7.03652
155.333 -0.37886 0.290327 7.03652
155.333 0.153116 0.314668 0.753335
155.333 0.0297971 -0.378969 0.753335
155.333 -0.687213 0.299221 7.03652
155.333 -0.0434882 -0.206877 0.753335
155.333 0.655984 0.274924 0.753335
155.333 -0.267833 -0.679326 0.753335
155.333 -0.506234 0.155252 0.753335
155.333 -0.667361 -0.797079 0.753335
155.333 0.0424578 -0.849975 0.753335
155.333 0.614546 -0.476774 7.03652
155.333 0.240969 -0.59001 0.753335
155.333 -0.56346 -0.398337 7.03652
155.333 0.149128 -0.550805 0.753335
155.333 -0.0941447 -0.441267 0.753335
155.333 -0.23681 0.485403 0.753335
155.333 -0.600472 0.125531 0.753335
155.333 0.643412 0.116186 0.753335
155.333 -0.313603 -0.755328 7.03652
155.333 0.370404 -0.418354 7.03652
155.333 -0.475401 -0.208671 0.753335
155.333 -0.779005 -0.159964 0.753335
155.333 -0.459403 -0.860271 7.03652
155.333 0.695439 -0.641019 7.03652
155.333 -0.749131 -0.113532 7.03652
155.333 -0.05628 0.642375 7.03652
155.333 0.758963 -0.654287 0.753335
155.333 0.70092 0.561823 0.753335
155.333 -0.189551 -1.0045 0.753335
155.333 -0.58154 -0.200867 7.03652
155.333 0.865532 0.371985 0.753335
155.333 -0.369396 -0.24656 0.753335
155.333 -0.0942763 -0.215324 0.753335
155.333 0.02237 0.571777 0.753335
155.333 -0.609814 -0.0714156 7.03652
155.333 0.0774274 -0.370994 0.753335
155.333 -0.776663 0.035383 0.753335
155.333 -0.0776568 -0.636321 0.753335
155.333 0.442678 -0.461169 0.753335
155.333 -0.558557 0.0818839 0.753335
155.333 0.135821 0.161898 0.753335
155.333 0.653049 -0.334425 7.03652
155.333 0.359418 0.102005 0.753335
155.333 0.126224 -0.270097 7.03652
155.333 0.408011 0.584393 0.753335
155.333 -0.554662 0.329783 7.03652
155.333 0.197391 -0.152723 0.753335
155.333 -0.153368 0.425046 0.753335
155.333 0.749662 0.202577 0.753335
155.333 0.442542 -0.0149076 7.03652
155.333 0.543018 0.497701 0.753335
155.333 -0.19803 -0.534971 0.753335
155.333 0.47492 0.746035 0.753335
155.333 -0.637426 0.509609 0.753335
155.333 -0.978145 0.155652 0.753335
155.333 0.130362 0.74904 7.03652
155.333 0.0382356 0.0619813 7.03652
155.333 0.00549148 0.0293731 0.753335
155.333 -0.129475 0.520971 0.753335
155.333 0.0243402 -0.14902 0.753335
155.333 0.190934 0.230078 0.753335
155.333 0.239808 0.674669 7.03652
155.333 -0.0602964 -0.74917 0.753335
155.333 0.0106557 1.02176 7.03652
155.333 0.456207 -0.604213 7.03652
155.333 -0.495042 0.40216 7.03652
155.333 -0.280388 -0.315112 0.753335
155.333 0.263923 -0.543242 0.753335
155.333 -0.731531 0.190535 0.753335
155.333 0.37979 0.820586 0.753335
155.333 0.372939 -0.185014 0.753335
155.333 0.716819 -0.0940917 0.753335
155.333 -0.070638 -0.166158 7.03652
155.333 0.626406 -0.39024 7.03652
155.333 0.67053 0.390949 7.03652
155.333 -0.513609 -0.37413 0.753335
155.333 0.0952966 -0.873712 7.03652
155.333 -0.808152 -0.00730175 0.753335
155.333 -0.758952 0.0821646 0.753335
155.333 0.159298 -0.407858 0.753335
155.333 0.647599 -0.277651 7.03652
155.333 0.124488 -0.505091 0.753335
155.333 -0.877466 -0.573065 0.753335
155.333 -0.32188 0.979458 7.03652
155.333 0.11543 -0.132172 0.753335
155.333 0.60106 0.199957 0.753335
155.333 -0.382586 0.718408 7.03652
155.333 -0.291549 0.816371 7.03652
155.333 0.444518 0.498741 7.03652
155.333 0.0525697 0.222675 0.753335
155.333 0.319289 0.598578 0.753335
155.333 -0.308591 -0.0277884 0.753335
155.333 -0.0427903 -0.343579 7.03652
155.333 0.37971 -0.134382 0.753335
155.333 0.193002 0.730354 7.03652
155.333 0.698735 -0.294677 7.03652
155.333 -0.0117211 -0.721267 7.03652
155.333 -0.409555 -0.00396267 7.03652
155.333 -0.810736 -0.203807 7.03652
155.333 -0.0868064 0.492693 7.03652
155.333 -0.45494 0.364006 0.753335
155.333 0.707117 -0.539842 0.753335
155.333 -0.6943 -0.205824 0.753335
155.333 0.22499 -0.239493 0.753335
155.333 0.0114059 0.513754 7.03652
155.333 0.0694344 0.910813 7.03652
155.333 0.309691 -0.301182 0.753335
155.333 -0.286337 0.533224 0.753335
155.333 0.647311 0.167578 0.753335
155.333 -0.499895 -0.631651 7.03652
155.333 0.54387 0.0703235 7.03652
155.333 0.670246 -0.582967 7.03652
155.333 -0.508054 -0.261904 0.753335
155.333 0.561724 0.290645 0.753335
155.333 -0.752123 -0.465552 7.03652
155.333 0.450828 0.616996 0.753335
155.333 0.896864 -0.438553 7.03652
155.333 0.814357 0.351949 0.753335
155.333 -0.447236 0.671831 7.03652
155.333 -0.190468 1.00892 0.753335
155.333 0.449535 -0.364575 0.753335
155.333 0.428993 0.850338 0.753335
155.333 -0.524639 -0.207053 0.753335
155.333 -0.51837 -0.83874 7.03652
155.333 0.502355 -0.359287 7.03652
155.333 -0.465812 -0.35491 7.03652
155.333 0.119887 0.599965 0.753335
155.333 -0.187786 -0.316509 0.753335
155.333 0.610088 0.642362 0.753335
155.333 -0.339861 0.0745841 0.753335
155.333 0.934988 -0.0857046 0.753335
155.333 0.530354 0.790185 7.03652
155.333 -0.792638 0.582927 0.753335
155.333 -0.421558 0.0449418 0.753335
155.333 -0.492112 -0.520232 0.753335
155.333 0.623525 0.705113 7.03652
155.333 -0.65364 0.662386 7.03652
155.333 0.0398829 -0.736772 0.753335
155.333 -0.706888 0.094746 7.03652
155.333 -0.366949 -0.783785 0.753335
155.333 -0.264096 0.379053 0.753335
155.333 -0.869803 -0.46145 7.03652
155.333 -0.419628 -0.0924489 7.03652
155.333 0.832856 0.0802598 7.03652
155.333 -0.387219 -0.466839 7.03652
155.333 -0.165467 -0.687006 0.753335
155.333 -0.565042 0.032869 0.753335
155.333 0.201114 0.330706 0.753335
155.333 -0.388265 -0.0534621 0.753335
155.333 -0.225425 0.135543 0.753335
155.333 -0.117517 0.57453 7.03652
155.333 -0.755782 -0.352003 7.03652
155.333 -0.164486 0.611623 0.753335
155.333 0.285417 0.762092 0.753335
155.333 0.218619 -0.935133 0.753335
155.333 -0.384595 0.88821 7.03652
155.333 0.282618 -0.169159 7.03652
155.333 0.209504 -0.996238 0.753335
155.333 0.703417 0.234933 7.03652
155.333 0.850658 -0.283131 0.753335
155.333 0.368597 0.879545 7.03652
155.333 0.49301 0.000549538 0.753335
155.333 -0.929504 0.181915 0.753335
155.333 -0.549203 -0.604078 0.753335
155.333 -0.163139 -0.39989 0.753335
155.333 0.24179 -0.425783 7.03652
155.333 -0.80338 -0.105802 7.03652
155.333 -0.943016 -0.300247 7.03652
155.333 -0.321367 -0.869916 0.753335
155.333 -0.750444 -0.210252 0.753335
155.333 -0.187705 0.263923 0.753335
155.333 0.0226077 -0.625636 7.03652
155.333 -0.111532 -0.487893 7.03652
155.333 -0.819049 -0.30234 0.753335
155.333 -0.619574 -0.828607 7.03652
155.333 -0.514328 0.036896 0.753335
155.333 -0.0885216 0.41125 0.753335
155.333 0.464633 -0.508883 0.753335
155.333 -0.617061 0.0249592 0.753335
155.333 0.163026 -0.305742 0.753335
155.333 0.302241 -0.0166346 7.03652
155.333 -0.70874 -0.499285 7.03652
155.333 0.711229 0.350453 0.753335
155.333 -0.637576 0.56509 7.03652
155.333 0.124371 -0.364632 0.753335
155.333 -0.568052 -0.716153 7.03652
155.333 0.320629 0.959133 0.753335
155.333 -0.538645 -0.494921 0.753335
155.333 0.174928 0.613151 7.03652
155.333 -0.40295 0.185233 0.753335
155.333 0.502604 -0.299492 7.03652
155.333 0.330032 0.794503 0.753335
155.333 -0.472126 -0.409598 7.03652
155.333 -0.0737175 -0.301985 0.753335
155.333 -0.821816 0.642329 0.753335
155.333 -0.464334 0.310617 7.03652
155.333 0.130847 0.110921 7.03652
155.333 0.407924 0.119957 0.753335
155.333 -0.660406 -0.163528 0.753335
155.333 -0.157663 -0.279035 0.753335
155.333 0.318496 -0.549212 0.753335
155.333 0.833426 -0.440938 0.753335
155.333 -0.657741 -0.345958 0.753335
155.333 0.291199 -0.117613 7.03652
155.333 -0.130513 -1.02033 0.753335
155.333 0.0958784 0.696222 0.753335
155.333 0.660691 0.33116 0.753335
155.333 0.250908 -0.0836861 0.753335
155.333 0.0827283 -0.00731244 0.753335
155.333 -0.635114 0.390223 0.753335
155.333 0.537044 -0.662574 0.753335
155.333 -0.529533 0.242701 0.753335
155.333 0.871095 0.3143 0.753335
155.333 -0.603669 -0.31164 7.03652
155.333 0.490555 -0.55778 7.03652
155.333 0.815319 -0.0617529 0.753335
155.333 0.697076 -0.239162 7.03652
155.333 -0.0576733 1.02234 7.03652
155.333 -0.492292 0.907606 0.753335
155.333 -0.546864 0.38297 0.753335
155.333 0.599314 -0.3476 0.753335
155.333 0.694702 -0.184085 0.753335
155.333 -0.0678931 -1.02246 7.03652
155.333 0.503551 0.633757 7.03652
155.333 -0.234978 -0.0929099 0.753335
155.333 0.438285 -0.711588 0.753335
155.333 0.826578 -0.11693 0.753335
155.333 -0.135398 0.040606 7.03652
155.333 -0.860978 0.0973388 0.753335
155.333 0.925035 0.362248 0.753335
155.333 -0.444613 -0.544331 0.753335
155.333 0.268315 0.450278 7.03652
155.333 0.773035 0.0483933 7.03652
155.333 0.00222483 -0.575015 0.753335
155.333 0.764019 0.372341 0.753335
155.333 0.204815 -0.10066 7.03652
155.333 0.0770205 0.0384179 0.753335
155.333 -0.177084 0.123024 0.753335
155.333 -0.27338 0.146869 0.753335
155.333 0.867581 -0.495817 7.03652
155.333 -0.211004 -0.771418 7.03652
155.333 0.0491105 -1.02553 7.03652
155.333 -0.497171 -0.575139 0.753335
155.333 0.599939 0.581977 0.753335
155.333 0.133009 0.4579 0.753335
155.333 -0.249863 -1.00385 7.03652
155.333 0.0239493 0.308236 7.03652
155.333 -0.480275 -0.79899 0.753335
155.333 0.563623 -0.779797 7.03652
155.333 0.578437 0.406827 0.753335
155.333 -0.205166 -0.201617 7.03652
155.333 0.196875 0.523098 7.03652
155.333 0.315424 -0.251794 0.753335
155.333 -0.374891 0.037578 7.03652
155.333 0.144373 -1.01473 7.03652
155.333 0.338301 0.286906 0.753335
155.333 0.399675 0.527264 7.03652
155.333 0.298824 0.366508 7.03652
155.333 -0.368255 -0.10212 0.753335
155.333 0.96379 -0.251168 0.753335
155.333 -0.0601033 -0.035569 0.753335
155.333 0.854581 0.138746 0.753335
155.333 -0.0604039 -0.860169 0.753335
155.333 -0.112787 -0.841191 0.753335
155.333 0.167825 0.418608 0.753335
155.333 -0.183163 0.896739 0.753335
155.333 0.158656 -0.0701196 0.753335
155.333 0.496807 -0.462824 0.753335
155.333 0.754735 0.577594 7.03652
155.333 0.456922 0.679309 0.753335
155.333 -0.595076 0.851741 7.03652
155.333 0.181813 0.47238 0.753335
155.333 0.773663 0.637026 0.753335
155.333 -0.724118 0.58557 0.753335
155.333 0.506122 0.156077 0.753335
155.333 -0.559175 -0.244846 7.03652
155.333 -0.65392 -0.513103 7.03652
155.333 -0.774673 -0.0568116 0.753335
155.333 -0.514175 0.294154 0.753335
155.333 -0.514222 -0.0643794 7.03652
155.333 0.26989 -0.979355 7.03652
155.333 0.234261 0.48629 0.753335
155.333 0.447151 0.0353432 0.753335
155.333 0.745674 -0.266766 7.03652
155.333 0.22511 0.148251 7.03652
155.333 0.103223 -0.183093 7.03652
155.333 0.30642 0.542793 0.753335
155.333 0.372068 -0.552284 0.753335
155.333 0.0301926 -0.679774 0.753335
155.333 -0.18038 0.386419 0.753335
155.333 0.360115 -0.283769 7.03652
155.333 0.253326 0.873828 0.753335
155.333 0.350089 0.000884208 0.753335
155.333 0.214348 -0.63234 0.753335
155.333 -0.707661 0.247855 7.03652
155.333 -0.0836704 0.760764 0.753335
155.333 0.47469 0.302286 0.753335
155.333 0.39547 -0.879779 0.753335
155.333 -0.0253668 0.552655 0.753335
155.333 -0.249171 -0.450123 7.03652
155.333 0.393803 -0.032119 0.753335
155.333 0.479308 0.360229 0.753335
155.333 -0.667067 -0.660142 0.753335
155.333 0.366158 -0.234525 7.03652
155.333 -0.469048 0.121871 7.03652
155.333 0.00779971 -0.335278 0.753335
155.333 0.270703 0.818739 7.03652
155.333 -0.0412811 -0.440102 0.753335
155.333 -0.411148 -0.277162 7.03652
155.333 -0.692068 0.373361 0.753335
155.333 -0.282041 -0.209412 7.03652
155.333 0.195791 -0.450038 0.753335
155.333 0.395525 -0.750172 0.753335
155.333 -0.213845 -0.828418 0.753335
155.333 -0.810467 -0.564369 0.753335
155.333 -0.545309 -0.665609 7.03652
155.333 -0.140921 0.770724 7.03652
155.333 0.497409 0.524644 7.03652
155.333 0.297578 -0.407154 0.753335
155.333 -0.716958 -0.759324 0.753335
155.333 -0.435666 0.729419 7.03652
155.333 -0.679765 0.204996 0.753335
155.333 -0.604743 0.6902 7.03652
155.333 0.647357 -0.221081 0.753335
155.333 0.555512 0.619176 0.753335
155.333 -0.326647 0.564224 0.753335
155.333 -0.427148 0.272978 7.03652
155.333 0.436978 -0.0656022 0.753335
155.333 0.0256629 -0.287206 7.03652
155.333 0.13054 0.900063 0.753335
155.333 0.991501 -0.00628184 0.753335
155.333 0.264895 -0.27057 7.03652
155.333 0.505134 -0.87626 0.753335
155.333 0.722596 0.412804 7.03652
155.333 0.528062 0.384128 0.753335
155.333 0.695007 0.118316 7.03652
155.333 -0.670595 0.0166118 7.03652
155.333 -0.808565 -0.360443 7.03652
155.333 0.159238 -0.117141 7.03652
155.333 0.527201 -0.418196 7.03652
155.333 0.554386 -0.718116 0.753335
155.333 0.0932636 -0.990585 7.03652
155.333 -0.766478 -0.598987 0.753335
155.333 0.449006 -0.844649 0.753335
155.333 -0.332603 -0.391258 7.03652
155.333 0.237261 -0.481996 7.03652
155.333 -0.05934 -0.254223 0.753335
155.333 -0.0242504 -0.294858 0.753335
155.333 0.189733 0.6671 0.753335
155.333 0.79256 -0.16509 7.03652
155.333 -0.409524 -0.948326 0.753335
155.333 -0.437553 -0.176696 0.753335
155.333 0.388518 0.422147 7.03652
155.333 -0.0599219 -0.486669 0.753335
155.333 -0.0930476 -0.351567 7.03652
155.333 -0.85864 0.593109 0.753335
155.333 -0.277198 0.647632 0.753335
155.333 0.0274665 0.761106 7.03652
155.333 -0.247078 -0.506233 7.03652
155.333 0.0546863 -0.581122 0.753335
155.333 -0.122116 0.721327 0.753335
155.333 -0.802025 -0.662679 7.03652
155.333 0.33175 0.730447 7.03652
155.333 -0.032099 0.0601268 0.753335
155.333 -0.864556 -0.10415 0.753335
155.333 -0.738137 0.729614 7.03652
155.333 -0.374347 0.473366 0.753335
155.333 0.772881 -0.442114 0.753335
155.333 0.478832 -0.654896 0.753335
155.333 0.859222 -0.0181188 0.753335
155.333 0.520936 0.326507 0.753335
155.333 -0.572095 -0.113282 7.03652
155.333 0.369922 -0.644287 0.753335
155.333 -0.604161 -0.156214 0.753335
155.333 -1.01615 0.262382 0.753335
155.333 0.343519 0.339396 7.03652
155.333 -0.14512 -0.960317 0.753335
155.333 0.239172 0.247499 0.753335
155.333 -0.393554 -0.681371 0.753335
155.333 -0.545207 -0.548515 0.753335
155.333 0.301112 0.906936 7.03652
155.333 0.599679 0.0877862 0.753335
155.333 0.885067 0.0327892 0.753335
155.333 -0.19932 0.452009 7.03652
155.333 -0.235865 0.733875 0.753335
155.333 0.00600515 -0.199073 0.753335
155.333 -1.03936 0.139263 7.03652
155.333 -0.0233123 0.866415 7.03652
155.333 -0.241574 -0.395808 0.753335
155.333 -0.705746 -0.311091 7.03652
155.333 -0.996525 0.32173 7.03652
155.333 -0.402877 -0.140943 0.753335
155.333 0.711382 0.624654 0.753335
155.333 -0.44024 -0.703739 7.03652
155.333 -0.871903 0.201636 0.753335
155.333 -0.0142093 0.608028 0.753335
155.333 -0.201467 -0.428676 0.753335
155.333 -0.0795445 -0.082715 7.03652
155.333 0.56879 -0.102717 7.03652
155.333 0.798553 -0.386796 7.03652
155.333 0.329105 -0.892361 7.03652
155.333 0.940364 0.0274471 0.753335
155.333 0.293561 0.694172 0.753335
155.333 -0.921903 -0.3549 0.753335
155.333 -0.109847 -0.26136 7.03652
155.333 -0.0655398 0.591124 0.753335
155.333 0.500351 0.10437 0.753335
155.333 0.585088 0.748367 0.753335
155.333 0.733769 -0.595339 7.03652
155.333 0.81189 0.292155 7.03652
155.333 -0.161584 -0.744557 0.753335
155.333 0.605447 0.255299 7.03652
155.333 0.590735 0.812395 7.03652
155.333 0.433514 0.334744 0.753335
155.333 -0.342175 0.786419 0.753335
155.333 -0.0865862 -0.966326 7.03652
155.333 0.88818 0.0914885 0.753335
155.333 -0.676318 0.425583 0.753335
155.333 0.552853 0.17717 0.753335
155.333 -0.0672676 0.366277 0.753335
155.333 0.860065 -0.385964 0.753335
155.333 0.681223 -0.388914 0.753335
155.333 -0.908038 -0.413599 0.753335
155.333 0.092015 -0.463043 0.753335
155.333 -0.210816 0.578679 0.753335
155.333 -0.42852 0.466572 7.03652
155.333 0.923949 -0.379342 7.03652
155.333 0.296509 0.490239 0.753335
155.333 -0.423382 -0.812858 0.753335
155.333 -0.435659 0.936415 7.03652
155.333 0.400236 -0.598911 0.753335
155.333 0.46539 -0.207668 0.753335
155.333 0.55703 0.233486 7.03652
155.333 -0.281806 -0.91511 0.753335
155.333 -0.669143 -0.4573 0.753335
155.333 -0.0298978 -0.618629 0.753335
155.333 -1.05008 0.0133161 0.753335
155.333 -0.0356179 0.221334 7.03652
155.333 -0.00942746 -0.246888 0.753335
155.333 0.304641 0.418747 0.753335
155.333 0.234783 -0.187513 0.753335
155.333 0.745633 0.148261 0.753335
155.333 0.581821 -0.519447 0.753335
155.333 -0.609889 -0.256984 0.753335
155.333 0.946029 0.308254 0.753335
155.333 -0.0648971 -0.693865 0.753335
155.333 0.259499 -0.31961 0.753335
155.333 0.421163 0.223947 7.03652
155.333 -0.543355 0.192777 0.753335
155.333 -0.0757482 0.540483 0.753335
155.333 0.200056 -0.825543 0.753335
155.333 -0.675672 0.607735 7.03652
155.333 -0.615271 -0.474973 7.03652
155.333 0.111173 -0.596431 7.03652
155.333 -0.986402 0.0981294 0.753335
155.333 0.988147 -0.126267 0.753335
155.333 -0.831441 -0.0559334 0.753335
155.333 0.406459 -0.320676 7.03652
155.333 -0.0889715 0.679702 0.753335
155.333 -0.477094 0.257055 0.753335
155.333 -0.690146 -0.118126 0.753335
155.333 0.973122 0.18488 0.753335
155.333 0.0421459 -0.79181 0.753335
155.333 -0.718942 0.0389529 7.03652
155.333 0.854284 -0.226421 0.753335
155.333 -0.479118 0.834887 7.03652
155.333 0.139066 -0.220567 0.753335
155.333 0.447555 -0.909465 0.753335
155.333 -0.161692 0.0796193 0.753335
155.333 0.336075 -0.723819 0.753335
155.333 0.00201427 0.0927337 0.753335
155.333 -0.208114 -0.143568 7.03652
155.333 0.347791 -0.502514 0.753335
155.333 -0.313679 0.216389 0.753335
155.333 -0.00850852 -0.83343 0.753335
155.333 -0.213787 0.949723 0.753335
155.333 -0.893762 0.541505 0.753335
155.333 -0.617857 -0.691179 0.753335
155.333 -0.51321 0.763308 7.03652
155.333 0.651976 -0.438925 0.753335
155.333 -0.518521 -0.899117 7.03652
155.333 0.373849 0.694859 0.753335
155.333 0.875417 -0.0691909 7.03652
155.333 0.00815852 0.916529 0.753335
155.333 -0.0886822 0.968712 0.753335
155.333 -0.654758 -0.735278 7.03652
155.333 -0.299557 -0.635991 0.753335
155.333 -0.251342 -0.557265 7.03652
155.333 0.49042 0.469821 0.753335
155.333 -0.726765 0.33418 0.753335
155.333 -0.49511 -0.160699 0.753335
155.333 -0.0599432 -0.80473 0.753335
155.333 0.976706 -0.191606 7.03652
155.333 0.1902 0.888281 0.753335
155.333 -0.499738 -0.694018 7.03652
155.333 0.391319 0.473929 0.753335
155.333 0.255001 0.531087 0.753335
155.333 0.307254 0.0337423 7.03652
155.333 0.321532 -0.661828 0.753335
155.333 -0.528019 -0.752188 0.753335
155.333 0.273955 0.165591 7.03652
155.333 -0.192242 0.766949 0.753335
155.333 -0.135612 -0.538766 0.753335
155.333 0.194548 -0.569611 0.753335
155.333 -0.130057 0.140667 0.753335
155.333 0.0403327 -0.239598 0.753335
155.333 -0.177803 -0.917055 0.753335
155.333 0.825541 0.0281167 7.03652
155.333 0.768168 0.523122 0.753335
155.333 0.146568 -0.847575 0.753335
155.333 -0.651046 0.33599 7.03652
155.333 0.81329 0.58063 7.03652
155.333 -0.862729 0.485047 7.03652
155.333 0.142691 -0.794521 0.753335
155.333 0.642293 -0.165082 7.03652
155.333 0.416661 -0.221517 0.753335
155.333 -0.906471 -0.235263 0.753335
155.333 -0.704435 -0.699826 0.753335
155.333 -0.439261 -0.491405 7.03652
155.333 -0.226839 -0.948911 0.753335
155.333 0.261902 -0.862486 0.753335
155.333 -0.229448 0.624049 0.753335
155.333 0.0784763 -0.695868 7.03652
155.333 -0.483005 0.455761 7.03652
155.333 -0.316235 0.115173 7.03652
155.333 0.612291 -0.733905 0.753335
155.333 -0.365616 0.347755 0.753335
155.333 -0.336452 -0.197447 7.03652
155.333 -0.342773 -0.497111 0.753335
155.333 0.0594535 0.80642 0.753335
155.333 -0.0180023 -0.386865 0.753335
155.333 0.545801 -0.0376968 7.03652
155.333 0.00426109 -0.105981 0.753335
155.333 0.28212 0.637607 7.03652
155.333 -0.110988 0.625115 7.03652
155.333 0.106621 0.549084 0.753335
155.333 0.345629 -0.0494077 0.753335
155.333 0.746626 -0.207293 0.753335
155.333 0.795953 -0.278146 7.03652
155.333 0.834658 -0.551582 7.03652
155.333 0.120806 -0.0397163 0.753335
155.333 -0.841137 0.322495 7.03652
155.333 -0.362339 0.14094 7.03652
155.333 -0.06566 -0.3952 0.753335
155.333 -0.534885 0.54634 0.753335
155.333 -0.412889 0.137881 7.03652
155.333 -0.981641 -0.018174 7.03652
155.333 0.591005 -0.013587 7.03652
155.333 -0.213451 0.0864783 7.03652
155.333 0.905784 0.26561 0.753335
155.333 0.514975 0.267934 0.753335
155.333 -0.526757 0.603143 7.03652
155.333 0.214208 0.570815 0.753335
155.333 -0.422897 -0.385092 0.753335
155.333 -0.721829 -0.0697698 0.753335
155.333 0.0539497 -0.0980444 7.03652
155.333 -1.00821 -0.289666 7.03652
155.333 0.620851 -0.7963 7.03652
155.333 -0.909491 -0.516816 7.03652
155.333 0.00741558 0.251816 0.753335
155.333 0.569265 0.348757 0.753335
155.333 0.331012 0.235366 0.753335
155.333 -0.160334 0.341994 0.753335
155.333 0.187544 -0.205225 0.753335
155.333 0.469741 -0.154371 7.03652
155.333 -0.609145 -0.366098 7.03652
155.333 -0.80466 0.275185 0.753335
155.333 0.0253986 -0.530477 7.03652
155.333 -0.388731 0.521339 0.753335
155.333 -0.0344221 0.124018 7.03652
155.333 0.435125 0.391796 7.03652
155.333 0.369275 0.619122 7.03652
155.333 -0.109378 0.333435 7.03652
155.333 0.507957 -0.759699 0.753335
155.333 -0.0525256 0.71292 7.03652
155.333 -0.161383 -0.802666 7.03652
155.333 0.00784339 0.392835 0.753335
155.333 0.598908 -0.189981 7.03652
155.333 0.410311 -0.27151 0.753335
155.333 -0.993755 -0.0748186 7.03652
155.333 -0.838667 0.433311 0.753335
155.333 0.74451 0.469047 0.753335
155.333 0.0373046 0.355731 0.753335
155.333 0.886327 -0.330212 7.03652
155.333 -0.848 -0.518157 0.753335
155.333 0.354786 0.0514715 0.753335
155.333 -0.431796 -0.439477 0.753335
155.333 0.291885 -0.597263 7.03652
155.333 0.254534 -0.0339667 0.753335
155.333 0.281253 0.215471 0.753335
155.333 0.354038 -0.332748 0.753335
155.333 0.173735 -0.664196 0.753335
155.333 0.249641 0.346968 7.03652
155.333 0.286542 -0.703999 0.753335
155.333 -0.406438 -0.886072 0.753335
155.333 -0.0229116 -0.95737 0.753335
155.333 -0.392928 -0.519659 7.03652
155.333 0.292955 -0.502175 0.753335
155.333 -0.834773 0.154619 0.753335
155.333 0.641296 0.772113 0.753335
155.333 0.561626 -0.839242 0.753335
155.333 -0.333288 0.311248 0.753335
155.333 0.233648 0.928914 7.03652
155.333 0.398238 0.0184428 7.03652
155.333 0.341341 -0.600966 7.03652
155.333 -0.313734 0.614526 0.753335
155.333 -0.593387 -0.640095 0.753335
155.333 0.106375 0.957683 0.753335
155.333 0.423087 0.721685 0.753335
155.333 0.0444939 0.689605 0.753335
155.333 0.204204 0.993777 0.753335
155.333 -0.110851 -0.783382 7.03652
155.333 -0.262164 -0.129385 0.753335
155.333 0.451171 0.554519 0.753335
155.333 -0.149146 -0.350573 0.753335
155.333 0.931547 -0.150581 0.753335
155.333 0.205407 0.381371 0.753335
155.333 0.32325 -0.201888 0.753335
155.333 0.0451051 0.478121 0.753335
155.333 0.484353 0.415662 0.753335
155.333 0.485416 0.88059 0.753335
155.333 -0.0119041 0.666765 0.753335
155.333 -0.338152 0.257211 0.753335
155.333 -0.921412 -0.176773 0.753335
155.333 -0.284176 -0.0787117 7.03652
155.333 0.0897547 -0.23175 7.03652
155.333 -0.240154 -0.235 7.03652
155.333 -0.116635 0.0929701 7.03652
155.333 -0.574682 -0.866324 7.03652
155.333 -0.520145 -0.430961 0.753335
155.333 -0.472876 -0.746574 7.03652
155.333 -0.177184 0.821756 0.753335
155.333 0.17182 0.0316449 0.753335
155.333 -0.971268 0.223627 0.753335
155.333 -0.77994 0.689409 7.03652
155.333 0.883074 -0.125128 0.753335
155.333 0.250761 -0.802469 0.753335
155.333 0.172666 0.0807545 0.753335
155.333 0.545986 -0.326674 0.753335
155.333 -0.220207 -0.663554 7.03652
155.333 -0.348536 0.395968 0.753335
155.333 -0.115188 -0.6768 0.753335
155.333 0.0848319 0.0881002 7.03652
155.333 -0.122739 -0.311327 0.753335
155.333 0.108929 -0.414736 0.753335
155.333 0.183135 0.180541 0.753335
155.333 -0.21087 -0.586823 0.753335
155.333 0.495985 0.0517744 7.03652
155.333 -0.24025 0.79336 7.03652
155.333 0.680128 -0.487493 0.753335
155.333 0.632772 0.0249076 0.753335
155.333 0.295052 -0.766236 0.753335
155.333 -0.64605 0.810885 7.03652
155.333 0.903901 0.422889 7.03652
155.333 0.00730352 -0.430933 7.03652
155.333 -0.0999364 0.28244 0.753335
155.333 0.565551 -0.155069 0.753335
155.333 0.141811 1.00696 0.753335
155.333 -1.03466 -0.166207 0.753335
155.333 -0.585327 -0.0181134 7.03652
155.333 -0.320257 -0.2418 7.03652
155.333 -0.136599 0.243939 0.753335
155.333 0.0912191 -0.754563 7.03652
155.333 -0.633568 -0.115935 7.03652
155.333 -0.0222668 -0.157407 0.753335
155.333 -0.189399 0.65786 0.753335
155.333 0.347323 0.50544 0.753335
155.333 -0.310197 0.355415 0.753335
155.333 0.316227 0.134093 0.753335
155.333 -0.29337 -0.475493 0.753335
155.333 -0.868607 0.373222 0.753335
155.333 -0.0866693 0.0478983 7.03652
155.333 -0.696225 0.149035 0.753335
155.333 0.75409 -0.0525307 0.753335
