95 -0.902654 0.309972 0.753335
95 0.655911 -0.686669 0.753335
95 -0.448026 -0.594281 7.03652
95 -0.410526 0.822904 0.753335
95 -0.26077 -0.0345021 0.753335
95 -1.04694 -0.0434819 7.03652
95 -0.859568 -0.38863 0.753335
95 -0.427706 0.566426 0.753335
95 0.00731161 0.145412 0.753335
95 0.741751 -0.494485 0.753335
95 0.0739365 0.392347 7.03652
95 -0.0230723 0.972467 0.753335
95 -0.436062 0.87739 7.03652
95 -0.336607 -0.0653002 0.753335
95 -0.116234 0.457238 7.03652
95 0.421156 -0.170699 0.753335
95 0.458855 -0.316988 7.03652
95 -1.02688 -0.228 7.03652
95 -0.973108 -0.129336 0.753335
95 -0.281046 0.937509 0.753335
95 0.0925129 0.194639 7.03652
95 -0.834263 -0.153048 7.03652
95 -0.170389 0.169596 0.753335
95 -0.757546 0.28524 7.03652
95 0.951435 0.0912797 0.753335
95 0.431383 0.911297 0.753335
95 -0.190069 0.52171 7.03652
95 -0.868741 -0.190998 0.753335
95 -0.176488 0.215616 0.753335
95 -0.709737 0.658547 0.753335
95 0.0685354 -0.515499 0.753335
95 0.0504209 -0.188615 7.03652
95 -0.0929013 -0.0030427 7.03652
95 -0.140689 -0.00342129 7.03652
95 -0.384999 0.952063 0.753335
95 -0.57639 0.581773 0.753335
95 0.0633126 -0.322205 7.03652
95 -0.0668381 0.0900125 7.03652
95 -0.599034 -0.76118 0.753335
95 0.753592 0.257752 0.753335
95 -0.35214 -0.914691 0.753335
95 0.158462 -0.954512 0.753335
95 -0.685597 0.482822 7.03652
95 0.215738 -0.34344 0.753335
95 0.632154 -0.627062 7.03652
95 -0.117527 0.917427 7.03652
95 0.667099 0.66401 0.753335
95 -0.0257897 -0.0731185 7.03652
95 0.734795 -0.00075711 7.03652
95 0.148097 -0.738487 0.753335
95 0.605745 0.31021 0.753335
95 -0.609827 0.0760392 0.753335
95 -0.781478 -0.258049 7.03652
95 0.429333 -0.554602 7.03652
95 0.0679442 0.592614 0.753335
95 0.0950574 0.855488 0.753335
95 -0.50758 -0.317214 7.03652
95 0.527823 0.737533 0.753335
95 0.428386 -0.118955 0.753335
95 -0.616841 0.291404 0.753335
95 -0.345395 -0.656063 0.753335
95 -0.336628 0.509865 7.03652
95 -0.349878 0.838894 7.03652
95 0.671925 -0.748537 0.753335
95 -0.358958 0.201499 0.753335
95 -0.454279 -0.128252 7.03652
95 0.270384 -0.222344 7.03652
95 0.204049 -0.393707 0.753335
95 0.523027 -0.0834523 0.753335
95 0.0719071 -0.140852 0.753335
95 0.319106 0.855431 0.753335
95 -0.302149 -0.972436 0.753335
95 -0.914567 0.241641 0.753335
95 -0.0288489 0.766592 7.03652
95 0.0861669 0.140095 0.753335
95 -0.248678 -0.61868 7.03652
95 0.548565 -0.271556 0.753335
95 0.409651 0.653988 0.753335
95 0.26572 0.976301 0.753335
95 -0.953351 0.285707 0.753335
95 -0.227239 0.844522 7.03652
95 0.468787 0.242497 7.03652
95 -0.0297205 -0.53406 0.753335
95 -0.564287 -0.451966 7.03652
95 0.312101 0.0831113 0.753335
95 -0.865841 -0.3334 0.753335
95 0.261661 0.0148662 7.03652
95 -0.480846 0.562447 7.03652
95 0.794069 -0.217649 0.753335
95 -0.00620336 -0.8951 0.753335
95 0.331866 -0.457188 0.753335
95 -0.214431 -0.0493893 0.753335
95 -0.292469 0.696273 7.03652
95 0.391088 0.312805 0.753335
95 0.25863 -0.37659 0.753335
95 0.283188 -0.452055 0.753335
95 0.77309 -0.108653 7.03652
95 0.19878 -0.762848 7.03652
95 -0.753896 0.132895 0.753335
95 0.193853 -0.706183 0.753335
95 0.0426908 0.967674 7.03652
95 0.711554 -0.442243 0.753335
95 0.767036 -0.327545 0.753335
95 -0.439333 0.220791 0.753335
95 0.214898 -0.517208 0.753335
95 -0.288622 -0.420781 7.03652
95 -0.244527 0.050941 7.03652
95 0.645229 -0.0296554 7.03652
95 0.228148 0.624439 0.753335
95 -0.43893 -0.0415412 0.753335
95 0.490544 -0.707518 0.753335
95 -0.275407 -0.265164 7.03652
95 0.000306192 0.716305 0.753335
95 -0.0174148 0.298746 0.753335
95 0.208866 -0.871562 0.753335
95 0.331754 0.447177 0.753335
95 -0.50456 0.662253 0.753335
95 0.756524 0.314378 0.753335
95 0.552609 -0.466618 7.03652
95 -0.563281 0.646058 0.753335
95 -0.0216963 -0.668759 0.753335
95 0.572758 -0.615259 0.753335
95 -0.162478 0.565686 0.753335
95 -0.0524302 0.267408 7.03652
95 -0.20974 -0.721138 7.03652
95 -0.758625 -0.308132 7.03652
95 -0.111761 -0.176995 0.753335
95 -0.490871 0.506349 7.03652
95 -0.544202 0.868581 7.03652
95 -0.192721 -0.101195 0.753335
95 0.59682 -0.673148 0.753335
95 -0.139335 -0.0946448 0.753335
95 -0.649504 0.16811 0.753335
95 -0.0142295 -1.01731 7.03652
95 -0.924803 -0.0112084 7.03652
95 0.14882 0.257082 7.03652
95 -0.0883157 0.230467 0.753335
95 0.850098 0.251588 0.753335
95 0.723442 0.689725 0.753335
95 0.308145 0.308261 0.753335
95 0.168249 -0.353576 0.753335
95 -0.448229 -0.650194 7.03652
95 -0.432863 0.0928854 7.03652
95 -0.160356 -0.581738 7.03652
95 0.0725296 0.744 0.753335
95 -0.615022 -0.424209 0.753335
95 0.849094 0.520146 0.753335
95 -0.997158 0.0380443 7.03652
95 -0.697823 0.774009 7.03652
95 0.513523 -0.187004 0.753335
95 0.680984 -0.131457 7.03652
95 -0.0878217 0.138052 0.753335
95 -0.468878 -0.0817067 0.753335
95 0.269171 0.581482 0.753335
95 0.552115 -0.216623 7.03652
95 -0.0165871 0.351515 0.753335
95 -0.103397 -0.129727 7.03652
95 0.37546 0.933939 7.03652
95 0.256527 0.305728 0.753335
95 -0.269244 0.586258 0.753335
95 -0.117776 -0.0467569 7.03652
95 -0.106816 -0.588787 0.753335
95 0.806035 -0.495858 7.03652
95 -0.738246 0.482415 0.753335
95 0.400308 -0.513284 7.03652
95 0.588483 -0.428936 0.753335
95 -0.061059 0.320717 7.03652
95 0.117689 -0.643777 0.753335
95 -0.0521669 -0.112492 7.03652
95 0.543262 0.00803654 0.753335
95 0.698431 -0.0457786 0.753335
95 0.242272 -0.68638 7.03652
95 0.212764 0.438548 0.753335
95 -0.927743 0.104073 0.753335
95 -0.545966 -0.157548 7.03652
95 -0.140762 0.865106 0.753335
95 0.0757104 -0.274247 0.753335
95 0.321187 -0.958144 0.753335
95 -0.979438 -0.187581 7.03652
95 -0.261312 -0.732491 0.753335
95 0.631865 0.428909 7.03652
95 -0.667195 -0.0727184 0.753335
95 0.00945375 0.201426 0.753335
95 -0.685625 0.540403 0.753335
95 -0.976165 0.376963 7.03652
95 -0.512119 0.805838 7.03652
95 -0.475186 0.0636797 7.03652
95 -0.827615 0.543237 7.03652
95 0.0784992 1.01652 7.03652
95 -0.633308 0.218813 0.753335
95 -0.554443 -0.79657 0.753335
95 0.681286 0.00947159 0.753335
95 -0.326697 -0.2875 0.753335
95 0.0268251 -0.0528979 0.753335
95 -0.582932 0.75002 0.753335
95 0.748231 0.093329 0.753335
95 -0.487116 -0.024882 7.03652
95 0.642645 -0.530467 0.753335
95 0.596266 -0.295797 0.753335
95 -0.51467 -0.115075 7.03652
95 -1.02959 0.198558 7.03652
95 0.908769 -0.205029 0.753335
95 0.347538 -0.37733 0.753335
95 -0.166903 -0.055799 0.753335
95 -0.350565 -0.601573 7.03652
95 -0.00361984 0.452516 0.753335
95 0.448677 0.0870031 0.753335
95 0.435186 0.281815 0.753335
95 -0.404263 0.376422 0.753335
95 0.455606 -0.76428 0.753335
95 -0.240438 0.535847 0.753335
95 -0.162603 0.481031 0.753335
95 0.588729 0.465512 0.753335
95 -0.81625 0.22064 7.03652
95 0.0377439 -0.00224955 7.03652
95 0.535953 0.851949 7.03652
95 -0.293063 -0.161181 0.753335
95 -0.456213 0.171877 0.753335
95 0.0935746 0.498603 0.753335
95 -0.0337624 0.496288 0.753335
95 -0.544533 0.700468 0.753335
95 0.661508 0.0699141 7.03652
95 0.856416 -0.168517 0.753335
95 -0.703917 -0.607082 7.03652
95 -0.490506 -0.467851 0.753335
95 0.150142 0.705153 0.753335
95 0.362943 0.155104 7.03652
95 0.561746 -0.380286 0.753335
95 0.69711 0.173337 0.753335
95 -0.188662 -0.630378 0.753335
95 -0.74537 0.536197 0.753335
95 0.0701044 -0.636224 0.753335
95 -0.456428 -0.252943 0.753335
95 -0.360756 -0.0129811 0.753335
95 -0.411594 -0.752155 0.753335
95 -0.888977 0.048724 0.753335
95 -0.600472 -0.528804 7.03652
95 -0.598217 -0.581506 7.03652
95 0.374097 0.755876 7.03652
95 -0.227316 0.23073 7.03652
95 0.113308 -0.314768 0.753335
95 -0.472642 0.616596 0.753335
95 -0.13006 1.01687 7.03652
95 0.653132 0.545272 0.753335
95 0.126435 0.396075 0.753335
95 -1.04394 -0.106155 0.753335
95 0.743853 -0.394913 0.753335
95 0.682648 0.45418 7.03652
95 -0.906979 -0.127063 0.753335
95 0.547436 -0.559997 0.753335
95 -0.292647 0.29248 7.03652
95 -0.809256 0.386502 0.753335
95 0.29982 -0.0693768 0.753335
95 -0.883257 -0.283448 7.03652
95 -0.460647 -0.301675 7.03652
95 0.4756 -0.102062 0.753335
95 0.228522 0.778421 0.753335
95 0.389654 0.257418 7.03652
95 0.875097 0.46731 0.753335
95 -0.346134 -0.147436 0.753335
95 0.606328 -0.570619 7.03652
95 0.416364 -0.805989 7.03652
95 -0.218958 0.181281 0.753335
95 -0.123934 0.379491 7.03652
95 0.00408399 0.816448 7.03652
95 0.138118 0.211522 0.753335
95 0.390693 -0.0832762 0.753335
95 0.4287 -0.653106 7.03652
95 -0.157407 -0.185656 0.753335
95 -0.652273 0.115443 0.753335
95 -0.269128 -0.849473 7.03652
95 -0.36177 -0.724208 0.753335
95 0.174833 -0.257192 0.753335
95 -0.398839 -0.624688 7.03652
95 -0.5874 0.235245 0.753335
95 -0.333138 0.910957 7.03652
95 0.918991 0.154281 0.753335
95 0.175394 0.135514 7.03652
95 -0.172691 0.716583 7.03652
95 -0.348769 -0.548398 0.753335
95 -0.698952 -0.0258854 0.753335
95 -0.442812 0.416501 7.03652
95 -0.241258 0.682467 7.03652
95 0.410895 0.172098 0.753335
95 0.739436 -0.15376 7.03652
95 -0.71942 -0.164327 0.753335
95 0.658445 0.600802 0.753335
95 -0.0789051 0.183701 7.03652
95 0.390876 0.369175 0.753335
95 0.79908 0.109089 7.03652
95 0.171514 -0.605705 0.753335
95 -0.803992 -0.481122 0.753335
95 0.462367 0.186264 7.03652
95 -0.200958 -0.368354 0.753335
95 -0.987609 -0.344444 7.03652
95 -0.822735 -0.428489 7.03652
95 -0.63787 0.747129 0.753335
95 0.491789 -0.0454099 7.03652
95 0.582825 0.0444172 0.753335
95 -0.285475 0.484811 0.753335
95 -0.838742 -0.620481 0.753335
95 0.620213 0.370035 7.03652
95 0.0523728 0.26871 0.753335
95 0.499528 0.582246 0.753335
95 -0.266311 0.195982 0.753335
95 0.10099 0.350718 0.753335
95 -0.328762 0.0250374 7.03652
95 0.375086 -0.698966 7.03652
95 0.208796 -0.048586 0.753335
95 0.553873 0.112164 0.753335
95 -0.415357 -0.22244 0.753335
95 -0.941258 -0.463895 7.03652
95 0.171992 0.781802 0.753335
95 0.639807 0.48973 0.753335
95 -0.379009 -0.413202 0.753335
95 0.334825 0.65273 0.753335
95 -0.380213 -0.189291 0.753335
95 -0.140745 0.667252 0.753335
95 -0.358855 -0.972339 0.753335
95 -0.795173 0.498248 7.03652
95 0.0983436 0.249282 0.753335
95 -0.534788 -0.0118066 0.753335
95 -0.24165 -0.179162 0.753335
95 0.0787441 0.643745 0.753335
95 -0.259783 0.327312 0.753335
95 -0.370814 -0.304872 0.753335
95 0.905318 -0.263859 7.03652
95 -0.922457 0.487223 0.753335
95 -0.596352 0.178469 7.03652
95 -0.298186 -0.527637 0.753335
95 -0.316693 -0.812256 0.753335
95 0.229128 0.19747 0.753335
95 0.717343 -0.701814 0.753335
95 -0.00726921 -0.488027 7.03652
95 -0.667118 -0.250836 0.753335
95 0.595763 0.525674 0.753335
95 -0.570539 0.803858 0.753335
95 0.800597 0.22443 0.753335
95 0.266754 0.113966 0.753335
95 0.0416482 0.112364 0.753335
95 -0.657683 0.261968 7.03652
95 -0.462556 0.0138997 7.03652
95 0.11303 -0.0829247 7.03652
95 0.242371 -0.136258 0.753335
95 -0.369628 0.614965 0.753335
95 -0.3887 0.240769 7.03652
95 -0.263036 -0.790269 0.753335
95 0.771549 -0.547384 0.753335
95 -0.204401 -0.479046 7.03652
95 0.0487281 0.169011 0.753335
95 -0.230011 -0.288148 7.03652
95 -0.662727 0.0642492 0.753335
95 0.219194 0.100349 7.03652
95 0.45658 0.136939 0.753335
95 -0.335364 -0.444448 7.03652
95 0.20967 0.830626 7.03652
95 0.149744 0.348459 7.03652
95 0.0925295 0.439504 0.753335
95 -0.308839 -0.114476 7.03652
95 -0.785176 0.441252 0.753335
95 0.802946 0.1665 0.753335
95 -0.262073 0.995815 0.753335
95 -0.0559822 0.450142 0.753335
95 0.0378016 0.863008 0.753335
95 0.252532 0.727161 0.753335
95 0.171259 -0.496387 0.753335
95 0.35978 0.556951 0.753335
95 -0.752237 0.379152 0.753335
95 0.603829 -0.0640012 0.753335
95 0.435461 0.446423 7.03652
95 -0.887518 -0.0550248 0.753335
95 0.79076 -0.011509 0.753335
95 -0.416621 0.325298 0.753335
95 -0.0569436 -0.577829 0.753335
95 0.100474 -0.937327 7.03652
95 -0.146777 0.291938 7.03652
95 -0.538988 0.490647 0.753335
95 -0.279576 0.753441 7.03652
95 -0.705974 -0.36666 0.753335
95 0.474838 -0.412156 0.753335
95 -0.376283 0.561361 0.753335
95 0.247972 -0.742708 0.753335
95 -0.0348957 0.405289 7.03652
95 0.400003 -0.367853 0.753335
95 -0.648352 -0.294871 7.03652
95 -0.260304 0.441651 7.03652
95 -0.191109 -0.254777 0.753335
95 -0.586163 0.468308 0.753335
95 0.212486 0.284339 7.03652
95 -0.147048 -0.446011 0.753335
95 -0.770958 -0.412818 7.03652
95 -0.30086 -0.581582 0.753335
95 -0.0534727 0.922105 0.753335
95 -0.0532339 0.817873 7.03652
95 -0.502478 0.347734 7.03652
95 0.568555 0.680203 0.753335
95 -0.0800665 0.870046 7.03652
95 0.700571 0.509164 0.753335
95 -0.936956 -0.076412 0.753335
95 -0.442261 0.515032 0.753335
95 0.457771 -0.264134 7.03652
95 -0.374238 -0.840102 7.03652
95 0.616581 -0.120267 0.753335
95 -0.764789 -0.712141 7.03652
95 0.0361538 -0.963893 7.03652
95 -0.642386 -0.611782 7.03652
95 0.65694 -0.0835509 7.03652
95 -0.388616 0.42371 7.03652
95 -1.04732 0.0796704 0.753335
95 -0.0860479 -0.535724 0.753335
95 -0.421366 0.61836 0.753335
95 0.53625 0.443558 0.753335
95 0.213431 -0.293478 0.753335
95 -0.731289 0.42651 0.753335
95 0.35226 -0.787687 0.753335
95 -0.592994 0.352925 7.03652
95 0.153345 0.840293 0.753335
95 -0.199444 0.309831 7.03652
95 -0.761057 0.230168 0.753335
95 0.0915592 -0.815896 0.753335
95 -0.748758 -0.0102933 0.753335
95 -0.897266 0.426609 0.753335
95 0.513031 0.686615 0.753335
95 -0.0108953 -0.0249039 0.753335
95 -0.467292 -0.919237 7.03652
95 -0.276824 0.247699 0.753335
95 0.0274943 0.636529 7.03652
95 -0.722099 -0.260936 7.03652
95 -0.238434 0.280867 0.753335
95 -0.339071 0.668272 7.03652
95 0.0469172 -0.909522 7.03652
95 0.125124 0.0638365 7.03652
95 -0.555734 -0.344583 7.03652
95 -0.969622 -0.402335 7.03652
95 0.823518 -0.333018 0.753335
95 0.0406548 0.430073 0.753335
95 0.303633 -0.352508 0.753335
95 0.504103 -0.243552 7.03652
95 -0.634381 0.449154 7.03652
95 -0.417276 -0.329615 0.753335
95 0.703894 0.287249 7.03652
95 -0.188896 0.0405202 7.03652
95 0.321885 0.184193 0.753335
95 -0.294795 0.867345 0.753335
95 -0.313192 -0.699045 0.753335
95 0.309241 -0.831734 0.753335
95 -0.941941 0.0450968 0.753335
95 0.962632 0.247855 7.03652
95 0.476953 0.810004 7.03652
95 0.12748 0.0172841 0.753335
95 0.909742 0.214014 0.753335
95 -0.481548 0.71939 7.03652
95 0.273278 -0.915235 7.03652
95 -0.962969 -0.245089 0.753335
95 0.287758 0.263565 0.753335
95 -0.374767 -0.359279 0.753335
95 -0.242771 0.894634 0.753335
95 0.276611 -0.643515 7.03652
95 0.497099 -0.814825 7.03652
95 0.150428 -0.168553 0.753335
95 0.0553372 0.535931 0.753335
95 -0.116256 -0.392929 0.753335
95 -0.0461032 0.00810112 7.03652
95 -0.86528 -0.00109746 0.753335
95 -0.58541 0.525909 7.03652
95 0.998023 0.0538294 7.03652
95 -0.455171 0.781272 7.03652
95 -0.266186 0.100463 0.753335
95 -0.185086 -0.00809494 0.753335
95 -0.922639 0.362045 0.753335
95 -0.239675 -0.339225 7.03652
95 -0.714786 -0.423383 0.753335
95 0.126804 -0.694886 7.03652
95 -0.534658 0.438518 7.03652
95 0.946303 -0.31542 7.03652
95 -0.283246 -0.367591 7.03652
95 0.0742166 -0.0496592 7.03652
95 0.717632 -0.347589 0.753335
95 -0.552627 -0.291187 7.03652
95 -0.224116 0.407628 0.753335
95 0.596246 0.142175 0.753335
95 0.515016 -0.605133 0.753335
95 -0.112013 -0.729915 0.753335
95 -0.155842 -0.138918 0.753335
95 0.340883 0.394632 0.753335
95 0.856612 0.194017 0.753335
95 -0.323592 0.451386 0.753335
95 0.161057 0.564973 7.03652
95 -0.682321 0.710899 7.03652
95 -0.55325 0.133905 0.753335
95 -0.561932 -0.0616198 0.753335
95 0.169229 -0.0139446 7.03652
95 0.680644 0.732584 0.753335
95 -0.787402 0.173914 0.753335
95 0.799035 -0.603848 0.753335
95 -0.954014 0.433257 7.03652
95 0.923184 -0.0260348 7.03652
95 -0.279729 0.0139719 0.753335
95 0.118785 0.298295 7.03652
95 -0.125802 0.189452 7.03652
95 0.0742925 0.311058 0.753335
95 0.832258 0.420767 7.03652
95 -0.390318 0.773506 0.753335
95 -0.21613 0.354227 0.753335
95 -0.630701 -0.209987 7.03652
95 0.113991 0.800004 0.753335
95 0.265849 0.0648318 0.753335
95 -0.639279 -0.0279464 0.753335
95 -0.49515 0.205075 7.03652
95 -0.720615 -0.554683 0.753335
95 -0.327465 -0.339195 0.753335
95 0.378214 -0.942246 0.753335
95 -0.660857 -0.560283 7.03652
95 -0.145474 -0.232305 0.753335
95 -0.758579 0.633212 7.03652
95 0.329141 -0.152836 0.753335
95 0.599683 -0.244053 0.753335
95 -0.137727 -0.632308 7.03652
95 -0.229757 0.00502589 0.753335
95 -0.587063 0.413006 7.03652
95 -0.330531 0.733269 0.753335
95 -0.0623001 -0.915277 0.753335
95 -0.739667 -0.653016 7.03652
95 -0.399008 -0.569282 7.03652
95 -0.768302 -0.527487 0.753335
95 0.156654 -0.899046 0.753335
95 -0.0328587 0.174818 0.753335
95 -0.863687 0.263457 7.03652
95 0.777678 0.424703 0.753335
95 -0.109867 0.818287 7.03652
95 -0.294919 0.0635173 0.753335
95 0.144955 0.516912 7.03652
95 0.0965564 -0.554651 0.753335
95 0.219086 0.051919 7.03652
95 -0.791027 0.333716 7.03652
95 0.0563289 -0.421317 0.753335
95 -0.0088279 -0.777652 7.03652
95 0.370539 0.208171 0.753335
95 0.132396 0.652551 7.03652
95 0.170006 0.945521 0.753335
95 0.400077 0.0701793 0.753335
95 0.367637 -0.841174 0.753335
95 -0.159575 -0.49472 0.753335
95 -0.157208 0.958067 0.753335
95 -0.8417 -0.247448 0.753335
95 -0.322431 0.167163 0.753335
95 -0.383937 0.0955846 7.03652
95 0.988353 0.132434 0.753335
95 0.427668 0.779385 7.03652
95 -0.89055 0.144607 7.03652
95 -0.299293 0.409034 0.753335
95 0.508772 0.205734 0.753335
95 0.711669 0.053733 7.03652
95 0.214884 0.00210797 0.753335
95 0.549181 0.560134 0.753335
95 0.420536 -0.414299 0.753335
95 -0.612778 0.621907 0.753335
95 0.140193 -0.454285 0.753335
95 -0.830092 0.0502232 0.753335
95 0.806606 0.479158 0.753335
95 -0.514614 0.0941042 0.753335
95 0.38772 -0.465958 0.753335
95 -0.661543 -0.400658 7.03652
95 0.237834 0.399097 7.03652
95 0.339951 -0.10221 0.753335
95 -0.229007 -0.889037 7.03652
95 0.519482 -0.510372 7.03652
95 -0.805878 0.104555 0.753335
95 -0.57001 0.28349 7.03652
95 -0.394979 0.666719 0.753335
95 -0.165584 -0.862726 7.03652
95 0.99203 -0.0676457 7.03652
95 0.649133 0.22194 7.03652
95 0.0399946 -0.474674 0.753335
95 0.518595 -0.135838 0.753335
95 -0.117943 -0.902551 7.03652
95 -0.380518 0.291314 7.03652
95 0.168025 0.301348 0.753335
95 0.0273183 -0.378957 0.753335
95 -0.683394 0.308274 7.03652
95 -0.0468737 -0.206305 0.753335
95 0.651683 0.274142 0.753335
95 -0.266805 -0.676376 0.753335
95 -0.508847 0.154762 0.753335
95 -0.66751 -0.800814 0.753335
95 0.0446395 -0.851601 0.753335
95 0.616245 -0.478264 7.03652
95 0.238715 -0.595933 0.753335
95 -0.564104 -0.397273 7.03652
95 0.151754 -0.548132 0.753335
95 -0.0949239 -0.440685 0.753335
95 -0.231212 0.486201 0.753335
95 -0.602116 0.127757 0.753335
95 0.647647 0.120238 0.753335
95 -0.31187 -0.755299 7.03652
95 0.367223 -0.420081 7.03652
95 -0.473119 -0.207843 0.753335
95 -0.776658 -0.161635 0.753335
95 -0.457534 -0.857087 7.03652
95 0.694723 -0.640872 7.03652
95 -0.746923 -0.115824 7.03652
95 -0.0616711 0.639105 7.03652
95 0.759106 -0.654297 0.753335
95 0.714504 0.561802 0.753335
95 -0.192576 -1.00474 0.753335
95 -0.580192 -0.199511 7.03652
95 0.862164 0.373383 0.753335
95 -0.368532 -0.244922 0.753335
95 -0.0952722 -0.219815 0.753335
95 0.0220268 0.575236 0.753335
95 -0.610679 -0.0728719 7.03652
95 0.0740035 -0.368632 0.753335
95 -0.778296 0.0357794 0.753335
95 -0.0798344 -0.637018 0.753335
95 0.440321 -0.461325 0.753335
95 -0.560001 0.0807604 0.753335
95 0.132015 0.162266 0.753335
95 0.655853 -0.336751 7.03652
95 0.358482 0.103754 0.753335
95 0.125476 -0.267136 7.03652
95 0.410243 0.581268 0.753335
95 -0.550376 0.329438 7.03652
95 0.19631 -0.152647 0.753335
95 -0.151565 0.425646 0.753335
95 0.748761 0.201136 0.753335
95 0.446015 -0.0147751 7.03652
95 0.545562 0.499979 0.753335
95 -0.196467 -0.53346 0.753335
95 0.47198 0.742619 0.753335
95 -0.635911 0.506052 0.753335
95 -0.975378 0.15456 0.753335
95 0.126455 0.749735 7.03652
95 0.0330129 0.0610492 7.03652
95 0.0024058 0.0260802 0.753335
95 -0.131199 0.520468 0.753335
95 0.0255555 -0.145214 0.753335
95 0.191416 0.235439 0.753335
95 0.237687 0.677347 7.03652
95 -0.0603474 -0.750669 0.753335
95 0.0105283 1.02244 7.03652
95 0.456434 -0.602483 7.03652
95 -0.49375 0.402975 7.03652
95 -0.281452 -0.314019 0.753335
95 0.257771 -0.544983 0.753335
95 -0.73256 0.186392 0.753335
95 0.382818 0.818237 0.753335
95 0.371235 -0.184029 0.753335
95 0.718204 -0.0973134 0.753335
95 -0.0646989 -0.163713 7.03652
95 0.625663 -0.390472 7.03652
95 0.671493 0.388965 7.03652
95 -0.511829 -0.373652 0.753335
95 0.0978659 -0.877636 7.03652
95 -0.809349 -0.00710932 0.753335
95 -0.757296 0.0807519 0.753335
95 0.155898 -0.405745 0.753335
95 0.64691 -0.279605 7.03652
95 0.120526 -0.505225 0.753335
95 -0.877594 -0.572125 0.753335
95 -0.328576 0.977441 7.03652
95 0.116594 -0.129686 0.753335
95 0.597506 0.199253 0.753335
95 -0.377798 0.715738 7.03652
95 -0.287675 0.814355 7.03652
95 0.444456 0.497728 7.03652
95 0.0527035 0.221751 0.753335
95 0.321626 0.595739 0.753335
95 -0.311091 -0.0251988 0.753335
95 -0.0343421 -0.345567 7.03652
95 0.379435 -0.134326 0.753335
95 0.196759 0.72921 7.03652
95 0.698211 -0.299527 7.03652
95 -0.0119228 -0.722531 7.03652
95 -0.410334 -0.00274559 7.03652
95 -0.807661 -0.206214 7.03652
95 -0.0871777 0.493236 7.03652
95 -0.454396 0.363391 0.753335
95 0.707247 -0.542312 0.753335
95 -0.692133 -0.208078 0.753335
95 0.222629 -0.242104 0.753335
95 0.0126953 0.509617 7.03652
95 0.0704422 0.911837 7.03652
95 0.309263 -0.302425 0.753335
95 -0.288868 0.534396 0.753335
95 0.645099 0.17083 0.753335
95 -0.496796 -0.630237 7.03652
95 0.53742 0.0628776 7.03652
95 0.669054 -0.584439 7.03652
95 -0.505745 -0.260456 0.753335
95 0.557261 0.289158 0.753335
95 -0.749923 -0.466462 7.03652
95 0.450774 0.61681 0.753335
95 0.897348 -0.436364 7.03652
95 0.807859 0.353289 0.753335
95 -0.448688 0.672754 7.03652
95 -0.195556 1.00856 0.753335
95 0.452853 -0.365923 0.753335
95 0.431269 0.848388 0.753335
95 -0.52248 -0.204966 0.753335
95 -0.518014 -0.841182 7.03652
95 0.50523 -0.361199 7.03652
95 -0.464873 -0.354931 7.03652
95 0.120325 0.601522 0.753335
95 -0.190276 -0.317203 0.753335
95 0.611344 0.640705 0.753335
95 -0.341852 0.0772599 0.753335
95 0.936179 -0.0840041 0.753335
95 0.530499 0.79244 7.03652
95 -0.785054 0.580051 0.753335
95 -0.42302 0.0460809 0.753335
95 -0.497147 -0.518768 0.753335
95 0.624233 0.704236 7.03652
95 -0.649296 0.663811 7.03652
95 0.0396651 -0.738476 0.753335
95 -0.706131 0.0932907 7.03652
95 -0.365409 -0.782977 0.753335
95 -0.263567 0.377075 0.753335
95 -0.872361 -0.462713 7.03652
95 -0.41719 -0.0924271 7.03652
95 0.843923 0.0820155 7.03652
95 -0.386149 -0.46578 7.03652
95 -0.164767 -0.688091 0.753335
95 -0.565705 0.03195 0.753335
95 0.203404 0.336962 0.753335
95 -0.387632 -0.0531832 0.753335
95 -0.230665 0.135528 0.753335
95 -0.113523 0.570269 7.03652
95 -0.755859 -0.360564 7.03652
95 -0.168641 0.616833 0.753335
95 0.288667 0.766025 0.753335
95 0.21657 -0.929948 0.753335
95 -0.381885 0.885306 7.03652
95 0.279526 -0.171095 7.03652
95 0.208707 -0.994225 0.753335
95 0.700849 0.230595 7.03652
95 0.850135 -0.279347 0.753335
95 0.371174 0.876969 7.03652
95 0.495642 0.00251574 0.753335
95 -0.927039 0.183164 0.753335
95 -0.548178 -0.606611 0.753335
95 -0.163038 -0.399403 0.753335
95 0.242845 -0.423181 7.03652
95 -0.800465 -0.106321 7.03652
95 -0.940012 -0.29921 7.03652
95 -0.322257 -0.869865 0.753335
95 -0.749019 -0.212832 0.753335
95 -0.18671 0.262354 0.753335
95 0.0211997 -0.62733 7.03652
95 -0.109776 -0.488158 7.03652
95 -0.816614 -0.302285 0.753335
95 -0.61624 -0.82326 7.03652
95 -0.514773 0.0351683 0.753335
95 -0.0905326 0.413944 0.753335
95 0.459509 -0.508162 0.753335
95 -0.618201 0.0254314 0.753335
95 0.16388 -0.306158 0.753335
95 0.303346 -0.0200969 7.03652
95 -0.708808 -0.499203 7.03652
95 0.707574 0.345894 0.753335
95 -0.632438 0.563193 7.03652
95 0.121564 -0.361893 0.753335
95 -0.568686 -0.711363 7.03652
95 0.323366 0.9589 0.753335
95 -0.546581 -0.497373 0.753335
95 0.174522 0.615337 7.03652
95 -0.402934 0.185825 0.753335
95 0.503778 -0.300763 7.03652
95 0.331863 0.798375 0.753335
95 -0.470144 -0.41121 7.03652
95 -0.068341 -0.305449 0.753335
95 -0.821006 0.638758 0.753335
95 -0.467099 0.308561 7.03652
95 0.128788 0.112829 7.03652
95 0.406529 0.121806 0.753335
95 -0.6578 -0.165887 0.753335
95 -0.155033 -0.285298 0.753335
95 0.313609 -0.547901 0.753335
95 0.833462 -0.438572 0.753335
95 -0.655295 -0.345524 0.753335
95 0.290311 -0.119914 7.03652
95 -0.13328 -1.01996 0.753335
95 0.0951862 0.695697 0.753335
95 0.656985 0.328505 0.753335
95 0.252109 -0.0843877 0.753335
95 0.0840229 -0.00361298 0.753335
95 -0.635631 0.390721 0.753335
95 0.538356 -0.661679 0.753335
95 -0.534842 0.239677 0.753335
95 0.859802 0.316514 0.753335
95 -0.60004 -0.313317 7.03652
95 0.487805 -0.55501 7.03652
95 0.814898 -0.0610143 0.753335
95 0.694252 -0.243332 7.03652
95 -0.0598771 1.02306 7.03652
95 -0.500521 0.905244 0.753335
95 -0.544278 0.384258 0.753335
95 0.602463 -0.344528 0.753335
95 0.693096 -0.185371 0.753335
95 -0.0710454 -1.02251 7.03652
95 0.503768 0.635007 7.03652
95 -0.239656 -0.0894036 0.753335
95 0.434178 -0.706991 0.753335
95 0.82818 -0.114825 0.753335
95 -0.135917 0.0420664 7.03652
95 -0.862505 0.0971285 0.753335
95 0.920867 0.358116 0.753335
95 -0.447944 -0.539851 0.753335
95 0.270943 0.445731 7.03652
95 0.770197 0.0453081 7.03652
95 0.00249537 -0.577825 0.753335
95 0.757204 0.372293 0.753335
95 0.20615 -0.0990608 7.03652
95 0.0750439 0.041469 0.753335
95 -0.183625 0.124878 0.753335
95 -0.277091 0.149893 0.753335
95 0.868909 -0.493116 7.03652
95 -0.210974 -0.77528 7.03652
95 0.0446369 -1.02551 7.03652
95 -0.498079 -0.573535 0.753335
95 0.602334 0.582223 0.753335
95 0.132256 0.464931 0.753335
95 -0.253717 -1.00248 7.03652
95 0.024661 0.31208 7.03652
95 -0.483039 -0.798068 0.753335
95 0.565718 -0.780182 7.03652
95 0.579605 0.408597 0.753335
95 -0.19829 -0.203299 7.03652
95 0.201446 0.526184 7.03652
95 0.312377 -0.252534 0.753335
95 -0.37624 0.0397441 7.03652
95 0.147074 -1.01343 7.03652
95 0.348343 0.281774 0.753335
95 0.399793 0.523674 7.03652
95 0.297311 0.355931 7.03652
95 -0.365049 -0.10242 0.753335
95 0.963325 -0.252558 0.753335
95 -0.0614406 -0.0415413 0.753335
95 0.857653 0.139908 0.753335
95 -0.0588872 -0.861203 0.753335
95 -0.111728 -0.843063 0.753335
95 0.162796 0.42615 0.753335
95 -0.184069 0.897516 0.753335
95 0.162622 -0.0661896 0.753335
95 0.495118 -0.462351 0.753335
95 0.768365 0.588234 7.03652
95 0.45856 0.679 0.753335
95 -0.601789 0.850462 7.03652
95 0.18249 0.479283 0.753335
95 0.770298 0.645427 0.753335
95 -0.720273 0.588394 0.753335
95 0.50821 0.151 0.753335
95 -0.556228 -0.24268 7.03652
95 -0.655553 -0.509531 7.03652
95 -0.774835 -0.0569523 0.753335
95 -0.515505 0.28935 0.753335
95 -0.515519 -0.0662451 7.03652
95 0.265659 -0.979048 7.03652
95 0.238022 0.484503 0.753335
95 0.441336 0.034466 0.753335
95 0.743922 -0.270041 7.03652
95 0.222694 0.148975 7.03652
95 0.102181 -0.181088 7.03652
95 0.309066 0.540777 0.753335
95 0.366014 -0.556932 0.753335
95 0.029869 -0.681094 0.753335
95 -0.177835 0.386924 0.753335
95 0.358403 -0.280804 7.03652
95 0.252147 0.873701 0.753335
95 0.349994 -0.00237224 0.753335
95 0.216892 -0.640488 0.753335
95 -0.711785 0.258079 7.03652
95 -0.0823586 0.764455 0.753335
95 0.479321 0.305818 0.753335
95 0.394112 -0.887818 0.753335
95 -0.0207729 0.550531 0.753335
95 -0.248213 -0.452387 7.03652
95 0.397445 -0.0329598 0.753335
95 0.480762 0.363773 0.753335
95 -0.66917 -0.658269 0.753335
95 0.36382 -0.232329 7.03652
95 -0.472097 0.122106 7.03652
95 0.0142973 -0.332848 0.753335
95 0.271235 0.820573 7.03652
95 -0.0414458 -0.443821 0.753335
95 -0.409781 -0.275651 7.03652
95 -0.690809 0.369949 0.753335
95 -0.280072 -0.210122 7.03652
95 0.192431 -0.447458 0.753335
95 0.396843 -0.751114 0.753335
95 -0.214142 -0.831467 0.753335
95 -0.810966 -0.565569 0.753335
95 -0.542304 -0.664114 7.03652
95 -0.138301 0.773359 7.03652
95 0.499467 0.525708 7.03652
95 0.304423 -0.406652 0.753335
95 -0.717338 -0.759411 0.753335
95 -0.429282 0.729973 7.03652
95 -0.687455 0.209729 0.753335
95 -0.602876 0.692847 7.03652
95 0.647111 -0.220353 0.753335
95 0.556081 0.619552 0.753335
95 -0.326754 0.565919 0.753335
95 -0.430081 0.272409 7.03652
95 0.440777 -0.0651435 0.753335
95 0.0268838 -0.282724 7.03652
95 0.131493 0.899747 0.753335
95 0.989512 -0.0103636 0.753335
95 0.263031 -0.273333 7.03652
95 0.507376 -0.874525 0.753335
95 0.719627 0.414919 7.03652
95 0.528748 0.387847 0.753335
95 0.699104 0.11662 7.03652
95 -0.670883 0.0150265 7.03652
95 -0.808994 -0.359845 7.03652
95 0.161066 -0.11512 7.03652
95 0.526794 -0.416161 7.03652
95 0.553427 -0.716896 0.753335
95 0.0934934 -0.996926 7.03652
95 -0.767316 -0.600615 0.753335
95 0.448141 -0.849958 0.753335
95 -0.331337 -0.390953 7.03652
95 0.236117 -0.47565 7.03652
95 -0.0581585 -0.256297 0.753335
95 -0.0205719 -0.294316 0.753335
95 0.187391 0.668046 0.753335
95 0.795915 -0.164111 7.03652
95 -0.415179 -0.94603 0.753335
95 -0.434874 -0.175028 0.753335
95 0.383781 0.421926 7.03652
95 -0.0596158 -0.489478 0.753335
95 -0.0855714 -0.353618 7.03652
95 -0.858648 0.594208 0.753335
95 -0.277551 0.642605 0.753335
95 0.0260361 0.76254 7.03652
95 -0.246171 -0.509085 7.03652
95 0.0566483 -0.583502 0.753335
95 -0.118407 0.722225 0.753335
95 -0.801528 -0.662923 7.03652
95 0.327487 0.727664 7.03652
95 -0.0345861 0.0556627 0.753335
95 -0.85937 -0.105804 0.753335
95 -0.740123 0.726269 7.03652
95 -0.369232 0.46723 0.753335
95 0.774089 -0.444695 0.753335
95 0.483115 -0.653398 0.753335
95 0.855121 -0.0129798 0.753335
95 0.523588 0.329923 0.753335
95 -0.570119 -0.11187 7.03652
95 0.375779 -0.646837 0.753335
95 -0.602025 -0.154966 0.753335
95 -1.01679 0.26258 0.753335
95 0.348279 0.341571 7.03652
95 -0.146008 -0.960925 0.753335
95 0.241534 0.246335 0.753335
95 -0.391459 -0.679863 0.753335
95 -0.548013 -0.550214 0.753335
95 0.299649 0.908308 7.03652
95 0.604693 0.0880777 0.753335
95 0.885647 0.034058 0.753335
95 -0.199326 0.448805 7.03652
95 -0.228955 0.730757 0.753335
95 -0.000760086 -0.191987 0.753335
95 -1.03773 0.139657 7.03652
95 -0.0214167 0.869276 7.03652
95 -0.241661 -0.397409 0.753335
95 -0.702736 -0.310311 7.03652
95 -0.995606 0.322594 7.03652
95 -0.399042 -0.140699 0.753335
95 0.712097 0.622688 0.753335
95 -0.438822 -0.702311 7.03652
95 -0.867293 0.201754 0.753335
95 -0.0158305 0.609683 0.753335
95 -0.200847 -0.429376 0.753335
95 -0.0875491 -0.0825122 7.03652
95 0.569094 -0.101571 7.03652
95 0.797997 -0.385002 7.03652
95 0.32794 -0.891948 7.03652
95 0.94055 0.0289403 0.753335
95 0.293448 0.687932 0.753335
95 -0.922388 -0.354135 0.753335
95 -0.107454 -0.267518 7.03652
95 -0.0636594 0.588271 0.753335
95 0.500665 0.102179 0.753335
95 0.583465 0.745979 0.753335
95 0.734407 -0.596261 7.03652
95 0.806099 0.289394 7.03652
95 -0.160581 -0.747194 0.753335
95 0.600211 0.254216 7.03652
95 0.588797 0.813409 7.03652
95 0.435662 0.338166 0.753335
95 -0.336335 0.786744 0.753335
95 -0.0866407 -0.966 7.03652
95 0.898263 0.0955456 0.753335
95 -0.680674 0.424153 0.753335
95 0.552819 0.171358 0.753335
95 -0.0683222 0.368497 0.753335
95 0.859707 -0.384115 0.753335
95 0.681821 -0.389589 0.753335
95 -0.909096 -0.413824 0.753335
95 0.0895045 -0.462666 0.753335
95 -0.212322 0.577517 0.753335
95 -0.426604 0.465888 7.03652
95 0.923876 -0.378049 7.03652
95 0.295969 0.488607 0.753335
95 -0.423967 -0.808627 0.753335
95 -0.442922 0.935157 7.03652
95 0.398807 -0.598774 0.753335
95 0.464391 -0.209257 0.753335
95 0.552732 0.230184 7.03652
95 -0.283473 -0.916748 0.753335
95 -0.669189 -0.455514 0.753335
95 -0.0319201 -0.619879 0.753335
95 -1.05052 0.0148126 0.753335
95 -0.036228 0.22332 7.03652
95 -0.0107701 -0.243054 0.753335
95 0.291839 0.404245 0.753335
95 0.231815 -0.189202 0.753335
95 0.749028 0.147862 0.753335
95 0.579974 -0.516529 0.753335
95 -0.606313 -0.257395 0.753335
95 0.948245 0.309048 0.753335
95 -0.0646555 -0.695087 0.753335
95 0.260354 -0.322763 0.753335
95 0.423051 0.221743 7.03652
95 -0.548663 0.189772 0.753335
95 -0.0712334 0.538122 0.753335
95 0.194013 -0.817446 0.753335
95 -0.669701 0.606582 7.03652
95 -0.611146 -0.477274 7.03652
95 0.120063 -0.595473 7.03652
95 -0.985146 0.0977479 0.753335
95 0.986734 -0.130185 0.753335
95 -0.831374 -0.0557153 0.753335
95 0.40895 -0.318414 7.03652
95 -0.0896421 0.678291 0.753335
95 -0.479414 0.253398 0.753335
95 -0.689234 -0.12081 0.753335
95 0.971704 0.189255 0.753335
95 0.0431794 -0.792946 0.753335
95 -0.719015 0.0371356 7.03652
95 0.849392 -0.22234 0.753335
95 -0.476918 0.843083 7.03652
95 0.137425 -0.219083 0.753335
95 0.44846 -0.911304 0.753335
95 -0.161866 0.0828781 0.753335
95 0.334846 -0.734221 0.753335
95 -0.00455714 0.0921212 0.753335
95 -0.204417 -0.148195 7.03652
95 0.344203 -0.505516 0.753335
95 -0.312401 0.216265 0.753335
95 -0.00671418 -0.834561 0.753335
95 -0.217049 0.95029 0.753335
95 -0.894192 0.541719 0.753335
95 -0.623023 -0.693547 0.753335
95 -0.521729 0.753168 7.03652
95 0.652496 -0.438802 0.753335
95 -0.522313 -0.898673 7.03652
95 0.369949 0.692162 0.753335
95 0.87518 -0.0627403 7.03652
95 0.00919728 0.918588 0.753335
95 -0.0906691 0.970871 0.753335
95 -0.653464 -0.741777 7.03652
95 -0.298576 -0.633211 0.753335
95 -0.254768 -0.559733 7.03652
95 0.49077 0.472033 0.753335
95 -0.729912 0.330129 0.753335
95 -0.491856 -0.159914 0.753335
95 -0.0591307 -0.806209 0.753335
95 0.97526 -0.193532 7.03652
95 0.190298 0.886841 0.753335
95 -0.49659 -0.693128 7.03652
95 0.387458 0.471103 0.753335
95 0.256783 0.530847 0.753335
95 0.308345 0.0311393 7.03652
95 0.324789 -0.663865 0.753335
95 -0.526163 -0.74637 0.753335
95 0.271407 0.163216 7.03652
95 -0.189449 0.769572 0.753335
95 -0.136969 -0.53931 0.753335
95 0.199401 -0.563816 0.753335
95 -0.133797 0.135771 0.753335
95 0.0362057 -0.233957 0.753335
95 -0.17854 -0.917749 0.753335
95 0.822211 0.0345226 7.03652
95 0.770545 0.527056 0.753335
95 0.144872 -0.844847 0.753335
95 -0.641444 0.337354 7.03652
95 0.821317 0.572234 7.03652
95 -0.858855 0.489404 7.03652
95 0.139961 -0.789115 0.753335
95 0.640431 -0.164342 7.03652
95 0.415431 -0.220739 0.753335
95 -0.90697 -0.233258 0.753335
95 -0.701317 -0.702014 0.753335
95 -0.442865 -0.487303 7.03652
95 -0.228125 -0.949629 0.753335
95 0.262839 -0.859668 0.753335
95 -0.226673 0.624972 0.753335
95 0.0774681 -0.696667 7.03652
95 -0.481286 0.456159 7.03652
95 -0.317762 0.11708 7.03652
95 0.612028 -0.733209 0.753335
95 -0.364222 0.348524 0.753335
95 -0.33239 -0.194845 7.03652
95 -0.343223 -0.496742 0.753335
95 0.0610126 0.805909 0.753335
95 -0.0180372 -0.391495 0.753335
95 0.551015 -0.0421404 7.03652
95 0.0113794 -0.100021 0.753335
95 0.281055 0.634436 7.03652
95 -0.114716 0.620843 7.03652
95 0.104995 0.551487 0.753335
95 0.348684 -0.052194 0.753335
95 0.742205 -0.210688 0.753335
95 0.795743 -0.274177 7.03652
95 0.836296 -0.550302 7.03652
95 0.124381 -0.0345682 0.753335
95 -0.846724 0.324113 7.03652
95 -0.364957 0.142598 7.03652
95 -0.0652151 -0.39833 0.753335
95 -0.532442 0.5471 0.753335
95 -0.416039 0.139381 7.03652
95 -0.981423 -0.0178547 7.03652
95 0.594531 -0.0107477 7.03652
95 -0.214173 0.0853794 7.03652
95 0.901123 0.276415 0.753335
95 0.512336 0.265673 0.753335
95 -0.525379 0.604765 7.03652
95 0.21581 0.574133 0.753335
95 -0.422057 -0.384138 0.753335
95 -0.722713 -0.0711409 0.753335
95 0.0616074 -0.095389 7.03652
95 -1.00808 -0.288653 7.03652
95 0.622239 -0.795892 7.03652
95 -0.909564 -0.51677 7.03652
95 0.00523713 0.253436 0.753335
95 0.570459 0.350988 0.753335
95 0.329437 0.235659 0.753335
95 -0.159434 0.340496 0.753335
95 0.185443 -0.2061 0.753335
95 0.469521 -0.156181 7.03652
95 -0.608487 -0.368151 7.03652
95 -0.810368 0.276351 0.753335
95 0.0245585 -0.533799 7.03652
95 -0.390852 0.512987 0.753335
95 -0.0391074 0.127369 7.03652
95 0.435166 0.394433 7.03652
95 0.372839 0.616205 7.03652
95 -0.109113 0.331956 7.03652
95 0.512282 -0.760339 0.753335
95 -0.0541361 0.714421 7.03652
95 -0.160834 -0.805197 7.03652
95 0.0105419 0.393295 0.753335
95 0.597214 -0.189712 7.03652
95 0.40849 -0.269642 0.753335
95 -0.992957 -0.0737972 7.03652
95 -0.840645 0.437218 0.753335
95 0.743857 0.473773 0.753335
95 0.0419226 0.355918 0.753335
95 0.88622 -0.327985 7.03652
95 -0.846279 -0.517785 0.753335
95 0.353895 0.0508318 0.753335
95 -0.429689 -0.438531 0.753335
95 0.290719 -0.593667 7.03652
95 0.255772 -0.0349757 0.753335
95 0.28005 0.211999 0.753335
95 0.357299 -0.328974 0.753335
95 0.168937 -0.659282 0.753335
95 0.248159 0.353828 7.03652
95 0.291674 -0.7062 0.753335
95 -0.406454 -0.884898 0.753335
95 -0.0214415 -0.957274 0.753335
95 -0.396454 -0.516512 7.03652
95 0.286086 -0.502081 0.753335
95 -0.834341 0.152702 0.753335
95 0.637188 0.774414 0.753335
95 0.561033 -0.838241 0.753335
95 -0.334968 0.310014 0.753335
95 0.232793 0.929098 7.03652
95 0.395403 0.0169906 7.03652
95 0.339216 -0.606481 7.03652
95 -0.31875 0.616442 0.753335
95 -0.59522 -0.644663 0.753335
95 0.107285 0.958063 0.753335
95 0.418954 0.718258 0.753335
95 0.0425055 0.689502 0.753335
95 0.205973 0.993544 0.753335
95 -0.11028 -0.785067 7.03652
95 -0.254765 -0.130851 0.753335
95 0.452563 0.552551 0.753335
95 -0.15036 -0.349898 0.753335
95 0.929398 -0.151102 0.753335
95 0.186937 0.383631 0.753335
95 0.319995 -0.202792 0.753335
95 0.0493767 0.477336 0.753335
95 0.483802 0.419205 0.753335
95 0.484285 0.879822 0.753335
95 -0.017946 0.667692 0.753335
95 -0.337911 0.257708 0.753335
95 -0.924204 -0.176823 0.753335
95 -0.286239 -0.0750821 7.03652
95 0.0868186 -0.227485 7.03652
95 -0.23633 -0.234565 7.03652
95 -0.114439 0.0899002 7.03652
95 -0.578002 -0.864169 7.03652
95 -0.518834 -0.428087 0.753335
95 -0.469039 -0.747686 7.03652
95 -0.176142 0.824642 0.753335
95 0.172853 0.0371067 0.753335
95 -0.972889 0.220971 0.753335
95 -0.782562 0.688152 7.03652
95 0.884833 -0.117956 0.753335
95 0.247222 -0.804325 0.753335
95 0.172379 0.0857017 0.753335
95 0.547225 -0.328452 0.753335
95 -0.217846 -0.669208 7.03652
95 -0.346493 0.397053 0.753335
95 -0.114466 -0.677696 0.753335
95 0.0823569 0.0889394 7.03652
95 -0.117878 -0.317266 0.753335
95 0.105624 -0.411935 0.753335
95 0.180502 0.185426 0.753335
95 -0.211324 -0.581976 0.753335
95 0.488615 0.0508413 7.03652
95 -0.238039 0.79142 7.03652
95 0.67975 -0.489998 0.753335
95 0.631599 0.0287118 0.753335
95 0.293781 -0.774329 0.753335
95 -0.644201 0.807008 7.03652
95 0.906561 0.417528 7.03652
95 0.00794671 -0.434832 7.03652
95 -0.0992439 0.281671 0.753335
95 0.565479 -0.153959 0.753335
95 0.143442 1.00683 0.753335
95 -1.03531 -0.163486 0.753335
95 -0.587819 -0.0175337 7.03652
95 -0.320343 -0.240565 7.03652
95 -0.135104 0.241393 0.753335
95 0.0918901 -0.754103 7.03652
95 -0.633581 -0.117101 7.03652
95 -0.0203435 -0.145495 0.753335
95 -0.192413 0.66675 0.753335
95 0.3467 0.500531 0.753335
95 -0.309374 0.353815 0.753335
95 0.314545 0.133646 0.753335
95 -0.292232 -0.476591 0.753335
95 -0.866059 0.376222 0.753335
95 -0.0866361 0.044321 7.03652
95 -0.698216 0.146391 0.753335
95 0.755027 -0.0549264 0.753335
