114.333 -0.900882 0.309598 0.753335
114.333 0.65582 -0.687061 0.753335
114.333 -0.447884 -0.595638 7.03652
114.333 -0.410692 0.823161 0.753335
114.333 -0.260488 -0.0358269 0.753335
114.333 -1.04718 -0.0442448 7.03652
114.333 -0.858801 -0.390011 0.753335
114.333 -0.42833 0.566511 0.753335
114.333 0.00823656 0.146288 0.753335
114.333 0.741855 -0.493166 0.753335
114.333 0.073978 0.391685 7.03652
114.333 -0.0228433 0.971625 0.753335
114.333 -0.436808 0.877848 7.03652
114.333 -0.335945 -0.065558 0.753335
114.333 -0.115637 0.456335 7.03652
114.333 0.421547 -0.170823 0.753335
114.333 0.458348 -0.316525 7.03652
114.333 -1.02631 -0.228504 7.03652
114.333 -0.972928 -0.129211 0.753335
114.333 -0.279822 0.938032 0.753335
114.333 0.094106 0.195071 7.03652
114.333 -0.834994 -0.151913 7.03652
114.333 -0.17072 0.16966 0.753335
114.333 -0.753036 0.285151 7.03652
114.333 0.948443 0.0910765 0.753335
114.333 0.431511 0.911153 0.753335
114.333 -0.19017 0.519884 7.03652
114.333 -0.868366 -0.190824 0.753335
114.333 -0.176553 0.215935 0.753335
114.333 -0.711993 0.660091 0.753335
114.333 0.0690618 -0.513059 0.753335
114.333 0.0523644 -0.189671 7.03652
114.333 -0.0934689 -0.00133758 7.03652
114.333 -0.141008 -0.00445259 7.03652
114.333 -0.382847 0.953216 0.753335
114.333 -0.57775 0.581777 0.753335
114.333 0.0615398 -0.32445 7.03652
114.333 -0.067047 0.0901613 7.03652
114.333 -0.60104 -0.76264 0.753335
114.333 0.754616 0.258428 0.753335
114.333 -0.351819 -0.914857 0.753335
114.333 0.158219 -0.955344 0.753335
114.333 -0.684887 0.482796 7.03652
114.333 0.215063 -0.341759 0.753335
114.333 0.633521 -0.62739 7.03652
114.333 -0.117644 0.916683 7.03652
114.333 0.666841 0.66543 0.753335
114.333 -0.0265655 -0.0705857 7.03652
114.333 0.735857 0.00066582 7.03652
114.333 0.147999 -0.740699 0.753335
114.333 0.607839 0.311234 0.753335
114.333 -0.609596 0.0757429 0.753335
114.333 -0.782538 -0.256202 7.03652
114.333 0.431039 -0.554241 7.03652
114.333 0.0677921 0.592642 0.753335
114.333 0.0944485 0.855301 0.753335
114.333 -0.50786 -0.317209 7.03652
114.333 0.528587 0.735623 0.753335
114.333 0.428179 -0.11879 0.753335
114.333 -0.61485 0.294828 0.753335
114.333 -0.346149 -0.656374 0.753335
114.333 -0.336253 0.510536 7.03652
114.333 -0.350953 0.839088 7.03652
114.333 0.671853 -0.748879 0.753335
114.333 -0.358638 0.199888 0.753335
114.333 -0.455395 -0.128907 7.03652
114.333 0.271826 -0.221397 7.03652
114.333 0.204539 -0.392915 0.753335
114.333 0.523916 -0.082901 0.753335
114.333 0.0714323 -0.140709 0.753335
114.333 0.318866 0.853767 0.753335
114.333 -0.300093 -0.972031 0.753335
114.333 -0.914466 0.242188 0.753335
114.333 -0.0290464 0.765985 7.03652
114.333 0.0879929 0.140769 0.753335
114.333 -0.249157 -0.618593 7.03652
114.333 0.54891 -0.271692 0.753335
114.333 0.409288 0.654096 0.753335
114.333 0.265053 0.976676 0.753335
114.333 -0.952518 0.286913 0.753335
114.333 -0.227353 0.844418 7.03652
114.333 0.469484 0.243915 7.03652
114.333 -0.0292868 -0.533346 0.753335
114.333 -0.565061 -0.452615 7.03652
114.333 0.311103 0.0836339 0.753335
114.333 -0.865342 -0.334585 0.753335
114.333 0.260922 0.015742 7.03652
114.333 -0.481422 0.562923 7.03652
114.333 0.796504 -0.219536 0.753335
114.333 -0.00688625 -0.894819 0.753335
114.333 0.332253 -0.455486 0.753335
114.333 -0.213976 -0.0495911 0.753335
114.333 -0.290605 0.697738 7.03652
114.333 0.39055 0.311304 0.753335
114.333 0.257078 -0.375969 0.753335
114.333 0.283116 -0.453314 0.753335
114.333 0.772921 -0.108069 7.03652
114.333 0.199067 -0.765862 7.03652
114.333 -0.752463 0.13391 0.753335
114.333 0.19358 -0.70894 0.753335
114.333 0.0425471 0.967133 7.03652
114.333 0.712201 -0.440661 0.753335
114.333 0.765549 -0.328165 0.753335
114.333 -0.439253 0.2212 0.753335
114.333 0.216228 -0.519843 0.753335
114.333 -0.289322 -0.420357 7.03652
114.333 -0.244032 0.0507615 7.03652
114.333 0.644419 -0.0301332 7.03652
114.333 0.228227 0.623423 0.753335
114.333 -0.439335 -0.0416323 0.753335
114.333 0.49166 -0.707743 0.753335
114.333 -0.275626 -0.265336 7.03652
114.333 0.000425825 0.716101 0.753335
114.333 -0.0180123 0.296926 0.753335
114.333 0.208188 -0.874413 0.753335
114.333 0.333375 0.448551 0.753335
114.333 -0.50466 0.660754 0.753335
114.333 0.757648 0.314674 0.753335
114.333 0.553181 -0.46742 7.03652
114.333 -0.563538 0.645931 0.753335
114.333 -0.0215915 -0.66852 0.753335
114.333 0.573525 -0.616265 0.753335
114.333 -0.163349 0.564005 0.753335
114.333 -0.0531573 0.26617 7.03652
114.333 -0.210205 -0.719526 7.03652
114.333 -0.759807 -0.305706 7.03652
114.333 -0.115143 -0.176145 0.753335
114.333 -0.490355 0.507052 7.03652
114.333 -0.542899 0.871097 7.03652
114.333 -0.190467 -0.100509 0.753335
114.333 0.596616 -0.672932 0.753335
114.333 -0.137148 -0.0936721 0.753335
114.333 -0.646813 0.167093 0.753335
114.333 -0.0133828 -1.0174 7.03652
114.333 -0.924655 -0.00974486 7.03652
114.333 0.150116 0.259246 7.03652
114.333 -0.089097 0.230317 0.753335
114.333 0.850138 0.251703 0.753335
114.333 0.726391 0.687995 0.753335
114.333 0.301242 0.311299 0.753335
114.333 0.168228 -0.352962 0.753335
114.333 -0.448886 -0.650675 7.03652
114.333 -0.432065 0.0919517 7.03652
114.333 -0.16036 -0.580961 7.03652
114.333 0.0737375 0.744888 0.753335
114.333 -0.614721 -0.423391 0.753335
114.333 0.845922 0.524049 0.753335
114.333 -0.996913 0.0377072 7.03652
114.333 -0.695897 0.774633 7.03652
114.333 0.513367 -0.18643 0.753335
114.333 0.680942 -0.130766 7.03652
114.333 -0.0864632 0.137889 0.753335
114.333 -0.46925 -0.0822577 0.753335
114.333 0.268772 0.582322 0.753335
114.333 0.552224 -0.215964 7.03652
114.333 -0.0170238 0.350618 0.753335
114.333 -0.102313 -0.128366 7.03652
114.333 0.375598 0.935045 7.03652
114.333 0.251311 0.300852 0.753335
114.333 -0.268894 0.586347 0.753335
114.333 -0.115834 -0.0471131 7.03652
114.333 -0.106299 -0.587839 0.753335
114.333 0.805128 -0.495821 7.03652
114.333 -0.737859 0.484559 0.753335
114.333 0.402474 -0.512057 7.03652
114.333 0.587812 -0.427907 0.753335
114.333 -0.0611336 0.320057 7.03652
114.333 0.119525 -0.645249 0.753335
114.333 -0.0487924 -0.113759 7.03652
114.333 0.541104 0.0101155 0.753335
114.333 0.698261 -0.044848 0.753335
114.333 0.240091 -0.68561 7.03652
114.333 0.214557 0.436631 0.753335
114.333 -0.928077 0.104256 0.753335
114.333 -0.546599 -0.158246 7.03652
114.333 -0.141383 0.864594 0.753335
114.333 0.0761697 -0.276729 0.753335
114.333 0.323791 -0.958004 0.753335
114.333 -0.978561 -0.187154 7.03652
114.333 -0.261565 -0.73302 0.753335
114.333 0.63098 0.429193 7.03652
114.333 -0.66631 -0.0717077 0.753335
114.333 0.00970971 0.201159 0.753335
114.333 -0.687918 0.539885 0.753335
114.333 -0.976339 0.376964 7.03652
114.333 -0.52017 0.811765 7.03652
114.333 -0.475328 0.0642806 7.03652
114.333 -0.827913 0.540179 7.03652
114.333 0.0780364 1.0164 7.03652
114.333 -0.631652 0.218916 0.753335
114.333 -0.556081 -0.79721 0.753335
114.333 0.682024 0.00897984 0.753335
114.333 -0.326243 -0.287815 0.753335
114.333 0.0247577 -0.0550595 0.753335
114.333 -0.578822 0.744728 0.753335
114.333 0.746132 0.0931544 0.753335
114.333 -0.486901 -0.0243051 7.03652
114.333 0.642592 -0.529289 0.753335
114.333 0.596892 -0.296994 0.753335
114.333 -0.515763 -0.115018 7.03652
114.333 -1.02936 0.198904 7.03652
114.333 0.909633 -0.204819 0.753335
114.333 0.344375 -0.37842 0.753335
114.333 -0.165829 -0.0550697 0.753335
114.333 -0.349138 -0.601775 7.03652
114.333 -0.00370028 0.453245 0.753335
114.333 0.450039 0.0865444 0.753335
114.333 0.431747 0.279665 0.753335
114.333 -0.4048 0.377976 0.753335
114.333 0.454575 -0.766859 0.753335
114.333 -0.239823 0.535255 0.753335
114.333 -0.161349 0.480411 0.753335
114.333 0.588328 0.465479 0.753335
114.333 -0.818632 0.219057 7.03652
114.333 0.0376767 -0.00359092 7.03652
114.333 0.537085 0.851096 7.03652
114.333 -0.294947 -0.161471 0.753335
114.333 -0.455587 0.171532 0.753335
114.333 0.0938067 0.497605 0.753335
114.333 -0.0339439 0.497209 0.753335
114.333 -0.543256 0.700436 0.753335
114.333 0.66 0.0693158 7.03652
114.333 0.855045 -0.16965 0.753335
114.333 -0.703262 -0.607579 7.03652
114.333 -0.488799 -0.467271 0.753335
114.333 0.150452 0.70394 0.753335
114.333 0.363833 0.153352 7.03652
114.333 0.55993 -0.37983 0.753335
114.333 0.697448 0.174346 0.753335
114.333 -0.186521 -0.630974 0.753335
114.333 -0.749473 0.537096 0.753335
114.333 0.0709111 -0.635924 0.753335
114.333 -0.45739 -0.253407 0.753335
114.333 -0.360051 -0.0138229 0.753335
114.333 -0.413058 -0.753225 0.753335
114.333 -0.888515 0.048861 0.753335
114.333 -0.598149 -0.526661 7.03652
114.333 -0.598371 -0.579264 7.03652
114.333 0.376574 0.756906 7.03652
114.333 -0.227259 0.231143 7.03652
114.333 0.112343 -0.316342 0.753335
114.333 -0.472397 0.616769 0.753335
114.333 -0.12839 1.01691 7.03652
114.333 0.650925 0.544674 0.753335
114.333 0.124797 0.398536 0.753335
114.333 -1.04403 -0.107352 0.753335
114.333 0.743729 -0.391983 0.753335
114.333 0.682882 0.453265 7.03652
114.333 -0.909497 -0.125879 0.753335
114.333 0.548267 -0.561867 0.753335
114.333 -0.293297 0.290872 7.03652
114.333 -0.810559 0.384174 0.753335
114.333 0.299108 -0.0680145 0.753335
114.333 -0.885317 -0.285451 7.03652
114.333 -0.460469 -0.302161 7.03652
114.333 0.475721 -0.101593 0.753335
114.333 0.227943 0.778768 0.753335
114.333 0.384813 0.256062 7.03652
114.333 0.875482 0.471723 0.753335
114.333 -0.347948 -0.147883 0.753335
114.333 0.607674 -0.571495 7.03652
114.333 0.412875 -0.806452 7.03652
114.333 -0.219027 0.181786 0.753335
114.333 -0.124014 0.379794 7.03652
114.333 0.00328101 0.815491 7.03652
114.333 0.13915 0.212824 0.753335
114.333 0.389527 -0.083146 0.753335
114.333 0.425955 -0.653696 7.03652
114.333 -0.16073 -0.184612 0.753335
114.333 -0.653359 0.115346 0.753335
114.333 -0.268942 -0.849049 7.03652
114.333 -0.363055 -0.724918 0.753335
114.333 0.175424 -0.256264 0.753335
114.333 -0.398444 -0.625253 7.03652
114.333 -0.586254 0.235216 0.753335
114.333 -0.332547 0.911524 7.03652
114.333 0.918585 0.152175 0.753335
114.333 0.176131 0.133358 7.03652
114.333 -0.174407 0.716375 7.03652
114.333 -0.347375 -0.549079 0.753335
114.333 -0.69834 -0.0250747 0.753335
114.333 -0.443309 0.417096 7.03652
114.333 -0.239237 0.682213 7.03652
114.333 0.413122 0.17132 0.753335
114.333 0.738587 -0.152172 7.03652
114.333 -0.719815 -0.16282 0.753335
114.333 0.657149 0.602085 0.753335
114.333 -0.0791686 0.183637 7.03652
114.333 0.390955 0.367685 0.753335
114.333 0.797084 0.110312 7.03652
114.333 0.168258 -0.606811 0.753335
114.333 -0.80365 -0.481647 0.753335
114.333 0.463338 0.188172 7.03652
114.333 -0.200363 -0.368289 0.753335
114.333 -0.987797 -0.345865 7.03652
114.333 -0.820584 -0.428732 7.03652
114.333 -0.635449 0.747146 0.753335
114.333 0.490207 -0.0463891 7.03652
114.333 0.583973 0.0415522 0.753335
114.333 -0.286295 0.484519 0.753335
114.333 -0.838486 -0.620293 0.753335
114.333 0.619519 0.370156 7.03652
114.333 0.0519197 0.268625 0.753335
114.333 0.499593 0.581435 0.753335
114.333 -0.266472 0.195153 0.753335
114.333 0.102342 0.349895 0.753335
114.333 -0.328362 0.0241389 7.03652
114.333 0.378119 -0.696503 7.03652
114.333 0.20829 -0.0499842 0.753335
114.333 0.552751 0.115891 0.753335
114.333 -0.416122 -0.223421 0.753335
114.333 -0.940513 -0.464673 7.03652
114.333 0.171966 0.783162 0.753335
114.333 0.640422 0.489234 0.753335
114.333 -0.37999 -0.41385 0.753335
114.333 0.335041 0.654322 0.753335
114.333 -0.381531 -0.189836 0.753335
114.333 -0.140705 0.667797 0.753335
114.333 -0.35638 -0.97315 0.753335
114.333 -0.796278 0.494523 7.03652
114.333 0.0987423 0.24917 0.753335
114.333 -0.534467 -0.0114343 0.753335
114.333 -0.242843 -0.178143 0.753335
114.333 0.0795945 0.644244 0.753335
114.333 -0.261618 0.327211 0.753335
114.333 -0.370519 -0.304896 0.753335
114.333 0.906001 -0.264645 7.03652
114.333 -0.923544 0.487221 0.753335
114.333 -0.594109 0.17829 7.03652
114.333 -0.298024 -0.527765 0.753335
114.333 -0.316736 -0.811896 0.753335
114.333 0.23038 0.198185 0.753335
114.333 0.717309 -0.70194 0.753335
114.333 -0.00760184 -0.487283 7.03652
114.333 -0.66783 -0.250161 0.753335
114.333 0.594983 0.524834 0.753335
114.333 -0.577091 0.79922 0.753335
114.333 0.800668 0.225071 0.753335
114.333 0.266602 0.115194 0.753335
114.333 0.0433225 0.113875 0.753335
114.333 -0.653723 0.26296 7.03652
114.333 -0.462624 0.0144333 7.03652
114.333 0.11012 -0.0842515 7.03652
114.333 0.243195 -0.135862 0.753335
114.333 -0.368227 0.616621 0.753335
114.333 -0.388202 0.239552 7.03652
114.333 -0.262898 -0.79017 0.753335
114.333 0.770925 -0.54722 0.753335
114.333 -0.20506 -0.478854 7.03652
114.333 0.0501429 0.169689 0.753335
114.333 -0.229547 -0.288162 7.03652
114.333 -0.662719 0.0647157 0.753335
114.333 0.219025 0.0999837 7.03652
114.333 0.456329 0.137314 0.753335
114.333 -0.33629 -0.444432 7.03652
114.333 0.209678 0.831669 7.03652
114.333 0.1508 0.354303 7.03652
114.333 0.0902842 0.440621 0.753335
114.333 -0.31101 -0.114388 7.03652
114.333 -0.783368 0.438826 0.753335
114.333 0.802444 0.167222 0.753335
114.333 -0.259409 0.996249 0.753335
114.333 -0.0554457 0.450365 0.753335
114.333 0.0369035 0.862584 0.753335
114.333 0.250813 0.726513 0.753335
114.333 0.173507 -0.497544 0.753335
114.333 0.35879 0.557494 0.753335
114.333 -0.753174 0.381175 0.753335
114.333 0.602689 -0.0645738 0.753335
114.333 0.43621 0.446437 7.03652
114.333 -0.886824 -0.0536585 0.753335
114.333 0.791166 -0.0119939 0.753335
114.333 -0.415039 0.32607 0.753335
114.333 -0.0564977 -0.577603 0.753335
114.333 0.0995772 -0.936274 7.03652
114.333 -0.147108 0.29279 7.03652
114.333 -0.538014 0.490363 0.753335
114.333 -0.281839 0.755012 7.03652
114.333 -0.706311 -0.367677 0.753335
114.333 0.475377 -0.411417 0.753335
114.333 -0.37623 0.563764 0.753335
114.333 0.247203 -0.742905 0.753335
114.333 -0.0345285 0.405458 7.03652
114.333 0.397958 -0.368646 0.753335
114.333 -0.650333 -0.294811 7.03652
114.333 -0.260875 0.441527 7.03652
114.333 -0.191372 -0.253895 0.753335
114.333 -0.585315 0.469208 0.753335
114.333 0.205137 0.281633 7.03652
114.333 -0.147456 -0.446545 0.753335
114.333 -0.769477 -0.410926 7.03652
114.333 -0.298778 -0.582017 0.753335
114.333 -0.0536568 0.920992 0.753335
114.333 -0.0541698 0.816854 7.03652
114.333 -0.503396 0.347757 7.03652
114.333 0.568135 0.680328 0.753335
114.333 -0.0808304 0.868984 7.03652
114.333 0.701435 0.508061 0.753335
114.333 -0.937075 -0.0736749 0.753335
114.333 -0.441835 0.514998 0.753335
114.333 0.458294 -0.263529 7.03652
114.333 -0.373976 -0.840488 7.03652
114.333 0.616755 -0.121041 0.753335
114.333 -0.764972 -0.712213 7.03652
114.333 0.0354169 -0.963728 7.03652
114.333 -0.641601 -0.611978 7.03652
114.333 0.656284 -0.083302 7.03652
114.333 -0.388325 0.425046 7.03652
114.333 -1.04731 0.0789875 0.753335
114.333 -0.08547 -0.535237 0.753335
114.333 -0.420748 0.618196 0.753335
114.333 0.536036 0.442728 0.753335
114.333 0.213294 -0.291844 0.753335
114.333 -0.728936 0.428559 0.753335
114.333 0.350678 -0.785326 0.753335
114.333 -0.595957 0.353148 7.03652
114.333 0.152791 0.840788 0.753335
114.333 -0.199612 0.310448 7.03652
114.333 -0.76414 0.2312 0.753335
114.333 0.0913462 -0.815224 0.753335
114.333 -0.748189 -0.0102652 0.753335
114.333 -0.896557 0.426264 0.753335
114.333 0.511982 0.685453 0.753335
114.333 -0.0104072 -0.0226951 0.753335
114.333 -0.465747 -0.920858 7.03652
114.333 -0.276041 0.24675 0.753335
114.333 0.0286956 0.635893 7.03652
114.333 -0.722442 -0.260121 7.03652
114.333 -0.238777 0.2818 0.753335
114.333 -0.337372 0.669299 7.03652
114.333 0.0460173 -0.909093 7.03652
114.333 0.124968 0.0626518 7.03652
114.333 -0.556622 -0.344479 7.03652
114.333 -0.968933 -0.403536 7.03652
114.333 0.822901 -0.333955 0.753335
114.333 0.0394976 0.429164 0.753335
114.333 0.301876 -0.351794 0.753335
114.333 0.504773 -0.243175 7.03652
114.333 -0.633189 0.450577 7.03652
114.333 -0.416771 -0.330277 0.753335
114.333 0.705187 0.289037 7.03652
114.333 -0.189149 0.0405536 7.03652
114.333 0.32247 0.184282 0.753335
114.333 -0.295752 0.867396 0.753335
114.333 -0.314309 -0.699419 0.753335
114.333 0.307174 -0.830983 0.753335
114.333 -0.941847 0.0459421 0.753335
114.333 0.963711 0.246978 7.03652
114.333 0.477814 0.81194 7.03652
114.333 0.12731 0.0155391 0.753335
114.333 0.910563 0.21098 0.753335
114.333 -0.482922 0.716524 7.03652
114.333 0.274397 -0.91649 7.03652
114.333 -0.962525 -0.244436 0.753335
114.333 0.29034 0.263107 0.753335
114.333 -0.374533 -0.359589 0.753335
114.333 -0.24356 0.894068 0.753335
114.333 0.275318 -0.644127 7.03652
114.333 0.498074 -0.815121 7.03652
114.333 0.150464 -0.168838 0.753335
114.333 0.0567238 0.535383 0.753335
114.333 -0.116113 -0.393866 0.753335
114.333 -0.0457287 0.0101678 7.03652
114.333 -0.86424 -0.00052256 0.753335
114.333 -0.585433 0.526231 7.03652
114.333 0.997295 0.0555602 7.03652
114.333 -0.458044 0.781488 7.03652
114.333 -0.265612 0.100194 0.753335
114.333 -0.185605 -0.00763985 0.753335
114.333 -0.923093 0.361248 0.753335
114.333 -0.239079 -0.339317 7.03652
114.333 -0.714385 -0.424107 0.753335
114.333 0.127124 -0.696675 7.03652
114.333 -0.53474 0.437773 7.03652
114.333 0.946477 -0.315493 7.03652
114.333 -0.283312 -0.367542 7.03652
114.333 0.072262 -0.0504828 7.03652
114.333 0.714649 -0.345682 0.753335
114.333 -0.553473 -0.291792 7.03652
114.333 -0.224519 0.407919 0.753335
114.333 0.596577 0.142818 0.753335
114.333 0.51506 -0.606896 0.753335
114.333 -0.111905 -0.729852 0.753335
114.333 -0.155613 -0.137859 0.753335
114.333 0.343686 0.394435 0.753335
114.333 0.856402 0.194064 0.753335
114.333 -0.324953 0.45141 0.753335
114.333 0.160312 0.56431 7.03652
114.333 -0.681328 0.712041 7.03652
114.333 -0.5534 0.135087 0.753335
114.333 -0.561217 -0.062547 0.753335
114.333 0.168568 -0.0163997 7.03652
114.333 0.682426 0.731014 0.753335
114.333 -0.786754 0.17345 0.753335
114.333 0.798517 -0.604114 0.753335
114.333 -0.953506 0.432593 7.03652
114.333 0.923525 -0.0265738 7.03652
114.333 -0.279614 0.0135511 0.753335
114.333 0.116719 0.297572 7.03652
114.333 -0.126176 0.190063 7.03652
114.333 0.0728182 0.311615 0.753335
114.333 0.835642 0.422724 7.03652
114.333 -0.392044 0.773562 0.753335
114.333 -0.217521 0.353966 0.753335
114.333 -0.63168 -0.209394 7.03652
114.333 0.113372 0.799808 0.753335
114.333 0.264434 0.0658624 0.753335
114.333 -0.638552 -0.0268989 0.753335
114.333 -0.493579 0.205412 7.03652
114.333 -0.719878 -0.555134 0.753335
114.333 -0.327173 -0.339246 0.753335
114.333 0.380626 -0.940385 0.753335
114.333 -0.660133 -0.560728 7.03652
114.333 -0.145658 -0.230675 0.753335
114.333 -0.759356 0.631721 7.03652
114.333 0.330079 -0.152091 0.753335
114.333 0.598714 -0.244621 0.753335
114.333 -0.135894 -0.631323 7.03652
114.333 -0.230417 0.00442284 0.753335
114.333 -0.586959 0.413499 7.03652
114.333 -0.332037 0.732015 0.753335
114.333 -0.0628773 -0.914917 0.753335
114.333 -0.740072 -0.652518 7.03652
114.333 -0.397898 -0.570537 7.03652
114.333 -0.767475 -0.527565 0.753335
114.333 0.155095 -0.900168 0.753335
114.333 -0.0330786 0.173873 0.753335
114.333 -0.862293 0.263281 7.03652
114.333 0.780833 0.423645 0.753335
114.333 -0.110753 0.817261 7.03652
114.333 -0.294388 0.0631609 0.753335
114.333 0.144548 0.5151 7.03652
114.333 0.0958233 -0.552789 0.753335
114.333 0.218016 0.0509611 7.03652
114.333 -0.789226 0.332095 7.03652
114.333 0.0566683 -0.421987 0.753335
114.333 -0.00875325 -0.777088 7.03652
114.333 0.372334 0.20473 0.753335
114.333 0.133239 0.6521 7.03652
114.333 0.169729 0.945577 0.753335
114.333 0.401273 0.0694441 0.753335
114.333 0.363838 -0.840217 0.753335
114.333 -0.160713 -0.495244 0.753335
114.333 -0.156171 0.95798 0.753335
114.333 -0.843037 -0.248484 0.753335
114.333 -0.321374 0.166456 0.753335
114.333 -0.383201 0.0948544 7.03652
114.333 0.988241 0.13069 0.753335
114.333 0.42888 0.781476 7.03652
114.333 -0.890559 0.143707 7.03652
114.333 -0.299935 0.409434 0.753335
114.333 0.50999 0.208221 0.753335
114.333 0.71061 0.0540892 7.03652
114.333 0.214409 0.000680977 0.753335
114.333 0.548976 0.559528 0.753335
114.333 0.421726 -0.414331 0.753335
114.333 -0.613692 0.622099 0.753335
114.333 0.14225 -0.454995 0.753335
114.333 -0.829037 0.0504117 0.753335
114.333 0.806971 0.479601 0.753335
114.333 -0.514345 0.0954509 0.753335
114.333 0.387812 -0.465312 0.753335
114.333 -0.661392 -0.400954 7.03652
114.333 0.242551 0.3969 7.03652
114.333 0.339811 -0.101152 0.753335
114.333 -0.228545 -0.888268 7.03652
114.333 0.520692 -0.511379 7.03652
114.333 -0.805439 0.105498 0.753335
114.333 -0.56839 0.281766 7.03652
114.333 -0.393546 0.666728 0.753335
114.333 -0.165827 -0.862177 7.03652
114.333 0.991582 -0.0658761 7.03652
114.333 0.650015 0.221498 7.03652
114.333 0.039202 -0.473309 0.753335
114.333 0.518835 -0.135215 0.753335
114.333 -0.118292 -0.902048 7.03652
114.333 -0.379911 0.290362 7.03652
114.333 0.163755 0.307569 0.753335
114.333 0.0281788 -0.379254 0.753335
114.333 -0.686289 0.303745 7.03652
114.333 -0.0457225 -0.205442 0.753335
114.333 0.653524 0.274636 0.753335
114.333 -0.267261 -0.677607 0.753335
114.333 -0.508371 0.154796 0.753335
114.333 -0.667405 -0.799332 0.753335
114.333 0.0439397 -0.850904 0.753335
114.333 0.615093 -0.47767 7.03652
114.333 0.237864 -0.594323 0.753335
114.333 -0.563923 -0.397425 7.03652
114.333 0.150551 -0.549378 0.753335
114.333 -0.0948984 -0.440955 0.753335
114.333 -0.231845 0.485322 0.753335
114.333 -0.602276 0.126839 0.753335
114.333 0.645818 0.118583 0.753335
114.333 -0.312464 -0.755239 7.03652
114.333 0.36823 -0.419164 7.03652
114.333 -0.473658 -0.208011 0.753335
114.333 -0.777155 -0.161255 0.753335
114.333 -0.458236 -0.858097 7.03652
114.333 0.695048 -0.640962 7.03652
114.333 -0.747622 -0.114863 7.03652
114.333 -0.0594851 0.639791 7.03652
114.333 0.759015 -0.654251 0.753335
114.333 0.708535 0.562094 0.753335
114.333 -0.191602 -1.00441 0.753335
114.333 -0.580658 -0.200195 7.03652
114.333 0.862716 0.372898 0.753335
114.333 -0.368963 -0.245527 0.753335
114.333 -0.0948873 -0.21778 0.753335
114.333 0.0222711 0.573582 0.753335
114.333 -0.610226 -0.072103 7.03652
114.333 0.0751942 -0.370097 0.753335
114.333 -0.777582 0.0355314 0.753335
114.333 -0.079117 -0.636895 0.753335
114.333 0.441075 -0.461471 0.753335
114.333 -0.559436 0.0814738 0.753335
114.333 0.133554 0.162554 0.753335
114.333 0.654758 -0.335916 7.03652
114.333 0.358273 0.102591 0.753335
114.333 0.125987 -0.268266 7.03652
114.333 0.409294 0.581724 0.753335
114.333 -0.553097 0.329697 7.03652
114.333 0.196651 -0.15247 0.753335
114.333 -0.151567 0.424999 0.753335
114.333 0.748801 0.201558 0.753335
114.333 0.444084 -0.0150632 7.03652
114.333 0.54468 0.499341 0.753335
114.333 -0.197248 -0.533978 0.753335
114.333 0.472955 0.743872 0.753335
114.333 -0.63604 0.507672 0.753335
114.333 -0.976657 0.154859 0.753335
114.333 0.128165 0.749624 7.03652
114.333 0.0349756 0.061919 7.03652
114.333 0.00414604 0.0275343 0.753335
114.333 -0.130725 0.520541 0.753335
114.333 0.0251749 -0.146546 0.753335
114.333 0.191148 0.232385 0.753335
114.333 0.238912 0.676284 7.03652
114.333 -0.0601003 -0.750161 0.753335
114.333 0.0105788 1.02217 7.03652
114.333 0.456311 -0.603305 7.03652
114.333 -0.494126 0.402481 7.03652
114.333 -0.28072 -0.314205 0.753335
114.333 0.259656 -0.544919 0.753335
114.333 -0.732663 0.189361 0.753335
114.333 0.381718 0.819488 0.753335
114.333 0.372034 -0.184449 0.753335
114.333 0.71775 -0.0957745 0.753335
114.333 -0.0679129 -0.163749 7.03652
114.333 0.626118 -0.390949 7.03652
114.333 0.670931 0.390064 7.03652
114.333 -0.512537 -0.373344 0.753335
114.333 0.0968198 -0.876413 7.03652
114.333 -0.808771 -0.00752853 0.753335
114.333 -0.757926 0.0813645 0.753335
114.333 0.157225 -0.406176 0.753335
114.333 0.646823 -0.278777 7.03652
114.333 0.122614 -0.505001 0.753335
114.333 -0.877409 -0.572391 0.753335
114.333 -0.326057 0.978325 7.03652
114.333 0.116002 -0.130447 0.753335
114.333 0.598741 0.199298 0.753335
114.333 -0.379958 0.716184 7.03652
114.333 -0.2891 0.814838 7.03652
114.333 0.444215 0.498121 7.03652
114.333 0.0534267 0.221722 0.753335
114.333 0.321009 0.596666 0.753335
114.333 -0.310091 -0.0262088 0.753335
114.333 -0.0373257 -0.344569 7.03652
114.333 0.379602 -0.134396 0.753335
114.333 0.196042 0.729418 7.03652
114.333 0.697938 -0.297101 7.03652
114.333 -0.0115361 -0.722116 7.03652
114.333 -0.410088 -0.00345058 7.03652
114.333 -0.808971 -0.205684 7.03652
114.333 -0.0868922 0.492832 7.03652
114.333 -0.454614 0.363668 0.753335
114.333 0.707276 -0.540902 0.753335
114.333 -0.692987 -0.207162 0.753335
114.333 0.223647 -0.24073 0.753335
114.333 0.0124304 0.511167 7.03652
114.333 0.0700608 0.911386 7.03652
114.333 0.309292 -0.301884 0.753335
114.333 -0.287988 0.534444 0.753335
114.333 0.646186 0.169728 0.753335
114.333 -0.497832 -0.630728 7.03652
114.333 0.540894 0.0662362 7.03652
114.333 0.669681 -0.583413 7.03652
114.333 -0.506494 -0.260966 0.753335
114.333 0.559476 0.290225 0.753335
114.333 -0.75022 -0.466043 7.03652
114.333 0.450292 0.616717 0.753335
114.333 0.897227 -0.437413 7.03652
114.333 0.810218 0.35268 0.753335
114.333 -0.447205 0.672466 7.03652
114.333 -0.193572 1.0086 0.753335
114.333 0.451333 -0.365454 0.753335
114.333 0.430425 0.84927 0.753335
114.333 -0.523029 -0.205866 0.753335
114.333 -0.518167 -0.840549 7.03652
114.333 0.504036 -0.360647 7.03652
114.333 -0.464938 -0.354735 7.03652
114.333 0.120067 0.601467 0.753335
114.333 -0.189669 -0.317144 0.753335
114.333 0.610854 0.641318 0.753335
114.333 -0.341458 0.0759541 0.753335
114.333 0.935918 -0.0845543 0.753335
114.333 0.530295 0.79112 7.03652
114.333 -0.788382 0.580771 0.753335
114.333 -0.422838 0.0452864 0.753335
114.333 -0.49543 -0.518957 0.753335
114.333 0.623686 0.704992 7.03652
114.333 -0.652146 0.662956 7.03652
114.333 0.040176 -0.737578 0.753335
114.333 -0.706616 0.0942406 7.03652
114.333 -0.366049 -0.783232 0.753335
114.333 -0.26408 0.37733 0.753335
114.333 -0.871398 -0.4625 7.03652
114.333 -0.418093 -0.0924275 7.03652
114.333 0.84027 0.0817774 7.03652
114.333 -0.387124 -0.466144 7.03652
114.333 -0.165008 -0.687601 0.753335
114.333 -0.565424 0.0324843 0.753335
114.333 0.205007 0.335729 0.753335
114.333 -0.387704 -0.0533683 0.753335
114.333 -0.229383 0.1358 0.753335
114.333 -0.114771 0.571863 7.03652
114.333 -0.755722 -0.357734 7.03652
114.333 -0.167516 0.615636 0.753335
114.333 0.287136 0.765148 0.753335
114.333 0.216925 -0.93161 0.753335
114.333 -0.38204 0.886323 7.03652
114.333 0.280999 -0.170206 7.03652
114.333 0.209122 -0.99469 0.753335
114.333 0.701508 0.232114 7.03652
114.333 0.850311 -0.280545 0.753335
114.333 0.369996 0.878311 7.03652
114.333 0.493738 0.00134503 0.753335
114.333 -0.928229 0.182234 0.753335
114.333 -0.548462 -0.605872 0.753335
114.333 -0.162837 -0.39954 0.753335
114.333 0.242772 -0.423996 7.03652
114.333 -0.801421 -0.106212 7.03652
114.333 -0.942038 -0.299798 7.03652
114.333 -0.322155 -0.869614 0.753335
114.333 -0.74947 -0.211675 0.753335
114.333 -0.187176 0.262927 0.753335
114.333 0.0218378 -0.626674 7.03652
114.333 -0.110498 -0.488217 7.03652
114.333 -0.817424 -0.301957 0.753335
114.333 -0.617525 -0.825712 7.03652
114.333 -0.514786 0.0359557 0.753335
114.333 -0.0897257 0.413483 0.753335
114.333 0.461688 -0.508354 0.753335
114.333 -0.617623 0.0253718 0.753335
114.333 0.163375 -0.305562 0.753335
114.333 0.303006 -0.0182892 7.03652
114.333 -0.708784 -0.499455 7.03652
114.333 0.708861 0.347989 0.753335
114.333 -0.634185 0.563798 7.03652
114.333 0.122406 -0.363161 0.753335
114.333 -0.569021 -0.713046 7.03652
114.333 0.322279 0.958865 0.753335
114.333 -0.543981 -0.496465 0.753335
114.333 0.17466 0.614716 7.03652
114.333 -0.403183 0.185465 0.753335
114.333 0.503443 -0.30037 7.03652
114.333 0.331495 0.796619 0.753335
114.333 -0.47095 -0.409988 7.03652
114.333 -0.0697727 -0.303738 0.753335
114.333 -0.821761 0.640709 0.753335
114.333 -0.465025 0.309774 7.03652
114.333 0.129526 0.112341 7.03652
114.333 0.406709 0.120479 0.753335
114.333 -0.658715 -0.164904 0.753335
114.333 -0.1556 -0.283898 0.753335
114.333 0.315389 -0.548753 0.753335
114.333 0.833695 -0.439776 0.753335
114.333 -0.656042 -0.345623 0.753335
114.333 0.290897 -0.118832 7.03652
114.333 -0.132567 -1.02006 0.753335
114.333 0.0956636 0.696267 0.753335
114.333 0.658541 0.329852 0.753335
114.333 0.251784 -0.0840804 0.753335
114.333 0.0837465 -0.00458908 0.753335
114.333 -0.635217 0.390645 0.753335
114.333 0.537258 -0.662064 0.753335
114.333 -0.53226 0.241183 0.753335
114.333 0.864259 0.315703 0.753335
114.333 -0.601495 -0.312672 7.03652
114.333 0.489102 -0.556372 7.03652
114.333 0.8152 -0.0618309 0.753335
114.333 0.695582 -0.241377 7.03652
114.333 -0.058993 1.02279 7.03652
114.333 -0.497895 0.905451 0.753335
114.333 -0.545209 0.383414 0.753335
114.333 0.601527 -0.346165 0.753335
114.333 0.69376 -0.18531 0.753335
114.333 -0.0702795 -1.02249 7.03652
114.333 0.503205 0.633958 7.03652
114.333 -0.23734 -0.0908353 0.753335
114.333 0.43627 -0.708555 0.753335
114.333 0.827506 -0.116145 0.753335
114.333 -0.136004 0.0415273 7.03652
114.333 -0.861816 0.0967398 0.753335
114.333 0.922217 0.359297 0.753335
114.333 -0.446841 -0.541746 0.753335
114.333 0.2696 0.447358 7.03652
114.333 0.770923 0.046423 7.03652
114.333 0.00233404 -0.576866 0.753335
114.333 0.759741 0.372231 0.753335
114.333 0.205699 -0.0998338 7.03652
114.333 0.0755522 0.0406072 0.753335
114.333 -0.182045 0.124613 0.753335
114.333 -0.27638 0.148742 0.753335
114.333 0.868257 -0.494544 7.03652
114.333 -0.21078 -0.773973 7.03652
114.333 0.045665 -1.02552 7.03652
114.333 -0.497739 -0.573998 0.753335
114.333 0.601542 0.582264 0.753335
114.333 0.132569 0.462657 0.753335
114.333 -0.252307 -1.00306 7.03652
114.333 0.0233387 0.312099 7.03652
114.333 -0.482591 -0.798221 0.753335
114.333 0.56513 -0.780276 7.03652
114.333 0.579014 0.408065 0.753335
114.333 -0.200518 -0.203062 7.03652
114.333 0.199627 0.525274 7.03652
114.333 0.313435 -0.252198 0.753335
114.333 -0.376061 0.0387313 7.03652
114.333 0.146517 -1.01388 7.03652
114.333 0.34427 0.285182 0.753335
114.333 0.399468 0.524433 7.03652
114.333 0.298949 0.360187 7.03652
114.333 -0.366128 -0.102045 0.753335
114.333 0.963621 -0.251866 0.753335
114.333 -0.0616586 -0.0388586 0.753335
114.333 0.856709 0.139743 0.753335
114.333 -0.0592436 -0.860739 0.753335
114.333 -0.112016 -0.842589 0.753335
114.333 0.16451 0.424001 0.753335
114.333 -0.184447 0.897127 0.753335
114.333 0.161063 -0.0677694 0.753335
114.333 0.495758 -0.462504 0.753335
114.333 0.762018 0.583217 7.03652
114.333 0.458072 0.679031 0.753335
114.333 -0.598932 0.851769 7.03652
114.333 0.182383 0.47699 0.753335
114.333 0.773026 0.641047 0.753335
114.333 -0.721264 0.58766 0.753335
114.333 0.507092 0.153 0.753335
114.333 -0.557242 -0.2435 7.03652
114.333 -0.655075 -0.510681 7.03652
114.333 -0.774366 -0.0570415 0.753335
114.333 -0.514257 0.292343 0.753335
114.333 -0.514926 -0.065698 7.03652
114.333 0.267189 -0.979284 7.03652
114.333 0.236633 0.48543 0.753335
114.333 0.444311 0.0350465 0.753335
114.333 0.74451 -0.268853 7.03652
114.333 0.223369 0.149276 7.03652
114.333 0.10239 -0.181775 7.03652
114.333 0.308037 0.541439 0.753335
114.333 0.368325 -0.555108 0.753335
114.333 0.0299263 -0.680307 0.753335
114.333 -0.178898 0.386752 0.753335
114.333 0.359035 -0.281794 7.03652
114.333 0.25249 0.87414 0.753335
114.333 0.35013 -0.000569098 0.753335
114.333 0.216029 -0.638393 0.753335
114.333 -0.710072 0.252931 7.03652
114.333 -0.0827976 0.763468 0.753335
114.333 0.476594 0.304117 0.753335
114.333 0.394683 -0.884598 0.753335
114.333 -0.0225569 0.551141 0.753335
114.333 -0.248758 -0.451304 7.03652
114.333 0.395618 -0.0326947 0.753335
114.333 0.480379 0.362648 0.753335
114.333 -0.668697 -0.658631 0.753335
114.333 0.36473 -0.233165 7.03652
114.333 -0.470915 0.122119 7.03652
114.333 0.0118019 -0.333923 0.753335
114.333 0.270889 0.820325 7.03652
114.333 -0.0417118 -0.443036 0.753335
114.333 -0.410222 -0.276349 7.03652
114.333 -0.691517 0.37068 0.753335
114.333 -0.280715 -0.209905 7.03652
114.333 0.193921 -0.447875 0.753335
114.333 0.396339 -0.750408 0.753335
114.333 -0.213977 -0.83038 0.753335
114.333 -0.81069 -0.565237 0.753335
114.333 -0.543412 -0.664744 7.03652
114.333 -0.139048 0.772257 7.03652
114.333 0.498672 0.525112 7.03652
114.333 0.301997 -0.406833 0.753335
114.333 -0.717227 -0.759439 0.753335
114.333 -0.431389 0.731105 7.03652
114.333 -0.684061 0.207875 0.753335
114.333 -0.604313 0.690487 7.03652
114.333 0.646844 -0.22112 0.753335
114.333 0.55577 0.619539 0.753335
114.333 -0.326391 0.565745 0.753335
114.333 -0.428996 0.272572 7.03652
114.333 0.439207 -0.0654538 0.753335
114.333 0.0267438 -0.284513 7.03652
114.333 0.131135 0.89967 0.753335
114.333 0.990117 -0.00865364 0.753335
114.333 0.263596 -0.272196 7.03652
114.333 0.506596 -0.875103 0.753335
114.333 0.721063 0.414102 7.03652
114.333 0.528468 0.386572 0.753335
114.333 0.697371 0.117265 7.03652
114.333 -0.670722 0.0159102 7.03652
114.333 -0.808825 -0.35994 7.03652
114.333 0.160176 -0.115706 7.03652
114.333 0.526757 -0.416836 7.03652
114.333 0.55416 -0.717169 0.753335
114.333 0.0933996 -0.995426 7.03652
114.333 -0.767092 -0.600239 0.753335
114.333 0.448304 -0.848046 0.753335
114.333 -0.331974 -0.391075 7.03652
114.333 0.236796 -0.477517 7.03652
114.333 -0.0584854 -0.254685 0.753335
114.333 -0.0215895 -0.294023 0.753335
114.333 0.188628 0.667699 0.753335
114.333 0.794501 -0.165023 7.03652
114.333 -0.412905 -0.946907 0.753335
114.333 -0.435571 -0.175541 0.753335
114.333 0.38547 0.422188 7.03652
114.333 -0.0598941 -0.488944 0.753335
114.333 -0.0877962 -0.352958 7.03652
114.333 -0.858039 0.593611 0.753335
114.333 -0.277117 0.643721 0.753335
114.333 0.0263994 0.761691 7.03652
114.333 -0.24693 -0.507724 7.03652
114.333 0.055883 -0.58241 0.753335
114.333 -0.119157 0.721689 0.753335
114.333 -0.801701 -0.662907 7.03652
114.333 0.329105 0.729461 7.03652
114.333 -0.0334811 0.0569048 0.753335
114.333 -0.861598 -0.10578 0.753335
114.333 -0.739429 0.728341 7.03652
114.333 -0.370186 0.469264 0.753335
114.333 0.773765 -0.44316 0.753335
114.333 0.480609 -0.654135 0.753335
114.333 0.856172 -0.014603 0.753335
114.333 0.521811 0.328311 0.753335
114.333 -0.57091 -0.112587 7.03652
114.333 0.372416 -0.644065 0.753335
114.333 -0.602831 -0.15567 0.753335
114.333 -1.01652 0.262573 0.753335
114.333 0.347393 0.339999 7.03652
114.333 -0.145697 -0.960627 0.753335
114.333 0.241719 0.247565 0.753335
114.333 -0.392215 -0.68044 0.753335
114.333 -0.5469 -0.549594 0.753335
114.333 0.300389 0.907608 7.03652
114.333 0.60225 0.0874445 0.753335
114.333 0.885074 0.0335611 0.753335
114.333 -0.198907 0.44882 7.03652
114.333 -0.231054 0.731559 0.753335
114.333 0.00237689 -0.195217 0.753335
114.333 -1.03846 0.139507 7.03652
114.333 -0.0222152 0.86822 7.03652
114.333 -0.241628 -0.396942 0.753335
114.333 -0.704006 -0.310579 7.03652
114.333 -0.99594 0.32234 7.03652
114.333 -0.400257 -0.140675 0.753335
114.333 0.711813 0.624707 0.753335
114.333 -0.439463 -0.702688 7.03652
114.333 -0.869757 0.20124 0.753335
114.333 -0.0147077 0.608896 0.753335
114.333 -0.200911 -0.429223 0.753335
114.333 -0.0840373 -0.0826484 7.03652
114.333 0.569262 -0.102067 7.03652
114.333 0.798638 -0.385749 7.03652
114.333 0.328378 -0.89215 7.03652
114.333 0.940222 0.0285241 0.753335
114.333 0.294445 0.690289 0.753335
114.333 -0.922071 -0.354475 0.753335
114.333 -0.107986 -0.26536 7.03652
114.333 -0.0641105 0.589019 0.753335
114.333 0.500331 0.103035 0.753335
114.333 0.583792 0.747212 0.753335
114.333 0.733928 -0.59578 7.03652
114.333 0.808051 0.290594 7.03652
114.333 -0.160818 -0.746238 0.753335
114.333 0.602496 0.254874 7.03652
114.333 0.589549 0.81296 7.03652
114.333 0.435163 0.337306 0.753335
114.333 -0.33808 0.786269 0.753335
114.333 -0.0866186 -0.966028 7.03652
114.333 0.894882 0.0939688 0.753335
114.333 -0.678651 0.42419 0.753335
114.333 0.552714 0.17332 0.753335
114.333 -0.0679685 0.368137 0.753335
114.333 0.860079 -0.384914 0.753335
114.333 0.681635 -0.389586 0.753335
114.333 -0.908662 -0.414108 0.753335
114.333 0.0906117 -0.462917 0.753335
114.333 -0.212306 0.577203 0.753335
114.333 -0.426936 0.466275 7.03652
114.333 0.923944 -0.378522 7.03652
114.333 0.295731 0.489243 0.753335
114.333 -0.424129 -0.809874 0.753335
114.333 -0.440752 0.936104 7.03652
114.333 0.399527 -0.598121 0.753335
114.333 0.464721 -0.208753 0.753335
114.333 0.554901 0.231698 7.03652
114.333 -0.283181 -0.915889 0.753335
114.333 -0.669225 -0.456234 0.753335
114.333 -0.0311711 -0.619582 0.753335
114.333 -1.05037 0.0142142 0.753335
114.333 -0.0364617 0.222236 7.03652
114.333 -0.0102369 -0.244232 0.753335
114.333 0.295287 0.408688 0.753335
114.333 0.233124 -0.188271 0.753335
114.333 0.74806 0.147847 0.753335
114.333 0.580488 -0.518047 0.753335
114.333 -0.607687 -0.257277 0.753335
114.333 0.947423 0.308747 0.753335
114.333 -0.0646709 -0.694778 0.753335
114.333 0.259712 -0.321454 0.753335
114.333 0.422991 0.222834 7.03652
114.333 -0.546749 0.191482 0.753335
114.333 -0.0731796 0.538714 0.753335
114.333 0.196344 -0.820232 0.753335
114.333 -0.671424 0.606686 7.03652
114.333 -0.612244 -0.476547 7.03652
114.333 0.116249 -0.59591 7.03652
114.333 -0.985589 0.0978201 0.753335
114.333 0.987128 -0.128555 0.753335
114.333 -0.83106 -0.0563325 0.753335
114.333 0.408198 -0.31952 7.03652
114.333 -0.0892245 0.67813 0.753335
114.333 -0.478683 0.255081 0.753335
114.333 -0.689242 -0.119454 0.753335
114.333 0.972131 0.187722 0.753335
114.333 0.042958 -0.792218 0.753335
114.333 -0.71896 0.038043 7.03652
114.333 0.851626 -0.223625 0.753335
114.333 -0.475123 0.839604 7.03652
114.333 0.138116 -0.219453 0.753335
114.333 0.448201 -0.910645 0.753335
114.333 -0.161738 0.0823051 0.753335
114.333 0.336352 -0.729693 0.753335
114.333 -0.00240758 0.0924463 0.753335
114.333 -0.205691 -0.146844 7.03652
114.333 0.3453 -0.504551 0.753335
114.333 -0.312525 0.216039 0.753335
114.333 -0.00715648 -0.834082 0.753335
114.333 -0.215793 0.949678 0.753335
114.333 -0.894035 0.542067 0.753335
114.333 -0.621556 -0.6925 0.753335
114.333 -0.517442 0.756954 7.03652
114.333 0.652401 -0.439316 0.753335
114.333 -0.520603 -0.899035 7.03652
114.333 0.371011 0.693281 0.753335
114.333 0.875413 -0.0645616 7.03652
114.333 0.00881885 0.917796 0.753335
114.333 -0.0898678 0.970108 0.753335
114.333 -0.653779 -0.739507 7.03652
114.333 -0.298791 -0.63429 0.753335
114.333 -0.253247 -0.55844 7.03652
114.333 0.490485 0.471213 0.753335
114.333 -0.729521 0.332592 0.753335
114.333 -0.493032 -0.160206 0.753335
114.333 -0.0592487 -0.805659 0.753335
114.333 0.975943 -0.192456 7.03652
114.333 0.190242 0.887437 0.753335
114.333 -0.49767 -0.693243 7.03652
114.333 0.387922 0.471821 0.753335
114.333 0.255956 0.531358 0.753335
114.333 0.307595 0.0325655 7.03652
114.333 0.323634 -0.663792 0.753335
114.333 -0.527017 -0.747752 0.753335
114.333 0.272128 0.16442 7.03652
114.333 -0.190455 0.769223 0.753335
114.333 -0.136753 -0.538895 0.753335
114.333 0.197293 -0.565189 0.753335
114.333 -0.132675 0.136942 0.753335
114.333 0.0381904 -0.236331 0.753335
114.333 -0.178553 -0.917608 0.753335
114.333 0.822855 0.0326083 7.03652
114.333 0.768909 0.525294 0.753335
114.333 0.145331 -0.8457 0.753335
114.333 -0.646634 0.336626 7.03652
114.333 0.818183 0.576063 7.03652
114.333 -0.860944 0.487807 7.03652
114.333 0.140861 -0.791148 0.753335
114.333 0.641548 -0.164894 7.03652
114.333 0.415924 -0.221266 0.753335
114.333 -0.906282 -0.233961 0.753335
114.333 -0.702229 -0.701375 0.753335
114.333 -0.441721 -0.489243 7.03652
114.333 -0.228091 -0.949203 0.753335
114.333 0.26212 -0.86149 0.753335
114.333 -0.226522 0.624453 0.753335
114.333 0.0776506 -0.6956 7.03652
114.333 -0.481846 0.456205 7.03652
114.333 -0.317732 0.116197 7.03652
114.333 0.612145 -0.733402 0.753335
114.333 -0.364789 0.348642 0.753335
114.333 -0.333707 -0.195396 7.03652
114.333 -0.343385 -0.496751 0.753335
114.333 0.0601913 0.806085 0.753335
114.333 -0.0181655 -0.389554 0.753335
114.333 0.549083 -0.0405977 7.03652
114.333 0.00737766 -0.102916 0.753335
114.333 0.28163 0.635833 7.03652
114.333 -0.113517 0.622217 7.03652
114.333 0.105534 0.551206 0.753335
114.333 0.347294 -0.0507501 0.753335
114.333 0.744567 -0.209188 0.753335
114.333 0.795664 -0.276278 7.03652
114.333 0.835429 -0.551004 7.03652
114.333 0.12303 -0.0365343 0.753335
114.333 -0.844979 0.32321 7.03652
114.333 -0.364377 0.142058 7.03652
114.333 -0.0652304 -0.397649 0.753335
114.333 -0.533049 0.546985 0.753335
114.333 -0.415177 0.138607 7.03652
114.333 -0.981815 -0.0181881 7.03652
114.333 0.59294 -0.0122788 7.03652
114.333 -0.213985 0.0858861 7.03652
114.333 0.902791 0.27219 0.753335
114.333 0.513973 0.267141 0.753335
114.333 -0.526177 0.604152 7.03652
114.333 0.215174 0.573057 0.753335
114.333 -0.42212 -0.384654 0.753335
114.333 -0.721928 -0.0705489 0.753335
114.333 0.0580327 -0.0961758 7.03652
114.333 -1.00815 -0.288995 7.03652
114.333 0.621786 -0.796078 7.03652
114.333 -0.909162 -0.517079 7.03652
114.333 0.00519506 0.252407 0.753335
114.333 0.569382 0.350141 0.753335
114.333 0.332135 0.235177 0.753335
114.333 -0.159679 0.341216 0.753335
114.333 0.186304 -0.20527 0.753335
114.333 0.469594 -0.155365 7.03652
114.333 -0.608702 -0.367536 7.03652
114.333 -0.807922 0.275657 0.753335
114.333 0.0252692 -0.532672 7.03652
114.333 -0.390375 0.515303 0.753335
114.333 -0.0375307 0.126175 7.03652
114.333 0.435141 0.393847 7.03652
114.333 0.371965 0.616772 7.03652
114.333 -0.10911 0.332447 7.03652
114.333 0.511274 -0.760152 0.753335
114.333 -0.0538992 0.713835 7.03652
114.333 -0.160881 -0.804388 7.03652
114.333 0.0101513 0.392145 0.753335
114.333 0.598107 -0.189836 7.03652
114.333 0.409189 -0.270616 0.753335
114.333 -0.993419 -0.0746208 7.03652
114.333 -0.839217 0.436286 0.753335
114.333 0.744278 0.471249 0.753335
114.333 0.0422951 0.355709 0.753335
114.333 0.886203 -0.328798 7.03652
114.333 -0.846239 -0.517811 0.753335
114.333 0.354082 0.051123 0.753335
114.333 -0.431314 -0.439149 0.753335
114.333 0.289549 -0.594863 7.03652
114.333 0.255495 -0.0344112 0.753335
114.333 0.280988 0.21326 0.753335
114.333 0.356199 -0.330118 0.753335
114.333 0.17051 -0.661439 0.753335
114.333 0.250917 0.350317 7.03652
114.333 0.289862 -0.706176 0.753335
114.333 -0.406541 -0.885127 0.753335
114.333 -0.0220244 -0.957196 0.753335
114.333 -0.395138 -0.517821 7.03652
114.333 0.288448 -0.50259 0.753335
114.333 -0.834507 0.153039 0.753335
114.333 0.638915 0.773516 0.753335
114.333 0.561018 -0.838671 0.753335
114.333 -0.334854 0.310381 0.753335
114.333 0.233082 0.929293 7.03652
114.333 0.396947 0.0176904 7.03652
114.333 0.338604 -0.603913 7.03652
114.333 -0.317479 0.616332 0.753335
114.333 -0.594561 -0.64315 0.753335
114.333 0.106953 0.957804 0.753335
114.333 0.420555 0.719241 0.753335
114.333 0.0433507 0.689924 0.753335
114.333 0.205196 0.993668 0.753335
114.333 -0.110349 -0.784688 7.03652
114.333 -0.257283 -0.13051 0.753335
114.333 0.452035 0.553149 0.753335
114.333 -0.149772 -0.349929 0.753335
114.333 0.929831 -0.150968 0.753335
114.333 0.19182 0.383355 0.753335
114.333 0.321402 -0.202368 0.753335
114.333 0.0479092 0.477546 0.753335
114.333 0.483932 0.418065 0.753335
114.333 0.485057 0.87997 0.753335
114.333 -0.0159323 0.667296 0.753335
114.333 -0.337937 0.257144 0.753335
114.333 -0.922821 -0.177216 0.753335
114.333 -0.28474 -0.0767567 7.03652
114.333 0.0882231 -0.229358 7.03652
114.333 -0.237361 -0.234762 7.03652
114.333 -0.115046 0.0905542 7.03652
114.333 -0.57654 -0.864994 7.03652
114.333 -0.519286 -0.428786 0.753335
114.333 -0.470429 -0.74728 7.03652
114.333 -0.176429 0.823889 0.753335
114.333 0.172299 0.0346551 0.753335
114.333 -0.972267 0.221968 0.753335
114.333 -0.780843 0.688597 7.03652
114.333 0.884205 -0.119843 0.753335
114.333 0.249372 -0.804471 0.753335
114.333 0.172109 0.0834609 0.753335
114.333 0.54674 -0.327968 0.753335
114.333 -0.218731 -0.667331 7.03652
114.333 -0.347117 0.396979 0.753335
114.333 -0.114693 -0.677721 0.753335
114.333 0.0833052 0.0890687 7.03652
114.333 -0.118854 -0.31535 0.753335
114.333 0.106825 -0.413366 0.753335
114.333 0.181095 0.183278 0.753335
114.333 -0.2111 -0.583793 0.753335
114.333 0.492704 0.0510245 7.03652
114.333 -0.239008 0.79189 7.03652
114.333 0.679962 -0.488927 0.753335
114.333 0.632247 0.0270225 0.753335
114.333 0.294937 -0.771459 0.753335
114.333 -0.644184 0.808251 7.03652
114.333 0.905685 0.418915 7.03652
114.333 0.00701851 -0.433388 7.03652
114.333 -0.099571 0.282034 0.753335
114.333 0.565618 -0.154488 0.753335
114.333 0.14272 1.00687 0.753335
114.333 -1.03503 -0.164686 0.753335
114.333 -0.586617 -0.0177199 7.03652
114.333 -0.320706 -0.240742 7.03652
114.333 -0.135693 0.242318 0.753335
114.333 0.0919581 -0.754078 7.03652
114.333 -0.633277 -0.116568 7.03652
114.333 -0.021437 -0.151509 0.753335
114.333 -0.191408 0.665089 0.753335
114.333 0.34648 0.501545 0.753335
114.333 -0.309952 0.354115 0.753335
114.333 0.314872 0.133977 0.753335
114.333 -0.292983 -0.476085 0.753335
114.333 -0.867003 0.375265 0.753335
114.333 -0.086581 0.0454908 7.03652
114.333 -0.698159 0.148297 0.753335
114.333 0.754952 -0.0541073 0.753335
