55.6667 -0.906208 0.310669 0.753335
55.6667 0.658552 -0.677351 0.753335
55.6667 -0.448734 -0.59 7.03652
55.6667 -0.408193 0.822749 0.753335
55.6667 -0.261977 -0.0325883 0.753335
55.6667 -1.04386 -0.0413988 7.03652
55.6667 -0.862753 -0.387736 0.753335
55.6667 -0.426213 0.566332 0.753335
55.6667 0.00667569 0.145244 0.753335
55.6667 0.738822 -0.499543 0.753335
55.6667 0.0732127 0.394087 7.03652
55.6667 -0.0237614 0.975425 0.753335
55.6667 -0.43394 0.879682 7.03652
55.6667 -0.338393 -0.0662863 0.753335
55.6667 -0.115757 0.458466 7.03652
55.6667 0.418619 -0.170081 0.753335
55.6667 0.458968 -0.318327 7.03652
55.6667 -1.02761 -0.22661 7.03652
55.6667 -0.982683 -0.128825 0.753335
55.6667 -0.284276 0.934852 0.753335
55.6667 0.0894787 0.196946 7.03652
55.6667 -0.837928 -0.160778 7.03652
55.6667 -0.172587 0.170147 0.753335
55.6667 -0.760773 0.27997 7.03652
55.6667 0.958541 0.0919962 0.753335
55.6667 0.430667 0.91257 0.753335
55.6667 -0.190822 0.522662 7.03652
55.6667 -0.879445 -0.19113 0.753335
55.6667 -0.173525 0.21589 0.753335
55.6667 -0.700348 0.65258 0.753335
55.6667 0.0625368 -0.526041 0.753335
55.6667 0.046903 -0.183961 7.03652
55.6667 -0.0907204 -0.00773289 7.03652
55.6667 -0.137437 -0.00380715 7.03652
55.6667 -0.391641 0.947719 0.753335
55.6667 -0.571206 0.588278 0.753335
55.6667 0.0706987 -0.314914 7.03652
55.6667 -0.0660363 0.0924688 7.03652
55.6667 -0.595419 -0.756749 0.753335
55.6667 0.753497 0.256166 0.753335
55.6667 -0.352812 -0.915335 0.753335
55.6667 0.16311 -0.954644 0.753335
55.6667 -0.696763 0.482469 7.03652
55.6667 0.21733 -0.349143 0.753335
55.6667 0.61746 -0.626384 7.03652
55.6667 -0.116706 0.921527 7.03652
55.6667 0.669702 0.660893 0.753335
55.6667 -0.024234 -0.0790919 7.03652
55.6667 0.731118 -0.00380041 7.03652
55.6667 0.14734 -0.733143 0.753335
55.6667 0.602645 0.306279 0.753335
55.6667 -0.613008 0.0751288 0.753335
55.6667 -0.779929 -0.263771 7.03652
55.6667 0.42588 -0.554919 7.03652
55.6667 0.0684222 0.588883 0.753335
55.6667 0.0994935 0.860433 0.753335
55.6667 -0.508125 -0.319374 7.03652
55.6667 0.528111 0.744208 0.753335
55.6667 0.427957 -0.119065 0.753335
55.6667 -0.625018 0.286004 0.753335
55.6667 -0.344012 -0.65621 0.753335
55.6667 -0.338202 0.508625 7.03652
55.6667 -0.342233 0.838824 7.03652
55.6667 0.671735 -0.746778 0.753335
55.6667 -0.359584 0.205525 0.753335
55.6667 -0.451218 -0.12634 7.03652
55.6667 0.26775 -0.225465 7.03652
55.6667 0.204232 -0.400266 0.753335
55.6667 0.519977 -0.0840899 0.753335
55.6667 0.0746706 -0.141499 0.753335
55.6667 0.321691 0.859184 0.753335
55.6667 -0.306177 -0.972022 0.753335
55.6667 -0.910157 0.243632 0.753335
55.6667 -0.0281766 0.769712 7.03652
55.6667 0.0806435 0.132537 0.753335
55.6667 -0.248447 -0.618804 7.03652
55.6667 0.546666 -0.27053 0.753335
55.6667 0.410777 0.655172 0.753335
55.6667 0.266777 0.968797 0.753335
55.6667 -0.954655 0.279545 0.753335
55.6667 -0.227724 0.845812 7.03652
55.6667 0.467753 0.236027 7.03652
55.6667 -0.0337929 -0.533305 0.753335
55.6667 -0.563111 -0.450583 7.03652
55.6667 0.316695 0.0872811 0.753335
55.6667 -0.865485 -0.333707 0.753335
55.6667 0.261705 0.0128274 7.03652
55.6667 -0.480007 0.558369 7.03652
55.6667 0.788893 -0.216004 0.753335
55.6667 -0.00585766 -0.894236 0.753335
55.6667 0.328706 -0.458889 0.753335
55.6667 -0.214801 -0.0480863 0.753335
55.6667 -0.296437 0.694079 7.03652
55.6667 0.390329 0.315542 0.753335
55.6667 0.262481 -0.374927 0.753335
55.6667 0.28173 -0.454068 0.753335
55.6667 0.772677 -0.110077 7.03652
55.6667 0.19658 -0.7567 7.03652
55.6667 -0.755164 0.129716 0.753335
55.6667 0.195605 -0.700426 0.753335
55.6667 0.0414305 0.968357 7.03652
55.6667 0.705312 -0.444983 0.753335
55.6667 0.768483 -0.324914 0.753335
55.6667 -0.43798 0.219785 0.753335
55.6667 0.210757 -0.513308 0.753335
55.6667 -0.285786 -0.423536 7.03652
55.6667 -0.244679 0.0499072 7.03652
55.6667 0.648701 -0.0286162 7.03652
55.6667 0.228488 0.628125 0.753335
55.6667 -0.436309 -0.0419069 0.753335
55.6667 0.488938 -0.707073 0.753335
55.6667 -0.275155 -0.26819 7.03652
55.6667 -0.000323412 0.719404 0.753335
55.6667 -0.0148099 0.30141 0.753335
55.6667 0.211356 -0.864348 0.753335
55.6667 0.330548 0.445452 0.753335
55.6667 -0.505867 0.65811 0.753335
55.6667 0.75236 0.312189 0.753335
55.6667 0.554132 -0.465399 7.03652
55.6667 -0.564435 0.648017 0.753335
55.6667 -0.0216878 -0.669651 0.753335
55.6667 0.563815 -0.606519 0.753335
55.6667 -0.162035 0.565834 0.753335
55.6667 -0.05244 0.271878 7.03652
55.6667 -0.207782 -0.72403 7.03652
55.6667 -0.754657 -0.314408 7.03652
55.6667 -0.109257 -0.178706 0.753335
55.6667 -0.495993 0.50423 7.03652
55.6667 -0.543476 0.862596 7.03652
55.6667 -0.195497 -0.100649 0.753335
55.6667 0.601144 -0.679427 0.753335
55.6667 -0.142003 -0.0958744 0.753335
55.6667 -0.653919 0.168752 0.753335
55.6667 -0.0149184 -1.01605 7.03652
55.6667 -0.919808 -0.0119884 7.03652
55.6667 0.151867 0.251186 7.03652
55.6667 -0.0845075 0.230669 0.753335
55.6667 0.853775 0.25385 0.753335
55.6667 0.718396 0.693813 0.753335
55.6667 0.319295 0.308494 0.753335
55.6667 0.169256 -0.359339 0.753335
55.6667 -0.446868 -0.65013 7.03652
55.6667 -0.433436 0.0968917 7.03652
55.6667 -0.161852 -0.584595 7.03652
55.6667 0.0700994 0.739916 0.753335
55.6667 -0.614617 -0.424291 0.753335
55.6667 0.852637 0.517175 0.753335
55.6667 -0.999077 0.0373302 7.03652
55.6667 -0.707067 0.768567 7.03652
55.6667 0.513239 -0.187783 0.753335
55.6667 0.675397 -0.131561 7.03652
55.6667 -0.090989 0.13781 0.753335
55.6667 -0.467815 -0.0802438 0.753335
55.6667 0.268034 0.578631 0.753335
55.6667 0.551577 -0.219136 7.03652
55.6667 -0.0155941 0.352706 0.753335
55.6667 -0.104255 -0.132223 7.03652
55.6667 0.373475 0.930962 7.03652
55.6667 0.256398 0.31162 0.753335
55.6667 -0.270958 0.587014 0.753335
55.6667 -0.119029 -0.0489504 7.03652
55.6667 -0.107896 -0.59055 0.753335
55.6667 0.809855 -0.495677 7.03652
55.6667 -0.750863 0.476868 0.753335
55.6667 0.397649 -0.514731 7.03652
55.6667 0.591395 -0.431018 0.753335
55.6667 -0.0599491 0.322906 7.03652
55.6667 0.114271 -0.63851 0.753335
55.6667 -0.0556032 -0.115274 7.03652
55.6667 0.549449 0.00681004 0.753335
55.6667 0.700432 -0.0502046 0.753335
55.6667 0.24907 -0.682578 7.03652
55.6667 0.210063 0.441389 0.753335
55.6667 -0.92687 0.104641 0.753335
55.6667 -0.545336 -0.153314 7.03652
55.6667 -0.133285 0.867185 0.753335
55.6667 0.0708816 -0.266937 0.753335
55.6667 0.314577 -0.960922 0.753335
55.6667 -0.978935 -0.19246 7.03652
55.6667 -0.25959 -0.731237 0.753335
55.6667 0.631409 0.427624 7.03652
55.6667 -0.670167 -0.0756307 0.753335
55.6667 0.00919118 0.199244 0.753335
55.6667 -0.673898 0.540285 0.753335
55.6667 -0.977817 0.376476 7.03652
55.6667 -0.502543 0.801031 7.03652
55.6667 -0.473148 0.0636424 7.03652
55.6667 -0.830721 0.548129 7.03652
55.6667 0.0803276 1.01648 7.03652
55.6667 -0.636318 0.216833 0.753335
55.6667 -0.550747 -0.795826 0.753335
55.6667 0.679591 0.0112084 0.753335
55.6667 -0.330014 -0.2876 0.753335
55.6667 0.0297735 -0.0466688 0.753335
55.6667 -0.587218 0.754791 0.753335
55.6667 0.751444 0.0944353 0.753335
55.6667 -0.485572 -0.0266526 7.03652
55.6667 0.646913 -0.534836 0.753335
55.6667 0.594036 -0.28825 0.753335
55.6667 -0.511375 -0.113853 7.03652
55.6667 -1.03064 0.197285 7.03652
55.6667 0.90744 -0.20195 0.753335
55.6667 0.356486 -0.375855 0.753335
55.6667 -0.168106 -0.056069 0.753335
55.6667 -0.354666 -0.602366 7.03652
55.6667 -0.00382418 0.45078 0.753335
55.6667 0.444445 0.0886895 0.753335
55.6667 0.444382 0.2832 0.753335
55.6667 -0.404342 0.369207 0.753335
55.6667 0.45803 -0.763164 0.753335
55.6667 -0.240865 0.539402 0.753335
55.6667 -0.163712 0.481014 0.753335
55.6667 0.589473 0.464998 0.753335
55.6667 -0.810391 0.223827 7.03652
55.6667 0.0355539 0.0014807 7.03652
55.6667 0.532772 0.855654 7.03652
55.6667 -0.289032 -0.160881 0.753335
55.6667 -0.456019 0.171872 0.753335
55.6667 0.0941057 0.499479 0.753335
55.6667 -0.0340713 0.49424 0.753335
55.6667 -0.540081 0.700376 0.753335
55.6667 0.665545 0.0702445 7.03652
55.6667 0.858257 -0.165799 0.753335
55.6667 -0.704544 -0.605936 7.03652
55.6667 -0.492849 -0.472008 0.753335
55.6667 0.148311 0.705229 0.753335
55.6667 0.359402 0.147793 7.03652
55.6667 0.564967 -0.381162 0.753335
55.6667 0.696636 0.171559 0.753335
55.6667 -0.193654 -0.629582 0.753335
55.6667 -0.730777 0.534587 0.753335
55.6667 0.068024 -0.639694 0.753335
55.6667 -0.453072 -0.250601 0.753335
55.6667 -0.364372 -0.00995403 0.753335
55.6667 -0.407908 -0.750285 0.753335
55.6667 -0.889887 0.0504148 0.753335
55.6667 -0.605325 -0.534031 7.03652
55.6667 -0.597215 -0.588173 7.03652
55.6667 0.367116 0.754048 7.03652
55.6667 -0.224395 0.227016 7.03652
55.6667 0.120389 -0.308657 0.753335
55.6667 -0.468334 0.612943 0.753335
55.6667 -0.134758 1.01525 7.03652
55.6667 0.658699 0.546192 0.753335
55.6667 0.125866 0.394248 0.753335
55.6667 -1.0446 -0.101556 0.753335
55.6667 0.744073 -0.407472 0.753335
55.6667 0.680054 0.455343 7.03652
55.6667 -0.897996 -0.127364 0.753335
55.6667 0.545071 -0.552069 0.753335
55.6667 -0.289819 0.29703 7.03652
55.6667 -0.810238 0.386831 0.753335
55.6667 0.299448 -0.0744456 0.753335
55.6667 -0.869278 -0.281636 7.03652
55.6667 -0.463908 -0.298582 7.03652
55.6667 0.474995 -0.104424 0.753335
55.6667 0.229042 0.778069 0.753335
55.6667 0.399815 0.265106 7.03652
55.6667 0.870876 0.461395 0.753335
55.6667 -0.341389 -0.147246 0.753335
55.6667 0.602577 -0.565293 7.03652
55.6667 0.422082 -0.808532 7.03652
55.6667 -0.220912 0.177584 0.753335
55.6667 -0.12513 0.378066 7.03652
55.6667 0.00604922 0.817046 7.03652
55.6667 0.138662 0.205935 0.753335
55.6667 0.39501 -0.0808957 0.753335
55.6667 0.436156 -0.652633 7.03652
55.6667 -0.155801 -0.186965 0.753335
55.6667 -0.647504 0.115303 0.753335
55.6667 -0.269455 -0.851824 7.03652
55.6667 -0.358255 -0.722762 0.753335
55.6667 0.170273 -0.262487 0.753335
55.6667 -0.40101 -0.62375 7.03652
55.6667 -0.590771 0.238184 0.753335
55.6667 -0.336587 0.910942 7.03652
55.6667 0.920063 0.157888 0.753335
55.6667 0.168207 0.143923 7.03652
55.6667 -0.170545 0.713853 7.03652
55.6667 -0.35276 -0.547239 0.753335
55.6667 -0.703211 -0.0316554 0.753335
55.6667 -0.443315 0.412693 7.03652
55.6667 -0.244288 0.683002 7.03652
55.6667 0.39746 0.176803 0.753335
55.6667 0.744409 -0.158447 7.03652
55.6667 -0.722859 -0.170044 0.753335
55.6667 0.660665 0.599552 0.753335
55.6667 -0.0804187 0.183784 7.03652
55.6667 0.39325 0.370054 0.753335
55.6667 0.802397 0.108628 7.03652
55.6667 0.177485 -0.604527 0.753335
55.6667 -0.806932 -0.481262 0.753335
55.6667 0.452037 0.181475 7.03652
55.6667 -0.203617 -0.367245 0.753335
55.6667 -0.98677 -0.337639 7.03652
55.6667 -0.82717 -0.427957 7.03652
55.6667 -0.641562 0.754089 0.753335
55.6667 0.496863 -0.041768 7.03652
55.6667 0.580344 0.050623 0.753335
55.6667 -0.284729 0.485699 0.753335
55.6667 -0.839918 -0.621132 0.753335
55.6667 0.620774 0.368328 7.03652
55.6667 0.0559391 0.267511 0.753335
55.6667 0.497989 0.58539 0.753335
55.6667 -0.265976 0.200282 0.753335
55.6667 0.0965687 0.351187 0.753335
55.6667 -0.329964 0.0261578 7.03652
55.6667 0.369033 -0.705972 7.03652
55.6667 0.20822 -0.0436026 0.753335
55.6667 0.554967 0.108353 0.753335
55.6667 -0.41309 -0.21876 0.753335
55.6667 -0.943814 -0.461231 7.03652
55.6667 0.17087 0.778937 0.753335
55.6667 0.638535 0.491525 0.753335
55.6667 -0.374683 -0.409189 0.753335
55.6667 0.335059 0.649212 0.753335
55.6667 -0.376394 -0.187613 0.753335
55.6667 -0.139659 0.665516 0.753335
55.6667 -0.363969 -0.97136 0.753335
55.6667 -0.787968 0.514239 7.03652
55.6667 0.101291 0.247385 0.753335
55.6667 -0.534386 -0.0121139 0.753335
55.6667 -0.240027 -0.179457 0.753335
55.6667 0.0745299 0.639967 0.753335
55.6667 -0.255454 0.327808 0.753335
55.6667 -0.373648 -0.305032 0.753335
55.6667 0.903741 -0.259692 7.03652
55.6667 -0.918818 0.487719 0.753335
55.6667 -0.600117 0.179554 7.03652
55.6667 -0.295704 -0.527141 0.753335
55.6667 -0.317038 -0.814163 0.753335
55.6667 0.23195 0.197083 0.753335
55.6667 0.71356 -0.702487 0.753335
55.6667 -0.00519531 -0.48659 7.03652
55.6667 -0.663255 -0.250522 0.753335
55.6667 0.597103 0.527117 0.753335
55.6667 -0.565515 0.805481 0.753335
55.6667 0.804686 0.224349 0.753335
55.6667 0.2683 0.108854 0.753335
55.6667 0.0389284 0.108165 0.753335
55.6667 -0.664745 0.258765 7.03652
55.6667 -0.463322 0.0139132 7.03652
55.6667 0.119193 -0.0786388 7.03652
55.6667 0.238209 -0.13686 0.753335
55.6667 -0.371591 0.610638 0.753335
55.6667 -0.388667 0.245246 7.03652
55.6667 -0.264032 -0.792377 0.753335
55.6667 0.772586 -0.545587 0.753335
55.6667 -0.199429 -0.477836 7.03652
55.6667 0.049522 0.166989 0.753335
55.6667 -0.229598 -0.288213 7.03652
55.6667 -0.663891 0.0607697 0.753335
55.6667 0.222293 0.101711 7.03652
55.6667 0.461864 0.136567 0.753335
55.6667 -0.33395 -0.444945 7.03652
55.6667 0.208028 0.828533 7.03652
55.6667 0.1451 0.343625 7.03652
55.6667 0.0966127 0.440073 0.753335
55.6667 -0.303922 -0.114383 7.03652
55.6667 -0.791627 0.4422 0.753335
55.6667 0.804616 0.165 0.753335
55.6667 -0.270694 0.994906 0.753335
55.6667 -0.0570729 0.448857 0.753335
55.6667 0.0426366 0.861744 0.753335
55.6667 0.255074 0.729185 0.753335
55.6667 0.162578 -0.497889 0.753335
55.6667 0.362228 0.558418 0.753335
55.6667 -0.753098 0.379731 0.753335
55.6667 0.605126 -0.0618613 0.753335
55.6667 0.434919 0.445961 7.03652
55.6667 -0.892842 -0.059245 0.753335
55.6667 0.785421 -0.00999722 0.753335
55.6667 -0.423149 0.32097 0.753335
55.6667 -0.057484 -0.578306 0.753335
55.6667 0.10391 -0.938959 7.03652
55.6667 -0.147627 0.29053 7.03652
55.6667 -0.545188 0.488894 0.753335
55.6667 -0.275089 0.751925 7.03652
55.6667 -0.705018 -0.364671 0.753335
55.6667 0.472757 -0.414773 0.753335
55.6667 -0.376255 0.555979 0.753335
55.6667 0.245693 -0.737624 0.753335
55.6667 -0.0362069 0.403998 7.03652
55.6667 0.407901 -0.368698 0.753335
55.6667 -0.644951 -0.294488 7.03652
55.6667 -0.26002 0.441277 7.03652
55.6667 -0.189866 -0.254653 0.753335
55.6667 -0.594204 0.47536 0.753335
55.6667 0.217391 0.284581 7.03652
55.6667 -0.146824 -0.444971 0.753335
55.6667 -0.773701 -0.418432 7.03652
55.6667 -0.307711 -0.578999 0.753335
55.6667 -0.0528675 0.925967 0.753335
55.6667 -0.0533001 0.820788 7.03652
55.6667 -0.503026 0.350079 7.03652
55.6667 0.570106 0.678303 0.753335
55.6667 -0.0745304 0.873873 7.03652
55.6667 0.700106 0.508368 0.753335
55.6667 -0.938333 -0.0876435 0.753335
55.6667 -0.444656 0.514164 0.753335
55.6667 0.457438 -0.26525 7.03652
55.6667 -0.375067 -0.838674 7.03652
55.6667 0.614579 -0.11777 0.753335
55.6667 -0.766314 -0.710341 7.03652
55.6667 0.0390991 -0.964514 7.03652
55.6667 -0.644099 -0.611171 7.03652
55.6667 0.657245 -0.0824976 7.03652
55.6667 -0.392034 0.418528 7.03652
55.6667 -1.04767 0.0806601 0.753335
55.6667 -0.0875635 -0.535876 0.753335
55.6667 -0.419386 0.621456 0.753335
55.6667 0.536593 0.445793 0.753335
55.6667 0.215985 -0.29748 0.753335
55.6667 -0.731421 0.424432 0.753335
55.6667 0.361235 -0.791369 0.753335
55.6667 -0.58559 0.353049 7.03652
55.6667 0.151507 0.838543 0.753335
55.6667 -0.202636 0.307698 7.03652
55.6667 -0.753729 0.225744 0.753335
55.6667 0.0934163 -0.819474 0.753335
55.6667 -0.749197 -0.00761459 0.753335
55.6667 -0.900148 0.428504 0.753335
55.6667 0.51707 0.691397 0.753335
55.6667 -0.012684 -0.0285042 0.753335
55.6667 -0.471138 -0.915699 7.03652
55.6667 -0.280375 0.250242 0.753335
55.6667 0.0232833 0.637898 7.03652
55.6667 -0.720156 -0.262797 7.03652
55.6667 -0.238871 0.274944 0.753335
55.6667 -0.344524 0.666745 7.03652
55.6667 0.0478371 -0.910787 7.03652
55.6667 0.132482 0.0655199 7.03652
55.6667 -0.554361 -0.345103 7.03652
55.6667 -0.973445 -0.396787 7.03652
55.6667 0.82368 -0.332105 0.753335
55.6667 0.0429933 0.432042 0.753335
55.6667 0.309508 -0.354781 0.753335
55.6667 0.501877 -0.242731 7.03652
55.6667 -0.630623 0.437614 7.03652
55.6667 -0.422087 -0.326039 0.753335
55.6667 0.700844 0.282689 7.03652
55.6667 -0.187882 0.0403784 7.03652
55.6667 0.329041 0.186087 0.753335
55.6667 -0.28955 0.870556 0.753335
55.6667 -0.310289 -0.69859 0.753335
55.6667 0.313735 -0.825596 0.753335
55.6667 -0.942752 0.0453175 0.753335
55.6667 0.958204 0.248997 7.03652
55.6667 0.474934 0.804279 7.03652
55.6667 0.124423 0.0224732 0.753335
55.6667 0.906939 0.219379 0.753335
55.6667 -0.481673 0.723292 7.03652
55.6667 0.272331 -0.90949 7.03652
55.6667 -0.961082 -0.248184 0.753335
55.6667 0.285595 0.273424 0.753335
55.6667 -0.379292 -0.357787 0.753335
55.6667 -0.235708 0.899687 0.753335
55.6667 0.28311 -0.641473 7.03652
55.6667 0.497537 -0.814693 7.03652
55.6667 0.151331 -0.167711 0.753335
55.6667 0.052042 0.535999 0.753335
55.6667 -0.117622 -0.393205 0.753335
55.6667 -0.0468324 0.00587941 7.03652
55.6667 -0.864355 6.17963e-06 0.753335
55.6667 -0.588521 0.528856 7.03652
55.6667 0.99955 0.048648 7.03652
55.6667 -0.449086 0.779943 7.03652
55.6667 -0.267875 0.0990218 0.753335
55.6667 -0.182357 -0.00780345 0.753335
55.6667 -0.92402 0.362758 0.753335
55.6667 -0.242117 -0.336926 7.03652
55.6667 -0.715431 -0.423853 0.753335
55.6667 0.125528 -0.6898 7.03652
55.6667 -0.5294 0.441336 7.03652
55.6667 0.944759 -0.315494 7.03652
55.6667 -0.283445 -0.367434 7.03652
55.6667 0.0771426 -0.0494381 7.03652
55.6667 0.727309 -0.35692 0.753335
55.6667 -0.550354 -0.289792 7.03652
55.6667 -0.222237 0.407968 0.753335
55.6667 0.594406 0.141774 0.753335
55.6667 0.508898 -0.602276 0.753335
55.6667 -0.113642 -0.728801 0.753335
55.6667 -0.155125 -0.140023 0.753335
55.6667 0.334661 0.395678 0.753335
55.6667 0.857331 0.192772 0.753335
55.6667 -0.321708 0.452764 0.753335
55.6667 0.161817 0.567431 7.03652
55.6667 -0.677892 0.711126 7.03652
55.6667 -0.547136 0.129359 0.753335
55.6667 -0.564226 -0.0577716 0.753335
55.6667 0.167838 -0.00562733 7.03652
55.6667 0.676835 0.736273 0.753335
55.6667 -0.786988 0.174347 0.753335
55.6667 0.803206 -0.602149 0.753335
55.6667 -0.955623 0.434679 7.03652
55.6667 0.923816 -0.0233376 7.03652
55.6667 -0.280081 0.0130776 0.753335
55.6667 0.12218 0.294814 7.03652
55.6667 -0.126454 0.188333 7.03652
55.6667 0.0781562 0.309093 0.753335
55.6667 0.820689 0.410267 7.03652
55.6667 -0.38625 0.774133 0.753335
55.6667 -0.213407 0.355245 0.753335
55.6667 -0.627106 -0.209933 7.03652
55.6667 0.114944 0.798189 0.753335
55.6667 0.276038 0.0602855 0.753335
55.6667 -0.640738 -0.0318037 0.753335
55.6667 -0.49623 0.207213 7.03652
55.6667 -0.720694 -0.551762 0.753335
55.6667 -0.331803 -0.341012 0.753335
55.6667 0.3702 -0.945553 0.753335
55.6667 -0.662337 -0.559545 7.03652
55.6667 -0.143759 -0.232977 0.753335
55.6667 -0.755093 0.639292 7.03652
55.6667 0.325113 -0.156115 0.753335
55.6667 0.607251 -0.240143 0.753335
55.6667 -0.141775 -0.634291 7.03652
55.6667 -0.228047 0.00480338 0.753335
55.6667 -0.580001 0.419812 7.03652
55.6667 -0.326826 0.73488 0.753335
55.6667 -0.0608674 -0.917478 0.753335
55.6667 -0.737466 -0.653263 7.03652
55.6667 -0.402232 -0.56682 7.03652
55.6667 -0.770077 -0.528588 0.753335
55.6667 0.158332 -0.898759 0.753335
55.6667 -0.0343285 0.180403 0.753335
55.6667 -0.861448 0.266484 7.03652
55.6667 0.76888 0.428123 0.753335
55.6667 -0.110176 0.819508 7.03652
55.6667 -0.295352 0.061786 0.753335
55.6667 0.148777 0.520371 7.03652
55.6667 0.0992948 -0.556389 0.753335
55.6667 0.226306 0.0549266 7.03652
55.6667 -0.790331 0.334444 7.03652
55.6667 0.0571653 -0.416031 0.753335
55.6667 -0.00808079 -0.778725 7.03652
55.6667 0.366583 0.219686 0.753335
55.6667 0.129406 0.651974 7.03652
55.6667 0.173299 0.949652 0.753335
55.6667 0.399778 0.0689299 0.753335
55.6667 0.370565 -0.845799 0.753335
55.6667 -0.154368 -0.494906 0.753335
55.6667 -0.163131 0.954096 0.753335
55.6667 -0.840358 -0.239238 0.753335
55.6667 -0.323585 0.168339 0.753335
55.6667 -0.383838 0.0975213 7.03652
55.6667 0.987947 0.136778 0.753335
55.6667 0.424291 0.774 7.03652
55.6667 -0.89245 0.148782 7.03652
55.6667 -0.299394 0.408678 0.753335
55.6667 0.50231 0.198323 0.753335
55.6667 0.715857 0.0517225 7.03652
55.6667 0.214032 0.00582736 0.753335
55.6667 0.549519 0.562113 0.753335
55.6667 0.418017 -0.417168 0.753335
55.6667 -0.615113 0.623095 0.753335
55.6667 0.13458 -0.45441 0.753335
55.6667 -0.832965 0.0529971 0.753335
55.6667 0.810272 0.47241 0.753335
55.6667 -0.516498 0.086988 0.753335
55.6667 0.385197 -0.467291 0.753335
55.6667 -0.662114 -0.399357 7.03652
55.6667 0.229281 0.400867 7.03652
55.6667 0.337447 -0.107615 0.753335
55.6667 -0.228726 -0.891151 7.03652
55.6667 0.518679 -0.506849 7.03652
55.6667 -0.806524 0.106049 0.753335
55.6667 -0.577321 0.289747 7.03652
55.6667 -0.399146 0.670072 0.753335
55.6667 -0.163154 -0.863853 7.03652
55.6667 0.992667 -0.0746465 7.03652
55.6667 0.650857 0.221476 7.03652
55.6667 0.0446456 -0.479496 0.753335
55.6667 0.517866 -0.137316 0.753335
55.6667 -0.116324 -0.903618 7.03652
55.6667 -0.380801 0.296817 7.03652
55.6667 0.170773 0.296714 0.753335
55.6667 0.0255432 -0.377249 0.753335
55.6667 -0.680539 0.318892 7.03652
55.6667 -0.0451707 -0.209195 0.753335
55.6667 0.647942 0.27142 0.753335
55.6667 -0.266628 -0.67314 0.753335
55.6667 -0.506194 0.15775 0.753335
55.6667 -0.667153 -0.805692 0.753335
55.6667 0.0446563 -0.853149 0.753335
55.6667 0.625538 -0.478429 7.03652
55.6667 0.243997 -0.599913 0.753335
55.6667 -0.563074 -0.397264 7.03652
55.6667 0.153165 -0.546312 0.753335
55.6667 -0.0940964 -0.439676 0.753335
55.6667 -0.232494 0.488897 0.753335
55.6667 -0.59816 0.129787 0.753335
55.6667 0.650262 0.122545 0.753335
55.6667 -0.308857 -0.755631 7.03652
55.6667 0.364117 -0.421508 7.03652
55.6667 -0.47464 -0.208326 0.753335
55.6667 -0.783491 -0.159957 0.753335
55.6667 -0.455258 -0.855612 7.03652
55.6667 0.696688 -0.634573 7.03652
55.6667 -0.747101 -0.122361 7.03652
55.6667 -0.0655652 0.63914 7.03652
55.6667 0.757905 -0.659046 0.753335
55.6667 0.725364 0.557531 0.753335
55.6667 -0.194487 -1.00645 0.753335
55.6667 -0.578845 -0.196599 7.03652
55.6667 0.863739 0.378372 0.753335
55.6667 -0.366791 -0.24275 0.753335
55.6667 -0.0932956 -0.221213 0.753335
55.6667 0.0210641 0.579863 0.753335
55.6667 -0.611684 -0.0752475 7.03652
55.6667 0.0720595 -0.36204 0.753335
55.6667 -0.78324 0.0367008 0.753335
55.6667 -0.0811076 -0.636737 0.753335
55.6667 0.438215 -0.463898 0.753335
55.6667 -0.564835 0.0802934 0.753335
55.6667 0.12104 0.160681 0.753335
55.6667 0.655296 -0.335496 7.03652
55.6667 0.363953 0.100465 0.753335
55.6667 0.119888 -0.262714 7.03652
55.6667 0.413601 0.580306 0.753335
55.6667 -0.541944 0.322894 7.03652
55.6667 0.196043 -0.155832 0.753335
55.6667 -0.152458 0.427433 0.753335
55.6667 0.752928 0.200389 0.753335
55.6667 0.451782 -0.014652 7.03652
55.6667 0.547545 0.501289 0.753335
55.6667 -0.193429 -0.53146 0.753335
55.6667 0.471257 0.739461 0.753335
55.6667 -0.644571 0.494622 0.753335
55.6667 -0.97155 0.153489 0.753335
55.6667 0.122367 0.747385 7.03652
55.6667 0.0278518 0.0616211 7.03652
55.6667 -0.00215202 0.0256919 0.753335
55.6667 -0.131928 0.519331 0.753335
55.6667 0.0273442 -0.138407 0.753335
55.6667 0.197772 0.23841 0.753335
55.6667 0.235696 0.680972 7.03652
55.6667 -0.0609485 -0.751249 0.753335
55.6667 0.0116337 1.02333 7.03652
55.6667 0.452168 -0.602096 7.03652
55.6667 -0.493973 0.403573 7.03652
55.6667 -0.286516 -0.315308 0.753335
55.6667 0.25385 -0.547819 0.753335
55.6667 -0.730141 0.177697 0.753335
55.6667 0.383171 0.813534 0.753335
55.6667 0.368703 -0.181212 0.753335
55.6667 0.717946 -0.104895 0.753335
55.6667 -0.0609303 -0.165799 7.03652
55.6667 0.623054 -0.385306 7.03652
55.6667 0.670889 0.386436 7.03652
55.6667 -0.510243 -0.377506 0.753335
55.6667 0.0987268 -0.880012 7.03652
55.6667 -0.809251 -0.00847374 0.753335
55.6667 -0.757175 0.0782147 0.753335
55.6667 0.153849 -0.407222 0.753335
55.6667 0.648066 -0.2809 7.03652
55.6667 0.110084 -0.503962 0.753335
55.6667 -0.878393 -0.571354 0.753335
55.6667 -0.336032 0.974928 7.03652
55.6667 0.1193 -0.125867 0.753335
55.6667 0.596951 0.200424 0.753335
55.6667 -0.374568 0.717542 7.03652
55.6667 -0.283277 0.814649 7.03652
55.6667 0.443275 0.496751 7.03652
55.6667 0.0494785 0.221612 0.753335
55.6667 0.321983 0.593576 0.753335
55.6667 -0.31539 -0.0237091 0.753335
55.6667 -0.031392 -0.348048 7.03652
55.6667 0.378699 -0.131466 0.753335
55.6667 0.196546 0.729524 7.03652
55.6667 0.701297 -0.309061 7.03652
55.6667 -0.0123757 -0.72367 7.03652
55.6667 -0.41276 -2.40486e-06 7.03652
55.6667 -0.801393 -0.209017 7.03652
55.6667 -0.0868994 0.494974 7.03652
55.6667 -0.455163 0.360224 0.753335
55.6667 0.706622 -0.554244 0.753335
55.6667 -0.690291 -0.209791 0.753335
55.6667 0.21881 -0.247239 0.753335
55.6667 0.0121004 0.506531 7.03652
55.6667 0.0691379 0.91339 7.03652
55.6667 0.310688 -0.304237 0.753335
55.6667 -0.289952 0.534309 0.753335
55.6667 0.642485 0.171569 0.753335
55.6667 -0.493469 -0.629192 7.03652
55.6667 0.531637 0.058747 7.03652
55.6667 0.660683 -0.591941 7.03652
55.6667 -0.50431 -0.259121 0.753335
55.6667 0.55293 0.28675 0.753335
55.6667 -0.751506 -0.469644 7.03652
55.6667 0.451372 0.618012 0.753335
55.6667 0.897739 -0.43196 7.03652
55.6667 0.800965 0.35009 0.753335
55.6667 -0.454361 0.673244 7.03652
55.6667 -0.198415 1.00931 0.753335
55.6667 0.459233 -0.367464 0.753335
55.6667 0.433035 0.843953 0.753335
55.6667 -0.522967 -0.200504 0.753335
55.6667 -0.517113 -0.842991 7.03652
55.6667 0.509476 -0.363133 7.03652
55.6667 -0.466732 -0.35551 7.03652
55.6667 0.119361 0.600807 0.753335
55.6667 -0.190605 -0.317638 0.753335
55.6667 0.612606 0.638953 0.753335
55.6667 -0.340621 0.0806524 0.753335
55.6667 0.936126 -0.0813816 0.753335
55.6667 0.530652 0.798037 7.03652
55.6667 -0.781641 0.581173 0.753335
55.6667 -0.422582 0.0491251 0.753335
55.6667 -0.502456 -0.520081 0.753335
55.6667 0.626333 0.701554 7.03652
55.6667 -0.64308 0.66775 7.03652
55.6667 0.038849 -0.740984 0.753335
55.6667 -0.704939 0.090164 7.03652
55.6667 -0.36262 -0.781618 0.753335
55.6667 -0.26206 0.377945 0.753335
55.6667 -0.875651 -0.462193 7.03652
55.6667 -0.41416 -0.0924478 7.03652
55.6667 0.847255 0.0809676 7.03652
55.6667 -0.38202 -0.466987 7.03652
55.6667 -0.164182 -0.688832 0.753335
55.6667 -0.566739 0.0314526 0.753335
55.6667 0.198321 0.337048 0.753335
55.6667 -0.386137 -0.0524529 0.753335
55.6667 -0.233583 0.131273 0.753335
55.6667 -0.112495 0.566551 7.03652
55.6667 -0.755137 -0.368404 7.03652
55.6667 -0.16956 0.617288 0.753335
55.6667 0.292337 0.766565 0.753335
55.6667 0.216267 -0.922976 0.753335
55.6667 -0.379949 0.878371 7.03652
55.6667 0.27453 -0.173919 7.03652
55.6667 0.209989 -0.995723 0.753335
55.6667 0.703087 0.22662 7.03652
55.6667 0.849398 -0.276717 0.753335
55.6667 0.377157 0.873222 7.03652
55.6667 0.500532 0.00739078 0.753335
55.6667 -0.925273 0.189218 0.753335
55.6667 -0.546652 -0.608265 0.753335
55.6667 -0.165381 -0.39945 0.753335
55.6667 0.246975 -0.419912 7.03652
55.6667 -0.797556 -0.102483 7.03652
55.6667 -0.929792 -0.297004 7.03652
55.6667 -0.323192 -0.871298 0.753335
55.6667 -0.747961 -0.216906 0.753335
55.6667 -0.185977 0.261447 0.753335
55.6667 0.0202132 -0.628011 7.03652
55.6667 -0.106671 -0.487332 7.03652
55.6667 -0.81228 -0.305198 0.753335
55.6667 -0.612113 -0.815503 7.03652
55.6667 -0.514678 0.0330521 0.753335
55.6667 -0.093193 0.414083 0.753335
55.6667 0.458492 -0.50884 0.753335
55.6667 -0.621478 0.0239503 0.753335
55.6667 0.169313 -0.311088 0.753335
55.6667 0.303915 -0.0269226 7.03652
55.6667 -0.707826 -0.49599 7.03652
55.6667 0.704625 0.342214 0.753335
55.6667 -0.624937 0.563899 7.03652
55.6667 0.12092 -0.356065 0.753335
55.6667 -0.567073 -0.707619 7.03652
55.6667 0.325077 0.961372 0.753335
55.6667 -0.552562 -0.498782 0.753335
55.6667 0.173487 0.61797 7.03652
55.6667 -0.401099 0.186839 0.753335
55.6667 0.503481 -0.301514 7.03652
55.6667 0.329986 0.803392 0.753335
55.6667 -0.46698 -0.417227 7.03652
55.6667 -0.068532 -0.308479 0.753335
55.6667 -0.817972 0.636553 0.753335
55.6667 -0.476772 0.305177 7.03652
55.6667 0.1283 0.112261 7.03652
55.6667 0.410667 0.128143 0.753335
55.6667 -0.656605 -0.168439 0.753335
55.6667 -0.155024 -0.286263 0.753335
55.6667 0.309527 -0.542815 0.753335
55.6667 0.831312 -0.434499 0.753335
55.6667 -0.653076 -0.345134 0.753335
55.6667 0.285671 -0.123635 7.03652
55.6667 -0.133875 -1.01973 0.753335
55.6667 0.0925701 0.691408 0.753335
55.6667 0.654498 0.32488 0.753335
55.6667 0.250906 -0.0839293 0.753335
55.6667 0.0831587 -0.0035784 0.753335
55.6667 -0.631437 0.386128 0.753335
55.6667 0.546354 -0.65871 0.753335
55.6667 -0.542695 0.230532 0.753335
55.6667 0.851868 0.322638 0.753335
55.6667 -0.59722 -0.313367 7.03652
55.6667 0.485433 -0.553691 7.03652
55.6667 0.814379 -0.0554604 0.753335
55.6667 0.691176 -0.249357 7.03652
55.6667 -0.0619021 1.0242 7.03652
55.6667 -0.50643 0.902375 0.753335
55.6667 -0.545307 0.384249 0.753335
55.6667 0.60124 -0.337331 0.753335
55.6667 0.69478 -0.18025 0.753335
55.6667 -0.0711661 -1.0232 7.03652
55.6667 0.50523 0.638882 7.03652
55.6667 -0.24341 -0.0859732 0.753335
55.6667 0.431322 -0.70511 0.753335
55.6667 0.826538 -0.109193 0.753335
55.6667 -0.136442 0.0417307 7.03652
55.6667 -0.863648 0.101189 0.753335
55.6667 0.921028 0.358601 0.753335
55.6667 -0.45123 -0.533142 0.753335
55.6667 0.271328 0.442122 7.03652
55.6667 0.771962 0.0458626 7.03652
55.6667 0.00218619 -0.580028 0.753335
55.6667 0.751317 0.372641 0.753335
55.6667 0.206135 -0.0961741 7.03652
55.6667 0.071188 0.041139 0.753335
55.6667 -0.185967 0.125179 0.753335
55.6667 -0.276563 0.153632 0.753335
55.6667 0.871647 -0.486998 7.03652
55.6667 -0.213405 -0.778011 7.03652
55.6667 0.043538 -1.02596 7.03652
55.6667 -0.498854 -0.572863 0.753335
55.6667 0.604602 0.581326 0.753335
55.6667 0.134608 0.470013 0.753335
55.6667 -0.257339 -1.001 7.03652
55.6667 0.0287805 0.311528 7.03652
55.6667 -0.483161 -0.798619 0.753335
55.6667 0.566528 -0.778853 7.03652
55.6667 0.579483 0.408046 0.753335
55.6667 -0.197589 -0.204134 7.03652
55.6667 0.207013 0.529718 7.03652
55.6667 0.312533 -0.25437 0.753335
55.6667 -0.376031 0.0432516 7.03652
55.6667 0.147686 -1.01257 7.03652
55.6667 0.353072 0.27571 0.753335
55.6667 0.398971 0.522474 7.03652
55.6667 0.294558 0.350633 7.03652
55.6667 -0.363172 -0.105134 0.753335
55.6667 0.962562 -0.2559 0.753335
55.6667 -0.059859 -0.0468605 0.753335
55.6667 0.860724 0.138388 0.753335
55.6667 -0.0602136 -0.862757 0.753335
55.6667 -0.111098 -0.841534 0.753335
55.6667 0.160275 0.428853 0.753335
55.6667 -0.1805 0.893042 0.753335
55.6667 0.165257 -0.0616362 0.753335
55.6667 0.494553 -0.461179 0.753335
55.6667 0.774692 0.596067 7.03652
55.6667 0.460752 0.679469 0.753335
55.6667 -0.602335 0.849128 7.03652
55.6667 0.185492 0.483908 0.753335
55.6667 0.763137 0.652328 0.753335
55.6667 -0.722942 0.588812 0.753335
55.6667 0.512748 0.147362 0.753335
55.6667 -0.553305 -0.240389 7.03652
55.6667 -0.655915 -0.50744 7.03652
55.6667 -0.77486 -0.0544802 0.753335
55.6667 -0.523317 0.275354 0.753335
55.6667 -0.517292 -0.0661515 7.03652
55.6667 0.260423 -0.973179 7.03652
55.6667 0.240922 0.483026 0.753335
55.6667 0.435104 0.0299409 0.753335
55.6667 0.741587 -0.271861 7.03652
55.6667 0.216838 0.148312 7.03652
55.6667 0.104282 -0.178846 7.03652
55.6667 0.312258 0.539201 0.753335
55.6667 0.361545 -0.557942 0.753335
55.6667 0.0297092 -0.683097 0.753335
55.6667 -0.175621 0.387265 0.753335
55.6667 0.359499 -0.278941 7.03652
55.6667 0.253201 0.871834 0.753335
55.6667 0.351147 -0.0121948 0.753335
55.6667 0.21768 -0.642213 0.753335
55.6667 -0.712109 0.270786 7.03652
55.6667 -0.0823426 0.767516 0.753335
55.6667 0.484837 0.309675 0.753335
55.6667 0.392611 -0.89446 0.753335
55.6667 -0.0170337 0.54994 0.753335
55.6667 -0.245812 -0.457652 7.03652
55.6667 0.402659 -0.0312109 0.753335
55.6667 0.48113 0.367002 0.753335
55.6667 -0.667737 -0.658637 0.753335
55.6667 0.362503 -0.229908 7.03652
55.6667 -0.476391 0.120337 7.03652
55.6667 0.0200925 -0.330924 0.753335
55.6667 0.270308 0.820388 7.03652
55.6667 -0.0384726 -0.442582 0.753335
55.6667 -0.408562 -0.272689 7.03652
55.6667 -0.68949 0.373883 0.753335
55.6667 -0.27803 -0.211267 7.03652
55.6667 0.186839 -0.450493 0.753335
55.6667 0.401027 -0.7515 0.753335
55.6667 -0.213853 -0.834564 0.753335
55.6667 -0.811755 -0.567229 0.753335
55.6667 -0.539387 -0.662473 7.03652
55.6667 -0.138691 0.774472 7.03652
55.6667 0.502096 0.528837 7.03652
55.6667 0.307496 -0.406798 0.753335
55.6667 -0.719456 -0.758443 0.753335
55.6667 -0.427711 0.727601 7.03652
55.6667 -0.694083 0.212501 0.753335
55.6667 -0.598474 0.698905 7.03652
55.6667 0.653276 -0.214864 0.753335
55.6667 0.556195 0.618824 0.753335
55.6667 -0.327145 0.566039 0.753335
55.6667 -0.431384 0.271925 7.03652
55.6667 0.445943 -0.0644129 0.753335
55.6667 0.0255395 -0.281845 7.03652
55.6667 0.134066 0.906012 0.753335
55.6667 0.989083 -0.0159707 0.753335
55.6667 0.263563 -0.274691 7.03652
55.6667 0.508012 -0.874513 0.753335
55.6667 0.71478 0.416845 7.03652
55.6667 0.529192 0.39006 0.753335
55.6667 0.701402 0.114652 7.03652
55.6667 -0.673504 0.00882398 7.03652
55.6667 -0.808396 -0.362092 7.03652
55.6667 0.164407 -0.114446 7.03652
55.6667 0.527801 -0.416331 7.03652
55.6667 0.551944 -0.714966 0.753335
55.6667 0.0941053 -0.998536 7.03652
55.6667 -0.766072 -0.600085 0.753335
55.6667 0.448688 -0.854617 0.753335
55.6667 -0.328014 -0.391564 7.03652
55.6667 0.230974 -0.470217 7.03652
55.6667 -0.0586078 -0.259814 0.753335
55.6667 -0.0207213 -0.298687 0.753335
55.6667 0.185478 0.669365 0.753335
55.6667 0.800992 -0.163575 7.03652
55.6667 -0.42033 -0.944025 0.753335
55.6667 -0.435554 -0.174773 0.753335
55.6667 0.381218 0.419247 7.03652
55.6667 -0.057679 -0.487233 0.753335
55.6667 -0.0850838 -0.354875 7.03652
55.6667 -0.860342 0.596645 0.753335
55.6667 -0.280077 0.64243 0.753335
55.6667 0.0280521 0.765477 7.03652
55.6667 -0.242483 -0.512778 7.03652
55.6667 0.0583436 -0.586244 0.753335
55.6667 -0.118042 0.723635 0.753335
55.6667 -0.800238 -0.660585 7.03652
55.6667 0.323379 0.721943 7.03652
55.6667 -0.0383809 0.0555013 0.753335
55.6667 -0.850184 -0.106551 0.753335
55.6667 -0.736462 0.714073 7.03652
55.6667 -0.368468 0.462305 0.753335
55.6667 0.773592 -0.452671 0.753335
55.6667 0.491238 -0.654259 0.753335
55.6667 0.856092 -0.0107294 0.753335
55.6667 0.526694 0.333373 0.753335
55.6667 -0.568325 -0.108426 7.03652
55.6667 0.383678 -0.653948 0.753335
55.6667 -0.600944 -0.15156 0.753335
55.6667 -1.01793 0.262764 0.753335
55.6667 0.349227 0.347486 7.03652
55.6667 -0.146713 -0.961799 0.753335
55.6667 0.249333 0.243936 0.753335
55.6667 -0.390171 -0.679149 0.753335
55.6667 -0.551776 -0.551773 0.753335
55.6667 0.300217 0.90887 7.03652
55.6667 0.609337 0.0900367 0.753335
55.6667 0.887555 0.0368871 0.753335
55.6667 -0.201497 0.450724 7.03652
55.6667 -0.225986 0.728576 0.753335
55.6667 -0.0033488 -0.187157 0.753335
55.6667 -1.03547 0.139507 7.03652
55.6667 -0.016587 0.869238 7.03652
55.6667 -0.243036 -0.397451 0.753335
55.6667 -0.699399 -0.309356 7.03652
55.6667 -0.992967 0.321378 7.03652
55.6667 -0.397522 -0.142215 0.753335
55.6667 0.713706 0.616184 0.753335
55.6667 -0.43751 -0.702721 7.03652
55.6667 -0.862145 0.204584 0.753335
55.6667 -0.019602 0.611065 0.753335
55.6667 -0.203324 -0.42826 0.753335
55.6667 -0.0897106 -0.0844088 7.03652
55.6667 0.567146 -0.0993037 7.03652
55.6667 0.79502 -0.384159 7.03652
55.6667 0.326372 -0.890774 7.03652
55.6667 0.942256 0.0310261 0.753335
55.6667 0.290443 0.681874 0.753335
55.6667 -0.924236 -0.351993 0.753335
55.6667 -0.107596 -0.269173 7.03652
55.6667 -0.0645314 0.587688 0.753335
55.6667 0.500509 0.0992225 0.753335
55.6667 0.583678 0.742137 0.753335
55.6667 0.743254 -0.59955 7.03652
55.6667 0.804339 0.286471 7.03652
55.6667 -0.160869 -0.750322 0.753335
55.6667 0.595488 0.251684 7.03652
55.6667 0.58733 0.814288 7.03652
55.6667 0.437135 0.337512 0.753335
55.6667 -0.331908 0.787091 0.753335
55.6667 -0.0864529 -0.967054 7.03652
55.6667 0.904096 0.0979594 0.753335
55.6667 -0.679588 0.427847 0.753335
55.6667 0.553271 0.173071 0.753335
55.6667 -0.0701937 0.369113 0.753335
55.6667 0.858571 -0.381639 0.753335
55.6667 0.681756 -0.384995 0.753335
55.6667 -0.913246 -0.411846 0.753335
55.6667 0.0861799 -0.457211 0.753335
55.6667 -0.211726 0.579678 0.753335
55.6667 -0.424266 0.464074 7.03652
55.6667 0.923641 -0.375775 7.03652
55.6667 0.297399 0.485878 0.753335
55.6667 -0.423044 -0.805905 0.753335
55.6667 -0.450558 0.933318 7.03652
55.6667 0.395348 -0.599946 0.753335
55.6667 0.461727 -0.20979 0.753335
55.6667 0.546198 0.227795 7.03652
55.6667 -0.282801 -0.918398 0.753335
55.6667 -0.667264 -0.453099 0.753335
55.6667 -0.0333379 -0.621168 0.753335
55.6667 -1.05159 0.0149176 0.753335
55.6667 -0.0333304 0.228739 7.03652
55.6667 -0.0121667 -0.245828 0.753335
55.6667 0.28457 0.398237 0.753335
55.6667 0.228841 -0.193899 0.753335
55.6667 0.749105 0.148447 0.753335
55.6667 0.584296 -0.510476 0.753335
55.6667 -0.602381 -0.257119 0.753335
55.6667 0.950377 0.307949 0.753335
55.6667 -0.064576 -0.696104 0.753335
55.6667 0.262684 -0.324136 0.753335
55.6667 0.419989 0.221161 7.03652
55.6667 -0.552113 0.182005 0.753335
55.6667 -0.0666666 0.538224 0.753335
55.6667 0.18796 -0.811007 0.753335
55.6667 -0.669186 0.601332 7.03652
55.6667 -0.60968 -0.478554 7.03652
55.6667 0.126793 -0.593815 7.03652
55.6667 -0.984893 0.0970447 0.753335
55.6667 0.98657 -0.137034 0.753335
55.6667 -0.836944 -0.0536042 0.753335
55.6667 0.409567 -0.318487 7.03652
55.6667 -0.0896109 0.680269 0.753335
55.6667 -0.478678 0.252476 0.753335
55.6667 -0.690524 -0.126455 0.753335
55.6667 0.971406 0.193196 0.753335
55.6667 0.0449051 -0.795554 0.753335
55.6667 -0.719079 0.0357539 7.03652
55.6667 0.846028 -0.219834 0.753335
55.6667 -0.474549 0.844395 7.03652
55.6667 0.136443 -0.218475 0.753335
55.6667 0.44683 -0.913976 0.753335
55.6667 -0.160524 0.0842335 0.753335
55.6667 0.332031 -0.74665 0.753335
55.6667 -0.00978303 0.0945111 0.753335
55.6667 -0.201863 -0.148916 7.03652
55.6667 0.34151 -0.505551 0.753335
55.6667 -0.312995 0.216268 0.753335
55.6667 -0.00728262 -0.834971 0.753335
55.6667 -0.222271 0.955562 0.753335
55.6667 -0.894553 0.539695 0.753335
55.6667 -0.626118 -0.698765 0.753335
55.6667 -0.527057 0.753622 7.03652
55.6667 0.651648 -0.432444 0.753335
55.6667 -0.527317 -0.897613 7.03652
55.6667 0.367953 0.690389 0.753335
55.6667 0.875523 -0.0601704 7.03652
55.6667 0.00836751 0.918868 0.753335
55.6667 -0.0935778 0.974053 0.753335
55.6667 -0.655894 -0.747818 7.03652
55.6667 -0.299276 -0.629766 0.753335
55.6667 -0.258798 -0.56426 7.03652
55.6667 0.491131 0.476262 0.753335
55.6667 -0.731712 0.330613 0.753335
55.6667 -0.489425 -0.158421 0.753335
55.6667 -0.0585837 -0.806705 0.753335
55.6667 0.971815 -0.197815 7.03652
55.6667 0.187854 0.883033 0.753335
55.6667 -0.494442 -0.693437 7.03652
55.6667 0.387153 0.468162 0.753335
55.6667 0.260587 0.528979 0.753335
55.6667 0.310592 0.0226552 7.03652
55.6667 0.32909 -0.666576 0.753335
55.6667 -0.524472 -0.744586 0.753335
55.6667 0.266414 0.158435 7.03652
55.6667 -0.188028 0.767783 0.753335
55.6667 -0.137148 -0.542156 0.753335
55.6667 0.20276 -0.562805 0.753335
55.6667 -0.136358 0.134565 0.753335
55.6667 0.0308581 -0.228924 0.753335
55.6667 -0.177481 -0.917619 0.753335
55.6667 0.822864 0.0330893 7.03652
55.6667 0.77974 0.527018 0.753335
55.6667 0.146338 -0.845755 0.753335
55.6667 -0.633136 0.336141 7.03652
55.6667 0.823439 0.570787 7.03652
55.6667 -0.848931 0.491589 7.03652
55.6667 0.136977 -0.785488 0.753335
55.6667 0.634538 -0.164353 7.03652
55.6667 0.412925 -0.219931 0.753335
55.6667 -0.907121 -0.236011 0.753335
55.6667 -0.700772 -0.702418 0.753335
55.6667 -0.443106 -0.479625 7.03652
55.6667 -0.226565 -0.951441 0.753335
55.6667 0.267588 -0.85317 0.753335
55.6667 -0.229049 0.626139 0.753335
55.6667 0.0776737 -0.699963 7.03652
55.6667 -0.476261 0.457426 7.03652
55.6667 -0.315403 0.119345 7.03652
55.6667 0.614413 -0.734851 0.753335
55.6667 -0.361301 0.350365 0.753335
55.6667 -0.328636 -0.195091 7.03652
55.6667 -0.341284 -0.498709 0.753335
55.6667 0.0650539 0.806904 0.753335
55.6667 -0.0169957 -0.394771 0.753335
55.6667 0.553456 -0.0430773 7.03652
55.6667 0.0189689 -0.0922035 0.753335
55.6667 0.280725 0.629956 7.03652
55.6667 -0.116271 0.617951 7.03652
55.6667 0.105042 0.549353 0.753335
55.6667 0.351275 -0.0603332 0.753335
55.6667 0.735999 -0.215015 0.753335
55.6667 0.795337 -0.271479 7.03652
55.6667 0.839533 -0.54673 7.03652
55.6667 0.126644 -0.0292667 0.753335
55.6667 -0.848931 0.327317 7.03652
55.6667 -0.364636 0.14366 7.03652
55.6667 -0.0652139 -0.398094 0.753335
55.6667 -0.534319 0.545705 0.753335
55.6667 -0.416625 0.141496 7.03652
55.6667 -0.974485 -0.0149158 7.03652
55.6667 0.59896 -0.00819585 7.03652
55.6667 -0.213174 0.0832091 7.03652
55.6667 0.897151 0.288916 0.753335
55.6667 0.508187 0.262998 0.753335
55.6667 -0.520211 0.60269 7.03652
55.6667 0.215352 0.578318 0.753335
55.6667 -0.424818 -0.382139 0.753335
55.6667 -0.725983 -0.0771473 0.753335
55.6667 0.0686082 -0.0948221 7.03652
55.6667 -1.00783 -0.285865 7.03652
55.6667 0.622479 -0.796786 7.03652
55.6667 -0.911001 -0.515311 7.03652
55.6667 0.00708837 0.255878 0.753335
55.6667 0.57279 0.350146 0.753335
55.6667 0.318913 0.238734 0.753335
55.6667 -0.160811 0.337821 0.753335
55.6667 0.183382 -0.210872 0.753335
55.6667 0.46818 -0.15824 7.03652
55.6667 -0.607363 -0.368584 7.03652
55.6667 -0.811089 0.280234 0.753335
55.6667 0.0172517 -0.535063 7.03652
55.6667 -0.392877 0.508903 0.753335
55.6667 -0.0413482 0.13374 7.03652
55.6667 0.436441 0.395378 7.03652
55.6667 0.37565 0.615772 7.03652
55.6667 -0.109678 0.330985 7.03652
55.6667 0.514098 -0.759368 0.753335
55.6667 -0.054856 0.718084 7.03652
55.6667 -0.161743 -0.806664 7.03652
55.6667 0.0107743 0.395856 0.753335
55.6667 0.592443 -0.190951 7.03652
55.6667 0.408921 -0.268957 0.753335
55.6667 -0.989002 -0.0669608 7.03652
55.6667 -0.845444 0.438378 0.753335
55.6667 0.745636 0.479794 0.753335
55.6667 0.0402627 0.356576 0.753335
55.6667 0.885143 -0.324719 7.03652
55.6667 -0.847471 -0.518271 0.753335
55.6667 0.34915 0.0486762 0.753335
55.6667 -0.420061 -0.434593 0.753335
55.6667 0.297215 -0.590314 7.03652
55.6667 0.255452 -0.0353481 0.753335
55.6667 0.283251 0.204592 0.753335
55.6667 0.359562 -0.32753 0.753335
55.6667 0.166258 -0.656223 0.753335
55.6667 0.242252 0.357057 7.03652
55.6667 0.295865 -0.70853 0.753335
55.6667 -0.405607 -0.884807 0.753335
55.6667 -0.018705 -0.956562 0.753335
55.6667 -0.400138 -0.51436 7.03652
55.6667 0.276149 -0.502721 0.753335
55.6667 -0.83487 0.15496 0.753335
55.6667 0.633127 0.776057 0.753335
55.6667 0.560983 -0.837529 0.753335
55.6667 -0.333692 0.310207 0.753335
55.6667 0.229181 0.923627 7.03652
55.6667 0.388457 0.0171287 7.03652
55.6667 0.342546 -0.611975 7.03652
55.6667 -0.321783 0.617356 0.753335
55.6667 -0.596943 -0.64929 0.753335
55.6667 0.106691 0.959747 0.753335
55.6667 0.415895 0.71678 0.753335
55.6667 0.0390695 0.688378 0.753335
55.6667 0.213158 0.994427 0.753335
55.6667 -0.110011 -0.784072 7.03652
55.6667 -0.249867 -0.129769 0.753335
55.6667 0.453764 0.549904 0.753335
55.6667 -0.151544 -0.351033 0.753335
55.6667 0.928947 -0.146891 0.753335
55.6667 0.179724 0.383158 0.753335
55.6667 0.316685 -0.204853 0.753335
55.6667 0.0514222 0.477839 0.753335
55.6667 0.48479 0.423253 0.753335
55.6667 0.48057 0.879313 0.753335
55.6667 -0.0220619 0.670368 0.753335
55.6667 -0.338091 0.260079 0.753335
55.6667 -0.932227 -0.168037 0.753335
55.6667 -0.28973 -0.0713638 7.03652
55.6667 0.0825281 -0.220943 7.03652
55.6667 -0.235968 -0.236011 7.03652
55.6667 -0.112595 0.0879251 7.03652
55.6667 -0.582432 -0.861753 7.03652
55.6667 -0.516484 -0.429623 0.753335
55.6667 -0.466446 -0.749094 7.03652
55.6667 -0.175113 0.826187 0.753335
55.6667 0.17784 0.0440975 0.753335
55.6667 -0.974994 0.218074 0.753335
55.6667 -0.786554 0.690625 7.03652
55.6667 0.882903 -0.114839 0.753335
55.6667 0.24069 -0.802742 0.753335
55.6667 0.176844 0.0940863 0.753335
55.6667 0.547676 -0.327847 0.753335
55.6667 -0.216927 -0.672932 7.03652
55.6667 -0.346912 0.399494 0.753335
55.6667 -0.113361 -0.67671 0.753335
55.6667 0.0847142 0.0830948 7.03652
55.6667 -0.118453 -0.319128 0.753335
55.6667 0.105169 -0.404811 0.753335
55.6667 0.182727 0.190371 0.753335
55.6667 -0.212316 -0.57711 0.753335
55.6667 0.478991 0.0513077 7.03652
55.6667 -0.234151 0.791322 7.03652
55.6667 0.682622 -0.49503 0.753335
55.6667 0.629916 0.0329175 0.753335
55.6667 0.286291 -0.775492 0.753335
55.6667 -0.64939 0.809588 7.03652
55.6667 0.907554 0.419534 7.03652
55.6667 0.0136836 -0.4373 7.03652
55.6667 -0.0994906 0.282057 0.753335
55.6667 0.565059 -0.151986 0.753335
55.6667 0.146663 1.00697 0.753335
55.6667 -1.03686 -0.162106 0.753335
55.6667 -0.590309 -0.0158767 7.03652
55.6667 -0.317904 -0.241772 7.03652
55.6667 -0.131485 0.24067 0.753335
55.6667 0.0915358 -0.755047 7.03652
55.6667 -0.636388 -0.118156 7.03652
55.6667 -0.0173525 -0.139369 0.753335
55.6667 -0.193639 0.666254 0.753335
55.6667 0.348065 0.499326 0.753335
55.6667 -0.307532 0.354803 0.753335
55.6667 0.310973 0.138028 0.753335
55.6667 -0.290712 -0.477544 0.753335
55.6667 -0.867927 0.378251 0.753335
55.6667 -0.0876619 0.0419856 7.03652
55.6667 -0.695712 0.139828 0.753335
55.6667 0.754896 -0.0585613 0.753335
