7 -0.928065 0.314158 0.763445
7 0.660111 -0.678762 0.805267
7 -0.460031 -0.58677 6.97946
7 -0.405973 0.832329 0.735581
7 -0.263654 -0.0291532 0.755538
7 -1.07393 -0.0255605 6.64555
7 -0.891413 -0.386892 0.748453
7 -0.454182 0.586394 0.729856
7 0.0138365 0.152706 0.796991
7 0.760068 -0.524766 0.786998
7 0.0749361 0.394647 7.04113
7 -0.0227016 0.817124 3.67664
7 -0.452837 0.945585 6.86917
7 -0.361519 -0.0837913 0.783277
7 -0.116824 0.469034 6.99441
7 0.417579 -0.171016 0.781033
7 0.45529 -0.330758 7.02488
7 -1.15449 -0.262372 4.12768
7 -1.03255 -0.141512 0.805795
7 -0.288705 0.979429 0.767961
7 0.0911031 0.203276 7.04119
7 -0.882526 -0.159218 6.99292
7 -0.179519 0.175884 0.782288
7 -0.775488 0.269973 7.00684
7 0.983122 0.0999623 0.849388
7 0.442151 0.911477 0.898066
7 -0.160313 0.534424 6.41275
7 -0.912682 -0.200246 0.760372
7 -0.16559 0.228461 0.904783
7 -0.711467 0.647151 0.704783
7 0.0493957 -0.547923 0.787612
7 0.0402932 -0.185182 6.77922
7 -0.0980837 -0.0241194 7.02144
7 -0.13545 -0.00579115 7.01071
7 -0.388585 0.961437 0.764169
7 -0.577066 0.609078 0.790422
7 0.0685147 -0.320055 7.03144
7 -0.082645 0.114537 5.50509
7 -0.609851 -0.781719 0.720463
7 0.765165 0.27082 0.929863
7 -0.381131 -0.942887 1.3384
7 0.166623 -0.999113 0.881196
7 -0.705632 0.511687 6.96223
7 0.226629 -0.354005 0.770369
7 0.630297 -0.633835 6.96119
7 -0.110119 0.983755 6.86207
7 0.68703 0.6713 1.36721
7 -0.0260936 -0.0820283 6.83179
7 0.734726 -0.0336192 7.01998
7 0.140858 -0.74211 0.760471
7 0.6217 0.296416 0.776776
7 -0.621661 0.0770113 0.827464
7 -0.786397 -0.282749 6.98234
7 0.448217 -0.5525 7.02737
7 0.0702287 0.586269 0.892424
7 0.1072 0.910825 0.891984
7 -0.508159 -0.333636 6.98993
7 0.541822 0.787579 0.855071
7 0.444106 -0.135194 0.774152
7 -0.648312 0.298525 1.19973
7 -0.366903 -0.662993 0.732535
7 -0.354688 0.528382 6.99122
7 -0.349288 0.872638 6.78899
7 0.720357 -0.762043 1.64065
7 -0.367731 0.213941 0.75419
7 -0.495315 -0.12495 6.94405
7 0.290852 -0.253044 7.03262
7 0.206019 -0.420042 0.779435
7 0.519195 -0.0887441 0.769632
7 0.0829969 -0.15023 0.773414
7 0.329815 0.888835 0.78083
7 -0.311981 -0.981944 0.740467
7 -0.921588 0.253462 1.06343
7 -0.0582485 0.782923 6.98141
7 0.0716852 0.11217 0.806338
7 -0.253939 -0.631534 6.99123
7 0.549414 -0.276372 0.769861
7 0.443539 0.684176 0.796362
7 0.27938 1.09172 2.21237
7 -0.984172 0.26332 0.981212
7 -0.236904 0.879422 6.96747
7 0.474238 0.243235 7.03114
7 -0.028356 -0.532969 0.762019
7 -0.580091 -0.463167 6.92917
7 0.331587 0.081233 0.776982
7 -0.863422 -0.343011 0.73399
7 0.262103 0.00995063 7.00479
7 -0.467269 0.545551 7.00196
7 0.796092 -0.21816 0.796188
7 -0.00198183 -0.918235 0.749596
7 0.332454 -0.481307 0.768698
7 -0.215664 -0.054701 0.803858
7 -0.294725 0.719508 6.46379
7 0.411881 0.315714 0.79732
7 0.264113 -0.380308 0.771125
7 0.290302 -0.463352 0.768493
7 0.775225 -0.107663 7.03287
7 0.205641 -0.777658 7.04044
7 -0.782658 0.119622 0.781189
7 0.190981 -0.710434 0.778582
7 0.0375922 0.994669 6.92269
7 0.713211 -0.449116 0.801822
7 0.777063 -0.329076 0.768726
7 -0.451073 0.209268 0.781846
7 0.205676 -0.523781 0.769663
7 -0.29877 -0.427605 6.97779
7 -0.238939 0.0356629 7.02831
7 0.670662 -0.0267868 7.01569
7 0.250382 0.655421 0.755429
7 -0.430151 -0.0543032 0.771109
7 0.505064 -0.726627 0.7938
7 -0.287055 -0.286045 7.02195
7 0.0080336 0.749808 0.780301
7 -0.0134946 0.296393 0.767401
7 0.22802 -0.894798 0.819915
7 0.35761 0.449527 0.793962
7 -0.531853 0.674897 0.749156
7 0.769528 0.316434 0.80009
7 0.574402 -0.484688 7.02655
7 -0.577423 0.664762 0.759736
7 -0.019958 -0.686083 0.77945
7 0.591941 -0.612 0.777834
7 -0.183514 0.572689 0.753244
7 -0.0604262 0.278694 7.02075
7 -0.207684 -0.742289 7.01011
7 -0.781588 -0.345217 6.97777
7 -0.113432 -0.179515 0.762149
7 -0.532195 0.520202 6.9178
7 -0.532573 0.900882 6.74799
7 -0.200814 -0.100258 0.764636
7 0.629065 -0.723617 0.917151
7 -0.152837 -0.104897 0.751839
7 -0.681723 0.19469 0.969706
7 -0.0183561 -1.08545 6.75597
7 -0.944802 -0.0190105 6.87073
7 0.162028 0.247509 7.04394
7 -0.0813713 0.230455 0.768116
7 0.883282 0.266323 0.820277
7 0.723012 0.698366 1.00025
7 0.32883 0.318256 0.810684
7 0.182084 -0.374291 0.779846
7 -0.452916 -0.675816 6.87764
7 -0.427841 0.0878024 7.01471
7 -0.179123 -0.610238 7.02339
7 0.0842365 0.749661 0.767968
7 -0.61667 -0.433417 0.70289
7 0.862602 0.528139 1.05831
7 -1.0484 0.0431191 6.37461
7 -0.739723 0.802426 6.70211
7 0.511942 -0.199233 0.760664
7 0.696359 -0.148175 7.00237
7 -0.103672 0.146881 0.755061
7 -0.478339 -0.0867304 0.741309
7 0.250489 0.588144 0.75502
7 0.554703 -0.205271 7.02444
7 -0.0133074 0.366706 1.7331
7 -0.102146 -0.141244 6.9692
7 0.408366 0.995013 6.1588
7 0.254304 0.316397 0.767938
7 -0.273879 0.609713 0.73978
7 -0.122974 -0.0728386 6.94047
7 -0.109115 -0.623901 1.12305
7 0.844961 -0.525287 6.95972
7 -0.759924 0.475681 0.767962
7 0.411557 -0.515815 7.0388
7 0.615758 -0.453153 0.853177
7 -0.049827 0.355466 7.01122
7 0.126066 -0.651905 0.815466
7 -0.0429791 -0.128956 7.0303
7 0.550517 0.0173972 0.760218
7 0.692636 -0.0767772 0.797018
7 0.270096 -0.697711 7.02079
7 0.230159 0.450109 0.764429
7 -0.959975 0.105985 0.878158
7 -0.581445 -0.157405 6.9831
7 -0.127094 0.886475 0.703181
7 0.0733121 -0.270347 0.758693
7 0.300601 -0.995643 0.795979
7 -1.00349 -0.199261 6.90669
7 -0.267154 -0.75427 0.726885
7 0.647936 0.44249 6.82625
7 -0.691041 -0.0841532 0.765279
7 0.00342727 0.207829 0.792415
7 -0.680018 0.568235 0.862408
7 -1.02722 0.400187 6.5479
7 -0.515638 0.831437 6.84224
7 -0.493266 0.081306 7.02363
7 -0.864575 0.56554 6.80651
7 0.071614 1.04625 6.70669
7 -0.651175 0.217871 0.757133
7 -0.580744 -0.794386 1.77835
7 0.702787 0.0113509 0.762307
7 -0.335267 -0.283387 0.750607
7 0.0231633 -0.0431667 0.765504
7 -0.612125 0.793527 0.664325
7 0.794712 0.0894247 0.7511
7 -0.467331 -0.0244697 7.0146
7 0.665096 -0.560862 0.829488
7 0.594804 -0.283905 0.756752
7 -0.540514 -0.129879 6.98656
7 -1.10496 0.203063 6.50034
7 0.910968 -0.205974 0.793032
7 0.359581 -0.393086 0.784907
7 -0.16581 -0.0502162 0.752622
7 -0.368989 -0.615638 6.98372
7 -0.0187882 0.460571 0.775626
7 0.43963 0.0977741 0.768914
7 0.456478 0.28649 0.786643
7 -0.414852 0.381561 0.815453
7 0.467858 -0.778725 0.756188
7 -0.252103 0.552134 0.760365
7 -0.17818 0.493114 0.743545
7 0.607799 0.470085 0.835815
7 -0.818317 0.235057 7.00984
7 0.043596 0.00423347 7.03136
7 0.541604 0.908891 6.60593
7 -0.289834 -0.158945 0.768712
7 -0.461668 0.163696 0.806588
7 0.0983831 0.496125 0.764376
7 -0.024028 0.513349 0.790307
7 -0.549115 0.732895 0.730092
7 0.690752 0.0732913 7.0386
7 0.874962 -0.168311 0.777668
7 -0.732554 -0.626466 6.7312
7 -0.509915 -0.497749 0.715854
7 0.16299 0.728345 0.746375
7 0.362821 0.143537 6.94791
7 0.592124 -0.399213 0.80055
7 0.711726 0.189765 0.762226
7 -0.208181 -0.648727 0.73917
7 -0.734559 0.547868 0.809138
7 0.0772227 -0.638309 0.760723
7 -0.457477 -0.257727 0.731924
7 -0.3829 0.00470704 0.909389
7 -0.420285 -0.764374 0.760523
7 -0.911916 0.0271853 0.74396
7 -0.616998 -0.541084 6.86957
7 -0.619252 -0.615123 6.74375
7 0.369297 0.762709 6.98904
7 -0.228423 0.215919 7.03103
7 0.135964 -0.314914 0.764544
7 -0.47125 0.630164 0.837493
7 -0.145764 1.05454 6.48332
7 0.680293 0.55242 0.947777
7 0.128195 0.393941 0.780639
7 -1.04583 -0.0805488 0.712263
7 0.780429 -0.442538 1.04741
7 0.690456 0.470209 6.74644
7 -0.919283 -0.112774 0.860648
7 0.546065 -0.567287 0.759418
7 -0.29546 0.314443 6.95343
7 -0.834399 0.396725 0.731611
7 0.305034 -0.0846539 0.79257
7 -0.889266 -0.291374 6.9153
7 -0.469878 -0.303779 6.96726
7 0.476654 -0.0978669 0.768902
7 0.228404 0.833168 0.751129
7 0.407691 0.261549 7.01473
7 0.884415 0.478361 1.0459
7 -0.333766 -0.159293 0.757831
7 0.5952 -0.558161 6.90471
7 0.444408 -0.829203 6.99906
7 -0.226759 0.17209 0.797758
7 -0.136033 0.371568 7.02199
7 0.026819 0.861024 6.88318
7 0.143422 0.199224 0.768214
7 0.418257 -0.0882719 0.780471
7 0.449151 -0.66537 7.03158
7 -0.159582 -0.200257 0.79592
7 -0.656711 0.106434 0.80649
7 -0.274962 -0.884837 6.97406
7 -0.343128 -0.740559 0.735279
7 0.175412 -0.272086 0.76426
7 -0.421034 -0.628692 6.98649
7 -0.610656 0.249061 1.11144
7 -0.36047 0.920085 6.85504
7 0.966677 0.157987 0.840542
7 0.171979 0.139098 7.04085
7 -0.172561 0.724999 6.98929
7 -0.362364 -0.56752 0.818633
7 -0.708809 -0.0477594 0.732476
7 -0.46195 0.412197 6.95781
7 -0.225764 0.704812 6.92852
7 0.393895 0.187951 0.76348
7 0.781576 -0.155632 7.0251
7 -0.741061 -0.178319 0.733037
7 0.704859 0.624295 0.853048
7 -0.0785545 0.187491 7.03572
7 0.397938 0.373796 0.790707
7 0.818554 0.128001 6.36729
7 0.188924 -0.615404 0.771196
7 -0.827972 -0.516037 0.704437
7 0.468927 0.182626 6.92838
7 -0.204989 -0.378257 0.746895
7 -1.16511 -0.352035 5.10016
7 -0.863488 -0.441338 6.88177
7 -0.650812 0.746113 0.684621
7 0.534677 -0.0375554 7.04053
7 0.591578 0.0627583 0.778054
7 -0.290863 0.495217 0.74208
7 -0.848992 -0.662576 2.89869
7 0.635881 0.380351 6.86259
7 0.0501547 0.278126 0.813311
7 0.486151 0.609066 0.781895
7 -0.276376 0.195678 0.77174
7 0.0876055 0.338441 0.801404
7 -0.31702 0.00337583 7.03231
7 0.386053 -0.725641 7.03887
7 0.215959 -0.0565009 0.766841
7 0.577995 0.113493 0.792562
7 -0.427615 -0.212626 0.737607
7 -0.945121 -0.463623 6.95185
7 0.188717 0.794152 0.730861
7 0.687442 0.507094 0.897931
7 -0.383862 -0.392751 0.800679
7 0.345635 0.657719 0.792824
7 -0.384724 -0.199646 0.79657
7 -0.146268 0.679378 0.720315
7 -0.363873 -0.976694 0.741748
7 -0.808054 0.528537 6.82713
7 0.108406 0.244403 0.78226
7 -0.538554 -0.0199345 0.742837
7 -0.245644 -0.180528 0.750854
7 0.0747627 0.628151 0.801509
7 -0.256231 0.343406 0.790596
7 -0.387007 -0.309096 0.73463
7 0.935155 -0.277636 7.00892
7 -0.97066 0.509419 1.30633
7 -0.603408 0.194406 7.00919
7 -0.291749 -0.539991 0.73661
7 -0.318112 -0.840752 0.764271
7 0.237611 0.208101 0.804454
7 0.734161 -0.704167 0.893403
7 0.00973641 -0.502805 7.03599
7 -0.682067 -0.253262 0.831858
7 0.643921 0.561948 1.18113
7 -0.564263 0.836328 0.660849
7 0.804419 0.240226 0.793766
7 0.273603 0.103827 0.985392
7 0.029789 0.102982 0.765267
7 -0.674062 0.257826 7.00046
7 -0.47992 0.029994 7.01652
7 0.12865 -0.0579887 7.03224
7 0.228856 -0.148809 0.771786
7 -0.377458 0.617956 0.73415
7 -0.390799 0.261269 7.00988
7 -0.267358 -0.816412 0.723551
7 0.797962 -0.586995 1.6887
7 -0.195568 -0.491428 7.02519
7 0.0632279 0.15706 0.773386
7 -0.246511 -0.291888 7.02112
7 -0.688213 0.0465317 0.745119
7 0.233156 0.122431 7.04089
7 0.462034 0.137961 0.768793
7 -0.330606 -0.477121 7.00792
7 0.178228 0.852271 6.8979
7 0.134943 0.349744 7.04619
7 0.106223 0.445557 0.760124
7 -0.310128 -0.106136 7.02681
7 -0.810637 0.450096 0.746816
7 0.840075 0.158 0.831933
7 -0.299896 1.04917 1.26414
7 -0.0644802 0.458333 0.870105
7 0.060864 0.895052 0.730947
7 0.258894 0.769479 0.770624
7 0.13072 -0.513119 0.772721
7 0.379506 0.5847 0.801257
7 -0.780506 0.375108 0.749095
7 0.630662 -0.053198 0.750554
7 0.451203 0.46062 7.01096
7 -0.925991 -0.0649694 0.80574
7 0.785724 -0.000697879 0.770611
7 -0.439191 0.316295 0.822578
7 -0.0641154 -0.585379 0.766554
7 0.117495 -0.948467 7.00645
7 -0.154372 0.294341 7.03533
7 -0.5737 0.480931 0.753323
7 -0.288603 0.757928 6.90438
7 -0.713866 -0.358866 0.704785
7 0.466453 -0.428645 0.771247
7 -0.387697 0.578868 0.766973
7 0.236359 -0.734908 0.789034
7 -0.0391778 0.411343 6.88898
7 0.42774 -0.390685 0.799557
7 -0.663735 -0.29718 6.84823
7 -0.282853 0.451715 7.0258
7 -0.179542 -0.260079 0.801617
7 -0.615862 0.50104 0.704463
7 0.216423 0.295807 7.03199
7 -0.148829 -0.454877 0.758628
7 -0.797321 -0.432438 6.95527
7 -0.314546 -0.594383 0.738452
7 -0.0482134 0.961662 0.790393
7 -0.0545728 0.86213 6.96491
7 -0.518414 0.359727 6.96363
7 0.591278 0.677157 0.833345
7 -0.0839124 0.915704 6.9604
7 0.733305 0.536488 0.849109
7 -0.982183 -0.110476 0.748513
7 -0.448752 0.532858 2.03736
7 0.476943 -0.287557 7.01072
7 -0.385471 -0.842033 6.99165
7 0.646199 -0.120541 0.791497
7 -0.799789 -0.703819 6.83162
7 0.0387316 -1.0073 6.97893
7 -0.661228 -0.631829 6.96253
7 0.649295 -0.0873849 5.38707
7 -0.407694 0.430189 6.83222
7 -1.06299 0.076838 0.689545
7 -0.0838718 -0.547864 0.756395
7 -0.40984 0.654243 0.719772
7 0.556816 0.465431 0.775698
7 0.222203 -0.302718 0.774781
7 -0.753492 0.4215 0.719204
7 0.37047 -0.808985 0.769549
7 -0.588658 0.35944 6.93481
7 0.133451 0.869284 0.728763
7 -0.222784 0.302135 7.02543
7 -0.751817 0.196042 2.83492
7 0.099189 -0.849153 0.762114
7 -0.766907 -0.00524914 0.747333
7 -0.938639 0.442996 0.777939
7 0.55683 0.709738 0.899177
7 -0.0113328 -0.0198038 0.777157
7 -0.498439 -0.921942 6.92339
7 -0.279164 0.262804 0.756753
7 0.0384724 0.656008 7.02245
7 -0.740987 -0.279555 6.98774
7 -0.238582 0.262993 0.769828
7 -0.36582 0.694094 6.90786
7 0.0506893 -0.958518 6.983
7 0.143579 0.0797351 7.03675
7 -0.575494 -0.341011 6.97468
7 -0.983306 -0.385795 6.82228
7 0.865122 -0.362303 0.767482
7 0.0601284 0.440357 0.850019
7 0.314924 -0.355773 0.76929
7 0.51005 -0.252642 7.04001
7 -0.643289 0.44171 6.93949
7 -0.441891 -0.342196 0.752521
7 0.714795 0.29551 7.03103
7 -0.180825 0.0478011 7.02303
7 0.339469 0.183168 0.770449
7 -0.305997 0.921672 1.46288
7 -0.312663 -0.706848 0.734475
7 0.325829 -0.836685 0.783181
7 -0.949312 0.0761752 1.57941
7 0.964418 0.228531 6.81344
7 0.484201 0.815247 6.84596
7 0.13244 0.0318297 0.775199
7 0.910432 0.22696 0.948008
7 -0.507767 0.745829 6.30342
7 0.285925 -0.926636 6.42259
7 -0.979349 -0.255658 0.682526
7 0.285578 0.28178 0.806629
7 -0.399345 -0.354476 0.737826
7 -0.216676 0.932861 0.700748
7 0.305466 -0.656958 7.0392
7 0.516881 -0.854647 6.95897
7 0.152895 -0.167173 0.766302
7 0.0416324 0.540913 0.823272
7 -0.119413 -0.406518 0.755297
7 -0.0507627 -0.013246 7.03206
7 -0.871117 0.00683114 0.768815
7 -0.617038 0.542709 6.92963
7 1.04463 0.0432612 6.66223
7 -0.449442 0.796847 6.94334
7 -0.260331 0.0893561 0.759114
7 -0.17789 0.00210595 0.748299
7 -0.965189 0.356977 0.787758
7 -0.239569 -0.34912 7.02222
7 -0.731922 -0.435404 0.702657
7 0.118369 -0.696806 7.04157
7 -0.530704 0.461757 6.98141
7 0.95846 -0.344442 6.84625
7 -0.285891 -0.364677 7.01823
7 0.076905 -0.0579369 7.03356
7 0.755743 -0.380824 0.816711
7 -0.555414 -0.30358 6.8949
7 -0.237209 0.430486 0.74942
7 0.615339 0.132758 0.818167
7 0.52779 -0.615421 0.770732
7 -0.136099 -0.7313 0.750511
7 -0.164774 -0.155261 1.32859
7 0.336083 0.407545 0.766153
7 0.884366 0.187851 0.836888
7 -0.341665 0.464902 0.833794
7 0.1617 0.588875 7.02661
7 -0.714651 0.763091 6.75244
7 -0.550555 0.125208 0.750168
7 -0.573785 -0.0478698 0.732892
7 0.188374 0.0101821 6.78415
7 0.701694 0.751959 0.801171
7 -0.790319 0.184089 0.829118
7 0.808848 -0.609716 0.854955
7 -1.1052 0.4774 4.08711
7 0.939411 -0.0160088 7.03465
7 -0.282569 0.0255845 0.751807
7 0.137727 0.288336 7.00878
7 -0.132673 0.191975 7.02976
7 0.0968663 0.301511 1.13463
7 0.843611 0.387038 7.05449
7 -0.367302 0.790966 1.07306
7 -0.206384 0.340954 0.770453
7 -0.628102 -0.216908 6.99159
7 0.11877 0.814633 0.754497
7 0.288778 0.0618917 0.847154
7 -0.642176 -0.0450556 0.733167
7 -0.521586 0.208701 7.02524
7 -0.723566 -0.549155 0.725368
7 -0.347043 -0.34987 0.746419
7 0.370895 -0.971219 0.863382
7 -0.695999 -0.602603 6.6257
7 -0.130795 -0.23467 0.776584
7 -0.772326 0.668865 6.95006
7 0.330485 -0.164473 0.777269
7 0.623739 -0.248708 0.812438
7 -0.144669 -0.639634 7.01237
7 -0.221191 -0.00700414 0.754332
7 -0.595046 0.437529 6.83818
7 -0.328578 0.782598 1.46178
7 -0.0815665 -0.954395 0.792936
7 -0.744677 -0.688486 6.79346
7 -0.417813 -0.571235 6.91261
7 -0.787789 -0.551897 0.712016
7 0.164532 -0.905338 0.770643
7 -0.029721 0.177584 0.759455
7 -0.874958 0.278971 6.9942
7 0.783399 0.442797 0.930712
7 -0.139262 0.84764 6.57768
7 -0.300367 0.0692502 0.761751
7 0.149572 0.539405 7.01619
7 0.103428 -0.57151 0.763828
7 0.234862 0.0538995 6.99283
7 -0.812327 0.34055 6.90254
7 0.0665096 -0.425303 0.766528
7 -0.00714771 -0.794435 6.99564
7 0.367683 0.234513 0.804826
7 0.129844 0.679582 6.94339
7 0.214532 1.01972 1.20589
7 0.415077 0.0611353 0.770643
7 0.37659 -0.867025 0.776961
7 -0.147094 -0.500524 0.748838
7 -0.166453 0.972079 0.707162
7 -0.852007 -0.248677 0.870368
7 -0.327695 0.186849 0.775822
7 -0.381177 0.102783 7.02773
7 1.09547 0.160105 1.90622
7 0.437098 0.790962 7.00418
7 -0.943522 0.150664 6.79057
7 -0.316204 0.418957 0.767393
7 0.509184 0.201429 0.831932
7 0.734246 0.0498942 6.98659
7 0.223511 -0.0108895 0.821586
7 0.560651 0.572152 0.908745
7 0.416268 -0.442322 0.771037
7 -0.627064 0.643353 0.716347
7 0.148149 -0.466044 0.804429
7 -0.85885 0.0689767 0.884008
7 0.831373 0.457323 0.888133
7 -0.537431 0.0706712 0.760708
7 0.386053 -0.479801 0.767008
7 -0.678155 -0.414571 6.96236
7 0.220177 0.406455 7.01593
7 0.340416 -0.122064 0.795875
7 -0.219337 -0.925277 6.95349
7 0.523558 -0.527899 6.98808
7 -0.822452 0.13831 0.770083
7 -0.603387 0.314068 7.00424
7 -0.416292 0.711111 0.733862
7 -0.15678 -0.880181 6.85724
7 1.00421 -0.0981589 7.00141
7 0.667292 0.235771 6.82409
7 0.0527914 -0.478955 0.764051
7 0.533018 -0.141813 0.781144
7 -0.136353 -0.95285 6.95886
7 -0.402728 0.318591 6.83859
7 0.177074 0.313474 0.772294
7 0.0252199 -0.387356 0.762511
7 -0.698306 0.311675 6.76467
7 -0.0421145 -0.227237 0.757865
7 0.676145 0.272532 0.790706
7 -0.270618 -0.683139 0.732706
7 -0.513114 0.163621 0.767614
7 -0.696014 -0.875575 1.27052
7 0.0346995 -0.892001 0.812797
7 0.65708 -0.487902 7.00907
7 0.253943 -0.613212 0.776874
7 -0.576738 -0.398222 6.96798
7 0.157673 -0.551194 0.772696
7 -0.0941387 -0.453122 0.755461
7 -0.23804 0.506846 0.791916
7 -0.615151 0.135805 0.873562
7 0.657462 0.141754 0.78537
7 -0.323362 -0.793207 6.85726
7 0.358793 -0.436216 7.03047
7 -0.481425 -0.218061 0.732126
7 -0.82201 -0.166367 0.719308
7 -0.453156 -0.878574 6.98162
7 0.740053 -0.642535 6.81615
7 -0.762172 -0.140517 6.99638
7 -0.0784246 0.655496 6.99605
7 0.909844 -0.773866 3.46105
7 0.744393 0.58118 0.839232
7 -0.190536 -1.02132 0.860628
7 -0.582171 -0.202416 6.99992
7 0.893286 0.41157 0.813655
7 -0.369296 -0.251785 0.761307
7 -0.0855014 -0.218181 0.755248
7 0.0019323 0.60327 0.809903
7 -0.622781 -0.0841482 6.99679
7 0.0714232 -0.374754 0.782072
7 -0.814416 0.0345108 0.82232
7 -0.081859 -0.670111 1.00721
7 0.479032 -0.47022 0.773861
7 -0.578852 0.0738839 0.767136
7 0.12181 0.159802 0.767355
7 0.652491 -0.324812 7.03272
7 0.374879 0.089445 0.770493
7 0.117787 -0.274749 7.04337
7 0.440817 0.589677 0.801424
7 -0.556553 0.311143 7.00521
7 0.198953 -0.182501 0.767291
7 -0.158229 0.429669 0.751101
7 0.797498 0.187597 0.811253
7 0.461353 -0.0166946 7.0406
7 0.574064 0.517308 0.803274
7 -0.175705 -0.569798 0.766304
7 0.497573 0.748192 0.855033
7 -0.671281 0.483841 0.744038
7 -1.00538 0.156353 0.847001
7 0.131021 0.764813 6.97619
7 0.0129658 0.0652691 7.0227
7 0.0031311 0.0254368 0.768438
7 -0.115992 0.522942 0.738901
7 0.03641 -0.126666 0.759552
7 0.20748 0.248778 0.763748
7 0.239635 0.708773 7.00787
7 -0.0522248 -0.777858 0.815006
7 -0.0039495 1.08678 6.60017
7 0.438933 -0.620359 7.03094
7 -0.51777 0.415027 6.90386
7 -0.309408 -0.33033 0.756726
7 0.261335 -0.56384 0.775424
7 -0.726414 0.16189 0.82502
7 0.379591 0.817082 0.739228
7 0.376929 -0.186263 0.783565
7 0.729159 -0.104478 0.790993
7 -0.0512056 -0.17539 7.03487
7 0.650066 -0.384129 6.93966
7 0.677117 0.397352 7.03152
7 -0.53185 -0.386028 0.714591
7 0.0970792 -0.903331 6.99228
7 -0.834334 -0.017183 0.980816
7 -0.769295 0.075281 0.751544
7 0.155813 -0.41429 0.771256
7 0.671252 -0.280258 7.01549
7 0.0838311 -0.516765 0.776014
7 -0.871475 -0.584287 0.771675
7 -0.326792 0.965428 6.64374
7 0.127873 -0.107589 0.760051
7 0.613142 0.193246 0.989619
7 -0.392549 0.752876 6.93231
7 -0.275138 0.844041 6.91748
7 0.428205 0.513186 7.02672
7 0.0501561 0.20706 0.804065
7 0.30768 0.590388 0.817173
7 -0.337151 -0.0346672 0.770785
7 -0.0402209 -0.358237 7.03805
7 0.387531 -0.122957 0.805667
7 0.210358 0.750551 6.92332
7 0.711338 -0.329418 7.03418
7 -0.00322718 -0.734723 7.00373
7 -0.425581 0.00538444 6.96823
7 -0.82453 -0.210872 6.969
7 -0.075613 0.516339 6.94845
7 -0.465169 0.359612 0.758751
7 0.728774 -0.584139 0.93195
7 -0.711701 -0.218732 0.727019
7 0.221821 -0.245023 0.775527
7 0.0223281 0.495673 5.16521
7 0.0422699 0.949848 6.95307
7 0.338502 -0.314376 0.777049
7 -0.312347 0.535342 0.756512
7 0.659888 0.192067 0.768203
7 -0.492428 -0.638807 6.98335
7 0.539128 0.0659082 7.03773
7 0.685257 -0.631741 6.98395
7 -0.514859 -0.271411 0.72865
7 0.572113 0.284189 0.798654
7 -0.786744 -0.480596 6.9584
7 0.42633 0.642705 0.810864
7 0.998556 -0.472725 6.08213
7 0.790908 0.355622 1.02145
7 -0.481437 0.676724 6.92986
7 -0.206342 1.04084 0.956167
7 0.486676 -0.391198 0.893011
7 0.452629 0.87057 1.4112
7 -0.528166 -0.193263 0.761174
7 -0.522855 -0.868881 6.9211
7 0.520328 -0.369177 7.0228
7 -0.481466 -0.377377 6.99028
7 0.122333 0.606915 0.786324
7 -0.207028 -0.313168 0.750493
7 0.622369 0.647303 1.05835
7 -0.346728 0.0764914 0.87555
7 0.965528 -0.0606986 0.854098
7 0.528804 0.842951 6.96413
7 -0.785661 0.570149 0.719517
7 -0.44029 0.0494558 0.856115
7 -0.525962 -0.544161 0.728538
7 0.668628 0.728984 6.52515
7 -0.65996 0.690202 6.94345
7 0.0424295 -0.780173 0.877806
7 -0.708345 0.0897222 6.99674
7 -0.376721 -0.784813 0.734435
7 -0.250663 0.390888 0.836995
7 -0.899381 -0.480321 6.9095
7 -0.428799 -0.100718 7.02111
7 0.852895 0.0790742 6.99917
7 -0.398984 -0.475727 7.00592
7 -0.166575 -0.68737 0.746451
7 -0.57935 0.0169462 0.80256
7 0.191425 0.359391 0.798295
7 -0.38467 -0.0456441 0.751559
7 -0.250945 0.133197 0.760582
7 -0.132939 0.574835 6.9849
7 -0.753995 -0.389107 6.97537
7 -0.165882 0.628748 0.809526
7 0.308669 0.787053 0.842975
7 0.203588 -0.949117 0.767078
7 -0.421497 0.897013 6.89377
7 0.278403 -0.180313 7.03901
7 0.22337 -1.00897 0.786161
7 0.749964 0.214383 7.02095
7 0.874386 -0.278731 0.885792
7 0.39089 0.885634 6.91206
7 0.502165 -0.00900293 0.784883
7 -0.94439 0.198236 0.814772
7 -0.546294 -0.624876 0.699876
7 -0.169912 -0.414096 0.754164
7 0.253866 -0.427851 7.00162
7 -0.828916 -0.124672 6.3983
7 -0.945277 -0.31315 6.81244
7 -0.32785 -0.899871 0.761279
7 -0.769435 -0.224428 0.764457
7 -0.190431 0.260263 0.759041
7 0.0184703 -0.650573 7.03676
7 -0.100512 -0.506218 7.03093
7 -0.82849 -0.30534 0.778119
7 -0.64101 -0.837652 6.77112
7 -0.520496 0.0181121 0.759397
7 -0.102047 0.423376 0.765309
7 0.472633 -0.512164 0.796611
7 -0.651628 0.0245998 0.75823
7 0.179264 -0.325752 0.771127
7 0.318042 -0.0295827 7.04275
7 -0.736567 -0.500727 6.9526
7 0.713486 0.360591 0.778917
7 -0.614871 0.586458 6.71355
7 0.114048 -0.34997 0.772711
7 -0.590308 -0.720358 6.93511
7 0.365988 1.10414 3.65002
7 -0.560981 -0.502301 0.730551
7 0.198576 0.647724 7.01237
7 -0.408403 0.189567 0.790256
7 0.514504 -0.322556 7.01942
7 0.327534 0.834351 0.844232
7 -0.475404 -0.424948 6.99238
7 -0.0691272 -0.318971 0.761064
7 -0.819713 0.636763 0.689594
7 -0.483564 0.311304 6.97864
7 0.118908 0.116757 7.02079
7 0.408767 0.137716 0.783672
7 -0.664423 -0.191604 0.717144
7 -0.164103 -0.308757 0.75789
7 0.312423 -0.564241 0.769118
7 0.824958 -0.429112 0.800605
7 -0.661286 -0.361701 0.728176
7 0.279447 -0.134342 7.00542
7 -0.112929 -1.04477 0.882609
7 0.0895898 0.68208 0.757925
7 0.661395 0.329374 0.762548
7 0.255904 -0.0937145 0.792534
7 0.0891194 -0.01517 0.772673
7 -0.643311 0.390574 0.827184
7 0.547165 -0.661082 0.759016
7 -0.553833 0.254038 0.767207
7 0.856571 0.332892 0.85079
7 -0.618355 -0.30878 6.98816
7 0.483506 -0.589455 7.03481
7 0.835044 -0.0464049 0.762571
7 0.708476 -0.247644 6.91863
7 -0.0377423 1.06788 6.36674
7 -0.556068 0.965299 1.37408
7 -0.564326 0.393671 0.738173
7 0.608149 -0.339183 0.755916
7 0.724148 -0.184195 0.752172
7 -0.0734852 -1.13373 5.75558
7 0.521218 0.658606 6.84409
7 -0.255478 -0.0860053 0.755199
7 0.441972 -0.722073 0.760322
7 0.833296 -0.105664 0.775465
7 -0.123525 0.0396181 7.01987
7 -0.892606 0.126536 1.02391
7 0.927345 0.367869 0.775481
7 -0.448245 -0.52497 0.721362
7 0.282243 0.458036 6.46254
7 0.779622 0.0486758 7.03117
7 -0.00698111 -0.611952 0.772832
7 0.780869 0.395258 0.834944
7 0.205601 -0.105128 7.03915
7 0.0754418 0.033061 0.760426
7 -0.196632 0.124338 0.762005
7 -0.294849 0.148062 0.755786
7 0.874989 -0.474298 6.95834
7 -0.218246 -0.794648 6.97996
7 0.00242708 -1.04616 6.75704
7 -0.504425 -0.582392 0.731011
7 0.625942 0.596081 0.854532
7 0.158392 0.493648 0.763827
7 -0.284734 -1.03804 6.75384
7 0.0255823 0.319496 7.03798
7 -0.52585 -0.820181 0.762239
7 0.548858 -0.814578 7.0279
7 0.576959 0.392189 0.790341
7 -0.204788 -0.209291 7.03322
7 0.207833 0.547009 6.99384
7 0.333259 -0.266732 0.762076
7 -0.364995 0.0405622 7.0284
7 0.13838 -1.05308 6.85386
7 0.366728 0.295856 0.786849
7 0.394372 0.545897 6.98212
7 0.297888 0.351642 7.02259
7 -0.362453 -0.128364 0.749421
7 1.0174 -0.265059 1.32357
7 -0.068712 -0.0611351 1.47968
7 0.902521 0.141229 0.851938
7 -0.06952 -0.887827 0.745613
7 -0.109891 -0.853997 0.742411
7 0.153693 0.448757 0.775852
7 -0.172361 0.908985 0.80896
7 0.172445 -0.05833 0.762218
7 0.530899 -0.465218 0.763361
7 0.88139 0.633839 5.28409
7 0.493111 0.701978 0.916215
7 -0.615094 0.867181 6.72329
7 0.205151 0.493454 0.766495
7 0.920054 0.75296 3.65641
7 -0.752881 0.609309 0.793467
7 0.537812 0.135327 0.808102
7 -0.548304 -0.240802 7.00188
7 -0.6723 -0.524215 6.93545
7 -0.774997 -0.0519647 0.779504
7 -0.513739 0.282237 0.744191
7 -0.510809 -0.0568947 6.99088
7 0.268055 -0.957631 6.98604
7 0.258477 0.498281 0.771844
7 0.457176 0.0357484 0.782753
7 0.746761 -0.285478 6.99885
7 0.233284 0.1682 6.77974
7 0.112944 -0.182249 7.03156
7 0.32314 0.544543 0.806739
7 0.369095 -0.557949 0.765829
7 0.0442188 -0.687812 0.756673
7 -0.194042 0.396395 0.757807
7 0.381337 -0.286089 7.02707
7 0.272123 0.91969 0.867631
7 0.374878 -0.0423305 0.765102
7 0.237389 -0.658182 0.761381
7 -0.731251 0.283097 7.00556
7 -0.0836725 0.825468 0.759965
7 0.493982 0.319203 0.781945
7 0.404355 -0.909694 0.783912
7 0.00556463 0.570632 1.20646
7 -0.244231 -0.462804 7.01137
7 0.402915 -0.0142667 0.765014
7 0.498413 0.374935 0.780309
7 -0.650938 -0.676239 0.878979
7 0.369445 -0.231277 7.03378
7 -0.483437 0.121648 7.02675
7 0.021042 -0.340295 0.770498
7 0.271803 0.84925 6.98272
7 -0.0301412 -0.450163 0.760183
7 -0.413529 -0.270681 7.00897
7 -0.704988 0.385403 0.783118
7 -0.270563 -0.218911 7.02761
7 0.189047 -0.476701 0.766788
7 0.408284 -0.776511 0.764989
7 -0.222743 -0.85558 0.746159
7 -0.828248 -0.607673 0.739401
7 -0.544729 -0.677784 6.96866
7 -0.146526 0.805082 6.29803
7 0.518443 0.536312 7.04377
7 0.308073 -0.41083 0.779376
7 -0.759541 -0.763737 0.91221
7 -0.462406 0.746584 6.8031
7 -0.749464 0.226993 0.830537
7 -0.601983 0.727128 6.90253
7 0.663084 -0.21252 0.768667
7 0.547188 0.615808 0.794636
7 -0.308509 0.580297 0.751563
7 -0.436071 0.2552 7.02171
7 0.442694 -0.0531674 0.779228
7 0.0238731 -0.289876 7.0249
7 0.126877 0.956705 0.852298
7 1.03434 -0.0275137 1.0547
7 0.260393 -0.280206 7.04658
7 0.551475 -0.927775 1.25331
7 0.727075 0.44055 6.93495
7 0.542568 0.418121 0.788539
7 0.702482 0.12664 7.02591
7 -0.713231 -0.0071582 6.72369
7 -0.828477 -0.388425 6.92261
7 0.167321 -0.124748 7.03731
7 0.545636 -0.417923 7.0305
7 0.572114 -0.723448 0.830938
7 0.100447 -1.00566 6.97319
7 -0.772418 -0.634456 0.776832
7 0.465923 -0.878129 0.76501
7 -0.343429 -0.430301 6.96592
7 0.236024 -0.474478 7.04381
7 -0.0691353 -0.271271 0.759423
7 -0.0220805 -0.309515 0.760954
7 0.172324 0.67746 0.780946
7 0.829449 -0.177215 7.03625
7 -0.438819 -0.957563 0.710083
7 -0.437801 -0.163889 0.777855
7 0.406834 0.420184 7.03699
7 -0.0520686 -0.48997 0.756965
7 -0.0976149 -0.366025 7.0287
7 -0.872256 0.609952 0.695485
7 -0.301675 0.663729 0.735941
7 0.0365154 0.786807 6.97606
7 -0.236744 -0.518273 7.01854
7 0.0536672 -0.596852 0.759544
7 -0.108638 0.757256 0.760522
7 -0.866604 -0.695802 6.6452
7 0.316819 0.73586 6.9827
7 -0.0410154 0.0527011 0.760999
7 -0.859018 -0.101038 0.729017
7 -0.731806 0.7107 6.84714
7 -0.386125 0.476531 0.832551
7 0.798633 -0.487701 0.760225
7 0.498007 -0.677654 0.765836
7 0.877736 -0.0121748 0.796597
7 0.540766 0.341994 0.778583
7 -0.568303 -0.0928112 7.00363
7 0.391552 -0.669189 0.772488
7 -0.617599 -0.133162 0.728237
7 -1.1469 0.319881 2.50579
7 0.354015 0.363342 6.99764
7 -0.137404 -1.0003 0.75822
7 0.26117 0.242937 0.777972
7 -0.387428 -0.704098 0.741704
7 -0.580544 -0.572596 0.720074
7 0.328289 0.951438 6.88589
7 0.641886 0.0750424 0.805249
7 0.916322 0.0382949 0.808099
7 -0.212441 0.464303 7.00526
7 -0.239715 0.748572 0.706907
7 -0.00355712 -0.196552 0.75971
7 -1.06277 0.153545 6.82198
7 -0.0159575 0.879177 6.38865
7 -0.261243 -0.403623 0.779993
7 -0.708361 -0.3126 6.94461
7 -1.00457 0.306941 6.97505
7 -0.403472 -0.138569 0.762772
7 0.76311 0.640389 0.883742
7 -0.444396 -0.720854 6.94823
7 -0.87781 0.211745 0.809368
7 -0.0213469 0.636285 0.747236
7 -0.213904 -0.431807 0.744193
7 -0.0842117 -0.103486 7.01568
7 0.573583 -0.107293 7.02374
7 0.822533 -0.381967 6.90219
7 0.335998 -0.916071 7.03196
7 0.973013 0.045682 0.886961
7 0.296783 0.696488 0.875645
7 -0.979503 -0.337293 0.702095
7 -0.121151 -0.2768 7.03138
7 -0.0714342 0.599032 0.749699
7 0.504063 0.109223 0.877971
7 0.58415 0.752192 0.8258
7 0.847215 -0.686516 6.10526
7 0.836332 0.280218 6.99167
7 -0.160647 -0.771031 0.740423
7 0.598882 0.240537 7.01205
7 0.606355 0.826664 6.88282
7 0.447873 0.349789 0.786248
7 -0.33879 0.826001 0.826519
7 -0.0386024 -1.03016 6.32561
7 0.906543 0.0929404 0.793732
7 -0.69935 0.436365 0.714118
7 0.550049 0.177114 0.777959
7 -0.0918818 0.381933 0.797108
7 0.902329 -0.420318 0.946471
7 0.704484 -0.382149 0.832081
7 -0.951821 -0.417842 0.766674
7 0.102607 -0.458418 0.787562
7 -0.225565 0.595072 1.85787
7 -0.460008 0.485695 6.94235
7 1.02807 -0.404809 5.68683
7 0.312679 0.477415 0.798999
7 -0.444267 -0.824656 0.722744
7 -0.538465 1.08655 3.91536
7 0.404229 -0.586371 0.765963
7 0.469463 -0.218657 0.802017
7 0.543891 0.231834 7.03537
7 -0.27028 -0.941476 0.734575
7 -0.687321 -0.468095 0.766841
7 -0.0514433 -0.634375 0.767155
7 -1.11753 0.0208759 1.18004
7 -0.0324439 0.238677 7.03733
7 -0.0101772 -0.257163 0.764758
7 0.286394 0.402961 0.762215
7 0.247263 -0.209108 0.771918
7 0.749073 0.139843 0.761181
7 0.625589 -0.526061 0.807284
7 -0.598841 -0.259623 0.730281
7 0.976462 0.30275 0.957653
7 -0.0633258 -0.730968 0.768909
7 0.278249 -0.325735 0.77311
7 0.430489 0.214121 7.02988
7 -0.565893 0.17356 0.743272
7 -0.0549383 0.557693 0.768008
7 0.18015 -0.815725 1.49198
7 -0.672649 0.6167 6.96124
7 -0.635546 -0.481665 6.96317
7 0.138397 -0.605148 7.00962
7 -1.00591 0.0913315 0.870958
7 0.970074 -0.172504 0.767835
7 -0.848262 -0.0571453 0.759961
7 0.412108 -0.332086 7.02712
7 -0.0920767 0.700397 0.733661
7 -0.487171 0.243839 0.747102
7 -0.70285 -0.143836 0.73057
7 1.0083 0.228035 0.950892
7 0.0554002 -0.843104 0.9634
7 -0.743165 0.0353534 6.99496
7 0.840756 -0.241493 0.753341
7 -0.470571 0.873798 6.76573
7 0.129975 -0.230433 0.782132
7 0.459702 -0.944066 1.12004
7 -0.155376 0.0879013 0.760804
7 0.332929 -0.77183 0.786647
7 -0.0221032 0.100605 0.759762
7 -0.205302 -0.151092 7.03711
7 0.332392 -0.524486 0.830235
7 -0.310984 0.23717 0.774204
7 0.00223113 -0.845551 0.84234
7 -0.235538 0.99257 0.915594
7 -0.905185 0.521771 0.799386
7 -0.654719 -0.743408 0.710912
7 -0.523658 0.786999 6.81409
7 0.663531 -0.429667 0.782861
7 -0.578748 -0.953056 6.46905
7 0.374415 0.697942 0.767731
7 0.894968 -0.0671067 7.0242
7 -0.00936907 0.919445 0.710159
7 -0.0655796 1.01572 0.8212
7 -0.696886 -0.789586 6.87848
7 -0.312859 -0.648327 0.738909
7 -0.265588 -0.585548 7.01543
7 0.503112 0.49254 0.864563
7 -0.740224 0.343077 0.729847
7 -0.487458 -0.167925 0.80885
7 -0.0652146 -0.826532 0.754866
7 0.982792 -0.219844 6.93618
7 0.192273 0.901131 0.742198
7 -0.498696 -0.720884 6.94362
7 0.401016 0.47567 0.82178
7 0.267311 0.542678 0.777207
7 0.306059 0.0141015 7.01965
7 0.34121 -0.695651 0.766613
7 -0.533528 -0.767171 0.785035
7 0.281017 0.16511 7.03983
7 -0.190355 0.779646 0.821007
7 -0.147274 -0.544099 0.757974
7 0.207471 -0.572299 0.764283
7 -0.147426 0.1365 0.766809
7 0.0367886 -0.236788 0.759688
7 -0.165644 -0.920273 0.742145
7 0.846375 0.0271753 6.97328
7 0.863468 0.583263 1.0726
7 0.167039 -0.855076 0.770277
7 -0.663528 0.346459 6.9923
7 0.926425 0.698354 3.93483
7 -0.848995 0.499373 6.9803
7 0.126824 -0.809632 0.797549
7 0.642677 -0.16718 7.01339
7 0.427126 -0.224083 0.798758
7 -0.917496 -0.249057 0.70823
7 -0.703265 -0.716085 0.678473
7 -0.466966 -0.480092 6.96196
7 -0.233614 -0.993061 0.722281
7 0.284371 -0.857915 0.813701
7 -0.236539 0.638895 1.02451
7 0.0695357 -0.721728 7.03389
7 -0.493301 0.471428 6.55677
7 -0.327106 0.120439 7.01665
7 0.663193 -0.767056 0.757962
7 -0.369994 0.338111 0.799945
7 -0.337697 -0.202852 7.0218
7 -0.340956 -0.523577 0.750341
7 0.0687647 0.821185 0.718362
7 -0.0177242 -0.398591 0.758909
7 0.580675 -0.0429296 7.03403
7 0.0328972 -0.0882185 2.62318
7 0.299285 0.642641 6.96634
7 -0.116794 0.624207 6.94505
7 0.0998648 0.544371 0.784535
7 0.35055 -0.0732611 0.784666
7 0.754323 -0.228801 0.832657
7 0.816666 -0.29666 6.9539
7 0.874501 -0.585025 6.63332
7 0.140821 -0.0120574 0.776519
7 -0.879619 0.340757 6.90772
7 -0.370248 0.155703 7.00096
7 -0.0658317 -0.410599 0.76154
7 -0.524341 0.56235 0.733813
7 -0.420428 0.134225 7.01113
7 -0.997039 0.00900941 6.92314
7 0.600851 0.00564256 7.02788
7 -0.214328 0.0799796 7.02455
7 0.922614 0.315465 0.910921
7 0.522803 0.278781 0.771452
7 -0.524193 0.608852 6.97491
7 0.208436 0.606567 0.865263
7 -0.432054 -0.418733 0.731879
7 -0.778186 -0.0923684 0.883527
7 0.0828072 -0.104124 7.03784
7 -1.04716 -0.309718 6.56136
7 0.639434 -0.806525 6.51195
7 -0.94142 -0.548623 6.81046
7 0.0249742 0.248411 0.810622
7 0.593651 0.344307 0.848385
7 0.32526 0.257294 0.784169
7 -0.165676 0.346143 0.758617
7 0.175576 -0.222492 0.771712
7 0.483874 -0.159365 7.02679
7 -0.619543 -0.374691 6.98261
7 -0.827077 0.298963 0.780844
7 0.000593388 -0.567801 7.02566
7 -0.398943 0.530942 0.761236
7 -0.0465822 0.136529 7.03077
7 0.460882 0.407572 6.69537
7 0.372022 0.6259 6.89546
7 -0.0894018 0.334145 6.94715
7 0.53201 -0.768447 0.835383
7 -0.0537315 0.737264 6.79713
7 -0.171607 -0.828949 6.98236
7 0.00957844 0.407427 0.802125
7 0.598592 -0.206979 7.03811
7 0.425003 -0.271265 0.767
7 -0.995316 -0.0507251 6.94857
7 -0.87119 0.447348 0.724791
7 0.770959 0.494297 0.831938
7 0.0456701 0.359457 0.783898
7 0.898332 -0.322992 6.94851
7 -0.88383 -0.527323 0.890416
7 0.347316 0.0298375 0.765868
7 -0.398953 -0.448591 1.76504
7 0.313123 -0.610559 7.04365
7 0.267739 -0.0448399 0.774548
7 0.304577 0.210827 0.766757
7 0.377 -0.355556 0.768197
7 0.182145 -0.66374 0.764177
7 0.248228 0.363864 7.03201
7 0.303046 -0.736277 0.778014
7 -0.405467 -0.900466 0.727336
7 -0.0353535 -0.958811 1.19771
7 -0.39773 -0.514869 7.00054
7 0.264286 -0.515714 0.77254
7 -0.858617 0.165466 0.764206
7 0.637981 0.773837 0.885277
7 0.598009 -0.822767 0.830278
7 -0.333916 0.330159 0.934447
7 0.220851 0.942163 6.86017
7 0.394975 0.0246744 6.92589
7 0.364648 -0.626425 7.038
7 -0.335861 0.634125 0.720993
7 -0.620669 -0.696704 1.48778
7 0.129459 1.03597 1.15197
7 0.420357 0.732838 0.791816
7 0.047191 0.711455 0.751902
7 0.286809 1.16571 2.97793
7 -0.11292 -0.792043 6.98028
7 -0.251309 -0.129514 0.768484
7 0.469871 0.546464 0.80694
7 -0.158118 -0.361388 0.751179
7 0.951796 -0.127831 0.84662
7 0.17548 0.409612 0.779977
7 0.318199 -0.21136 0.782732
7 0.0480811 0.495924 0.755274
7 0.498223 0.438565 0.812317
7 0.523377 0.986483 1.93166
7 -0.00634774 0.684508 0.736153
7 -0.3446 0.26664 0.784298
7 -0.95332 -0.16245 0.729592
7 -0.298602 -0.0603588 7.02332
7 0.079542 -0.214062 7.03435
7 -0.229428 -0.24866 7.02686
7 -0.1073 0.0802013 7.02202
7 -0.59239 -0.876528 6.81907
7 -0.522663 -0.44243 0.745652
7 -0.478299 -0.784383 6.93562
7 -0.185583 0.840125 0.736713
7 0.185271 0.0541973 0.770204
7 -1.00294 0.218125 0.748973
7 -0.812862 0.729714 6.67852
7 0.896647 -0.118545 0.8281
7 0.226957 -0.831351 0.784692
7 0.194945 0.0988698 0.767988
7 0.563633 -0.342246 0.766878
7 -0.226253 -0.70034 7.01089
7 -0.357978 0.392343 0.851921
7 -0.10264 -0.702579 0.768302
7 0.0892359 0.0696459 7.03957
7 -0.118502 -0.324187 0.756326
7 0.116479 -0.397694 0.767134
7 0.18632 0.190018 0.761972
7 -0.223701 -0.562877 0.739835
7 0.495007 0.0552333 6.99965
7 -0.237579 0.807596 6.96616
7 0.724206 -0.504875 1.01351
7 0.646591 0.0221365 0.770685
7 0.270631 -0.78915 0.76207
7 -0.689867 0.860255 6.37227
7 0.989312 0.518313 5.87033
7 0.0167431 -0.445537 7.03169
7 -0.107341 0.298278 0.756556
7 0.587709 -0.154438 0.768307
7 0.175049 1.06759 1.82055
7 -1.0755 -0.189081 1.05508
7 -0.619081 -6.92355e-05 7.00734
7 -0.309665 -0.237531 7.01871
7 -0.120674 0.250083 0.767391
7 0.0924607 -0.76781 7.02475
7 -0.661745 -0.132891 6.97536
7 -0.00155726 -0.142602 0.754786
7 -0.206769 0.667028 0.871182
7 0.350103 0.505694 0.763469
7 -0.302797 0.375259 0.820102
7 0.31369 0.129175 0.804122
7 -0.282774 -0.48714 0.738061
7 -0.90549 0.396568 0.804031
7 -0.0766149 0.0290019 7.0236
7 -0.717706 0.127292 0.753266
7 0.783655 -0.054417 0.778317
