183 -0.895414 0.308418 0.753335
183 0.655956 -0.687908 0.753335
183 -0.448288 -0.598987 7.03652
183 -0.407357 0.826334 0.753335
183 -0.259017 -0.0398639 0.753335
183 -1.04741 -0.0454376 7.03652
183 -0.853964 -0.396263 0.753335
183 -0.429927 0.568149 0.753335
183 0.00956165 0.147716 0.753335
183 0.741228 -0.491814 0.753335
183 0.0724005 0.384679 7.03652
183 -0.0224638 0.969628 0.753335
183 -0.441708 0.872681 7.03652
183 -0.337115 -0.0655517 0.753335
183 -0.112721 0.450774 7.03652
183 0.422003 -0.17039 0.753335
183 0.456396 -0.314756 7.03652
183 -1.02571 -0.229143 7.03652
183 -0.974432 -0.129195 0.753335
183 -0.278075 0.938074 0.753335
183 0.0958363 0.192167 7.03652
183 -0.841618 -0.149053 7.03652
183 -0.173986 0.168655 0.753335
183 -0.746484 0.283398 7.03652
183 0.940445 0.0885668 0.753335
183 0.430531 0.91158 0.753335
183 -0.192829 0.510491 7.03652
183 -0.868729 -0.193338 0.753335
183 -0.177899 0.216035 0.753335
183 -0.713242 0.664708 0.753335
183 0.069663 -0.510676 0.753335
183 0.0550458 -0.192354 7.03652
183 -0.0917122 0.0017691 7.03652
183 -0.139561 -0.00569811 7.03652
183 -0.377457 0.956581 0.753335
183 -0.580501 0.581355 0.753335
183 0.0580304 -0.327494 7.03652
183 -0.0700268 0.0922322 7.03652
183 -0.606427 -0.762354 0.753335
183 0.757449 0.260727 0.753335
183 -0.350348 -0.91597 0.753335
183 0.159045 -0.957965 0.753335
183 -0.685908 0.483668 7.03652
183 0.214747 -0.338916 0.753335
183 0.634716 -0.6285 7.03652
183 -0.11722 0.913411 7.03652
183 0.667374 0.666153 0.753335
183 -0.0272112 -0.0706607 7.03652
183 0.737086 0.00456419 7.03652
183 0.143531 -0.746024 0.753335
183 0.61149 0.311589 0.753335
183 -0.608601 0.0744661 0.753335
183 -0.786195 -0.251785 7.03652
183 0.433205 -0.555073 7.03652
183 0.0686511 0.589519 0.753335
183 0.0936129 0.855063 0.753335
183 -0.50948 -0.318615 7.03652
183 0.532803 0.733712 0.753335
183 0.427767 -0.118161 0.753335
183 -0.614827 0.298998 0.753335
183 -0.348261 -0.658017 0.753335
183 -0.335809 0.509135 7.03652
183 -0.349034 0.843874 7.03652
183 0.671396 -0.749857 0.753335
183 -0.35748 0.194459 0.753335
183 -0.458631 -0.130009 7.03652
183 0.274613 -0.220054 7.03652
183 0.205456 -0.39263 0.753335
183 0.525011 -0.0803025 0.753335
183 0.0704972 -0.142278 0.753335
183 0.317978 0.851068 0.753335
183 -0.295353 -0.971834 0.753335
183 -0.913663 0.24416 0.753335
183 -0.0297626 0.76422 7.03652
183 0.0910492 0.139886 0.753335
183 -0.252214 -0.617384 7.03652
183 0.550038 -0.271567 0.753335
183 0.408627 0.652395 0.753335
183 0.262968 0.977303 0.753335
183 -0.950364 0.289677 0.753335
183 -0.226297 0.845239 7.03652
183 0.467995 0.245685 7.03652
183 -0.0283895 -0.529697 0.753335
183 -0.567706 -0.456015 7.03652
183 0.311857 0.0841783 0.753335
183 -0.865276 -0.340455 0.753335
183 0.259906 0.016156 7.03652
183 -0.483391 0.560993 7.03652
183 0.799085 -0.221038 0.753335
183 -0.00881279 -0.894499 0.753335
183 0.331887 -0.451044 0.753335
183 -0.211772 -0.0512688 0.753335
183 -0.285827 0.703294 7.03652
183 0.385224 0.309964 0.753335
183 0.254358 -0.374682 0.753335
183 0.280745 -0.455841 0.753335
183 0.772576 -0.104883 7.03652
183 0.19795 -0.771851 7.03652
183 -0.748871 0.134702 0.753335
183 0.190518 -0.715636 0.753335
183 0.0420161 0.965935 7.03652
183 0.712342 -0.438159 0.753335
183 0.762939 -0.327398 0.753335
183 -0.437139 0.222554 0.753335
183 0.216724 -0.528848 0.753335
183 -0.289855 -0.419626 7.03652
183 -0.242157 0.0492823 7.03652
183 0.6425 -0.0308004 7.03652
183 0.227807 0.621269 0.753335
183 -0.440403 -0.0413455 0.753335
183 0.492974 -0.706869 0.753335
183 -0.275618 -0.267729 7.03652
183 0.00261161 0.716567 0.753335
183 -0.0171193 0.29619 0.753335
183 0.209688 -0.881877 0.753335
183 0.342783 0.454814 0.753335
183 -0.503784 0.654978 0.753335
183 0.761582 0.316035 0.753335
183 0.555649 -0.468408 7.03652
183 -0.566658 0.641912 0.753335
183 -0.0207503 -0.667387 0.753335
183 0.574785 -0.617443 0.753335
183 -0.167859 0.55432 0.753335
183 -0.0510314 0.263787 7.03652
183 -0.21247 -0.714625 7.03652
183 -0.762442 -0.298419 7.03652
183 -0.121032 -0.175382 0.753335
183 -0.486521 0.507146 7.03652
183 -0.539272 0.878318 7.03652
183 -0.186294 -0.098202 0.753335
183 0.596584 -0.674001 0.753335
183 -0.131098 -0.0915914 0.753335
183 -0.640514 0.16474 0.753335
183 -0.00786146 -1.01869 7.03652
183 -0.924694 -0.00548637 7.03652
183 0.148391 0.261832 7.03652
183 -0.0894289 0.232011 0.753335
183 0.852856 0.251455 0.753335
183 0.729776 0.685318 0.753335
183 0.293298 0.316938 0.753335
183 0.169521 -0.353478 0.753335
183 -0.452338 -0.653186 7.03652
183 -0.429464 0.0918512 7.03652
183 -0.161095 -0.57913 7.03652
183 0.0754177 0.745019 0.753335
183 -0.61367 -0.420356 0.753335
183 0.841119 0.531333 0.753335
183 -0.996422 0.0373144 7.03652
183 -0.693485 0.774071 7.03652
183 0.514047 -0.1849 0.753335
183 0.679357 -0.128416 7.03652
183 -0.0812997 0.139333 0.753335
183 -0.470395 -0.0827658 0.753335
183 0.266969 0.582914 0.753335
183 0.552985 -0.215664 7.03652
183 -0.0186015 0.34856 0.753335
183 -0.0999631 -0.128732 7.03652
183 0.37449 0.936686 7.03652
183 0.243837 0.297485 0.753335
183 -0.269145 0.582345 0.753335
183 -0.110092 -0.0460345 7.03652
183 -0.104119 -0.584687 0.753335
183 0.803828 -0.495816 7.03652
183 -0.739855 0.486956 0.753335
183 0.408689 -0.509296 7.03652
183 0.58751 -0.424932 0.753335
183 -0.0618561 0.316481 7.03652
183 0.120351 -0.648291 0.753335
183 -0.0470883 -0.118595 7.03652
183 0.540196 0.0156401 0.753335
183 0.697289 -0.0431331 0.753335
183 0.23232 -0.682244 7.03652
183 0.217504 0.43369 0.753335
183 -0.928993 0.10682 0.753335
183 -0.548352 -0.158919 7.03652
183 -0.142159 0.859897 0.753335
183 0.0759005 -0.280983 0.753335
183 0.328679 -0.957375 0.753335
183 -0.976456 -0.18707 7.03652
183 -0.262893 -0.734043 0.753335
183 0.630087 0.428984 7.03652
183 -0.665944 -0.0709429 0.753335
183 0.00913617 0.200226 0.753335
183 -0.692737 0.539401 0.753335
183 -0.976708 0.377337 7.03652
183 -0.534688 0.816395 7.03652
183 -0.473561 0.0649592 7.03652
183 -0.829099 0.536522 7.03652
183 0.0770788 1.01619 7.03652
183 -0.627385 0.217624 0.753335
183 -0.563969 -0.800454 0.753335
183 0.683125 0.00875447 0.753335
183 -0.326924 -0.289021 0.753335
183 0.0211163 -0.0566063 0.753335
183 -0.564645 0.741423 0.753335
183 0.744217 0.0927179 0.753335
183 -0.486562 -0.0218477 7.03652
183 0.643489 -0.527974 0.753335
183 0.598799 -0.297998 0.753335
183 -0.517813 -0.114246 7.03652
183 -1.02889 0.199504 7.03652
183 0.909679 -0.203522 0.753335
183 0.338901 -0.383554 0.753335
183 -0.161628 -0.0541982 0.753335
183 -0.348026 -0.603515 7.03652
183 -0.00336723 0.454656 0.753335
183 0.45183 0.0867667 0.753335
183 0.426855 0.278623 0.753335
183 -0.405021 0.379342 0.753335
183 0.450922 -0.773579 0.753335
183 -0.2342 0.540725 0.753335
183 -0.154276 0.479259 0.753335
183 0.587454 0.463982 0.753335
183 -0.818816 0.217501 7.03652
183 0.0365753 -0.00394099 7.03652
183 0.538502 0.850566 7.03652
183 -0.301029 -0.162468 0.753335
183 -0.452834 0.170947 0.753335
183 0.0937016 0.493755 0.753335
183 -0.0352488 0.499307 0.753335
183 -0.543216 0.692946 0.753335
183 0.657691 0.0677646 7.03652
183 0.849207 -0.173962 0.753335
183 -0.701199 -0.611274 7.03652
183 -0.483438 -0.46681 0.753335
183 0.149097 0.699631 0.753335
183 0.365254 0.152915 7.03652
183 0.554942 -0.378361 0.753335
183 0.697848 0.17753 0.753335
183 -0.180981 -0.632836 0.753335
183 -0.758903 0.536868 0.753335
183 0.0704638 -0.638003 0.753335
183 -0.459844 -0.254404 0.753335
183 -0.358633 -0.0149058 0.753335
183 -0.416926 -0.757116 0.753335
183 -0.887959 0.0515505 0.753335
183 -0.591469 -0.519792 7.03652
183 -0.599532 -0.572188 7.03652
183 0.379398 0.759545 7.03652
183 -0.227099 0.232387 7.03652
183 0.110937 -0.319366 0.753335
183 -0.469456 0.613797 0.753335
183 -0.1242 1.01694 7.03652
183 0.645726 0.542921 0.753335
183 0.11994 0.401644 0.753335
183 -1.04415 -0.108884 0.753335
183 0.743218 -0.388104 0.753335
183 0.683647 0.452149 7.03652
183 -0.913633 -0.124087 0.753335
183 0.549846 -0.564007 0.753335
183 -0.292711 0.288059 7.03652
183 -0.811065 0.379508 0.753335
183 0.297498 -0.0663936 0.753335
183 -0.885376 -0.289847 7.03652
183 -0.461903 -0.303007 7.03652
183 0.475681 -0.100427 0.753335
183 0.226999 0.779579 0.753335
183 0.378718 0.256652 7.03652
183 0.873315 0.478891 0.753335
183 -0.35283 -0.149884 0.753335
183 0.609856 -0.572564 7.03652
183 0.404173 -0.808889 7.03652
183 -0.221707 0.182941 0.753335
183 -0.12642 0.381829 7.03652
183 0.00196415 0.813651 7.03652
183 0.142695 0.211488 0.753335
183 0.387398 -0.0827737 0.753335
183 0.424324 -0.656086 7.03652
183 -0.168989 -0.178612 0.753335
183 -0.652058 0.114501 0.753335
183 -0.267639 -0.848469 7.03652
183 -0.366579 -0.72688 0.753335
183 0.175904 -0.256531 0.753335
183 -0.399749 -0.627355 7.03652
183 -0.582337 0.234015 0.753335
183 -0.332824 0.911312 7.03652
183 0.916851 0.146045 0.753335
183 0.178255 0.129748 7.03652
183 -0.180412 0.710768 7.03652
183 -0.344736 -0.550671 0.753335
183 -0.6974 -0.0243536 0.753335
183 -0.444273 0.416299 7.03652
183 -0.232065 0.682599 7.03652
183 0.413806 0.171937 0.753335
183 0.736934 -0.148181 7.03652
183 -0.722848 -0.16056 0.753335
183 0.653792 0.603833 0.753335
183 -0.080802 0.186125 7.03652
183 0.390472 0.364664 0.753335
183 0.793726 0.116353 7.03652
183 0.159741 -0.609424 0.753335
183 -0.80442 -0.486697 0.753335
183 0.462456 0.19121 7.03652
183 -0.200057 -0.367139 0.753335
183 -0.987657 -0.347319 7.03652
183 -0.812161 -0.431636 7.03652
183 -0.629078 0.745613 0.753335
183 0.486589 -0.0470995 7.03652
183 0.58612 0.0408466 0.753335
183 -0.293982 0.477624 0.753335
183 -0.837395 -0.619294 0.753335
183 0.619623 0.369717 7.03652
183 0.0581074 0.270796 0.753335
183 0.500263 0.581474 0.753335
183 -0.268973 0.194303 0.753335
183 0.112828 0.349635 0.753335
183 -0.326367 0.022601 7.03652
183 0.381604 -0.696829 7.03652
183 0.206327 -0.0521963 0.753335
183 0.550556 0.12258 0.753335
183 -0.418126 -0.225665 0.753335
183 -0.939117 -0.46395 7.03652
183 0.171219 0.787053 0.753335
183 0.641237 0.487644 0.753335
183 -0.380848 -0.414404 0.753335
183 0.333801 0.661358 0.753335
183 -0.38563 -0.19092 0.753335
183 -0.142872 0.668251 0.753335
183 -0.350984 -0.974985 0.753335
183 -0.799786 0.488042 7.03652
183 0.100389 0.241921 0.753335
183 -0.534307 -0.0106688 0.753335
183 -0.24744 -0.174226 0.753335
183 0.0811167 0.642842 0.753335
183 -0.265284 0.328869 0.753335
183 -0.371495 -0.305529 0.753335
183 0.907315 -0.265609 7.03652
183 -0.924444 0.486817 0.753335
183 -0.588585 0.177197 7.03652
183 -0.296255 -0.5279 0.753335
183 -0.316752 -0.811947 0.753335
183 0.232192 0.197617 0.753335
183 0.717143 -0.702429 0.753335
183 -0.00789445 -0.483077 7.03652
183 -0.669085 -0.248752 0.753335
183 0.592486 0.521671 0.753335
183 -0.587984 0.791472 0.753335
183 0.802549 0.228017 0.753335
183 0.268419 0.116056 0.753335
183 0.0469805 0.11617 0.753335
183 -0.647853 0.261656 7.03652
183 -0.460832 0.0157699 7.03652
183 0.105345 -0.0880485 7.03652
183 0.24408 -0.135395 0.753335
183 -0.360742 0.62619 0.753335
183 -0.385127 0.237731 7.03652
183 -0.263191 -0.790044 0.753335
183 0.770098 -0.546812 0.753335
183 -0.204825 -0.478034 7.03652
183 0.0518112 0.170916 0.753335
183 -0.227435 -0.28721 7.03652
183 -0.662268 0.0649586 0.753335
183 0.220573 0.0982066 7.03652
183 0.456696 0.138821 0.753335
183 -0.336887 -0.44449 7.03652
183 0.210002 0.833677 7.03652
183 0.15973 0.365411 7.03652
183 0.0864317 0.4404 0.753335
183 -0.316967 -0.114338 7.03652
183 -0.782375 0.434494 0.753335
183 0.801521 0.171144 0.753335
183 -0.254328 0.996848 0.753335
183 -0.0541532 0.451429 0.753335
183 0.0354408 0.861634 0.753335
183 0.242573 0.725294 0.753335
183 0.177043 -0.501365 0.753335
183 0.357587 0.561629 0.753335
183 -0.752842 0.381701 0.753335
183 0.598792 -0.0642728 0.753335
183 0.43904 0.445165 7.03652
183 -0.887187 -0.0483799 0.753335
183 0.790817 -0.0118927 0.753335
183 -0.415208 0.326362 0.753335
183 -0.0547574 -0.575654 0.753335
183 0.0989913 -0.929148 7.03652
183 -0.147518 0.294074 7.03652
183 -0.535485 0.491219 0.753335
183 -0.288212 0.761635 7.03652
183 -0.708189 -0.370257 0.753335
183 0.477751 -0.409001 0.753335
183 -0.375212 0.576628 0.753335
183 0.243795 -0.7401 0.753335
183 -0.0369057 0.405109 7.03652
183 0.394774 -0.369432 0.753335
183 -0.654197 -0.294963 7.03652
183 -0.259982 0.440153 7.03652
183 -0.193856 -0.248013 0.753335
183 -0.583566 0.472264 0.753335
183 0.195087 0.280499 7.03652
183 -0.148786 -0.448119 0.753335
183 -0.764981 -0.404922 7.03652
183 -0.297199 -0.582358 0.753335
183 -0.0539522 0.918014 0.753335
183 -0.0556442 0.813268 7.03652
183 -0.504653 0.347972 7.03652
183 0.565661 0.679481 0.753335
183 -0.0820746 0.865636 7.03652
183 0.70211 0.507545 0.753335
183 -0.937134 -0.0702006 0.753335
183 -0.436739 0.515964 0.753335
183 0.459308 -0.261339 7.03652
183 -0.370925 -0.843412 7.03652
183 0.615933 -0.121193 0.753335
183 -0.765636 -0.712525 7.03652
183 0.0329392 -0.963144 7.03652
183 -0.639887 -0.612544 7.03652
183 0.653716 -0.0820504 7.03652
183 -0.389109 0.427587 7.03652
183 -1.04748 0.0776179 0.753335
183 -0.0830817 -0.532106 0.753335
183 -0.416707 0.620565 0.753335
183 0.535615 0.439698 0.753335
183 0.213799 -0.289461 0.753335
183 -0.727425 0.431476 0.753335
183 0.347068 -0.780007 0.753335
183 -0.59876 0.353774 7.03652
183 0.151561 0.842621 0.753335
183 -0.200978 0.312102 7.03652
183 -0.76433 0.230781 0.753335
183 0.0913509 -0.813039 0.753335
183 -0.747412 -0.0105503 0.753335
183 -0.896826 0.42347 0.753335
183 0.50715 0.687715 0.753335
183 -0.010323 -0.0201826 0.753335
183 -0.463369 -0.924557 7.03652
183 -0.274926 0.244534 0.753335
183 0.0312596 0.631556 7.03652
183 -0.722964 -0.257844 7.03652
183 -0.239728 0.283885 0.753335
183 -0.334549 0.673441 7.03652
183 0.0438694 -0.908077 7.03652
183 0.126518 0.0597318 7.03652
183 -0.558609 -0.34561 7.03652
183 -0.968291 -0.405061 7.03652
183 0.82086 -0.336167 0.753335
183 0.0405655 0.426402 0.753335
183 0.299824 -0.351301 0.753335
183 0.506173 -0.241916 7.03652
183 -0.631102 0.454029 7.03652
183 -0.417824 -0.331155 0.753335
183 0.708212 0.293039 7.03652
183 -0.190179 0.0382228 7.03652
183 0.322999 0.184835 0.753335
183 -0.29208 0.870465 0.753335
183 -0.316659 -0.700665 0.753335
183 0.302673 -0.825417 0.753335
183 -0.941791 0.049416 0.753335
183 0.966374 0.244316 7.03652
183 0.479193 0.816046 7.03652
183 0.126596 0.0111552 0.753335
183 0.913467 0.203203 0.753335
183 -0.490058 0.714243 7.03652
183 0.276918 -0.917096 7.03652
183 -0.962833 -0.24417 0.753335
183 0.287263 0.26641 0.753335
183 -0.375442 -0.360174 0.753335
183 -0.239475 0.895926 0.753335
183 0.269196 -0.64375 7.03652
183 0.502146 -0.816145 7.03652
183 0.151328 -0.170796 0.753335
183 0.0581383 0.53306 0.753335
183 -0.116415 -0.397048 0.753335
183 -0.0442773 0.0153801 7.03652
183 -0.862528 0.00316879 0.753335
183 -0.587729 0.527386 7.03652
183 0.995503 0.0592794 7.03652
183 -0.455507 0.78406 7.03652
183 -0.262564 0.0991162 0.753335
183 -0.18481 -0.00857005 0.753335
183 -0.924627 0.357943 0.753335
183 -0.237806 -0.337481 7.03652
183 -0.713875 -0.427257 0.753335
183 0.130263 -0.698275 7.03652
183 -0.536923 0.437074 7.03652
183 0.946677 -0.315877 7.03652
183 -0.283256 -0.36724 7.03652
183 0.0681416 -0.0537025 7.03652
183 0.710353 -0.343338 0.753335
183 -0.555469 -0.293679 7.03652
183 -0.221282 0.410327 0.753335
183 0.596437 0.145004 0.753335
183 0.515462 -0.608961 0.753335
183 -0.112461 -0.727864 0.753335
183 -0.154064 -0.134184 0.753335
183 0.348059 0.393728 0.753335
183 0.85753 0.193094 0.753335
183 -0.33663 0.449902 0.753335
183 0.159412 0.56148 7.03652
183 -0.677447 0.714557 7.03652
183 -0.550144 0.135802 0.753335
183 -0.560124 -0.0644549 0.753335
183 0.166494 -0.0207333 7.03652
183 0.684948 0.728314 0.753335
183 -0.78455 0.172775 0.753335
183 0.798014 -0.604347 0.753335
183 -0.952987 0.432139 7.03652
183 0.924482 -0.0289294 7.03652
183 -0.278361 0.0115971 0.753335
183 0.106982 0.291983 7.03652
183 -0.128995 0.193823 7.03652
183 0.0722882 0.325478 0.753335
183 0.8387 0.422562 7.03652
183 -0.396612 0.773548 0.753335
183 -0.221302 0.354484 0.753335
183 -0.633869 -0.207722 7.03652
183 0.112527 0.798954 0.753335
183 0.264398 0.0663935 0.753335
183 -0.637756 -0.0262522 0.753335
183 -0.489372 0.20689 7.03652
183 -0.71721 -0.557113 0.753335
183 -0.327848 -0.339921 0.753335
183 0.384832 -0.936775 0.753335
183 -0.659647 -0.562604 7.03652
183 -0.14779 -0.223723 0.753335
183 -0.757592 0.631416 7.03652
183 0.331344 -0.15114 0.753335
183 0.599177 -0.245213 0.753335
183 -0.131464 -0.627277 7.03652
183 -0.230841 0.00121176 0.753335
183 -0.588355 0.415039 7.03652
183 -0.334161 0.731283 0.753335
183 -0.0638366 -0.914912 0.753335
183 -0.742148 -0.650599 7.03652
183 -0.395774 -0.573619 7.03652
183 -0.764001 -0.528401 0.753335
183 0.154482 -0.902906 0.753335
183 -0.034684 0.171401 0.753335
183 -0.858424 0.262562 7.03652
183 0.783711 0.424758 0.753335
183 -0.110738 0.813004 7.03652
183 -0.291823 0.0617388 0.753335
183 0.14385 0.50966 7.03652
183 0.0958376 -0.550497 0.753335
183 0.217656 0.048723 7.03652
183 -0.782397 0.329751 7.03652
183 0.0589036 -0.42169 0.753335
183 -0.0100107 -0.775957 7.03652
183 0.371734 0.204389 0.753335
183 0.134326 0.648634 7.03652
183 0.169658 0.945731 0.753335
183 0.40338 0.0691871 0.753335
183 0.354645 -0.839626 0.753335
183 -0.162323 -0.497998 0.753335
183 -0.152604 0.957868 0.753335
183 -0.844842 -0.249995 0.753335
183 -0.316478 0.164778 0.753335
183 -0.380459 0.0931579 7.03652
183 0.986452 0.126169 0.753335
183 0.430457 0.785803 7.03652
183 -0.890247 0.144163 7.03652
183 -0.302471 0.413233 0.753335
183 0.509962 0.21208 0.753335
183 0.709149 0.0556015 7.03652
183 0.213016 -0.00181603 0.753335
183 0.547979 0.556974 0.753335
183 0.424978 -0.413521 0.753335
183 -0.618136 0.620898 0.753335
183 0.145472 -0.457497 0.753335
183 -0.826908 0.0528179 0.753335
183 0.808756 0.479959 0.753335
183 -0.512294 0.0964088 0.753335
183 0.388766 -0.464029 0.753335
183 -0.661618 -0.401471 7.03652
183 0.256961 0.398666 7.03652
183 0.33903 -0.0998933 0.753335
183 -0.226699 -0.886937 7.03652
183 0.523665 -0.512614 7.03652
183 -0.80447 0.108834 0.753335
183 -0.56949 0.280554 7.03652
183 -0.393765 0.67044 0.753335
183 -0.166245 -0.859998 7.03652
183 0.989732 -0.0628486 7.03652
183 0.653041 0.220541 7.03652
183 0.0393198 -0.470918 0.753335
183 0.518694 -0.133128 0.753335
183 -0.118399 -0.900397 7.03652
183 -0.378055 0.29043 7.03652
183 0.151938 0.31379 0.753335
183 0.0303272 -0.378577 0.753335
183 -0.685552 0.297097 7.03652
183 -0.0431443 -0.207721 0.753335
183 0.657052 0.275161 0.753335
183 -0.267988 -0.679758 0.753335
183 -0.504905 0.155477 0.753335
183 -0.667621 -0.795641 0.753335
183 0.0415788 -0.849808 0.753335
183 0.614621 -0.476331 7.03652
183 0.244433 -0.587589 0.753335
183 -0.563418 -0.39915 7.03652
183 0.149611 -0.551541 0.753335
183 -0.0939696 -0.441086 0.753335
183 -0.241632 0.488418 0.753335
183 -0.599134 0.124712 0.753335
183 0.643468 0.115868 0.753335
183 -0.31448 -0.755489 7.03652
183 0.371651 -0.418166 7.03652
183 -0.4765 -0.209153 0.753335
183 -0.780766 -0.158792 0.753335
183 -0.460565 -0.861528 7.03652
183 0.695607 -0.64125 7.03652
183 -0.750292 -0.112847 7.03652
183 -0.055494 0.644647 7.03652
183 0.758933 -0.65438 0.753335
183 0.699075 0.561923 0.753335
183 -0.188125 -1.0053 0.753335
183 -0.582066 -0.201171 7.03652
183 0.867164 0.371546 0.753335
183 -0.369724 -0.247068 0.753335
183 -0.0944647 -0.21495 0.753335
183 0.0220231 0.571222 0.753335
183 -0.609797 -0.0714474 7.03652
183 0.0783514 -0.371017 0.753335
183 -0.776189 0.0353481 0.753335
183 -0.0769588 -0.635914 0.753335
183 0.443753 -0.460528 0.753335
183 -0.557494 0.081645 0.753335
183 0.13675 0.160924 0.753335
183 0.652409 -0.333756 7.03652
183 0.359897 0.10213 0.753335
183 0.126072 -0.271095 7.03652
183 0.407635 0.586557 0.753335
183 -0.555295 0.329407 7.03652
183 0.197585 -0.153244 0.753335
183 -0.156308 0.426343 0.753335
183 0.749916 0.203126 0.753335
183 0.442274 -0.014595 7.03652
183 0.542171 0.49668 0.753335
183 -0.198394 -0.535627 0.753335
183 0.476138 0.7477 0.753335
183 -0.638108 0.510594 0.753335
183 -0.978496 0.156296 0.753335
183 0.130215 0.748744 7.03652
183 0.0400946 0.0608166 7.03652
183 0.00510424 0.0304135 0.753335
183 -0.128664 0.52172 0.753335
183 0.0241857 -0.150156 0.753335
183 0.190332 0.229889 0.753335
183 0.239758 0.673852 7.03652
183 -0.060863 -0.748545 0.753335
183 0.010748 1.02155 7.03652
183 0.456568 -0.604544 7.03652
183 -0.49574 0.401489 7.03652
183 -0.280554 -0.315402 0.753335
183 0.266109 -0.541029 0.753335
183 -0.730445 0.19024 0.753335
183 0.378504 0.820831 0.753335
183 0.373239 -0.185272 0.753335
183 0.716324 -0.0931386 0.753335
183 -0.0710339 -0.167102 7.03652
183 0.626612 -0.389443 7.03652
183 0.670758 0.391118 7.03652
183 -0.514111 -0.374814 0.753335
183 0.0949613 -0.871188 7.03652
183 -0.808057 -0.00684493 0.753335
183 -0.759065 0.0823612 0.753335
183 0.160327 -0.409003 0.753335
183 0.648307 -0.277178 7.03652
183 0.125258 -0.505356 0.753335
183 -0.877613 -0.573356 0.753335
183 -0.320168 0.979842 7.03652
183 0.115357 -0.133268 0.753335
183 0.601818 0.200267 0.753335
183 -0.383829 0.719794 7.03652
183 -0.291567 0.817822 7.03652
183 0.445031 0.499346 7.03652
183 0.0523402 0.22264 0.753335
183 0.318172 0.599197 0.753335
183 -0.308114 -0.0281861 0.753335
183 -0.044788 -0.343111 7.03652
183 0.379729 -0.134389 0.753335
183 0.190724 0.731149 7.03652
183 0.699563 -0.293856 7.03652
183 -0.0124469 -0.72075 7.03652
183 -0.409119 -0.00396753 7.03652
183 -0.811542 -0.202277 7.03652
183 -0.0872413 0.491977 7.03652
183 -0.455076 0.363557 0.753335
183 0.707 -0.539567 0.753335
183 -0.695018 -0.205138 0.753335
183 0.225471 -0.239316 0.753335
183 0.0108901 0.513766 7.03652
183 0.0691758 0.910579 7.03652
183 0.30991 -0.301178 0.753335
183 -0.284132 0.529306 0.753335
183 0.647742 0.167119 0.753335
183 -0.501147 -0.631856 7.03652
183 0.544074 0.0716646 7.03652
183 0.670511 -0.583089 7.03652
183 -0.508915 -0.262472 0.753335
183 0.56249 0.290573 0.753335
183 -0.752426 -0.465624 7.03652
183 0.45247 0.617182 0.753335
183 0.896608 -0.438984 7.03652
183 0.816057 0.351974 0.753335
183 -0.44862 0.671481 7.03652
183 -0.18888 1.00928 0.753335
183 0.448884 -0.363917 0.753335
183 0.428042 0.850792 0.753335
183 -0.52563 -0.207612 0.753335
183 -0.518365 -0.836387 7.03652
183 0.501634 -0.358219 7.03652
183 -0.466355 -0.355197 7.03652
183 0.120032 0.598696 0.753335
183 -0.187419 -0.316058 0.753335
183 0.609599 0.64266 0.753335
183 -0.338575 0.0746416 0.753335
183 0.934093 -0.0866026 0.753335
183 0.530477 0.79018 7.03652
183 -0.793904 0.583902 0.753335
183 -0.420389 0.0452214 0.753335
183 -0.49029 -0.520917 0.753335
183 0.622912 0.704421 7.03652
183 -0.652976 0.663121 7.03652
183 0.0388269 -0.736623 0.753335
183 -0.706541 0.0944239 7.03652
183 -0.367368 -0.784238 0.753335
183 -0.264353 0.381253 0.753335
183 -0.869318 -0.460927 7.03652
183 -0.420472 -0.0924058 7.03652
183 0.829296 0.0789561 7.03652
183 -0.386711 -0.467232 7.03652
183 -0.165852 -0.68698 0.753335
183 -0.564762 0.032741 0.753335
183 0.200361 0.330355 0.753335
183 -0.388879 -0.0533553 0.753335
183 -0.221883 0.135155 0.753335
183 -0.118076 0.574586 7.03652
183 -0.755757 -0.34921 7.03652
183 -0.160646 0.609542 0.753335
183 0.284584 0.76014 0.753335
183 0.219516 -0.937018 0.753335
183 -0.385897 0.88945 7.03652
183 0.28311 -0.168976 7.03652
183 0.208772 -0.997447 0.753335
183 0.704158 0.235959 7.03652
183 0.851013 -0.284634 0.753335
183 0.367923 0.879947 7.03652
183 0.493105 0.000798938 0.753335
183 -0.929666 0.182365 0.753335
183 -0.549778 -0.602637 0.753335
183 -0.163434 -0.400323 0.753335
183 0.240868 -0.426771 7.03652
183 -0.805127 -0.105878 7.03652
183 -0.943 -0.299958 7.03652
183 -0.319592 -0.870981 0.753335
183 -0.751228 -0.20929 0.753335
183 -0.18812 0.264411 0.753335
183 0.02268 -0.624874 7.03652
183 -0.111954 -0.487461 7.03652
183 -0.819582 -0.303061 0.753335
183 -0.621264 -0.829751 7.03652
183 -0.513749 0.037072 0.753335
183 -0.0885123 0.410118 0.753335
183 0.465906 -0.509062 0.753335
183 -0.61675 0.0245107 0.753335
183 0.162887 -0.306112 0.753335
183 0.301928 -0.0163969 7.03652
183 -0.708249 -0.500069 7.03652
183 0.712588 0.35132 0.753335
183 -0.639633 0.565821 7.03652
183 0.125384 -0.365475 0.753335
183 -0.565317 -0.718102 7.03652
183 0.319669 0.959354 0.753335
183 -0.535684 -0.494046 0.753335
183 0.175204 0.612367 7.03652
183 -0.402756 0.185511 0.753335
183 0.50224 -0.298789 7.03652
183 0.32905 0.79313 0.753335
183 -0.472396 -0.409761 7.03652
183 -0.0759043 -0.301532 0.753335
183 -0.821705 0.642715 0.753335
183 -0.46447 0.3103 7.03652
183 0.131542 0.110027 7.03652
183 0.40823 0.12025 0.753335
183 -0.661459 -0.162964 0.753335
183 -0.159242 -0.276782 0.753335
183 0.319765 -0.549591 0.753335
183 0.833189 -0.441331 0.753335
183 -0.658584 -0.346185 0.753335
183 0.291183 -0.117421 7.03652
183 -0.128549 -1.02059 0.753335
183 0.0958145 0.695708 0.753335
183 0.661742 0.331634 0.753335
183 0.250559 -0.0837916 0.753335
183 0.0820055 -0.00885152 0.753335
183 -0.635526 0.390817 0.753335
183 0.537286 -0.662688 0.753335
183 -0.528608 0.24329 0.753335
183 0.873332 0.313505 0.753335
183 -0.604517 -0.311354 7.03652
183 0.491147 -0.558114 7.03652
183 0.815303 -0.0610619 0.753335
183 0.697532 -0.238387 7.03652
183 -0.0569175 1.02205 7.03652
183 -0.490993 0.908812 0.753335
183 -0.547595 0.382621 0.753335
183 0.598098 -0.348073 0.753335
183 0.694714 -0.183359 0.753335
183 -0.0656072 -1.02226 7.03652
183 0.505158 0.63526 7.03652
183 -0.235134 -0.0934494 0.753335
183 0.43887 -0.713315 0.753335
183 0.82639 -0.116782 0.753335
183 -0.134271 0.0403971 7.03652
183 -0.860496 0.0981093 0.753335
183 0.926152 0.362852 0.753335
183 -0.443437 -0.545642 0.753335
183 0.268667 0.451368 7.03652
183 0.773616 0.0481607 7.03652
183 0.00222373 -0.573986 0.753335
183 0.765948 0.372948 0.753335
183 0.204489 -0.101217 7.03652
183 0.0786323 0.0373324 0.753335
183 -0.172724 0.122021 0.753335
183 -0.270345 0.146239 0.753335
183 0.867335 -0.496224 7.03652
183 -0.21145 -0.769987 7.03652
183 0.0528507 -1.02519 7.03652
183 -0.496971 -0.575546 0.753335
183 0.599608 0.581284 0.753335
183 0.133122 0.456727 0.753335
183 -0.248489 -1.00403 7.03652
183 0.0261743 0.306106 7.03652
183 -0.476868 -0.799467 0.753335
183 0.562532 -0.779519 7.03652
183 0.578383 0.406089 0.753335
183 -0.207152 -0.200008 7.03652
183 0.196456 0.522311 7.03652
183 0.316177 -0.251811 0.753335
183 -0.373766 0.0372924 7.03652
183 0.141499 -1.01534 7.03652
183 0.336542 0.287378 0.753335
183 0.400283 0.529092 7.03652
183 0.299397 0.368132 7.03652
183 -0.369474 -0.102304 0.753335
183 0.963703 -0.251041 0.753335
183 -0.0590064 -0.0348783 0.753335
183 0.853669 0.138253 0.753335
183 -0.0611095 -0.860118 0.753335
183 -0.113162 -0.840249 0.753335
183 0.168076 0.417775 0.753335
183 -0.181217 0.896788 0.753335
183 0.157838 -0.0712896 0.753335
183 0.497397 -0.46291 0.753335
183 0.753115 0.576578 7.03652
183 0.455226 0.678958 0.753335
183 -0.594427 0.852031 7.03652
183 0.181885 0.471317 0.753335
183 0.773239 0.636646 0.753335
183 -0.725654 0.584029 0.753335
183 0.505822 0.157321 0.753335
183 -0.560146 -0.245583 7.03652
183 -0.652462 -0.514178 7.03652
183 -0.775266 -0.0569664 0.753335
183 -0.514745 0.294285 0.753335
183 -0.513888 -0.0635448 7.03652
183 0.270594 -0.97956 7.03652
183 0.234069 0.486337 0.753335
183 0.447557 0.0355524 0.753335
183 0.746389 -0.265596 7.03652
183 0.225952 0.147838 7.03652
183 0.103353 -0.184033 7.03652
183 0.306482 0.543249 0.753335
183 0.374018 -0.551363 0.753335
183 0.0305342 -0.679851 0.753335
183 -0.180236 0.385155 0.753335
183 0.360351 -0.284765 7.03652
183 0.253825 0.873225 0.753335
183 0.349964 0.00117953 0.753335
183 0.213729 -0.629177 0.753335
183 -0.706398 0.246582 7.03652
183 -0.0839544 0.758081 0.753335
183 0.474117 0.301898 0.753335
183 0.395443 -0.878374 0.753335
183 -0.0260107 0.553042 0.753335
183 -0.249218 -0.449897 7.03652
183 0.393362 -0.0318692 0.753335
183 0.478925 0.359305 0.753335
183 -0.664566 -0.661572 0.753335
183 0.366653 -0.235147 7.03652
183 -0.467818 0.12197 7.03652
183 0.00627281 -0.335488 0.753335
183 0.270739 0.817545 7.03652
183 -0.0409278 -0.438406 0.753335
183 -0.411766 -0.277521 7.03652
183 -0.692637 0.375135 0.753335
183 -0.283118 -0.209001 7.03652
183 0.196594 -0.451713 0.753335
183 0.394704 -0.750781 0.753335
183 -0.213715 -0.827346 0.753335
183 -0.810537 -0.563453 0.753335
183 -0.546454 -0.665443 7.03652
183 -0.141471 0.770707 7.03652
183 0.496908 0.524893 7.03652
183 0.295533 -0.407533 0.753335
183 -0.716887 -0.758812 0.753335
183 -0.438277 0.728898 7.03652
183 -0.678205 0.204137 0.753335
183 -0.603829 0.690641 7.03652
183 0.647607 -0.220768 0.753335
183 0.555836 0.618151 0.753335
183 -0.325909 0.561013 0.753335
183 -0.425862 0.272888 7.03652
183 0.436195 -0.0654401 0.753335
183 0.0248519 -0.288036 7.03652
183 0.130364 0.900367 0.753335
183 0.992404 -0.00557014 0.753335
183 0.265462 -0.270163 7.03652
183 0.504619 -0.876601 0.753335
183 0.723124 0.41268 7.03652
183 0.528008 0.382986 0.753335
183 0.695031 0.118221 7.03652
183 -0.670456 0.0167257 7.03652
183 -0.808179 -0.360764 7.03652
183 0.159022 -0.1181 7.03652
183 0.527785 -0.418996 7.03652
183 0.554019 -0.718667 0.753335
183 0.0928292 -0.985161 7.03652
183 -0.76649 -0.598335 0.753335
183 0.449126 -0.843676 0.753335
183 -0.332726 -0.391295 7.03652
183 0.237824 -0.484625 7.03652
183 -0.0601347 -0.254412 0.753335
183 -0.0257797 -0.295124 0.753335
183 0.189754 0.666938 0.753335
183 0.79115 -0.164189 7.03652
183 -0.408302 -0.948869 0.753335
183 -0.438855 -0.177252 0.753335
183 0.389428 0.422478 7.03652
183 -0.0597877 -0.485118 0.753335
183 -0.0950479 -0.350902 7.03652
183 -0.859082 0.592945 0.753335
183 -0.281094 0.650485 0.753335
183 0.0276132 0.761445 7.03652
183 -0.246688 -0.505925 7.03652
183 0.0541761 -0.579899 0.753335
183 -0.12488 0.721228 0.753335
183 -0.802547 -0.662778 7.03652
183 0.33296 0.729902 7.03652
183 -0.032483 0.0620142 0.753335
183 -0.866237 -0.101953 0.753335
183 -0.738092 0.730294 7.03652
183 -0.380291 0.477425 0.753335
183 0.772447 -0.441894 0.753335
183 0.478448 -0.654969 0.753335
183 0.861121 -0.0201224 0.753335
183 0.520893 0.325828 0.753335
183 -0.572765 -0.113718 7.03652
183 0.369076 -0.645876 0.753335
183 -0.604929 -0.156455 0.753335
183 -1.01603 0.262374 0.753335
183 0.342658 0.339647 7.03652
183 -0.145349 -0.960341 0.753335
183 0.2382 0.247717 0.753335
183 -0.394325 -0.681846 0.753335
183 -0.544435 -0.547679 0.753335
183 0.301377 0.906617 7.03652
183 0.599054 0.0888175 0.753335
183 0.885629 0.0323234 0.753335
183 -0.201198 0.455225 7.03652
183 -0.237513 0.734614 0.753335
183 0.00656638 -0.200271 0.753335
183 -1.03963 0.139261 7.03652
183 -0.023789 0.865469 7.03652
183 -0.241743 -0.395185 0.753335
183 -0.706317 -0.310746 7.03652
183 -0.996732 0.321524 7.03652
183 -0.404439 -0.141103 0.753335
183 0.711005 0.624385 0.753335
183 -0.440317 -0.704756 7.03652
183 -0.872102 0.202243 0.753335
183 -0.0150149 0.607937 0.753335
183 -0.202002 -0.428333 0.753335
183 -0.0783724 -0.0827032 7.03652
183 0.568396 -0.102907 7.03652
183 0.798318 -0.387202 7.03652
183 0.329406 -0.892483 7.03652
183 0.940851 0.0263899 0.753335
183 0.292048 0.695925 0.753335
183 -0.922229 -0.354698 0.753335
183 -0.111114 -0.260292 7.03652
183 -0.066044 0.59205 0.753335
183 0.500235 0.105233 0.753335
183 0.586308 0.74867 0.753335
183 0.73375 -0.595274 7.03652
183 0.813557 0.292653 7.03652
183 -0.162184 -0.743763 0.753335
183 0.6065 0.255411 7.03652
183 0.591021 0.812349 7.03652
183 0.43274 0.334165 0.753335
183 -0.343693 0.788144 0.753335
183 -0.0871045 -0.966521 7.03652
183 0.884787 0.0904055 0.753335
183 -0.675777 0.427165 0.753335
183 0.552959 0.178369 0.753335
183 -0.0682694 0.364814 0.753335
183 0.859816 -0.386325 0.753335
183 0.681193 -0.388662 0.753335
183 -0.907328 -0.412494 0.753335
183 0.0925698 -0.463244 0.753335
183 -0.208322 0.584166 0.753335
183 -0.431979 0.466042 7.03652
183 0.923901 -0.379864 7.03652
183 0.297787 0.490613 0.753335
183 -0.42155 -0.815572 0.753335
183 -0.434266 0.936413 7.03652
183 0.401113 -0.60028 0.753335
183 0.46571 -0.206988 0.753335
183 0.557663 0.234014 7.03652
183 -0.280484 -0.915722 0.753335
183 -0.669976 -0.45791 0.753335
183 -0.0295315 -0.618067 0.753335
183 -1.04997 0.0130203 0.753335
183 -0.0355259 0.22031 7.03652
183 -0.00957214 -0.247823 0.753335
183 0.306781 0.421515 0.753335
183 0.235297 -0.187543 0.753335
183 0.744692 0.148476 0.753335
183 0.582638 -0.519895 0.753335
183 -0.610884 -0.256808 0.753335
183 0.945926 0.307611 0.753335
183 -0.0651453 -0.693033 0.753335
183 0.259709 -0.319157 0.753335
183 0.420312 0.224455 7.03652
183 -0.541594 0.193047 0.753335
183 -0.0759104 0.540785 0.753335
183 0.202044 -0.827478 0.753335
183 -0.678176 0.609098 7.03652
183 -0.617025 -0.473777 7.03652
183 0.108439 -0.597061 7.03652
183 -0.98688 0.0985062 0.753335
183 0.988769 -0.125383 0.753335
183 -0.831739 -0.0551583 0.753335
183 0.405657 -0.320871 7.03652
183 -0.0905777 0.681546 0.753335
183 -0.476318 0.257671 0.753335
183 -0.691072 -0.117775 0.753335
183 0.97368 0.183239 0.753335
183 0.0411519 -0.792116 0.753335
183 -0.718849 0.0389564 7.03652
183 0.854989 -0.22799 0.753335
183 -0.481713 0.834659 7.03652
183 0.139197 -0.221425 0.753335
183 0.447327 -0.909014 0.753335
183 -0.162219 0.0771345 0.753335
183 0.335135 -0.720998 0.753335
183 0.00455126 0.0918779 0.753335
183 -0.209218 -0.142335 7.03652
183 0.349902 -0.501918 0.753335
183 -0.315195 0.21682 0.753335
183 -0.00946088 -0.833415 0.753335
183 -0.212361 0.950463 0.753335
183 -0.893778 0.541069 0.753335
183 -0.614392 -0.691372 0.753335
183 -0.509974 0.76498 7.03652
183 0.651729 -0.43846 0.753335
183 -0.51804 -0.89849 7.03652
183 0.376176 0.695343 0.753335
183 0.875008 -0.0722658 7.03652
183 0.00790917 0.915841 0.753335
183 -0.0879503 0.967796 0.753335
183 -0.655562 -0.732855 7.03652
183 -0.300299 -0.636879 0.753335
183 -0.250656 -0.557245 7.03652
183 0.490399 0.469316 0.753335
183 -0.724216 0.333358 0.753335
183 -0.496196 -0.160976 0.753335
183 -0.0605529 -0.804356 0.753335
183 0.976866 -0.191747 7.03652
183 0.190376 0.888593 0.753335
183 -0.50103 -0.69446 7.03652
183 0.393173 0.475174 0.753335
183 0.255373 0.530605 0.753335
183 0.307242 0.0338899 7.03652
183 0.320032 -0.66001 0.753335
183 -0.528201 -0.757134 0.753335
183 0.27434 0.16591 7.03652
183 -0.192468 0.764289 0.753335
183 -0.134645 -0.538805 0.753335
183 0.194568 -0.572752 0.753335
183 -0.12788 0.143928 0.753335
183 0.0405741 -0.240772 0.753335
183 -0.177 -0.916234 0.753335
183 0.827521 0.0259397 7.03652
183 0.768349 0.522974 0.753335
183 0.147887 -0.849075 0.753335
183 -0.652519 0.336894 7.03652
183 0.812 0.581812 7.03652
183 -0.863353 0.483866 7.03652
183 0.143944 -0.79672 0.753335
183 0.642238 -0.164776 7.03652
183 0.416925 -0.221319 0.753335
183 -0.906898 -0.236637 0.753335
183 -0.705493 -0.69809 0.753335
183 -0.437872 -0.492342 7.03652
183 -0.225342 -0.949112 0.753335
183 0.263072 -0.862229 0.753335
183 -0.236393 0.62479 0.753335
183 0.0791908 -0.696816 7.03652
183 -0.485048 0.454992 7.03652
183 -0.314121 0.114916 7.03652
183 0.612041 -0.734314 0.753335
183 -0.366197 0.346599 0.753335
183 -0.338057 -0.19857 7.03652
183 -0.342147 -0.497396 0.753335
183 0.0594938 0.80647 0.753335
183 -0.0180829 -0.385876 0.753335
183 0.544524 -0.0362441 7.03652
183 0.00367904 -0.106986 0.753335
183 0.282404 0.638323 7.03652
183 -0.108877 0.626721 7.03652
183 0.106702 0.547548 0.753335
183 0.345164 -0.0491054 0.753335
183 0.746835 -0.206218 0.753335
183 0.7964 -0.278362 7.03652
183 0.834416 -0.551764 7.03652
183 0.120014 -0.0411799 0.753335
183 -0.839146 0.32199 7.03652
183 -0.360514 0.139799 7.03652
183 -0.0661728 -0.394066 0.753335
183 -0.53513 0.545741 0.753335
183 -0.411032 0.13793 7.03652
183 -0.981685 -0.0181758 7.03652
183 0.590096 -0.0132609 7.03652
183 -0.212533 0.0867064 7.03652
183 0.907145 0.263133 0.753335
183 0.515144 0.268133 0.753335
183 -0.526597 0.601943 7.03652
183 0.214123 0.56982 0.753335
183 -0.423232 -0.385248 0.753335
183 -0.722102 -0.069452 0.753335
183 0.0527853 -0.0990303 7.03652
183 -1.00822 -0.289911 7.03652
183 0.620205 -0.796468 7.03652
183 -0.910368 -0.516354 7.03652
183 0.00768673 0.25169 0.753335
183 0.569573 0.348097 0.753335
183 0.329831 0.235861 0.753335
183 -0.160576 0.341318 0.753335
183 0.187878 -0.205691 0.753335
183 0.469816 -0.153806 7.03652
183 -0.609606 -0.3656 7.03652
183 -0.80316 0.27477 0.753335
183 0.0253449 -0.529129 7.03652
183 -0.385549 0.527556 0.753335
183 -0.032612 0.122049 7.03652
183 0.435059 0.391196 7.03652
183 0.366882 0.620505 7.03652
183 -0.109969 0.333813 7.03652
183 0.505861 -0.759514 0.753335
183 -0.0511409 0.711292 7.03652
183 -0.16173 -0.801608 7.03652
183 0.0068215 0.395396 0.753335
183 0.599104 -0.190038 7.03652
183 0.410551 -0.271567 0.753335
183 -0.993606 -0.0747743 7.03652
183 -0.83903 0.431763 0.753335
183 0.744251 0.46936 0.753335
183 0.0326488 0.355513 0.753335
183 0.886491 -0.331011 7.03652
183 -0.849696 -0.518093 0.753335
183 0.355035 0.0516285 0.753335
183 -0.431273 -0.439588 0.753335
183 0.294409 -0.598585 7.03652
183 0.254114 -0.0340967 0.753335
183 0.280778 0.216103 0.753335
183 0.353084 -0.334179 0.753335
183 0.174723 -0.663679 0.753335
183 0.249576 0.34751 7.03652
183 0.284755 -0.702058 0.753335
183 -0.406676 -0.886638 0.753335
183 -0.0237685 -0.958219 0.753335
183 -0.391834 -0.520504 7.03652
183 0.296556 -0.501265 0.753335
183 -0.834641 0.155551 0.753335
183 0.642195 0.771681 0.753335
183 0.561921 -0.839409 0.753335
183 -0.331689 0.312463 0.753335
183 0.23415 0.928456 7.03652
183 0.398376 0.018679 7.03652
183 0.344175 -0.599795 7.03652
183 -0.312292 0.611294 0.753335
183 -0.593115 -0.638215 0.753335
183 0.106185 0.957654 0.753335
183 0.424624 0.723437 0.753335
183 0.0450425 0.688475 0.753335
183 0.203695 0.993797 0.753335
183 -0.111247 -0.782346 7.03652
183 -0.264423 -0.12877 0.753335
183 0.450987 0.555658 0.753335
183 -0.149488 -0.351048 0.753335
183 0.932888 -0.150478 0.753335
183 0.207718 0.381573 0.753335
183 0.323904 -0.201851 0.753335
183 0.0446219 0.477652 0.753335
183 0.484471 0.414653 0.753335
183 0.485084 0.881066 0.753335
183 -0.00972853 0.666064 0.753335
183 -0.337916 0.25812 0.753335
183 -0.92071 -0.176938 0.753335
183 -0.285101 -0.0789988 7.03652
183 0.0899447 -0.23287 7.03652
183 -0.241588 -0.234424 7.03652
183 -0.118093 0.0948838 7.03652
183 -0.573753 -0.867014 7.03652
183 -0.520389 -0.43195 0.753335
183 -0.474801 -0.745699 7.03652
183 -0.177824 0.819954 0.753335
183 0.171732 0.0304661 0.753335
183 -0.970865 0.224447 0.753335
183 -0.779743 0.68943 7.03652
183 0.882602 -0.129016 0.753335
183 0.250787 -0.800743 0.753335
183 0.173379 0.0798272 0.753335
183 0.545781 -0.325784 0.753335
183 -0.220817 -0.661363 7.03652
183 -0.349171 0.394612 0.753335
183 -0.115677 -0.67576 0.753335
183 0.0854884 0.0876185 7.03652
183 -0.125141 -0.310064 0.753335
183 0.109836 -0.415239 0.753335
183 0.184049 0.179729 0.753335
183 -0.210714 -0.588569 0.753335
183 0.496179 0.0524341 7.03652
183 -0.239771 0.79386 7.03652
183 0.680133 -0.486856 0.753335
183 0.632722 0.024075 0.753335
183 0.294492 -0.763165 0.753335
183 -0.64638 0.811278 7.03652
183 0.90332 0.424114 7.03652
183 0.00797269 -0.429766 7.03652
183 -0.0995078 0.282313 0.753335
183 0.565417 -0.155241 0.753335
183 0.141422 1.00697 0.753335
183 -1.03452 -0.166571 0.753335
183 -0.585096 -0.0186751 7.03652
183 -0.320003 -0.24238 7.03652
183 -0.137209 0.24451 0.753335
183 0.0899223 -0.754837 7.03652
183 -0.634105 -0.11583 7.03652
183 -0.0223875 -0.158775 0.753335
183 -0.190633 0.651518 0.753335
183 0.34845 0.507029 0.753335
183 -0.309972 0.357334 0.753335
183 0.31675 0.134282 0.753335
183 -0.293188 -0.475397 0.753335
183 -0.868579 0.372038 0.753335
183 -0.0865622 0.0489286 7.03652
183 -0.694904 0.148694 0.753335
183 0.75348 -0.0515054 0.753335
