88.6667 -0.903142 0.310052 0.753335
88.6667 0.656025 -0.686336 0.753335
88.6667 -0.448091 -0.593746 7.03652
88.6667 -0.410166 0.822948 0.753335
88.6667 -0.260857 -0.0341463 0.753335
88.6667 -1.04677 -0.0431566 7.03652
88.6667 -0.85983 -0.38833 0.753335
88.6667 -0.427521 0.566398 0.753335
88.6667 0.00702295 0.145175 0.753335
88.6667 0.741561 -0.495133 0.753335
88.6667 0.0737991 0.392521 7.03652
88.6667 -0.0231831 0.972805 0.753335
88.6667 -0.436037 0.877268 7.03652
88.6667 -0.336888 -0.0652446 0.753335
88.6667 -0.116316 0.457465 7.03652
88.6667 0.420944 -0.170647 0.753335
88.6667 0.458938 -0.317147 7.03652
88.6667 -1.02709 -0.227803 7.03652
88.6667 -0.973605 -0.129403 0.753335
88.6667 -0.281528 0.937312 0.753335
88.6667 0.0918481 0.194564 7.03652
88.6667 -0.834164 -0.15359 7.03652
88.6667 -0.170429 0.169545 0.753335
88.6667 -0.758834 0.285163 7.03652
88.6667 0.952466 0.091332 0.753335
88.6667 0.431276 0.911398 0.753335
88.6667 -0.190129 0.522148 7.03652
88.6667 -0.869157 -0.191092 0.753335
88.6667 -0.176425 0.215511 0.753335
88.6667 -0.70868 0.658115 0.753335
88.6667 0.0681275 -0.516746 0.753335
88.6667 0.0497705 -0.188059 7.03652
88.6667 -0.0926596 -0.00355111 7.03652
88.6667 -0.140445 -0.00324814 7.03652
88.6667 -0.385812 0.951508 0.753335
88.6667 -0.575862 0.58196 0.753335
88.6667 0.064127 -0.321235 7.03652
88.6667 -0.0667574 0.0900978 7.03652
88.6667 -0.598371 -0.760557 0.753335
88.6667 0.753345 0.257551 0.753335
88.6667 -0.352192 -0.914697 0.753335
88.6667 0.158699 -0.954249 0.753335
88.6667 -0.686137 0.482811 7.03652
88.6667 0.216013 -0.344142 0.753335
88.6667 0.631256 -0.62693 7.03652
88.6667 -0.117415 0.917703 7.03652
88.6667 0.667395 0.663452 0.753335
88.6667 -0.025645 -0.0741854 7.03652
88.6667 0.734436 -0.00117969 7.03652
88.6667 0.148012 -0.73759 0.753335
88.6667 0.605015 0.309732 0.753335
88.6667 -0.610066 0.0760859 0.753335
88.6667 -0.781183 -0.258823 7.03652
88.6667 0.428605 -0.554825 7.03652
88.6667 0.0680234 0.592427 0.753335
88.6667 0.0953796 0.855596 0.753335
88.6667 -0.507553 -0.317316 7.03652
88.6667 0.527642 0.738363 0.753335
88.6667 0.428446 -0.119042 0.753335
88.6667 -0.61783 0.290072 0.753335
88.6667 -0.345106 -0.656003 0.753335
88.6667 -0.336843 0.50962 7.03652
88.6667 -0.349144 0.838844 7.03652
88.6667 0.671972 -0.748373 0.753335
88.6667 -0.359077 0.202084 0.753335
88.6667 -0.453868 -0.128007 7.03652
88.6667 0.269837 -0.222725 7.03652
88.6667 0.203941 -0.394242 0.753335
88.6667 0.522635 -0.0836067 0.753335
88.6667 0.0720866 -0.140957 0.753335
88.6667 0.319222 0.856088 0.753335
88.6667 -0.302852 -0.972553 0.753335
88.6667 -0.91446 0.241572 0.753335
88.6667 -0.0287554 0.766877 7.03652
88.6667 0.0854387 0.139635 0.753335
88.6667 -0.248563 -0.618685 7.03652
88.6667 0.548412 -0.27149 0.753335
88.6667 0.409791 0.653997 0.753335
88.6667 0.265959 0.97608 0.753335
88.6667 -0.953617 0.285218 0.753335
88.6667 -0.22717 0.844594 7.03652
88.6667 0.468515 0.24157 7.03652
88.6667 -0.0300368 -0.534196 0.753335
88.6667 -0.564087 -0.45179 7.03652
88.6667 0.312723 0.0830457 0.753335
88.6667 -0.866011 -0.333133 0.753335
88.6667 0.261924 0.0144162 7.03652
88.6667 -0.480739 0.562065 7.03652
88.6667 0.793045 -0.216938 0.753335
88.6667 -0.00598863 -0.895158 0.753335
88.6667 0.331624 -0.457751 0.753335
88.6667 -0.214523 -0.0492895 0.753335
88.6667 -0.293074 0.695785 7.03652
88.6667 0.390765 0.313348 0.753335
88.6667 0.259225 -0.376683 0.753335
88.6667 0.283169 -0.451805 0.753335
88.6667 0.773129 -0.10883 7.03652
88.6667 0.198483 -0.761866 7.03652
88.6667 -0.754385 0.132518 0.753335
88.6667 0.194062 -0.705279 0.753335
88.6667 0.0427016 0.96787 7.03652
88.6667 0.711113 -0.44283 0.753335
88.6667 0.767593 -0.32716 0.753335
88.6667 -0.439196 0.220668 0.753335
88.6667 0.214346 -0.516414 0.753335
88.6667 -0.288303 -0.420987 7.03652
88.6667 -0.244691 0.0509173 7.03652
88.6667 0.645598 -0.02946 7.03652
88.6667 0.228115 0.624885 0.753335
88.6667 -0.438714 -0.0415166 0.753335
88.6667 0.490193 -0.707441 0.753335
88.6667 -0.275327 -0.265333 7.03652
88.6667 0.00028249 0.7165 0.753335
88.6667 -0.0171635 0.299347 0.753335
88.6667 0.209201 -0.870619 0.753335
88.6667 0.331402 0.446953 0.753335
88.6667 -0.504435 0.662211 0.753335
88.6667 0.756152 0.314237 0.753335
88.6667 0.552509 -0.466249 7.03652
88.6667 -0.563358 0.646185 0.753335
88.6667 -0.0217383 -0.668813 0.753335
88.6667 0.572271 -0.614667 0.753335
88.6667 -0.162247 0.56604 0.753335
88.6667 -0.0521839 0.267887 7.03652
88.6667 -0.20958 -0.72166 7.03652
88.6667 -0.758187 -0.308996 7.03652
88.6667 -0.110861 -0.17731 0.753335
88.6667 -0.49114 0.506035 7.03652
88.6667 -0.54456 0.868185 7.03652
88.6667 -0.193345 -0.101274 0.753335
88.6667 0.596953 -0.673402 0.753335
88.6667 -0.139879 -0.0948747 0.753335
88.6667 -0.650283 0.168298 0.753335
88.6667 -0.0144494 -1.01725 7.03652
88.6667 -0.924618 -0.0116909 7.03652
88.6667 0.148871 0.256379 7.03652
88.6667 -0.0879324 0.230519 0.753335
88.6667 0.850271 0.251615 0.753335
88.6667 0.722494 0.690311 0.753335
88.6667 0.310496 0.307682 0.753335
88.6667 0.168342 -0.354095 0.753335
88.6667 -0.448031 -0.650069 7.03652
88.6667 -0.433123 0.0933947 7.03652
88.6667 -0.160434 -0.582072 7.03652
88.6667 0.0721299 0.743608 0.753335
88.6667 -0.615073 -0.424383 0.753335
88.6667 0.850109 0.519106 0.753335
88.6667 -0.997287 0.0381052 7.03652
88.6667 -0.698772 0.773443 7.03652
88.6667 0.513674 -0.187219 0.753335
88.6667 0.680703 -0.13158 7.03652
88.6667 -0.0882994 0.138118 0.753335
88.6667 -0.468743 -0.0814919 0.753335
88.6667 0.269262 0.581131 0.753335
88.6667 0.55214 -0.217015 7.03652
88.6667 -0.0164256 0.351785 0.753335
88.6667 -0.103745 -0.130233 7.03652
88.6667 0.375323 0.933468 7.03652
88.6667 0.257822 0.307153 0.753335
88.6667 -0.269416 0.58625 0.753335
88.6667 -0.118167 -0.0467465 7.03652
88.6667 -0.106981 -0.589104 0.753335
88.6667 0.806468 -0.495841 7.03652
88.6667 -0.738795 0.481606 0.753335
88.6667 0.39962 -0.513711 7.03652
88.6667 0.588847 -0.429295 0.753335
88.6667 -0.0610158 0.320937 7.03652
88.6667 0.11698 -0.643038 0.753335
88.6667 -0.0533162 -0.112583 7.03652
88.6667 0.54423 0.00746422 0.753335
88.6667 0.698592 -0.0461964 0.753335
88.6667 0.243144 -0.686328 7.03652
88.6667 0.212191 0.439102 0.753335
88.6667 -0.92764 0.104109 0.753335
88.6667 -0.545762 -0.157174 7.03652
88.6667 -0.140402 0.865244 0.753335
88.6667 0.0754091 -0.273227 0.753335
88.6667 0.320264 -0.958161 0.753335
88.6667 -0.979689 -0.187959 7.03652
88.6667 -0.261198 -0.732312 0.753335
88.6667 0.632138 0.428756 7.03652
88.6667 -0.667631 -0.0732084 0.753335
88.6667 0.00934809 0.201403 0.753335
88.6667 -0.684744 0.540651 0.753335
88.6667 -0.976226 0.377018 7.03652
88.6667 -0.510143 0.80443 7.03652
88.6667 -0.474984 0.063446 7.03652
88.6667 -0.827667 0.544436 7.03652
88.6667 0.0786873 1.01656 7.03652
88.6667 -0.633958 0.218789 0.753335
88.6667 -0.553905 -0.796383 0.753335
88.6667 0.681059 0.00964376 0.753335
88.6667 -0.327024 -0.287445 0.753335
88.6667 0.0274852 -0.051926 0.753335
88.6667 -0.583799 0.751408 0.753335
88.6667 0.748851 0.0934244 0.753335
88.6667 -0.487117 -0.0251059 7.03652
88.6667 0.642829 -0.530999 0.753335
88.6667 0.595997 -0.295117 0.753335
88.6667 -0.514225 -0.115029 7.03652
88.6667 -1.02966 0.198394 7.03652
88.6667 0.908475 -0.204991 0.753335
88.6667 0.348755 -0.377056 0.753335
88.6667 -0.16716 -0.0559701 0.753335
88.6667 -0.351164 -0.601583 7.03652
88.6667 -0.00364444 0.452258 0.753335
88.6667 0.448158 0.0871338 0.753335
88.6667 0.436858 0.282558 0.753335
88.6667 -0.404032 0.375533 0.753335
88.6667 0.455927 -0.763622 0.753335
88.6667 -0.240652 0.536197 0.753335
88.6667 -0.162905 0.48119 0.753335
88.6667 0.588864 0.465461 0.753335
88.6667 -0.815175 0.221283 7.03652
88.6667 0.037687 -0.00164575 7.03652
88.6667 0.535508 0.852332 7.03652
88.6667 -0.29247 -0.161123 0.753335
88.6667 -0.456301 0.171927 0.753335
88.6667 0.0936173 0.49889 0.753335
88.6667 -0.0337539 0.495956 0.753335
88.6667 -0.544303 0.7003 0.753335
88.6667 0.662121 0.070056 7.03652
88.6667 0.856878 -0.168194 0.753335
88.6667 -0.70413 -0.60691 7.03652
88.6667 -0.491077 -0.468237 0.753335
88.6667 0.149908 0.705439 0.753335
88.6667 0.362569 0.155437 7.03652
88.6667 0.562345 -0.380452 0.753335
88.6667 0.697008 0.173068 0.753335
88.6667 -0.189421 -0.630201 0.753335
88.6667 -0.743811 0.535819 0.753335
88.6667 0.0697157 -0.636647 0.753335
88.6667 -0.456052 -0.252718 0.753335
88.6667 -0.361061 -0.0126506 0.753335
88.6667 -0.41107 -0.751808 0.753335
88.6667 -0.88915 0.0488215 0.753335
88.6667 -0.601241 -0.529523 7.03652
88.6667 -0.598179 -0.582298 7.03652
88.6667 0.3731 0.755543 7.03652
88.6667 -0.227265 0.230524 7.03652
88.6667 0.113886 -0.314035 0.753335
88.6667 -0.472416 0.616201 0.753335
88.6667 -0.130714 1.01682 7.03652
88.6667 0.653747 0.545452 0.753335
88.6667 0.126619 0.395625 0.753335
88.6667 -1.04392 -0.105624 0.753335
88.6667 0.743867 -0.396295 0.753335
88.6667 0.682536 0.454495 7.03652
88.6667 -0.905877 -0.127419 0.753335
88.6667 0.547058 -0.559145 0.753335
88.6667 -0.292364 0.293084 7.03652
88.6667 -0.809013 0.387084 0.753335
88.6667 0.299997 -0.0699505 0.753335
88.6667 -0.882135 -0.282682 7.03652
88.6667 -0.46087 -0.301402 7.03652
88.6667 0.475528 -0.102299 0.753335
88.6667 0.228715 0.778302 0.753335
88.6667 0.391717 0.258727 7.03652
88.6667 0.874562 0.465931 0.753335
88.6667 -0.345489 -0.147347 0.753335
88.6667 0.605733 -0.570106 7.03652
88.6667 0.417395 -0.805983 7.03652
88.6667 -0.219035 0.181039 0.753335
88.6667 -0.123966 0.379347 7.03652
88.6667 0.00437494 0.816795 7.03652
88.6667 0.137811 0.211084 0.753335
88.6667 0.391187 -0.0832647 0.753335
88.6667 0.42998 -0.65287 7.03652
88.6667 -0.156643 -0.18583 0.753335
88.6667 -0.651699 0.115399 0.753335
88.6667 -0.269191 -0.849699 7.03652
88.6667 -0.361313 -0.723965 0.753335
88.6667 0.174479 -0.25776 0.753335
88.6667 -0.399068 -0.624513 7.03652
88.6667 -0.587814 0.235309 0.753335
88.6667 -0.333465 0.910783 7.03652
88.6667 0.919107 0.15495 0.753335
88.6667 0.174868 0.136414 7.03652
88.6667 -0.17225 0.716491 7.03652
88.6667 -0.349312 -0.548172 0.753335
88.6667 -0.699217 -0.0263602 0.753335
88.6667 -0.442627 0.416143 7.03652
88.6667 -0.24181 0.682625 7.03652
88.6667 0.409539 0.172649 0.753335
88.6667 0.739895 -0.154366 7.03652
88.6667 -0.719486 -0.16501 0.753335
88.6667 0.658848 0.600447 0.753335
88.6667 -0.0789394 0.183764 7.03652
88.6667 0.390968 0.369554 0.753335
88.6667 0.799693 0.108805 7.03652
88.6667 0.172752 -0.605442 0.753335
88.6667 -0.804239 -0.481079 0.753335
88.6667 0.461318 0.185457 7.03652
88.6667 -0.201233 -0.368289 0.753335
88.6667 -0.987435 -0.343738 7.03652
88.6667 -0.823344 -0.428441 7.03652
88.6667 -0.638417 0.747545 0.753335
88.6667 0.492358 -0.0449842 7.03652
88.6667 0.582398 0.0455073 0.753335
88.6667 -0.285284 0.484922 0.753335
88.6667 -0.838841 -0.620557 0.753335
88.6667 0.620478 0.369925 7.03652
88.6667 0.0529054 0.268804 0.753335
88.6667 0.499459 0.582617 0.753335
88.6667 -0.266303 0.196357 0.753335
88.6667 0.100737 0.350961 0.753335
88.6667 -0.328895 0.025322 7.03652
88.6667 0.373894 -0.7 7.03652
88.6667 0.208809 -0.0478979 0.753335
88.6667 0.554205 0.111107 0.753335
88.6667 -0.415063 -0.222052 0.753335
88.6667 -0.941572 -0.463541 7.03652
88.6667 0.171955 0.781391 0.753335
88.6667 0.639582 0.489867 0.753335
88.6667 -0.378571 -0.412887 0.753335
88.6667 0.334744 0.652254 0.753335
88.6667 -0.379747 -0.189077 0.753335
88.6667 -0.140705 0.667048 0.753335
88.6667 -0.359725 -0.972079 0.753335
88.6667 -0.794772 0.499766 7.03652
88.6667 0.098464 0.249085 0.753335
88.6667 -0.534858 -0.0119118 0.753335
88.6667 -0.241328 -0.179391 0.753335
88.6667 0.0783538 0.643438 0.753335
88.6667 -0.259087 0.327347 0.753335
88.6667 -0.371064 -0.304933 0.753335
88.6667 0.905039 -0.263484 7.03652
88.6667 -0.92196 0.48726 0.753335
88.6667 -0.597152 0.178604 7.03652
88.6667 -0.298129 -0.527577 0.753335
88.6667 -0.316684 -0.812426 0.753335
88.6667 0.228974 0.197054 0.753335
88.6667 0.717314 -0.701762 0.753335
88.6667 -0.00716299 -0.48807 7.03652
88.6667 -0.666838 -0.251032 0.753335
88.6667 0.59596 0.525925 0.753335
88.6667 -0.568917 0.804807 0.753335
88.6667 0.800775 0.22426 0.753335
88.6667 0.26683 0.113342 0.753335
88.6667 0.0411104 0.111787 0.753335
88.6667 -0.659225 0.261705 7.03652
88.6667 -0.462498 0.0137272 7.03652
88.6667 0.114024 -0.0824841 7.03652
88.6667 0.241976 -0.13637 0.753335
88.6667 -0.369989 0.61444 0.753335
88.6667 -0.388803 0.241378 7.03652
88.6667 -0.263108 -0.790367 0.753335
88.6667 0.771849 -0.547353 0.753335
88.6667 -0.204003 -0.479061 7.03652
88.6667 0.0483322 0.168776 0.753335
88.6667 -0.230037 -0.288168 7.03652
88.6667 -0.662838 0.0639615 0.753335
88.6667 0.21936 0.100498 7.03652
88.6667 0.457082 0.136763 0.753335
88.6667 -0.334983 -0.444475 7.03652
88.6667 0.209674 0.83027 7.03652
88.6667 0.149391 0.347145 7.03652
88.6667 0.0931215 0.439353 0.753335
88.6667 -0.308123 -0.114489 7.03652
88.6667 -0.786004 0.442072 0.753335
88.6667 0.803168 0.166286 0.753335
88.6667 -0.263122 0.99565 0.753335
88.6667 -0.056208 0.450027 0.753335
88.6667 0.0382027 0.863151 0.753335
88.6667 0.253005 0.727417 0.753335
88.6667 0.170258 -0.496158 0.753335
88.6667 0.360171 0.556902 0.753335
88.6667 -0.752089 0.378727 0.753335
88.6667 0.60413 -0.0637386 0.753335
88.6667 0.43528 0.446351 7.03652
88.6667 -0.88797 -0.0556212 0.753335
88.6667 0.790443 -0.0113176 0.753335
88.6667 -0.41757 0.324851 0.753335
88.6667 -0.0570821 -0.577892 0.753335
88.6667 0.100874 -0.937629 7.03652
88.6667 -0.146697 0.291649 7.03652
88.6667 -0.539442 0.490788 0.753335
88.6667 -0.278881 0.753007 7.03652
88.6667 -0.7059 -0.366369 0.753335
88.6667 0.474636 -0.412451 0.753335
88.6667 -0.376341 0.56058 0.753335
88.6667 0.24797 -0.742399 0.753335
88.6667 -0.0350302 0.4052 7.03652
88.6667 0.40088 -0.367608 0.753335
88.6667 -0.647655 -0.294864 7.03652
88.6667 -0.260155 0.441661 7.03652
88.6667 -0.190994 -0.254902 0.753335
88.6667 -0.586524 0.468177 0.753335
88.6667 0.214371 0.28493 7.03652
88.6667 -0.146938 -0.44583 0.753335
88.6667 -0.771373 -0.413473 7.03652
88.6667 -0.301766 -0.581352 0.753335
88.6667 -0.0533818 0.922527 0.753335
88.6667 -0.052939 0.818223 7.03652
88.6667 -0.502106 0.347947 7.03652
88.6667 0.568734 0.680133 0.753335
88.6667 -0.0797066 0.870423 7.03652
88.6667 0.700274 0.509504 0.753335
88.6667 -0.936994 -0.0777308 0.753335
88.6667 -0.442404 0.514986 0.753335
88.6667 0.457623 -0.264308 7.03652
88.6667 -0.37433 -0.83998 7.03652
88.6667 0.616429 -0.119924 0.753335
88.6667 -0.764788 -0.712084 7.03652
88.6667 0.0364618 -0.963949 7.03652
88.6667 -0.642677 -0.611744 7.03652
88.6667 0.657091 -0.0835072 7.03652
88.6667 -0.388852 0.423049 7.03652
88.6667 -1.04734 0.0798931 0.753335
88.6667 -0.086246 -0.535816 0.753335
88.6667 -0.42135 0.61855 0.753335
88.6667 0.536327 0.443823 0.753335
88.6667 0.213615 -0.294113 0.753335
88.6667 -0.731986 0.42595 0.753335
88.6667 0.353043 -0.788439 0.753335
88.6667 -0.59173 0.352842 7.03652
88.6667 0.153503 0.840123 0.753335
88.6667 -0.199487 0.309593 7.03652
88.6667 -0.759717 0.229741 0.753335
88.6667 0.0916733 -0.816206 0.753335
88.6667 -0.748916 -0.0102288 0.753335
88.6667 -0.897602 0.426704 0.753335
88.6667 0.513457 0.687176 0.753335
88.6667 -0.0111311 -0.0257361 0.753335
88.6667 -0.467872 -0.918654 7.03652
88.6667 -0.277148 0.248045 0.753335
88.6667 0.02702 0.636695 7.03652
88.6667 -0.721942 -0.261277 7.03652
88.6667 -0.238346 0.280431 0.753335
88.6667 -0.339731 0.667951 7.03652
88.6667 0.0472243 -0.909678 7.03652
88.6667 0.12542 0.064214 7.03652
88.6667 -0.555409 -0.34466 7.03652
88.6667 -0.970008 -0.401763 7.03652
88.6667 0.82372 -0.332777 0.753335
88.6667 0.0409875 0.430422 0.753335
88.6667 0.304372 -0.352792 0.753335
88.6667 0.503848 -0.243621 7.03652
88.6667 -0.634707 0.448514 7.03652
88.6667 -0.417662 -0.329283 0.753335
88.6667 0.703404 0.286599 7.03652
88.6667 -0.188819 0.0404985 7.03652
88.6667 0.322026 0.184092 0.753335
88.6667 -0.294271 0.867523 0.753335
88.6667 -0.312777 -0.698949 0.753335
88.6667 0.309915 -0.831606 0.753335
88.6667 -0.941981 0.0448734 0.753335
88.6667 0.962266 0.24818 7.03652
88.6667 0.47665 0.809284 7.03652
88.6667 0.127447 0.0179276 0.753335
88.6667 0.909499 0.215033 0.753335
88.6667 -0.481426 0.7203 7.03652
88.6667 0.27294 -0.914655 7.03652
88.6667 -0.96311 -0.245533 0.753335
88.6667 0.286907 0.264463 0.753335
88.6667 -0.375009 -0.359174 0.753335
88.6667 -0.242292 0.894964 0.753335
88.6667 0.277187 -0.643185 7.03652
88.6667 0.49694 -0.81481 7.03652
88.6667 0.150563 -0.168463 0.753335
88.6667 0.0548394 0.53607 0.753335
88.6667 -0.116346 -0.392791 0.753335
88.6667 -0.0461941 0.00751633 7.03652
88.6667 -0.865604 -0.00120015 0.753335
88.6667 -0.585673 0.52591 7.03652
88.6667 0.998272 0.0531728 7.03652
88.6667 -0.454089 0.781173 7.03652
88.6667 -0.266402 0.100494 0.753335
88.6667 -0.184827 -0.00817146 0.753335
88.6667 -0.922715 0.362153 0.753335
88.6667 -0.239909 -0.33907 7.03652
88.6667 -0.714893 -0.423274 0.753335
88.6667 0.126676 -0.694058 7.03652
88.6667 -0.534589 0.438865 7.03652
88.6667 0.946205 -0.315401 7.03652
88.6667 -0.283222 -0.367609 7.03652
88.6667 0.0748355 -0.049561 7.03652
88.6667 0.718945 -0.348506 0.753335
88.6667 -0.552316 -0.290967 7.03652
88.6667 -0.22389 0.407612 0.753335
88.6667 0.596034 0.142055 0.753335
88.6667 0.514801 -0.604411 0.753335
88.6667 -0.112082 -0.729864 0.753335
88.6667 -0.15589 -0.13913 0.753335
88.6667 0.339998 0.394921 0.753335
88.6667 0.856779 0.193943 0.753335
88.6667 -0.323189 0.451442 0.753335
88.6667 0.161326 0.565203 7.03652
88.6667 -0.682113 0.710618 7.03652
88.6667 -0.552804 0.133303 0.753335
88.6667 -0.562231 -0.0611963 0.753335
88.6667 0.16932 -0.0128829 7.03652
88.6667 0.680064 0.733136 0.753335
88.6667 -0.78754 0.174156 0.753335
88.6667 0.799307 -0.603702 0.753335
88.6667 -0.954187 0.433569 7.03652
88.6667 0.92311 -0.0258151 7.03652
88.6667 -0.279767 0.014 0.753335
88.6667 0.119347 0.298035 7.03652
88.6667 -0.125792 0.189286 7.03652
88.6667 0.0748653 0.31114 0.753335
88.6667 0.830828 0.419758 7.03652
88.6667 -0.389784 0.773489 0.753335
88.6667 -0.215633 0.354362 0.753335
88.6667 -0.630305 -0.210165 7.03652
88.6667 0.114191 0.799986 0.753335
88.6667 0.266752 0.0642874 0.753335
88.6667 -0.63957 -0.0284458 0.753335
88.6667 -0.495513 0.20511 7.03652
88.6667 -0.720782 -0.554429 0.753335
88.6667 -0.32771 -0.339252 0.753335
88.6667 0.377267 -0.942866 0.753335
88.6667 -0.661106 -0.560162 7.03652
88.6667 -0.14535 -0.232575 0.753335
88.6667 -0.758092 0.633988 7.03652
88.6667 0.328706 -0.153164 0.753335
88.6667 0.600385 -0.24372 0.753335
88.6667 -0.138365 -0.632619 7.03652
88.6667 -0.229525 0.00513396 0.753335
88.6667 -0.587035 0.412982 7.03652
88.6667 -0.329981 0.733559 0.753335
88.6667 -0.0620818 -0.915452 0.753335
88.6667 -0.739511 -0.653135 7.03652
88.6667 -0.399438 -0.568831 7.03652
88.6667 -0.768573 -0.527536 0.753335
88.6667 0.157238 -0.898681 0.753335
88.6667 -0.0329122 0.17527 0.753335
88.6667 -0.863956 0.263573 7.03652
88.6667 0.776382 0.425153 0.753335
88.6667 -0.109556 0.818581 7.03652
88.6667 -0.295061 0.0635335 0.753335
88.6667 0.145191 0.517434 7.03652
88.6667 0.0968848 -0.555415 0.753335
88.6667 0.219769 0.0523473 7.03652
88.6667 -0.791325 0.334183 7.03652
88.6667 0.0563148 -0.420882 0.753335
88.6667 -0.00885146 -0.777852 7.03652
88.6667 0.369769 0.209969 0.753335
88.6667 0.13202 0.652584 7.03652
88.6667 0.170161 0.945557 0.753335
88.6667 0.399711 0.0705127 0.753335
88.6667 0.368696 -0.841672 0.753335
88.6667 -0.159047 -0.494618 0.753335
88.6667 -0.15762 0.958017 0.753335
88.6667 -0.841227 -0.246833 0.753335
88.6667 -0.322723 0.167426 0.753335
88.6667 -0.384126 0.0958383 7.03652
88.6667 0.988347 0.133045 0.753335
88.6667 0.42723 0.778581 7.03652
88.6667 -0.890568 0.145071 7.03652
88.6667 -0.299093 0.408906 0.753335
88.6667 0.507947 0.204522 0.753335
88.6667 0.71213 0.0535534 7.03652
88.6667 0.214968 0.00275408 0.753335
88.6667 0.549215 0.56037 0.753335
88.6667 0.420111 -0.414355 0.753335
88.6667 -0.612633 0.621777 0.753335
88.6667 0.139368 -0.454128 0.753335
88.6667 -0.830512 0.0503116 0.753335
88.6667 0.806705 0.478769 0.753335
88.6667 -0.514737 0.0933485 0.753335
88.6667 0.387651 -0.466191 0.753335
88.6667 -0.661602 -0.40049 7.03652
88.6667 0.236479 0.39968 7.03652
88.6667 0.339911 -0.102706 0.753335
88.6667 -0.229099 -0.889333 7.03652
88.6667 0.519126 -0.509933 7.03652
88.6667 -0.80608 0.104412 0.753335
88.6667 -0.570929 0.28436 7.03652
88.6667 -0.39549 0.666917 0.753335
88.6667 -0.165477 -0.862891 7.03652
88.6667 0.992155 -0.0683715 7.03652
88.6667 0.649056 0.222002 7.03652
88.6667 0.0404426 -0.475292 0.753335
88.6667 0.518461 -0.136068 0.753335
88.6667 -0.117783 -0.902706 7.03652
88.6667 -0.380744 0.291952 7.03652
88.6667 0.169034 0.299928 0.753335
88.6667 0.0270181 -0.378746 0.753335
88.6667 -0.682446 0.309986 7.03652
88.6667 -0.0470127 -0.206788 0.753335
88.6667 0.650963 0.273849 0.753335
88.6667 -0.266675 -0.67592 0.753335
88.6667 -0.508784 0.154964 0.753335
88.6667 -0.667529 -0.801398 0.753335
88.6667 0.0448147 -0.851854 0.753335
88.6667 0.616935 -0.478476 7.03652
88.6667 0.239278 -0.596419 0.753335
88.6667 -0.564085 -0.397262 7.03652
88.6667 0.152056 -0.547593 0.753335
88.6667 -0.0948336 -0.440554 0.753335
88.6667 -0.231196 0.486571 0.753335
88.6667 -0.60173 0.128093 0.753335
88.6667 0.648179 0.120717 0.753335
88.6667 -0.311627 -0.755342 7.03652
88.6667 0.366839 -0.420437 7.03652
88.6667 -0.473063 -0.207818 0.753335
88.6667 -0.776677 -0.161692 0.753335
88.6667 -0.45725 -0.856787 7.03652
88.6667 0.694613 -0.640717 7.03652
88.6667 -0.746685 -0.116249 7.03652
88.6667 -0.0624232 0.638973 7.03652
88.6667 0.759144 -0.654381 0.753335
88.6667 0.716466 0.561476 0.753335
88.6667 -0.192888 -1.0049 0.753335
88.6667 -0.580026 -0.199187 7.03652
88.6667 0.862191 0.373636 0.753335
88.6667 -0.368327 -0.244686 0.753335
88.6667 -0.09524 -0.22035 0.753335
88.6667 0.0219097 0.575874 0.753335
88.6667 -0.610862 -0.0731771 7.03652
88.6667 0.0736031 -0.36791 0.753335
88.6667 -0.778638 0.0359294 0.753335
88.6667 -0.0800328 -0.637029 0.753335
88.6667 0.440065 -0.46134 0.753335
88.6667 -0.560382 0.0804613 0.753335
88.6667 0.131132 0.162206 0.753335
88.6667 0.656133 -0.33696 7.03652
88.6667 0.358877 0.10406 0.753335
88.6667 0.125152 -0.266638 7.03652
88.6667 0.410637 0.581181 0.753335
88.6667 -0.549002 0.329163 7.03652
88.6667 0.196241 -0.15276 0.753335
88.6667 -0.151637 0.425918 0.753335
88.6667 0.748948 0.201007 0.753335
88.6667 0.446781 -0.0146477 7.03652
88.6667 0.545857 0.500177 0.753335
88.6667 -0.196108 -0.533262 0.753335
88.6667 0.471705 0.742157 0.753335
88.6667 -0.636159 0.5053 0.753335
88.6667 -0.974886 0.154442 0.753335
88.6667 0.125864 0.749692 7.03652
88.6667 0.0323465 0.0607847 7.03652
88.6667 0.00174248 0.0256261 0.753335
88.6667 -0.13136 0.520412 0.753335
88.6667 0.0255814 -0.144489 0.753335
88.6667 0.191935 0.236102 0.753335
88.6667 0.237215 0.677783 7.03652
88.6667 -0.0604668 -0.750837 0.753335
88.6667 0.010527 1.02254 7.03652
88.6667 0.456357 -0.602191 7.03652
88.6667 -0.493674 0.403285 7.03652
88.6667 -0.28185 -0.314048 0.753335
88.6667 0.257111 -0.545095 0.753335
88.6667 -0.732409 0.185121 0.753335
88.6667 0.383192 0.817656 0.753335
88.6667 0.370886 -0.183811 0.753335
88.6667 0.718317 -0.0980885 0.753335
88.6667 -0.0636936 -0.163921 7.03652
88.6667 0.625406 -0.390067 7.03652
88.6667 0.671637 0.388471 7.03652
88.6667 -0.511563 -0.373949 0.753335
88.6667 0.0982126 -0.878049 7.03652
88.6667 -0.809529 -0.00689681 0.753335
88.6667 -0.757149 0.0805502 0.753335
88.6667 0.155433 -0.405736 0.753335
88.6667 0.64704 -0.279936 7.03652
88.6667 0.119413 -0.505225 0.753335
88.6667 -0.8777 -0.57203 0.753335
88.6667 -0.329582 0.977113 7.03652
88.6667 0.116878 -0.129392 0.753335
88.6667 0.597246 0.199454 0.753335
88.6667 -0.377193 0.715801 7.03652
88.6667 -0.287141 0.814272 7.03652
88.6667 0.444517 0.497558 7.03652
88.6667 0.0522951 0.221873 0.753335
88.6667 0.321832 0.595441 0.753335
88.6667 -0.311495 -0.0248902 0.753335
88.6667 -0.0334589 -0.346017 7.03652
88.6667 0.379351 -0.134221 0.753335
88.6667 0.196847 0.7292 7.03652
88.6667 0.698481 -0.300659 7.03652
88.6667 -0.0121101 -0.722683 7.03652
88.6667 -0.41046 -0.00240579 7.03652
88.6667 -0.80708 -0.206394 7.03652
88.6667 -0.0872668 0.49345 7.03652
88.6667 -0.454313 0.363253 0.753335
88.6667 0.707185 -0.543153 0.753335
88.6667 -0.691812 -0.208381 0.753335
88.6667 0.222181 -0.242718 0.753335
88.6667 0.0127043 0.509108 7.03652
88.6667 0.0705588 0.912021 7.03652
88.6667 0.309329 -0.30263 0.753335
88.6667 -0.289201 0.534366 0.753335
88.6667 0.644682 0.171071 0.753335
88.6667 -0.496418 -0.630098 7.03652
88.6667 0.536245 0.061765 7.03652
88.6667 0.668648 -0.585073 7.03652
88.6667 -0.50551 -0.26026 0.753335
88.6667 0.556419 0.288677 0.753335
88.6667 -0.749972 -0.466693 7.03652
88.6667 0.450974 0.616905 0.753335
88.6667 0.897375 -0.435893 7.03652
88.6667 0.807065 0.353365 0.753335
88.6667 -0.449284 0.672885 7.03652
88.6667 -0.196279 1.00856 0.753335
88.6667 0.453516 -0.366113 0.753335
88.6667 0.43157 0.848007 0.753335
88.6667 -0.522388 -0.204568 0.753335
88.6667 -0.517952 -0.841394 7.03652
88.6667 0.5057 -0.36138 7.03652
88.6667 -0.46497 -0.355018 7.03652
88.6667 0.120387 0.601443 0.753335
88.6667 -0.190351 -0.317238 0.753335
88.6667 0.611559 0.640547 0.753335
88.6667 -0.341881 0.0777725 0.753335
88.6667 0.936218 -0.0837953 0.753335
88.6667 0.530604 0.793045 7.03652
88.6667 -0.783921 0.579812 0.753335
88.6667 -0.422998 0.0464925 0.753335
88.6667 -0.497757 -0.518856 0.753335
88.6667 0.624527 0.703907 7.03652
88.6667 -0.648118 0.664161 7.03652
88.6667 0.0394511 -0.738842 0.753335
88.6667 -0.705968 0.0929043 7.03652
88.6667 -0.365147 -0.782878 0.753335
88.6667 -0.26332 0.377043 0.753335
88.6667 -0.872729 -0.462701 7.03652
88.6667 -0.416842 -0.0924268 7.03652
88.6667 0.844958 0.0820212 7.03652
88.6667 -0.385645 -0.465702 7.03652
88.6667 -0.164685 -0.688262 0.753335
88.6667 -0.56583 0.0317332 0.753335
88.6667 0.202802 0.336877 0.753335
88.6667 -0.387582 -0.0530969 0.753335
88.6667 -0.231041 0.135302 0.753335
88.6667 -0.11317 0.569707 7.03652
88.6667 -0.75592 -0.361535 7.03652
88.6667 -0.168949 0.617101 0.753335
88.6667 0.289264 0.766218 0.753335
88.6667 0.216567 -0.929377 0.753335
88.6667 -0.381873 0.884702 7.03652
88.6667 0.278885 -0.171455 7.03652
88.6667 0.208592 -0.994132 0.753335
88.6667 0.700821 0.23009 7.03652
88.6667 0.850041 -0.278977 0.753335
88.6667 0.371699 0.876381 7.03652
88.6667 0.496453 0.00303814 0.753335
88.6667 -0.926618 0.183635 0.753335
88.6667 -0.548078 -0.606865 0.753335
88.6667 -0.163219 -0.399355 0.753335
88.6667 0.243044 -0.422861 7.03652
88.6667 -0.800082 -0.106256 7.03652
88.6667 -0.938903 -0.298931 7.03652
88.6667 -0.322311 -0.869988 0.753335
88.6667 -0.748868 -0.213382 0.753335
88.6667 -0.186526 0.262154 0.753335
88.6667 0.0209875 -0.627516 7.03652
88.6667 -0.10948 -0.488075 7.03652
88.6667 -0.816358 -0.302476 0.753335
88.6667 -0.615726 -0.822256 7.03652
88.6667 -0.514735 0.0348567 0.753335
88.6667 -0.0908424 0.414003 0.753335
88.6667 0.458783 -0.508162 0.753335
88.6667 -0.618504 0.025384 0.753335
88.6667 0.164267 -0.306606 0.753335
88.6667 0.303397 -0.0208717 7.03652
88.6667 -0.70878 -0.498983 7.03652
88.6667 0.707159 0.345105 0.753335
88.6667 -0.631809 0.562983 7.03652
88.6667 0.121306 -0.361264 0.753335
88.6667 -0.568487 -0.710792 7.03652
88.6667 0.323763 0.958953 0.753335
88.6667 -0.547463 -0.49769 0.753335
88.6667 0.17446 0.615582 7.03652
88.6667 -0.402761 0.185994 0.753335
88.6667 0.503823 -0.300894 7.03652
88.6667 0.331908 0.799089 0.753335
88.6667 -0.469826 -0.411856 7.03652
88.6667 -0.06804 -0.306069 0.753335
88.6667 -0.820482 0.637967 0.753335
88.6667 -0.468411 0.308016 7.03652
88.6667 0.128513 0.112923 7.03652
88.6667 0.406916 0.12255 0.753335
88.6667 -0.65749 -0.166256 0.753335
88.6667 -0.154931 -0.285542 0.753335
88.6667 0.312962 -0.547332 0.753335
88.6667 0.833247 -0.438018 0.753335
88.6667 -0.655022 -0.345472 0.753335
88.6667 0.289973 -0.120362 7.03652
88.6667 -0.133471 -1.01994 0.753335
88.6667 0.0949266 0.695375 0.753335
88.6667 0.656458 0.327931 0.753335
88.6667 0.252134 -0.0844808 0.753335
88.6667 0.0840456 -0.00348933 0.753335
88.6667 -0.635604 0.390437 0.753335
88.6667 0.538998 -0.66146 0.753335
88.6667 -0.535923 0.23875 0.753335
88.6667 0.858373 0.316922 0.753335
88.6667 -0.599518 -0.31351 7.03652
88.6667 0.487267 -0.554495 7.03652
88.6667 0.814768 -0.060555 0.753335
88.6667 0.693723 -0.244178 7.03652
88.6667 -0.0602199 1.02317 7.03652
88.6667 -0.501166 0.904987 0.753335
88.6667 -0.544048 0.384557 0.753335
88.6667 0.602619 -0.343736 0.753335
88.6667 0.692997 -0.185079 0.753335
88.6667 -0.0712304 -1.02254 7.03652
88.6667 0.504028 0.635485 7.03652
88.6667 -0.240372 -0.0889261 0.753335
88.6667 0.433481 -0.706523 0.753335
88.6667 0.828319 -0.114212 0.753335
88.6667 -0.135914 0.0421426 7.03652
88.6667 -0.862756 0.0974428 0.753335
88.6667 0.920577 0.357996 0.753335
88.6667 -0.44832 -0.539051 0.753335
88.6667 0.271199 0.445209 7.03652
88.6667 0.770146 0.0450867 7.03652
88.6667 0.00260064 -0.578125 0.753335
88.6667 0.75635 0.372298 0.753335
88.6667 0.206258 -0.0986419 7.03652
88.6667 0.0748931 0.0416019 0.753335
88.6667 -0.184068 0.124881 0.753335
88.6667 -0.277201 0.150335 0.753335
88.6667 0.869214 -0.492436 7.03652
88.6667 -0.211101 -0.77571 7.03652
88.6667 0.0443632 -1.02552 7.03652
88.6667 -0.498189 -0.573444 0.753335
88.6667 0.602577 0.582221 0.753335
88.6667 0.132346 0.465539 0.753335
88.6667 -0.254214 -1.00226 7.03652
88.6667 0.0251739 0.311925 7.03652
88.6667 -0.483113 -0.798078 0.753335
88.6667 0.565928 -0.780051 7.03652
88.6667 0.579761 0.408713 0.753335
88.6667 -0.197791 -0.203391 7.03652
88.6667 0.202074 0.526548 7.03652
88.6667 0.312107 -0.25267 0.753335
88.6667 -0.376237 0.0401523 7.03652
88.6667 0.147204 -1.01328 7.03652
88.6667 0.349397 0.280124 0.753335
88.6667 0.399921 0.523455 7.03652
88.6667 0.296817 0.354877 7.03652
88.6667 -0.364695 -0.102631 0.753335
88.6667 0.963197 -0.252881 0.753335
88.6667 -0.0612878 -0.0423594 0.753335
88.6667 0.857977 0.139864 0.753335
88.6667 -0.0588404 -0.861387 0.753335
88.6667 -0.111656 -0.843153 0.753335
88.6667 0.162407 0.426527 0.753335
88.6667 -0.183806 0.897591 0.753335
88.6667 0.163092 -0.0655642 0.753335
88.6667 0.494905 -0.462294 0.753335
88.6667 0.770327 0.589887 7.03652
88.6667 0.458766 0.679002 0.753335
88.6667 -0.60236 0.849849 7.03652
88.6667 0.182595 0.479981 0.753335
88.6667 0.769098 0.646833 0.753335
88.6667 -0.720167 0.588641 0.753335
88.6667 0.508823 0.150283 0.753335
88.6667 -0.555893 -0.242375 7.03652
88.6667 -0.655689 -0.50917 7.03652
88.6667 -0.775128 -0.0567916 0.753335
88.6667 -0.516426 0.287675 0.753335
88.6667 -0.515767 -0.0663799 7.03652
88.6667 0.26515 -0.978911 7.03652
88.6667 0.238406 0.484214 0.753335
88.6667 0.440188 0.0341364 0.753335
88.6667 0.743703 -0.27043 7.03652
88.6667 0.222311 0.148788 7.03652
88.6667 0.102282 -0.180776 7.03652
88.6667 0.309431 0.540568 0.753335
88.6667 0.365166 -0.557543 0.753335
88.6667 0.029806 -0.68146 0.753335
88.6667 -0.177448 0.386999 0.753335
88.6667 0.358271 -0.280471 7.03652
88.6667 0.252072 0.873459 0.753335
88.6667 0.349931 -0.00332217 0.753335
88.6667 0.217145 -0.641039 0.753335
88.6667 -0.712308 0.259938 7.03652
88.6667 -0.0822397 0.764754 0.753335
88.6667 0.480505 0.306545 0.753335
88.6667 0.393903 -0.888917 0.753335
88.6667 -0.0201631 0.550371 0.753335
88.6667 -0.247962 -0.452884 7.03652
88.6667 0.398165 -0.0329995 0.753335
88.6667 0.480773 0.364107 0.753335
88.6667 -0.669272 -0.65822 0.753335
88.6667 0.36352 -0.232001 7.03652
88.6667 -0.47267 0.122001 7.03652
88.6667 0.0152238 -0.332451 0.753335
88.6667 0.271363 0.82057 7.03652
88.6667 -0.0412428 -0.443872 0.753335
88.6667 -0.40962 -0.275336 7.03652
88.6667 -0.690511 0.370028 0.753335
88.6667 -0.279827 -0.21023 7.03652
88.6667 0.191799 -0.447485 0.753335
88.6667 0.397204 -0.75129 0.753335
88.6667 -0.21421 -0.831849 0.753335
88.6667 -0.8111 -0.565712 0.753335
88.6667 -0.541909 -0.663895 7.03652
88.6667 -0.138108 0.773724 7.03652
88.6667 0.49976 0.525996 7.03652
88.6667 0.305189 -0.406629 0.753335
88.6667 -0.717396 -0.759396 0.753335
88.6667 -0.428847 0.729509 7.03652
88.6667 -0.688545 0.210195 0.753335
88.6667 -0.602252 0.693845 7.03652
88.6667 0.647511 -0.219852 0.753335
88.6667 0.556197 0.619556 0.753335
88.6667 -0.32692 0.565964 0.753335
88.6667 -0.430454 0.272427 7.03652
88.6667 0.441404 -0.0650238 0.753335
88.6667 0.0268084 -0.282194 7.03652
88.6667 0.131621 0.899909 0.753335
88.6667 0.989338 -0.0110371 0.753335
88.6667 0.26294 -0.273682 7.03652
88.6667 0.507591 -0.874417 0.753335
88.6667 0.718985 0.415137 7.03652
88.6667 0.528782 0.38824 0.753335
88.6667 0.699607 0.116436 7.03652
88.6667 -0.671042 0.0145367 7.03652
88.6667 -0.809055 -0.359894 7.03652
88.6667 0.161456 -0.114917 7.03652
88.6667 0.526836 -0.415962 7.03652
88.6667 0.553125 -0.716827 0.753335
88.6667 0.0935342 -0.997323 7.03652
88.6667 -0.767334 -0.600665 0.753335
88.6667 0.448128 -0.850575 0.753335
88.6667 -0.331052 -0.390928 7.03652
88.6667 0.23563 -0.474968 7.03652
88.6667 -0.0581097 -0.256955 0.753335
88.6667 -0.0203789 -0.294723 0.753335
88.6667 0.186921 0.668204 0.753335
88.6667 0.796591 -0.163785 7.03652
88.6667 -0.416004 -0.945725 0.753335
88.6667 -0.434728 -0.1749 0.753335
88.6667 0.383394 0.421748 7.03652
88.6667 -0.0594857 -0.489471 0.753335
88.6667 -0.0851116 -0.353786 7.03652
88.6667 -0.858999 0.594595 0.753335
88.6667 -0.277718 0.642365 0.753335
88.6667 0.0260229 0.76291 7.03652
88.6667 -0.245774 -0.509625 7.03652
88.6667 0.0569594 -0.583959 0.753335
88.6667 -0.118296 0.722437 0.753335
88.6667 -0.801437 -0.662859 7.03652
88.6667 0.32687 0.726884 7.03652
88.6667 -0.0349719 0.0553822 0.753335
88.6667 -0.858322 -0.105737 0.753335
88.6667 -0.740174 0.725164 7.03652
88.6667 -0.36901 0.466436 0.753335
88.6667 0.774096 -0.445527 0.753335
88.6667 0.484246 -0.653212 0.753335
88.6667 0.854906 -0.0124912 0.753335
88.6667 0.524375 0.33056 0.753335
88.6667 -0.569827 -0.11152 7.03652
88.6667 0.377204 -0.648135 0.753335
88.6667 -0.60175 -0.15462 0.753335
88.6667 -1.01691 0.26252 0.753335
88.6667 0.348366 0.342405 7.03652
88.6667 -0.146086 -0.961045 0.753335
88.6667 0.241807 0.245793 0.753335
88.6667 -0.391192 -0.679658 0.753335
88.6667 -0.548438 -0.550458 0.753335
88.6667 0.299382 0.908564 7.03652
88.6667 0.605558 0.0883698 0.753335
88.6667 0.885919 0.0342928 0.753335
88.6667 -0.19954 0.44897 7.03652
88.6667 -0.228335 0.730545 0.753335
88.6667 -0.00155093 -0.191008 0.753335
88.6667 -1.03744 0.139686 7.03652
88.6667 -0.0210662 0.869624 7.03652
88.6667 -0.241707 -0.397529 0.753335
88.6667 -0.702244 -0.310255 7.03652
88.6667 -0.995472 0.322591 7.03652
88.6667 -0.398673 -0.14076 0.753335
88.6667 0.712302 0.621682 0.753335
88.6667 -0.438577 -0.702225 7.03652
88.6667 -0.866345 0.202102 0.753335
88.6667 -0.0163207 0.60997 0.753335
88.6667 -0.200923 -0.429371 0.753335
88.6667 -0.0883809 -0.0825595 7.03652
88.6667 0.568928 -0.101337 7.03652
88.6667 0.797607 -0.384757 7.03652
88.6667 0.327726 -0.891795 7.03652
88.6667 0.940732 0.0291101 0.753335
88.6667 0.29294 0.687058 0.753335
88.6667 -0.922513 -0.353991 0.753335
88.6667 -0.107356 -0.268049 7.03652
88.6667 -0.0635955 0.588087 0.753335
88.6667 0.500861 0.101723 0.753335
88.6667 0.583413 0.745491 0.753335
88.6667 0.734776 -0.596485 7.03652
88.6667 0.805562 0.288945 7.03652
88.6667 -0.160521 -0.747525 0.753335
88.6667 0.599316 0.253914 7.03652
88.6667 0.588573 0.813574 7.03652
88.6667 0.435652 0.33814 0.753335
88.6667 -0.335754 0.786801 0.753335
88.6667 -0.086619 -0.966028 7.03652
88.6667 0.899326 0.0960623 0.753335
88.6667 -0.681143 0.424209 0.753335
88.6667 0.552978 0.171142 0.753335
88.6667 -0.0684576 0.368584 0.753335
88.6667 0.859534 -0.383812 0.753335
88.6667 0.681844 -0.389375 0.753335
88.6667 -0.909394 -0.413653 0.753335
88.6667 0.0890248 -0.4624 0.753335
88.6667 -0.212276 0.577692 0.753335
88.6667 -0.426421 0.465684 7.03652
88.6667 0.923848 -0.377844 7.03652
88.6667 0.296059 0.488361 0.753335
88.6667 -0.423861 -0.808227 0.753335
88.6667 -0.443686 0.934877 7.03652
88.6667 0.398429 -0.59916 0.753335
88.6667 0.464239 -0.209398 0.753335
88.6667 0.551661 0.229665 7.03652
88.6667 -0.283497 -0.917065 0.753335
88.6667 -0.669087 -0.455218 0.753335
88.6667 -0.0321275 -0.619932 0.753335
88.6667 -1.05058 0.0149916 0.753335
88.6667 -0.0359909 0.223833 7.03652
88.6667 -0.0109944 -0.242975 0.753335
88.6667 0.290759 0.403109 0.753335
88.6667 0.231294 -0.18963 0.753335
88.6667 0.749267 0.147896 0.753335
88.6667 0.57993 -0.515805 0.753335
88.6667 -0.60582 -0.257414 0.753335
88.6667 0.948463 0.309167 0.753335
88.6667 -0.0646636 -0.695177 0.753335
88.6667 0.260654 -0.323168 0.753335
88.6667 0.422582 0.221541 7.03652
88.6667 -0.549344 0.188871 0.753335
88.6667 -0.0705182 0.537995 0.753335
88.6667 0.193181 -0.816581 0.753335
88.6667 -0.669281 0.606494 7.03652
88.6667 -0.610858 -0.477498 7.03652
88.6667 0.121586 -0.595281 7.03652
88.6667 -0.985018 0.0976829 0.753335
88.6667 0.986641 -0.130851 0.753335
88.6667 -0.831704 -0.0553205 0.753335
88.6667 0.409115 -0.318064 7.03652
88.6667 -0.0897538 0.678484 0.753335
88.6667 -0.479514 0.252886 0.753335
88.6667 -0.689313 -0.121461 0.753335
88.6667 0.971569 0.189786 0.753335
88.6667 0.0432804 -0.793252 0.753335
88.6667 -0.71908 0.0368245 7.03652
88.6667 0.848575 -0.221936 0.753335
88.6667 -0.477326 0.843525 7.03652
88.6667 0.137195 -0.218956 0.753335
88.6667 0.44845 -0.911558 0.753335
88.6667 -0.161859 0.0829961 0.753335
88.6667 0.334265 -0.735971 0.753335
88.6667 -0.005274 0.0921272 0.753335
88.6667 -0.204047 -0.1485 7.03652
88.6667 0.343874 -0.50577 0.753335
88.6667 -0.312428 0.216379 0.753335
88.6667 -0.0066373 -0.83471 0.753335
88.6667 -0.21753 0.950599 0.753335
88.6667 -0.894211 0.541527 0.753335
88.6667 -0.623481 -0.693984 0.753335
88.6667 -0.523004 0.752637 7.03652
88.6667 0.652497 -0.438387 0.753335
88.6667 -0.522985 -0.898518 7.03652
88.6667 0.369623 0.691818 0.753335
88.6667 0.875119 -0.0622073 7.03652
88.6667 0.0093153 0.918861 0.753335
88.6667 -0.0909973 0.971177 0.753335
88.6667 -0.65345 -0.742558 7.03652
88.6667 -0.298535 -0.63277 0.753335
88.6667 -0.255366 -0.560274 7.03652
88.6667 0.490896 0.472398 0.753335
88.6667 -0.72997 0.329662 0.753335
88.6667 -0.491456 -0.159785 0.753335
88.6667 -0.0591171 -0.806384 0.753335
88.6667 0.974959 -0.194 7.03652
88.6667 0.190267 0.886598 0.753335
88.6667 -0.49622 -0.693139 7.03652
88.6667 0.387365 0.470842 0.753335
88.6667 0.257096 0.530624 0.753335
88.6667 0.308724 0.0304851 7.03652
88.6667 0.325266 -0.663914 0.753335
88.6667 -0.525839 -0.746006 0.753335
88.6667 0.271191 0.162596 7.03652
88.6667 -0.189102 0.769607 0.753335
88.6667 -0.13699 -0.539564 0.753335
88.6667 0.199994 -0.563442 0.753335
88.6667 -0.134175 0.135445 0.753335
88.6667 0.0354762 -0.233132 0.753335
88.6667 -0.178455 -0.917786 0.753335
88.6667 0.822158 0.0349373 7.03652
88.6667 0.771437 0.527463 0.753335
88.6667 0.144764 -0.84464 0.753335
88.6667 -0.639521 0.337339 7.03652
88.6667 0.822084 0.571107 7.03652
88.6667 -0.857921 0.48988 7.03652
88.6667 0.139633 -0.788407 0.753335
88.6667 0.639864 -0.164169 7.03652
88.6667 0.415209 -0.22054 0.753335
88.6667 -0.907375 -0.232986 0.753335
88.6667 -0.701099 -0.702202 0.753335
88.6667 -0.443187 -0.486417 7.03652
88.6667 -0.228033 -0.949816 0.753335
88.6667 0.26321 -0.858849 0.753335
88.6667 -0.226843 0.625146 0.753335
88.6667 0.0774605 -0.697206 7.03652
88.6667 -0.480943 0.456178 7.03652
88.6667 -0.317646 0.117426 7.03652
88.6667 0.612105 -0.733187 0.753335
88.6667 -0.363869 0.348547 0.753335
88.6667 -0.331935 -0.194781 7.03652
88.6667 -0.343081 -0.496824 0.753335
88.6667 0.0613425 0.805902 0.753335
88.6667 -0.0179049 -0.392235 0.753335
88.6667 0.551534 -0.0425568 7.03652
88.6667 0.0127873 -0.098785 0.753335
88.6667 0.280885 0.633862 7.03652
88.6667 -0.11508 0.620385 7.03652
88.6667 0.104863 0.551441 0.753335
88.6667 0.349181 -0.0529296 0.753335
88.6667 0.741174 -0.211336 0.753335
88.6667 0.795782 -0.273358 7.03652
88.6667 0.836701 -0.549959 7.03652
88.6667 0.124806 -0.0338774 0.753335
88.6667 -0.847148 0.324504 7.03652
88.6667 -0.365053 0.142774 7.03652
88.6667 -0.0652001 -0.398341 0.753335
88.6667 -0.532416 0.547073 0.753335
88.6667 -0.416235 0.139692 7.03652
88.6667 -0.980959 -0.0176204 7.03652
88.6667 0.595174 -0.0102424 7.03652
88.6667 -0.214232 0.0851504 7.03652
88.6667 0.900555 0.277938 0.753335
88.6667 0.511575 0.265094 0.753335
88.6667 -0.525035 0.604899 7.03652
88.6667 0.216009 0.574585 0.753335
88.6667 -0.422167 -0.383868 0.753335
88.6667 -0.723174 -0.0714309 0.753335
88.6667 0.0627851 -0.0952475 7.03652
88.6667 -1.00808 -0.288526 7.03652
88.6667 0.622384 -0.795862 7.03652
88.6667 -0.90976 -0.516586 7.03652
88.6667 0.00543347 0.25385 0.753335
88.6667 0.570952 0.351231 0.753335
88.6667 0.327837 0.235721 0.753335
88.6667 -0.159408 0.3402 0.753335
88.6667 0.185134 -0.20659 0.753335
88.6667 0.469479 -0.156542 7.03652
88.6667 -0.608371 -0.368312 7.03652
88.6667 -0.811069 0.27671 0.753335
88.6667 0.023972 -0.53409 7.03652
88.6667 -0.391016 0.51223 0.753335
88.6667 -0.0396009 0.127928 7.03652
88.6667 0.435293 0.394483 7.03652
88.6667 0.373145 0.616083 7.03652
88.6667 -0.10913 0.331769 7.03652
88.6667 0.512523 -0.76043 0.753335
88.6667 -0.0541897 0.714709 7.03652
88.6667 -0.160866 -0.805443 7.03652
88.6667 0.0106672 0.393662 0.753335
88.6667 0.596753 -0.189703 7.03652
88.6667 0.408319 -0.26931 0.753335
88.6667 -0.992718 -0.0732107 7.03652
88.6667 -0.841251 0.437357 0.753335
88.6667 0.743751 0.474692 0.753335
88.6667 0.0417434 0.355947 0.753335
88.6667 0.886212 -0.327653 7.03652
88.6667 -0.846415 -0.517802 0.753335
88.6667 0.35383 0.050591 0.753335
88.6667 -0.428812 -0.438168 0.753335
88.6667 0.291478 -0.593193 7.03652
88.6667 0.255736 -0.0352272 0.753335
88.6667 0.279847 0.211397 0.753335
88.6667 0.35764 -0.32865 0.753335
88.6667 0.168429 -0.658657 0.753335
88.6667 0.247144 0.354703 7.03652
88.6667 0.292331 -0.706251 0.753335
88.6667 -0.406372 -0.884883 0.753335
88.6667 -0.021177 -0.957282 0.753335
88.6667 -0.396945 -0.516034 7.03652
88.6667 0.285021 -0.50192 0.753335
88.6667 -0.834308 0.152793 0.753335
88.6667 0.636586 0.774684 0.753335
88.6667 0.561071 -0.838078 0.753335
88.6667 -0.334935 0.309883 0.753335
88.6667 0.232673 0.928904 7.03652
88.6667 0.394716 0.0167554 7.03652
88.6667 0.339655 -0.607476 7.03652
88.6667 -0.319118 0.616492 0.753335
88.6667 -0.595458 -0.645196 0.753335
88.6667 0.10738 0.958219 0.753335
88.6667 0.41841 0.717959 0.753335
88.6667 0.0421414 0.68931 0.753335
88.6667 0.206355 0.993497 0.753335
88.6667 -0.110282 -0.785136 7.03652
88.6667 -0.254 -0.130856 0.753335
88.6667 0.452748 0.552314 0.753335
88.6667 -0.150513 -0.34997 0.753335
88.6667 0.929304 -0.151001 0.753335
88.6667 0.185765 0.383441 0.753335
88.6667 0.319438 -0.202977 0.753335
88.6667 0.0498202 0.47739 0.753335
88.6667 0.483809 0.419631 0.753335
88.6667 0.483916 0.879811 0.753335
88.6667 -0.018606 0.667903 0.753335
88.6667 -0.337955 0.257968 0.753335
88.6667 -0.924915 -0.176324 0.753335
88.6667 -0.286784 -0.0745102 7.03652
88.6667 0.0862429 -0.226646 7.03652
88.6667 -0.236117 -0.23462 7.03652
88.6667 -0.114245 0.0896874 7.03652
88.6667 -0.578593 -0.863861 7.03652
88.6667 -0.518631 -0.428028 0.753335
88.6667 -0.468561 -0.747851 7.03652
88.6667 -0.176028 0.824896 0.753335
88.6667 0.173197 0.0381334 0.753335
88.6667 -0.973079 0.220616 0.753335
88.6667 -0.783347 0.688111 7.03652
88.6667 0.884918 -0.117422 0.753335
88.6667 0.246301 -0.804052 0.753335
88.6667 0.172662 0.0866486 0.753335
88.6667 0.547368 -0.328553 0.753335
88.6667 -0.217578 -0.669828 7.03652
88.6667 -0.346302 0.397201 0.753335
88.6667 -0.114384 -0.677607 0.753335
88.6667 0.0821178 0.0886353 7.03652
88.6667 -0.117757 -0.317712 0.753335
88.6667 0.105285 -0.411218 0.753335
88.6667 0.180296 0.186114 0.753335
88.6667 -0.211442 -0.581304 0.753335
88.6667 0.487055 0.0507789 7.03652
88.6667 -0.237654 0.791299 7.03652
88.6667 0.679747 -0.490449 0.753335
88.6667 0.631356 0.0293594 0.753335
88.6667 0.293139 -0.775098 0.753335
88.6667 -0.644772 0.807001 7.03652
88.6667 0.906779 0.417453 7.03652
88.6667 0.00854767 -0.435351 7.03652
88.6667 -0.0991469 0.281551 0.753335
88.6667 0.565404 -0.15371 0.753335
88.6667 0.143769 1.00681 0.753335
88.6667 -1.03545 -0.163058 0.753335
88.6667 -0.588286 -0.0174266 7.03652
88.6667 -0.320082 -0.240615 7.03652
88.6667 -0.134822 0.241099 0.753335
88.6667 0.0918577 -0.75419 7.03652
88.6667 -0.633774 -0.117287 7.03652
88.6667 -0.0199486 -0.143726 0.753335
88.6667 -0.192685 0.667044 0.753335
88.6667 0.34684 0.500366 0.753335
88.6667 -0.309097 0.353773 0.753335
88.6667 0.314391 0.133531 0.753335
88.6667 -0.291915 -0.476792 0.753335
88.6667 -0.866023 0.376473 0.753335
88.6667 -0.0866749 0.0440191 7.03652
88.6667 -0.698057 0.145541 0.753335
88.6667 0.754976 -0.0552853 0.753335
