146 -0.897809 0.308845 0.753335
146 0.655902 -0.687352 0.753335
146 -0.44788 -0.597317 7.03652
146 -0.409574 0.824609 0.753335
146 -0.259714 -0.038119 0.753335
146 -1.04734 -0.0449835 7.03652
146 -0.856962 -0.392886 0.753335
146 -0.429643 0.567098 0.753335
146 0.00916093 0.147419 0.753335
146 0.74156 -0.492193 0.753335
146 0.0736424 0.388341 7.03652
146 -0.0226724 0.970595 0.753335
146 -0.439639 0.87512 7.03652
146 -0.335997 -0.0657469 0.753335
146 -0.11374 0.453872 7.03652
146 0.421837 -0.170755 0.753335
146 0.457308 -0.315773 7.03652
146 -1.02582 -0.229021 7.03652
146 -0.973781 -0.129238 0.753335
146 -0.278899 0.938154 0.753335
146 0.0953532 0.193932 7.03652
146 -0.83723 -0.150463 7.03652
146 -0.172302 0.169325 0.753335
146 -0.748846 0.284335 7.03652
146 0.944135 0.0902198 0.753335
146 0.431232 0.91126 0.753335
146 -0.191223 0.515384 7.03652
146 -0.868561 -0.191296 0.753335
146 -0.176786 0.216167 0.753335
146 -0.713219 0.662802 0.753335
146 0.0692864 -0.511153 0.753335
146 0.054361 -0.191007 7.03652
146 -0.0930504 0.000780633 7.03652
146 -0.140521 -0.00556527 7.03652
146 -0.379615 0.955027 0.753335
146 -0.579299 0.58197 0.753335
146 0.0594743 -0.326473 7.03652
146 -0.067759 0.0908981 7.03652
146 -0.603899 -0.763521 0.753335
146 0.756352 0.25961 0.753335
146 -0.351015 -0.91543 0.753335
146 0.158563 -0.956464 0.753335
146 -0.685043 0.483031 7.03652
146 0.21471 -0.340022 0.753335
146 0.634268 -0.627841 7.03652
146 -0.117553 0.915356 7.03652
146 0.667271 0.666161 0.753335
146 -0.0273792 -0.0702207 7.03652
146 0.737093 0.0029762 7.03652
146 0.146459 -0.743128 0.753335
146 0.609994 0.311633 0.753335
146 -0.609465 0.0751828 0.753335
146 -0.784375 -0.253901 7.03652
146 0.432426 -0.554482 7.03652
146 0.0680856 0.591505 0.753335
146 0.093906 0.855097 0.753335
146 -0.50859 -0.317746 7.03652
146 0.530174 0.734203 0.753335
146 0.427917 -0.118557 0.753335
146 -0.614189 0.297041 0.753335
146 -0.347155 -0.657068 0.753335
146 -0.336182 0.511056 7.03652
146 -0.350678 0.840763 7.03652
146 0.671755 -0.749292 0.753335
146 -0.35812 0.197627 0.753335
146 -0.456998 -0.129627 7.03652
146 0.273515 -0.220439 7.03652
146 0.205123 -0.392621 0.753335
146 0.524657 -0.0816718 0.753335
146 0.0707622 -0.141271 0.753335
146 0.318433 0.852265 0.753335
146 -0.297333 -0.971553 0.753335
146 -0.914096 0.243178 0.753335
146 -0.0292532 0.76544 7.03652
146 0.0899277 0.14057 0.753335
146 -0.250387 -0.618148 7.03652
146 0.549429 -0.271761 0.753335
146 0.409047 0.654001 0.753335
146 0.264059 0.977014 0.753335
146 -0.951303 0.28848 0.753335
146 -0.227134 0.844599 7.03652
146 0.468812 0.24496 7.03652
146 -0.0289366 -0.531733 0.753335
146 -0.566562 -0.454239 7.03652
146 0.311262 0.0840446 0.753335
146 -0.865203 -0.337069 0.753335
146 0.260246 0.0162854 7.03652
146 -0.482968 0.562224 7.03652
146 0.798524 -0.220918 0.753335
146 -0.00791373 -0.894392 0.753335
146 0.33212 -0.45295 0.753335
146 -0.212846 -0.0501924 0.753335
146 -0.287856 0.69998 7.03652
146 0.387299 0.310171 0.753335
146 0.255408 -0.375114 0.753335
146 0.28223 -0.454834 0.753335
146 0.772672 -0.106725 7.03652
146 0.19862 -0.769822 7.03652
146 -0.750665 0.13468 0.753335
146 0.19284 -0.713052 0.753335
146 0.0422395 0.966479 7.03652
146 0.712327 -0.439078 0.753335
146 0.763987 -0.328107 0.753335
146 -0.438341 0.221819 0.753335
146 0.216971 -0.524446 0.753335
146 -0.289791 -0.419916 7.03652
146 -0.24324 0.0499944 7.03652
146 0.643478 -0.0306272 7.03652
146 0.227996 0.622169 0.753335
146 -0.439771 -0.0416196 0.753335
146 0.492564 -0.70757 0.753335
146 -0.275753 -0.266668 7.03652
146 0.0010586 0.716361 0.753335
146 -0.0185228 0.294804 0.753335
146 0.208048 -0.878838 0.753335
146 0.338743 0.452333 0.753335
146 -0.503478 0.657359 0.753335
146 0.759607 0.315205 0.753335
146 0.554319 -0.468058 7.03652
146 -0.564908 0.64491 0.753335
146 -0.0213709 -0.667994 0.753335
146 0.574115 -0.616993 0.753335
146 -0.165146 0.559451 0.753335
146 -0.0535656 0.264515 7.03652
146 -0.211135 -0.717013 7.03652
146 -0.761352 -0.301952 7.03652
146 -0.119207 -0.175614 0.753335
146 -0.489375 0.507194 7.03652
146 -0.540848 0.876729 7.03652
146 -0.18748 -0.0988929 0.753335
146 0.59657 -0.673275 0.753335
146 -0.133509 -0.092216 0.753335
146 -0.643043 0.165897 0.753335
146 -0.0114223 -1.01767 7.03652
146 -0.924266 -0.00768189 7.03652
146 0.150594 0.26178 7.03652
146 -0.0897305 0.230441 0.753335
146 0.851278 0.251805 0.753335
146 0.729095 0.686004 0.753335
146 0.295556 0.315077 0.753335
146 0.168804 -0.353058 0.753335
146 -0.450308 -0.651664 7.03652
146 -0.430749 0.0915074 7.03652
146 -0.160666 -0.580067 7.03652
146 0.0752196 0.745448 0.753335
146 -0.614021 -0.421715 0.753335
146 0.842397 0.528943 0.753335
146 -0.996646 0.0373919 7.03652
146 -0.694627 0.774091 7.03652
146 0.513675 -0.185643 0.753335
146 0.680186 -0.129587 7.03652
146 -0.08422 0.138177 0.753335
146 -0.469819 -0.0827113 0.753335
146 0.267784 0.582958 0.753335
146 0.552631 -0.215722 7.03652
146 -0.0173493 0.348765 0.753335
146 -0.100864 -0.128205 7.03652
146 0.37525 0.936005 7.03652
146 0.246303 0.297132 0.753335
146 -0.268647 0.585932 0.753335
146 -0.1124 -0.046762 7.03652
146 -0.105383 -0.586317 0.753335
146 0.804335 -0.49578 7.03652
146 -0.73856 0.486555 0.753335
146 0.405592 -0.510547 7.03652
146 0.587455 -0.426437 0.753335
146 -0.0613861 0.31864 7.03652
146 0.121027 -0.646549 0.753335
146 -0.0472937 -0.116932 7.03652
146 0.540158 0.0131255 0.753335
146 0.698094 -0.0438871 0.753335
146 0.236347 -0.683587 7.03652
146 0.216431 0.434346 0.753335
146 -0.928572 0.105196 0.753335
146 -0.547511 -0.158678 7.03652
146 -0.141816 0.862967 0.753335
146 0.0762439 -0.27928 0.753335
146 0.326974 -0.957607 0.753335
146 -0.977366 -0.18725 7.03652
146 -0.262021 -0.733727 0.753335
146 0.630256 0.429258 7.03652
146 -0.665827 -0.0710408 0.753335
146 0.00942252 0.200567 0.753335
146 -0.690698 0.539542 0.753335
146 -0.976711 0.377272 7.03652
146 -0.529769 0.816555 7.03652
146 -0.474733 0.0648021 7.03652
146 -0.828475 0.537611 7.03652
146 0.0774822 1.01628 7.03652
146 -0.629529 0.219062 0.753335
146 -0.559007 -0.798469 0.753335
146 0.682826 0.0084309 0.753335
146 -0.326436 -0.288518 0.753335
146 0.0221724 -0.0563295 0.753335
146 -0.571279 0.740616 0.753335
146 0.743695 0.0930121 0.753335
146 -0.486541 -0.02331 7.03652
146 0.642968 -0.528377 0.753335
146 0.597786 -0.297694 0.753335
146 -0.516925 -0.114668 7.03652
146 -1.02906 0.199228 7.03652
146 0.910178 -0.204218 0.753335
146 0.340995 -0.380867 0.753335
146 -0.16365 -0.0541041 0.753335
146 -0.348038 -0.602488 7.03652
146 -0.00368028 0.454281 0.753335
146 0.451429 0.0863093 0.753335
146 0.428669 0.278695 0.753335
146 -0.405159 0.378965 0.753335
146 0.452779 -0.77067 0.753335
146 -0.23857 0.535907 0.753335
146 -0.157974 0.479381 0.753335
146 0.587913 0.464938 0.753335
146 -0.819527 0.217968 7.03652
146 0.0371036 -0.0044222 7.03652
146 0.538183 0.850509 7.03652
146 -0.298053 -0.162119 0.753335
146 -0.454275 0.171122 0.753335
146 0.0942529 0.495714 0.753335
146 -0.0345321 0.498539 0.753335
146 -0.541271 0.696933 0.753335
146 0.658821 0.0683174 7.03652
146 0.852623 -0.171748 0.753335
146 -0.702327 -0.608673 7.03652
146 -0.486151 -0.467038 0.753335
146 0.15004 0.701611 0.753335
146 0.36487 0.152606 7.03652
146 0.557348 -0.37913 0.753335
146 0.697718 0.17631 0.753335
146 -0.183635 -0.631884 0.753335
146 -0.754779 0.537542 0.753335
146 0.0713268 -0.636808 0.753335
146 -0.458676 -0.253911 0.753335
146 -0.359236 -0.0146619 0.753335
146 -0.414992 -0.754955 0.753335
146 -0.888052 0.0498423 0.753335
146 -0.594612 -0.523185 7.03652
146 -0.598842 -0.575757 7.03652
146 0.37868 0.758503 7.03652
146 -0.226975 0.231692 7.03652
146 0.111466 -0.31798 0.753335
146 -0.470612 0.61514 0.753335
146 -0.126285 1.0169 7.03652
146 0.647535 0.54372 0.753335
146 0.120855 0.402479 0.753335
146 -1.04413 -0.108432 0.753335
146 0.743398 -0.389601 0.753335
146 0.683356 0.452426 7.03652
146 -0.912034 -0.124486 0.753335
146 0.549102 -0.563352 0.753335
146 -0.293424 0.288965 7.03652
146 -0.811458 0.381353 0.753335
146 0.298106 -0.0667994 0.753335
146 -0.886115 -0.287576 7.03652
146 -0.460989 -0.302585 7.03652
146 0.475715 -0.101102 0.753335
146 0.227379 0.779257 0.753335
146 0.380935 0.256263 7.03652
146 0.87424 0.47687 0.753335
146 -0.350482 -0.148924 0.753335
146 0.608909 -0.572113 7.03652
146 0.407914 -0.807608 7.03652
146 -0.220034 0.182419 0.753335
146 -0.124666 0.380388 7.03652
146 0.00245358 0.814427 7.03652
146 0.14142 0.21305 0.753335
146 0.388235 -0.0829171 0.753335
146 0.424618 -0.654572 7.03652
146 -0.166061 -0.181303 0.753335
146 -0.653213 0.115094 0.753335
146 -0.268554 -0.848805 7.03652
146 -0.364813 -0.725892 0.753335
146 0.175835 -0.256075 0.753335
146 -0.398655 -0.626223 7.03652
146 -0.584287 0.23484 0.753335
146 -0.33272 0.911374 7.03652
146 0.917721 0.14893 0.753335
146 0.177068 0.131114 7.03652
146 -0.177681 0.714607 7.03652
146 -0.345785 -0.549953 0.753335
146 -0.697683 -0.0246005 0.753335
146 -0.443732 0.417308 7.03652
146 -0.234987 0.682734 7.03652
146 0.41395 0.171276 0.753335
146 0.737883 -0.150188 7.03652
146 -0.721048 -0.161474 0.753335
146 0.655172 0.603398 0.753335
146 -0.0800299 0.184332 7.03652
146 0.390887 0.365246 0.753335
146 0.794449 0.113145 7.03652
146 0.164178 -0.608575 0.753335
146 -0.804055 -0.483706 0.753335
146 0.462986 0.189943 7.03652
146 -0.199919 -0.367674 0.753335
146 -0.987706 -0.346926 7.03652
146 -0.816396 -0.429569 7.03652
146 -0.631624 0.747342 0.753335
146 0.488013 -0.0471646 7.03652
146 0.585205 0.039966 0.753335
146 -0.28886 0.483433 0.753335
146 -0.83799 -0.619952 0.753335
146 0.619287 0.370014 7.03652
146 0.0550751 0.270466 0.753335
146 0.499668 0.580907 0.753335
146 -0.26736 0.194389 0.753335
146 0.108734 0.349519 0.753335
146 -0.327537 0.023019 7.03652
146 0.380428 -0.695664 7.03652
146 0.207143 -0.0511961 0.753335
146 0.551318 0.120241 0.753335
146 -0.41713 -0.224678 0.753335
146 -0.939697 -0.464923 7.03652
146 0.17174 0.78535 0.753335
146 0.641147 0.488396 0.753335
146 -0.380748 -0.41426 0.753335
146 0.33463 0.657509 0.753335
146 -0.383572 -0.190485 0.753335
146 -0.140684 0.66859 0.753335
146 -0.353191 -0.974291 0.753335
146 -0.797977 0.490713 7.03652
146 0.0995314 0.245001 0.753335
146 -0.534108 -0.0109022 0.753335
146 -0.245031 -0.176085 0.753335
146 0.0804627 0.644033 0.753335
146 -0.263689 0.327532 0.753335
146 -0.370861 -0.305226 0.753335
146 0.906757 -0.265337 7.03652
146 -0.924235 0.487142 0.753335
146 -0.591224 0.178123 7.03652
146 -0.297262 -0.527836 0.753335
146 -0.316795 -0.811713 0.753335
146 0.231941 0.197591 0.753335
146 0.717255 -0.702092 0.753335
146 -0.00798436 -0.485387 7.03652
146 -0.66853 -0.24933 0.753335
146 0.593517 0.523287 0.753335
146 -0.58412 0.793762 0.753335
146 0.801644 0.226357 0.753335
146 0.267346 0.115977 0.753335
146 0.045538 0.115493 0.753335
146 -0.650865 0.263136 7.03652
146 -0.462131 0.0151699 7.03652
146 0.106989 -0.086219 7.03652
146 0.24386 -0.13537 0.753335
146 -0.364886 0.620125 0.753335
146 -0.387086 0.238635 7.03652
146 -0.26291 -0.790226 0.753335
146 0.770413 -0.546926 0.753335
146 -0.205235 -0.478428 7.03652
146 0.0514852 0.170585 0.753335
146 -0.228307 -0.288063 7.03652
146 -0.662807 0.0650232 0.753335
146 0.219551 0.0990115 7.03652
146 0.456667 0.137897 0.753335
146 -0.336929 -0.444441 7.03652
146 0.209817 0.83295 7.03652
146 0.156157 0.364276 7.03652
146 0.0864094 0.442041 0.753335
146 -0.314205 -0.114325 7.03652
146 -0.782348 0.436422 0.753335
146 0.80189 0.168856 0.753335
146 -0.256371 0.996601 0.753335
146 -0.054802 0.450929 0.753335
146 0.0359965 0.862104 0.753335
146 0.247076 0.725862 0.753335
146 0.175628 -0.499558 0.753335
146 0.357704 0.559524 0.753335
146 -0.753436 0.382603 0.753335
146 0.600732 -0.064801 0.753335
146 0.437867 0.445712 7.03652
146 -0.886756 -0.0515967 0.753335
146 0.791071 -0.0122605 0.753335
146 -0.414697 0.326512 0.753335
146 -0.0557627 -0.576888 0.753335
146 0.0987927 -0.93395 7.03652
146 -0.147528 0.293939 7.03652
146 -0.537091 0.490485 0.753335
146 -0.285695 0.758057 7.03652
146 -0.707301 -0.369487 0.753335
146 0.476376 -0.410344 0.753335
146 -0.376701 0.568547 0.753335
146 0.245608 -0.741884 0.753335
146 -0.0347945 0.405726 7.03652
146 0.39598 -0.369291 0.753335
146 -0.652749 -0.294859 7.03652
146 -0.261848 0.440896 7.03652
146 -0.192342 -0.251216 0.753335
146 -0.584517 0.470682 0.753335
146 0.197565 0.280946 7.03652
146 -0.148107 -0.447325 0.753335
146 -0.766816 -0.407774 7.03652
146 -0.297259 -0.582286 0.753335
146 -0.0538548 0.919492 0.753335
146 -0.0553268 0.81529 7.03652
146 -0.504112 0.348225 7.03652
146 0.567463 0.680345 0.753335
146 -0.0816022 0.867383 7.03652
146 0.7022 0.507345 0.753335
146 -0.937335 -0.0714015 0.753335
146 -0.44058 0.515119 0.753335
146 0.458999 -0.262495 7.03652
146 -0.37324 -0.841413 7.03652
146 0.616522 -0.121411 0.753335
146 -0.765425 -0.712296 7.03652
146 0.0344373 -0.963469 7.03652
146 -0.640572 -0.612545 7.03652
146 0.655097 -0.08265 7.03652
146 -0.388257 0.426318 7.03652
146 -1.04738 0.0781423 0.753335
146 -0.0843637 -0.533901 0.753335
146 -0.418472 0.619127 0.753335
146 0.535855 0.441227 0.753335
146 0.213506 -0.290253 0.753335
146 -0.727303 0.430797 0.753335
146 0.348942 -0.782322 0.753335
146 -0.59794 0.353146 7.03652
146 0.152011 0.841683 0.753335
146 -0.200133 0.311301 7.03652
146 -0.765226 0.231418 0.753335
146 0.0912968 -0.814362 0.753335
146 -0.747523 -0.0102194 0.753335
146 -0.896414 0.425092 0.753335
146 0.510447 0.685258 0.753335
146 -0.0105509 -0.0210178 0.753335
146 -0.464051 -0.922915 7.03652
146 -0.275098 0.245496 0.753335
146 0.0302113 0.63424 7.03652
146 -0.722664 -0.259137 7.03652
146 -0.239213 0.282877 0.753335
146 -0.335201 0.670475 7.03652
146 0.044787 -0.908514 7.03652
146 0.125473 0.0610126 7.03652
146 -0.557674 -0.344773 7.03652
146 -0.968523 -0.404571 7.03652
146 0.821948 -0.335285 0.753335
146 0.0386991 0.427525 0.753335
146 0.300387 -0.351165 0.753335
146 0.505613 -0.242535 7.03652
146 -0.631932 0.452162 7.03652
146 -0.417093 -0.330824 0.753335
146 0.706794 0.291358 7.03652
146 -0.189725 0.0400593 7.03652
146 0.32311 0.184377 0.753335
146 -0.294974 0.868481 0.753335
146 -0.315634 -0.700037 0.753335
146 0.304447 -0.828704 0.753335
146 -0.941738 0.0474562 0.753335
146 0.965244 0.245844 7.03652
146 0.478785 0.814237 7.03652
146 0.126829 0.0132721 0.753335
146 0.912095 0.206643 0.753335
146 -0.486357 0.71549 7.03652
146 0.275955 -0.917047 7.03652
146 -0.962342 -0.244378 0.753335
146 0.289367 0.264943 0.753335
146 -0.374894 -0.359958 0.753335
146 -0.242686 0.894406 0.753335
146 0.272813 -0.644361 7.03652
146 0.50046 -0.81573 7.03652
146 0.151028 -0.169597 0.753335
146 0.0582072 0.534283 0.753335
146 -0.116103 -0.39594 0.753335
146 -0.0450005 0.0133442 7.03652
146 -0.86312 0.00091763 0.753335
146 -0.586657 0.526905 7.03652
146 0.996299 0.0577495 7.03652
146 -0.457766 0.782034 7.03652
146 -0.264543 0.0995935 0.753335
146 -0.185578 -0.00734213 0.753335
146 -0.924252 0.359284 0.753335
146 -0.238238 -0.338647 7.03652
146 -0.713755 -0.426067 0.753335
146 0.128095 -0.697621 7.03652
146 -0.535379 0.437359 7.03652
146 0.946624 -0.31565 7.03652
146 -0.28326 -0.367472 7.03652
146 0.0696426 -0.0521285 7.03652
146 0.711987 -0.344156 0.753335
146 -0.55456 -0.292687 7.03652
146 -0.223991 0.409244 0.753335
146 0.596393 0.144021 0.753335
146 0.515029 -0.608354 0.753335
146 -0.112027 -0.729192 0.753335
146 -0.154803 -0.135652 0.753335
146 0.347041 0.393415 0.753335
146 0.856812 0.193678 0.753335
146 -0.328267 0.45114 0.753335
146 0.159582 0.562827 7.03652
146 -0.678296 0.713519 7.03652
146 -0.552059 0.135869 0.753335
146 -0.560555 -0.06344 0.753335
146 0.167298 -0.0188911 7.03652
146 0.684423 0.729294 0.753335
146 -0.785759 0.173188 0.753335
146 0.79818 -0.604255 0.753335
146 -0.953006 0.432214 7.03652
146 0.924085 -0.0275188 7.03652
146 -0.279184 0.0124769 0.753335
146 0.111185 0.29273 7.03652
146 -0.127476 0.19139 7.03652
146 0.0723963 0.318551 0.753335
146 0.838171 0.423302 7.03652
146 -0.39477 0.77357 0.753335
146 -0.219294 0.354034 0.753335
146 -0.632831 -0.208487 7.03652
146 0.112761 0.799279 0.753335
146 0.264099 0.066497 0.753335
146 -0.637899 -0.0262335 0.753335
146 -0.491298 0.2062 7.03652
146 -0.718297 -0.555537 0.753335
146 -0.327363 -0.339626 0.753335
146 0.383335 -0.938028 0.753335
146 -0.659277 -0.561742 7.03652
146 -0.146561 -0.226642 0.753335
146 -0.75874 0.63135 7.03652
146 0.330901 -0.151393 0.753335
146 0.598707 -0.244988 0.753335
146 -0.133458 -0.62957 7.03652
146 -0.230953 0.00286474 0.753335
146 -0.587492 0.41426 7.03652
146 -0.333353 0.730257 0.753335
146 -0.0635347 -0.914698 0.753335
146 -0.740824 -0.651564 7.03652
146 -0.396601 -0.572147 7.03652
146 -0.765928 -0.528026 0.753335
146 0.153606 -0.901575 0.753335
146 -0.0341175 0.17286 0.753335
146 -0.860137 0.262865 7.03652
146 0.783273 0.423382 0.753335
146 -0.111513 0.815298 7.03652
146 -0.293306 0.0623364 0.753335
146 0.144208 0.511684 7.03652
146 0.094961 -0.551238 0.753335
146 0.217612 0.0497338 7.03652
146 -0.785637 0.330725 7.03652
146 0.0577196 -0.42212 0.753335
146 -0.00902968 -0.776403 7.03652
146 0.37256 0.203902 0.753335
146 0.133961 0.650535 7.03652
146 0.169547 0.945718 0.753335
146 0.402723 0.0690551 0.753335
146 0.358468 -0.839688 0.753335
146 -0.161748 -0.496434 0.753335
146 -0.154656 0.957812 0.753335
146 -0.844343 -0.249161 0.753335
146 -0.31931 0.165627 0.753335
146 -0.381819 0.0939844 7.03652
146 0.987557 0.128293 0.753335
146 0.430176 0.783844 7.03652
146 -0.890525 0.143527 7.03652
146 -0.301161 0.410167 0.753335
146 0.510105 0.21063 0.753335
146 0.709772 0.0544191 7.03652
146 0.213597 -0.000747988 0.753335
146 0.548441 0.558505 0.753335
146 0.423361 -0.414177 0.753335
146 -0.615626 0.621862 0.753335
146 0.144286 -0.456319 0.753335
146 -0.827865 0.0514317 0.753335
146 0.807913 0.479667 0.753335
146 -0.513693 0.0961934 0.753335
146 0.388062 -0.464661 0.753335
146 -0.661288 -0.401109 7.03652
146 0.25276 0.397063 7.03652
146 0.339398 -0.100239 0.753335
146 -0.227586 -0.887402 7.03652
146 0.522313 -0.512239 7.03652
146 -0.80507 0.107306 0.753335
146 -0.568165 0.281027 7.03652
146 -0.392387 0.668143 0.753335
146 -0.166125 -0.861206 7.03652
146 0.990767 -0.0639241 7.03652
146 0.651831 0.220731 7.03652
146 0.0388148 -0.471926 0.753335
146 0.518851 -0.134185 0.753335
146 -0.118533 -0.901201 7.03652
146 -0.379086 0.290281 7.03652
146 0.154618 0.314633 0.753335
146 0.0295144 -0.379098 0.753335
146 -0.687522 0.299956 7.03652
146 -0.0437891 -0.206497 0.753335
146 0.655536 0.274863 0.753335
146 -0.267762 -0.679052 0.753335
146 -0.506728 0.155171 0.753335
146 -0.667329 -0.797543 0.753335
146 0.0427773 -0.850114 0.753335
146 0.61457 -0.476945 7.03652
146 0.239807 -0.591007 0.753335
146 -0.563521 -0.398074 7.03652
146 0.149191 -0.550538 0.753335
146 -0.0942936 -0.441249 0.753335
146 -0.235205 0.484993 0.753335
146 -0.600937 0.125778 0.753335
146 0.643665 0.116507 0.753335
146 -0.313334 -0.755291 7.03652
146 0.369914 -0.418455 7.03652
146 -0.475 -0.2085 0.753335
146 -0.778517 -0.160311 0.753335
146 -0.459123 -0.859797 7.03652
146 0.695369 -0.640977 7.03652
146 -0.748781 -0.113793 7.03652
146 -0.056773 0.641688 7.03652
146 0.758969 -0.654271 0.753335
146 0.70198 0.561871 0.753335
146 -0.190016 -1.00437 0.753335
146 -0.581355 -0.200755 7.03652
146 0.864869 0.372171 0.753335
146 -0.369311 -0.246351 0.753335
146 -0.0943111 -0.21559 0.753335
146 0.0224246 0.57202 0.753335
146 -0.609857 -0.0714811 7.03652
146 0.0769955 -0.370935 0.753335
146 -0.776837 0.0354096 0.753335
146 -0.0779506 -0.636467 0.753335
146 0.442319 -0.461332 0.753335
146 -0.558831 0.0818813 0.753335
146 0.135331 0.162253 0.753335
146 0.653338 -0.334703 7.03652
146 0.359168 0.102003 0.753335
146 0.126236 -0.269716 7.03652
146 0.408241 0.583622 0.753335
146 -0.554472 0.32981 7.03652
146 0.197272 -0.152593 0.753335
146 -0.152652 0.424802 0.753335
146 0.749503 0.202349 0.753335
146 0.442694 -0.0149894 7.03652
146 0.543357 0.498084 0.753335
146 -0.197899 -0.534748 0.753335
146 0.474515 0.745554 0.753335
146 -0.637107 0.509247 0.753335
146 -0.97794 0.155451 0.753335
146 0.130111 0.749167 7.03652
146 0.0375877 0.062189 7.03652
146 0.00544165 0.0290244 0.753335
146 -0.129839 0.520792 0.753335
146 0.0244334 -0.148511 0.753335
146 0.191103 0.230114 0.753335
146 0.239766 0.67499 7.03652
146 -0.0601686 -0.749391 0.753335
146 0.0106384 1.02184 7.03652
146 0.456167 -0.604053 7.03652
146 -0.49485 0.402253 7.03652
146 -0.28037 -0.314926 0.753335
146 0.262971 -0.54389 0.753335
146 -0.731887 0.190574 0.753335
146 0.380223 0.820432 0.753335
146 0.372793 -0.184906 0.753335
146 0.717005 -0.0944132 0.753335
146 -0.0703565 -0.165673 7.03652
146 0.626359 -0.390485 7.03652
146 0.670518 0.390845 7.03652
146 -0.513398 -0.373887 0.753335
146 0.0955398 -0.874384 7.03652
146 -0.808223 -0.00742127 0.753335
146 -0.758812 0.082058 0.753335
146 0.158887 -0.407437 0.753335
146 0.647369 -0.277855 7.03652
146 0.124177 -0.505012 0.753335
146 -0.877428 -0.572905 0.753335
146 -0.322665 0.979277 7.03652
146 0.115494 -0.131779 0.753335
146 0.600675 0.199843 0.753335
146 -0.382243 0.717873 7.03652
146 -0.291135 0.815953 7.03652
146 0.444342 0.498581 7.03652
146 0.052774 0.222438 0.753335
146 0.319708 0.598205 0.753335
146 -0.308846 -0.0275383 0.753335
146 -0.0418229 -0.343758 7.03652
146 0.3797 -0.134382 0.753335
146 0.193793 0.730109 7.03652
146 0.69848 -0.295049 7.03652
146 -0.0115674 -0.721457 7.03652
146 -0.409689 -0.00391512 7.03652
146 -0.810412 -0.204313 7.03652
146 -0.0867874 0.492739 7.03652
146 -0.454874 0.363988 0.753335
146 0.707161 -0.539986 0.753335
146 -0.694048 -0.206074 0.753335
146 0.224761 -0.239639 0.753335
146 0.0115723 0.513454 7.03652
146 0.0695504 0.91091 7.03652
146 0.309599 -0.30127 0.753335
146 -0.286842 0.533906 0.753335
146 0.647141 0.167912 0.753335
146 -0.499436 -0.63149 7.03652
146 0.54364 0.0697244 7.03652
146 0.670146 -0.582972 7.03652
146 -0.507722 -0.261696 0.753335
146 0.561379 0.290658 0.753335
146 -0.751712 -0.465642 7.03652
146 0.450482 0.616918 0.753335
146 0.896953 -0.438366 7.03652
146 0.813592 0.351982 0.753335
146 -0.447011 0.672013 7.03652
146 -0.191069 1.00882 0.753335
146 0.449831 -0.364791 0.753335
146 0.429303 0.85016 0.753335
146 -0.524274 -0.206829 0.753335
146 -0.518336 -0.839271 7.03652
146 0.502654 -0.359622 7.03652
146 -0.465594 -0.354825 7.03652
146 0.119875 0.600424 0.753335
146 -0.188106 -0.316708 0.753335
146 0.610245 0.642211 0.753335
146 -0.340277 0.0747341 0.753335
146 0.935247 -0.0854253 0.753335
146 0.530308 0.790248 7.03652
146 -0.791995 0.582465 0.753335
146 -0.421919 0.0449265 0.753335
146 -0.492824 -0.519941 0.753335
146 0.623575 0.70523 7.03652
146 -0.653724 0.662258 7.03652
146 0.0401137 -0.736868 0.753335
146 -0.706932 0.0947725 7.03652
146 -0.366781 -0.783652 0.753335
146 -0.264168 0.378482 0.753335
146 -0.870091 -0.461685 7.03652
146 -0.419312 -0.0924436 7.03652
146 0.834333 0.080682 7.03652
146 -0.387335 -0.466703 7.03652
146 -0.165358 -0.68708 0.753335
146 -0.565131 0.0328473 0.753335
146 0.202109 0.331137 0.753335
146 -0.388077 -0.0534674 0.753335
146 -0.226509 0.135663 0.753335
146 -0.11698 0.574093 7.03652
146 -0.755759 -0.353221 7.03652
146 -0.165288 0.612587 0.753335
146 0.28571 0.762849 0.753335
146 0.218201 -0.934399 0.753335
146 -0.384019 0.887776 7.03652
146 0.282369 -0.169304 7.03652
146 0.209535 -0.995859 0.753335
146 0.703057 0.234416 7.03652
146 0.850558 -0.28256 0.753335
146 0.368849 0.879363 7.03652
146 0.492983 0.000568948 0.753335
146 -0.929356 0.181845 0.753335
146 -0.549031 -0.604539 0.753335
146 -0.163047 -0.399767 0.753335
146 0.24215 -0.42537 7.03652
146 -0.802894 -0.10585 7.03652
146 -0.942986 -0.300239 7.03652
146 -0.321688 -0.86973 0.753335
146 -0.750216 -0.210545 0.753335
146 -0.187618 0.263714 0.753335
146 0.0225153 -0.625851 7.03652
146 -0.111356 -0.488004 7.03652
146 -0.818742 -0.302159 0.753335
146 -0.619113 -0.828131 7.03652
146 -0.514485 0.0367589 0.753335
146 -0.0886181 0.411814 0.753335
146 0.46411 -0.508792 0.753335
146 -0.61717 0.0250683 0.753335
146 0.163088 -0.305638 0.753335
146 0.302383 -0.016828 7.03652
146 -0.708766 -0.499267 7.03652
146 0.710738 0.350067 0.753335
146 -0.636834 0.564797 7.03652
146 0.123938 -0.36434 0.753335
146 -0.568523 -0.715494 7.03652
146 0.32096 0.959053 0.753335
146 -0.539806 -0.495244 0.753335
146 0.174859 0.613504 7.03652
146 -0.403032 0.185227 0.753335
146 0.502768 -0.299705 7.03652
146 0.3304 0.794932 0.753335
146 -0.471928 -0.409568 7.03652
146 -0.0728324 -0.302217 0.753335
146 -0.821848 0.642119 0.753335
146 -0.46434 0.310572 7.03652
146 0.130561 0.111278 7.03652
146 0.407725 0.119913 0.753335
146 -0.660042 -0.163776 0.753335
146 -0.157151 -0.280086 0.753335
146 0.317889 -0.549109 0.753335
146 0.833512 -0.440761 0.753335
146 -0.657367 -0.345863 0.753335
146 0.291186 -0.117775 7.03652
146 -0.131054 -1.02026 0.753335
146 0.0958818 0.696339 0.753335
146 0.660297 0.330958 0.753335
146 0.251075 -0.0837151 0.753335
146 0.0829806 -0.00671793 0.753335
146 -0.635068 0.390143 0.753335
146 0.536982 -0.662495 0.753335
146 -0.529956 0.242435 0.753335
146 0.869988 0.314609 0.753335
146 -0.603278 -0.311805 7.03652
146 0.490314 -0.55758 7.03652
146 0.815324 -0.0619212 0.753335
146 0.69685 -0.239516 7.03652
146 -0.0579382 1.02244 7.03652
146 -0.493097 0.907029 0.753335
146 -0.546583 0.383021 0.753335
146 0.599773 -0.347398 0.753335
146 0.694599 -0.184357 0.753335
146 -0.0685304 -1.02249 7.03652
146 0.503254 0.633567 7.03652
146 -0.23513 -0.0926274 0.753335
146 0.438037 -0.710934 0.753335
146 0.826698 -0.116916 0.753335
146 -0.135691 0.0407286 7.03652
146 -0.861133 0.0971199 0.753335
146 0.924527 0.361792 0.753335
146 -0.445091 -0.543834 0.753335
146 0.268199 0.449778 7.03652
146 0.772668 0.0481926 7.03652
146 0.00223135 -0.575396 0.753335
146 0.763224 0.372235 0.753335
146 0.204972 -0.100482 7.03652
146 0.076616 0.0388756 0.753335
146 -0.17845 0.123437 0.753335
146 -0.27425 0.147225 0.753335
146 0.867689 -0.495633 7.03652
146 -0.210895 -0.771957 7.03652
146 0.0481327 -1.02556 7.03652
146 -0.497272 -0.574925 0.753335
146 0.60022 0.582128 0.753335
146 0.133075 0.458531 0.753335
146 -0.250362 -1.00373 7.03652
146 0.0231553 0.309474 7.03652
146 -0.481019 -0.798794 0.753335
146 0.563996 -0.77993 7.03652
146 0.578484 0.407099 0.753335
146 -0.204316 -0.202075 7.03652
146 0.197217 0.523524 7.03652
146 0.315066 -0.251843 0.753335
146 -0.375228 0.0377384 7.03652
146 0.145019 -1.01454 7.03652
146 0.339254 0.286703 0.753335
146 0.399525 0.526545 7.03652
146 0.298742 0.365653 7.03652
146 -0.367804 -0.102046 0.753335
146 0.963795 -0.251264 0.753335
146 -0.0605317 -0.0359814 0.753335
146 0.855035 0.138969 0.753335
146 -0.0601317 -0.86025 0.753335
146 -0.112618 -0.841525 0.753335
146 0.167409 0.419057 0.753335
146 -0.183677 0.89675 0.753335
146 0.159054 -0.0696654 0.753335
146 0.496598 -0.462772 0.753335
146 0.755678 0.578292 7.03652
146 0.457265 0.679258 0.753335
146 -0.595512 0.851614 7.03652
146 0.181853 0.473037 0.753335
146 0.773793 0.63739 0.753335
146 -0.723499 0.586123 0.753335
146 0.50626 0.155524 0.753335
146 -0.558784 -0.244569 7.03652
146 -0.654234 -0.512621 7.03652
146 -0.774524 -0.0568319 0.753335
146 -0.514083 0.293975 0.753335
146 -0.514346 -0.0646718 7.03652
146 0.269413 -0.979346 7.03652
146 0.234496 0.486289 0.753335
146 0.446838 0.0353017 0.753335
146 0.745416 -0.267193 7.03652
146 0.224702 0.148472 7.03652
146 0.103102 -0.182766 7.03652
146 0.306601 0.542536 0.753335
146 0.371296 -0.552782 0.753335
146 0.0300797 -0.679798 0.753335
146 -0.180159 0.386559 0.753335
146 0.359956 -0.283363 7.03652
146 0.253137 0.873998 0.753335
146 0.350123 0.000699721 0.753335
146 0.214684 -0.63377 0.753335
146 -0.708079 0.248488 7.03652
146 -0.0835206 0.761471 0.753335
146 0.474944 0.302553 0.753335
146 0.395368 -0.880563 0.753335
146 -0.0249337 0.55238 0.753335
146 -0.249133 -0.450291 7.03652
146 0.394036 -0.0322288 0.753335
146 0.479494 0.36069 0.753335
146 -0.667577 -0.659733 0.753335
146 0.365911 -0.234263 7.03652
146 -0.469474 0.121901 7.03652
146 0.00851492 -0.335107 0.753335
146 0.270692 0.819167 7.03652
146 -0.0414277 -0.440753 0.753335
146 -0.410936 -0.277018 7.03652
146 -0.691964 0.372793 0.753335
146 -0.281706 -0.209557 7.03652
146 0.195454 -0.449433 0.753335
146 0.395804 -0.75005 0.753335
146 -0.213866 -0.828821 0.753335
146 -0.810495 -0.564614 0.753335
146 -0.544915 -0.665507 7.03652
146 -0.140516 0.770919 7.03652
146 0.497641 0.524674 7.03652
146 0.298458 -0.407087 0.753335
146 -0.717016 -0.759396 0.753335
146 -0.434833 0.729902 7.03652
146 -0.680439 0.2054 0.753335
146 -0.604973 0.690038 7.03652
146 0.647243 -0.221169 0.753335
146 0.555495 0.619356 0.753335
146 -0.326628 0.564819 0.753335
146 -0.427543 0.272939 7.03652
146 0.437356 -0.0656192 0.753335
146 0.0259518 -0.286773 7.03652
146 0.130644 0.899954 0.753335
146 0.991185 -0.00667795 0.753335
146 0.264647 -0.270818 7.03652
146 0.505385 -0.876076 0.753335
146 0.722355 0.412966 7.03652
146 0.528095 0.38462 0.753335
146 0.695263 0.118207 7.03652
146 -0.670639 0.0165089 7.03652
146 -0.808649 -0.360327 7.03652
146 0.159365 -0.116803 7.03652
146 0.527042 -0.417903 7.03652
146 0.554466 -0.717901 0.753335
146 0.0933075 -0.991951 7.03652
146 -0.766587 -0.599267 0.753335
146 0.448868 -0.845232 0.753335
146 -0.33252 -0.391236 7.03652
146 0.237112 -0.480921 7.03652
146 -0.0591101 -0.25416 0.753335
146 -0.0236515 -0.294691 0.753335
146 0.189643 0.667215 0.753335
146 0.793005 -0.165278 7.03652
146 -0.410125 -0.948064 0.753335
146 -0.437089 -0.176457 0.753335
146 0.38809 0.422139 7.03652
146 -0.0599674 -0.487208 0.753335
146 -0.0920932 -0.351831 7.03652
146 -0.858443 0.593192 0.753335
146 -0.27682 0.646671 0.753335
146 0.0272743 0.76111 7.03652
146 -0.247154 -0.506437 7.03652
146 0.0549098 -0.581429 0.753335
146 -0.12137 0.721327 0.753335
146 -0.801926 -0.66271 7.03652
146 0.331218 0.730482 7.03652
146 -0.0321914 0.0594201 0.753335
146 -0.86396 -0.104706 0.753335
146 -0.738267 0.729357 7.03652
146 -0.372979 0.472259 0.753335
146 0.773062 -0.442236 0.753335
146 0.479024 -0.654828 0.753335
146 0.858508 -0.0173654 0.753335
146 0.52099 0.32682 0.753335
146 -0.571862 -0.113155 7.03652
146 0.370228 -0.643815 0.753335
146 -0.603893 -0.156137 0.753335
146 -1.01621 0.262402 0.753335
146 0.344135 0.339397 7.03652
146 -0.145187 -0.960351 0.753335
146 0.239634 0.247445 0.753335
146 -0.393268 -0.681184 0.753335
146 -0.545526 -0.548783 0.753335
146 0.301012 0.907035 7.03652
146 0.600036 0.0875466 0.753335
146 0.884952 0.0329472 0.753335
146 -0.198991 0.4509 7.03652
146 -0.234882 0.733404 0.753335
146 0.00558853 -0.198494 0.753335
146 -1.03923 0.139293 7.03652
146 -0.0231095 0.866771 7.03652
146 -0.241569 -0.396054 0.753335
146 -0.705456 -0.31106 7.03652
146 -0.996422 0.321826 7.03652
146 -0.402306 -0.140869 0.753335
146 0.711519 0.624835 0.753335
146 -0.440121 -0.703474 7.03652
146 -0.87169 0.201461 0.753335
146 -0.014093 0.608132 0.753335
146 -0.201315 -0.4288 0.753335
146 -0.0801344 -0.0827011 7.03652
146 0.568929 -0.102609 7.03652
146 0.798636 -0.386618 7.03652
146 0.328948 -0.892329 7.03652
146 0.940256 0.0277565 0.753335
146 0.294013 0.693407 0.753335
146 -0.921869 -0.354867 0.753335
146 -0.109395 -0.261991 7.03652
146 -0.0652301 0.590659 0.753335
146 0.500361 0.104051 0.753335
146 0.584748 0.748238 0.753335
146 0.73378 -0.595395 7.03652
146 0.811153 0.291904 7.03652
146 -0.161385 -0.744887 0.753335
146 0.604957 0.255263 7.03652
146 0.590552 0.812472 7.03652
146 0.433841 0.335157 0.753335
146 -0.341325 0.786145 0.753335
146 -0.0865412 -0.966247 7.03652
146 0.889547 0.0919282 0.753335
146 -0.676591 0.425169 0.753335
146 0.552822 0.176567 0.753335
146 -0.0672769 0.366881 0.753335
146 0.86013 -0.385791 0.753335
146 0.681284 -0.389044 0.753335
146 -0.908224 -0.413853 0.753335
146 0.0917587 -0.463018 0.753335
146 -0.211412 0.577844 0.753335
146 -0.427912 0.466576 7.03652
146 0.923961 -0.379158 7.03652
146 0.296089 0.490046 0.753335
146 -0.42372 -0.812112 0.753335
146 -0.436507 0.936427 7.03652
146 0.40002 -0.598546 0.753335
146 0.465248 -0.207907 0.753335
146 0.556708 0.233239 7.03652
146 -0.282184 -0.915133 0.753335
146 -0.669065 -0.457093 0.753335
146 -0.0301098 -0.618843 0.753335
146 -1.05014 0.0134656 0.753335
146 -0.0358291 0.221512 7.03652
146 -0.00949446 -0.246426 0.753335
146 0.303157 0.417122 0.753335
146 0.234517 -0.187578 0.753335
146 0.746125 0.148147 0.753335
146 0.58153 -0.51924 0.753335
146 -0.609475 -0.257046 0.753335
146 0.946196 0.308411 0.753335
146 -0.0648286 -0.694114 0.753335
146 0.259458 -0.319887 0.753335
146 0.421544 0.223748 7.03652
146 -0.544035 0.192612 0.753335
146 -0.0754151 0.540101 0.753335
146 0.199313 -0.824567 0.753335
146 -0.674728 0.607347 7.03652
146 -0.61459 -0.475325 7.03652
146 0.112198 -0.5963 7.03652
146 -0.986233 0.0980246 0.753335
146 0.987914 -0.126679 0.753335
146 -0.831331 -0.0561278 0.753335
146 0.406807 -0.320544 7.03652
146 -0.0888237 0.679185 0.753335
146 -0.477403 0.256758 0.753335
146 -0.689876 -0.118322 0.753335
146 0.972906 0.185489 0.753335
146 0.0424029 -0.791791 0.753335
146 -0.718961 0.0388631 7.03652
146 0.853885 -0.225806 0.753335
146 -0.478087 0.835324 7.03652
146 0.138938 -0.220281 0.753335
146 0.447655 -0.909693 0.753335
146 -0.161614 0.0804054 0.753335
146 0.336415 -0.724904 0.753335
146 0.00108624 0.09283 0.753335
146 -0.207653 -0.144195 7.03652
146 0.347159 -0.502886 0.753335
146 -0.313312 0.216238 0.753335
146 -0.00818093 -0.833517 0.753335
146 -0.214222 0.949571 0.753335
146 -0.893781 0.541688 0.753335
146 -0.618806 -0.691358 0.753335
146 -0.514062 0.762479 7.03652
146 0.652075 -0.439074 0.753335
146 -0.518837 -0.899191 7.03652
146 0.37313 0.694639 0.753335
146 0.8755 -0.0680957 7.03652
146 0.00828208 0.916779 0.753335
146 -0.088924 0.969028 0.753335
146 -0.654528 -0.736171 7.03652
146 -0.299343 -0.635644 0.753335
146 -0.251658 -0.557382 7.03652
146 0.490416 0.470109 0.753335
146 -0.727552 0.334283 0.753335
146 -0.494692 -0.160591 0.753335
146 -0.0597461 -0.804905 0.753335
146 0.976595 -0.191658 7.03652
146 0.190177 0.88813 0.753335
146 -0.499276 -0.693809 7.03652
146 0.390424 0.473432 0.753335
146 0.255031 0.531293 0.753335
146 0.30727 0.0336122 7.03652
146 0.322052 -0.662453 0.753335
146 -0.52788 -0.750953 0.753335
146 0.273687 0.165422 7.03652
146 -0.19189 0.767673 0.753335
146 -0.135925 -0.538764 0.753335
146 0.194832 -0.568433 0.753335
146 -0.130724 0.139624 0.753335
146 0.0400926 -0.239052 0.753335
146 -0.178032 -0.917232 0.753335
146 0.824864 0.0290242 7.03652
146 0.76817 0.523346 0.753335
146 0.146223 -0.847131 0.753335
146 -0.650502 0.335859 7.03652
146 0.814009 0.579982 7.03652
146 -0.862478 0.485544 7.03652
146 0.142272 -0.793785 0.753335
146 0.642239 -0.165138 7.03652
146 0.416526 -0.221545 0.753335
146 -0.906336 -0.234907 0.753335
146 -0.703968 -0.700234 0.753335
146 -0.439797 -0.491029 7.03652
146 -0.227234 -0.948911 0.753335
146 0.261797 -0.862463 0.753335
146 -0.228186 0.623964 0.753335
146 0.0782283 -0.695594 7.03652
146 -0.482633 0.455942 7.03652
146 -0.316744 0.11532 7.03652
146 0.612324 -0.733783 0.753335
146 -0.365415 0.348118 0.753335
146 -0.335855 -0.196985 7.03652
146 -0.342976 -0.497024 0.753335
146 0.0595098 0.806372 0.753335
146 -0.0180084 -0.387326 0.753335
146 0.546353 -0.0382607 7.03652
146 0.00462086 -0.10547 0.753335
146 0.282083 0.637311 7.03652
146 -0.111545 0.624493 7.03652
146 0.106492 0.549665 0.753335
146 0.345869 -0.049596 0.753335
146 0.746396 -0.207662 0.753335
146 0.795835 -0.277956 7.03652
146 0.834768 -0.551503 7.03652
146 0.121185 -0.0391148 0.753335
146 -0.841907 0.322637 7.03652
146 -0.362878 0.141212 7.03652
146 -0.0655079 -0.395684 0.753335
146 -0.534549 0.546517 0.753335
146 -0.413452 0.137955 7.03652
146 -0.981655 -0.0181924 7.03652
146 0.591344 -0.0135487 7.03652
146 -0.213648 0.0863753 7.03652
146 0.905201 0.266754 0.753335
146 0.514867 0.267866 0.753335
146 -0.526766 0.603387 7.03652
146 0.214319 0.571286 0.753335
146 -0.422723 -0.385026 0.753335
146 -0.721774 -0.0699198 0.753335
146 0.0545439 -0.0976447 7.03652
146 -1.00821 -0.289531 7.03652
146 0.621066 -0.796262 7.03652
146 -0.90928 -0.516942 7.03652
146 0.00693605 0.251839 0.753335
146 0.569178 0.349033 0.753335
146 0.331499 0.235188 0.753335
146 -0.160186 0.341949 0.753335
146 0.187348 -0.205124 0.753335
146 0.469709 -0.154568 7.03652
146 -0.609011 -0.366369 7.03652
146 -0.805213 0.275305 0.753335
146 0.0253911 -0.530939 7.03652
146 -0.38926 0.519634 0.753335
146 -0.0350751 0.124567 7.03652
146 0.435162 0.392175 7.03652
146 0.370016 0.618518 7.03652
146 -0.109253 0.333243 7.03652
146 0.508753 -0.759799 0.753335
146 -0.0529549 0.713217 7.03652
146 -0.161249 -0.803043 7.03652
146 0.00860947 0.391892 0.753335
146 0.598795 -0.189964 7.03652
146 0.410145 -0.271429 0.753335
146 -0.993741 -0.0748164 7.03652
146 -0.838597 0.433931 0.753335
146 0.744547 0.46917 0.753335
146 0.0394931 0.355646 0.753335
146 0.886281 -0.329909 7.03652
146 -0.84744 -0.518078 0.753335
146 0.354648 0.0513992 0.753335
146 -0.43188 -0.439444 0.753335
146 0.291006 -0.596713 7.03652
146 0.254726 -0.0339845 0.753335
146 0.281377 0.215131 0.753335
146 0.35446 -0.332185 0.753335
146 0.173105 -0.663979 0.753335
146 0.250026 0.347061 7.03652
146 0.28726 -0.704685 0.753335
146 -0.406445 -0.885849 0.753335
146 -0.0226971 -0.957242 0.753335
146 -0.393378 -0.519324 7.03652
146 0.291795 -0.502453 0.753335
146 -0.834752 0.154271 0.753335
146 0.640911 0.772335 0.753335
146 0.561465 -0.839159 0.753335
146 -0.333757 0.311014 0.753335
146 0.233504 0.92905 7.03652
146 0.398106 0.0183377 7.03652
146 0.340393 -0.60146 7.03652
146 -0.314547 0.615228 0.753335
146 -0.59361 -0.640777 0.753335
146 0.106478 0.95769 0.753335
146 0.422597 0.721107 0.753335
146 0.0442769 0.689843 0.753335
146 0.204393 0.993765 0.753335
146 -0.110711 -0.783718 7.03652
146 -0.261231 -0.129625 0.753335
146 0.45133 0.554162 0.753335
146 -0.14913 -0.350393 0.753335
146 0.931085 -0.150636 0.753335
146 0.203575 0.381459 0.753335
146 0.322938 -0.20195 0.753335
146 0.0454771 0.478206 0.753335
146 0.484274 0.416158 0.753335
146 0.485452 0.880438 0.753335
146 -0.0127439 0.666919 0.753335
146 -0.338134 0.25706 0.753335
146 -0.921662 -0.176842 0.753335
146 -0.283992 -0.078484 7.03652
146 0.0895666 -0.231293 7.03652
146 -0.239556 -0.235087 7.03652
146 -0.116191 0.0922797 7.03652
146 -0.575013 -0.86606 7.03652
146 -0.519975 -0.430503 0.753335
146 -0.472344 -0.746755 7.03652
146 -0.176978 0.822329 0.753335
146 0.171896 0.0321504 0.753335
146 -0.971432 0.223311 0.753335
146 -0.780043 0.689315 7.03652
146 0.883264 -0.123811 0.753335
146 0.25065 -0.803043 0.753335
146 0.172451 0.081187 0.753335
146 0.546103 -0.326978 0.753335
146 -0.219941 -0.664373 7.03652
146 -0.348215 0.396409 0.753335
146 -0.115058 -0.677095 0.753335
146 0.0845695 0.088346 7.03652
146 -0.121806 -0.311991 0.753335
146 0.108527 -0.414529 0.753335
146 0.182613 0.180921 0.753335
146 -0.21092 -0.586195 0.753335
146 0.495731 0.0515616 7.03652
146 -0.240109 0.793013 7.03652
146 0.680123 -0.487752 0.753335
146 0.632724 0.0252474 0.753335
146 0.295177 -0.767313 0.753335
146 -0.645856 0.810608 7.03652
146 0.904212 0.422189 7.03652
146 0.00711091 -0.431426 7.03652
146 -0.099947 0.282437 0.753335
146 0.565593 -0.154978 0.753335
146 0.141973 1.00694 0.753335
146 -1.03472 -0.165972 0.753335
146 -0.585496 -0.0179899 7.03652
146 -0.3204 -0.241559 7.03652
146 -0.136399 0.243638 0.753335
146 0.0915266 -0.754427 7.03652
146 -0.633434 -0.116022 7.03652
146 -0.022182 -0.156665 0.753335
146 -0.189643 0.659836 0.753335
146 0.346958 0.504629 0.753335
146 -0.310253 0.355037 0.753335
146 0.315952 0.134038 0.753335
146 -0.293385 -0.475577 0.753335
146 -0.868479 0.37366 0.753335
146 -0.0866496 0.0474288 7.03652
146 -0.696717 0.149077 0.753335
146 0.754311 -0.0528915 0.753335
