190.667 -0.895024 0.30837 0.753335
190.667 0.655949 -0.688042 0.753335
190.667 -0.448424 -0.599331 7.03652
190.667 -0.406689 0.826712 0.753335
190.667 -0.25894 -0.0401204 0.753335
190.667 -1.04741 -0.0454893 7.03652
190.667 -0.853328 -0.396903 0.753335
190.667 -0.429605 0.568346 0.753335
190.667 0.00964282 0.147625 0.753335
190.667 0.741179 -0.491777 0.753335
190.667 0.0721576 0.384352 7.03652
190.667 -0.0223902 0.969444 0.753335
190.667 -0.441933 0.872263 7.03652
190.667 -0.337348 -0.0654886 0.753335
190.667 -0.112937 0.450204 7.03652
190.667 0.422025 -0.170305 0.753335
190.667 0.456256 -0.314543 7.03652
190.667 -1.02573 -0.229098 7.03652
190.667 -0.974493 -0.129134 0.753335
190.667 -0.277785 0.938129 0.753335
190.667 0.0958667 0.192024 7.03652
190.667 -0.842712 -0.148822 7.03652
190.667 -0.174083 0.16858 0.753335
190.667 -0.745997 0.283234 7.03652
190.667 0.93985 0.0882124 0.753335
190.667 0.430349 0.911669 0.753335
190.667 -0.192977 0.510044 7.03652
190.667 -0.868695 -0.19393 0.753335
190.667 -0.178214 0.216018 0.753335
190.667 -0.713249 0.665045 0.753335
190.667 0.0697763 -0.510807 0.753335
190.667 0.0550753 -0.192565 7.03652
190.667 -0.0915241 0.00183451 7.03652
190.667 -0.139436 -0.00566434 7.03652
190.667 -0.377234 0.956828 0.753335
190.667 -0.580684 0.581151 0.753335
190.667 0.0578286 -0.327621 7.03652
190.667 -0.0705388 0.092547 7.03652
190.667 -0.606799 -0.76181 0.753335
190.667 0.75755 0.260918 0.753335
190.667 -0.350286 -0.916014 0.753335
190.667 0.158983 -0.958394 0.753335
190.667 -0.686081 0.483884 7.03652
190.667 0.214753 -0.338777 0.753335
190.667 0.634796 -0.628638 7.03652
190.667 -0.117093 0.912985 7.03652
190.667 0.667312 0.666182 0.753335
190.667 -0.0271177 -0.0707041 7.03652
190.667 0.736944 0.00478049 7.03652
190.667 0.142928 -0.746614 0.753335
190.667 0.611735 0.311593 0.753335
190.667 -0.608368 0.0742692 0.753335
190.667 -0.786464 -0.251448 7.03652
190.667 0.433312 -0.555185 7.03652
190.667 0.0687691 0.589091 0.753335
190.667 0.0935771 0.855072 0.753335
190.667 -0.509633 -0.318784 7.03652
190.667 0.533585 0.73352 0.753335
190.667 0.427753 -0.118071 0.753335
190.667 -0.615035 0.29957 0.753335
190.667 -0.348468 -0.658219 0.753335
190.667 -0.335608 0.508068 7.03652
190.667 -0.348476 0.84469 7.03652
190.667 0.6713 -0.749987 0.753335
190.667 -0.357385 0.193645 0.753335
190.667 -0.458941 -0.13004 7.03652
190.667 0.27476 -0.220041 7.03652
190.667 0.205522 -0.392641 0.753335
190.667 0.525059 -0.0800575 0.753335
190.667 0.0704661 -0.142459 0.753335
190.667 0.31789 0.850809 0.753335
190.667 -0.295134 -0.972078 0.753335
190.667 -0.913545 0.244353 0.753335
190.667 -0.0299853 0.763789 7.03652
190.667 0.091211 0.139814 0.753335
190.667 -0.25259 -0.617234 7.03652
190.667 0.550163 -0.271498 0.753335
190.667 0.408326 0.651839 0.753335
190.667 0.262746 0.977363 0.753335
190.667 -0.950203 0.28987 0.753335
190.667 -0.226098 0.84535 7.03652
190.667 0.46789 0.245804 7.03652
190.667 -0.0282985 -0.529276 0.753335
190.667 -0.567833 -0.456262 7.03652
190.667 0.31194 0.0841924 0.753335
190.667 -0.865274 -0.341153 0.753335
190.667 0.259873 0.0160929 7.03652
190.667 -0.483114 0.56073 7.03652
190.667 0.799052 -0.221012 0.753335
190.667 -0.00890591 -0.89464 0.753335
190.667 0.331919 -0.45083 0.753335
190.667 -0.211647 -0.0515255 0.753335
190.667 -0.285624 0.704102 7.03652
190.667 0.384995 0.309996 0.753335
190.667 0.254242 -0.374629 0.753335
190.667 0.280545 -0.456091 0.753335
190.667 0.77256 -0.104512 7.03652
190.667 0.197754 -0.772004 7.03652
190.667 -0.748531 0.134679 0.753335
190.667 0.189992 -0.715872 0.753335
190.667 0.0420012 0.965831 7.03652
190.667 0.712367 -0.438029 0.753335
190.667 0.762773 -0.327233 0.753335
190.667 -0.436875 0.222758 0.753335
190.667 0.216707 -0.529461 0.753335
190.667 -0.28985 -0.419594 7.03652
190.667 -0.241901 0.049161 7.03652
190.667 0.642311 -0.0308109 7.03652
190.667 0.227833 0.621169 0.753335
190.667 -0.44054 -0.0412667 0.753335
190.667 0.493078 -0.706728 0.753335
190.667 -0.27558 -0.267835 7.03652
190.667 0.00296864 0.716563 0.753335
190.667 -0.0168611 0.296687 0.753335
190.667 0.210429 -0.882164 0.753335
190.667 0.343239 0.455078 0.753335
190.667 -0.504143 0.654464 0.753335
190.667 0.761901 0.316216 0.753335
190.667 0.555925 -0.468449 7.03652
190.667 -0.566987 0.641255 0.753335
190.667 -0.020632 -0.667253 0.753335
190.667 0.574924 -0.617507 0.753335
190.667 -0.168488 0.554104 0.753335
190.667 -0.0504115 0.263737 7.03652
190.667 -0.212767 -0.714222 7.03652
190.667 -0.762583 -0.297914 7.03652
190.667 -0.121195 -0.1753 0.753335
190.667 -0.485593 0.507173 7.03652
190.667 -0.53921 0.878397 7.03652
190.667 -0.186195 -0.0981945 0.753335
190.667 0.596585 -0.674146 0.753335
190.667 -0.130783 -0.0915856 0.753335
190.667 -0.640124 0.164426 0.753335
190.667 -0.00692818 -1.01901 7.03652
190.667 -0.924868 -0.00502299 7.03652
190.667 0.148143 0.261739 7.03652
190.667 -0.0893172 0.232407 0.753335
190.667 0.853119 0.251374 0.753335
190.667 0.729801 0.685309 0.753335
190.667 0.293134 0.317172 0.753335
190.667 0.169618 -0.353566 0.753335
190.667 -0.452725 -0.653572 7.03652
190.667 -0.429288 0.0920419 7.03652
190.667 -0.161191 -0.57895 7.03652
190.667 0.0752441 0.744851 0.753335
190.667 -0.613669 -0.420116 0.753335
190.667 0.841061 0.531592 0.753335
190.667 -0.996383 0.0373047 7.03652
190.667 -0.693304 0.774074 7.03652
190.667 0.514101 -0.184766 0.753335
190.667 0.679195 -0.128188 7.03652
190.667 -0.0807447 0.139606 0.753335
190.667 -0.470504 -0.0827409 0.753335
190.667 0.266829 0.582887 0.753335
190.667 0.553036 -0.215649 7.03652
190.667 -0.0189082 0.348793 0.753335
190.667 -0.0998182 -0.128787 7.03652
190.667 0.374299 0.936813 7.03652
190.667 0.243646 0.297589 0.753335
190.667 -0.26929 0.581198 0.753335
190.667 -0.109822 -0.0459459 7.03652
190.667 -0.103836 -0.584381 0.753335
190.667 0.80375 -0.49583 7.03652
190.667 -0.74012 0.486908 0.753335
190.667 0.40922 -0.509119 7.03652
190.667 0.587553 -0.424628 0.753335
190.667 -0.0619243 0.316195 7.03652
190.667 0.12013 -0.648632 0.753335
190.667 -0.0470429 -0.11876 7.03652
190.667 0.540213 0.0160873 0.753335
190.667 0.697077 -0.0429655 0.753335
190.667 0.231711 -0.682128 7.03652
190.667 0.21756 0.43364 0.753335
190.667 -0.929067 0.107219 0.753335
190.667 -0.548508 -0.158973 7.03652
190.667 -0.142202 0.85921 0.753335
190.667 0.0758209 -0.281234 0.753335
190.667 0.328782 -0.957408 0.753335
190.667 -0.976325 -0.18693 7.03652
190.667 -0.26313 -0.734027 0.753335
190.667 0.630085 0.4289 7.03652
190.667 -0.666024 -0.0709762 0.753335
190.667 0.00908001 0.200145 0.753335
190.667 -0.693056 0.539405 0.753335
190.667 -0.976697 0.377328 7.03652
190.667 -0.535404 0.816057 7.03652
190.667 -0.473306 0.0649499 7.03652
190.667 -0.829231 0.53636 7.03652
190.667 0.0770251 1.01616 7.03652
190.667 -0.627007 0.217154 0.753335
190.667 -0.565357 -0.800959 0.753335
190.667 0.683127 0.00894447 0.753335
190.667 -0.327009 -0.289083 0.753335
190.667 0.0210554 -0.0565703 0.753335
190.667 -0.563419 0.74172 0.753335
190.667 0.744612 0.0926403 0.753335
190.667 -0.486603 -0.0215108 7.03652
190.667 0.643599 -0.527921 0.753335
190.667 0.598994 -0.298063 0.753335
190.667 -0.517973 -0.114165 7.03652
190.667 -1.02885 0.199565 7.03652
190.667 0.909521 -0.20342 0.753335
190.667 0.338621 -0.384011 0.753335
190.667 -0.161317 -0.0543182 0.753335
190.667 -0.348123 -0.603725 7.03652
190.667 -0.00342932 0.454681 0.753335
190.667 0.451838 0.0868885 0.753335
190.667 0.426636 0.278653 0.753335
190.667 -0.404948 0.379334 0.753335
190.667 0.450601 -0.774081 0.753335
190.667 -0.233091 0.54183 0.753335
190.667 -0.153893 0.479363 0.753335
190.667 0.587358 0.463773 0.753335
190.667 -0.818598 0.217459 7.03652
190.667 0.0365175 -0.0037311 7.03652
190.667 0.538486 0.850602 7.03652
190.667 -0.301576 -0.162505 0.753335
190.667 -0.452541 0.170942 0.753335
190.667 0.0936446 0.493484 0.753335
190.667 -0.035537 0.499287 0.753335
190.667 -0.543825 0.692332 0.753335
190.667 0.657397 0.0676992 7.03652
190.667 0.848505 -0.17434 0.753335
190.667 -0.70091 -0.612124 7.03652
190.667 -0.482961 -0.466761 0.753335
190.667 0.148949 0.699382 0.753335
190.667 0.365267 0.153 7.03652
190.667 0.55448 -0.378215 0.753335
190.667 0.697899 0.17762 0.753335
190.667 -0.180519 -0.633033 0.753335
190.667 -0.759526 0.536678 0.753335
190.667 0.0702155 -0.638198 0.753335
190.667 -0.460049 -0.254488 0.753335
190.667 -0.358518 -0.0149039 0.753335
190.667 -0.417347 -0.757643 0.753335
190.667 -0.887986 0.0519616 0.753335
190.667 -0.590901 -0.519153 7.03652
190.667 -0.599725 -0.571509 7.03652
190.667 0.37946 0.759611 7.03652
190.667 -0.227267 0.232537 7.03652
190.667 0.110873 -0.3196 0.753335
190.667 -0.469318 0.613566 0.753335
190.667 -0.123791 1.01695 7.03652
190.667 0.645585 0.542776 0.753335
190.667 0.119833 0.401349 0.753335
190.667 -1.04414 -0.108892 0.753335
190.667 0.743217 -0.387851 0.753335
190.667 0.683688 0.452138 7.03652
190.667 -0.913849 -0.124151 0.753335
190.667 0.549987 -0.56408 0.753335
190.667 -0.292554 0.288032 7.03652
190.667 -0.810974 0.379166 0.753335
190.667 0.297424 -0.0663868 0.753335
190.667 -0.885177 -0.290353 7.03652
190.667 -0.462076 -0.303086 7.03652
190.667 0.475683 -0.100278 0.753335
190.667 0.226913 0.779591 0.753335
190.667 0.378448 0.256733 7.03652
190.667 0.873233 0.479013 0.753335
190.667 -0.353264 -0.150016 0.753335
190.667 0.610029 -0.57264 7.03652
190.667 0.40356 -0.809156 7.03652
190.667 -0.221937 0.183033 0.753335
190.667 -0.126654 0.382174 7.03652
190.667 0.00186562 0.813497 7.03652
190.667 0.142736 0.211282 0.753335
190.667 0.387287 -0.0827534 0.753335
190.667 0.424304 -0.656357 7.03652
190.667 -0.169273 -0.178357 0.753335
190.667 -0.651812 0.114303 0.753335
190.667 -0.267352 -0.848327 7.03652
190.667 -0.366966 -0.72711 0.753335
190.667 0.175892 -0.25665 0.753335
190.667 -0.400026 -0.627571 7.03652
190.667 -0.581965 0.23373 0.753335
190.667 -0.332749 0.911492 7.03652
190.667 0.916737 0.145549 0.753335
190.667 0.178415 0.129572 7.03652
190.667 -0.181084 0.709653 7.03652
190.667 -0.344613 -0.550797 0.753335
190.667 -0.697419 -0.0243377 0.753335
190.667 -0.444586 0.415893 7.03652
190.667 -0.232237 0.682104 7.03652
190.667 0.413753 0.172072 0.753335
190.667 0.736705 -0.147775 7.03652
190.667 -0.723269 -0.160389 0.753335
190.667 0.653604 0.603931 0.753335
190.667 -0.080873 0.186504 7.03652
190.667 0.390406 0.3647 0.753335
190.667 0.79384 0.116925 7.03652
190.667 0.159038 -0.609424 0.753335
190.667 -0.804358 -0.4872 0.753335
190.667 0.462373 0.191412 7.03652
190.667 -0.200147 -0.367093 0.753335
190.667 -0.987685 -0.347341 7.03652
190.667 -0.81145 -0.432154 7.03652
190.667 -0.628641 0.745247 0.753335
190.667 0.486392 -0.0470215 7.03652
190.667 0.58626 0.0411525 0.753335
190.667 -0.294593 0.476138 0.753335
190.667 -0.837322 -0.619106 0.753335
190.667 0.619717 0.369658 7.03652
190.667 0.0583056 0.270594 0.753335
190.667 0.500487 0.581812 0.753335
190.667 -0.269281 0.194397 0.753335
190.667 0.113091 0.349513 0.753335
190.667 -0.326119 0.0226267 7.03652
190.667 0.381875 -0.697086 7.03652
190.667 0.206237 -0.0523926 0.753335
190.667 0.550468 0.122931 0.753335
190.667 -0.41832 -0.225808 0.753335
190.667 -0.939037 -0.463666 7.03652
190.667 0.171069 0.787274 0.753335
190.667 0.641209 0.487493 0.753335
190.667 -0.380809 -0.414435 0.753335
190.667 0.33379 0.662075 0.753335
190.667 -0.386009 -0.190967 0.753335
190.667 -0.143635 0.667765 0.753335
190.667 -0.350748 -0.975006 0.753335
190.667 -0.800106 0.487612 7.03652
190.667 0.100423 0.241726 0.753335
190.667 -0.534412 -0.0106825 0.753335
190.667 -0.247937 -0.173918 0.753335
190.667 0.0812435 0.642559 0.753335
190.667 -0.265673 0.329243 0.753335
190.667 -0.37161 -0.305564 0.753335
190.667 0.907387 -0.265622 7.03652
190.667 -0.924471 0.486754 0.753335
190.667 -0.588096 0.17689 7.03652
190.667 -0.29607 -0.527928 0.753335
190.667 -0.316715 -0.812048 0.753335
190.667 0.232173 0.197625 0.753335
190.667 0.717105 -0.702518 0.753335
190.667 -0.0078637 -0.482605 7.03652
190.667 -0.66924 -0.248666 0.753335
190.667 0.592383 0.521367 0.753335
190.667 -0.588552 0.791038 0.753335
190.667 0.802649 0.228345 0.753335
190.667 0.268568 0.116056 0.753335
190.667 0.0472037 0.116161 0.753335
190.667 -0.647024 0.261306 7.03652
190.667 -0.460496 0.0158648 7.03652
190.667 0.105155 -0.088366 7.03652
190.667 0.244094 -0.135457 0.753335
190.667 -0.359888 0.62773 0.753335
190.667 -0.38458 0.237548 7.03652
190.667 -0.263273 -0.789932 0.753335
190.667 0.77005 -0.546811 0.753335
190.667 -0.204714 -0.477967 7.03652
190.667 0.0518416 0.170862 0.753335
190.667 -0.227304 -0.286962 7.03652
190.667 -0.662111 0.0648669 0.753335
190.667 0.220754 0.0981022 7.03652
190.667 0.456669 0.138996 0.753335
190.667 -0.336835 -0.444518 7.03652
190.667 0.210016 0.833733 7.03652
190.667 0.159977 0.365334 7.03652
190.667 0.0865707 0.440158 0.753335
190.667 -0.317442 -0.114327 7.03652
190.667 -0.782432 0.434137 0.753335
190.667 0.801501 0.171591 0.753335
190.667 -0.25399 0.996918 0.753335
190.667 -0.0542144 0.451455 0.753335
190.667 0.0353655 0.861516 0.753335
190.667 0.241791 0.725153 0.753335
190.667 0.177262 -0.501606 0.753335
190.667 0.357673 0.561889 0.753335
190.667 -0.752786 0.3814 0.753335
190.667 0.598428 -0.0641148 0.753335
190.667 0.439191 0.445181 7.03652
190.667 -0.887299 -0.0475934 0.753335
190.667 0.790774 -0.0117973 0.753335
190.667 -0.415254 0.326254 0.753335
190.667 -0.0545364 -0.575377 0.753335
190.667 0.0993167 -0.927711 7.03652
190.667 -0.147495 0.293878 7.03652
190.667 -0.534951 0.491434 0.753335
190.667 -0.288247 0.762306 7.03652
190.667 -0.708272 -0.370212 0.753335
190.667 0.478038 -0.408733 0.753335
190.667 -0.374601 0.57844 0.753335
190.667 0.243392 -0.739787 0.753335
190.667 -0.0370147 0.405009 7.03652
190.667 0.394611 -0.369449 0.753335
190.667 -0.654363 -0.294964 7.03652
190.667 -0.259133 0.44014 7.03652
190.667 -0.194093 -0.247374 0.753335
190.667 -0.583256 0.472639 0.753335
190.667 0.194893 0.280403 7.03652
190.667 -0.148937 -0.448261 0.753335
190.667 -0.764803 -0.404572 7.03652
190.667 -0.297302 -0.582362 0.753335
190.667 -0.053931 0.917735 0.753335
190.667 -0.0555781 0.812735 7.03652
190.667 -0.504773 0.347753 7.03652
190.667 0.565046 0.679149 0.753335
190.667 -0.0820904 0.865282 7.03652
190.667 0.702054 0.507651 0.753335
190.667 -0.937009 -0.0700584 0.753335
190.667 -0.435508 0.516291 0.753335
190.667 0.459321 -0.261113 7.03652
190.667 -0.370151 -0.844015 7.03652
190.667 0.615803 -0.121115 0.753335
190.667 -0.765567 -0.712602 7.03652
190.667 0.0325187 -0.963055 7.03652
190.667 -0.639823 -0.612319 7.03652
190.667 0.653443 -0.0819365 7.03652
190.667 -0.389801 0.427908 7.03652
190.667 -1.0475 0.0775522 0.753335
190.667 -0.08286 -0.531739 0.753335
190.667 -0.416511 0.620789 0.753335
190.667 0.535547 0.439446 0.753335
190.667 0.213852 -0.289381 0.753335
190.667 -0.727522 0.43151 0.753335
190.667 0.346789 -0.779582 0.753335
190.667 -0.598914 0.354017 7.03652
190.667 0.15151 0.842771 0.753335
190.667 -0.201162 0.312241 7.03652
190.667 -0.76405 0.230678 0.753335
190.667 0.0913544 -0.812603 0.753335
190.667 -0.747472 -0.0106657 0.753335
190.667 -0.896911 0.423171 0.753335
190.667 0.506002 0.688652 0.753335
190.667 -0.0102267 -0.020065 0.753335
190.667 -0.463398 -0.924799 7.03652
190.667 -0.275084 0.244401 0.753335
190.667 0.0314403 0.630956 7.03652
190.667 -0.723091 -0.257554 7.03652
190.667 -0.239879 0.284093 0.753335
190.667 -0.335003 0.674793 7.03652
190.667 0.043826 -0.908039 7.03652
190.667 0.126794 0.0595556 7.03652
190.667 -0.558764 -0.34579 7.03652
190.667 -0.968247 -0.405101 7.03652
190.667 0.82066 -0.336286 0.753335
190.667 0.0408011 0.426392 0.753335
190.667 0.299781 -0.351407 0.753335
190.667 0.506244 -0.241793 7.03652
190.667 -0.630882 0.454472 7.03652
190.667 -0.417948 -0.331206 0.753335
190.667 0.708441 0.293282 7.03652
190.667 -0.19017 0.0377846 7.03652
190.667 0.322939 0.184923 0.753335
190.667 -0.291409 0.870957 0.753335
190.667 -0.316871 -0.700808 0.753335
190.667 0.302468 -0.82453 0.753335
190.667 -0.941826 0.0498654 0.753335
190.667 0.966539 0.243993 7.03652
190.667 0.47922 0.816412 7.03652
190.667 0.126628 0.0107615 0.753335
190.667 0.913678 0.20265 0.753335
190.667 -0.490835 0.713885 7.03652
190.667 0.276959 -0.917202 7.03652
190.667 -0.962975 -0.24402 0.753335
190.667 0.287008 0.266587 0.753335
190.667 -0.375522 -0.360201 0.753335
190.667 -0.238677 0.896262 0.753335
190.667 0.268615 -0.643552 7.03652
190.667 0.502299 -0.816216 7.03652
190.667 0.151346 -0.171046 0.753335
190.667 0.0580027 0.532822 0.753335
190.667 -0.116511 -0.39713 0.753335
190.667 -0.0441782 0.0155996 7.03652
190.667 -0.862443 0.00370898 0.753335
190.667 -0.587756 0.527469 7.03652
190.667 0.995378 0.0594704 7.03652
190.667 -0.454882 0.784861 7.03652
190.667 -0.262076 0.0990645 0.753335
190.667 -0.184678 -0.00894529 0.753335
190.667 -0.924649 0.35776 0.753335
190.667 -0.237788 -0.337243 7.03652
190.667 -0.713982 -0.427258 0.753335
190.667 0.130626 -0.698465 7.03652
190.667 -0.537413 0.436947 7.03652
190.667 0.946674 -0.315921 7.03652
190.667 -0.283279 -0.367166 7.03652
190.667 0.0679807 -0.0539623 7.03652
190.667 0.710094 -0.343215 0.753335
190.667 -0.555605 -0.293859 7.03652
190.667 -0.22064 0.410133 0.753335
190.667 0.596505 0.145178 0.753335
190.667 0.515577 -0.609023 0.753335
190.667 -0.112569 -0.727553 0.753335
190.667 -0.153999 -0.13405 0.753335
190.667 0.34816 0.393911 0.753335
190.667 0.85765 0.193014 0.753335
190.667 -0.338549 0.449795 0.753335
190.667 0.159395 0.561299 7.03652
190.667 -0.677358 0.714746 7.03652
190.667 -0.549751 0.135691 0.753335
190.667 -0.560047 -0.0647154 0.753335
190.667 0.166425 -0.0210565 7.03652
190.667 0.684898 0.728148 0.753335
190.667 -0.784285 0.172726 0.753335
190.667 0.797985 -0.604373 0.753335
190.667 -0.953001 0.432133 7.03652
190.667 0.924547 -0.0292259 7.03652
190.667 -0.278188 0.0114814 0.753335
190.667 0.106711 0.29205 7.03652
190.667 -0.129203 0.194282 7.03652
190.667 0.0722081 0.325942 0.753335
190.667 0.838702 0.422382 7.03652
190.667 -0.396664 0.773552 0.753335
190.667 -0.221787 0.354499 0.753335
190.667 -0.634091 -0.207617 7.03652
190.667 0.112487 0.798922 0.753335
190.667 0.264464 0.0663471 0.753335
190.667 -0.637787 -0.0263335 0.753335
190.667 -0.48901 0.207021 7.03652
190.667 -0.717259 -0.557765 0.753335
190.667 -0.327939 -0.339949 0.753335
190.667 0.384951 -0.936678 0.753335
190.667 -0.660061 -0.562663 7.03652
190.667 -0.147941 -0.223392 0.753335
190.667 -0.757413 0.63141 7.03652
190.667 0.331402 -0.151139 0.753335
190.667 0.599282 -0.245265 0.753335
190.667 -0.131151 -0.62678 7.03652
190.667 -0.230792 0.000927139 0.753335
190.667 -0.588612 0.415184 7.03652
190.667 -0.334413 0.732248 0.753335
190.667 -0.063808 -0.915007 0.753335
190.667 -0.742567 -0.650423 7.03652
190.667 -0.395694 -0.573885 7.03652
190.667 -0.763623 -0.528411 0.753335
190.667 0.155189 -0.903181 0.753335
190.667 -0.0346529 0.171062 0.753335
190.667 -0.858099 0.262539 7.03652
190.667 0.783695 0.425134 0.753335
190.667 -0.110321 0.812598 7.03652
190.667 -0.291496 0.0616719 0.753335
190.667 0.14383 0.509411 7.03652
190.667 0.0962433 -0.550499 0.753335
190.667 0.217696 0.0485633 7.03652
190.667 -0.781782 0.329519 7.03652
190.667 0.0590943 -0.421618 0.753335
190.667 -0.0102631 -0.775909 7.03652
190.667 0.371592 0.204493 0.753335
190.667 0.134404 0.64835 7.03652
190.667 0.169713 0.945705 0.753335
190.667 0.40343 0.0692417 0.753335
190.667 0.354018 -0.839691 0.753335
190.667 -0.162408 -0.498322 0.753335
190.667 -0.152131 0.957869 0.753335
190.667 -0.844838 -0.250268 0.753335
190.667 -0.3159 0.164627 0.753335
190.667 -0.380285 0.092933 7.03652
190.667 0.986245 0.125799 0.753335
190.667 0.430385 0.786178 7.03652
190.667 -0.890142 0.144342 7.03652
190.667 -0.302736 0.414147 0.753335
190.667 0.509947 0.212287 0.753335
190.667 0.709011 0.0559561 7.03652
190.667 0.212957 -0.00199953 0.753335
190.667 0.547922 0.556619 0.753335
190.667 0.425276 -0.413376 0.753335
190.667 -0.618597 0.620679 0.753335
190.667 0.145616 -0.457659 0.753335
190.667 -0.826725 0.0531147 0.753335
190.667 0.808914 0.480055 0.753335
190.667 -0.511954 0.0964135 0.753335
190.667 0.388981 -0.463909 0.753335
190.667 -0.661733 -0.401609 7.03652
190.667 0.257264 0.398902 7.03652
190.667 0.338978 -0.0998795 0.753335
190.667 -0.226577 -0.886902 7.03652
190.667 0.523908 -0.512643 7.03652
190.667 -0.804308 0.109102 0.753335
190.667 -0.569936 0.280356 7.03652
190.667 -0.394631 0.670802 0.753335
190.667 -0.166226 -0.859726 7.03652
190.667 0.989528 -0.0627635 7.03652
190.667 0.653209 0.220561 7.03652
190.667 0.0394948 -0.470821 0.753335
190.667 0.518663 -0.132944 0.753335
190.667 -0.118307 -0.900274 7.03652
190.667 -0.37777 0.290494 7.03652
190.667 0.151896 0.313602 0.753335
190.667 0.0304154 -0.378485 0.753335
190.667 -0.684964 0.296481 7.03652
190.667 -0.0431296 -0.20789 0.753335
190.667 0.657289 0.275234 0.753335
190.667 -0.268049 -0.679796 0.753335
190.667 -0.504573 0.15555 0.753335
190.667 -0.667736 -0.795185 0.753335
190.667 0.0413507 -0.849827 0.753335
190.667 0.614666 -0.476219 7.03652
190.667 0.2452 -0.587089 0.753335
190.667 -0.563417 -0.399353 7.03652
190.667 0.149841 -0.551699 0.753335
190.667 -0.0939855 -0.440994 0.753335
190.667 -0.24241 0.489272 0.753335
190.667 -0.598777 0.124436 0.753335
190.667 0.643635 0.115894 0.753335
190.667 -0.314754 -0.755553 7.03652
190.667 0.371942 -0.418135 7.03652
190.667 -0.476776 -0.209268 0.753335
190.667 -0.781336 -0.158448 0.753335
190.667 -0.461005 -0.861794 7.03652
190.667 0.695645 -0.641332 7.03652
190.667 -0.750669 -0.112681 7.03652
190.667 -0.0553991 0.645329 7.03652
190.667 0.758919 -0.654418 0.753335
190.667 0.698774 0.562029 0.753335
190.667 -0.187707 -1.00564 0.753335
190.667 -0.582216 -0.201252 7.03652
190.667 0.867523 0.371448 0.753335
190.667 -0.369836 -0.24718 0.753335
190.667 -0.0945457 -0.214906 0.753335
190.667 0.0219043 0.571081 0.753335
190.667 -0.609812 -0.0715089 7.03652
190.667 0.0785244 -0.371018 0.753335
190.667 -0.776061 0.0353516 0.753335
190.667 -0.0768076 -0.635807 0.753335
190.667 0.444045 -0.460344 0.753335
190.667 -0.557157 0.0815171 0.753335
190.667 0.136894 0.160744 0.753335
190.667 0.652268 -0.333602 7.03652
190.667 0.359972 0.102178 0.753335
190.667 0.126014 -0.271334 7.03652
190.667 0.407633 0.587046 0.753335
190.667 -0.555516 0.329197 7.03652
190.667 0.19761 -0.153408 0.753335
190.667 -0.15713 0.426595 0.753335
190.667 0.749947 0.203236 0.753335
190.667 0.442218 -0.0144961 7.03652
190.667 0.541979 0.496428 0.753335
190.667 -0.1985 -0.535803 0.753335
190.667 0.476529 0.748311 0.753335
190.667 -0.638195 0.510864 0.753335
190.667 -0.978553 0.15649 0.753335
190.667 0.129985 0.748679 7.03652
190.667 0.0405892 0.0603905 7.03652
190.667 0.00492645 0.0306819 0.753335
190.667 -0.128755 0.522023 0.753335
190.667 0.0241531 -0.15038 0.753335
190.667 0.190202 0.229814 0.753335
190.667 0.239757 0.673644 7.03652
190.667 -0.0610506 -0.74839 0.753335
190.667 0.0107915 1.0215 7.03652
190.667 0.456708 -0.604588 7.03652
190.667 -0.496013 0.40116 7.03652
190.667 -0.280604 -0.315417 0.753335
190.667 0.266547 -0.540469 0.753335
190.667 -0.730144 0.190152 0.753335
190.667 0.37815 0.820849 0.753335
190.667 0.373297 -0.185329 0.753335
190.667 0.716187 -0.0928619 0.753335
190.667 -0.0710769 -0.167269 7.03652
190.667 0.626697 -0.389216 7.03652
190.667 0.670853 0.391146 7.03652
190.667 -0.514208 -0.374976 0.753335
190.667 0.0949557 -0.87028 7.03652
190.667 -0.808049 -0.00669964 0.753335
190.667 -0.759035 0.0824015 0.753335
190.667 0.160547 -0.409249 0.753335
190.667 0.648496 -0.277074 7.03652
190.667 0.125434 -0.505409 0.753335
190.667 -0.877669 -0.573356 0.753335
190.667 -0.319802 0.97993 7.03652
190.667 0.115351 -0.133549 0.753335
190.667 0.60196 0.200359 0.753335
190.667 -0.384302 0.720049 7.03652
190.667 -0.291158 0.818251 7.03652
190.667 0.445166 0.499541 7.03652
190.667 0.0522496 0.222523 0.753335
190.667 0.317854 0.599218 0.753335
190.667 -0.30803 -0.0282278 0.753335
190.667 -0.0451756 -0.342999 7.03652
190.667 0.379735 -0.134391 0.753335
190.667 0.190159 0.731384 7.03652
190.667 0.699794 -0.293673 7.03652
190.667 -0.0127042 -0.72062 7.03652
190.667 -0.408989 -0.00394094 7.03652
190.667 -0.811738 -0.201889 7.03652
190.667 -0.0876525 0.4917 7.03652
190.667 -0.455096 0.363281 0.753335
190.667 0.706974 -0.539516 0.753335
190.667 -0.695229 -0.204956 0.753335
190.667 0.225565 -0.239316 0.753335
190.667 0.0106699 0.51365 7.03652
190.667 0.0691248 0.910514 7.03652
190.667 0.309955 -0.30123 0.753335
190.667 -0.283645 0.528253 0.753335
190.667 0.647851 0.167095 0.753335
190.667 -0.501459 -0.631812 7.03652
190.667 0.544086 0.0719845 7.03652
190.667 0.67058 -0.583141 7.03652
190.667 -0.509121 -0.262607 0.753335
190.667 0.562654 0.290567 0.753335
190.667 -0.752207 -0.465773 7.03652
190.667 0.453044 0.617229 0.753335
190.667 0.896544 -0.439081 7.03652
190.667 0.816418 0.351971 0.753335
190.667 -0.44927 0.671468 7.03652
190.667 -0.188457 1.00939 0.753335
190.667 0.448746 -0.363746 0.753335
190.667 0.427761 0.850923 0.753335
190.667 -0.525881 -0.207743 0.753335
190.667 -0.518316 -0.835541 7.03652
190.667 0.501459 -0.35791 7.03652
190.667 -0.466461 -0.355275 7.03652
190.667 0.120099 0.598412 0.753335
190.667 -0.187436 -0.315996 0.753335
190.667 0.60942 0.642723 0.753335
190.667 -0.338225 0.074758 0.753335
190.667 0.933838 -0.0868625 0.753335
190.667 0.530512 0.790152 7.03652
190.667 -0.794148 0.584068 0.753335
190.667 -0.420065 0.0453579 0.753335
190.667 -0.489874 -0.52106 0.753335
190.667 0.622584 0.704146 7.03652
190.667 -0.652821 0.663282 7.03652
190.667 0.0384629 -0.736603 0.753335
190.667 -0.70641 0.0942913 7.03652
190.667 -0.36747 -0.7844 0.753335
190.667 -0.26455 0.381921 0.753335
190.667 -0.869269 -0.460805 7.03652
190.667 -0.420684 -0.0923708 7.03652
190.667 0.828488 0.0786036 7.03652
190.667 -0.386557 -0.467345 7.03652
190.667 -0.165977 -0.687015 0.753335
190.667 -0.564688 0.0326551 0.753335
190.667 0.200366 0.330317 0.753335
190.667 -0.389044 -0.0533021 0.753335
190.667 -0.220966 0.135086 0.753335
190.667 -0.117883 0.574374 7.03652
190.667 -0.755723 -0.348673 7.03652
190.667 -0.159331 0.609241 0.753335
190.667 0.284344 0.759701 0.753335
190.667 0.219604 -0.937505 0.753335
190.667 -0.38617 0.889828 7.03652
190.667 0.283202 -0.168974 7.03652
190.667 0.208361 -0.997823 0.753335
190.667 0.704299 0.236135 7.03652
190.667 0.851116 -0.284981 0.753335
190.667 0.367738 0.880031 7.03652
190.667 0.493114 0.000921137 0.753335
190.667 -0.929658 0.182528 0.753335
190.667 -0.550003 -0.602252 0.753335
190.667 -0.163516 -0.40044 0.753335
190.667 0.240719 -0.426966 7.03652
190.667 -0.805712 -0.10594 7.03652
190.667 -0.943019 -0.299808 7.03652
190.667 -0.31883 -0.871432 0.753335
190.667 -0.751476 -0.208995 0.753335
190.667 -0.188312 0.264511 0.753335
190.667 0.0226862 -0.624626 7.03652
190.667 -0.112069 -0.48733 7.03652
190.667 -0.819644 -0.303299 0.753335
190.667 -0.621873 -0.830033 7.03652
190.667 -0.513575 0.0370695 0.753335
190.667 -0.0884005 0.40997 0.753335
190.667 0.466194 -0.509096 0.753335
190.667 -0.616671 0.0243403 0.753335
190.667 0.162856 -0.306215 0.753335
190.667 0.30187 -0.0163847 7.03652
190.667 -0.707942 -0.500557 7.03652
190.667 0.712941 0.351517 0.753335
190.667 -0.640112 0.56598 7.03652
190.667 0.125583 -0.365693 0.753335
190.667 -0.56413 -0.718679 7.03652
190.667 0.319396 0.959408 0.753335
190.667 -0.534991 -0.493823 0.753335
190.667 0.175299 0.612226 7.03652
190.667 -0.402735 0.185683 0.753335
190.667 0.502168 -0.298577 7.03652
190.667 0.328819 0.792729 0.753335
190.667 -0.472396 -0.409805 7.03652
190.667 -0.0763865 -0.301445 0.753335
190.667 -0.821683 0.642768 0.753335
190.667 -0.464494 0.310109 7.03652
190.667 0.131699 0.109854 7.03652
190.667 0.40826 0.120346 0.753335
190.667 -0.661754 -0.162846 0.753335
190.667 -0.1597 -0.276369 0.753335
190.667 0.320011 -0.549697 0.753335
190.667 0.833136 -0.441419 0.753335
190.667 -0.658749 -0.346235 0.753335
190.667 0.291176 -0.117424 7.03652
190.667 -0.127902 -1.02066 0.753335
190.667 0.0958092 0.695555 0.753335
190.667 0.662013 0.331746 0.753335
190.667 0.250496 -0.08386 0.753335
190.667 0.0818215 -0.00919751 0.753335
190.667 -0.635749 0.391029 0.753335
190.667 0.53736 -0.662695 0.753335
190.667 -0.528402 0.243419 0.753335
190.667 0.873777 0.313315 0.753335
190.667 -0.604681 -0.311296 7.03652
190.667 0.491295 -0.558151 7.03652
190.667 0.815304 -0.0608737 0.753335
190.667 0.697618 -0.238216 7.03652
190.667 -0.056705 1.02198 7.03652
190.667 -0.490819 0.908996 0.753335
190.667 -0.54781 0.382433 0.753335
190.667 0.597784 -0.348203 0.753335
190.667 0.694661 -0.183172 0.753335
190.667 -0.0648794 -1.02218 7.03652
190.667 0.505751 0.635985 7.03652
190.667 -0.235244 -0.0935887 0.753335
190.667 0.439049 -0.713727 0.753335
190.667 0.826351 -0.11674 0.753335
190.667 -0.133961 0.0404004 7.03652
190.667 -0.86035 0.0983441 0.753335
190.667 0.926389 0.362881 0.753335
190.667 -0.443192 -0.545981 0.753335
190.667 0.268697 0.451586 7.03652
190.667 0.77367 0.0479505 7.03652
190.667 0.00223457 -0.57372 0.753335
190.667 0.766409 0.373167 0.753335
190.667 0.204425 -0.101379 7.03652
190.667 0.0791768 0.037103 0.753335
190.667 -0.171694 0.121866 0.753335
190.667 -0.269493 0.146195 0.753335
190.667 0.86728 -0.496315 7.03652
190.667 -0.211594 -0.769633 7.03652
190.667 0.0540763 -1.02499 7.03652
190.667 -0.496956 -0.575605 0.753335
190.667 0.599644 0.581042 0.753335
190.667 0.133184 0.456486 0.753335
190.667 -0.248116 -1.00402 7.03652
190.667 0.0265866 0.305741 7.03652
190.667 -0.475588 -0.799515 0.753335
190.667 0.562244 -0.779484 7.03652
190.667 0.578377 0.405907 0.753335
190.667 -0.20763 -0.199522 7.03652
190.667 0.196408 0.52218 7.03652
190.667 0.31632 -0.251851 0.753335
190.667 -0.373441 0.0372291 7.03652
190.667 0.140391 -1.01548 7.03652
190.667 0.336257 0.287495 0.753335
190.667 0.400484 0.529509 7.03652
190.667 0.299523 0.368458 7.03652
190.667 -0.369782 -0.102327 0.753335
190.667 0.963672 -0.251041 0.753335
190.667 -0.058773 -0.0347775 0.753335
190.667 0.853555 0.138159 0.753335
190.667 -0.0612553 -0.860158 0.753335
190.667 -0.113218 -0.840016 0.753335
190.667 0.168063 0.417576 0.753335
190.667 -0.180615 0.896777 0.753335
190.667 0.157681 -0.071574 0.753335
190.667 0.497553 -0.462926 0.753335
190.667 0.752848 0.576467 7.03652
190.667 0.454506 0.67864 0.753335
190.667 -0.594359 0.852015 7.03652
190.667 0.181911 0.471133 0.753335
190.667 0.773142 0.63663 0.753335
190.667 -0.726027 0.583674 0.753335
190.667 0.505757 0.157593 0.753335
190.667 -0.56038 -0.245763 7.03652
190.667 -0.651826 -0.514428 7.03652
190.667 -0.775468 -0.0570616 0.753335
190.667 -0.514964 0.294237 0.753335
190.667 -0.513797 -0.0633165 7.03652
190.667 0.270573 -0.979687 7.03652
190.667 0.234045 0.486367 0.753335
190.667 0.447598 0.0356331 0.753335
190.667 0.746569 -0.265292 7.03652
190.667 0.226088 0.147767 7.03652
190.667 0.103345 -0.184274 7.03652
190.667 0.306561 0.543285 0.753335
190.667 0.37445 -0.551247 0.753335
190.667 0.0305672 -0.679878 0.753335
190.667 -0.180036 0.384536 0.753335
190.667 0.360376 -0.284989 7.03652
190.667 0.253935 0.873053 0.753335
190.667 0.349932 0.0012228 0.753335
190.667 0.213644 -0.628645 0.753335
190.667 -0.705994 0.246309 7.03652
190.667 -0.0840697 0.757102 0.753335
190.667 0.473998 0.301861 0.753335
190.667 0.395364 -0.878166 0.753335
190.667 -0.0260942 0.553064 0.753335
190.667 -0.249227 -0.449891 7.03652
190.667 0.393277 -0.0318127 0.753335
190.667 0.478849 0.359151 0.753335
190.667 -0.663521 -0.662017 0.753335
190.667 0.366741 -0.235283 7.03652
190.667 -0.467505 0.122054 7.03652
190.667 0.00596742 -0.335504 0.753335
190.667 0.27073 0.817252 7.03652
190.667 -0.0408671 -0.437984 0.753335
190.667 -0.411929 -0.277603 7.03652
190.667 -0.692899 0.375697 0.753335
190.667 -0.283417 -0.208912 7.03652
190.667 0.196761 -0.452053 0.753335
190.667 0.394554 -0.750967 0.753335
190.667 -0.213647 -0.827072 0.753335
190.667 -0.810609 -0.563136 0.753335
190.667 -0.546784 -0.665278 7.03652
190.667 -0.141356 0.770865 7.03652
190.667 0.496826 0.52506 7.03652
190.667 0.295126 -0.407692 0.753335
190.667 -0.716909 -0.758568 0.753335
190.667 -0.439058 0.729076 7.03652
190.667 -0.677837 0.203936 0.753335
190.667 -0.603638 0.690711 7.03652
190.667 0.647656 -0.220681 0.753335
190.667 0.555958 0.617716 0.753335
190.667 -0.325773 0.559887 0.753335
190.667 -0.425436 0.27283 7.03652
190.667 0.436042 -0.0653768 0.753335
190.667 0.0246566 -0.288185 7.03652
190.667 0.130346 0.900434 0.753335
190.667 0.992636 -0.00547809 0.753335
190.667 0.265582 -0.270117 7.03652
190.667 0.504503 -0.876672 0.753335
190.667 0.723244 0.412701 7.03652
190.667 0.52799 0.382748 0.753335
190.667 0.695178 0.118134 7.03652
190.667 -0.670425 0.0166995 7.03652
190.667 -0.808052 -0.360856 7.03652
190.667 0.158987 -0.11835 7.03652
190.667 0.527962 -0.419207 7.03652
190.667 0.553923 -0.718803 0.753335
190.667 0.0925523 -0.983268 7.03652
190.667 -0.766628 -0.598217 0.753335
190.667 0.449084 -0.843568 0.753335
190.667 -0.332736 -0.391302 7.03652
190.667 0.237957 -0.485126 7.03652
190.667 -0.0603615 -0.254452 0.753335
190.667 -0.0261255 -0.295156 0.753335
190.667 0.189749 0.666942 0.753335
190.667 0.790755 -0.163905 7.03652
190.667 -0.408113 -0.948957 0.753335
190.667 -0.439191 -0.177364 0.753335
190.667 0.389619 0.422602 7.03652
190.667 -0.0597741 -0.484705 0.753335
190.667 -0.0954554 -0.350737 7.03652
190.667 -0.859173 0.592904 0.753335
190.667 -0.282913 0.651234 0.753335
190.667 0.0275185 0.761603 7.03652
190.667 -0.246566 -0.505896 7.03652
190.667 0.0540789 -0.579504 0.753335
190.667 -0.126012 0.721108 0.753335
190.667 -0.802781 -0.662883 7.03652
190.667 0.333197 0.729705 7.03652
190.667 -0.0326703 0.0624401 0.753335
190.667 -0.8667 -0.101248 0.753335
190.667 -0.738113 0.730448 7.03652
190.667 -0.382024 0.478532 0.753335
190.667 0.772354 -0.441851 0.753335
190.667 0.478374 -0.654968 0.753335
190.667 0.861558 -0.0206188 0.753335
190.667 0.520892 0.3257 0.753335
190.667 -0.572958 -0.113869 7.03652
190.667 0.368871 -0.646267 0.753335
190.667 -0.60515 -0.156538 0.753335
190.667 -1.016 0.262381 0.753335
190.667 0.342543 0.339766 7.03652
190.667 -0.145544 -0.960374 0.753335
190.667 0.238018 0.247765 0.753335
190.667 -0.394509 -0.681944 0.753335
190.667 -0.54427 -0.547473 0.753335
190.667 0.301445 0.906514 7.03652
190.667 0.598968 0.0891559 0.753335
190.667 0.885813 0.0321762 0.753335
190.667 -0.201658 0.455809 7.03652
190.667 -0.2376 0.734575 0.753335
190.667 0.00661837 -0.200502 0.753335
190.667 -1.03968 0.139283 7.03652
190.667 -0.0238901 0.865212 7.03652
190.667 -0.241832 -0.395042 0.753335
190.667 -0.706418 -0.310567 7.03652
190.667 -0.99677 0.321478 7.03652
190.667 -0.404839 -0.141121 0.753335
190.667 0.710914 0.624405 0.753335
190.667 -0.440226 -0.705166 7.03652
190.667 -0.872077 0.202424 0.753335
190.667 -0.0152781 0.607968 0.753335
190.667 -0.202165 -0.428243 0.753335
190.667 -0.0781447 -0.0826787 7.03652
190.667 0.568295 -0.102935 7.03652
190.667 0.79827 -0.387292 7.03652
190.667 0.329439 -0.892568 7.03652
190.667 0.941012 0.0260886 0.753335
190.667 0.291675 0.696272 0.753335
190.667 -0.922371 -0.354571 0.753335
190.667 -0.111441 -0.260144 7.03652
190.667 -0.066034 0.592165 0.753335
190.667 0.500194 0.10545 0.753335
190.667 0.58673 0.748801 0.753335
190.667 0.733745 -0.595276 7.03652
190.667 0.8139 0.292744 7.03652
190.667 -0.162346 -0.743585 0.753335
190.667 0.606716 0.255455 7.03652
190.667 0.591046 0.81239 7.03652
190.667 0.432581 0.334113 0.753335
190.667 -0.343797 0.788973 0.753335
190.667 -0.0873682 -0.966544 7.03652
190.667 0.883998 0.0901188 0.753335
190.667 -0.675645 0.427725 0.753335
190.667 0.552989 0.17861 0.753335
190.667 -0.0685693 0.364585 0.753335
190.667 0.859748 -0.386395 0.753335
190.667 0.681226 -0.388624 0.753335
190.667 -0.907114 -0.412128 0.753335
190.667 0.0926612 -0.463345 0.753335
190.667 -0.207843 0.586049 0.753335
190.667 -0.433271 0.465851 7.03652
190.667 0.923888 -0.379994 7.03652
190.667 0.29808 0.490651 0.753335
190.667 -0.42081 -0.816501 0.753335
190.667 -0.434125 0.936392 7.03652
190.667 0.401361 -0.600663 0.753335
190.667 0.465772 -0.206809 0.753335
190.667 0.557781 0.234135 7.03652
190.667 -0.280059 -0.916107 0.753335
190.667 -0.670364 -0.458132 0.753335
190.667 -0.0294683 -0.617919 0.753335
190.667 -1.04994 0.0129717 0.753335
190.667 -0.0355744 0.220016 7.03652
190.667 -0.00966178 -0.247998 0.753335
190.667 0.307061 0.421993 0.753335
190.667 0.235388 -0.187592 0.753335
190.667 0.744569 0.148494 0.753335
190.667 0.582852 -0.519989 0.753335
190.667 -0.611123 -0.256755 0.753335
190.667 0.945956 0.307402 0.753335
190.667 -0.0652372 -0.6928 0.753335
190.667 0.25977 -0.319105 0.753335
190.667 0.420143 0.224578 7.03652
190.667 -0.541149 0.193078 0.753335
190.667 -0.0758462 0.540597 0.753335
190.667 0.202523 -0.827819 0.753335
190.667 -0.678771 0.60943 7.03652
190.667 -0.617467 -0.473345 7.03652
190.667 0.107791 -0.597302 7.03652
190.667 -0.987009 0.098626 0.753335
190.667 0.988909 -0.125226 0.753335
190.667 -0.831823 -0.0549048 0.753335
190.667 0.40549 -0.320901 7.03652
190.667 -0.0913017 0.682178 0.753335
190.667 -0.476116 0.257804 0.753335
190.667 -0.69136 -0.117723 0.753335
190.667 0.973816 0.182835 0.753335
190.667 0.0408288 -0.792246 0.753335
190.667 -0.71882 0.0389031 7.03652
190.667 0.855081 -0.228335 0.753335
190.667 -0.482445 0.834835 7.03652
190.667 0.139188 -0.221652 0.753335
190.667 0.447251 -0.908955 0.753335
190.667 -0.162386 0.0765852 0.753335
190.667 0.334975 -0.72031 0.753335
190.667 0.00517242 0.0915395 0.753335
190.667 -0.209459 -0.142128 7.03652
190.667 0.350489 -0.50186 0.753335
190.667 -0.315729 0.216903 0.753335
190.667 -0.00970586 -0.833479 0.753335
190.667 -0.21191 0.950698 0.753335
190.667 -0.893793 0.540971 0.753335
190.667 -0.613224 -0.691674 0.753335
190.667 -0.508889 0.765343 7.03652
190.667 0.651674 -0.438335 0.753335
190.667 -0.518016 -0.89822 7.03652
190.667 0.37687 0.695509 0.753335
190.667 0.874883 -0.0730313 7.03652
190.667 0.0078734 0.91565 0.753335
190.667 -0.0877307 0.967557 0.753335
190.667 -0.655833 -0.732254 7.03652
190.667 -0.30052 -0.637081 0.753335
190.667 -0.250519 -0.5573 7.03652
190.667 0.490389 0.469278 0.753335
190.667 -0.723472 0.333076 0.753335
190.667 -0.496465 -0.161037 0.753335
190.667 -0.0607109 -0.804297 0.753335
190.667 0.976874 -0.191831 7.03652
190.667 0.190443 0.888642 0.753335
190.667 -0.501297 -0.694424 7.03652
190.667 0.393525 0.475465 0.753335
190.667 0.25551 0.530504 0.753335
190.667 0.307243 0.033897 7.03652
190.667 0.319688 -0.659585 0.753335
190.667 -0.528218 -0.758898 0.753335
190.667 0.27438 0.165968 7.03652
190.667 -0.192194 0.763401 0.753335
190.667 -0.134389 -0.538825 0.753335
190.667 0.194688 -0.573412 0.753335
190.667 -0.127319 0.144659 0.753335
190.667 0.0405658 -0.241007 0.753335
190.667 -0.176746 -0.915907 0.753335
190.667 0.828025 0.0254546 7.03652
190.667 0.768419 0.523016 0.753335
190.667 0.148312 -0.849547 0.753335
190.667 -0.652987 0.337237 7.03652
190.667 0.811785 0.58201 7.03652
190.667 -0.863503 0.483585 7.03652
190.667 0.144275 -0.797323 0.753335
190.667 0.642181 -0.164673 7.03652
190.667 0.416968 -0.221252 0.753335
190.667 -0.906992 -0.237086 0.753335
190.667 -0.705651 -0.697399 0.753335
190.667 -0.43755 -0.492575 7.03652
190.667 -0.224839 -0.949211 0.753335
190.667 0.263698 -0.86209 0.753335
190.667 -0.238934 0.624888 0.753335
190.667 0.0793107 -0.697009 7.03652
190.667 -0.485866 0.454704 7.03652
190.667 -0.313413 0.11487 7.03652
190.667 0.611955 -0.734439 0.753335
190.667 -0.366294 0.346435 0.753335
190.667 -0.338463 -0.198818 7.03652
190.667 -0.341988 -0.497486 0.753335
190.667 0.0595287 0.806451 0.753335
190.667 -0.0181146 -0.385676 0.753335
190.667 0.54422 -0.0358822 7.03652
190.667 0.00359927 -0.107155 0.753335
190.667 0.282572 0.638504 7.03652
190.667 -0.108138 0.627142 7.03652
190.667 0.106689 0.54719 0.753335
190.667 0.345078 -0.0490672 0.753335
190.667 0.746805 -0.205914 0.753335
190.667 0.796531 -0.278389 7.03652
190.667 0.834362 -0.551808 7.03652
190.667 0.11986 -0.0415083 0.753335
190.667 -0.838644 0.321839 7.03652
190.667 -0.359966 0.139356 7.03652
190.667 -0.06632 -0.393801 0.753335
190.667 -0.534967 0.545567 0.753335
190.667 -0.410468 0.138019 7.03652
190.667 -0.981701 -0.0181881 7.03652
190.667 0.58985 -0.01311 7.03652
190.667 -0.21224 0.0867231 7.03652
190.667 0.907437 0.262603 0.753335
190.667 0.515172 0.268195 0.753335
190.667 -0.526522 0.601487 7.03652
190.667 0.214111 0.569635 0.753335
190.667 -0.42327 -0.385289 0.753335
190.667 -0.722208 -0.0694068 0.753335
190.667 0.052574 -0.0992446 7.03652
190.667 -1.00823 -0.289924 7.03652
190.667 0.620023 -0.796535 7.03652
190.667 -0.910634 -0.516208 7.03652
190.667 0.00762611 0.251669 0.753335
190.667 0.569655 0.347958 0.753335
190.667 0.329597 0.235976 0.753335
190.667 -0.160522 0.340942 0.753335
190.667 0.187925 -0.205843 0.753335
190.667 0.469832 -0.153653 7.03652
190.667 -0.609733 -0.365501 7.03652
190.667 -0.802745 0.274654 0.753335
190.667 0.0252946 -0.528755 7.03652
190.667 -0.384191 0.529226 0.753335
190.667 -0.032181 0.121501 7.03652
190.667 0.435053 0.391136 7.03652
190.667 0.366168 0.620693 7.03652
190.667 -0.110101 0.333892 7.03652
190.667 0.505366 -0.759489 0.753335
190.667 -0.0507733 0.71065 7.03652
190.667 -0.161796 -0.801325 7.03652
190.667 0.00684484 0.395789 0.753335
190.667 0.599133 -0.190065 7.03652
190.667 0.410573 -0.27156 0.753335
190.667 -0.993521 -0.0747404 7.03652
190.667 -0.839134 0.431391 0.753335
190.667 0.744162 0.469543 0.753335
190.667 0.0319675 0.35536 0.753335
190.667 0.886533 -0.3312 7.03652
190.667 -0.850115 -0.517963 0.753335
190.667 0.355071 0.0516631 0.753335
190.667 -0.431091 -0.439633 0.753335
190.667 0.294954 -0.598816 7.03652
190.667 0.25404 -0.0341642 0.753335
190.667 0.280654 0.216219 0.753335
190.667 0.352892 -0.334508 0.753335
190.667 0.174783 -0.663404 0.753335
190.667 0.249642 0.347681 7.03652
190.667 0.284357 -0.701593 0.753335
190.667 -0.406834 -0.886767 0.753335
190.667 -0.0240797 -0.958584 0.753335
190.667 -0.391603 -0.520713 7.03652
190.667 0.29747 -0.501071 0.753335
190.667 -0.834554 0.155794 0.753335
190.667 0.642438 0.771594 0.753335
190.667 0.561943 -0.839455 0.753335
190.667 -0.331241 0.312963 0.753335
190.667 0.234299 0.928328 7.03652
190.667 0.39838 0.0187381 7.03652
190.667 0.344824 -0.599575 7.03652
190.667 -0.312143 0.610208 0.753335
190.667 -0.593182 -0.637766 0.753335
190.667 0.10616 0.957634 0.753335
190.667 0.425157 0.723936 0.753335
190.667 0.0451869 0.688105 0.753335
190.667 0.203556 0.993801 0.753335
190.667 -0.111335 -0.782064 7.03652
190.667 -0.264962 -0.128621 0.753335
190.667 0.451048 0.555983 0.753335
190.667 -0.149619 -0.351152 0.753335
190.667 0.933202 -0.150467 0.753335
190.667 0.207979 0.381605 0.753335
190.667 0.32403 -0.201873 0.753335
190.667 0.0445417 0.477573 0.753335
190.667 0.484478 0.414493 0.753335
190.667 0.484956 0.881217 0.753335
190.667 -0.00916559 0.665804 0.753335
190.667 -0.337764 0.258481 0.753335
190.667 -0.920518 -0.177092 0.753335
190.667 -0.285376 -0.0790186 7.03652
190.667 0.0899331 -0.233126 7.03652
190.667 -0.241897 -0.234236 7.03652
190.667 -0.118416 0.0952553 7.03652
190.667 -0.573485 -0.867168 7.03652
190.667 -0.52039 -0.432133 0.753335
190.667 -0.475534 -0.745332 7.03652
190.667 -0.177981 0.819453 0.753335
190.667 0.171752 0.0301984 0.753335
190.667 -0.970757 0.22466 0.753335
190.667 -0.779724 0.689408 7.03652
190.667 0.882478 -0.130011 0.753335
190.667 0.250714 -0.800296 0.753335
190.667 0.173584 0.0796469 0.753335
190.667 0.545752 -0.325545 0.753335
190.667 -0.220955 -0.66084 7.03652
190.667 -0.349409 0.394579 0.753335
190.667 -0.11584 -0.675438 0.753335
190.667 0.085662 0.0875295 7.03652
190.667 -0.125696 -0.309827 0.753335
190.667 0.11001 -0.415375 0.753335
190.667 0.184162 0.179576 0.753335
190.667 -0.210672 -0.58902 0.753335
190.667 0.496172 0.0526224 7.03652
190.667 -0.239305 0.793771 7.03652
190.667 0.680138 -0.486704 0.753335
190.667 0.632661 0.0238637 0.753335
190.667 0.294328 -0.762329 0.753335
190.667 -0.646446 0.811334 7.03652
190.667 0.903229 0.424283 7.03652
190.667 0.00815848 -0.429522 7.03652
190.667 -0.0993588 0.282308 0.753335
190.667 0.565386 -0.15527 0.753335
190.667 0.141329 1.00697 0.753335
190.667 -1.03451 -0.166593 0.753335
190.667 -0.585084 -0.0188891 7.03652
190.667 -0.319985 -0.242505 7.03652
190.667 -0.137371 0.244568 0.753335
190.667 0.0894952 -0.754805 7.03652
190.667 -0.634286 -0.115835 7.03652
190.667 -0.0224057 -0.159009 0.753335
190.667 -0.191499 0.649878 0.753335
190.667 0.348728 0.507313 0.753335
190.667 -0.310021 0.358098 0.753335
190.667 0.316834 0.134335 0.753335
190.667 -0.293126 -0.475407 0.753335
190.667 -0.86853 0.371738 0.753335
190.667 -0.0864644 0.0491008 7.03652
190.667 -0.694579 0.148564 0.753335
190.667 0.753325 -0.0512393 0.753335
