68.6667 -0.904785 0.310405 0.753335
68.6667 0.657188 -0.682882 0.753335
68.6667 -0.448384 -0.591726 7.03652
68.6667 -0.408791 0.822917 0.753335
68.6667 -0.261304 -0.0332001 0.753335
68.6667 -1.04555 -0.0419789 7.03652
68.6667 -0.861156 -0.388025 0.753335
68.6667 -0.426874 0.566295 0.753335
68.6667 0.00666492 0.144875 0.753335
68.6667 0.740112 -0.497973 0.753335
68.6667 0.0732556 0.393427 7.03652
68.6667 -0.0236411 0.974199 0.753335
68.6667 -0.435327 0.878134 7.03652
68.6667 -0.337833 -0.0654865 0.753335
68.6667 -0.116206 0.458077 7.03652
68.6667 0.419792 -0.170442 0.753335
68.6667 0.458914 -0.317697 7.03652
68.6667 -1.02758 -0.227094 7.03652
68.6667 -0.977994 -0.129361 0.753335
68.6667 -0.283276 0.936368 0.753335
68.6667 0.0898308 0.195674 7.03652
68.6667 -0.835229 -0.157199 7.03652
68.6667 -0.171234 0.169569 0.753335
68.6667 -0.761121 0.283674 7.03652
68.6667 0.956009 0.0915845 0.753335
68.6667 0.430799 0.91197 0.753335
68.6667 -0.19052 0.522901 7.03652
68.6667 -0.873545 -0.191157 0.753335
68.6667 -0.175562 0.215448 0.753335
68.6667 -0.704099 0.655937 0.753335
68.6667 0.065316 -0.522483 0.753335
68.6667 0.0478489 -0.185717 7.03652
68.6667 -0.0916581 -0.00548651 7.03652
68.6667 -0.139008 -0.00328881 7.03652
68.6667 -0.389067 0.949148 0.753335
68.6667 -0.573642 0.58428 0.753335
68.6667 0.0679535 -0.317515 7.03652
68.6667 -0.0664195 0.0910844 7.03652
68.6667 -0.596438 -0.758296 0.753335
68.6667 0.753111 0.256851 0.753335
68.6667 -0.352323 -0.914955 0.753335
68.6667 0.160562 -0.953845 0.753335
68.6667 -0.690333 0.482507 7.03652
68.6667 0.216896 -0.346947 0.753335
68.6667 0.624841 -0.626579 7.03652
68.6667 -0.116742 0.919209 7.03652
68.6667 0.668884 0.661782 0.753335
68.6667 -0.025053 -0.07734 7.03652
68.6667 0.732921 -0.00255662 7.03652
68.6667 0.147649 -0.734776 0.753335
68.6667 0.603182 0.30795 0.753335
68.6667 -0.61153 0.0757888 0.753335
68.6667 -0.780737 -0.261948 7.03652
68.6667 0.426384 -0.555358 7.03652
68.6667 0.0682879 0.590949 0.753335
68.6667 0.097351 0.856751 0.753335
68.6667 -0.507807 -0.31817 7.03652
68.6667 0.527514 0.741618 0.753335
68.6667 0.428398 -0.119318 0.753335
68.6667 -0.621666 0.286692 0.753335
68.6667 -0.344177 -0.656041 0.753335
68.6667 -0.33776 0.50897 7.03652
68.6667 -0.34546 0.838672 7.03652
68.6667 0.672027 -0.747461 0.753335
68.6667 -0.359442 0.203986 0.753335
68.6667 -0.452344 -0.127139 7.03652
68.6667 0.268136 -0.224259 7.03652
68.6667 0.204024 -0.397355 0.753335
68.6667 0.52105 -0.0839817 0.753335
68.6667 0.0731234 -0.141333 0.753335
68.6667 0.32012 0.858151 0.753335
68.6667 -0.305001 -0.972629 0.753335
68.6667 -0.912952 0.242145 0.753335
68.6667 -0.0283437 0.768199 7.03652
68.6667 0.0826062 0.136348 0.753335
68.6667 -0.248335 -0.618713 7.03652
68.6667 0.547503 -0.271139 0.753335
68.6667 0.41028 0.654358 0.753335
68.6667 0.266697 0.973985 0.753335
68.6667 -0.954414 0.282707 0.753335
68.6667 -0.227078 0.84503 7.03652
68.6667 0.468297 0.237623 7.03652
68.6667 -0.0319882 -0.534101 0.753335
68.6667 -0.563544 -0.451156 7.03652
68.6667 0.315276 0.0851503 0.753335
68.6667 -0.866088 -0.333223 0.753335
68.6667 0.262227 0.0128661 7.03652
68.6667 -0.480536 0.56009 7.03652
68.6667 0.78984 -0.215446 0.753335
68.6667 -0.00555823 -0.895014 0.753335
68.6667 0.330305 -0.459139 0.753335
68.6667 -0.214699 -0.0486852 0.753335
68.6667 -0.295084 0.694409 7.03652
68.6667 0.389689 0.314989 0.753335
68.6667 0.261249 -0.376133 0.753335
68.6667 0.282807 -0.452442 0.753335
68.6667 0.773051 -0.109468 7.03652
68.6667 0.19723 -0.758789 7.03652
68.6667 -0.755474 0.131097 0.753335
68.6667 0.195083 -0.702383 0.753335
68.6667 0.0423566 0.968355 7.03652
68.6667 0.708401 -0.4445 0.753335
68.6667 0.768915 -0.325571 0.753335
68.6667 -0.43853 0.220273 0.753335
68.6667 0.212388 -0.514301 0.753335
68.6667 -0.286956 -0.422108 7.03652
68.6667 -0.245046 0.0505017 7.03652
68.6667 0.647233 -0.0288186 7.03652
68.6667 0.228132 0.626738 0.753335
68.6667 -0.437583 -0.0415781 0.753335
68.6667 0.489364 -0.707284 0.753335
68.6667 -0.275112 -0.266721 7.03652
68.6667 0.000129479 0.717815 0.753335
68.6667 -0.0160014 0.300995 0.753335
68.6667 0.210458 -0.867168 0.753335
68.6667 0.330688 0.446391 0.753335
68.6667 -0.504563 0.660413 0.753335
68.6667 0.754529 0.313372 0.753335
68.6667 0.552946 -0.465125 7.03652
68.6667 -0.563745 0.646897 0.753335
68.6667 -0.0218061 -0.66908 0.753335
68.6667 0.568572 -0.610684 0.753335
68.6667 -0.161824 0.566411 0.753335
68.6667 -0.0518333 0.269903 7.03652
68.6667 -0.208837 -0.723234 7.03652
68.6667 -0.756291 -0.311993 7.03652
68.6667 -0.109325 -0.178231 0.753335
68.6667 -0.493114 0.504833 7.03652
68.6667 -0.544707 0.865911 7.03652
68.6667 -0.194836 -0.101122 0.753335
68.6667 0.598377 -0.676157 0.753335
68.6667 -0.141159 -0.0954232 0.753335
68.6667 -0.652347 0.168288 0.753335
68.6667 -0.0149055 -1.01678 7.03652
68.6667 -0.922439 -0.0125778 7.03652
68.6667 0.150547 0.253375 7.03652
68.6667 -0.0860287 0.230605 0.753335
68.6667 0.851743 0.252295 0.753335
68.6667 0.719969 0.692303 0.753335
68.6667 0.316799 0.307746 0.753335
68.6667 0.168887 -0.357117 0.753335
68.6667 -0.447372 -0.649913 7.03652
68.6667 -0.433687 0.0955366 7.03652
68.6667 -0.161084 -0.58344 7.03652
68.6667 0.0709645 0.741816 0.753335
68.6667 -0.614979 -0.424529 0.753335
68.6667 0.852487 0.517255 0.753335
68.6667 -0.998087 0.0377379 7.03652
68.6667 -0.702846 0.770929 7.03652
68.6667 0.514051 -0.187822 0.753335
68.6667 0.678088 -0.131448 7.03652
68.6667 -0.0899121 0.138095 0.753335
68.6667 -0.468215 -0.080791 0.753335
68.6667 0.269124 0.579682 0.753335
68.6667 0.552241 -0.218653 7.03652
68.6667 -0.01592 0.352502 0.753335
68.6667 -0.104385 -0.131546 7.03652
68.6667 0.374433 0.931787 7.03652
68.6667 0.258401 0.310532 0.753335
68.6667 -0.2702 0.58649 0.753335
68.6667 -0.118821 -0.0475131 7.03652
68.6667 -0.107505 -0.590085 0.753335
68.6667 0.808448 -0.49549 7.03652
68.6667 -0.744034 0.47857 0.753335
68.6667 0.397944 -0.514738 7.03652
68.6667 0.590445 -0.430403 0.753335
68.6667 -0.0606376 0.321856 7.03652
68.6667 0.114923 -0.640301 0.753335
68.6667 -0.055471 -0.11387 7.03652
68.6667 0.547551 0.00654719 0.753335
68.6667 0.69957 -0.0481589 0.753335
68.6667 0.246637 -0.684677 7.03652
68.6667 0.210547 0.440566 0.753335
68.6667 -0.92732 0.104467 0.753335
68.6667 -0.545256 -0.155262 7.03652
68.6667 -0.137749 0.86586 0.753335
68.6667 0.0732835 -0.269497 0.753335
68.6667 0.317092 -0.958733 0.753335
68.6667 -0.979713 -0.190359 7.03652
68.6667 -0.260536 -0.731727 0.753335
68.6667 0.632353 0.428117 7.03652
68.6667 -0.669227 -0.0749897 0.753335
68.6667 0.00914882 0.200305 0.753335
68.6667 -0.680505 0.541467 0.753335
68.6667 -0.976919 0.377033 7.03652
68.6667 -0.505649 0.802002 7.03652
68.6667 -0.473862 0.0630772 7.03652
68.6667 -0.829321 0.548013 7.03652
68.6667 0.0794809 1.01667 7.03652
68.6667 -0.635959 0.218169 0.753335
68.6667 -0.552113 -0.795904 0.753335
68.6667 0.680308 0.0103758 0.753335
68.6667 -0.328714 -0.287433 0.753335
68.6667 0.0293429 -0.0486407 0.753335
68.6667 -0.585929 0.753905 0.753335
68.6667 0.750521 0.0939006 0.753335
68.6667 -0.486609 -0.0260327 7.03652
68.6667 0.644591 -0.533163 0.753335
68.6667 0.594859 -0.291466 0.753335
68.6667 -0.512563 -0.1145 7.03652
68.6667 -1.02999 0.197703 7.03652
68.6667 0.907812 -0.203924 0.753335
68.6667 0.353172 -0.376254 0.753335
68.6667 -0.167785 -0.0562443 0.753335
68.6667 -0.353311 -0.601952 7.03652
68.6667 -0.00382108 0.45135 0.753335
68.6667 0.445939 0.0879036 0.753335
68.6667 0.442324 0.283182 0.753335
68.6667 -0.403674 0.371545 0.753335
68.6667 0.457003 -0.762737 0.753335
68.6667 -0.241094 0.537855 0.753335
68.6667 -0.163562 0.481377 0.753335
68.6667 0.589198 0.465153 0.753335
68.6667 -0.811489 0.223173 7.03652
68.6667 0.0367874 0.000410711 7.03652
68.6667 0.533863 0.854016 7.03652
68.6667 -0.29052 -0.16098 0.753335
68.6667 -0.456176 0.171753 0.753335
68.6667 0.093939 0.499522 0.753335
68.6667 -0.033864 0.494853 0.753335
68.6667 -0.542036 0.699983 0.753335
68.6667 0.664209 0.0702493 7.03652
68.6667 0.85806 -0.167061 0.753335
68.6667 -0.704601 -0.606279 7.03652
68.6667 -0.492551 -0.470286 0.753335
68.6667 0.148819 0.705754 0.753335
68.6667 0.360737 0.151526 7.03652
68.6667 0.564053 -0.380988 0.753335
68.6667 0.696804 0.172225 0.753335
68.6667 -0.191955 -0.629779 0.753335
68.6667 -0.737146 0.534366 0.753335
68.6667 0.0683742 -0.638841 0.753335
68.6667 -0.454485 -0.251642 0.753335
68.6667 -0.362599 -0.0112924 0.753335
68.6667 -0.40928 -0.750776 0.753335
68.6667 -0.889704 0.0497232 0.753335
68.6667 -0.60372 -0.532059 7.03652
68.6667 -0.597868 -0.58535 7.03652
68.6667 0.369606 0.754553 7.03652
68.6667 -0.226347 0.229219 7.03652
68.6667 0.117372 -0.310858 0.753335
68.6667 -0.470555 0.61419 0.753335
68.6667 -0.133145 1.01628 7.03652
68.6667 0.65602 0.546008 0.753335
68.6667 0.126446 0.394726 0.753335
68.6667 -1.04412 -0.10339 0.753335
68.6667 0.743879 -0.402296 0.753335
68.6667 0.681604 0.455311 7.03652
68.6667 -0.901248 -0.127679 0.753335
68.6667 0.545561 -0.555351 0.753335
68.6667 -0.291298 0.295301 7.03652
68.6667 -0.80934 0.387475 0.753335
68.6667 0.300038 -0.072384 0.753335
68.6667 -0.875704 -0.281128 7.03652
68.6667 -0.462368 -0.299927 7.03652
68.6667 0.475217 -0.103449 0.753335
68.6667 0.229027 0.777977 0.753335
68.6667 0.397531 0.263773 7.03652
68.6667 0.872058 0.462391 0.753335
68.6667 -0.343172 -0.147227 0.753335
68.6667 0.603643 -0.567383 7.03652
68.6667 0.420225 -0.806928 7.03652
68.6667 -0.219716 0.179594 0.753335
68.6667 -0.124394 0.378657 7.03652
68.6667 0.00527406 0.817587 7.03652
68.6667 0.137853 0.208605 0.753335
68.6667 0.39332 -0.0824518 0.753335
68.6667 0.434346 -0.652427 7.03652
68.6667 -0.15554 -0.186339 0.753335
68.6667 -0.649453 0.115045 0.753335
68.6667 -0.269371 -0.8508 7.03652
68.6667 -0.359666 -0.723206 0.753335
68.6667 0.172255 -0.260564 0.753335
68.6667 -0.400089 -0.624016 7.03652
68.6667 -0.589428 0.236389 0.753335
68.6667 -0.33501 0.910624 7.03652
68.6667 0.919525 0.156853 0.753335
68.6667 0.171078 0.140743 7.03652
68.6667 -0.171244 0.715454 7.03652
68.6667 -0.351309 -0.547562 0.753335
68.6667 -0.7008 -0.0290067 0.753335
68.6667 -0.442399 0.414222 7.03652
68.6667 -0.243384 0.683057 7.03652
68.6667 0.401997 0.175688 0.753335
68.6667 0.742248 -0.156622 7.03652
68.6667 -0.721209 -0.16788 0.753335
68.6667 0.65997 0.599781 0.753335
68.6667 -0.0796821 0.183878 7.03652
68.6667 0.392198 0.370162 0.753335
68.6667 0.8014 0.108398 7.03652
68.6667 0.176114 -0.604844 0.753335
68.6667 -0.805538 -0.481182 0.753335
68.6667 0.455192 0.182616 7.03652
68.6667 -0.202519 -0.367795 0.753335
68.6667 -0.98665 -0.340404 7.03652
68.6667 -0.825294 -0.428331 7.03652
68.6667 -0.640153 0.750665 0.753335
68.6667 0.494819 -0.0431209 7.03652
68.6667 0.58102 0.0488017 0.753335
68.6667 -0.284904 0.485352 0.753335
68.6667 -0.839331 -0.620893 0.753335
68.6667 0.620952 0.369226 7.03652
68.6667 0.0551024 0.26856 0.753335
68.6667 0.498903 0.584155 0.753335
68.6667 -0.26621 0.198201 0.753335
68.6667 0.0990597 0.351499 0.753335
68.6667 -0.329456 0.0260078 7.03652
68.6667 0.370386 -0.703358 7.03652
68.6667 0.208324 -0.0450673 0.753335
68.6667 0.554943 0.108891 0.753335
68.6667 -0.41394 -0.220401 0.753335
68.6667 -0.94286 -0.462159 7.03652
68.6667 0.171529 0.780083 0.753335
68.6667 0.638793 0.4905 0.753335
68.6667 -0.376615 -0.411369 0.753335
68.6667 0.334733 0.650654 0.753335
68.6667 -0.377964 -0.188248 0.753335
68.6667 -0.140285 0.666254 0.753335
68.6667 -0.362464 -0.971417 0.753335
68.6667 -0.792337 0.506987 7.03652
68.6667 0.0999269 0.248113 0.753335
68.6667 -0.534805 -0.0120701 0.753335
68.6667 -0.240515 -0.179699 0.753335
68.6667 0.0764743 0.641773 0.753335
68.6667 -0.256765 0.327396 0.753335
68.6667 -0.372456 -0.305269 0.753335
68.6667 0.904119 -0.261626 7.03652
68.6667 -0.91983 0.4874 0.753335
68.6667 -0.599519 0.179241 7.03652
68.6667 -0.297259 -0.52733 0.753335
68.6667 -0.316756 -0.813232 0.753335
68.6667 0.229982 0.196573 0.753335
68.6667 0.716315 -0.701912 0.753335
68.6667 -0.00643654 -0.487239 7.03652
68.6667 -0.665471 -0.251124 0.753335
68.6667 0.59659 0.526703 0.753335
68.6667 -0.566076 0.805768 0.753335
68.6667 0.802413 0.224021 0.753335
68.6667 0.26742 0.110425 0.753335
68.6667 0.0397247 0.109502 0.753335
68.6667 -0.663333 0.260877 7.03652
68.6667 -0.462649 0.0134583 7.03652
68.6667 0.117255 -0.0806933 7.03652
68.6667 0.240065 -0.136621 0.753335
68.6667 -0.371029 0.612531 0.753335
68.6667 -0.388765 0.2437 7.03652
68.6667 -0.26349 -0.791145 0.753335
68.6667 0.772932 -0.546441 0.753335
68.6667 -0.201762 -0.478695 7.03652
68.6667 0.0484066 0.167863 0.753335
68.6667 -0.229778 -0.288216 7.03652
68.6667 -0.663492 0.0623274 0.753335
68.6667 0.220842 0.101109 7.03652
68.6667 0.460445 0.136442 0.753335
68.6667 -0.333862 -0.444685 7.03652
68.6667 0.209458 0.82928 7.03652
68.6667 0.147382 0.344368 7.03652
68.6667 0.0950255 0.43956 0.753335
68.6667 -0.305716 -0.114448 7.03652
68.6667 -0.78941 0.44348 0.753335
68.6667 0.804041 0.165602 0.753335
68.6667 -0.26722 0.995141 0.753335
68.6667 -0.0569035 0.449435 0.753335
68.6667 0.0401756 0.863178 0.753335
68.6667 0.254287 0.7283 0.753335
68.6667 0.166054 -0.496652 0.753335
68.6667 0.361511 0.557272 0.753335
68.6667 -0.752651 0.378973 0.753335
68.6667 0.604806 -0.0627271 0.753335
68.6667 0.434796 0.446094 7.03652
68.6667 -0.890344 -0.058039 0.753335
68.6667 0.788257 -0.0106263 0.753335
68.6667 -0.42138 0.32257 0.753335
68.6667 -0.0573821 -0.578189 0.753335
68.6667 0.102648 -0.938481 7.03652
68.6667 -0.146825 0.290839 7.03652
68.6667 -0.541856 0.490786 0.753335
68.6667 -0.276639 0.75209 7.03652
68.6667 -0.705578 -0.36547 0.753335
68.6667 0.473704 -0.413675 0.753335
68.6667 -0.376403 0.558013 0.753335
68.6667 0.246913 -0.740194 0.753335
68.6667 -0.0356139 0.404666 7.03652
68.6667 0.40461 -0.367552 0.753335
68.6667 -0.645606 -0.294617 7.03652
68.6667 -0.259927 0.441532 7.03652
68.6667 -0.190418 -0.254865 0.753335
68.6667 -0.588924 0.470132 0.753335
68.6667 0.217517 0.284896 7.03652
68.6667 -0.146782 -0.445295 0.753335
68.6667 -0.772552 -0.416027 7.03652
68.6667 -0.305249 -0.580178 0.753335
68.6667 -0.0529426 0.924252 0.753335
68.6667 -0.0524716 0.819492 7.03652
68.6667 -0.501572 0.349395 7.03652
68.6667 0.569478 0.679498 0.753335
68.6667 -0.0776547 0.872004 7.03652
68.6667 0.699643 0.509724 0.753335
68.6667 -0.937574 -0.0833807 0.753335
68.6667 -0.443435 0.514574 0.753335
68.6667 0.457382 -0.264785 7.03652
68.6667 -0.374714 -0.839445 7.03652
68.6667 0.615491 -0.118742 0.753335
68.6667 -0.765252 -0.711515 7.03652
68.6667 0.0378476 -0.964166 7.03652
68.6667 -0.643628 -0.611553 7.03652
68.6667 0.657255 -0.0828631 7.03652
68.6667 -0.390305 0.42034 7.03652
68.6667 -1.04745 0.0804605 0.753335
68.6667 -0.0869954 -0.535937 0.753335
68.6667 -0.420606 0.619812 0.753335
68.6667 0.536494 0.444816 0.753335
68.6667 0.214862 -0.29617 0.753335
68.6667 -0.732503 0.424716 0.753335
68.6667 0.357136 -0.790467 0.753335
68.6667 -0.587729 0.352987 7.03652
68.6667 0.153542 0.839301 0.753335
68.6667 -0.200516 0.308672 7.03652
68.6667 -0.755243 0.227946 0.753335
68.6667 0.0923144 -0.817805 0.753335
68.6667 -0.749101 -0.00925295 0.753335
68.6667 -0.899016 0.427405 0.753335
68.6667 0.515269 0.689516 0.753335
68.6667 -0.0119308 -0.0279571 0.753335
68.6667 -0.469837 -0.91677 7.03652
68.6667 -0.278588 0.249263 0.753335
68.6667 0.025051 0.637259 7.03652
68.6667 -0.721199 -0.262487 7.03652
68.6667 -0.238406 0.278107 0.753335
68.6667 -0.342388 0.667092 7.03652
68.6667 0.0479948 -0.91027 7.03652
68.6667 0.128475 0.0651232 7.03652
68.6667 -0.554511 -0.344996 7.03652
68.6667 -0.971896 -0.399107 7.03652
68.6667 0.824033 -0.332387 0.753335
68.6667 0.0420065 0.431587 0.753335
68.6667 0.307246 -0.353923 0.753335
68.6667 0.50283 -0.243321 7.03652
68.6667 -0.634101 0.444247 7.03652
68.6667 -0.419839 -0.327606 0.753335
68.6667 0.701831 0.284329 7.03652
68.6667 -0.188417 0.0404043 7.03652
68.6667 0.326133 0.18517 0.753335
68.6667 -0.291773 0.868927 0.753335
68.6667 -0.311308 -0.698755 0.753335
68.6667 0.312003 -0.829055 0.753335
68.6667 -0.942308 0.0447433 0.753335
68.6667 0.960679 0.249031 7.03652
68.6667 0.47565 0.806603 7.03652
68.6667 0.126318 0.0203764 0.753335
68.6667 0.90849 0.218099 0.753335
68.6667 -0.481449 0.722508 7.03652
68.6667 0.272277 -0.91215 7.03652
68.6667 -0.962824 -0.247588 0.753335
68.6667 0.285623 0.269699 0.753335
68.6667 -0.37676 -0.358765 0.753335
68.6667 -0.239497 0.896932 0.753335
68.6667 0.280069 -0.641885 7.03652
68.6667 0.496994 -0.814919 7.03652
68.6667 0.15124 -0.168134 0.753335
68.6667 0.0531693 0.536264 0.753335
68.6667 -0.116917 -0.392927 0.753335
68.6667 -0.0464946 0.00616418 7.03652
68.6667 -0.865759 -0.000885043 0.753335
68.6667 -0.587706 0.526938 7.03652
68.6667 0.999069 0.0506281 7.03652
68.6667 -0.451166 0.780646 7.03652
68.6667 -0.267308 0.100117 0.753335
68.6667 -0.183559 -0.00813007 0.753335
68.6667 -0.92352 0.362419 0.753335
68.6667 -0.240982 -0.338013 7.03652
68.6667 -0.715209 -0.423343 0.753335
68.6667 0.126191 -0.691354 7.03652
68.6667 -0.533062 0.440299 7.03652
68.6667 0.945572 -0.315429 7.03652
68.6667 -0.283234 -0.367612 7.03652
68.6667 0.0766213 -0.0496778 7.03652
68.6667 0.723986 -0.352751 0.753335
68.6667 -0.551219 -0.290222 7.03652
68.6667 -0.222952 0.407802 0.753335
68.6667 0.595057 0.141933 0.753335
68.6667 0.512225 -0.602367 0.753335
68.6667 -0.112536 -0.729436 0.753335
68.6667 -0.15572 -0.139574 0.753335
68.6667 0.336888 0.395941 0.753335
68.6667 0.857396 0.193436 0.753335
68.6667 -0.322122 0.45203 0.753335
68.6667 0.162068 0.566251 7.03652
68.6667 -0.679916 0.710194 7.03652
68.6667 -0.549804 0.130852 0.753335
68.6667 -0.563371 -0.0593791 0.753335
68.6667 0.168756 -0.00849766 7.03652
68.6667 0.678212 0.734955 0.753335
68.6667 -0.787467 0.174744 0.753335
68.6667 0.800885 -0.603 0.753335
68.6667 -0.954941 0.43464 7.03652
68.6667 0.923188 -0.0247176 7.03652
68.6667 -0.279934 0.0135771 0.753335
68.6667 0.120935 0.296217 7.03652
68.6667 -0.126153 0.188859 7.03652
68.6667 0.0767727 0.310796 0.753335
68.6667 0.825227 0.415115 7.03652
68.6667 -0.387988 0.773631 0.753335
68.6667 -0.214163 0.354951 0.753335
68.6667 -0.628632 -0.210371 7.03652
68.6667 0.114595 0.799416 0.753335
68.6667 0.272042 0.061706 0.753335
68.6667 -0.640459 -0.0304043 0.753335
68.6667 -0.495773 0.20616 7.03652
68.6667 -0.721001 -0.55307 0.753335
68.6667 -0.329443 -0.339856 0.753335
68.6667 0.373519 -0.944642 0.753335
68.6667 -0.661918 -0.559789 7.03652
68.6667 -0.144535 -0.232919 0.753335
68.6667 -0.755994 0.637283 7.03652
68.6667 0.326775 -0.154655 0.753335
68.6667 0.604217 -0.241789 0.753335
68.6667 -0.140449 -0.63358 7.03652
68.6667 -0.228671 0.0051775 0.753335
68.6667 -0.584587 0.41484 7.03652
68.6667 -0.327983 0.734347 0.753335
68.6667 -0.0613428 -0.916376 0.753335
68.6667 -0.738667 -0.653293 7.03652
68.6667 -0.401062 -0.567433 7.03652
68.6667 -0.769517 -0.527987 0.753335
68.6667 0.158762 -0.898024 0.753335
68.6667 -0.0336466 0.177658 0.753335
68.6667 -0.863591 0.264735 7.03652
68.6667 0.771745 0.426785 0.753335
68.6667 -0.108975 0.819215 7.03652
68.6667 -0.295343 0.0628886 0.753335
68.6667 0.146675 0.519127 7.03652
68.6667 0.0986413 -0.556807 0.753335
68.6667 0.223574 0.053935 7.03652
68.6667 -0.79102 0.334617 7.03652
68.6667 0.0565734 -0.418257 0.753335
68.6667 -0.00864409 -0.778467 7.03652
68.6667 0.367613 0.216475 0.753335
68.6667 0.130504 0.652333 7.03652
68.6667 0.171267 0.946534 0.753335
68.6667 0.399472 0.0704302 0.753335
68.6667 0.370601 -0.843961 0.753335
68.6667 -0.156585 -0.494642 0.753335
68.6667 -0.159864 0.956784 0.753335
68.6667 -0.840484 -0.242662 0.753335
68.6667 -0.323366 0.168116 0.753335
68.6667 -0.384299 0.0967149 7.03652
68.6667 0.988207 0.135158 0.753335
68.6667 0.425638 0.775807 7.03652
68.6667 -0.891166 0.147074 7.03652
68.6667 -0.298803 0.408579 0.753335
68.6667 0.504187 0.200025 0.753335
68.6667 0.71407 0.0526811 7.03652
68.6667 0.214601 0.0050622 0.753335
68.6667 0.549284 0.561298 0.753335
68.6667 0.418828 -0.415315 0.753335
68.6667 -0.613182 0.621689 0.753335
68.6667 0.136445 -0.454187 0.753335
68.6667 -0.832022 0.051359 0.753335
68.6667 0.808208 0.476037 0.753335
68.6667 -0.515475 0.0897755 0.753335
68.6667 0.386774 -0.466773 0.753335
68.6667 -0.661855 -0.399779 7.03652
68.6667 0.232134 0.400775 7.03652
68.6667 0.339013 -0.105137 0.753335
68.6667 -0.229064 -0.890414 7.03652
68.6667 0.518562 -0.508074 7.03652
68.6667 -0.806641 0.104917 0.753335
68.6667 -0.574687 0.287733 7.03652
68.6667 -0.397507 0.668397 0.753335
68.6667 -0.164744 -0.863387 7.03652
68.6667 0.992463 -0.0715078 7.03652
68.6667 0.649724 0.221797 7.03652
68.6667 0.0428599 -0.477957 0.753335
68.6667 0.517966 -0.136882 0.753335
68.6667 -0.117064 -0.903154 7.03652
68.6667 -0.381206 0.294837 7.03652
68.6667 0.170603 0.297246 0.753335
68.6667 0.0259194 -0.377657 0.753335
68.6667 -0.680639 0.315298 7.03652
68.6667 -0.0464171 -0.208264 0.753335
68.6667 0.648827 0.272498 0.753335
68.6667 -0.266492 -0.674297 0.753335
68.6667 -0.507633 0.156672 0.753335
68.6667 -0.667444 -0.80366 0.753335
68.6667 0.0449216 -0.852641 0.753335
68.6667 0.621047 -0.478881 7.03652
68.6667 0.241743 -0.598274 0.753335
68.6667 -0.563599 -0.397293 7.03652
68.6667 0.152667 -0.546176 0.753335
68.6667 -0.0943404 -0.43999 0.753335
68.6667 -0.231748 0.487935 0.753335
68.6667 -0.599683 0.12913 0.753335
68.6667 0.649507 0.121847 0.753335
68.6667 -0.310426 -0.755544 7.03652
68.6667 0.365266 -0.421299 7.03652
68.6667 -0.47356 -0.207926 0.753335
68.6667 -0.77908 -0.161064 0.753335
68.6667 -0.456149 -0.85599 7.03652
68.6667 0.695082 -0.638626 7.03652
68.6667 -0.746183 -0.11876 7.03652
68.6667 -0.0646256 0.638873 7.03652
68.6667 0.759046 -0.655761 0.753335
68.6667 0.722216 0.559372 0.753335
68.6667 -0.193841 -1.00564 0.753335
68.6667 -0.579363 -0.197739 7.03652
68.6667 0.86287 0.375549 0.753335
68.6667 -0.367445 -0.243683 0.753335
68.6667 -0.0943655 -0.22129 0.753335
68.6667 0.0214126 0.57816 0.753335
68.6667 -0.61142 -0.0742899 7.03652
68.6667 0.0724629 -0.364676 0.753335
68.6667 -0.780709 0.0364959 0.753335
68.6667 -0.0805839 -0.636943 0.753335
68.6667 0.439004 -0.462275 0.753335
68.6667 -0.562619 0.0799418 0.753335
68.6667 0.12574 0.161742 0.753335
68.6667 0.656123 -0.336823 7.03652
68.6667 0.361641 0.102662 0.753335
68.6667 0.122703 -0.264315 7.03652
68.6667 0.412231 0.580859 0.753335
68.6667 -0.544231 0.32643 7.03652
68.6667 0.196107 -0.153833 0.753335
68.6667 -0.152078 0.426874 0.753335
68.6667 0.750612 0.200628 0.753335
68.6667 0.449598 -0.014636 7.03652
68.6667 0.546864 0.500861 0.753335
68.6667 -0.194622 -0.532375 0.753335
68.6667 0.471149 0.74058 0.753335
68.6667 -0.639274 0.501018 0.753335
68.6667 -0.973044 0.153924 0.753335
68.6667 0.123912 0.748989 7.03652
68.6667 0.0298178 0.0607193 7.03652
68.6667 -0.000585098 0.0250026 0.753335
68.6667 -0.131804 0.519959 0.753335
68.6667 0.02604 -0.141046 0.753335
68.6667 0.195529 0.237906 0.753335
68.6667 0.235948 0.679483 7.03652
68.6667 -0.0608502 -0.75125 0.753335
68.6667 0.0108248 1.02292 7.03652
68.6667 0.454803 -0.60177 7.03652
68.6667 -0.493652 0.404335 7.03652
68.6667 -0.284041 -0.314557 0.753335
68.6667 0.254936 -0.546327 0.753335
68.6667 -0.73145 0.180787 0.753335
68.6667 0.383873 0.815355 0.753335
68.6667 0.369545 -0.182514 0.753335
68.6667 0.718339 -0.10179 0.753335
68.6667 -0.0616513 -0.164897 7.03652
68.6667 0.624139 -0.387701 7.03652
68.6667 0.671582 0.38688 7.03652
68.6667 -0.510661 -0.375731 0.753335
68.6667 0.0989179 -0.87936 7.03652
68.6667 -0.809732 -0.00692313 0.753335
68.6667 -0.757031 0.079572 0.753335
68.6667 0.154191 -0.406445 0.753335
68.6667 0.647618 -0.280948 7.03652
68.6667 0.11405 -0.504498 0.753335
68.6667 -0.878134 -0.571657 0.753335
68.6667 -0.333449 0.975921 7.03652
68.6667 0.118154 -0.127869 0.753335
68.6667 0.597052 0.200358 0.753335
68.6667 -0.375414 0.716601 7.03652
68.6667 -0.285047 0.814337 7.03652
68.6667 0.444312 0.497009 7.03652
68.6667 0.0504049 0.222248 0.753335
68.6667 0.322307 0.594447 0.753335
68.6667 -0.313383 -0.0240964 0.753335
68.6667 -0.0314834 -0.34751 7.03652
68.6667 0.378996 -0.133077 0.753335
68.6667 0.196716 0.729295 7.03652
68.6667 0.700009 -0.305472 7.03652
68.6667 -0.0126556 -0.723278 7.03652
68.6667 -0.411365 -0.0010158 7.03652
68.6667 -0.803817 -0.207754 7.03652
68.6667 -0.0872858 0.494308 7.03652
68.6667 -0.454298 0.362019 0.753335
68.6667 0.706637 -0.548506 0.753335
68.6667 -0.690734 -0.209089 0.753335
68.6667 0.220193 -0.245256 0.753335
68.6667 0.012472 0.50752 7.03652
68.6667 0.0705473 0.912723 7.03652
68.6667 0.30992 -0.303476 0.753335
68.6667 -0.290027 0.534244 0.753335
68.6667 0.643386 0.171363 0.753335
68.6667 -0.49492 -0.629671 7.03652
68.6667 0.533017 0.0591554 7.03652
68.6667 0.665316 -0.588858 7.03652
68.6667 -0.504819 -0.25951 0.753335
68.6667 0.554086 0.287292 0.753335
68.6667 -0.750593 -0.468063 7.03652
68.6667 0.451497 0.617475 0.753335
68.6667 0.897484 -0.433814 7.03652
68.6667 0.804025 0.352482 0.753335
68.6667 -0.451822 0.6733 7.03652
68.6667 -0.198292 1.00881 0.753335
68.6667 0.4565 -0.366824 0.753335
68.6667 0.432543 0.846167 0.753335
68.6667 -0.522518 -0.202675 0.753335
68.6667 -0.517646 -0.842188 7.03652
68.6667 0.507691 -0.362168 7.03652
68.6667 -0.465793 -0.355211 7.03652
68.6667 0.120224 0.601002 0.753335
68.6667 -0.190404 -0.317475 0.753335
68.6667 0.612324 0.639949 0.753335
68.6667 -0.341426 0.0795463 0.753335
68.6667 0.936136 -0.0827953 0.753335
68.6667 0.530881 0.795636 7.03652
68.6667 -0.781447 0.579542 0.753335
68.6667 -0.422774 0.0480916 0.753335
68.6667 -0.500144 -0.519584 0.753335
68.6667 0.625654 0.70263 7.03652
68.6667 -0.644292 0.665685 7.03652
68.6667 0.038881 -0.740041 0.753335
68.6667 -0.705444 0.0914713 7.03652
68.6667 -0.363987 -0.782356 0.753335
68.6667 -0.262436 0.377226 0.753335
68.6667 -0.874278 -0.462477 7.03652
68.6667 -0.415435 -0.0924288 7.03652
68.6667 0.847103 0.0816912 7.03652
68.6667 -0.383571 -0.465899 7.03652
68.6667 -0.164417 -0.688752 0.753335
68.6667 -0.566326 0.0313152 0.753335
68.6667 0.200476 0.336345 0.753335
68.6667 -0.387067 -0.0527527 0.753335
68.6667 -0.232352 0.133582 0.753335
68.6667 -0.112429 0.5678 7.03652
68.6667 -0.755885 -0.365028 7.03652
68.6667 -0.169587 0.617511 0.753335
68.6667 0.291089 0.766532 0.753335
68.6667 0.216787 -0.926622 0.753335
68.6667 -0.381099 0.881396 7.03652
68.6667 0.276348 -0.172873 7.03652
68.6667 0.208647 -0.994338 0.753335
68.6667 0.701642 0.22824 7.03652
68.6667 0.849625 -0.27779 0.753335
68.6667 0.374202 0.874315 7.03652
68.6667 0.499066 0.0054789 0.753335
68.6667 -0.925458 0.186179 0.753335
68.6667 -0.547503 -0.607705 0.753335
68.6667 -0.164307 -0.399327 0.753335
68.6667 0.244989 -0.421401 7.03652
68.6667 -0.798531 -0.104914 7.03652
68.6667 -0.933502 -0.297619 7.03652
68.6667 -0.322678 -0.870555 0.753335
68.6667 -0.748142 -0.21572 0.753335
68.6667 -0.185958 0.261634 0.753335
68.6667 0.0204674 -0.627819 7.03652
68.6667 -0.10808 -0.487604 7.03652
68.6667 -0.81487 -0.30365 0.753335
68.6667 -0.613758 -0.818475 7.03652
68.6667 -0.514599 0.0337604 0.753335
68.6667 -0.0921192 0.414036 0.753335
68.6667 0.45751 -0.508491 0.753335
68.6667 -0.620015 0.0247688 0.753335
68.6667 0.166891 -0.309145 0.753335
68.6667 0.303413 -0.0241528 7.03652
68.6667 -0.708345 -0.497615 7.03652
68.6667 0.705758 0.342805 0.753335
68.6667 -0.628963 0.562488 7.03652
68.6667 0.120817 -0.358344 0.753335
68.6667 -0.567641 -0.708952 7.03652
68.6667 0.324902 0.959617 0.753335
68.6667 -0.550454 -0.498553 0.753335
68.6667 0.174046 0.616761 7.03652
68.6667 -0.402008 0.186655 0.753335
68.6667 0.503658 -0.301324 7.03652
68.6667 0.331468 0.801508 0.753335
68.6667 -0.468461 -0.414702 7.03652
68.6667 -0.0679183 -0.307846 0.753335
68.6667 -0.818241 0.636118 0.753335
68.6667 -0.474033 0.306179 7.03652
68.6667 0.128083 0.1126 7.03652
68.6667 0.409787 0.126187 0.753335
68.6667 -0.656745 -0.167521 0.753335
68.6667 -0.154886 -0.285973 0.753335
68.6667 0.310817 -0.544531 0.753335
68.6667 0.832081 -0.435877 0.753335
68.6667 -0.65391 -0.345252 0.753335
68.6667 0.287957 -0.122201 7.03652
68.6667 -0.133858 -1.01986 0.753335
68.6667 0.0936854 0.693559 0.753335
68.6667 0.655034 0.32599 0.753335
68.6667 0.251679 -0.0844624 0.753335
68.6667 0.0835879 -0.00360602 0.753335
68.6667 -0.633668 0.388371 0.753335
68.6667 0.542871 -0.659948 0.753335
68.6667 -0.539785 0.233753 0.753335
68.6667 0.85424 0.319407 0.753335
68.6667 -0.597922 -0.313795 7.03652
68.6667 0.485701 -0.553307 7.03652
68.6667 0.814435 -0.0580759 0.753335
68.6667 0.692042 -0.247542 7.03652
68.6667 -0.0613581 1.02369 7.03652
68.6667 -0.503726 0.903493 0.753335
68.6667 -0.543787 0.384588 0.753335
68.6667 0.602192 -0.340207 0.753335
68.6667 0.693633 -0.182538 0.753335
68.6667 -0.071461 -1.02277 7.03652
68.6667 0.504929 0.63741 7.03652
68.6667 -0.242283 -0.0872801 0.753335
68.6667 0.431885 -0.705425 0.753335
68.6667 0.827816 -0.111558 0.753335
68.6667 -0.136097 0.0420573 7.03652
68.6667 -0.863392 0.0992972 0.753335
68.6667 0.920344 0.35827 0.753335
68.6667 -0.449777 -0.535821 0.753335
68.6667 0.2715 0.443434 7.03652
68.6667 0.770802 0.0451027 7.03652
68.6667 0.00297166 -0.57911 0.753335
68.6667 0.753406 0.372351 0.753335
68.6667 0.206314 -0.0969378 7.03652
68.6667 0.0735826 0.0414159 0.753335
68.6667 -0.185314 0.124864 0.753335
68.6667 -0.276998 0.152133 0.753335
68.6667 0.870595 -0.489531 7.03652
68.6667 -0.211955 -0.777091 7.03652
68.6667 0.0436928 -1.02568 7.03652
68.6667 -0.498531 -0.573235 0.753335
68.6667 0.603502 0.58201 0.753335
68.6667 0.133379 0.467792 0.753335
68.6667 -0.255937 -1.00152 7.03652
68.6667 0.027118 0.311435 7.03652
68.6667 -0.483149 -0.798348 0.753335
68.6667 0.56657 -0.77922 7.03652
68.6667 0.579878 0.408648 0.753335
68.6667 -0.197167 -0.203804 7.03652
68.6667 0.204606 0.528221 7.03652
68.6667 0.311871 -0.253397 0.753335
68.6667 -0.37613 0.0418234 7.03652
68.6667 0.14744 -1.01284 7.03652
68.6667 0.351867 0.275978 0.753335
68.6667 0.399956 0.522749 7.03652
68.6667 0.295415 0.352212 7.03652
68.6667 -0.363656 -0.103781 0.753335
68.6667 0.962764 -0.254417 0.753335
68.6667 -0.06061 -0.0448902 0.753335
68.6667 0.859311 0.139262 0.753335
68.6667 -0.0591481 -0.862108 0.753335
68.6667 -0.111424 -0.842906 0.753335
68.6667 0.161176 0.427619 0.753335
68.6667 -0.18233 0.896644 0.753335
68.6667 0.164418 -0.0631748 0.753335
68.6667 0.494346 -0.461873 0.753335
68.6667 0.774219 0.594129 7.03652
68.6667 0.459719 0.679129 0.753335
68.6667 -0.602803 0.848764 7.03652
68.6667 0.183773 0.482348 0.753335
68.6667 0.765287 0.650399 0.753335
68.6667 -0.721377 0.588978 0.753335
68.6667 0.511661 0.148203 0.753335
68.6667 -0.554697 -0.241275 7.03652
68.6667 -0.655899 -0.508053 7.03652
68.6667 -0.775786 -0.0555252 0.753335
68.6667 -0.520991 0.280202 0.753335
68.6667 -0.516697 -0.0664694 7.03652
68.6667 0.263069 -0.977437 7.03652
68.6667 0.239719 0.483291 0.753335
68.6667 0.436786 0.0318957 0.753335
68.6667 0.742735 -0.271422 7.03652
68.6667 0.218963 0.148243 7.03652
68.6667 0.103247 -0.179535 7.03652
68.6667 0.31084 0.539859 0.753335
68.6667 0.362597 -0.558829 0.753335
68.6667 0.0295088 -0.682716 0.753335
68.6667 -0.176217 0.387226 0.753335
68.6667 0.358491 -0.279359 7.03652
68.6667 0.252232 0.87242 0.753335
68.6667 0.350105 -0.00809494 0.753335
68.6667 0.217617 -0.642161 0.753335
68.6667 -0.713149 0.266087 7.03652
68.6667 -0.0820948 0.765866 0.753335
68.6667 0.483615 0.308753 0.753335
68.6667 0.393157 -0.89232 0.753335
68.6667 -0.0182366 0.550024 0.753335
68.6667 -0.246874 -0.4553 7.03652
68.6667 0.400775 -0.0323957 0.753335
68.6667 0.480835 0.365488 0.753335
68.6667 -0.669025 -0.658329 0.753335
68.6667 0.36273 -0.230695 7.03652
68.6667 -0.475102 0.121184 7.03652
68.6667 0.0184754 -0.331166 0.753335
68.6667 0.27145 0.820372 7.03652
68.6667 -0.0399957 -0.443349 0.753335
68.6667 -0.408982 -0.273934 7.03652
68.6667 -0.689534 0.371767 0.753335
68.6667 -0.278896 -0.21075 7.03652
68.6667 0.189095 -0.448653 0.753335
68.6667 0.399143 -0.751398 0.753335
68.6667 -0.214287 -0.833256 0.753335
68.6667 -0.811575 -0.566495 0.753335
68.6667 -0.540536 -0.663111 7.03652
68.6667 -0.137997 0.774585 7.03652
68.6667 0.500912 0.527354 7.03652
68.6667 0.307077 -0.40677 0.753335
68.6667 -0.718006 -0.759163 0.753335
68.6667 -0.427924 0.728319 7.03652
68.6667 -0.691544 0.211342 0.753335
68.6667 -0.599919 0.696948 7.03652
68.6667 0.650545 -0.217282 0.753335
68.6667 0.556454 0.619358 0.753335
68.6667 -0.327233 0.566091 0.753335
68.6667 -0.431278 0.272313 7.03652
68.6667 0.443959 -0.0647127 0.753335
68.6667 0.0260702 -0.281329 7.03652
68.6667 0.132207 0.901873 0.753335
68.6667 0.988959 -0.0137279 0.753335
68.6667 0.263121 -0.274468 7.03652
68.6667 0.50803 -0.874413 0.753335
68.6667 0.716452 0.415919 7.03652
68.6667 0.528901 0.389364 0.753335
68.6667 0.700846 0.11565 7.03652
68.6667 -0.672237 0.0118386 7.03652
68.6667 -0.808981 -0.360785 7.03652
68.6667 0.163078 -0.11438 7.03652
68.6667 0.527148 -0.415781 7.03652
68.6667 0.55202 -0.716185 0.753335
68.6667 0.0937301 -0.998242 7.03652
68.6667 -0.766923 -0.600502 0.753335
68.6667 0.448324 -0.852773 0.753335
68.6667 -0.329683 -0.391009 7.03652
68.6667 0.233001 -0.472248 7.03652
68.6667 -0.0582679 -0.258954 0.753335
68.6667 -0.0203824 -0.297034 0.753335
68.6667 0.185614 0.668899 0.753335
68.6667 0.799324 -0.163309 7.03652
68.6667 -0.418706 -0.944726 0.753335
68.6667 -0.434787 -0.174722 0.753335
68.6667 0.382192 0.42053 7.03652
68.6667 -0.0587092 -0.488646 0.753335
68.6667 -0.0846836 -0.354351 7.03652
68.6667 -0.860124 0.596425 0.753335
68.6667 -0.278704 0.642064 0.753335
68.6667 0.0267455 0.764378 7.03652
68.6667 -0.244001 -0.51153 7.03652
68.6667 0.0581687 -0.585496 0.753335
68.6667 -0.11827 0.723124 0.753335
68.6667 -0.8009 -0.662078 7.03652
68.6667 0.324713 0.72405 7.03652
68.6667 -0.036606 0.055141 0.753335
68.6667 -0.853443 -0.105954 0.753335
68.6667 -0.739004 0.720074 7.03652
68.6667 -0.368557 0.463892 0.753335
68.6667 0.773586 -0.449492 0.753335
68.6667 0.488663 -0.653475 0.753335
68.6667 0.855051 -0.0111942 0.753335
68.6667 0.526315 0.33231 0.753335
68.6667 -0.568904 -0.109942 7.03652
68.6667 0.38173 -0.652214 0.753335
68.6667 -0.601058 -0.153042 0.753335
68.6667 -1.01748 0.262328 0.753335
68.6667 0.348656 0.345918 7.03652
68.6667 -0.146321 -0.961495 0.753335
68.6667 0.24627 0.24399 0.753335
68.6667 -0.390405 -0.679124 0.753335
68.6667 -0.550144 -0.551277 0.753335
68.6667 0.298987 0.909102 7.03652
68.6667 0.607994 0.0893897 0.753335
68.6667 0.886964 0.0355981 0.753335
68.6667 -0.200543 0.449932 7.03652
68.6667 -0.226689 0.72967 0.753335
68.6667 -0.00296535 -0.18859 0.753335
68.6667 -1.03637 0.139647 7.03652
68.6667 -0.0192372 0.870276 7.03652
68.6667 -0.242229 -0.397704 0.753335
68.6667 -0.700365 -0.309984 7.03652
68.6667 -0.994569 0.322151 7.03652
68.6667 -0.397735 -0.14133 0.753335
68.6667 0.713143 0.61807 0.753335
68.6667 -0.437823 -0.702248 7.03652
68.6667 -0.863338 0.203699 0.753335
68.6667 -0.018228 0.610795 0.753335
68.6667 -0.201891 -0.42898 0.753335
68.6667 -0.0896784 -0.0832952 7.03652
68.6667 0.56797 -0.10021 7.03652
68.6667 0.795956 -0.38428 7.03652
68.6667 0.326801 -0.890973 7.03652
68.6667 0.941562 0.0299336 0.753335
68.6667 0.291262 0.683981 0.753335
68.6667 -0.92333 -0.353084 0.753335
68.6667 -0.107346 -0.269058 7.03652
68.6667 -0.0638685 0.587713 0.753335
68.6667 0.50109 0.0999829 0.753335
68.6667 0.583443 0.74368 0.753335
68.6667 0.738 -0.597512 7.03652
68.6667 0.804492 0.287465 7.03652
68.6667 -0.160457 -0.748773 0.753335
68.6667 0.596622 0.252766 7.03652
68.6667 0.587889 0.814109 7.03652
68.6667 0.436028 0.337411 0.753335
68.6667 -0.333743 0.786864 0.753335
68.6667 -0.0864969 -0.966375 7.03652
68.6667 0.902422 0.0974555 0.753335
68.6667 -0.681015 0.425402 0.753335
68.6667 0.553494 0.172285 0.753335
68.6667 -0.0692113 0.368847 0.753335
68.6667 0.858927 -0.382668 0.753335
68.6667 0.681798 -0.387428 0.753335
68.6667 -0.911259 -0.412756 0.753335
68.6667 0.0872006 -0.459835 0.753335
68.6667 -0.211982 0.578603 0.753335
68.6667 -0.425231 0.46476 7.03652
68.6667 0.92373 -0.376834 7.03652
68.6667 0.296631 0.487208 0.753335
68.6667 -0.42338 -0.806916 0.753335
68.6667 -0.447208 0.934093 7.03652
68.6667 0.396852 -0.600337 0.753335
68.6667 0.463183 -0.209689 0.753335
68.6667 0.547889 0.228262 7.03652
68.6667 -0.283282 -0.918015 0.753335
68.6667 -0.668303 -0.454011 0.753335
68.6667 -0.0326643 -0.620264 0.753335
68.6667 -1.05101 0.0152651 0.753335
68.6667 -0.0344887 0.226245 7.03652
68.6667 -0.0118659 -0.244136 0.753335
68.6667 0.287004 0.400009 0.753335
68.6667 0.229595 -0.191658 0.753335
68.6667 0.749574 0.148119 0.753335
68.6667 0.581239 -0.512681 0.753335
68.6667 -0.60405 -0.257316 0.753335
68.6667 0.949271 0.309121 0.753335
68.6667 -0.0646937 -0.695481 0.753335
68.6667 0.261823 -0.32405 0.753335
68.6667 0.420862 0.221738 7.03652
68.6667 -0.551524 0.184745 0.753335
68.6667 -0.0681241 0.537883 0.753335
68.6667 0.190279 -0.813599 0.753335
68.6667 -0.668766 0.605022 7.03652
68.6667 -0.610079 -0.478146 7.03652
68.6667 0.125611 -0.594622 7.03652
68.6667 -0.984854 0.0972691 0.753335
68.6667 0.986521 -0.133811 0.753335
68.6667 -0.83414 -0.053954 0.753335
68.6667 0.409341 -0.317662 7.03652
68.6667 -0.0898595 0.679447 0.753335
68.6667 -0.479226 0.252492 0.753335
68.6667 -0.689843 -0.124364 0.753335
68.6667 0.971207 0.191607 0.753335
68.6667 0.0439737 -0.794381 0.753335
68.6667 -0.719325 0.0360888 7.03652
68.6667 0.846502 -0.2207 0.753335
68.6667 -0.476371 0.843879 7.03652
68.6667 0.13667 -0.218483 0.753335
68.6667 0.447807 -0.912761 0.753335
68.6667 -0.161471 0.0834911 0.753335
68.6667 0.332879 -0.742163 0.753335
68.6667 -0.00788433 0.0931419 0.753335
68.6667 -0.202861 -0.149022 7.03652
68.6667 0.342889 -0.50613 0.753335
68.6667 -0.31271 0.216558 0.753335
68.6667 -0.00678055 -0.835001 0.753335
68.6667 -0.219679 0.952529 0.753335
68.6667 -0.894477 0.540506 0.753335
68.6667 -0.624939 -0.696086 0.753335
68.6667 -0.525897 0.752633 7.03652
68.6667 0.652284 -0.435717 0.753335
68.6667 -0.525428 -0.897968 7.03652
68.6667 0.368603 0.690916 0.753335
68.6667 0.875145 -0.0608084 7.03652
68.6667 0.00939174 0.919418 0.753335
68.6667 -0.092413 0.972605 0.753335
68.6667 -0.654134 -0.745314 7.03652
68.6667 -0.298665 -0.631008 0.753335
68.6667 -0.257465 -0.562424 7.03652
68.6667 0.491221 0.474187 0.753335
68.6667 -0.730405 0.330171 0.753335
68.6667 -0.490213 -0.159128 0.753335
68.6667 -0.0590023 -0.806759 0.753335
68.6667 0.973523 -0.195981 7.03652
68.6667 0.189423 0.885357 0.753335
68.6667 -0.495086 -0.693288 7.03652
68.6667 0.387117 0.46954 0.753335
68.6667 0.258602 0.529648 0.753335
68.6667 0.310178 0.026863 7.03652
68.6667 0.327202 -0.664877 0.753335
68.6667 -0.524838 -0.745099 0.753335
68.6667 0.268454 0.159689 7.03652
68.6667 -0.188152 0.769185 0.753335
68.6667 -0.136997 -0.540893 0.753335
68.6667 0.201538 -0.562758 0.753335
68.6667 -0.135447 0.134708 0.753335
68.6667 0.032821 -0.230572 0.753335
68.6667 -0.177904 -0.917835 0.753335
68.6667 0.822493 0.0348195 7.03652
68.6667 0.775884 0.527616 0.753335
68.6667 0.144983 -0.844729 0.753335
68.6667 -0.634711 0.336603 7.03652
68.6667 0.823396 0.569723 7.03652
68.6667 -0.853298 0.490982 7.03652
68.6667 0.138247 -0.786461 0.753335
68.6667 0.637151 -0.164145 7.03652
68.6667 0.414059 -0.220059 0.753335
68.6667 -0.908565 -0.233302 0.753335
68.6667 -0.700789 -0.702568 0.753335
68.6667 -0.443614 -0.482698 7.03652
68.6667 -0.22737 -0.950624 0.753335
68.6667 0.265155 -0.855734 0.753335
68.6667 -0.227854 0.625714 0.753335
68.6667 0.0776343 -0.699038 7.03652
68.6667 -0.478597 0.45657 7.03652
68.6667 -0.316698 0.118628 7.03652
68.6667 0.61326 -0.733786 0.753335
68.6667 -0.362072 0.349484 0.753335
68.6667 -0.330209 -0.194898 7.03652
68.6667 -0.342322 -0.497599 0.753335
68.6667 0.0627885 0.806336 0.753335
68.6667 -0.0172569 -0.394455 0.753335
68.6667 0.552782 -0.043226 7.03652
68.6667 0.0166743 -0.0946479 0.753335
68.6667 0.280591 0.63161 7.03652
68.6667 -0.116011 0.618904 7.03652
68.6667 0.104732 0.550671 0.753335
68.6667 0.35068 -0.0567036 0.753335
68.6667 0.737552 -0.213682 0.753335
68.6667 0.79574 -0.271288 7.03652
68.6667 0.838296 -0.548361 7.03652
68.6667 0.126002 -0.0313168 0.753335
68.6667 -0.848081 0.326034 7.03652
68.6667 -0.365025 0.143331 7.03652
68.6667 -0.065084 -0.397986 0.753335
68.6667 -0.533316 0.546508 0.753335
68.6667 -0.416508 0.140749 7.03652
68.6667 -0.977638 -0.0163608 7.03652
68.6667 0.597478 -0.00887695 7.03652
68.6667 -0.214098 0.0840742 7.03652
68.6667 0.898586 0.283644 0.753335
68.6667 0.509315 0.263616 0.753335
68.6667 -0.522955 0.604374 7.03652
68.6667 0.216272 0.576598 0.753335
68.6667 -0.423259 -0.382658 0.753335
68.6667 -0.725039 -0.0735984 0.753335
68.6667 0.0663007 -0.095078 7.03652
68.6667 -1.00817 -0.287608 7.03652
68.6667 0.622645 -0.796227 7.03652
68.6667 -0.910509 -0.51581 7.03652
68.6667 0.00635069 0.255212 0.753335
68.6667 0.572243 0.351278 0.753335
68.6667 0.321496 0.237132 0.753335
68.6667 -0.159825 0.338974 0.753335
68.6667 0.184148 -0.208995 0.753335
68.6667 0.469042 -0.157805 7.03652
68.6667 -0.607804 -0.368646 7.03652
68.6667 -0.812229 0.278224 0.753335
68.6667 0.0202701 -0.534503 7.03652
68.6667 -0.391968 0.510124 0.753335
68.6667 -0.0408657 0.130834 7.03652
68.6667 0.436032 0.394747 7.03652
68.6667 0.374386 0.615781 7.03652
68.6667 -0.109329 0.331154 7.03652
68.6667 0.513296 -0.760485 0.753335
68.6667 -0.0544352 0.716216 7.03652
68.6667 -0.161185 -0.806119 7.03652
68.6667 0.0109292 0.394834 0.753335
68.6667 0.594463 -0.19004 7.03652
68.6667 0.408301 -0.268706 0.753335
68.6667 -0.99117 -0.0699102 7.03652
68.6667 -0.843531 0.437473 0.753335
68.6667 0.744095 0.477733 0.753335
68.6667 0.0410685 0.356118 0.753335
68.6667 0.885853 -0.326154 7.03652
68.6667 -0.847041 -0.51801 0.753335
68.6667 0.352055 0.0494934 0.753335
68.6667 -0.424574 -0.436252 0.753335
68.6667 0.29474 -0.591319 7.03652
68.6667 0.255271 -0.0358028 0.753335
68.6667 0.28129 0.206734 0.753335
68.6667 0.358709 -0.327772 0.753335
68.6667 0.166997 -0.657043 0.753335
68.6667 0.243957 0.356519 7.03652
68.6667 0.294534 -0.707259 0.753335
68.6667 -0.40595 -0.884949 0.753335
68.6667 -0.019933 -0.957091 0.753335
68.6667 -0.398706 -0.514669 7.03652
68.6667 0.280168 -0.50196 0.753335
68.6667 -0.834474 0.153912 0.753335
68.6667 0.634578 0.775486 0.753335
68.6667 0.561102 -0.837564 0.753335
68.6667 -0.334685 0.309721 0.753335
68.6667 0.23175 0.927052 7.03652
68.6667 0.391399 0.0166012 7.03652
68.6667 0.341335 -0.610573 7.03652
68.6667 -0.32051 0.616884 0.753335
68.6667 -0.596315 -0.647268 0.753335
68.6667 0.107391 0.959175 0.753335
68.6667 0.416788 0.717089 0.753335
68.6667 0.0405525 0.688656 0.753335
68.6667 0.208812 0.993565 0.753335
68.6667 -0.110262 -0.784997 7.03652
68.6667 -0.251603 -0.130438 0.753335
68.6667 0.453351 0.551249 0.753335
68.6667 -0.151016 -0.35056 0.753335
68.6667 0.929071 -0.149459 0.753335
68.6667 0.182244 0.3828 0.753335
68.6667 0.317542 -0.203888 0.753335
68.6667 0.0509957 0.477754 0.753335
68.6667 0.484111 0.421463 0.753335
68.6667 0.482211 0.879775 0.753335
68.6667 -0.0206996 0.669054 0.753335
68.6667 -0.338058 0.259017 0.753335
68.6667 -0.928715 -0.172236 0.753335
68.6667 -0.288511 -0.0726686 7.03652
68.6667 0.0840505 -0.22328 7.03652
68.6667 -0.235878 -0.235225 7.03652
68.6667 -0.113504 0.0888262 7.03652
68.6667 -0.580792 -0.862719 7.03652
68.6667 -0.517563 -0.428684 0.753335
68.6667 -0.467146 -0.748524 7.03652
68.6667 -0.17548 0.825834 0.753335
68.6667 0.175427 0.042058 0.753335
68.6667 -0.973843 0.21929 0.753335
68.6667 -0.785734 0.68884 7.03652
68.6667 0.884215 -0.115899 0.753335
68.6667 0.243048 -0.802965 0.753335
68.6667 0.174963 0.0908664 0.753335
68.6667 0.54771 -0.328424 0.753335
68.6667 -0.21699 -0.671785 7.03652
68.6667 -0.346154 0.398476 0.753335
68.6667 -0.114033 -0.677101 0.753335
68.6667 0.0827003 0.0860065 7.03652
68.6667 -0.117999 -0.318684 0.753335
68.6667 0.104828 -0.407707 0.753335
68.6667 0.180938 0.188913 0.753335
68.6667 -0.211957 -0.578888 0.753335
68.6667 0.481837 0.0509772 7.03652
68.6667 -0.235909 0.791112 7.03652
68.6667 0.680801 -0.492686 0.753335
68.6667 0.630501 0.0315771 0.753335
68.6667 0.289867 -0.776068 0.753335
68.6667 -0.647391 0.808192 7.03652
68.6667 0.907316 0.4184 7.03652
68.6667 0.0115751 -0.436908 7.03652
68.6667 -0.0990767 0.281419 0.753335
68.6667 0.565115 -0.152635 0.753335
68.6667 0.145345 1.0068 0.753335
68.6667 -1.03616 -0.162121 0.753335
68.6667 -0.589696 -0.0167358 7.03652
68.6667 -0.318819 -0.241188 7.03652
68.6667 -0.133259 0.240479 0.753335
68.6667 0.0917201 -0.754651 7.03652
68.6667 -0.634923 -0.11784 7.03652
68.6667 -0.0186813 -0.140383 0.753335
68.6667 -0.193379 0.667082 0.753335
68.6667 0.347514 0.499995 0.753335
68.6667 -0.307994 0.353994 0.753335
68.6667 0.312412 0.135782 0.753335
68.6667 -0.290981 -0.477429 0.753335
68.6667 -0.866942 0.377231 0.753335
68.6667 -0.0870324 0.0430706 7.03652
68.6667 -0.697065 0.142429 0.753335
68.6667 0.754734 -0.0570201 0.753335
