31.3333 -0.907401 0.308946 0.753335
31.3333 0.656588 -0.663413 0.753335
31.3333 -0.4508 -0.582336 7.03652
31.3333 -0.406558 0.820776 0.753335
31.3333 -0.26748 -0.0289735 0.753335
31.3333 -1.03698 -0.0411493 7.03652
31.3333 -0.870505 -0.383798 0.753335
31.3333 -0.425544 0.567271 0.753335
31.3333 0.00616992 0.147455 0.753335
31.3333 0.735178 -0.497308 0.753335
31.3333 0.0739703 0.393903 7.03652
31.3333 -0.0230079 0.979893 0.753335
31.3333 -0.432174 0.886745 7.03652
31.3333 -0.339728 -0.0698202 0.753335
31.3333 -0.114049 0.46018 7.03652
31.3333 0.417828 -0.168229 0.753335
31.3333 0.458332 -0.322157 7.03652
31.3333 -1.02811 -0.226156 7.03652
31.3333 -0.991889 -0.127324 0.753335
31.3333 -0.284566 0.932139 0.753335
31.3333 0.0904523 0.19768 7.03652
31.3333 -0.844888 -0.160981 7.03652
31.3333 -0.175125 0.17193 0.753335
31.3333 -0.757573 0.271972 7.03652
31.3333 0.960049 0.094539 0.753335
31.3333 0.429746 0.910673 0.753335
31.3333 -0.18779 0.51909 7.03652
31.3333 -0.886227 -0.190827 0.753335
31.3333 -0.167526 0.21688 0.753335
31.3333 -0.69435 0.645011 0.753335
31.3333 0.0546938 -0.527689 0.753335
31.3333 0.045571 -0.180276 7.03652
31.3333 -0.089647 -0.0148926 7.03652
31.3333 -0.135021 -0.00745167 7.03652
31.3333 -0.394446 0.948189 0.753335
31.3333 -0.564488 0.595238 0.753335
31.3333 0.0735159 -0.31098 7.03652
31.3333 -0.0653515 0.0972894 7.03652
31.3333 -0.593818 -0.75379 0.753335
31.3333 0.754167 0.254161 0.753335
31.3333 -0.358359 -0.917325 0.753335
31.3333 0.167411 -0.961786 0.753335
31.3333 -0.703227 0.491037 7.03652
31.3333 0.217612 -0.351695 0.753335
31.3333 0.607056 -0.626642 7.03652
31.3333 -0.118528 0.926086 7.03652
31.3333 0.667138 0.659483 0.753335
31.3333 -0.0219552 -0.0819729 7.03652
31.3333 0.726513 -0.00823654 7.03652
31.3333 0.146334 -0.730225 0.753335
31.3333 0.603031 0.298165 0.753335
31.3333 -0.617594 0.0744535 0.753335
31.3333 -0.773174 -0.266072 7.03652
31.3333 0.423928 -0.553324 7.03652
31.3333 0.0669036 0.582495 0.753335
31.3333 0.103356 0.881299 0.753335
31.3333 -0.506008 -0.321979 7.03652
31.3333 0.531629 0.750378 0.753335
31.3333 0.426128 -0.117134 0.753335
31.3333 -0.633143 0.286149 0.753335
31.3333 -0.348354 -0.655571 0.753335
31.3333 -0.33776 0.508132 7.03652
31.3333 -0.338602 0.8406 7.03652
31.3333 0.675431 -0.746176 0.753335
31.3333 -0.359405 0.210018 0.753335
31.3333 -0.453676 -0.120941 7.03652
31.3333 0.270261 -0.227059 7.03652
31.3333 0.203487 -0.405022 0.753335
31.3333 0.519557 -0.0852881 0.753335
31.3333 0.0812587 -0.141695 0.753335
31.3333 0.326023 0.860844 0.753335
31.3333 -0.307268 -0.966573 0.753335
31.3333 -0.902975 0.245884 0.753335
31.3333 -0.0294175 0.774611 7.03652
31.3333 0.0763499 0.124296 0.753335
31.3333 -0.249312 -0.618391 7.03652
31.3333 0.544757 -0.267418 0.753335
31.3333 0.413223 0.660327 0.753335
31.3333 0.26595 0.95627 0.753335
31.3333 -0.953828 0.271556 0.753335
31.3333 -0.229889 0.8497 7.03652
31.3333 0.466844 0.235601 7.03652
31.3333 -0.0370438 -0.529075 0.753335
31.3333 -0.563684 -0.450463 7.03652
31.3333 0.319361 0.0852095 0.753335
31.3333 -0.855762 -0.336603 0.753335
31.3333 0.256228 0.0157273 7.03652
31.3333 -0.47861 0.553754 7.03652
31.3333 0.788383 -0.220922 0.753335
31.3333 -0.00980909 -0.889445 0.753335
31.3333 0.324983 -0.456609 0.753335
31.3333 -0.214538 -0.0486045 0.753335
31.3333 -0.297305 0.695898 7.03652
31.3333 0.393748 0.315697 0.753335
31.3333 0.263493 -0.370843 0.753335
31.3333 0.278445 -0.454955 0.753335
31.3333 0.770869 -0.110941 7.03652
31.3333 0.197627 -0.752496 7.03652
31.3333 -0.750297 0.126137 0.753335
31.3333 0.194039 -0.69714 0.753335
31.3333 0.0380191 0.967201 7.03652
31.3333 0.70047 -0.44204 0.753335
31.3333 0.76353 -0.324309 0.753335
31.3333 -0.436537 0.216517 0.753335
31.3333 0.204984 -0.511367 0.753335
31.3333 -0.283396 -0.425927 7.03652
31.3333 -0.236904 0.0457724 7.03652
31.3333 0.651244 -0.0278661 7.03652
31.3333 0.231937 0.631551 0.753335
31.3333 -0.431359 -0.0443983 0.753335
31.3333 0.487887 -0.705535 0.753335
31.3333 -0.275854 -0.270694 7.03652
31.3333 -0.00280424 0.72172 0.753335
31.3333 -0.0128866 0.299639 0.753335
31.3333 0.215276 -0.863425 0.753335
31.3333 0.332758 0.442256 0.753335
31.3333 -0.510552 0.65514 0.753335
31.3333 0.746033 0.310956 0.753335
31.3333 0.5576 -0.472927 7.03652
31.3333 -0.566845 0.650117 0.753335
31.3333 -0.0205694 -0.670095 0.753335
31.3333 0.560832 -0.599924 0.753335
31.3333 -0.1665 0.562606 0.753335
31.3333 -0.0569659 0.277853 7.03652
31.3333 -0.20352 -0.724618 7.03652
31.3333 -0.753391 -0.32172 7.03652
31.3333 -0.110357 -0.179186 0.753335
31.3333 -0.503923 0.503183 7.03652
31.3333 -0.536257 0.854376 7.03652
31.3333 -0.196957 -0.0987942 0.753335
31.3333 0.605976 -0.68515 0.753335
31.3333 -0.145361 -0.0975852 0.753335
31.3333 -0.657251 0.171544 0.753335
31.3333 -0.0149638 -1.01387 7.03652
31.3333 -0.914389 -0.0118051 7.03652
31.3333 0.154605 0.247979 7.03652
31.3333 -0.0826925 0.231611 0.753335
31.3333 0.855568 0.262838 0.753335
31.3333 0.713266 0.695608 0.753335
31.3333 0.321075 0.310114 0.753335
31.3333 0.1695 -0.361801 0.753335
31.3333 -0.444072 -0.651828 7.03652
31.3333 -0.430805 0.0981774 7.03652
31.3333 -0.164878 -0.587728 7.03652
31.3333 0.0678242 0.736643 0.753335
31.3333 -0.614227 -0.423551 0.753335
31.3333 0.850784 0.51685 0.753335
31.3333 -1.00254 0.0377939 7.03652
31.3333 -0.714625 0.76525 7.03652
31.3333 0.507493 -0.186866 0.753335
31.3333 0.671384 -0.13453 7.03652
31.3333 -0.0931776 0.137976 0.753335
31.3333 -0.468604 -0.0756264 0.753335
31.3333 0.261922 0.578984 0.753335
31.3333 0.54724 -0.215952 7.03652
31.3333 -0.0140674 0.352595 0.753335
31.3333 -0.10345 -0.132715 7.03652
31.3333 0.375402 0.929093 7.03652
31.3333 0.250065 0.312173 0.753335
31.3333 -0.274228 0.588057 0.753335
31.3333 -0.118756 -0.0554338 7.03652
31.3333 -0.108112 -0.591576 0.753335
31.3333 0.816765 -0.500355 7.03652
31.3333 -0.750791 0.472303 0.753335
31.3333 0.406728 -0.507378 7.03652
31.3333 0.590874 -0.433789 0.753335
31.3333 -0.0562054 0.327267 7.03652
31.3333 0.116334 -0.635157 0.753335
31.3333 -0.053137 -0.119906 7.03652
31.3333 0.54977 0.00918676 0.753335
31.3333 0.700202 -0.0557784 0.753335
31.3333 0.254604 -0.677032 7.03652
31.3333 0.212417 0.442991 0.753335
31.3333 -0.924918 0.105104 0.753335
31.3333 -0.550715 -0.149239 7.03652
31.3333 -0.122638 0.87185 0.753335
31.3333 0.0665508 -0.26221 0.753335
31.3333 0.308473 -0.967334 0.753335
31.3333 -0.978049 -0.19671 7.03652
31.3333 -0.258024 -0.729269 0.753335
31.3333 0.626355 0.426444 7.03652
31.3333 -0.673064 -0.0765497 0.753335
31.3333 0.00951335 0.198984 0.753335
31.3333 -0.658224 0.536115 0.753335
31.3333 -0.979709 0.374583 7.03652
31.3333 -0.494802 0.798796 7.03652
31.3333 -0.473099 0.0675184 7.03652
31.3333 -0.829616 0.548102 7.03652
31.3333 0.0823201 1.01571 7.03652
31.3333 -0.634466 0.213488 0.753335
31.3333 -0.548787 -0.797307 0.753335
31.3333 0.679811 0.0136828 0.753335
31.3333 -0.331732 -0.285808 0.753335
31.3333 0.0277428 -0.0430591 0.753335
31.3333 -0.588465 0.76137 0.753335
31.3333 0.75316 0.0950994 0.753335
31.3333 -0.481108 -0.0249104 7.03652
31.3333 0.650756 -0.540778 0.753335
31.3333 0.59141 -0.283678 0.753335
31.3333 -0.510486 -0.116919 7.03652
31.3333 -1.03314 0.197666 7.03652
31.3333 0.904595 -0.197418 0.753335
31.3333 0.362124 -0.37754 0.753335
31.3333 -0.167708 -0.0537639 0.753335
31.3333 -0.357408 -0.602948 7.03652
31.3333 -0.00398305 0.44988 0.753335
31.3333 0.441324 0.0905385 0.753335
31.3333 0.445977 0.284269 0.753335
31.3333 -0.407514 0.366699 0.753335
31.3333 0.463226 -0.764407 0.753335
31.3333 -0.239127 0.543204 0.753335
31.3333 -0.162281 0.47671 0.753335
31.3333 0.59198 0.466074 0.753335
31.3333 -0.812304 0.225705 7.03652
31.3333 0.0338004 0.00346249 7.03652
31.3333 0.531533 0.859009 7.03652
31.3333 -0.285862 -0.161678 0.753335
31.3333 -0.456078 0.170952 0.753335
31.3333 0.0945462 0.496433 0.753335
31.3333 -0.0339049 0.494482 0.753335
31.3333 -0.540678 0.703082 0.753335
31.3333 0.666991 0.0709916 7.03652
31.3333 0.859156 -0.162698 0.753335
31.3333 -0.703973 -0.605123 7.03652
31.3333 -0.492481 -0.47442 0.753335
31.3333 0.148007 0.703304 0.753335
31.3333 0.358495 0.143185 7.03652
31.3333 0.568695 -0.382228 0.753335
31.3333 0.695577 0.169804 0.753335
31.3333 -0.197056 -0.628912 0.753335
31.3333 -0.724144 0.540192 0.753335
31.3333 0.0707588 -0.635661 0.753335
31.3333 -0.449174 -0.247481 0.753335
31.3333 -0.369775 -0.00598636 0.753335
31.3333 -0.404205 -0.750201 0.753335
31.3333 -0.888197 0.0480938 0.753335
31.3333 -0.607532 -0.537209 7.03652
31.3333 -0.594849 -0.595465 7.03652
31.3333 0.362756 0.750546 7.03652
31.3333 -0.219322 0.218732 7.03652
31.3333 0.124419 -0.306007 0.753335
31.3333 -0.462186 0.611467 0.753335
31.3333 -0.13636 1.01238 7.03652
31.3333 0.665509 0.546518 0.753335
31.3333 0.12392 0.392056 0.753335
31.3333 -1.04631 -0.0971939 0.753335
31.3333 0.7486 -0.419416 0.753335
31.3333 0.675045 0.453943 7.03652
31.3333 -0.898048 -0.126144 0.753335
31.3333 0.540797 -0.548434 0.753335
31.3333 -0.283378 0.299925 7.03652
31.3333 -0.812903 0.389427 0.753335
31.3333 0.297232 -0.0772625 0.753335
31.3333 -0.861544 -0.285156 7.03652
31.3333 -0.463356 -0.295894 7.03652
31.3333 0.474527 -0.103994 0.753335
31.3333 0.230132 0.784811 0.753335
31.3333 0.401968 0.263637 7.03652
31.3333 0.865609 0.463054 0.753335
31.3333 -0.336831 -0.148743 0.753335
31.3333 0.597034 -0.557864 7.03652
31.3333 0.424481 -0.812337 7.03652
31.3333 -0.225419 0.172279 0.753335
31.3333 -0.128949 0.377702 7.03652
31.3333 0.0101279 0.815119 7.03652
31.3333 0.139501 0.201432 0.753335
31.3333 0.396797 -0.0766829 0.753335
31.3333 0.436227 -0.654367 7.03652
31.3333 -0.158511 -0.189385 0.753335
31.3333 -0.641955 0.118199 0.753335
31.3333 -0.270205 -0.854276 7.03652
31.3333 -0.352846 -0.722463 0.753335
31.3333 0.167561 -0.264805 0.753335
31.3333 -0.404958 -0.621631 7.03652
31.3333 -0.593626 0.243428 0.753335
31.3333 -0.340861 0.910284 7.03652
31.3333 0.92374 0.161554 0.753335
31.3333 0.164744 0.146794 7.03652
31.3333 -0.165994 0.709416 7.03652
31.3333 -0.354478 -0.547306 0.753335
31.3333 -0.708667 -0.0379319 0.753335
31.3333 -0.447509 0.413498 7.03652
31.3333 -0.243666 0.682388 7.03652
31.3333 0.390908 0.178719 0.753335
31.3333 0.750045 -0.161805 7.03652
31.3333 -0.72361 -0.175919 0.753335
31.3333 0.66476 0.599352 0.753335
31.3333 -0.0801347 0.183851 7.03652
31.3333 0.39464 0.368734 0.753335
31.3333 0.804215 0.110641 7.03652
31.3333 0.181841 -0.604672 0.753335
31.3333 -0.808876 -0.484355 0.753335
31.3333 0.448622 0.181289 7.03652
31.3333 -0.205466 -0.365623 0.753335
31.3333 -0.993849 -0.331946 7.03652
31.3333 -0.833224 -0.426188 7.03652
31.3333 -0.640339 0.752537 0.753335
31.3333 0.500313 -0.0410831 7.03652
31.3333 0.580745 0.0529125 0.753335
31.3333 -0.28191 0.485729 0.753335
31.3333 -0.842137 -0.620607 0.753335
31.3333 0.618157 0.366057 7.03652
31.3333 0.0549999 0.266001 0.753335
31.3333 0.491555 0.587244 0.753335
31.3333 -0.266962 0.202348 0.753335
31.3333 0.0886809 0.347652 0.753335
31.3333 -0.328315 0.0242138 7.03652
31.3333 0.369396 -0.712615 7.03652
31.3333 0.209995 -0.0456291 0.753335
31.3333 0.555216 0.108218 0.753335
31.3333 -0.414638 -0.212923 0.753335
31.3333 -0.943574 -0.460207 7.03652
31.3333 0.17165 0.77433 0.753335
31.3333 0.641492 0.495377 0.753335
31.3333 -0.372205 -0.396023 0.753335
31.3333 0.335332 0.645986 0.753335
31.3333 -0.373822 -0.187358 0.753335
31.3333 -0.138957 0.662057 0.753335
31.3333 -0.36436 -0.973767 0.753335
31.3333 -0.781211 0.515774 7.03652
31.3333 0.102843 0.245539 0.753335
31.3333 -0.531684 -0.01433 0.753335
31.3333 -0.238776 -0.1763 0.753335
31.3333 0.0716685 0.635689 0.753335
31.3333 -0.254395 0.332662 0.753335
31.3333 -0.374433 -0.301851 0.753335
31.3333 0.903811 -0.256479 7.03652
31.3333 -0.919473 0.489097 0.753335
31.3333 -0.597893 0.181336 7.03652
31.3333 -0.290331 -0.527054 0.753335
31.3333 -0.317963 -0.818543 0.753335
31.3333 0.236469 0.198167 0.753335
31.3333 0.700944 -0.697 0.753335
31.3333 -0.000979963 -0.48791 7.03652
31.3333 -0.656001 -0.249519 0.753335
31.3333 0.599155 0.52745 0.753335
31.3333 -0.564566 0.808727 0.753335
31.3333 0.810335 0.225231 0.753335
31.3333 0.269708 0.108303 0.753335
31.3333 0.0341427 0.107638 0.753335
31.3333 -0.66594 0.25035 7.03652
31.3333 -0.464912 0.0190173 7.03652
31.3333 0.120047 -0.0702011 7.03652
31.3333 0.23421 -0.13901 0.753335
31.3333 -0.371285 0.60612 0.753335
31.3333 -0.388627 0.248221 7.03652
31.3333 -0.265428 -0.796601 0.753335
31.3333 0.76919 -0.544631 0.753335
31.3333 -0.195763 -0.476343 7.03652
31.3333 0.0517557 0.165018 0.753335
31.3333 -0.231042 -0.290179 7.03652
31.3333 -0.664627 0.0552767 0.753335
31.3333 0.224082 0.106433 7.03652
31.3333 0.461649 0.137819 0.753335
31.3333 -0.336302 -0.448592 7.03652
31.3333 0.1957 0.826443 7.03652
31.3333 0.138303 0.342608 7.03652
31.3333 0.101393 0.440031 0.753335
31.3333 -0.299759 -0.114536 7.03652
31.3333 -0.793312 0.442507 0.753335
31.3333 0.806674 0.163313 0.753335
31.3333 -0.275692 0.994708 0.753335
31.3333 -0.0569547 0.447509 0.753335
31.3333 0.0526353 0.854674 0.753335
31.3333 0.255335 0.736652 0.753335
31.3333 0.15121 -0.501561 0.753335
31.3333 0.361458 0.565744 0.753335
31.3333 -0.754083 0.378937 0.753335
31.3333 0.60662 -0.0587138 0.753335
31.3333 0.43794 0.446115 7.03652
31.3333 -0.898021 -0.0615185 0.753335
31.3333 0.779062 -0.00822806 0.753335
31.3333 -0.42476 0.318539 0.753335
31.3333 -0.0575009 -0.577294 0.753335
31.3333 0.107484 -0.93777 7.03652
31.3333 -0.152338 0.291112 7.03652
31.3333 -0.552869 0.481874 0.753335
31.3333 -0.272951 0.751388 7.03652
31.3333 -0.702711 -0.362393 0.753335
31.3333 0.469512 -0.416589 0.753335
31.3333 -0.376774 0.552627 0.753335
31.3333 0.243209 -0.729394 0.753335
31.3333 -0.0374434 0.402208 7.03652
31.3333 0.413585 -0.374456 0.753335
31.3333 -0.646636 -0.294743 7.03652
31.3333 -0.262437 0.440263 7.03652
31.3333 -0.187411 -0.253597 0.753335
31.3333 -0.603996 0.484308 0.753335
31.3333 0.21459 0.282939 7.03652
31.3333 -0.147639 -0.444944 0.753335
31.3333 -0.779617 -0.423358 7.03652
31.3333 -0.310965 -0.578057 0.753335
31.3333 -0.0496981 0.930437 0.753335
31.3333 -0.0587351 0.825437 7.03652
31.3333 -0.506852 0.347827 7.03652
31.3333 0.570675 0.671121 0.753335
31.3333 -0.0673154 0.879644 7.03652
31.3333 0.703771 0.501989 0.753335
31.3333 -0.944069 -0.0957845 0.753335
31.3333 -0.445226 0.513873 0.753335
31.3333 0.458894 -0.268835 7.03652
31.3333 -0.375482 -0.83334 7.03652
31.3333 0.61249 -0.115099 0.753335
31.3333 -0.770087 -0.703237 7.03652
31.3333 0.039302 -0.966617 7.03652
31.3333 -0.644451 -0.609888 7.03652
31.3333 0.656495 -0.0838186 7.03652
31.3333 -0.39732 0.415752 7.03652
31.3333 -1.04867 0.081215 0.753335
31.3333 -0.088302 -0.535573 0.753335
31.3333 -0.41408 0.626129 0.753335
31.3333 0.539058 0.44836 0.753335
31.3333 0.218273 -0.299394 0.753335
31.3333 -0.731068 0.421755 0.753335
31.3333 0.366832 -0.791167 0.753335
31.3333 -0.581556 0.351167 7.03652
31.3333 0.133283 0.840364 0.753335
31.3333 -0.210407 0.302754 7.03652
31.3333 -0.75931 0.219041 0.753335
31.3333 0.0974503 -0.824739 0.753335
31.3333 -0.748387 -0.00416478 0.753335
31.3333 -0.90285 0.431397 0.753335
31.3333 0.523349 0.694616 0.753335
31.3333 -0.0145177 -0.0273969 0.753335
31.3333 -0.473591 -0.915183 7.03652
31.3333 -0.283937 0.253792 0.753335
31.3333 0.0211865 0.640125 7.03652
31.3333 -0.715949 -0.260789 7.03652
31.3333 -0.239244 0.263624 0.753335
31.3333 -0.347996 0.66737 7.03652
31.3333 0.0473735 -0.912882 7.03652
31.3333 0.140154 0.0675037 7.03652
31.3333 -0.554568 -0.342779 7.03652
31.3333 -0.976076 -0.394751 7.03652
31.3333 0.825718 -0.333192 0.753335
31.3333 0.0461458 0.431643 0.753335
31.3333 0.313214 -0.356228 0.753335
31.3333 0.49938 -0.241873 7.03652
31.3333 -0.627471 0.433244 7.03652
31.3333 -0.429253 -0.326592 0.753335
31.3333 0.700061 0.280764 7.03652
31.3333 -0.183408 0.0423749 7.03652
31.3333 0.329463 0.184911 0.753335
31.3333 -0.287504 0.874618 0.753335
31.3333 -0.308783 -0.695913 0.753335
31.3333 0.316346 -0.817612 0.753335
31.3333 -0.941507 0.0484783 0.753335
31.3333 0.946515 0.244867 7.03652
31.3333 0.473521 0.797363 7.03652
31.3333 0.122205 0.0278333 0.753335
31.3333 0.897369 0.2222 0.753335
31.3333 -0.484607 0.721993 7.03652
31.3333 0.273968 -0.902389 7.03652
31.3333 -0.952723 -0.250286 0.753335
31.3333 0.284671 0.279215 0.753335
31.3333 -0.38726 -0.349397 0.753335
31.3333 -0.226967 0.90524 0.753335
31.3333 0.290662 -0.64106 7.03652
31.3333 0.49541 -0.814646 7.03652
31.3333 0.150171 -0.165368 0.753335
31.3333 0.0495617 0.534263 0.753335
31.3333 -0.119095 -0.393996 0.753335
31.3333 -0.0480357 0.00557968 7.03652
31.3333 -0.85961 -0.000288004 0.753335
31.3333 -0.585243 0.531334 7.03652
31.3333 1.00014 0.04667 7.03652
31.3333 -0.444198 0.777701 7.03652
31.3333 -0.264393 0.0914055 0.753335
31.3333 -0.180797 -0.00463243 0.753335
31.3333 -0.924917 0.36077 0.753335
31.3333 -0.247501 -0.337677 7.03652
31.3333 -0.715741 -0.42615 0.753335
31.3333 0.120962 -0.686985 7.03652
31.3333 -0.524169 0.440592 7.03652
31.3333 0.942842 -0.314704 7.03652
31.3333 -0.289207 -0.368309 7.03652
31.3333 0.0745502 -0.0475791 7.03652
31.3333 0.730698 -0.367589 0.753335
31.3333 -0.548811 -0.28895 7.03652
31.3333 -0.222378 0.408791 0.753335
31.3333 0.59384 0.140212 0.753335
31.3333 0.506581 -0.604986 0.753335
31.3333 -0.124272 -0.725969 0.753335
31.3333 -0.152722 -0.142389 0.753335
31.3333 0.330956 0.394054 0.753335
31.3333 0.856723 0.189144 0.753335
31.3333 -0.321722 0.45581 0.753335
31.3333 0.157168 0.572391 7.03652
31.3333 -0.681272 0.717641 7.03652
31.3333 -0.542901 0.125885 0.753335
31.3333 -0.565444 -0.0526681 0.753335
31.3333 0.167942 5.63619e-05 7.03652
31.3333 0.674762 0.739392 0.753335
31.3333 -0.784691 0.169766 0.753335
31.3333 0.805263 -0.596311 0.753335
31.3333 -0.957217 0.432462 7.03652
31.3333 0.926544 -0.0182057 7.03652
31.3333 -0.277936 0.0171264 0.753335
31.3333 0.127337 0.290395 7.03652
31.3333 -0.125773 0.187225 7.03652
31.3333 0.0832945 0.3026 0.753335
31.3333 0.815854 0.397984 7.03652
31.3333 -0.380948 0.774081 0.753335
31.3333 -0.209413 0.350634 0.753335
31.3333 -0.623692 -0.209413 7.03652
31.3333 0.121286 0.792431 0.753335
31.3333 0.279146 0.059553 0.753335
31.3333 -0.640987 -0.0349495 0.753335
31.3333 -0.499894 0.206773 7.03652
31.3333 -0.717947 -0.549098 0.753335
31.3333 -0.336617 -0.34416 0.753335
31.3333 0.363211 -0.947177 0.753335
31.3333 -0.661223 -0.559466 7.03652
31.3333 -0.141317 -0.23265 0.753335
31.3333 -0.759464 0.638108 7.03652
31.3333 0.322519 -0.159704 0.753335
31.3333 0.6111 -0.239117 0.753335
31.3333 -0.141953 -0.635645 7.03652
31.3333 -0.227194 -0.000740343 0.753335
31.3333 -0.577328 0.424785 7.03652
31.3333 -0.326602 0.736504 0.753335
31.3333 -0.0621172 -0.918896 0.753335
31.3333 -0.730893 -0.65417 7.03652
31.3333 -0.40385 -0.565922 7.03652
31.3333 -0.768821 -0.532614 0.753335
31.3333 0.155607 -0.900416 0.753335
31.3333 -0.0345771 0.186814 0.753335
31.3333 -0.855578 0.271866 7.03652
31.3333 0.761288 0.431303 0.753335
31.3333 -0.120352 0.821847 7.03652
31.3333 -0.296153 0.0621724 0.753335
31.3333 0.154589 0.525029 7.03652
31.3333 0.0974581 -0.556429 0.753335
31.3333 0.228422 0.0589645 7.03652
31.3333 -0.791351 0.337192 7.03652
31.3333 0.0593368 -0.413599 0.753335
31.3333 -0.0080779 -0.777386 7.03652
31.3333 0.363272 0.22254 0.753335
31.3333 0.12951 0.649451 7.03652
31.3333 0.183243 0.957478 0.753335
31.3333 0.399554 0.0668272 0.753335
31.3333 0.370174 -0.847546 0.753335
31.3333 -0.150038 -0.495939 0.753335
31.3333 -0.168625 0.948918 0.753335
31.3333 -0.838107 -0.239762 0.753335
31.3333 -0.322669 0.171482 0.753335
31.3333 -0.381233 0.100971 7.03652
31.3333 0.987907 0.138775 0.753335
31.3333 0.421601 0.772401 7.03652
31.3333 -0.894326 0.1527 7.03652
31.3333 -0.30354 0.40923 0.753335
31.3333 0.49976 0.197085 0.753335
31.3333 0.719451 0.0499779 7.03652
31.3333 0.212858 0.00163413 0.753335
31.3333 0.551942 0.563029 0.753335
31.3333 0.413492 -0.425983 0.753335
31.3333 -0.619201 0.627817 0.753335
31.3333 0.134836 -0.454169 0.753335
31.3333 -0.834757 0.0586823 0.753335
31.3333 0.810892 0.458088 0.753335
31.3333 -0.520627 0.0809057 0.753335
31.3333 0.376725 -0.473797 0.753335
31.3333 -0.662557 -0.39878 7.03652
31.3333 0.224495 0.400296 7.03652
31.3333 0.332684 -0.113107 0.753335
31.3333 -0.227647 -0.892145 7.03652
31.3333 0.517128 -0.506556 7.03652
31.3333 -0.805212 0.108941 0.753335
31.3333 -0.582184 0.292924 7.03652
31.3333 -0.403721 0.674838 0.753335
31.3333 -0.151823 -0.86481 7.03652
31.3333 0.993583 -0.0850536 7.03652
31.3333 0.655616 0.222436 7.03652
31.3333 0.0472707 -0.477433 0.753335
31.3333 0.518741 -0.137989 0.753335
31.3333 -0.116482 -0.91124 7.03652
31.3333 -0.379452 0.300374 7.03652
31.3333 0.172654 0.300188 0.753335
31.3333 0.026092 -0.378315 0.753335
31.3333 -0.681076 0.322606 7.03652
31.3333 -0.0421211 -0.211293 0.753335
31.3333 0.648826 0.270763 0.753335
31.3333 -0.266441 -0.670402 0.753335
31.3333 -0.504142 0.156721 0.753335
31.3333 -0.663957 -0.811905 0.753335
31.3333 0.0431338 -0.857024 0.753335
31.3333 0.637197 -0.473151 7.03652
31.3333 0.249037 -0.602338 0.753335
31.3333 -0.563752 -0.39725 7.03652
31.3333 0.154899 -0.547819 0.753335
31.3333 -0.094747 -0.439844 0.753335
31.3333 -0.23223 0.493428 0.753335
31.3333 -0.594356 0.1325 0.753335
31.3333 0.650746 0.126242 0.753335
31.3333 -0.303986 -0.756435 7.03652
31.3333 0.362703 -0.423467 7.03652
31.3333 -0.478642 -0.211449 0.753335
31.3333 -0.792768 -0.158549 0.753335
31.3333 -0.452735 -0.856346 7.03652
31.3333 0.699984 -0.622302 7.03652
31.3333 -0.750639 -0.132052 7.03652
31.3333 -0.0659619 0.64198 7.03652
31.3333 0.751771 -0.67144 0.753335
31.3333 0.728422 0.555533 0.753335
31.3333 -0.196156 -1.01003 0.753335
31.3333 -0.578351 -0.196195 7.03652
31.3333 0.869612 0.383012 0.753335
31.3333 -0.36695 -0.239736 0.753335
31.3333 -0.0908536 -0.220054 0.753335
31.3333 0.0193842 0.58433 0.753335
31.3333 -0.611722 -0.0776664 7.03652
31.3333 0.0710538 -0.357657 0.753335
31.3333 -0.788855 0.0376674 0.753335
31.3333 -0.0844223 -0.638168 0.753335
31.3333 0.443899 -0.464883 0.753335
31.3333 -0.570788 0.0809648 0.753335
31.3333 0.113846 0.157505 0.753335
31.3333 0.651984 -0.328947 7.03652
31.3333 0.36581 0.0960205 0.753335
31.3333 0.114737 -0.261636 7.03652
31.3333 0.415188 0.576045 0.753335
31.3333 -0.53993 0.31482 7.03652
31.3333 0.196023 -0.163619 0.753335
31.3333 -0.1542 0.426585 0.753335
31.3333 0.759559 0.19822 0.753335
31.3333 0.45558 -0.0140614 7.03652
31.3333 0.54894 0.501533 0.753335
31.3333 -0.189093 -0.530124 0.753335
31.3333 0.473932 0.736229 0.753335
31.3333 -0.654501 0.482245 0.753335
31.3333 -0.969102 0.151639 0.753335
31.3333 0.118331 0.741855 7.03652
31.3333 0.026847 0.0624961 7.03652
31.3333 -0.00519918 0.0286705 0.753335
31.3333 -0.129848 0.517811 0.753335
31.3333 0.0333872 -0.133994 0.753335
31.3333 0.200129 0.236775 0.753335
31.3333 0.235846 0.686601 7.03652
31.3333 -0.0592898 -0.751595 0.753335
31.3333 0.0150171 1.02439 7.03652
31.3333 0.442915 -0.604794 7.03652
31.3333 -0.494807 0.400002 7.03652
31.3333 -0.292505 -0.316707 0.753335
31.3333 0.252808 -0.550658 0.753335
31.3333 -0.725103 0.173206 0.753335
31.3333 0.377833 0.806489 0.753335
31.3333 0.368469 -0.179162 0.753335
31.3333 0.716581 -0.110017 0.753335
31.3333 -0.0601941 -0.167887 7.03652
31.3333 0.622979 -0.379548 7.03652
31.3333 0.666766 0.386441 7.03652
31.3333 -0.513473 -0.379789 0.753335
31.3333 0.0987968 -0.879899 7.03652
31.3333 -0.805813 -0.0106268 0.753335
31.3333 -0.757668 0.0757468 0.753335
31.3333 0.154237 -0.408342 0.753335
31.3333 0.649481 -0.277446 7.03652
31.3333 0.10063 -0.504638 0.753335
31.3333 -0.877255 -0.570079 0.753335
31.3333 -0.337541 0.972419 7.03652
31.3333 0.122204 -0.117189 0.753335
31.3333 0.594223 0.197141 0.753335
31.3333 -0.374568 0.718561 7.03652
31.3333 -0.27943 0.817476 7.03652
31.3333 0.437825 0.496495 7.03652
31.3333 0.0498198 0.219566 0.753335
31.3333 0.31708 0.588115 0.753335
31.3333 -0.321267 -0.0233013 0.753335
31.3333 -0.034069 -0.347627 7.03652
31.3333 0.377519 -0.128401 0.753335
31.3333 0.19785 0.729997 7.03652
31.3333 0.702171 -0.313732 7.03652
31.3333 -0.00623823 -0.721009 7.03652
31.3333 -0.41809 0.00108381 7.03652
31.3333 -0.803187 -0.208622 7.03652
31.3333 -0.0837198 0.496643 7.03652
31.3333 -0.457645 0.358221 0.753335
31.3333 0.711897 -0.56076 0.753335
31.3333 -0.688569 -0.212037 0.753335
31.3333 0.216912 -0.250284 0.753335
31.3333 0.0119174 0.503712 7.03652
31.3333 0.0609753 0.914324 7.03652
31.3333 0.314529 -0.305888 0.753335
31.3333 -0.289152 0.533797 0.753335
31.3333 0.640401 0.175349 0.753335
31.3333 -0.487373 -0.627413 7.03652
31.3333 0.531121 0.0607627 7.03652
31.3333 0.65182 -0.594092 7.03652
31.3333 -0.502239 -0.262019 0.753335
31.3333 0.551545 0.284784 0.753335
31.3333 -0.755529 -0.472366 7.03652
31.3333 0.445663 0.618274 0.753335
31.3333 0.900839 -0.430548 7.03652
31.3333 0.794855 0.342608 0.753335
31.3333 -0.460181 0.670636 7.03652
31.3333 -0.196849 1.00991 0.753335
31.3333 0.463936 -0.369908 0.753335
31.3333 0.435271 0.838266 0.753335
31.3333 -0.524448 -0.191972 0.753335
31.3333 -0.512648 -0.846177 7.03652
31.3333 0.513074 -0.365105 7.03652
31.3333 -0.469408 -0.360921 7.03652
31.3333 0.114726 0.600023 0.753335
31.3333 -0.193428 -0.317285 0.753335
31.3333 0.611467 0.634563 0.753335
31.3333 -0.340165 0.0803707 0.753335
31.3333 0.939118 -0.0749843 0.753335
31.3333 0.527998 0.804395 7.03652
31.3333 -0.78232 0.579782 0.753335
31.3333 -0.420709 0.0510547 0.753335
31.3333 -0.506791 -0.521309 0.753335
31.3333 0.626297 0.699961 7.03652
31.3333 -0.645371 0.673779 7.03652
31.3333 0.0389445 -0.746927 0.753335
31.3333 -0.701516 0.0878342 7.03652
31.3333 -0.358107 -0.779082 0.753335
31.3333 -0.260819 0.380887 0.753335
31.3333 -0.878365 -0.45952 7.03652
31.3333 -0.41208 -0.0942362 7.03652
31.3333 0.844726 0.0795191 7.03652
31.3333 -0.379677 -0.473117 7.03652
31.3333 -0.164121 -0.684107 0.753335
31.3333 -0.567433 0.0313035 0.753335
31.3333 0.192295 0.343091 0.753335
31.3333 -0.382997 -0.0520488 0.753335
31.3333 -0.238491 0.127412 0.753335
31.3333 -0.115805 0.565095 7.03652
31.3333 -0.750608 -0.378207 7.03652
31.3333 -0.168117 0.613996 0.753335
31.3333 0.296997 0.766254 0.753335
31.3333 0.210359 -0.9195 0.753335
31.3333 -0.381521 0.872749 7.03652
31.3333 0.272094 -0.175475 7.03652
31.3333 0.218545 -0.998567 0.753335
31.3333 0.708468 0.222566 7.03652
31.3333 0.849535 -0.27288 0.753335
31.3333 0.383169 0.866112 7.03652
31.3333 0.501427 0.00975811 0.753335
31.3333 -0.926819 0.194695 0.753335
31.3333 -0.543641 -0.609544 0.753335
31.3333 -0.166563 -0.39857 0.753335
31.3333 0.248628 -0.415415 7.03652
31.3333 -0.796885 -0.099993 7.03652
31.3333 -0.918094 -0.299614 7.03652
31.3333 -0.325278 -0.876087 0.753335
31.3333 -0.751781 -0.217654 0.753335
31.3333 -0.186831 0.259929 0.753335
31.3333 0.0205035 -0.629184 7.03652
31.3333 -0.103658 -0.487606 7.03652
31.3333 -0.805808 -0.30504 0.753335
31.3333 -0.608861 -0.808255 7.03652
31.3333 -0.515825 0.0306735 0.753335
31.3333 -0.0966952 0.415226 0.753335
31.3333 0.464623 -0.511095 0.753335
31.3333 -0.623991 0.022206 0.753335
31.3333 0.17288 -0.313438 0.753335
31.3333 0.308813 -0.0316154 7.03652
31.3333 -0.70887 -0.491202 7.03652
31.3333 0.703176 0.345092 0.753335
31.3333 -0.615299 0.571789 7.03652
31.3333 0.120992 -0.352425 0.753335
31.3333 -0.566362 -0.704875 7.03652
31.3333 0.325377 0.965219 0.753335
31.3333 -0.554895 -0.498923 0.753335
31.3333 0.175248 0.620735 7.03652
31.3333 -0.398128 0.186739 0.753335
31.3333 0.503024 -0.302538 7.03652
31.3333 0.322239 0.808471 0.753335
31.3333 -0.465092 -0.421513 7.03652
31.3333 -0.0702887 -0.308669 0.753335
31.3333 -0.819644 0.638169 0.753335
31.3333 -0.47704 0.303046 7.03652
31.3333 0.126876 0.112048 7.03652
31.3333 0.409875 0.131164 0.753335
31.3333 -0.654841 -0.170195 0.753335
31.3333 -0.156456 -0.287785 0.753335
31.3333 0.306468 -0.545648 0.753335
31.3333 0.823744 -0.427604 0.753335
31.3333 -0.651127 -0.3449 0.753335
31.3333 0.280815 -0.125886 7.03652
31.3333 -0.133639 -1.01598 0.753335
31.3333 0.0914414 0.685756 0.753335
31.3333 0.653864 0.324532 0.753335
31.3333 0.249475 -0.0831181 0.753335
31.3333 0.0856089 -0.00430238 0.753335
31.3333 -0.627065 0.38501 0.753335
31.3333 0.548013 -0.656644 0.753335
31.3333 -0.548257 0.230474 0.753335
31.3333 0.848956 0.32948 0.753335
31.3333 -0.597565 -0.3106 7.03652
31.3333 0.481015 -0.561266 7.03652
31.3333 0.814335 -0.0502507 0.753335
31.3333 0.69028 -0.24772 7.03652
31.3333 -0.0642255 1.02561 7.03652
31.3333 -0.514844 0.900323 0.753335
31.3333 -0.54707 0.384917 0.753335
31.3333 0.597914 -0.332956 0.753335
31.3333 0.698786 -0.177599 0.753335
31.3333 -0.0721194 -1.02702 7.03652
31.3333 0.502843 0.639956 7.03652
31.3333 -0.247143 -0.081079 0.753335
31.3333 0.429721 -0.706199 0.753335
31.3333 0.823073 -0.103821 0.753335
31.3333 -0.134811 0.0398659 7.03652
31.3333 -0.865007 0.104922 0.753335
31.3333 0.926744 0.360536 0.753335
31.3333 -0.454281 -0.524631 0.753335
31.3333 0.27173 0.43935 7.03652
31.3333 0.774608 0.0475172 7.03652
31.3333 -0.00269522 -0.585418 0.753335
31.3333 0.751023 0.375252 0.753335
31.3333 0.205739 -0.0977083 7.03652
31.3333 0.0678811 0.0391196 0.753335
31.3333 -0.188049 0.127161 0.753335
31.3333 -0.278879 0.152771 0.753335
31.3333 0.869972 -0.477382 7.03652
31.3333 -0.218734 -0.778001 7.03652
31.3333 0.044737 -1.02724 7.03652
31.3333 -0.501099 -0.572394 0.753335
31.3333 0.608362 0.579974 0.753335
31.3333 0.138538 0.476759 0.753335
31.3333 -0.261798 -0.999784 7.03652
31.3333 0.0320873 0.31164 7.03652
31.3333 -0.486194 -0.797994 0.753335
31.3333 0.558986 -0.784409 7.03652
31.3333 0.577051 0.403986 0.753335
31.3333 -0.200975 -0.204342 7.03652
31.3333 0.210862 0.53163 7.03652
31.3333 0.31529 -0.257751 0.753335
31.3333 -0.374792 0.0449772 7.03652
31.3333 0.145956 -1.01508 7.03652
31.3333 0.356211 0.279198 0.753335
31.3333 0.393064 0.524223 7.03652
31.3333 0.292079 0.348154 7.03652
31.3333 -0.361577 -0.109299 0.753335
31.3333 0.963874 -0.25813 0.753335
31.3333 -0.057544 -0.0511678 0.753335
31.3333 0.867849 0.136194 0.753335
31.3333 -0.0678705 -0.864941 0.753335
31.3333 -0.10985 -0.830739 0.753335
31.3333 0.159029 0.433261 0.753335
31.3333 -0.175493 0.883293 0.753335
31.3333 0.166759 -0.0611932 0.753335
31.3333 0.501417 -0.45689 0.753335
31.3333 0.774522 0.598564 7.03652
31.3333 0.465386 0.679906 0.753335
31.3333 -0.603429 0.850008 7.03652
31.3333 0.189989 0.485545 0.753335
31.3333 0.760582 0.657232 0.753335
31.3333 -0.723763 0.592166 0.753335
31.3333 0.512891 0.145496 0.753335
31.3333 -0.545688 -0.237276 7.03652
31.3333 -0.657991 -0.506948 7.03652
31.3333 -0.771953 -0.0540513 0.753335
31.3333 -0.521123 0.270009 0.753335
31.3333 -0.517162 -0.0674342 7.03652
31.3333 0.255497 -0.957408 7.03652
31.3333 0.24499 0.484167 0.753335
31.3333 0.434044 0.0287864 0.753335
31.3333 0.738924 -0.272593 7.03652
31.3333 0.217437 0.151521 7.03652
31.3333 0.106607 -0.178699 7.03652
31.3333 0.31544 0.534811 0.753335
31.3333 0.362485 -0.545633 0.753335
31.3333 0.034095 -0.680002 0.753335
31.3333 -0.179381 0.387306 0.753335
31.3333 0.364536 -0.280624 7.03652
31.3333 0.258675 0.875066 0.753335
31.3333 0.354892 -0.0181555 0.753335
31.3333 0.218437 -0.642791 0.753335
31.3333 -0.708824 0.276757 7.03652
31.3333 -0.0826544 0.775195 0.753335
31.3333 0.487253 0.312341 0.753335
31.3333 0.391817 -0.898781 0.753335
31.3333 -0.0143576 0.549719 0.753335
31.3333 -0.242814 -0.458451 7.03652
31.3333 0.405816 -0.0275811 0.753335
31.3333 0.482025 0.37074 0.753335
31.3333 -0.659715 -0.659508 0.753335
31.3333 0.362319 -0.230677 7.03652
31.3333 -0.476897 0.118335 7.03652
31.3333 0.0197878 -0.332268 0.753335
31.3333 0.263445 0.82495 7.03652
31.3333 -0.0342336 -0.440637 0.753335
31.3333 -0.407546 -0.270533 7.03652
31.3333 -0.688112 0.374614 0.753335
31.3333 -0.273268 -0.212456 7.03652
31.3333 0.184308 -0.456724 0.753335
31.3333 0.40677 -0.754532 0.753335
31.3333 -0.212367 -0.837602 0.753335
31.3333 -0.811436 -0.567403 0.753335
31.3333 -0.535771 -0.660807 7.03652
31.3333 -0.139944 0.773066 7.03652
31.3333 0.506511 0.5338 7.03652
31.3333 0.306946 -0.405684 0.753335
31.3333 -0.72911 -0.751557 0.753335
31.3333 -0.430592 0.726487 7.03652
31.3333 -0.703063 0.216644 0.753335
31.3333 -0.597239 0.701429 7.03652
31.3333 0.655416 -0.20828 0.753335
31.3333 0.551189 0.615382 0.753335
31.3333 -0.326943 0.565552 0.753335
31.3333 -0.431467 0.269944 7.03652
31.3333 0.447835 -0.0631744 0.753335
31.3333 0.0261167 -0.284577 7.03652
31.3333 0.144526 0.918615 0.753335
31.3333 0.991402 -0.0208136 0.753335
31.3333 0.264489 -0.274072 7.03652
31.3333 0.510407 -0.872266 0.753335
31.3333 0.710368 0.417338 7.03652
31.3333 0.528874 0.392456 0.753335
31.3333 0.701474 0.111947 7.03652
31.3333 -0.676936 0.00163612 7.03652
31.3333 -0.804619 -0.366195 7.03652
31.3333 0.166834 -0.117106 7.03652
31.3333 0.531164 -0.416168 7.03652
31.3333 0.556098 -0.712238 0.753335
31.3333 0.094012 -0.994204 7.03652
31.3333 -0.763871 -0.601318 0.753335
31.3333 0.448698 -0.859575 0.753335
31.3333 -0.326757 -0.399925 7.03652
31.3333 0.229411 -0.466974 7.03652
31.3333 -0.0600152 -0.260428 0.753335
31.3333 -0.021437 -0.300094 0.753335
31.3333 0.186714 0.670262 0.753335
31.3333 0.804123 -0.163686 7.03652
31.3333 -0.422689 -0.942139 0.753335
31.3333 -0.436301 -0.170269 0.753335
31.3333 0.38154 0.416111 7.03652
31.3333 -0.0549398 -0.482246 0.753335
31.3333 -0.0870216 -0.356408 7.03652
31.3333 -0.8611 0.595767 0.753335
31.3333 -0.283635 0.645319 0.753335
31.3333 0.0278838 0.765419 7.03652
31.3333 -0.238461 -0.513215 7.03652
31.3333 0.0560272 -0.584899 0.753335
31.3333 -0.114062 0.727209 0.753335
31.3333 -0.799313 -0.655046 7.03652
31.3333 0.320185 0.71651 7.03652
31.3333 -0.0433053 0.0567229 0.753335
31.3333 -0.849987 -0.104073 0.753335
31.3333 -0.731456 0.697587 7.03652
31.3333 -0.369189 0.458568 0.753335
31.3333 0.778067 -0.463926 0.753335
31.3333 0.491377 -0.654263 0.753335
31.3333 0.858284 -0.0123742 0.753335
31.3333 0.528084 0.33737 0.753335
31.3333 -0.565644 -0.102597 7.03652
31.3333 0.38542 -0.65468 0.753335
31.3333 -0.602402 -0.146818 0.753335
31.3333 -1.01779 0.265531 0.753335
31.3333 0.350002 0.348912 7.03652
31.3333 -0.149861 -0.961841 0.753335
31.3333 0.251977 0.245671 0.753335
31.3333 -0.390497 -0.682586 0.753335
31.3333 -0.556193 -0.552881 0.753335
31.3333 0.308902 0.91013 7.03652
31.3333 0.612809 0.0900231 0.753335
31.3333 0.886797 0.0372219 0.753335
31.3333 -0.205673 0.453104 7.03652
31.3333 -0.224072 0.725451 0.753335
31.3333 -0.00410119 -0.18481 0.753335
31.3333 -1.03341 0.139532 7.03652
31.3333 -0.011327 0.861615 7.03652
31.3333 -0.245001 -0.394865 0.753335
31.3333 -0.700915 -0.307688 7.03652
31.3333 -0.988104 0.319158 7.03652
31.3333 -0.396515 -0.14321 0.753335
31.3333 0.716542 0.617233 0.753335
31.3333 -0.438245 -0.704969 7.03652
31.3333 -0.861419 0.205412 0.753335
31.3333 -0.022496 0.611752 0.753335
31.3333 -0.204754 -0.425983 0.753335
31.3333 -0.0873677 -0.0881661 7.03652
31.3333 0.566626 -0.096978 7.03652
31.3333 0.791518 -0.378373 7.03652
31.3333 0.327913 -0.890666 7.03652
31.3333 0.944421 0.0344118 0.753335
31.3333 0.286717 0.679748 0.753335
31.3333 -0.934054 -0.347322 0.753335
31.3333 -0.109058 -0.269172 7.03652
31.3333 -0.0663298 0.588175 0.753335
31.3333 0.497654 0.0988201 0.753335
31.3333 0.584013 0.737045 0.753335
31.3333 0.75493 -0.613512 7.03652
31.3333 0.80215 0.2845 7.03652
31.3333 -0.163995 -0.758549 0.753335
31.3333 0.596028 0.245601 7.03652
31.3333 0.586264 0.813547 7.03652
31.3333 0.440042 0.338875 0.753335
31.3333 -0.32606 0.789205 0.753335
31.3333 -0.0799326 -0.971344 7.03652
31.3333 0.904849 0.0954149 0.753335
31.3333 -0.680457 0.427809 0.753335
31.3333 0.550527 0.173586 0.753335
31.3333 -0.0736449 0.371651 0.753335
31.3333 0.860542 -0.383918 0.753335
31.3333 0.68197 -0.378059 0.753335
31.3333 -0.917664 -0.407337 0.753335
31.3333 0.0885011 -0.452831 0.753335
31.3333 -0.213658 0.583611 0.753335
31.3333 -0.424113 0.463969 7.03652
31.3333 0.923604 -0.372797 7.03652
31.3333 0.299156 0.481532 0.753335
31.3333 -0.424997 -0.803756 0.753335
31.3333 -0.45875 0.932174 7.03652
31.3333 0.388228 -0.591444 0.753335
31.3333 0.457827 -0.210766 0.753335
31.3333 0.54311 0.228386 7.03652
31.3333 -0.279558 -0.918325 0.753335
31.3333 -0.664613 -0.45195 0.753335
31.3333 -0.0383937 -0.624731 0.753335
31.3333 -1.05386 0.0121076 0.753335
31.3333 -0.0336775 0.235395 7.03652
31.3333 -0.0118132 -0.249826 0.753335
31.3333 0.280479 0.395122 0.753335
31.3333 0.229014 -0.200244 0.753335
31.3333 0.746796 0.148256 0.753335
31.3333 0.596465 -0.505611 0.753335
31.3333 -0.59623 -0.256407 0.753335
31.3333 0.95465 0.300158 0.753335
31.3333 -0.0613227 -0.70149 0.753335
31.3333 0.265716 -0.322324 0.753335
31.3333 0.418554 0.21956 7.03652
31.3333 -0.550189 0.179798 0.753335
31.3333 -0.0648093 0.540943 0.753335
31.3333 0.182605 -0.802346 0.753335
31.3333 -0.668265 0.591541 7.03652
31.3333 -0.610044 -0.480213 7.03652
31.3333 0.129639 -0.590984 7.03652
31.3333 -0.984757 0.0958211 0.753335
31.3333 0.985658 -0.147982 0.753335
31.3333 -0.838601 -0.0529181 0.753335
31.3333 0.410235 -0.321082 7.03652
31.3333 -0.091593 0.682217 0.753335
31.3333 -0.476281 0.248016 0.753335
31.3333 -0.693038 -0.131497 0.753335
31.3333 0.974642 0.197966 0.753335
31.3333 0.0475659 -0.801296 0.753335
31.3333 -0.718932 0.0361793 7.03652
31.3333 0.843579 -0.217291 0.753335
31.3333 -0.467903 0.845475 7.03652
31.3333 0.134618 -0.219535 0.753335
31.3333 0.446246 -0.916186 0.753335
31.3333 -0.156301 0.0871577 0.753335
31.3333 0.328605 -0.753675 0.753335
31.3333 -0.0130525 0.0950509 0.753335
31.3333 -0.199311 -0.147158 7.03652
31.3333 0.32982 -0.504588 0.753335
31.3333 -0.313481 0.219284 0.753335
31.3333 -0.00768088 -0.833255 0.753335
31.3333 -0.226978 0.961518 0.753335
31.3333 -0.89299 0.538242 0.753335
31.3333 -0.6301 -0.709796 0.753335
31.3333 -0.528296 0.757075 7.03652
31.3333 0.649506 -0.423396 0.753335
31.3333 -0.532316 -0.896468 7.03652
31.3333 0.366937 0.688787 0.753335
31.3333 0.87963 -0.0599272 7.03652
31.3333 0.00537319 0.912256 0.753335
31.3333 -0.093111 0.974536 0.753335
31.3333 -0.667814 -0.7567 7.03652
31.3333 -0.302399 -0.629686 0.753335
31.3333 -0.261352 -0.567571 7.03652
31.3333 0.49066 0.482412 0.753335
31.3333 -0.734656 0.329222 0.753335
31.3333 -0.485559 -0.160264 0.753335
31.3333 -0.0567496 -0.808517 0.753335
31.3333 0.964026 -0.20137 7.03652
31.3333 0.182624 0.874763 0.753335
31.3333 -0.493519 -0.693016 7.03652
31.3333 0.388659 0.465087 0.753335
31.3333 0.26484 0.529967 0.753335
31.3333 0.305235 0.014856 7.03652
31.3333 0.33284 -0.67353 0.753335
31.3333 -0.524511 -0.743081 0.753335
31.3333 0.269229 0.159771 7.03652
31.3333 -0.188052 0.761589 0.753335
31.3333 -0.136772 -0.54633 0.753335
31.3333 0.205223 -0.56208 0.753335
31.3333 -0.13811 0.134873 0.753335
31.3333 0.0272749 -0.22617 0.753335
31.3333 -0.178066 -0.912564 0.753335
31.3333 0.823241 0.0283368 7.03652
31.3333 0.786807 0.52711 0.753335
31.3333 0.154864 -0.846785 0.753335
31.3333 -0.631627 0.336827 7.03652
31.3333 0.823583 0.573569 7.03652
31.3333 -0.84279 0.493389 7.03652
31.3333 0.132777 -0.784156 0.753335
31.3333 0.627868 -0.163099 7.03652
31.3333 0.410115 -0.218413 0.753335
31.3333 -0.900417 -0.238936 0.753335
31.3333 -0.696783 -0.701257 0.753335
31.3333 -0.440223 -0.470506 7.03652
31.3333 -0.222897 -0.954747 0.753335
31.3333 0.274185 -0.847494 0.753335
31.3333 -0.232899 0.627717 0.753335
31.3333 0.0759086 -0.703333 7.03652
31.3333 -0.475374 0.461645 7.03652
31.3333 -0.313593 0.118824 7.03652
31.3333 0.616131 -0.73849 0.753335
31.3333 -0.362013 0.351305 0.753335
31.3333 -0.32532 -0.196156 7.03652
31.3333 -0.336605 -0.502625 0.753335
31.3333 0.0712719 0.80323 0.753335
31.3333 -0.0176333 -0.39198 0.753335
31.3333 0.554477 -0.0417413 7.03652
31.3333 0.0228872 -0.0886642 0.753335
31.3333 0.284214 0.627925 7.03652
31.3333 -0.114578 0.615989 7.03652
31.3333 0.104906 0.544429 0.753335
31.3333 0.351224 -0.0678943 0.753335
31.3333 0.736219 -0.216829 0.753335
31.3333 0.795518 -0.277569 7.03652
31.3333 0.844036 -0.546564 7.03652
31.3333 0.130949 -0.0241935 0.753335
31.3333 -0.850407 0.331333 7.03652
31.3333 -0.361644 0.1459 7.03652
31.3333 -0.0659523 -0.399843 0.753335
31.3333 -0.534727 0.54598 0.753335
31.3333 -0.415744 0.142748 7.03652
31.3333 -0.968901 -0.00721505 7.03652
31.3333 0.598974 -0.00641293 7.03652
31.3333 -0.209027 0.0838024 7.03652
31.3333 0.897723 0.301629 0.753335
31.3333 0.5058 0.264419 0.753335
31.3333 -0.512085 0.599797 7.03652
31.3333 0.210542 0.580494 0.753335
31.3333 -0.427538 -0.386602 0.753335
31.3333 -0.728863 -0.0862485 0.753335
31.3333 0.0727416 -0.0939489 7.03652
31.3333 -1.00172 -0.278679 7.03652
31.3333 0.621844 -0.793892 7.03652
31.3333 -0.912351 -0.515381 7.03652
31.3333 0.00788245 0.255199 0.753335
31.3333 0.575097 0.341963 0.753335
31.3333 0.318777 0.244131 0.753335
31.3333 -0.160173 0.336178 0.753335
31.3333 0.180553 -0.21402 0.753335
31.3333 0.466347 -0.156155 7.03652
31.3333 -0.605937 -0.3671 7.03652
31.3333 -0.805264 0.285674 0.753335
31.3333 0.010867 -0.540709 7.03652
31.3333 -0.392368 0.506476 0.753335
31.3333 -0.0411719 0.139126 7.03652
31.3333 0.437476 0.396806 7.03652
31.3333 0.378472 0.618329 7.03652
31.3333 -0.107624 0.332048 7.03652
31.3333 0.518305 -0.751525 0.753335
31.3333 -0.0556839 0.721788 7.03652
31.3333 -0.16488 -0.81069 7.03652
31.3333 0.0101824 0.398809 0.753335
31.3333 0.589586 -0.195325 7.03652
31.3333 0.412282 -0.268094 0.753335
31.3333 -0.981149 -0.0588236 7.03652
31.3333 -0.849079 0.441539 0.753335
31.3333 0.753073 0.485552 0.753335
31.3333 0.0372997 0.357675 0.753335
31.3333 0.883186 -0.322095 7.03652
31.3333 -0.850287 -0.516218 0.753335
31.3333 0.342918 0.0422033 0.753335
31.3333 -0.404843 -0.432425 0.753335
31.3333 0.304915 -0.591233 7.03652
31.3333 0.259328 -0.0333068 0.753335
31.3333 0.287184 0.207416 0.753335
31.3333 0.362206 -0.330017 0.753335
31.3333 0.164963 -0.655378 0.753335
31.3333 0.238988 0.356632 7.03652
31.3333 0.296949 -0.71267 0.753335
31.3333 -0.403333 -0.881105 0.753335
31.3333 -0.01477 -0.951136 0.753335
31.3333 -0.403499 -0.515053 7.03652
31.3333 0.267734 -0.50439 0.753335
31.3333 -0.834769 0.157307 0.753335
31.3333 0.629893 0.776459 0.753335
31.3333 0.566261 -0.838387 0.753335
31.3333 -0.329122 0.313639 0.753335
31.3333 0.222756 0.913115 7.03652
31.3333 0.384711 0.0190575 7.03652
31.3333 0.347059 -0.616175 7.03652
31.3333 -0.324024 0.619361 0.753335
31.3333 -0.597068 -0.655133 0.753335
31.3333 0.103946 0.959987 0.753335
31.3333 0.416184 0.717968 0.753335
31.3333 0.0376595 0.688985 0.753335
31.3333 0.224249 0.99595 0.753335
31.3333 -0.107427 -0.775736 7.03652
31.3333 -0.246673 -0.126285 0.753335
31.3333 0.455217 0.544235 0.753335
31.3333 -0.153349 -0.350461 0.753335
31.3333 0.928767 -0.137749 0.753335
31.3333 0.174014 0.387612 0.753335
31.3333 0.317485 -0.207228 0.753335
31.3333 0.0522425 0.476573 0.753335
31.3333 0.48765 0.428888 0.753335
31.3333 0.478144 0.879478 0.753335
31.3333 -0.0233945 0.672611 0.753335
31.3333 -0.338591 0.265337 0.753335
31.3333 -0.937641 -0.165262 0.753335
31.3333 -0.293143 -0.0683832 7.03652
31.3333 0.0792881 -0.216823 7.03652
31.3333 -0.234487 -0.240169 7.03652
31.3333 -0.109339 0.0849776 7.03652
31.3333 -0.584942 -0.858846 7.03652
31.3333 -0.516037 -0.431585 0.753335
31.3333 -0.465036 -0.750662 7.03652
31.3333 -0.179656 0.822891 0.753335
31.3333 0.183492 0.0467702 0.753335
31.3333 -0.979005 0.214399 0.753335
31.3333 -0.785007 0.696498 7.03652
31.3333 0.878766 -0.112505 0.753335
31.3333 0.234501 -0.807031 0.753335
31.3333 0.178967 0.0995394 0.753335
31.3333 0.546553 -0.326373 0.753335
31.3333 -0.217539 -0.675466 7.03652
31.3333 -0.350716 0.400675 0.753335
31.3333 -0.107334 -0.680755 0.753335
31.3333 0.0873422 0.0779683 7.03652
31.3333 -0.119185 -0.319673 0.753335
31.3333 0.10647 -0.399511 0.753335
31.3333 0.184976 0.19047 0.753335
31.3333 -0.213883 -0.572339 0.753335
31.3333 0.476693 0.0524547 7.03652
31.3333 -0.232643 0.790275 7.03652
31.3333 0.684104 -0.500791 0.753335
31.3333 0.630358 0.0329238 0.753335
31.3333 0.27487 -0.773896 0.753335
31.3333 -0.653284 0.807711 7.03652
31.3333 0.906084 0.426594 7.03652
31.3333 0.0155566 -0.436378 7.03652
31.3333 -0.103396 0.285016 0.753335
31.3333 0.565213 -0.152019 0.753335
31.3333 0.148287 1.00641 0.753335
31.3333 -1.03806 -0.162666 0.753335
31.3333 -0.591993 -0.0138879 7.03652
31.3333 -0.315561 -0.241284 7.03652
31.3333 -0.12822 0.242384 0.753335
31.3333 0.0908343 -0.755986 7.03652
31.3333 -0.641528 -0.11764 7.03652
31.3333 -0.0120535 -0.138179 0.753335
31.3333 -0.192685 0.662791 0.753335
31.3333 0.349402 0.496371 0.753335
31.3333 -0.307263 0.357855 0.753335
31.3333 0.311187 0.13587 0.753335
31.3333 -0.288435 -0.47742 0.753335
31.3333 -0.871514 0.381501 0.753335
31.3333 -0.0882117 0.0374861 7.03652
31.3333 -0.690668 0.134985 0.753335
31.3333 0.755496 -0.0604123 0.753335
