33.6667 -0.907459 0.309345 0.753335
33.6667 0.657482 -0.664359 0.753335
33.6667 -0.450462 -0.58347 7.03652
33.6667 -0.406941 0.82132 0.753335
33.6667 -0.26662 -0.0296146 0.753335
33.6667 -1.03791 -0.0412162 7.03652
33.6667 -0.869437 -0.384567 0.753335
33.6667 -0.425494 0.567022 0.753335
33.6667 0.00611003 0.147172 0.753335
33.6667 0.735773 -0.49809 0.753335
33.6667 0.0739293 0.394033 7.03652
33.6667 -0.0229827 0.979256 0.753335
33.6667 -0.432081 0.885514 7.03652
33.6667 -0.339442 -0.0692686 0.753335
33.6667 -0.114201 0.459831 7.03652
33.6667 0.4176 -0.168372 0.753335
33.6667 0.458612 -0.321487 7.03652
33.6667 -1.02814 -0.226111 7.03652
33.6667 -0.990864 -0.127445 0.753335
33.6667 -0.284653 0.932338 0.753335
33.6667 0.0903388 0.197648 7.03652
33.6667 -0.844143 -0.16148 7.03652
33.6667 -0.175022 0.171816 0.753335
33.6667 -0.757675 0.272417 7.03652
33.6667 0.960336 0.0941855 0.753335
33.6667 0.430212 0.911549 0.753335
33.6667 -0.188934 0.519758 7.03652
33.6667 -0.885998 -0.190813 0.753335
33.6667 -0.167987 0.216802 0.753335
33.6667 -0.694674 0.645548 0.753335
33.6667 0.0557294 -0.52774 0.753335
33.6667 0.0457442 -0.180652 7.03652
33.6667 -0.0896263 -0.0140885 7.03652
33.6667 -0.135104 -0.00692648 7.03652
33.6667 -0.394546 0.947853 0.753335
33.6667 -0.56518 0.594894 0.753335
33.6667 0.0734083 -0.311244 7.03652
33.6667 -0.0652383 0.0966736 7.03652
33.6667 -0.593978 -0.754067 0.753335
33.6667 0.754194 0.254378 0.753335
33.6667 -0.357301 -0.916985 0.753335
33.6667 0.167045 -0.960533 0.753335
33.6667 -0.703257 0.490094 7.03652
33.6667 0.21761 -0.351733 0.753335
33.6667 0.607425 -0.626559 7.03652
33.6667 -0.118428 0.925745 7.03652
33.6667 0.667818 0.659683 0.753335
33.6667 -0.0222619 -0.0817068 7.03652
33.6667 0.726949 -0.00758842 7.03652
33.6667 0.146528 -0.73044 0.753335
33.6667 0.602978 0.299413 0.753335
33.6667 -0.617126 0.0744472 0.753335
33.6667 -0.773952 -0.265859 7.03652
33.6667 0.424095 -0.553747 7.03652
33.6667 0.0672899 0.583225 0.753335
33.6667 0.10282 0.879556 0.753335
33.6667 -0.506449 -0.321814 7.03652
33.6667 0.531169 0.74963 0.753335
33.6667 0.42636 -0.11727 0.753335
33.6667 -0.632517 0.286301 0.753335
33.6667 -0.347511 -0.655788 0.753335
33.6667 -0.337861 0.508187 7.03652
33.6667 -0.338599 0.840238 7.03652
33.6667 0.674299 -0.746454 0.753335
33.6667 -0.359452 0.209494 0.753335
33.6667 -0.452454 -0.12182 7.03652
33.6667 0.269818 -0.226924 7.03652
33.6667 0.203614 -0.404665 0.753335
33.6667 0.51949 -0.0849954 0.753335
33.6667 0.0805065 -0.141684 0.753335
33.6667 0.325787 0.86069 0.753335
33.6667 -0.307217 -0.967515 0.753335
33.6667 -0.903614 0.245848 0.753335
33.6667 -0.029145 0.774354 7.03652
33.6667 0.0769247 0.125146 0.753335
33.6667 -0.249328 -0.61852 7.03652
33.6667 0.545053 -0.267822 0.753335
33.6667 0.412677 0.659569 0.753335
33.6667 0.265906 0.956614 0.753335
33.6667 -0.953894 0.272328 0.753335
33.6667 -0.229785 0.849219 7.03652
33.6667 0.466776 0.235481 7.03652
33.6667 -0.0368509 -0.52966 0.753335
33.6667 -0.563479 -0.450342 7.03652
33.6667 0.31896 0.085765 0.753335
33.6667 -0.85755 -0.336078 0.753335
33.6667 0.2571 0.015259 7.03652
33.6667 -0.478654 0.554492 7.03652
33.6667 0.788601 -0.220281 0.753335
33.6667 -0.00905426 -0.890001 0.753335
33.6667 0.325175 -0.456368 0.753335
33.6667 -0.214715 -0.048341 0.753335
33.6667 -0.297454 0.695604 7.03652
33.6667 0.3933 0.315752 0.753335
33.6667 0.263575 -0.371314 0.753335
33.6667 0.278617 -0.455264 0.753335
33.6667 0.771155 -0.110957 7.03652
33.6667 0.197234 -0.752892 7.03652
33.6667 -0.751004 0.126625 0.753335
33.6667 0.194575 -0.697311 0.753335
33.6667 0.0385023 0.967535 7.03652
33.6667 0.700696 -0.44255 0.753335
33.6667 0.764047 -0.324625 0.753335
33.6667 -0.436521 0.217094 0.753335
33.6667 0.205674 -0.511584 0.753335
33.6667 -0.283476 -0.426075 7.03652
33.6667 -0.238282 0.0464363 7.03652
33.6667 0.651097 -0.0280569 7.03652
33.6667 0.231356 0.631088 0.753335
33.6667 -0.432112 -0.0440331 0.753335
33.6667 0.488002 -0.705488 0.753335
33.6667 -0.275793 -0.270501 7.03652
33.6667 -0.0025875 0.721572 0.753335
33.6667 -0.0128787 0.299944 0.753335
33.6667 0.214596 -0.862753 0.753335
33.6667 0.332103 0.442642 0.753335
33.6667 -0.510107 0.655276 0.753335
33.6667 0.746597 0.310857 0.753335
33.6667 0.55725 -0.471445 7.03652
33.6667 -0.566898 0.650105 0.753335
33.6667 -0.0207157 -0.670194 0.753335
33.6667 0.5602 -0.600654 0.753335
33.6667 -0.165408 0.562965 0.753335
33.6667 -0.0563656 0.277201 7.03652
33.6667 -0.203765 -0.724512 7.03652
33.6667 -0.753314 -0.320992 7.03652
33.6667 -0.110283 -0.179223 0.753335
33.6667 -0.502838 0.503317 7.03652
33.6667 -0.537314 0.855064 7.03652
33.6667 -0.19672 -0.0989629 0.753335
33.6667 0.6061 -0.684329 0.753335
33.6667 -0.144894 -0.0973341 0.753335
33.6667 -0.657135 0.171468 0.753335
33.6667 -0.0149156 -1.01378 7.03652
33.6667 -0.914812 -0.0116512 7.03652
33.6667 0.154356 0.248318 7.03652
33.6667 -0.0829004 0.231435 0.753335
33.6667 0.855822 0.261766 0.753335
33.6667 0.714103 0.69568 0.753335
33.6667 0.321107 0.309946 0.753335
33.6667 0.169473 -0.361587 0.753335
33.6667 -0.444676 -0.65155 7.03652
33.6667 -0.431221 0.0982046 7.03652
33.6667 -0.164289 -0.587431 7.03652
33.6667 0.0678869 0.736847 0.753335
33.6667 -0.614203 -0.423654 0.753335
33.6667 0.850961 0.516964 0.753335
33.6667 -1.00213 0.0377863 7.03652
33.6667 -0.714157 0.765195 7.03652
33.6667 0.508221 -0.186914 0.753335
33.6667 0.671575 -0.134014 7.03652
33.6667 -0.0929136 0.137815 0.753335
33.6667 -0.468534 -0.0764647 0.753335
33.6667 0.262666 0.578679 0.753335
33.6667 0.547715 -0.216482 7.03652
33.6667 -0.0143239 0.35256 0.753335
33.6667 -0.103507 -0.132748 7.03652
33.6667 0.374781 0.929359 7.03652
33.6667 0.250626 0.312175 0.753335
33.6667 -0.273693 0.588046 0.753335
33.6667 -0.118791 -0.0545692 7.03652
33.6667 -0.108213 -0.591304 0.753335
33.6667 0.815277 -0.499668 7.03652
33.6667 -0.751478 0.472787 0.753335
33.6667 0.405725 -0.50849 7.03652
33.6667 0.591325 -0.433222 0.753335
33.6667 -0.0567623 0.326649 7.03652
33.6667 0.115856 -0.635422 0.753335
33.6667 -0.0535529 -0.119468 7.03652
33.6667 0.550091 0.00875724 0.753335
33.6667 0.700548 -0.0551855 0.753335
33.6667 0.253804 -0.677628 7.03652
33.6667 0.212007 0.442843 0.753335
33.6667 -0.92508 0.105018 0.753335
33.6667 -0.549537 -0.149485 7.03652
33.6667 -0.123393 0.871509 0.753335
33.6667 0.066794 -0.262656 0.753335
33.6667 0.309101 -0.966756 0.753335
33.6667 -0.978202 -0.196551 7.03652
33.6667 -0.257802 -0.729468 0.753335
33.6667 0.627078 0.426626 7.03652
33.6667 -0.672788 -0.0762627 0.753335
33.6667 0.00947129 0.198984 0.753335
33.6667 -0.659102 0.53611 0.753335
33.6667 -0.979642 0.374738 7.03652
33.6667 -0.495566 0.799001 7.03652
33.6667 -0.472991 0.0669681 7.03652
33.6667 -0.829504 0.547965 7.03652
33.6667 0.0822334 1.01571 7.03652
33.6667 -0.634571 0.213861 0.753335
33.6667 -0.548746 -0.797093 0.753335
33.6667 0.679478 0.0134043 0.753335
33.6667 -0.331581 -0.286331 0.753335
33.6667 0.02796 -0.0434118 0.753335
33.6667 -0.58813 0.759989 0.753335
33.6667 0.752877 0.0951133 0.753335
33.6667 -0.481745 -0.0253646 7.03652
33.6667 0.650697 -0.539889 0.753335
33.6667 0.591785 -0.2839 0.753335
33.6667 -0.510151 -0.115978 7.03652
33.6667 -1.03286 0.197471 7.03652
33.6667 0.905062 -0.197584 0.753335
33.6667 0.361814 -0.377204 0.753335
33.6667 -0.167854 -0.0540845 0.753335
33.6667 -0.357072 -0.6029 7.03652
33.6667 -0.00384291 0.449983 0.753335
33.6667 0.44171 0.0903007 0.753335
33.6667 0.445999 0.284166 0.753335
33.6667 -0.407087 0.366871 0.753335
33.6667 0.462267 -0.764468 0.753335
33.6667 -0.239173 0.54284 0.753335
33.6667 -0.162588 0.477641 0.753335
33.6667 0.591499 0.465832 0.753335
33.6667 -0.812069 0.225361 7.03652
33.6667 0.0339309 0.00325669 7.03652
33.6667 0.531662 0.858747 7.03652
33.6667 -0.286145 -0.161468 0.753335
33.6667 -0.456063 0.171342 0.753335
33.6667 0.094339 0.497062 0.753335
33.6667 -0.0340805 0.494313 0.753335
33.6667 -0.540202 0.702557 0.753335
33.6667 0.666939 0.0708572 7.03652
33.6667 0.858799 -0.162886 0.753335
33.6667 -0.704028 -0.605367 7.03652
33.6667 -0.492395 -0.47422 0.753335
33.6667 0.148145 0.703443 0.753335
33.6667 0.358627 0.143565 7.03652
33.6667 0.567943 -0.381772 0.753335
33.6667 0.695784 0.16995 0.753335
33.6667 -0.196665 -0.628936 0.753335
33.6667 -0.724356 0.539757 0.753335
33.6667 0.0702286 -0.63648 0.753335
33.6667 -0.449696 -0.247768 0.753335
33.6667 -0.369265 -0.00656551 0.753335
33.6667 -0.404515 -0.750211 0.753335
33.6667 -0.888672 0.048719 0.753335
33.6667 -0.607322 -0.53701 7.03652
33.6667 -0.595131 -0.594735 7.03652
33.6667 0.363128 0.751304 7.03652
33.6667 -0.219714 0.219604 7.03652
33.6667 0.124154 -0.306117 0.753335
33.6667 -0.462892 0.611597 0.753335
33.6667 -0.136272 1.01276 7.03652
33.6667 0.665247 0.546269 0.753335
33.6667 0.124199 0.392515 0.753335
33.6667 -1.04604 -0.0977413 0.753335
33.6667 0.74802 -0.418308 0.753335
33.6667 0.675617 0.454076 7.03652
33.6667 -0.897564 -0.126622 0.753335
33.6667 0.542073 -0.548295 0.753335
33.6667 -0.283893 0.299599 7.03652
33.6667 -0.812481 0.389035 0.753335
33.6667 0.297463 -0.0772318 0.753335
33.6667 -0.861856 -0.284711 7.03652
33.6667 -0.463919 -0.296225 7.03652
33.6667 0.474642 -0.104412 0.753335
33.6667 0.230081 0.783413 0.753335
33.6667 0.40195 0.264036 7.03652
33.6667 0.866874 0.462778 0.753335
33.6667 -0.337497 -0.148391 0.753335
33.6667 0.59812 -0.559207 7.03652
33.6667 0.424472 -0.81212 7.03652
33.6667 -0.22495 0.172744 0.753335
33.6667 -0.128345 0.377644 7.03652
33.6667 0.00977901 0.815331 7.03652
33.6667 0.139472 0.201864 0.753335
33.6667 0.396746 -0.0770653 0.753335
33.6667 0.436315 -0.654046 7.03652
33.6667 -0.158186 -0.189122 0.753335
33.6667 -0.642503 0.117954 0.753335
33.6667 -0.27013 -0.854006 7.03652
33.6667 -0.353733 -0.722436 0.753335
33.6667 0.167754 -0.2646 0.753335
33.6667 -0.404362 -0.622131 7.03652
33.6667 -0.593354 0.242967 0.753335
33.6667 -0.340318 0.9107 7.03652
33.6667 0.923063 0.161035 0.753335
33.6667 0.164925 0.146741 7.03652
33.6667 -0.166696 0.709858 7.03652
33.6667 -0.354501 -0.547118 0.753335
33.6667 -0.708377 -0.0371791 0.753335
33.6667 -0.447095 0.413112 7.03652
33.6667 -0.244143 0.682447 7.03652
33.6667 0.391586 0.17848 0.753335
33.6667 0.749339 -0.161529 7.03652
33.6667 -0.723549 -0.175211 0.753335
33.6667 0.663882 0.599191 0.753335
33.6667 -0.0802627 0.18378 7.03652
33.6667 0.394631 0.368944 0.753335
33.6667 0.804001 0.110274 7.03652
33.6667 0.181181 -0.604582 0.753335
33.6667 -0.808989 -0.483342 0.753335
33.6667 0.448847 0.181173 7.03652
33.6667 -0.205283 -0.365813 0.753335
33.6667 -0.992466 -0.332587 7.03652
33.6667 -0.832629 -0.426112 7.03652
33.6667 -0.641034 0.7539 0.753335
33.6667 0.49992 -0.0409649 7.03652
33.6667 0.580602 0.0527762 0.753335
33.6667 -0.282747 0.485933 0.753335
33.6667 -0.841736 -0.620766 0.753335
33.6667 0.618493 0.366163 7.03652
33.6667 0.0551836 0.266003 0.753335
33.6667 0.492807 0.587112 0.753335
33.6667 -0.266699 0.202523 0.753335
33.6667 0.0895399 0.348217 0.753335
33.6667 -0.328964 0.0246012 7.03652
33.6667 0.369211 -0.712138 7.03652
33.6667 0.209702 -0.0450116 0.753335
33.6667 0.555095 0.108193 0.753335
33.6667 -0.413877 -0.213824 0.753335
33.6667 -0.943787 -0.460248 7.03652
33.6667 0.171363 0.775086 0.753335
33.6667 0.640783 0.494965 0.753335
33.6667 -0.372242 -0.397841 0.753335
33.6667 0.335466 0.646004 0.753335
33.6667 -0.373825 -0.187185 0.753335
33.6667 -0.138914 0.662627 0.753335
33.6667 -0.364574 -0.973341 0.753335
33.6667 -0.781672 0.516023 7.03652
33.6667 0.102811 0.24573 0.753335
33.6667 -0.532116 -0.0138595 0.753335
33.6667 -0.238906 -0.1768 0.753335
33.6667 0.0716654 0.636148 0.753335
33.6667 -0.254613 0.332103 0.753335
33.6667 -0.374461 -0.302191 0.753335
33.6667 0.90373 -0.256578 7.03652
33.6667 -0.919387 0.488943 0.753335
33.6667 -0.598344 0.180883 7.03652
33.6667 -0.290984 -0.527111 0.753335
33.6667 -0.3179 -0.817873 0.753335
33.6667 0.236023 0.197997 0.753335
33.6667 0.702351 -0.698522 0.753335
33.6667 -0.00147341 -0.487688 7.03652
33.6667 -0.656586 -0.24959 0.753335
33.6667 0.598731 0.527415 0.753335
33.6667 -0.565006 0.808079 0.753335
33.6667 0.810061 0.225207 0.753335
33.6667 0.269576 0.108358 0.753335
33.6667 0.0349008 0.107712 0.753335
33.6667 -0.665835 0.251221 7.03652
33.6667 -0.464816 0.0181845 7.03652
33.6667 0.120156 -0.0713623 7.03652
33.6667 0.234629 -0.138715 0.753335
33.6667 -0.371429 0.60647 0.753335
33.6667 -0.38869 0.24794 7.03652
33.6667 -0.265422 -0.796141 0.753335
33.6667 0.76936 -0.545226 0.753335
33.6667 -0.195902 -0.476337 7.03652
33.6667 0.0514481 0.165234 0.753335
33.6667 -0.23072 -0.289861 7.03652
33.6667 -0.664557 0.0560989 0.753335
33.6667 0.223942 0.105742 7.03652
33.6667 0.461797 0.137568 0.753335
33.6667 -0.336453 -0.447646 7.03652
33.6667 0.197432 0.826599 7.03652
33.6667 0.139053 0.342875 7.03652
33.6667 0.100864 0.440211 0.753335
33.6667 -0.300232 -0.114594 7.03652
33.6667 -0.793371 0.442431 0.753335
33.6667 0.806209 0.163469 0.753335
33.6667 -0.275348 0.994713 0.753335
33.6667 -0.0568626 0.447662 0.753335
33.6667 0.0519716 0.854983 0.753335
33.6667 0.255471 0.735373 0.753335
33.6667 0.152792 -0.501171 0.753335
33.6667 0.361742 0.564747 0.753335
33.6667 -0.753909 0.379091 0.753335
33.6667 0.606287 -0.0591552 0.753335
33.6667 0.437557 0.445987 7.03652
33.6667 -0.897675 -0.0613085 0.753335
33.6667 0.779623 -0.0084114 0.753335
33.6667 -0.424659 0.318869 0.753335
33.6667 -0.0575225 -0.57749 0.753335
33.6667 0.106525 -0.938041 7.03652
33.6667 -0.151709 0.290969 7.03652
33.6667 -0.552097 0.482764 0.753335
33.6667 -0.273024 0.751462 7.03652
33.6667 -0.702999 -0.362605 0.753335
33.6667 0.469998 -0.416396 0.753335
33.6667 -0.376653 0.552728 0.753335
33.6667 0.243463 -0.730514 0.753335
33.6667 -0.037293 0.402372 7.03652
33.6667 0.413312 -0.373887 0.753335
33.6667 -0.646412 -0.294789 7.03652
33.6667 -0.261687 0.440536 7.03652
33.6667 -0.187918 -0.25384 0.753335
33.6667 -0.603381 0.483866 0.753335
33.6667 0.21493 0.283104 7.03652
33.6667 -0.147523 -0.444876 0.753335
33.6667 -0.778884 -0.422998 7.03652
33.6667 -0.310801 -0.577965 0.753335
33.6667 -0.0505441 0.930079 0.753335
33.6667 -0.0581623 0.824889 7.03652
33.6667 -0.506564 0.348163 7.03652
33.6667 0.570773 0.6723 0.753335
33.6667 -0.0676274 0.878956 7.03652
33.6667 0.703245 0.502538 0.753335
33.6667 -0.942961 -0.0950129 0.753335
33.6667 -0.445438 0.513781 0.753335
33.6667 0.458564 -0.268185 7.03652
33.6667 -0.375545 -0.834268 7.03652
33.6667 0.612813 -0.115325 0.753335
33.6667 -0.769847 -0.704291 7.03652
33.6667 0.0395461 -0.966362 7.03652
33.6667 -0.644489 -0.610029 7.03652
33.6667 0.65672 -0.0834243 7.03652
33.6667 -0.396786 0.415943 7.03652
33.6667 -1.04859 0.0810514 0.753335
33.6667 -0.0883339 -0.535604 0.753335
33.6667 -0.41481 0.62553 0.753335
33.6667 0.538552 0.448054 0.753335
33.6667 0.218072 -0.299378 0.753335
33.6667 -0.731002 0.422226 0.753335
33.6667 0.366631 -0.791309 0.753335
33.6667 -0.581888 0.351354 7.03652
33.6667 0.135428 0.840198 0.753335
33.6667 -0.209505 0.303451 7.03652
33.6667 -0.758503 0.219649 0.753335
33.6667 0.0969832 -0.823989 0.753335
33.6667 -0.748754 -0.00442864 0.753335
33.6667 -0.902489 0.431065 0.753335
33.6667 0.522442 0.694353 0.753335
33.6667 -0.0143782 -0.0274829 0.753335
33.6667 -0.473349 -0.915165 7.03652
33.6667 -0.283938 0.253302 0.753335
33.6667 0.021077 0.639825 7.03652
33.6667 -0.716391 -0.260985 7.03652
33.6667 -0.239299 0.264928 0.753335
33.6667 -0.347745 0.667189 7.03652
33.6667 0.0471256 -0.91262 7.03652
33.6667 0.139661 0.0670643 7.03652
33.6667 -0.554581 -0.343185 7.03652
33.6667 -0.975961 -0.394551 7.03652
33.6667 0.824936 -0.332591 0.753335
33.6667 0.0458582 0.431712 0.753335
33.6667 0.313076 -0.356061 0.753335
33.6667 0.499655 -0.241944 7.03652
33.6667 -0.627224 0.433361 7.03652
33.6667 -0.428335 -0.326021 0.753335
33.6667 0.70004 0.280722 7.03652
33.6667 -0.184261 0.0419166 7.03652
33.6667 0.329616 0.18517 0.753335
33.6667 -0.28749 0.874224 0.753335
33.6667 -0.30891 -0.69648 0.753335
33.6667 0.316359 -0.818368 0.753335
33.6667 -0.942004 0.0480104 0.753335
33.6667 0.947879 0.245483 7.03652
33.6667 0.473619 0.798253 7.03652
33.6667 0.122224 0.0272324 0.753335
33.6667 0.898663 0.221636 0.753335
33.6667 -0.484059 0.722315 7.03652
33.6667 0.273473 -0.903114 7.03652
33.6667 -0.953756 -0.249987 0.753335
33.6667 0.284833 0.278818 0.753335
33.6667 -0.386499 -0.35051 0.753335
33.6667 -0.227688 0.904812 0.753335
33.6667 0.289833 -0.64121 7.03652
33.6667 0.496642 -0.814153 7.03652
33.6667 0.150232 -0.165633 0.753335
33.6667 0.0498204 0.534529 0.753335
33.6667 -0.118968 -0.393833 0.753335
33.6667 -0.0479146 0.00573749 7.03652
33.6667 -0.86008 0.000201471 0.753335
33.6667 -0.585554 0.531309 7.03652
33.6667 1.00009 0.0467583 7.03652
33.6667 -0.444596 0.777902 7.03652
33.6667 -0.26512 0.0924246 0.753335
33.6667 -0.180818 -0.00518293 0.753335
33.6667 -0.924887 0.361277 0.753335
33.6667 -0.246725 -0.337336 7.03652
33.6667 -0.715692 -0.425988 0.753335
33.6667 0.121672 -0.687288 7.03652
33.6667 -0.52456 0.440817 7.03652
33.6667 0.943034 -0.3148 7.03652
33.6667 -0.288177 -0.367926 7.03652
33.6667 0.0749434 -0.0478056 7.03652
33.6667 0.730598 -0.366759 0.753335
33.6667 -0.548937 -0.28911 7.03652
33.6667 -0.222075 0.408295 0.753335
33.6667 0.593792 0.140479 0.753335
33.6667 0.506288 -0.604483 0.753335
33.6667 -0.122741 -0.726387 0.753335
33.6667 -0.152923 -0.142064 0.753335
33.6667 0.331275 0.394136 0.753335
33.6667 0.856627 0.189591 0.753335
33.6667 -0.321619 0.455324 0.753335
33.6667 0.157707 0.571674 7.03652
33.6667 -0.680482 0.716671 7.03652
33.6667 -0.543279 0.126375 0.753335
33.6667 -0.565371 -0.0533805 0.753335
33.6667 0.167626 -0.000799346 7.03652
33.6667 0.674796 0.739027 0.753335
33.6667 -0.785157 0.170399 0.753335
33.6667 0.805879 -0.597106 0.753335
33.6667 -0.957015 0.432736 7.03652
33.6667 0.926332 -0.018855 7.03652
33.6667 -0.278541 0.0162793 0.753335
33.6667 0.126607 0.291017 7.03652
33.6667 -0.125904 0.187214 7.03652
33.6667 0.0826469 0.303324 0.753335
33.6667 0.81564 0.399488 7.03652
33.6667 -0.381593 0.774396 0.753335
33.6667 -0.210222 0.351641 0.753335
33.6667 -0.62409 -0.209329 7.03652
33.6667 0.120448 0.79286 0.753335
33.6667 0.279006 0.0595485 0.753335
33.6667 -0.640867 -0.0346215 0.753335
33.6667 -0.499244 0.206964 7.03652
33.6667 -0.718308 -0.5495 0.753335
33.6667 -0.336377 -0.344125 0.753335
33.6667 0.363824 -0.947025 0.753335
33.6667 -0.661403 -0.55944 7.03652
33.6667 -0.141757 -0.232781 0.753335
33.6667 -0.758937 0.638312 7.03652
33.6667 0.322652 -0.159345 0.753335
33.6667 0.610943 -0.239004 0.753335
33.6667 -0.142085 -0.635693 7.03652
33.6667 -0.22721 0.000221471 0.753335
33.6667 -0.577218 0.424846 7.03652
33.6667 -0.326583 0.736257 0.753335
33.6667 -0.0613668 -0.918645 0.753335
33.6667 -0.731977 -0.653962 7.03652
33.6667 -0.403682 -0.566169 7.03652
33.6667 -0.769129 -0.531823 0.753335
33.6667 0.155762 -0.900856 0.753335
33.6667 -0.0346009 0.186344 0.753335
33.6667 -0.856032 0.271272 7.03652
33.6667 0.762444 0.430771 0.753335
33.6667 -0.118983 0.821538 7.03652
33.6667 -0.296087 0.0617525 0.753335
33.6667 0.154309 0.524334 7.03652
33.6667 0.0976808 -0.556308 0.753335
33.6667 0.228365 0.0584035 7.03652
33.6667 -0.791328 0.336795 7.03652
33.6667 0.0590841 -0.41371 0.753335
33.6667 -0.0077724 -0.777713 7.03652
33.6667 0.363656 0.222358 0.753335
33.6667 0.129306 0.649888 7.03652
33.6667 0.182073 0.957465 0.753335
33.6667 0.399589 0.0669875 0.753335
33.6667 0.370186 -0.847603 0.753335
33.6667 -0.150418 -0.495804 0.753335
33.6667 -0.168366 0.949274 0.753335
33.6667 -0.838204 -0.239527 0.753335
33.6667 -0.322852 0.170796 0.753335
33.6667 -0.381704 0.100526 7.03652
33.6667 0.987756 0.138845 0.753335
33.6667 0.421799 0.772394 7.03652
33.6667 -0.894226 0.152287 7.03652
33.6667 -0.302867 0.409281 0.753335
33.6667 0.499993 0.197197 0.753335
33.6667 0.719171 0.049964 7.03652
33.6667 0.212854 0.00260181 0.753335
33.6667 0.551588 0.56311 0.753335
33.6667 0.414054 -0.425023 0.753335
33.6667 -0.619228 0.627443 0.753335
33.6667 0.134401 -0.454178 0.753335
33.6667 -0.834474 0.0578724 0.753335
33.6667 0.811259 0.460419 0.753335
33.6667 -0.520118 0.0816586 0.753335
33.6667 0.377485 -0.473109 0.753335
33.6667 -0.662537 -0.39882 7.03652
33.6667 0.224912 0.400382 7.03652
33.6667 0.333234 -0.112608 0.753335
33.6667 -0.22784 -0.891928 7.03652
33.6667 0.517506 -0.50671 7.03652
33.6667 -0.805321 0.108575 0.753335
33.6667 -0.581745 0.292562 7.03652
33.6667 -0.403064 0.6742 0.753335
33.6667 -0.153043 -0.864972 7.03652
33.6667 0.99349 -0.0836342 7.03652
33.6667 0.65481 0.222124 7.03652
33.6667 0.0470025 -0.477998 0.753335
33.6667 0.518583 -0.137883 0.753335
33.6667 -0.11613 -0.910088 7.03652
33.6667 -0.37949 0.300151 7.03652
33.6667 0.17232 0.299512 0.753335
33.6667 0.02605 -0.378165 0.753335
33.6667 -0.681024 0.322726 7.03652
33.6667 -0.0423712 -0.211068 0.753335
33.6667 0.64859 0.270657 0.753335
33.6667 -0.266587 -0.670802 0.753335
33.6667 -0.504244 0.156924 0.753335
33.6667 -0.664495 -0.811282 0.753335
33.6667 0.0435649 -0.856403 0.753335
33.6667 0.635805 -0.474013 7.03652
33.6667 0.248699 -0.602198 0.753335
33.6667 -0.563584 -0.397224 7.03652
33.6667 0.154668 -0.547813 0.753335
33.6667 -0.0946641 -0.439752 0.753335
33.6667 -0.232735 0.492389 0.753335
33.6667 -0.594729 0.132083 0.753335
33.6667 0.650887 0.125674 0.753335
33.6667 -0.304376 -0.756061 7.03652
33.6667 0.36302 -0.423202 7.03652
33.6667 -0.478165 -0.210847 0.753335
33.6667 -0.791923 -0.158534 0.753335
33.6667 -0.453122 -0.85605 7.03652
33.6667 0.699734 -0.623344 7.03652
33.6667 -0.750295 -0.131063 7.03652
33.6667 -0.0659114 0.641488 7.03652
33.6667 0.752278 -0.67016 0.753335
33.6667 0.728435 0.555635 0.753335
33.6667 -0.196085 -1.00944 0.753335
33.6667 -0.578406 -0.196044 7.03652
33.6667 0.868307 0.382796 0.753335
33.6667 -0.366806 -0.240146 0.753335
33.6667 -0.091139 -0.220212 0.753335
33.6667 0.0196912 0.583631 0.753335
33.6667 -0.611745 -0.0773741 7.03652
33.6667 0.0712384 -0.357973 0.753335
33.6667 -0.78815 0.0374922 0.753335
33.6667 -0.083883 -0.637651 0.753335
33.6667 0.442699 -0.464962 0.753335
33.6667 -0.570169 0.0808776 0.753335
33.6667 0.114429 0.157809 0.753335
33.6667 0.65248 -0.329845 7.03652
33.6667 0.365674 0.096396 0.753335
33.6667 0.115139 -0.261577 7.03652
33.6667 0.415237 0.576763 0.753335
33.6667 -0.539979 0.315559 7.03652
33.6667 0.195976 -0.16265 0.753335
33.6667 -0.153809 0.427009 0.753335
33.6667 0.758913 0.198804 0.753335
33.6667 0.45526 -0.0140888 7.03652
33.6667 0.548681 0.501502 0.753335
33.6667 -0.189884 -0.530149 0.753335
33.6667 0.473477 0.736675 0.753335
33.6667 -0.654021 0.482752 0.753335
33.6667 -0.969222 0.151937 0.753335
33.6667 0.118672 0.742205 7.03652
33.6667 0.0267994 0.0626081 7.03652
33.6667 -0.00482149 0.0284066 0.753335
33.6667 -0.130496 0.517863 0.753335
33.6667 0.0326968 -0.134388 0.753335
33.6667 0.199978 0.236947 0.753335
33.6667 0.235908 0.685882 7.03652
33.6667 -0.0594436 -0.751374 0.753335
33.6667 0.0145994 1.02436 7.03652
33.6667 0.443962 -0.604385 7.03652
33.6667 -0.494891 0.400319 7.03652
33.6667 -0.291969 -0.316591 0.753335
33.6667 0.253011 -0.550547 0.753335
33.6667 -0.725659 0.173439 0.753335
33.6667 0.378395 0.807547 0.753335
33.6667 0.368346 -0.179354 0.753335
33.6667 0.716738 -0.109701 0.753335
33.6667 -0.06027 -0.167758 7.03652
33.6667 0.622543 -0.380275 7.03652
33.6667 0.667204 0.38642 7.03652
33.6667 -0.512893 -0.379787 0.753335
33.6667 0.0988431 -0.879865 7.03652
33.6667 -0.806348 -0.010772 0.753335
33.6667 -0.75748 0.0759702 0.753335
33.6667 0.154173 -0.40824 0.753335
33.6667 0.649322 -0.278004 7.03652
33.6667 0.101908 -0.504485 0.753335
33.6667 -0.877725 -0.570418 0.753335
33.6667 -0.337768 0.972836 7.03652
33.6667 0.121925 -0.118334 0.753335
33.6667 0.59471 0.197771 0.753335
33.6667 -0.374555 0.71864 7.03652
33.6667 -0.279818 0.816951 7.03652
33.6667 0.438481 0.496448 7.03652
33.6667 0.0497633 0.219729 0.753335
33.6667 0.317815 0.58914 0.753335
33.6667 -0.320439 -0.0231997 0.753335
33.6667 -0.0336899 -0.347721 7.03652
33.6667 0.377662 -0.128584 0.753335
33.6667 0.197493 0.729994 7.03652
33.6667 0.70234 -0.313451 7.03652
33.6667 -0.00731609 -0.721567 7.03652
33.6667 -0.417529 0.00107254 7.03652
33.6667 -0.802674 -0.20872 7.03652
33.6667 -0.0843372 0.496475 7.03652
33.6667 -0.457454 0.358315 0.753335
33.6667 0.71109 -0.560543 0.753335
33.6667 -0.688783 -0.211916 0.753335
33.6667 0.217103 -0.25018 0.753335
33.6667 0.011817 0.504135 7.03652
33.6667 0.0612748 0.914361 7.03652
33.6667 0.313888 -0.305715 0.753335
33.6667 -0.288998 0.534172 0.753335
33.6667 0.640604 0.174584 0.753335
33.6667 -0.488273 -0.627612 7.03652
33.6667 0.53108 0.0602984 7.03652
33.6667 0.652365 -0.594027 7.03652
33.6667 -0.502499 -0.261365 0.753335
33.6667 0.551641 0.285073 0.753335
33.6667 -0.754932 -0.47229 7.03652
33.6667 0.446946 0.618344 0.753335
33.6667 0.899928 -0.430098 7.03652
33.6667 0.795425 0.343313 0.753335
33.6667 -0.459612 0.671027 7.03652
33.6667 -0.196981 1.00984 0.753335
33.6667 0.463525 -0.369522 0.753335
33.6667 0.434677 0.8387 0.753335
33.6667 -0.524323 -0.19311 0.753335
33.6667 -0.513409 -0.845777 7.03652
33.6667 0.512651 -0.365095 7.03652
33.6667 -0.469083 -0.360039 7.03652
33.6667 0.115283 0.600283 0.753335
33.6667 -0.192909 -0.31739 0.753335
33.6667 0.611686 0.635065 0.753335
33.6667 -0.340176 0.08077 0.753335
33.6667 0.938477 -0.0758986 0.753335
33.6667 0.528385 0.803653 7.03652
33.6667 -0.782242 0.580156 0.753335
33.6667 -0.420992 0.0509256 0.753335
33.6667 -0.506554 -0.521058 0.753335
33.6667 0.626447 0.699965 7.03652
33.6667 -0.64481 0.673469 7.03652
33.6667 0.039059 -0.745828 0.753335
33.6667 -0.702107 0.0880245 7.03652
33.6667 -0.358451 -0.779411 0.753335
33.6667 -0.2612 0.38075 0.753335
33.6667 -0.878037 -0.46012 7.03652
33.6667 -0.412 -0.0937415 7.03652
33.6667 0.845191 0.0795 7.03652
33.6667 -0.379682 -0.47274 7.03652
33.6667 -0.164105 -0.684997 0.753335
33.6667 -0.5674 0.0314025 0.753335
33.6667 0.193031 0.342147 0.753335
33.6667 -0.38329 -0.0520845 0.753335
33.6667 -0.237733 0.127601 0.753335
33.6667 -0.115072 0.565123 7.03652
33.6667 -0.751115 -0.377417 7.03652
33.6667 -0.168363 0.614645 0.753335
33.6667 0.296545 0.766273 0.753335
33.6667 0.211438 -0.919034 0.753335
33.6667 -0.380653 0.873348 7.03652
33.6667 0.272234 -0.17537 7.03652
33.6667 0.217345 -0.99849 0.753335
33.6667 0.707695 0.222964 7.03652
33.6667 0.849495 -0.27347 0.753335
33.6667 0.383009 0.86755 7.03652
33.6667 0.501524 0.00969597 0.753335
33.6667 -0.926593 0.194324 0.753335
33.6667 -0.544014 -0.609443 0.753335
33.6667 -0.166544 -0.398778 0.753335
33.6667 0.248659 -0.415935 7.03652
33.6667 -0.796956 -0.0999061 7.03652
33.6667 -0.919781 -0.29867 7.03652
33.6667 -0.325062 -0.875295 0.753335
33.6667 -0.751193 -0.21754 0.753335
33.6667 -0.186836 0.260119 0.753335
33.6667 0.0203692 -0.629001 7.03652
33.6667 -0.10388 -0.487507 7.03652
33.6667 -0.806291 -0.305436 0.753335
33.6667 -0.609 -0.808941 7.03652
33.6667 -0.515649 0.0311053 0.753335
33.6667 -0.0960943 0.41498 0.753335
33.6667 0.464137 -0.510612 0.753335
33.6667 -0.623874 0.0223306 0.753335
33.6667 0.172622 -0.31322 0.753335
33.6667 0.308099 -0.0313662 7.03652
33.6667 -0.708508 -0.491823 7.03652
33.6667 0.703245 0.344679 0.753335
33.6667 -0.615992 0.571222 7.03652
33.6667 0.121036 -0.352696 0.753335
33.6667 -0.566508 -0.705025 7.03652
33.6667 0.324983 0.965082 0.753335
33.6667 -0.554763 -0.498835 0.753335
33.6667 0.174669 0.620427 7.03652
33.6667 -0.398351 0.186611 0.753335
33.6667 0.503146 -0.302271 7.03652
33.6667 0.322953 0.808096 0.753335
33.6667 -0.464952 -0.421148 7.03652
33.6667 -0.0701252 -0.308653 0.753335
33.6667 -0.819542 0.638132 0.753335
33.6667 -0.477284 0.303211 7.03652
33.6667 0.1272 0.111938 7.03652
33.6667 0.410048 0.130764 0.753335
33.6667 -0.655261 -0.169919 0.753335
33.6667 -0.156158 -0.287498 0.753335
33.6667 0.306952 -0.545089 0.753335
33.6667 0.825508 -0.429032 0.753335
33.6667 -0.651385 -0.344969 0.753335
33.6667 0.281219 -0.125692 7.03652
33.6667 -0.133758 -1.01706 0.753335
33.6667 0.0914261 0.68634 0.753335
33.6667 0.654064 0.324397 0.753335
33.6667 0.249544 -0.0829425 0.753335
33.6667 0.0850541 -0.0041195 0.753335
33.6667 -0.627624 0.385075 0.753335
33.6667 0.548054 -0.657194 0.753335
33.6667 -0.547844 0.229973 0.753335
33.6667 0.849069 0.328923 0.753335
33.6667 -0.597484 -0.31092 7.03652
33.6667 0.481823 -0.560021 7.03652
33.6667 0.814274 -0.0507938 0.753335
33.6667 0.690346 -0.24819 7.03652
33.6667 -0.0638239 1.02541 7.03652
33.6667 -0.513813 0.900559 0.753335
33.6667 -0.547181 0.38488 0.753335
33.6667 0.598456 -0.333097 0.753335
33.6667 0.698199 -0.177727 0.753335
33.6667 -0.0714029 -1.02637 7.03652
33.6667 0.503349 0.640144 7.03652
33.6667 -0.246595 -0.0818155 0.753335
33.6667 0.429835 -0.705914 0.753335
33.6667 0.823472 -0.104449 0.753335
33.6667 -0.135276 0.0401597 7.03652
33.6667 -0.864709 0.104479 0.753335
33.6667 0.925982 0.360322 0.753335
33.6667 -0.454166 -0.525741 0.753335
33.6667 0.271588 0.439659 7.03652
33.6667 0.774478 0.0475146 7.03652
33.6667 -0.00215998 -0.584549 0.753335
33.6667 0.750754 0.374738 0.753335
33.6667 0.205913 -0.0974017 7.03652
33.6667 0.0679934 0.0395444 0.753335
33.6667 -0.187658 0.126915 0.753335
33.6667 -0.278316 0.15324 0.753335
33.6667 0.870988 -0.479176 7.03652
33.6667 -0.218327 -0.778193 7.03652
33.6667 0.0444786 -1.02718 7.03652
33.6667 -0.500763 -0.572316 0.753335
33.6667 0.608069 0.57987 0.753335
33.6667 0.137904 0.475992 0.753335
33.6667 -0.261188 -0.999845 7.03652
33.6667 0.0319326 0.311712 7.03652
33.6667 -0.485472 -0.798153 0.753335
33.6667 0.561438 -0.782614 7.03652
33.6667 0.577457 0.404691 0.753335
33.6667 -0.200536 -0.204371 7.03652
33.6667 0.210877 0.531601 7.03652
33.6667 0.315033 -0.257325 0.753335
33.6667 -0.375027 0.0448819 7.03652
33.6667 0.146653 -1.01453 7.03652
33.6667 0.355865 0.278596 0.753335
33.6667 0.393821 0.523857 7.03652
33.6667 0.292337 0.348255 7.03652
33.6667 -0.361889 -0.1088 0.753335
33.6667 0.963517 -0.258024 0.753335
33.6667 -0.057784 -0.0507559 0.753335
33.6667 0.866597 0.13624 0.753335
33.6667 -0.0671154 -0.864597 0.753335
33.6667 -0.110027 -0.831859 0.753335
33.6667 0.159182 0.432728 0.753335
33.6667 -0.175925 0.884047 0.753335
33.6667 0.166691 -0.0611397 0.753335
33.6667 0.500263 -0.45756 0.753335
33.6667 0.774413 0.598469 7.03652
33.6667 0.464546 0.679925 0.753335
33.6667 -0.603051 0.850181 7.03652
33.6667 0.189443 0.485467 0.753335
33.6667 0.760721 0.656505 0.753335
33.6667 -0.723691 0.591899 0.753335
33.6667 0.512827 0.145832 0.753335
33.6667 -0.546725 -0.237716 7.03652
33.6667 -0.657593 -0.50697 7.03652
33.6667 -0.77222 -0.0541383 0.753335
33.6667 -0.521821 0.270194 0.753335
33.6667 -0.517428 -0.0670506 7.03652
33.6667 0.255728 -0.959204 7.03652
33.6667 0.244355 0.484027 0.753335
33.6667 0.433964 0.0287034 0.753335
33.6667 0.739169 -0.272507 7.03652
33.6667 0.217175 0.15103 7.03652
33.6667 0.106324 -0.178736 7.03652
33.6667 0.315467 0.535568 0.753335
33.6667 0.362393 -0.54691 0.753335
33.6667 0.0333735 -0.680635 0.753335
33.6667 -0.178264 0.387304 0.753335
33.6667 0.363842 -0.280393 7.03652
33.6667 0.257817 0.874315 0.753335
33.6667 0.354419 -0.0176318 0.753335
33.6667 0.218227 -0.642422 0.753335
33.6667 -0.708915 0.276669 7.03652
33.6667 -0.0826241 0.774128 0.753335
33.6667 0.48705 0.311931 0.753335
33.6667 0.391872 -0.898411 0.753335
33.6667 -0.0148086 0.549698 0.753335
33.6667 -0.243053 -0.458954 7.03652
33.6667 0.405555 -0.0280681 0.753335
33.6667 0.481782 0.370584 0.753335
33.6667 -0.660797 -0.659465 0.753335
33.6667 0.36239 -0.230478 7.03652
33.6667 -0.476933 0.118523 7.03652
33.6667 0.0199956 -0.332122 0.753335
33.6667 0.264094 0.824061 7.03652
33.6667 -0.0346661 -0.440811 0.753335
33.6667 -0.407819 -0.270794 7.03652
33.6667 -0.688471 0.374708 0.753335
33.6667 -0.274006 -0.212358 7.03652
33.6667 0.184322 -0.455943 0.753335
33.6667 0.406143 -0.754112 0.753335
33.6667 -0.212398 -0.837454 0.753335
33.6667 -0.811606 -0.567297 0.753335
33.6667 -0.536179 -0.661033 7.03652
33.6667 -0.139884 0.773266 7.03652
33.6667 0.505943 0.533242 7.03652
33.6667 0.307048 -0.405721 0.753335
33.6667 -0.727773 -0.752719 0.753335
33.6667 -0.430012 0.72648 7.03652
33.6667 -0.702076 0.216262 0.753335
33.6667 -0.597351 0.701589 7.03652
33.6667 0.655453 -0.209008 0.753335
33.6667 0.552193 0.615987 0.753335
33.6667 -0.326977 0.565563 0.753335
33.6667 -0.431398 0.270398 7.03652
33.6667 0.447918 -0.0633887 0.753335
33.6667 0.0259458 -0.284327 7.03652
33.6667 0.143804 0.917585 0.753335
33.6667 0.991068 -0.0202764 0.753335
33.6667 0.26448 -0.27416 7.03652
33.6667 0.509532 -0.872761 0.753335
33.6667 0.710934 0.417399 7.03652
33.6667 0.529121 0.391949 0.753335
33.6667 0.70161 0.112135 7.03652
33.6667 -0.676487 0.00226526 7.03652
33.6667 -0.805072 -0.365517 7.03652
33.6667 0.166732 -0.116644 7.03652
33.6667 0.530924 -0.416539 7.03652
33.6667 0.555587 -0.7126 0.753335
33.6667 0.0942438 -0.995214 7.03652
33.6667 -0.764159 -0.600708 0.753335
33.6667 0.448839 -0.858863 0.753335
33.6667 -0.326193 -0.398524 7.03652
33.6667 0.229325 -0.467249 7.03652
33.6667 -0.0597527 -0.260352 0.753335
33.6667 -0.0213905 -0.300053 0.753335
33.6667 0.186695 0.6701 0.753335
33.6667 0.803706 -0.163943 7.03652
33.6667 -0.422412 -0.942358 0.753335
33.6667 -0.436666 -0.171614 0.753335
33.6667 0.381083 0.41646 7.03652
33.6667 -0.0551822 -0.482782 0.753335
33.6667 -0.0867377 -0.356219 7.03652
33.6667 -0.860885 0.595743 0.753335
33.6667 -0.283353 0.644841 0.753335
33.6667 0.0280461 0.765547 7.03652
33.6667 -0.238999 -0.513411 7.03652
33.6667 0.0563361 -0.585214 0.753335
33.6667 -0.114865 0.726539 0.753335
33.6667 -0.799143 -0.655513 7.03652
33.6667 0.320664 0.717064 7.03652
33.6667 -0.0427895 0.0565285 0.753335
33.6667 -0.849663 -0.104499 0.753335
33.6667 -0.73182 0.698935 7.03652
33.6667 -0.369008 0.458915 0.753335
33.6667 0.777244 -0.462288 0.753335
33.6667 0.491635 -0.654171 0.753335
33.6667 0.858059 -0.0120384 0.753335
33.6667 0.527649 0.336839 0.753335
33.6667 -0.566225 -0.10354 7.03652
33.6667 0.385401 -0.654657 0.753335
33.6667 -0.60215 -0.147638 0.753335
33.6667 -1.01788 0.265154 0.753335
33.6667 0.35002 0.348793 7.03652
33.6667 -0.149278 -0.961997 0.753335
33.6667 0.251871 0.245476 0.753335
33.6667 -0.390576 -0.681824 0.753335
33.6667 -0.555713 -0.552782 0.753335
33.6667 0.307861 0.909686 7.03652
33.6667 0.612354 0.0902202 0.753335
33.6667 0.887075 0.0373457 0.753335
33.6667 -0.204885 0.45259 7.03652
33.6667 -0.224282 0.725691 0.753335
33.6667 -0.00403095 -0.184857 0.753335
33.6667 -1.03364 0.139441 7.03652
33.6667 -0.0113217 0.862426 7.03652
33.6667 -0.244864 -0.395202 0.753335
33.6667 -0.700669 -0.307743 7.03652
33.6667 -0.988604 0.31932 7.03652
33.6667 -0.397007 -0.143372 0.753335
33.6667 0.715836 0.616822 0.753335
33.6667 -0.438026 -0.704765 7.03652
33.6667 -0.861523 0.205392 0.753335
33.6667 -0.022095 0.611529 0.753335
33.6667 -0.204904 -0.426183 0.753335
33.6667 -0.0877356 -0.0877461 7.03652
33.6667 0.566595 -0.0973841 7.03652
33.6667 0.792219 -0.379597 7.03652
33.6667 0.327549 -0.890834 7.03652
33.6667 0.944117 0.0340864 0.753335
33.6667 0.287433 0.679764 0.753335
33.6667 -0.93197 -0.348069 0.753335
33.6667 -0.108773 -0.269087 7.03652
33.6667 -0.0661537 0.588209 0.753335
33.6667 0.498181 0.0987792 0.753335
33.6667 0.584071 0.737679 0.753335
33.6667 0.75423 -0.611841 7.03652
33.6667 0.802535 0.284681 7.03652
33.6667 -0.163762 -0.757805 0.753335
33.6667 0.59579 0.24658 7.03652
33.6667 0.586308 0.813635 7.03652
33.6667 0.439821 0.338656 0.753335
33.6667 -0.326741 0.788762 0.753335
33.6667 -0.0818645 -0.970626 7.03652
33.6667 0.905095 0.0960694 0.753335
33.6667 -0.680161 0.427887 0.753335
33.6667 0.55097 0.173495 0.753335
33.6667 -0.0731724 0.371157 0.753335
33.6667 0.859877 -0.382924 0.753335
33.6667 0.681858 -0.37863 0.753335
33.6667 -0.91736 -0.408083 0.753335
33.6667 0.0878754 -0.453223 0.753335
33.6667 -0.212988 0.58312 0.753335
33.6667 -0.42401 0.463853 7.03652
33.6667 0.923685 -0.373134 7.03652
33.6667 0.298849 0.482249 0.753335
33.6667 -0.424457 -0.803883 0.753335
33.6667 -0.45781 0.932089 7.03652
33.6667 0.388804 -0.592702 0.753335
33.6667 0.458189 -0.210618 0.753335
33.6667 0.543499 0.228203 7.03652
33.6667 -0.280092 -0.918408 0.753335
33.6667 -0.664807 -0.451988 0.753335
33.6667 -0.0375728 -0.624384 0.753335
33.6667 -1.05355 0.0124159 0.753335
33.6667 -0.0335665 0.234786 7.03652
33.6667 -0.0118027 -0.249432 0.753335
33.6667 0.2809 0.395403 0.753335
33.6667 0.228845 -0.199598 0.753335
33.6667 0.747114 0.148508 0.753335
33.6667 0.594705 -0.506312 0.753335
33.6667 -0.596936 -0.256485 0.753335
33.6667 0.954239 0.301148 0.753335
33.6667 -0.0620407 -0.700739 0.753335
33.6667 0.265238 -0.322636 0.753335
33.6667 0.418579 0.219753 7.03652
33.6667 -0.550408 0.179955 0.753335
33.6667 -0.0650367 0.540545 0.753335
33.6667 0.183174 -0.803613 0.753335
33.6667 -0.668526 0.59194 7.03652
33.6667 -0.609889 -0.480044 7.03652
33.6667 0.129181 -0.591309 7.03652
33.6667 -0.98477 0.0961582 0.753335
33.6667 0.98594 -0.146665 0.753335
33.6667 -0.839164 -0.0528676 0.753335
33.6667 0.410257 -0.321034 7.03652
33.6667 -0.0909805 0.682012 0.753335
33.6667 -0.476538 0.248803 0.753335
33.6667 -0.692657 -0.130824 0.753335
33.6667 0.974157 0.197388 0.753335
33.6667 0.0471436 -0.800519 0.753335
33.6667 -0.718746 0.0359059 7.03652
33.6667 0.844264 -0.217676 0.753335
33.6667 -0.468921 0.845409 7.03652
33.6667 0.13502 -0.219362 0.753335
33.6667 0.446146 -0.915969 0.753335
33.6667 -0.156765 0.0867506 0.753335
33.6667 0.328893 -0.753262 0.753335
33.6667 -0.0126829 0.0951677 0.753335
33.6667 -0.199492 -0.14738 7.03652
33.6667 0.331129 -0.504315 0.753335
33.6667 -0.313462 0.218503 0.753335
33.6667 -0.00784084 -0.833689 0.753335
33.6667 -0.22672 0.961057 0.753335
33.6667 -0.893217 0.538561 0.753335
33.6667 -0.629623 -0.708478 0.753335
33.6667 -0.528093 0.756723 7.03652
33.6667 0.650009 -0.424216 0.753335
33.6667 -0.531771 -0.896658 7.03652
33.6667 0.366889 0.689063 0.753335
33.6667 0.878907 -0.0597776 7.03652
33.6667 0.00522988 0.913201 0.753335
33.6667 -0.0934321 0.974695 0.753335
33.6667 -0.666009 -0.75562 7.03652
33.6667 -0.302006 -0.629506 0.753335
33.6667 -0.261019 -0.567269 7.03652
33.6667 0.490592 0.48186 0.753335
33.6667 -0.734692 0.329266 0.753335
33.6667 -0.486328 -0.159455 0.753335
33.6667 -0.0568137 -0.808052 0.753335
33.6667 0.965143 -0.201127 7.03652
33.6667 0.183244 0.875243 0.753335
33.6667 -0.493624 -0.693238 7.03652
33.6667 0.388486 0.465286 0.753335
33.6667 0.26483 0.52971 0.753335
33.6667 0.306194 0.0154851 7.03652
33.6667 0.332693 -0.672806 0.753335
33.6667 -0.524609 -0.743306 0.753335
33.6667 0.268738 0.159514 7.03652
33.6667 -0.188162 0.762359 0.753335
33.6667 -0.137066 -0.545641 0.753335
33.6667 0.205127 -0.562242 0.753335
33.6667 -0.137904 0.134799 0.753335
33.6667 0.0275419 -0.226271 0.753335
33.6667 -0.178051 -0.913427 0.753335
33.6667 0.823232 0.0287191 7.03652
33.6667 0.786212 0.527013 0.753335
33.6667 0.153611 -0.847124 0.753335
33.6667 -0.631556 0.336782 7.03652
33.6667 0.823455 0.573413 7.03652
33.6667 -0.843765 0.493314 7.03652
33.6667 0.133439 -0.784148 0.753335
33.6667 0.628526 -0.163345 7.03652
33.6667 0.410452 -0.218687 0.753335
33.6667 -0.900868 -0.238759 0.753335
33.6667 -0.697676 -0.701283 0.753335
33.6667 -0.44059 -0.471493 7.03652
33.6667 -0.223249 -0.954182 0.753335
33.6667 0.273732 -0.848149 0.753335
33.6667 -0.232426 0.62746 0.753335
33.6667 0.0763222 -0.702797 7.03652
33.6667 -0.475285 0.460898 7.03652
33.6667 -0.313334 0.118934 7.03652
33.6667 0.615702 -0.737978 0.753335
33.6667 -0.361794 0.351224 0.753335
33.6667 -0.325455 -0.195915 7.03652
33.6667 -0.337009 -0.502061 0.753335
33.6667 0.0710471 0.803767 0.753335
33.6667 -0.0175 -0.392339 0.753335
33.6667 0.554304 -0.0419535 7.03652
33.6667 0.0224937 -0.0889488 0.753335
33.6667 0.28344 0.628119 7.03652
33.6667 -0.114982 0.616242 7.03652
33.6667 0.105142 0.544991 0.753335
33.6667 0.351285 -0.0671084 0.753335
33.6667 0.736103 -0.216646 0.753335
33.6667 0.795186 -0.276638 7.03652
33.6667 0.843534 -0.5459 7.03652
33.6667 0.13009 -0.0248628 0.753335
33.6667 -0.850346 0.330735 7.03652
33.6667 -0.361956 0.145395 7.03652
33.6667 -0.0658774 -0.39964 0.753335
33.6667 -0.534657 0.545774 0.753335
33.6667 -0.416001 0.142734 7.03652
33.6667 -0.969405 -0.00830982 7.03652
33.6667 0.599317 -0.00672735 7.03652
33.6667 -0.209392 0.0835671 7.03652
33.6667 0.897418 0.300681 0.753335
33.6667 0.506074 0.263952 0.753335
33.6667 -0.513084 0.600068 7.03652
33.6667 0.210977 0.580438 0.753335
33.6667 -0.427417 -0.385827 0.753335
33.6667 -0.728406 -0.0854191 0.753335
33.6667 0.0722987 -0.0940192 7.03652
33.6667 -1.00284 -0.279602 7.03652
33.6667 0.622178 -0.794916 7.03652
33.6667 -0.912117 -0.515183 7.03652
33.6667 0.0078425 0.255375 0.753335
33.6667 0.574622 0.343193 0.753335
33.6667 0.318586 0.243483 0.753335
33.6667 -0.160824 0.336149 0.753335
33.6667 0.180994 -0.213718 0.753335
33.6667 0.466328 -0.156688 7.03652
33.6667 -0.606126 -0.367303 7.03652
33.6667 -0.805704 0.285069 0.753335
33.6667 0.0116346 -0.539847 7.03652
33.6667 -0.392639 0.506599 0.753335
33.6667 -0.0412948 0.138762 7.03652
33.6667 0.437192 0.396733 7.03652
33.6667 0.378489 0.617867 7.03652
33.6667 -0.108265 0.331885 7.03652
33.6667 0.517104 -0.752703 0.753335
33.6667 -0.0557209 0.721774 7.03652
33.6667 -0.164622 -0.810325 7.03652
33.6667 0.0102366 0.398483 0.753335
33.6667 0.589691 -0.194779 7.03652
33.6667 0.411753 -0.268487 0.753335
33.6667 -0.982167 -0.0598281 7.03652
33.6667 -0.848661 0.44113 0.753335
33.6667 0.752024 0.484827 0.753335
33.6667 0.0375744 0.357605 0.753335
33.6667 0.883408 -0.322392 7.03652
33.6667 -0.849645 -0.51693 0.753335
33.6667 0.343559 0.0431951 0.753335
33.6667 -0.40652 -0.432759 0.753335
33.6667 0.304146 -0.591004 7.03652
33.6667 0.258808 -0.0334292 0.753335
33.6667 0.286758 0.206912 0.753335
33.6667 0.361923 -0.329558 0.753335
33.6667 0.16501 -0.655489 0.753335
33.6667 0.239381 0.356818 7.03652
33.6667 0.296973 -0.711993 0.753335
33.6667 -0.403919 -0.881893 0.753335
33.6667 -0.0154484 -0.952191 0.753335
33.6667 -0.403436 -0.515098 7.03652
33.6667 0.268432 -0.504393 0.753335
33.6667 -0.834962 0.156953 0.753335
33.6667 0.630221 0.776554 0.753335
33.6667 0.56423 -0.838421 0.753335
33.6667 -0.329454 0.313001 0.753335
33.6667 0.223005 0.914199 7.03652
33.6667 0.384978 0.0187672 7.03652
33.6667 0.346313 -0.615795 7.03652
33.6667 -0.323899 0.619016 0.753335
33.6667 -0.597233 -0.654485 0.753335
33.6667 0.104169 0.959627 0.753335
33.6667 0.415968 0.71773 0.753335
33.6667 0.0376092 0.688798 0.753335
33.6667 0.22381 0.995826 0.753335
33.6667 -0.107655 -0.776757 7.03652
33.6667 -0.24684 -0.126815 0.753335
33.6667 0.454902 0.54498 0.753335
33.6667 -0.153093 -0.350618 0.753335
33.6667 0.928825 -0.138856 0.753335
33.6667 0.174624 0.386857 0.753335
33.6667 0.317273 -0.207009 0.753335
33.6667 0.0520513 0.476763 0.753335
33.6667 0.487413 0.428249 0.753335
33.6667 0.478209 0.878909 0.753335
33.6667 -0.0234703 0.672567 0.753335
33.6667 -0.338683 0.264566 0.753335
33.6667 -0.937487 -0.165263 0.753335
33.6667 -0.292692 -0.0688371 7.03652
33.6667 0.0796586 -0.217325 7.03652
33.6667 -0.234895 -0.239556 7.03652
33.6667 -0.109646 0.0853413 7.03652
33.6667 -0.584888 -0.859168 7.03652
33.6667 -0.515853 -0.431414 0.753335
33.6667 -0.465232 -0.750419 7.03652
33.6667 -0.1788 0.823509 0.753335
33.6667 0.182961 0.0464922 0.753335
33.6667 -0.978604 0.214842 0.753335
33.6667 -0.785275 0.69605 7.03652
33.6667 0.879367 -0.112675 0.753335
33.6667 0.235337 -0.806241 0.753335
33.6667 0.178814 0.0991377 0.753335
33.6667 0.546661 -0.326533 0.753335
33.6667 -0.217482 -0.675005 7.03652
33.6667 -0.350225 0.400665 0.753335
33.6667 -0.108237 -0.679798 0.753335
33.6667 0.0873366 0.0784052 7.03652
33.6667 -0.119122 -0.319601 0.753335
33.6667 0.106344 -0.399979 0.753335
33.6667 0.184866 0.190543 0.753335
33.6667 -0.213549 -0.573135 0.753335
33.6667 0.476671 0.0523231 7.03652
33.6667 -0.232537 0.790594 7.03652
33.6667 0.684198 -0.4999 0.753335
33.6667 0.630112 0.0332127 0.753335
33.6667 0.276206 -0.77401 0.753335
33.6667 -0.652916 0.80842 7.03652
33.6667 0.906449 0.425128 7.03652
33.6667 0.0154659 -0.436548 7.03652
33.6667 -0.102796 0.28474 0.753335
33.6667 0.565203 -0.151943 0.753335
33.6667 0.148033 1.00661 0.753335
33.6667 -1.03791 -0.162468 0.753335
33.6667 -0.591659 -0.0140194 7.03652
33.6667 -0.316031 -0.241488 7.03652
33.6667 -0.128502 0.242242 0.753335
33.6667 0.0909127 -0.756045 7.03652
33.6667 -0.640777 -0.117613 7.03652
33.6667 -0.0126868 -0.138167 0.753335
33.6667 -0.192997 0.663322 0.753335
33.6667 0.349277 0.496536 0.753335
33.6667 -0.30748 0.357503 0.753335
33.6667 0.311168 0.136419 0.753335
33.6667 -0.288985 -0.477355 0.753335
33.6667 -0.87098 0.381045 0.753335
33.6667 -0.0883474 0.0380774 7.03652
33.6667 -0.691115 0.135311 0.753335
33.6667 0.755475 -0.0603579 0.753335
