11.3333 -0.905468 0.308996 0.753883
11.3333 0.643675 -0.667312 0.758081
11.3333 -0.452147 -0.574275 7.03864
11.3333 -0.399993 0.814715 0.755132
11.3333 -0.264718 -0.0241667 0.755923
11.3333 -1.03674 -0.0395666 7.03422
11.3333 -0.87841 -0.378021 0.753744
11.3333 -0.431603 0.574468 0.755462
11.3333 0.0116275 0.150649 0.756447
11.3333 0.73659 -0.51132 0.757885
11.3333 0.0734607 0.38875 7.03991
11.3333 -0.0192504 0.989238 0.827252
11.3333 -0.447464 0.919005 7.03664
11.3333 -0.352324 -0.0789998 0.75575
11.3333 -0.119335 0.461942 7.03954
11.3333 0.416145 -0.169228 0.756854
11.3333 0.452312 -0.330103 7.04009
11.3333 -1.07137 -0.229499 6.81749
11.3333 -1.00801 -0.13577 0.752746
11.3333 -0.277392 0.938822 0.75619
11.3333 0.0902811 0.198923 7.03978
11.3333 -0.855476 -0.158567 7.03705
11.3333 -0.175583 0.17402 0.756129
11.3333 -0.758043 0.27169 7.03794
11.3333 0.95815 0.0966146 0.758087
11.3333 0.420157 0.888848 0.760812
11.3333 -0.167728 0.520679 7.03918
11.3333 -0.888858 -0.19458 0.753603
11.3333 -0.165047 0.220366 0.756194
11.3333 -0.695755 0.635609 0.754077
11.3333 0.0460971 -0.532874 0.756371
11.3333 0.0408984 -0.177623 7.03953
11.3333 -0.0947838 -0.0228348 7.03941
11.3333 -0.13417 -0.00683615 7.03934
11.3333 -0.392405 0.947052 0.754823
11.3333 -0.558529 0.591329 0.754953
11.3333 0.0703662 -0.312397 7.03959
11.3333 -0.076013 0.107776 7.03908
11.3333 -0.595097 -0.750245 0.755415
11.3333 0.743626 0.257981 0.757571
11.3333 -0.371396 -0.921168 0.7581
11.3333 0.167489 -0.973964 0.756848
11.3333 -0.696485 0.496671 7.03758
11.3333 0.220706 -0.347729 0.756619
11.3333 0.610752 -0.622674 7.0406
11.3333 -0.117545 0.940056 7.04018
11.3333 0.663675 0.653075 0.760893
11.3333 -0.0201325 -0.078929 7.0395
11.3333 0.720322 -0.0237391 7.04023
11.3333 0.143352 -0.72846 0.756512
11.3333 0.607641 0.287724 0.757265
11.3333 -0.615994 0.0746784 0.755215
11.3333 -0.77037 -0.27202 7.03753
11.3333 0.435633 -0.545521 7.04016
11.3333 0.0644909 0.574815 0.757051
11.3333 0.108435 0.888456 0.759156
11.3333 -0.503552 -0.324467 7.03853
11.3333 0.532239 0.759548 0.758994
11.3333 0.432524 -0.124553 0.75687
11.3333 -0.631518 0.284406 0.755427
11.3333 -0.357491 -0.651356 0.755648
11.3333 -0.341071 0.510349 7.03897
11.3333 -0.341617 0.847407 7.0381
11.3333 0.688696 -0.736952 0.764397
11.3333 -0.360226 0.213956 0.755758
11.3333 -0.480484 -0.118467 7.0386
11.3333 0.27966 -0.238466 7.03988
11.3333 0.202292 -0.40898 0.756597
11.3333 0.513298 -0.0871856 0.756933
11.3333 0.082663 -0.144869 0.756469
11.3333 0.321163 0.868375 0.759762
11.3333 -0.307563 -0.956465 0.755555
11.3333 -0.900395 0.249505 0.755045
11.3333 -0.0387606 0.769103 7.04023
11.3333 0.0690836 0.113291 0.756524
11.3333 -0.249707 -0.616621 7.03901
11.3333 0.53959 -0.26598 0.756984
11.3333 0.429447 0.666887 0.758158
11.3333 0.270582 0.962816 0.775161
11.3333 -0.956711 0.260922 0.754888
11.3333 -0.233216 0.852361 7.03933
11.3333 0.467787 0.238733 7.04027
11.3333 -0.0346271 -0.523483 0.75624
11.3333 -0.565364 -0.449871 7.03831
11.3333 0.32307 0.0798722 0.75683
11.3333 -0.847533 -0.338794 0.753883
11.3333 0.253397 0.0148562 7.03989
11.3333 -0.476803 0.535257 7.03854
11.3333 0.780854 -0.215789 0.757197
11.3333 -0.012057 -0.889043 0.756048
11.3333 0.325189 -0.466637 0.756779
11.3333 -0.212273 -0.0518454 0.756024
11.3333 -0.298787 0.695294 7.03843
11.3333 0.399919 0.313644 0.757126
11.3333 0.259822 -0.369168 0.756672
11.3333 0.281197 -0.453482 0.75671
11.3333 0.766047 -0.104676 7.04028
11.3333 0.200309 -0.753375 7.03982
11.3333 -0.751413 0.118624 0.754907
11.3333 0.184758 -0.697188 0.756596
11.3333 0.0320896 0.957735 7.04243
11.3333 0.699573 -0.436564 0.757483
11.3333 0.759577 -0.321686 0.757189
11.3333 -0.441994 0.207389 0.755585
11.3333 0.20096 -0.512085 0.756597
11.3333 -0.290694 -0.419149 7.03899
11.3333 -0.231715 0.0403519 7.03917
11.3333 0.649975 -0.0228569 7.04016
11.3333 0.242236 0.638301 0.75761
11.3333 -0.424923 -0.0500063 0.755599
11.3333 0.489215 -0.707801 0.757303
11.3333 -0.281995 -0.274593 7.03904
11.3333 -0.00167971 0.729167 0.757196
11.3333 -0.0169595 0.29363 0.756486
11.3333 0.223282 -0.872199 0.756706
11.3333 0.346573 0.437461 0.757256
11.3333 -0.514788 0.654901 0.754926
11.3333 0.747663 0.309922 0.757439
11.3333 0.561973 -0.481449 7.04036
11.3333 -0.56555 0.649254 0.754748
11.3333 -0.0221227 -0.672062 0.756249
11.3333 0.570274 -0.598791 0.757412
11.3333 -0.184053 0.558742 0.756292
11.3333 -0.0605661 0.280654 7.03957
11.3333 -0.203514 -0.726587 7.03904
11.3333 -0.760942 -0.330837 7.03757
11.3333 -0.111121 -0.176418 0.756173
11.3333 -0.520016 0.503251 7.03826
11.3333 -0.52161 0.85774 7.03607
11.3333 -0.197661 -0.097362 0.756039
11.3333 0.601238 -0.700479 0.758218
11.3333 -0.149182 -0.101757 0.756121
11.3333 -0.660416 0.17374 0.755262
11.3333 -0.0129017 -1.03276 7.03672
11.3333 -0.916176 -0.0170311 7.0368
11.3333 0.156447 0.242843 7.03991
11.3333 -0.078441 0.231375 0.756327
11.3333 0.857389 0.265193 0.757602
11.3333 0.713334 0.676999 0.760685
11.3333 0.320077 0.310473 0.757031
11.3333 0.172441 -0.365177 0.756557
11.3333 -0.441662 -0.654264 7.03852
11.3333 -0.425096 0.0923423 7.03879
11.3333 -0.175864 -0.595537 7.03917
11.3333 0.0765171 0.731328 0.757504
11.3333 -0.613393 -0.421135 0.755033
11.3333 0.827574 0.508 0.758665
11.3333 -1.00956 0.0297402 7.03382
11.3333 -0.719005 0.765756 7.03468
11.3333 0.501675 -0.188102 0.756922
11.3333 0.675452 -0.142758 7.04014
11.3333 -0.102859 0.145801 0.756226
11.3333 -0.463922 -0.078153 0.755492
11.3333 0.251647 0.578826 0.757423
11.3333 0.543328 -0.20707 7.04013
11.3333 -0.00947554 0.359572 0.756844
11.3333 -0.10356 -0.134116 7.03936
11.3333 0.377771 0.927222 7.03838
11.3333 0.248354 0.312704 0.756924
11.3333 -0.272692 0.590648 0.756035
11.3333 -0.120174 -0.0654593 7.03934
11.3333 -0.109426 -0.595043 0.75633
11.3333 0.824666 -0.501822 7.04045
11.3333 -0.742559 0.471212 0.754353
11.3333 0.40562 -0.50552 7.0401
11.3333 0.5937 -0.440502 0.757316
11.3333 -0.0461859 0.336589 7.03964
11.3333 0.123325 -0.637107 0.75651
11.3333 -0.0456852 -0.121169 7.03947
11.3333 0.539614 0.0158454 0.756984
11.3333 0.690105 -0.0620477 0.756997
11.3333 0.26244 -0.678787 7.03987
11.3333 0.218164 0.442176 0.757047
11.3333 -0.926941 0.10591 0.754635
11.3333 -0.566183 -0.153492 7.03838
11.3333 -0.120798 0.868345 0.756958
11.3333 0.0689405 -0.262243 0.756418
11.3333 0.301667 -0.973881 0.756852
11.3333 -0.977225 -0.197505 7.03499
11.3333 -0.26449 -0.733644 0.75575
11.3333 0.621477 0.427887 7.04037
11.3333 -0.674708 -0.0860976 0.754918
11.3333 0.00474373 0.201742 0.756464
11.3333 -0.661484 0.544062 0.754764
11.3333 -0.970048 0.388232 7.03175
11.3333 -0.49018 0.80668 7.03709
11.3333 -0.477727 0.0762846 7.03867
11.3333 -0.842759 0.551624 7.03572
11.3333 0.0750936 1.00458 7.04115
11.3333 -0.63208 0.209261 0.755157
11.3333 -0.557922 -0.792726 0.759263
11.3333 0.68779 0.0147162 0.757072
11.3333 -0.334431 -0.280902 0.755756
11.3333 0.0263702 -0.0406616 0.756431
11.3333 -0.597253 0.771837 0.75377
11.3333 0.761746 0.0927998 0.757138
11.3333 -0.468892 -0.0220149 7.03868
11.3333 0.646736 -0.549429 0.757727
11.3333 0.583307 -0.281334 0.757024
11.3333 -0.526909 -0.125314 7.03849
11.3333 -1.03516 0.199536 7.03339
11.3333 0.893633 -0.203519 0.757328
11.3333 0.355967 -0.383952 0.756811
11.3333 -0.165109 -0.0499302 0.756098
11.3333 -0.362251 -0.602364 7.03881
11.3333 -0.00968964 0.448628 0.756595
11.3333 0.435981 0.0949665 0.75695
11.3333 0.444144 0.282814 0.75713
11.3333 -0.407183 0.368663 0.755658
11.3333 0.463362 -0.764539 0.757154
11.3333 -0.245039 0.539499 0.756116
11.3333 -0.167993 0.476533 0.756248
11.3333 0.596686 0.466763 0.757677
11.3333 -0.812037 0.233551 7.03793
11.3333 0.0380466 0.00403573 7.03962
11.3333 0.526197 0.858948 7.03987
11.3333 -0.283963 -0.157859 0.755871
11.3333 -0.454455 0.163833 0.755569
11.3333 0.0984894 0.485509 0.756886
11.3333 -0.0306757 0.496705 0.756584
11.3333 -0.543418 0.711052 0.754539
11.3333 0.671734 0.072588 7.04029
11.3333 0.863145 -0.164878 0.757265
11.3333 -0.708352 -0.605558 7.03738
11.3333 -0.497563 -0.482509 0.755374
11.3333 0.155111 0.709308 0.757657
11.3333 0.353719 0.13852 7.04005
11.3333 0.578167 -0.390138 0.757154
11.3333 0.694526 0.180583 0.757204
11.3333 -0.203818 -0.633589 0.755923
11.3333 -0.723279 0.539782 0.754441
11.3333 0.0766995 -0.628028 0.756398
11.3333 -0.448522 -0.249902 0.755502
11.3333 -0.370993 0.00207028 0.755758
11.3333 -0.408893 -0.747465 0.755585
11.3333 -0.884853 0.0349809 0.754335
11.3333 -0.607555 -0.532127 7.03811
11.3333 -0.593541 -0.60062 7.03796
11.3333 0.359997 0.743209 7.0415
11.3333 -0.220044 0.213476 7.03923
11.3333 0.130183 -0.305669 0.756498
11.3333 -0.457856 0.614283 0.755387
11.3333 -0.13976 1.01067 7.0372
11.3333 0.666404 0.552993 0.758447
11.3333 0.122199 0.387038 0.756819
11.3333 -1.03189 -0.0902104 0.752574
11.3333 0.750508 -0.425496 0.758067
11.3333 0.672808 0.455337 7.04022
11.3333 -0.901968 -0.116498 0.753989
11.3333 0.530452 -0.553491 0.757197
11.3333 -0.284773 0.303278 7.0391
11.3333 -0.818587 0.390844 0.753989
11.3333 0.295889 -0.0779373 0.756743
11.3333 -0.866317 -0.286531 7.03661
11.3333 -0.459018 -0.296914 7.03864
11.3333 0.469186 -0.0921899 0.756902
11.3333 0.22826 0.804685 0.758552
11.3333 0.400536 0.25725 7.04022
11.3333 0.854857 0.460257 0.758386
11.3333 -0.328395 -0.155189 0.755783
11.3333 0.583829 -0.548487 7.04032
11.3333 0.429113 -0.810911 7.04015
11.3333 -0.224549 0.169103 0.756041
11.3333 -0.134376 0.373327 7.03947
11.3333 0.0193672 0.817304 7.0406
11.3333 0.139431 0.199839 0.75667
11.3333 0.400382 -0.0807922 0.75685
11.3333 0.43688 -0.655669 7.04022
11.3333 -0.159981 -0.193778 0.756098
11.3333 -0.64181 0.117839 0.75516
11.3333 -0.26862 -0.85943 7.03875
11.3333 -0.340028 -0.723766 0.755653
11.3333 0.169256 -0.265701 0.756554
11.3333 -0.412026 -0.617465 7.03871
11.3333 -0.593067 0.244719 0.755444
11.3333 -0.3567 0.896163 7.03784
11.3333 0.938904 0.157065 0.758037
11.3333 0.166635 0.141174 7.03985
11.3333 -0.162977 0.705777 7.03959
11.3333 -0.352313 -0.552775 0.755741
11.3333 -0.701627 -0.0504477 0.754832
11.3333 -0.448367 0.410893 7.03863
11.3333 -0.230043 0.682374 7.03927
11.3333 0.384717 0.182855 0.75696
11.3333 0.757292 -0.155855 7.04026
11.3333 -0.726501 -0.177807 0.754638
11.3333 0.681675 0.601887 0.758677
11.3333 -0.0773228 0.185418 7.03948
11.3333 0.390959 0.365053 0.757182
11.3333 0.803799 0.119097 7.03922
11.3333 0.185683 -0.603694 0.756578
11.3333 -0.808775 -0.49886 0.75448
11.3333 0.453279 0.181668 7.04016
11.3333 -0.204025 -0.365753 0.755982
11.3333 -1.01444 -0.326508 7.00749
11.3333 -0.837496 -0.428119 7.03696
11.3333 -0.635543 0.734496 0.75385
11.3333 0.516354 -0.0413446 7.04013
11.3333 0.580417 0.0569766 0.757051
11.3333 -0.280076 0.48235 0.755973
11.3333 -0.856873 -0.626104 0.782963
11.3333 0.616666 0.37249 7.04035
11.3333 0.0529991 0.271191 0.756606
11.3333 0.478206 0.593363 0.757895
11.3333 -0.269407 0.197294 0.755953
11.3333 0.0832653 0.338066 0.756712
11.3333 -0.318142 0.012572 7.03901
11.3333 0.373133 -0.711964 7.0401
11.3333 0.212306 -0.0525357 0.756646
11.3333 0.560225 0.108408 0.757084
11.3333 -0.419265 -0.209194 0.755578
11.3333 -0.940108 -0.459487 7.03643
11.3333 0.17911 0.772485 0.758067
11.3333 0.656052 0.498139 0.757979
11.3333 -0.370806 -0.38591 0.755717
11.3333 0.333838 0.649866 0.75788
11.3333 -0.377821 -0.187986 0.755689
11.3333 -0.137832 0.661767 0.75648
11.3333 -0.360908 -0.974376 0.755609
11.3333 -0.783107 0.510523 7.03661
11.3333 0.0988262 0.243851 0.756649
11.3333 -0.527811 -0.0191351 0.755353
11.3333 -0.240391 -0.175365 0.755946
11.3333 0.0741615 0.620307 0.757143
11.3333 -0.253281 0.334935 0.756025
11.3333 -0.375995 -0.301639 0.755665
11.3333 0.914062 -0.25976 7.04021
11.3333 -0.925288 0.488655 0.755906
11.3333 -0.591987 0.187658 7.03841
11.3333 -0.285217 -0.527155 0.755815
11.3333 -0.31614 -0.825965 0.755699
11.3333 0.234002 0.203766 0.756809
11.3333 0.701971 -0.681667 0.759327
11.3333 0.00658016 -0.491072 7.03949
11.3333 -0.659458 -0.245769 0.754957
11.3333 0.61347 0.53181 0.758653
11.3333 -0.556659 0.810029 0.753788
11.3333 0.797056 0.227995 0.757397
11.3333 0.267806 0.104477 0.756832
11.3333 0.0248626 0.105778 0.756443
11.3333 -0.664609 0.243956 7.03821
11.3333 -0.46745 0.0281391 7.03869
11.3333 0.121189 -0.0578567 7.03972
11.3333 0.226468 -0.142807 0.756643
11.3333 -0.37056 0.605076 0.755641
11.3333 -0.38318 0.254059 7.03888
11.3333 -0.263458 -0.797887 0.755699
11.3333 0.777615 -0.545483 0.76204
11.3333 -0.194223 -0.479587 7.03917
11.3333 0.0597243 0.158427 0.756527
11.3333 -0.240525 -0.287809 7.03911
11.3333 -0.66817 0.0471245 0.755008
11.3333 0.226516 0.116622 7.03992
11.3333 0.45564 0.139133 0.756998
11.3333 -0.331689 -0.461582 7.03893
11.3333 0.179615 0.826091 7.04145
11.3333 0.133263 0.340812 7.03997
11.3333 0.101888 0.435305 0.756828
11.3333 -0.301674 -0.105834 7.03902
11.3333 -0.790992 0.440519 0.75408
11.3333 0.820623 0.16328 0.75742
11.3333 -0.288592 0.995193 0.759502
11.3333 -0.0631463 0.448252 0.756524
11.3333 0.0600078 0.857424 0.758183
11.3333 0.253187 0.750937 0.758236
11.3333 0.132425 -0.503008 0.756495
11.3333 0.361677 0.569203 0.757632
11.3333 -0.758744 0.374565 0.754435
11.3333 0.611451 -0.054163 0.756942
11.3333 0.441528 0.451809 7.04055
11.3333 -0.897473 -0.0611387 0.754071
11.3333 0.7713 -0.00347362 0.757159
11.3333 -0.430797 0.309076 0.755607
11.3333 -0.0593902 -0.574635 0.756203
11.3333 0.119594 -0.930794 7.03934
11.3333 -0.154608 0.291482 7.03939
11.3333 -0.560069 0.475749 0.755065
11.3333 -0.275109 0.742538 7.03901
11.3333 -0.700274 -0.356691 0.7547
11.3333 0.456445 -0.417691 0.756966
11.3333 -0.375425 0.559158 0.755697
11.3333 0.235153 -0.720632 0.756697
11.3333 -0.0418678 0.402661 7.03965
11.3333 0.412647 -0.378279 0.7569
11.3333 -0.646892 -0.290687 7.03798
11.3333 -0.274359 0.438508 7.03917
11.3333 -0.17843 -0.252849 0.756056
11.3333 -0.60722 0.485198 0.754828
11.3333 0.211918 0.28692 7.04003
11.3333 -0.147618 -0.445819 0.756068
11.3333 -0.781541 -0.421092 7.0375
11.3333 -0.308955 -0.580472 0.755761
11.3333 -0.0473198 0.927991 0.758912
11.3333 -0.0541101 0.829917 7.04039
11.3333 -0.508273 0.347957 7.0385
11.3333 0.574129 0.659415 0.758522
11.3333 -0.0759448 0.884522 7.04062
11.3333 0.713988 0.515858 0.758006
11.3333 -0.95774 -0.105731 0.753308
11.3333 -0.434618 0.520638 0.756619
11.3333 0.463439 -0.27724 7.04007
11.3333 -0.372183 -0.824719 7.0387
11.3333 0.611788 -0.115852 0.756939
11.3333 -0.767871 -0.691396 7.03732
11.3333 0.0496859 -0.96955 7.03883
11.3333 -0.64136 -0.604716 7.03817
11.3333 0.651586 -0.0907263 7.03842
11.3333 -0.397767 0.419216 7.03873
11.3333 -1.0416 0.0849015 0.753304
11.3333 -0.0869228 -0.537785 0.756157
11.3333 -0.405173 0.634749 0.755445
11.3333 0.54343 0.456815 0.75754
11.3333 0.215831 -0.29598 0.756615
11.3333 -0.735516 0.416421 0.754415
11.3333 0.366149 -0.792471 0.756934
11.3333 -0.579575 0.349791 7.03826
11.3333 0.125817 0.841423 0.758371
11.3333 -0.217401 0.299163 7.03926
11.3333 -0.770415 0.210668 0.759016
11.3333 0.100459 -0.82925 0.756396
11.3333 -0.749895 -0.00167703 0.754732
11.3333 -0.918496 0.433171 0.752683
11.3333 0.534501 0.692637 0.758722
11.3333 -0.0138852 -0.0240637 0.756364
11.3333 -0.476023 -0.910039 7.03797
11.3333 -0.279099 0.258763 0.755942
11.3333 0.0296226 0.642124 7.04021
11.3333 -0.720089 -0.266352 7.03778
11.3333 -0.236363 0.255397 0.756034
11.3333 -0.349172 0.674444 7.0387
11.3333 0.0475687 -0.921267 7.0391
11.3333 0.141107 0.0777885 7.03978
11.3333 -0.55982 -0.338145 7.03836
11.3333 -0.969048 -0.387729 7.03478
11.3333 0.841439 -0.352526 0.757121
11.3333 0.0485121 0.430558 0.756741
11.3333 0.309224 -0.352481 0.756736
11.3333 0.498501 -0.243443 7.04011
11.3333 -0.631159 0.428769 7.03796
11.3333 -0.43412 -0.333075 0.755545
11.3333 0.698657 0.291584 7.04048
11.3333 -0.176898 0.0477334 7.03927
11.3333 0.330823 0.182274 0.756904
11.3333 -0.290057 0.883967 0.758201
11.3333 -0.30708 -0.690747 0.75572
11.3333 0.315527 -0.816296 0.756839
11.3333 -0.929539 0.053841 0.756377
11.3333 0.933371 0.229234 7.03976
11.3333 0.46877 0.789219 7.04146
11.3333 0.12458 0.0334334 0.756565
11.3333 0.887254 0.225163 0.758056
11.3333 -0.491121 0.719862 7.03648
11.3333 0.282966 -0.899166 7.03769
11.3333 -0.955022 -0.246268 0.752128
11.3333 0.281042 0.28034 0.756945
11.3333 -0.392069 -0.344959 0.755636
11.3333 -0.221503 0.902945 0.756337
11.3333 0.297504 -0.643649 7.03994
11.3333 0.49536 -0.830516 7.04019
11.3333 0.151363 -0.16252 0.756548
11.3333 0.0485158 0.531909 0.756847
11.3333 -0.119725 -0.39754 0.756117
11.3333 -0.0514952 -0.00319655 7.03948
11.3333 -0.852362 -0.000312154 0.75442
11.3333 -0.591367 0.53026 7.03791
11.3333 1.00058 0.0401527 7.03833
11.3333 -0.441198 0.777171 7.03794
11.3333 -0.258935 0.0882644 0.75595
11.3333 -0.177863 0.00129516 0.75608
11.3333 -0.932534 0.354684 0.753226
11.3333 -0.245198 -0.338956 7.0391
11.3333 -0.715765 -0.426182 0.754676
11.3333 0.114873 -0.684227 7.03964
11.3333 -0.521805 0.44204 7.03837
11.3333 0.926588 -0.319482 7.03892
11.3333 -0.289969 -0.36587 7.03902
11.3333 0.0722655 -0.0514404 7.03967
11.3333 0.736892 -0.372916 0.757373
11.3333 -0.545648 -0.289958 7.03836
11.3333 -0.23102 0.420505 0.756086
11.3333 0.596838 0.135416 0.757151
11.3333 0.512668 -0.607991 0.757228
11.3333 -0.134258 -0.71943 0.756009
11.3333 -0.156314 -0.146669 0.756221
11.3333 0.327488 0.397413 0.757141
11.3333 0.859273 0.187987 0.75761
11.3333 -0.331853 0.455458 0.755873
11.3333 0.155927 0.577001 7.04039
11.3333 -0.685462 0.730403 7.03576
11.3333 -0.542341 0.121177 0.755352
11.3333 -0.569966 -0.0436813 0.755232
11.3333 0.177437 0.00784898 7.03975
11.3333 0.678915 0.734102 0.759309
11.3333 -0.773777 0.16377 0.755068
11.3333 0.772087 -0.591844 0.75898
11.3333 -1.00883 0.443976 6.73596
11.3333 0.924337 -0.0138707 7.04055
11.3333 -0.275048 0.0234447 0.755908
11.3333 0.134729 0.283239 7.03991
11.3333 -0.12641 0.190924 7.0394
11.3333 0.0901795 0.294697 0.756767
11.3333 0.822312 0.382155 7.04058
11.3333 -0.372907 0.771556 0.756071
11.3333 -0.202907 0.343969 0.756132
11.3333 -0.618978 -0.213168 7.0382
11.3333 0.120154 0.791295 0.757984
11.3333 0.279321 0.0596623 0.756789
11.3333 -0.640723 -0.0396686 0.755033
11.3333 -0.513447 0.206103 7.03859
11.3333 -0.713674 -0.53748 0.754832
11.3333 -0.338018 -0.347459 0.755746
11.3333 0.361337 -0.949094 0.757474
11.3333 -0.669811 -0.566641 7.03738
11.3333 -0.132622 -0.229878 0.756131
11.3333 -0.760152 0.646735 7.03671
11.3333 0.322107 -0.16109 0.756754
11.3333 0.610435 -0.243003 0.757066
11.3333 -0.139002 -0.631537 7.03923
11.3333 -0.221684 -0.00557777 0.756004
11.3333 -0.578567 0.422601 7.03808
11.3333 -0.322902 0.748136 0.756897
11.3333 -0.0781373 -0.924371 0.755907
11.3333 -0.720066 -0.659646 7.03742
11.3333 -0.406999 -0.560235 7.03869
11.3333 -0.76631 -0.539005 0.754735
11.3333 0.159901 -0.890626 0.756463
11.3333 -0.0328402 0.180279 0.756377
11.3333 -0.854062 0.275893 7.03743
11.3333 0.757593 0.438046 0.757898
11.3333 -0.132738 0.820417 7.03917
11.3333 -0.295509 0.0671205 0.755879
11.3333 0.148481 0.530119 7.04026
11.3333 0.0977363 -0.55876 0.756437
11.3333 0.22853 0.0584075 7.03988
11.3333 -0.791809 0.337722 7.03734
11.3333 0.0631802 -0.414682 0.756396
11.3333 -0.00714118 -0.775132 7.03934
11.3333 0.359426 0.226972 0.756987
11.3333 0.125619 0.653892 7.04047
11.3333 0.200495 0.955747 0.763351
11.3333 0.403464 0.0641979 0.756901
11.3333 0.370399 -0.845762 0.756974
11.3333 -0.150655 -0.494056 0.756055
11.3333 -0.167368 0.941431 0.756841
11.3333 -0.838406 -0.2417 0.754184
11.3333 -0.322479 0.180677 0.755843
11.3333 -0.376221 0.101958 7.0389
11.3333 0.99561 0.139969 0.767574
11.3333 0.419324 0.768653 7.04178
11.3333 -0.904107 0.15237 7.03697
11.3333 -0.311878 0.410297 0.755893
11.3333 0.498544 0.19539 0.757114
11.3333 0.718155 0.0561692 7.04025
11.3333 0.216742 -0.00792651 0.756675
11.3333 0.551855 0.557802 0.758094
11.3333 0.408645 -0.432653 0.756897
11.3333 -0.613928 0.630675 0.754504
11.3333 0.142161 -0.455002 0.756523
11.3333 -0.838281 0.068199 0.754776
11.3333 0.807505 0.441143 0.757815
11.3333 -0.524918 0.0734544 0.755389
11.3333 0.378525 -0.47262 0.756862
11.3333 -0.663224 -0.402771 7.03802
11.3333 0.219493 0.398217 7.04016
11.3333 0.33018 -0.117249 0.756775
11.3333 -0.220107 -0.902401 7.03866
11.3333 0.513625 -0.509398 7.04025
11.3333 -0.807616 0.116466 0.754759
11.3333 -0.586244 0.299548 7.03836
11.3333 -0.407924 0.682765 0.755346
11.3333 -0.151169 -0.856499 7.03867
11.3333 0.992904 -0.103265 7.04036
11.3333 0.655286 0.228597 7.0402
11.3333 0.0508783 -0.470713 0.756373
11.3333 0.521487 -0.13716 0.756941
11.3333 -0.125307 -0.919093 7.03871
11.3333 -0.386082 0.303565 7.03881
11.3333 0.172412 0.307875 0.756813
11.3333 0.0246833 -0.380097 0.756341
11.3333 -0.680406 0.310165 7.03783
11.3333 -0.0409287 -0.217751 0.756269
11.3333 0.656885 0.271771 0.757286
11.3333 -0.265367 -0.668095 0.755797
11.3333 -0.503875 0.158337 0.755445
11.3333 -0.662563 -0.820493 0.758971
11.3333 0.038433 -0.867125 0.756306
11.3333 0.64493 -0.475708 7.04053
11.3333 0.24946 -0.602163 0.756685
11.3333 -0.562888 -0.395723 7.03835
11.3333 0.154424 -0.542808 0.756528
11.3333 -0.0936563 -0.44283 0.756153
11.3333 -0.227555 0.497265 0.756142
11.3333 -0.599002 0.136052 0.755294
11.3333 0.645919 0.133105 0.75716
11.3333 -0.308931 -0.768877 7.03861
11.3333 0.353705 -0.427153 7.03999
11.3333 -0.476981 -0.212888 0.75544
11.3333 -0.796325 -0.164294 0.754249
11.3333 -0.44494 -0.858423 7.0385
11.3333 0.710645 -0.623125 7.04062
11.3333 -0.745599 -0.134016 7.03775
11.3333 -0.0724919 0.64323 7.03985
11.3333 0.787185 -0.680201 0.871582
11.3333 0.735394 0.568029 0.75827
11.3333 -0.193752 -1.00938 0.756128
11.3333 -0.574806 -0.198935 7.03835
11.3333 0.877126 0.394441 0.757393
11.3333 -0.364918 -0.239422 0.755701
11.3333 -0.0860585 -0.214446 0.756202
11.3333 0.0101607 0.594686 0.756902
11.3333 -0.610958 -0.0794488 7.03828
11.3333 0.0677488 -0.360665 0.75641
11.3333 -0.796764 0.0399962 0.754741
11.3333 -0.0819522 -0.649408 0.756322
11.3333 0.465075 -0.46012 0.757005
11.3333 -0.571914 0.0798368 0.755287
11.3333 0.116228 0.158289 0.75661
11.3333 0.64274 -0.319685 7.04028
11.3333 0.367608 0.0918158 0.75688
11.3333 0.113946 -0.265833 7.03966
11.3333 0.425664 0.574051 0.757765
11.3333 -0.539918 0.307849 7.03847
11.3333 0.197038 -0.17604 0.756601
11.3333 -0.156533 0.42279 0.75626
11.3333 0.769789 0.181745 0.757336
11.3333 0.452358 -0.0143058 7.04009
11.3333 0.563771 0.506219 0.757769
11.3333 -0.175953 -0.546369 0.756014
11.3333 0.47846 0.732346 0.758732
11.3333 -0.653719 0.478179 0.754707
11.3333 -0.972062 0.153155 0.754384
11.3333 0.123563 0.741414 7.04083
11.3333 0.02301 0.0613586 7.0396
11.3333 -0.0061999 0.0265114 0.756376
11.3333 -0.117216 0.515221 0.756398
11.3333 0.0367684 -0.128662 0.756425
11.3333 0.201442 0.242049 0.75679
11.3333 0.233914 0.689992 7.04096
11.3333 -0.0567633 -0.757675 0.756189
11.3333 0.0205856 1.02579 7.04071
11.3333 0.432254 -0.60763 7.04018
11.3333 -0.495641 0.3996 7.03845
11.3333 -0.299498 -0.319008 0.75582
11.3333 0.251992 -0.551016 0.756683
11.3333 -0.7149 0.171861 0.755078
11.3333 0.375976 0.798918 0.758854
11.3333 0.367388 -0.177658 0.756804
11.3333 0.714696 -0.108036 0.757058
11.3333 -0.0560895 -0.167915 7.03944
11.3333 0.6311 -0.373869 7.04024
11.3333 0.665877 0.3894 7.04056
11.3333 -0.517935 -0.376745 0.755312
11.3333 0.0953637 -0.881114 7.03937
11.3333 -0.802764 -0.0142415 0.754829
11.3333 -0.758619 0.0722113 0.754803
11.3333 0.153967 -0.408147 0.756527
11.3333 0.653436 -0.273449 7.04023
11.3333 0.0851862 -0.506326 0.756426
11.3333 -0.859482 -0.566564 0.755187
11.3333 -0.334737 0.950325 7.03679
11.3333 0.124609 -0.106716 0.756529
11.3333 0.592294 0.189092 0.75731
11.3333 -0.377461 0.722631 7.03853
11.3333 -0.274472 0.820818 7.03898
11.3333 0.428985 0.50193 7.04067
11.3333 0.0480258 0.210146 0.756545
11.3333 0.307974 0.578655 0.757576
11.3333 -0.329898 -0.0319673 0.755799
11.3333 -0.0382785 -0.348615 7.03943
11.3333 0.379408 -0.125378 0.756829
11.3333 0.206283 0.729748 7.04098
11.3333 0.696693 -0.319539 7.04033
11.3333 0.0011766 -0.718149 7.0394
11.3333 -0.420456 0.0018095 7.03878
11.3333 -0.806869 -0.209828 7.03731
11.3333 -0.0761242 0.498517 7.03964
11.3333 -0.454615 0.357187 0.755502
11.3333 0.702462 -0.560558 0.758376
11.3333 -0.694287 -0.213598 0.754753
11.3333 0.214758 -0.24265 0.756617
11.3333 0.0129702 0.500829 7.03876
11.3333 0.0591347 0.915001 7.04181
11.3333 0.326139 -0.30702 0.756757
11.3333 -0.295319 0.524993 0.755942
11.3333 0.64209 0.184343 0.757181
11.3333 -0.483745 -0.626048 7.03857
11.3333 0.530166 0.0676298 7.04019
11.3333 0.65983 -0.605026 7.04084
11.3333 -0.500452 -0.265192 0.755367
11.3333 0.555418 0.283419 0.757241
11.3333 -0.767918 -0.469379 7.03765
11.3333 0.420702 0.622439 0.757949
11.3333 0.906567 -0.443341 7.03265
11.3333 0.78372 0.342762 0.757957
11.3333 -0.463522 0.666673 7.03817
11.3333 -0.200234 1.00648 0.758003
11.3333 0.469909 -0.375888 0.757038
11.3333 0.441687 0.835512 0.762006
11.3333 -0.521536 -0.185335 0.75534
11.3333 -0.504353 -0.850804 7.03813
11.3333 0.51479 -0.364866 7.04018
11.3333 -0.469762 -0.367138 7.03862
11.3333 0.11936 0.60028 0.757203
11.3333 -0.201862 -0.310598 0.755993
11.3333 0.614568 0.630682 0.759108
11.3333 -0.33709 0.075442 0.755825
11.3333 0.945843 -0.0627846 0.757773
11.3333 0.521887 0.810984 7.04178
11.3333 -0.781408 0.565259 0.753855
11.3333 -0.420301 0.049016 0.755647
11.3333 -0.513479 -0.527892 0.755347
11.3333 0.630588 0.700342 7.03975
11.3333 -0.64877 0.672173 7.03722
11.3333 0.0403877 -0.759279 0.756446
11.3333 -0.693345 0.0850848 7.03814
11.3333 -0.365593 -0.7723 0.755594
11.3333 -0.249916 0.380964 0.756063
11.3333 -0.878693 -0.459531 7.03682
11.3333 -0.417746 -0.099158 7.03878
11.3333 0.835837 0.0787406 7.04034
11.3333 -0.388467 -0.471721 7.03884
11.3333 -0.165287 -0.674522 0.755981
11.3333 -0.56633 0.0269528 0.755298
11.3333 0.187543 0.351189 0.756889
11.3333 -0.380967 -0.045409 0.755691
11.3333 -0.245866 0.129962 0.755983
11.3333 -0.122438 0.562449 7.0396
11.3333 -0.743465 -0.38064 7.03769
11.3333 -0.164828 0.606925 0.756422
11.3333 0.299337 0.767955 0.758625
11.3333 0.200706 -0.927217 0.756485
11.3333 -0.408338 0.871603 7.03757
11.3333 0.271971 -0.17524 7.03987
11.3333 0.223961 -0.996206 0.756603
11.3333 0.72468 0.216002 7.04042
11.3333 0.853818 -0.266326 0.757482
11.3333 0.375204 0.85575 7.04232
11.3333 0.494822 -0.00105807 0.756954
11.3333 -0.920771 0.199029 0.754436
11.3333 -0.542294 -0.608981 0.755278
11.3333 -0.167182 -0.40108 0.75604
11.3333 0.247424 -0.41513 7.03982
11.3333 -0.803793 -0.113863 7.03666
11.3333 -0.912529 -0.309404 7.03561
11.3333 -0.325676 -0.883288 0.755712
11.3333 -0.755052 -0.220229 0.754516
11.3333 -0.186212 0.260002 0.756135
11.3333 0.0194724 -0.634629 7.03949
11.3333 -0.100738 -0.490569 7.03932
11.3333 -0.808813 -0.300598 0.754222
11.3333 -0.614042 -0.809335 7.03743
11.3333 -0.514527 0.0239971 0.755404
11.3333 -0.103316 0.416884 0.756383
11.3333 0.462047 -0.504727 0.757043
11.3333 -0.630248 0.0241071 0.755107
11.3333 0.17483 -0.319129 0.756559
11.3333 0.314532 -0.029023 7.03995
11.3333 -0.717625 -0.484851 7.03785
11.3333 0.70158 0.350681 0.757396
11.3333 -0.608245 0.57399 7.03743
11.3333 0.115825 -0.346363 0.756476
11.3333 -0.559873 -0.70431 7.03845
11.3333 0.347907 0.995688 0.969906
11.3333 -0.557545 -0.497664 0.755235
11.3333 0.190816 0.628222 7.04062
11.3333 -0.398922 0.189022 0.755684
11.3333 0.502451 -0.309212 7.04013
11.3333 0.321601 0.811869 0.759141
11.3333 -0.470073 -0.421036 7.03863
11.3333 -0.0700055 -0.309905 0.756209
11.3333 -0.809117 0.624208 0.753431
11.3333 -0.475831 0.305879 7.03862
11.3333 0.118791 0.115751 7.03977
11.3333 0.403365 0.137347 0.75695
11.3333 -0.650581 -0.17876 0.754924
11.3333 -0.160896 -0.297555 0.756066
11.3333 0.303133 -0.552781 0.756763
11.3333 0.811282 -0.418911 0.757433
11.3333 -0.649559 -0.347369 0.754914
11.3333 0.276236 -0.12807 7.03988
11.3333 -0.122527 -1.0068 0.755965
11.3333 0.0841675 0.675017 0.757299
11.3333 0.647028 0.327943 0.757315
11.3333 0.24797 -0.0891184 0.756685
11.3333 0.0901002 -0.00851479 0.75651
11.3333 -0.622717 0.381965 0.755038
11.3333 0.548974 -0.65333 0.757381
11.3333 -0.547911 0.241413 0.755334
11.3333 0.84296 0.327747 0.757651
11.3333 -0.601311 -0.305116 7.03824
11.3333 0.476102 -0.574212 7.04026
11.3333 0.818319 -0.0458727 0.757202
11.3333 0.689152 -0.241143 7.04013
11.3333 -0.0651353 1.0282 7.03829
11.3333 -0.516726 0.904808 0.758446
11.3333 -0.546318 0.384847 0.755193
11.3333 0.594722 -0.333869 0.757074
11.3333 0.708921 -0.178812 0.757049
11.3333 -0.0815279 -1.03739 7.02722
11.3333 0.504245 0.637959 7.04094
11.3333 -0.251021 -0.0786497 0.75594
11.3333 0.43197 -0.707924 0.75706
11.3333 0.819552 -0.104292 0.757212
11.3333 -0.12696 0.0391476 7.03935
11.3333 -0.867252 0.110305 0.75502
11.3333 0.919994 0.361376 0.757339
11.3333 -0.450014 -0.516618 0.755494
11.3333 0.272994 0.439858 7.04004
11.3333 0.768274 0.0440011 7.04032
11.3333 -0.00592735 -0.596367 0.756281
11.3333 0.749949 0.383197 0.757586
11.3333 0.201203 -0.100111 7.0398
11.3333 0.068278 0.0356222 0.756488
11.3333 -0.193193 0.125031 0.756077
11.3333 -0.286836 0.14832 0.755905
11.3333 0.855611 -0.461795 7.04004
11.3333 -0.217836 -0.776864 7.03894
11.3333 0.0273194 -1.00867 7.03742
11.3333 -0.499683 -0.572691 0.755391
11.3333 0.603745 0.583586 0.75831
11.3333 0.149423 0.483625 0.756999
11.3333 -0.272336 -1.00322 7.03697
11.3333 0.0242608 0.311851 7.03976
11.3333 -0.501794 -0.799201 0.755558
11.3333 0.531815 -0.794368 7.04053
11.3333 0.571003 0.391758 0.757403
11.3333 -0.202629 -0.203679 7.0392
11.3333 0.204686 0.532509 7.04037
11.3333 0.322684 -0.261667 0.756745
11.3333 -0.367488 0.0451639 7.03892
11.3333 0.136231 -1.02314 7.03817
11.3333 0.360107 0.287813 0.757046
11.3333 0.387914 0.530257 7.04066
11.3333 0.291605 0.348622 7.0402
11.3333 -0.355153 -0.120688 0.755731
11.3333 0.972398 -0.256749 0.760942
11.3333 -0.0604262 -0.0561273 0.756415
11.3333 0.884912 0.138724 0.757702
11.3333 -0.0661545 -0.86968 0.755955
11.3333 -0.107243 -0.833279 0.755918
11.3333 0.153849 0.438895 0.756939
11.3333 -0.170957 0.87911 0.756896
11.3333 0.16679 -0.0566732 0.75659
11.3333 0.517742 -0.453786 0.757082
11.3333 0.808347 0.59228 7.02208
11.3333 0.4781 0.680169 0.758531
11.3333 -0.599103 0.844297 7.03519
11.3333 0.198592 0.484131 0.757094
11.3333 0.785748 0.687658 1.00521
11.3333 -0.732241 0.592867 0.754279
11.3333 0.518555 0.139831 0.757079
11.3333 -0.53799 -0.235003 7.03845
11.3333 -0.656638 -0.51425 7.03803
11.3333 -0.757091 -0.0485046 0.754688
11.3333 -0.508107 0.271706 0.755397
11.3333 -0.508379 -0.0619503 7.03857
11.3333 0.254636 -0.944403 7.03945
11.3333 0.251437 0.487289 0.757193
11.3333 0.442017 0.0339193 0.756927
11.3333 0.733791 -0.277959 7.04025
11.3333 0.223182 0.159934 7.03988
11.3333 0.110573 -0.176621 7.03967
11.3333 0.314368 0.530432 0.757439
11.3333 0.360598 -0.543483 0.756855
11.3333 0.0414747 -0.673747 0.756332
11.3333 -0.188857 0.388989 0.756176
11.3333 0.37235 -0.280255 7.03998
11.3333 0.26612 0.888536 0.7603
11.3333 0.362137 -0.0317197 0.756818
11.3333 0.226075 -0.646 0.756642
11.3333 -0.710787 0.271433 7.03804
11.3333 -0.0837329 0.790084 0.756973
11.3333 0.482847 0.315282 0.757207
11.3333 0.39356 -0.895413 0.757143
11.3333 -0.00552296 0.552819 0.756958
11.3333 -0.242756 -0.451672 7.03908
11.3333 0.403474 -0.0169637 0.756862
11.3333 0.491087 0.369241 0.757291
11.3333 -0.646535 -0.655129 0.755557
11.3333 0.363097 -0.228304 7.03997
11.3333 -0.475248 0.119825 7.03869
11.3333 0.0171668 -0.332828 0.756337
11.3333 0.266137 0.832757 7.04206
11.3333 -0.0313681 -0.440441 0.75625
11.3333 -0.405469 -0.266404 7.03878
11.3333 -0.687632 0.374857 0.754788
11.3333 -0.266629 -0.213321 7.03908
11.3333 0.184938 -0.46589 0.75657
11.3333 0.403783 -0.7564 0.757008
11.3333 -0.216376 -0.83905 0.755756
11.3333 -0.805136 -0.580568 0.755076
11.3333 -0.531924 -0.657808 7.03849
11.3333 -0.138366 0.770077 7.03878
11.3333 0.510102 0.530745 7.04089
11.3333 0.302231 -0.403717 0.756737
11.3333 -0.736144 -0.741284 0.756155
11.3333 -0.440766 0.725923 7.03784
11.3333 -0.715226 0.219475 0.755098
11.3333 -0.592209 0.703028 7.03728
11.3333 0.652833 -0.205397 0.757035
11.3333 0.539961 0.604255 0.758074
11.3333 -0.316669 0.567688 0.755881
11.3333 -0.429321 0.256091 7.03878
11.3333 0.440855 -0.0569553 0.75689
11.3333 0.026276 -0.284403 7.03954
11.3333 0.142167 0.925553 0.759895
11.3333 0.995094 -0.0292374 0.759238
11.3333 0.257428 -0.275334 7.03985
11.3333 0.522956 -0.876755 0.760803
11.3333 0.708684 0.424215 7.04044
11.3333 0.529516 0.40574 0.75741
11.3333 0.693733 0.120056 7.04032
11.3333 -0.684885 -0.00537697 7.03788
11.3333 -0.807281 -0.373835 7.03721
11.3333 0.164884 -0.119906 7.03976
11.3333 0.53214 -0.410628 7.04024
11.3333 0.554721 -0.707426 0.75767
11.3333 0.0987757 -0.987772 7.03895
11.3333 -0.760494 -0.608554 0.755113
11.3333 0.449583 -0.861997 0.757243
11.3333 -0.335908 -0.413342 7.03891
11.3333 0.230991 -0.465206 7.03982
11.3333 -0.066973 -0.26259 0.756221
11.3333 -0.0223937 -0.300648 0.756281
11.3333 0.173172 0.667272 0.757555
11.3333 0.810513 -0.164826 7.04034
11.3333 -0.429311 -0.941965 0.755309
11.3333 -0.433174 -0.15894 0.755567
11.3333 0.394401 0.411955 7.04043
11.3333 -0.0514328 -0.479955 0.756215
11.3333 -0.0925427 -0.358388 7.03935
11.3333 -0.859294 0.60197 0.753129
11.3333 -0.287042 0.649583 0.755923
11.3333 0.0252842 0.767431 7.04054
11.3333 -0.233727 -0.506302 7.03909
11.3333 0.0534255 -0.585357 0.756365
11.3333 -0.105658 0.733484 0.756707
11.3333 -0.807096 -0.656063 7.03649
11.3333 0.313811 0.717419 7.04126
11.3333 -0.0425916 0.0580949 0.756313
11.3333 -0.851542 -0.0984654 0.754077
11.3333 -0.720497 0.690091 7.03632
11.3333 -0.378677 0.461457 0.755744
11.3333 0.775525 -0.471458 0.757587
11.3333 0.489316 -0.654864 0.757199
11.3333 0.860608 -0.0112108 0.757354
11.3333 0.530872 0.336479 0.757278
11.3333 -0.555798 -0.088861 7.03844
11.3333 0.383712 -0.654451 0.756941
11.3333 -0.602421 -0.131091 0.755103
11.3333 -1.0233 0.280174 0.774212
11.3333 0.347026 0.352637 7.04027
11.3333 -0.151791 -0.967061 0.75563
11.3333 0.255004 0.243685 0.756867
11.3333 -0.383453 -0.690211 0.755605
11.3333 -0.563281 -0.555957 0.755216
11.3333 0.317221 0.925777 7.04357
11.3333 0.622894 0.0811912 0.757116
11.3333 0.889725 0.0370259 0.757499
11.3333 -0.20639 0.454557 7.03933
11.3333 -0.227594 0.727684 0.756133
11.3333 -0.00533883 -0.189233 0.756329
11.3333 -1.03035 0.140104 7.03578
11.3333 -0.0113814 0.853597 7.03964
11.3333 -0.24879 -0.394305 0.755911
11.3333 -0.69798 -0.307144 7.03784
11.3333 -0.978092 0.313778 7.03644
11.3333 -0.394678 -0.138787 0.755649
11.3333 0.744432 0.624015 0.759345
11.3333 -0.436112 -0.703581 7.03859
11.3333 -0.857751 0.20629 0.754646
11.3333 -0.0286723 0.62313 0.756806
11.3333 -0.206396 -0.424453 0.755968
11.3333 -0.0841335 -0.0958137 7.03941
11.3333 0.564376 -0.0963236 7.04012
11.3333 0.793346 -0.364303 7.04006
11.3333 0.333387 -0.893946 7.03989
11.3333 0.948399 0.0390557 0.75798
11.3333 0.284935 0.680477 0.758022
11.3333 -0.954489 -0.331703 0.752179
11.3333 -0.116299 -0.270608 7.03933
11.3333 -0.0686999 0.587192 0.756622
11.3333 0.4896 0.103444 0.757055
11.3333 0.57743 0.729709 0.758814
11.3333 0.76635 -0.639536 7.03622
11.3333 0.80557 0.280123 7.04045
11.3333 -0.1601 -0.758474 0.755919
11.3333 0.590746 0.23802 7.04035
11.3333 0.588017 0.808193 7.04114
11.3333 0.439893 0.344518 0.757203
11.3333 -0.321396 0.802254 0.755905
11.3333 -0.0543998 -0.98243 7.03543
11.3333 0.892809 0.0895168 0.757509
11.3333 -0.68565 0.428732 0.754618
11.3333 0.546783 0.176648 0.757118
11.3333 -0.0823174 0.375424 0.756412
11.3333 0.875771 -0.396066 0.757756
11.3333 0.685701 -0.375059 0.75734
11.3333 -0.919579 -0.405909 0.75352
11.3333 0.0971717 -0.449173 0.756451
11.3333 -0.220237 0.585029 0.756973
11.3333 -0.432736 0.4661 7.03866
11.3333 0.94007 -0.368019 7.02778
11.3333 0.3056 0.472561 0.75726
11.3333 -0.430461 -0.805383 0.755467
11.3333 -0.53747 1.08825 4.95689
11.3333 0.392214 -0.57756 0.756923
11.3333 0.457319 -0.211914 0.756905
11.3333 0.53615 0.230091 7.04032
11.3333 -0.271633 -0.917722 0.755595
11.3333 -0.668864 -0.457702 0.754946
11.3333 -0.0473059 -0.622513 0.756219
11.3333 -1.06043 0.0144165 0.756208
11.3333 -0.0320082 0.238044 7.0396
11.3333 -0.0120068 -0.252751 0.756306
11.3333 0.277252 0.395512 0.75706
11.3333 0.239024 -0.204398 0.75665
11.3333 0.737798 0.140055 0.757186
11.3333 0.608989 -0.50816 0.757422
11.3333 -0.589991 -0.255504 0.755115
11.3333 0.951556 0.296247 0.758639
11.3333 -0.0587326 -0.71107 0.756164
11.3333 0.272655 -0.317256 0.756687
11.3333 0.420604 0.214106 7.0402
11.3333 -0.552053 0.170671 0.755326
11.3333 -0.0561169 0.545854 0.756607
11.3333 0.177726 -0.794952 0.757732
11.3333 -0.661642 0.596253 7.0375
11.3333 -0.61636 -0.474935 7.03819
11.3333 0.133568 -0.590062 7.03966
11.3333 -0.981095 0.0861856 0.754399
11.3333 0.965137 -0.158191 0.757354
11.3333 -0.829549 -0.0549276 0.754357
11.3333 0.407399 -0.319933 7.04003
11.3333 -0.0935121 0.685915 0.756673
11.3333 -0.476207 0.238304 0.755487
11.3333 -0.69369 -0.135573 0.754797
11.3333 0.978935 0.216863 0.758852
11.3333 0.0498471 -0.81242 0.756608
11.3333 -0.722309 0.0367191 7.03801
11.3333 0.828009 -0.225988 0.757153
11.3333 -0.457268 0.850634 7.03682
11.3333 0.126714 -0.222464 0.756508
11.3333 0.443349 -0.919101 0.75943
11.3333 -0.151334 0.088834 0.756137
11.3333 0.327883 -0.755351 0.756873
11.3333 -0.0211321 0.0959627 0.756355
11.3333 -0.202471 -0.145763 7.03921
11.3333 0.324415 -0.511176 0.756825
11.3333 -0.310385 0.227651 0.755875
11.3333 -0.0076298 -0.830304 0.756298
11.3333 -0.225338 0.960512 0.75728
11.3333 -0.884294 0.5184 0.753434
11.3333 -0.637343 -0.722532 0.755229
11.3333 -0.52304 0.763987 7.03708
11.3333 0.64644 -0.42197 0.757303
11.3333 -0.537763 -0.900151 7.03455
11.3333 0.369507 0.683464 0.758084
11.3333 0.878902 -0.0632548 7.04042
11.3333 0.000618078 0.902763 0.758412
11.3333 -0.081132 0.976447 0.759171
11.3333 -0.682155 -0.765673 7.03776
11.3333 -0.306999 -0.632106 0.755747
11.3333 -0.260159 -0.571183 7.03903
11.3333 0.491838 0.482837 0.757632
11.3333 -0.72786 0.331933 0.754654
11.3333 -0.477398 -0.164295 0.755473
11.3333 -0.0589385 -0.811681 0.756067
11.3333 0.955024 -0.20486 7.03999
11.3333 0.18497 0.874975 0.759116
11.3333 -0.489753 -0.694389 7.03851
11.3333 0.390384 0.46457 0.757395
11.3333 0.262861 0.531226 0.757326
11.3333 0.299646 0.013541 7.03995
11.3333 0.333707 -0.679504 0.756841
11.3333 -0.520665 -0.741256 0.755589
11.3333 0.274076 0.163494 7.04
11.3333 -0.184453 0.753698 0.756462
11.3333 -0.132734 -0.544235 0.756082
11.3333 0.203652 -0.560733 0.756601
11.3333 -0.145121 0.134169 0.756161
11.3333 0.0300791 -0.228564 0.75637
11.3333 -0.173017 -0.903279 0.755701
11.3333 0.822529 0.0266853 7.04028
11.3333 0.793019 0.545534 0.758861
11.3333 0.161894 -0.841955 0.756552
11.3333 -0.641484 0.339683 7.03812
11.3333 0.943485 0.683952 5.31615
11.3333 -0.832083 0.48725 7.03669
11.3333 0.126161 -0.784572 0.756538
11.3333 0.626261 -0.164114 7.04014
11.3333 0.411149 -0.217991 0.756857
11.3333 -0.902858 -0.242489 0.753209
11.3333 -0.685214 -0.698363 0.754955
11.3333 -0.447209 -0.465603 7.03866
11.3333 -0.226586 -0.964273 0.75548
11.3333 0.274843 -0.842919 0.756792
11.3333 -0.238311 0.631973 0.756375
11.3333 0.068487 -0.707924 7.03955
11.3333 -0.478209 0.465032 7.03822
11.3333 -0.321182 0.120235 7.03901
11.3333 0.633985 -0.740511 0.757985
11.3333 -0.364523 0.344886 0.755767
11.3333 -0.329768 -0.199385 7.03895
11.3333 -0.333047 -0.508898 0.755745
11.3333 0.0702302 0.795471 0.757729
11.3333 -0.0190976 -0.390614 0.756274
11.3333 0.564933 -0.0434831 7.04014
11.3333 0.0256897 -0.0858084 0.756916
11.3333 0.290793 0.623159 7.04078
11.3333 -0.114865 0.611932 7.03965
11.3333 0.100282 0.536855 0.756994
11.3333 0.347983 -0.0745353 0.756798
11.3333 0.736568 -0.22506 0.757201
11.3333 0.79858 -0.286203 7.04015
11.3333 0.842532 -0.551773 7.03861
11.3333 0.138674 -0.0127529 0.75657
11.3333 -0.853566 0.339197 7.03687
11.3333 -0.361952 0.152576 7.03893
11.3333 -0.066779 -0.400991 0.756201
11.3333 -0.526913 0.550533 0.755102
11.3333 -0.412582 0.138329 7.03882
11.3333 -0.96608 0.00406566 7.03658
11.3333 0.588279 0.00242277 7.04018
11.3333 -0.209263 0.0822328 7.03922
11.3333 0.897859 0.307742 0.758045
11.3333 0.506782 0.272207 0.757171
11.3333 -0.504424 0.598183 7.03824
11.3333 0.204005 0.583271 0.757414
11.3333 -0.426747 -0.396455 0.755576
11.3333 -0.753551 -0.0903402 0.754734
11.3333 0.0795679 -0.0973332 7.03967
11.3333 -0.996493 -0.27405 7.03157
11.3333 0.620581 -0.789326 7.03795
11.3333 -0.914656 -0.5228 7.03614
11.3333 0.0149646 0.251138 0.756523
11.3333 0.580136 0.334262 0.757367
11.3333 0.31982 0.251179 0.756958
11.3333 -0.156157 0.335149 0.756223
11.3333 0.172094 -0.215392 0.756565
11.3333 0.471918 -0.151734 7.04007
11.3333 -0.605902 -0.365763 7.03823
11.3333 -0.804172 0.291488 0.754543
11.3333 0.00296441 -0.551372 7.03947
11.3333 -0.389392 0.511153 0.755692
11.3333 -0.0419362 0.136751 7.03951
11.3333 0.444875 0.396561 7.04025
11.3333 0.368759 0.616082 7.04081
11.3333 -0.0943815 0.330553 7.03952
11.3333 0.52606 -0.747689 0.75758
11.3333 -0.0514225 0.713357 7.03987
11.3333 -0.167109 -0.807829 7.03897
11.3333 0.0104405 0.404035 0.756635
11.3333 0.58763 -0.201322 7.04017
11.3333 0.419005 -0.26559 0.756857
11.3333 -0.971058 -0.0532704 7.03638
11.3333 -0.856052 0.439528 0.753474
11.3333 0.757655 0.49139 0.757781
11.3333 0.0382509 0.355851 0.756647
11.3333 0.871956 -0.314612 7.0399
11.3333 -0.857873 -0.511648 0.755061
11.3333 0.339738 0.0316984 0.756819
11.3333 -0.394768 -0.430819 0.756193
11.3333 0.30722 -0.597848 7.03996
11.3333 0.263833 -0.0378739 0.756713
11.3333 0.292575 0.208991 0.756881
11.3333 0.366528 -0.340753 0.75681
11.3333 0.172722 -0.651675 0.756558
11.3333 0.238561 0.356243 7.04014
11.3333 0.294284 -0.720854 0.756788
11.3333 -0.393114 -0.873998 0.755555
11.3333 -0.0216683 -0.940267 0.757175
11.3333 -0.392873 -0.51374 7.0388
11.3333 0.263483 -0.504344 0.756692
11.3333 -0.836179 0.161983 0.754678
11.3333 0.624884 0.765051 0.759398
11.3333 0.577557 -0.816397 0.757855
11.3333 -0.326715 0.320844 0.755903
11.3333 0.220075 0.908251 7.04263
11.3333 0.381612 0.0239875 7.04001
11.3333 0.355194 -0.612681 7.04004
11.3333 -0.326547 0.621253 0.75578
11.3333 -0.595355 -0.666732 0.757021
11.3333 0.113683 0.97104 0.761955
11.3333 0.413913 0.71629 0.758384
11.3333 0.0383357 0.696511 0.75722
11.3333 0.228908 1.00774 0.804124
11.3333 -0.10724 -0.772709 7.03913
11.3333 -0.248318 -0.123179 0.755943
11.3333 0.462503 0.538163 0.757701
11.3333 -0.155625 -0.351756 0.756065
11.3333 0.928379 -0.119974 0.757644
11.3333 0.16996 0.397003 0.756912
11.3333 0.314933 -0.207702 0.756742
11.3333 0.0514457 0.475242 0.756732
11.3333 0.487706 0.430665 0.757436
11.3333 0.475453 0.894927 0.770024
11.3333 -0.0150846 0.673457 0.756947
11.3333 -0.336853 0.271217 0.755823
11.3333 -0.935255 -0.162384 0.753166
11.3333 -0.294877 -0.0591737 7.03904
11.3333 0.0765982 -0.21149 7.03962
11.3333 -0.227085 -0.243935 7.03914
11.3333 -0.103705 0.0784795 7.03938
11.3333 -0.574753 -0.854012 7.03743
11.3333 -0.516809 -0.434213 0.755345
11.3333 -0.464673 -0.758953 7.0385
11.3333 -0.18878 0.817128 0.756422
11.3333 0.182124 0.0514115 0.756644
11.3333 -0.982269 0.213251 0.754011
11.3333 -0.785698 0.696345 7.03457
11.3333 0.875363 -0.115403 0.757437
11.3333 0.22889 -0.813086 0.756705
11.3333 0.186567 0.0987924 0.756673
11.3333 0.548531 -0.330603 0.75703
11.3333 -0.220985 -0.684041 7.03904
11.3333 -0.354446 0.392293 0.755815
11.3333 -0.104434 -0.687258 0.756104
11.3333 0.0871211 0.0723509 7.03971
11.3333 -0.118193 -0.319237 0.756131
11.3333 0.110425 -0.39308 0.756466
11.3333 0.183117 0.187756 0.756719
11.3333 -0.218704 -0.553301 0.755925
11.3333 0.484045 0.0533695 7.04013
11.3333 -0.235076 0.784837 7.03927
11.3333 0.691243 -0.494181 0.758106
11.3333 0.632491 0.0266285 0.757052
11.3333 0.266835 -0.773061 0.756721
11.3333 -0.653227 0.806295 7.03248
11.3333 0.903055 0.451575 7.02955
11.3333 0.0158852 -0.435534 7.0395
11.3333 -0.107222 0.289132 0.756302
11.3333 0.568923 -0.150839 0.756959
11.3333 0.15671 1.0031 0.768676
11.3333 -1.03054 -0.183712 0.752836
11.3333 -0.600071 -0.00822479 7.03834
11.3333 -0.306213 -0.235636 7.039
11.3333 -0.122789 0.244623 0.756254
11.3333 0.0909169 -0.75205 7.03958
11.3333 -0.646032 -0.127862 7.03813
11.3333 -0.00641872 -0.140181 0.756349
11.3333 -0.188964 0.651517 0.756425
11.3333 0.348921 0.496112 0.757372
11.3333 -0.299687 0.364717 0.755939
11.3333 0.307573 0.129593 0.756849
11.3333 -0.282163 -0.475976 0.755832
11.3333 -0.882573 0.387397 0.753616
11.3333 -0.0792446 0.0324711 7.03943
11.3333 -0.693159 0.129751 0.755018
11.3333 0.764081 -0.0553471 0.757145
