77 -0.904035 0.310223 0.753335
77 0.656516 -0.684962 0.753335
77 -0.448242 -0.592629 7.03652
77 -0.409358 0.822978 0.753335
77 -0.261068 -0.0335722 0.753335
77 -1.04623 -0.0424748 7.03652
77 -0.86047 -0.388075 0.753335
77 -0.427174 0.566333 0.753335
77 0.00668973 0.144897 0.753335
77 0.740868 -0.496686 0.753335
77 0.0734647 0.392982 7.03652
77 -0.0234387 0.973548 0.753335
77 -0.435803 0.877541 7.03652
77 -0.337439 -0.065277 0.753335
77 -0.116324 0.457835 7.03652
77 0.420373 -0.170546 0.753335
77 0.458956 -0.317446 7.03652
77 -1.02744 -0.227405 7.03652
77 -0.975586 -0.129471 0.753335
77 -0.282507 0.936875 0.753335
77 0.0905581 0.194922 7.03652
77 -0.834402 -0.155226 7.03652
77 -0.170748 0.16949 0.753335
77 -0.760516 0.28468 7.03652
77 0.954467 0.0914511 0.753335
77 0.431006 0.911675 0.753335
77 -0.19033 0.522719 7.03652
77 -0.870921 -0.191198 0.753335
77 -0.176118 0.215397 0.753335
77 -0.706242 0.657125 0.753335
77 0.0667841 -0.519834 0.753335
77 0.0486067 -0.186772 7.03652
77 -0.092137 -0.00454962 7.03652
77 -0.139747 -0.00317491 7.03652
77 -0.387576 0.950209 0.753335
77 -0.574708 0.582872 0.753335
77 0.066152 -0.319157 7.03652
77 -0.0665798 0.0905226 7.03652
77 -0.597202 -0.759274 0.753335
77 0.75309 0.257171 0.753335
77 -0.352247 -0.914803 0.753335
77 0.159514 -0.953883 0.753335
77 -0.68794 0.48268 7.03652
77 0.216537 -0.345668 0.753335
77 0.628355 -0.626701 7.03652
77 -0.117063 0.918387 7.03652
77 0.668201 0.662442 0.753335
77 -0.0253808 -0.0760842 7.03652
77 0.733674 -0.00195072 7.03652
77 0.147808 -0.7359 0.753335
77 0.603827 0.308744 0.753335
77 -0.610799 0.0760221 0.753335
77 -0.780833 -0.260562 7.03652
77 0.427208 -0.55524 7.03652
77 0.0681772 0.591763 0.753335
77 0.0963063 0.856011 0.753335
77 -0.507634 -0.317696 7.03652
77 0.527459 0.740148 0.753335
77 0.428488 -0.119234 0.753335
77 -0.619964 0.287863 0.753335
77 -0.34454 -0.65598 0.753335
77 -0.337357 0.509208 7.03652
77 -0.347258 0.838716 7.03652
77 0.67205 -0.747927 0.753335
77 -0.359302 0.203181 0.753335
77 -0.453023 -0.127523 7.03652
77 0.268786 -0.223554 7.03652
77 0.203912 -0.395788 0.753335
77 0.521761 -0.0838547 0.753335
77 0.0725687 -0.141183 0.753335
77 0.3196 0.857327 0.753335
77 -0.304133 -0.972681 0.753335
77 -0.913879 0.241712 0.753335
77 -0.0285326 0.767551 7.03652
77 0.0838833 0.138145 0.753335
77 -0.248398 -0.618691 7.03652
77 0.547974 -0.271324 0.753335
77 0.41006 0.654128 0.753335
77 0.266413 0.975288 0.753335
77 -0.954097 0.284007 0.753335
77 -0.227051 0.844793 7.03652
77 0.468371 0.23923 7.03652
77 -0.0310024 -0.534261 0.753335
77 -0.563772 -0.451449 7.03652
77 0.314159 0.0837429 0.753335
77 -0.866155 -0.333008 0.753335
77 0.262253 0.0134114 7.03652
77 -0.480622 0.561046 7.03652
77 0.791055 -0.215822 0.753335
77 -0.00566251 -0.895161 0.753335
77 0.330979 -0.458698 0.753335
77 -0.214639 -0.0489971 0.753335
77 -0.294222 0.694919 7.03652
77 0.389942 0.314392 0.753335
77 0.260394 -0.376544 0.753335
77 0.283061 -0.45187 0.753335
77 0.77314 -0.109178 7.03652
77 0.197762 -0.760081 7.03652
77 -0.755156 0.131759 0.753335
77 0.194626 -0.703603 0.753335
77 0.0426033 0.968206 7.03652
77 0.709826 -0.443874 0.753335
77 0.768529 -0.326244 0.753335
77 -0.438811 0.220452 0.753335
77 0.213245 -0.515097 0.753335
77 -0.287584 -0.421528 7.03652
77 -0.244955 0.05074 7.03652
77 0.646459 -0.0290658 7.03652
77 0.22809 0.625891 0.753335
77 -0.43815 -0.0415138 0.753335
77 0.489675 -0.707338 0.753335
77 -0.275186 -0.265985 7.03652
77 0.00022391 0.717112 0.753335
77 -0.0165667 0.300393 0.753335
77 0.209919 -0.868732 0.753335
77 0.330909 0.446681 0.753335
77 -0.504339 0.661463 0.753335
77 0.755352 0.313841 0.753335
77 0.552584 -0.465512 7.03652
77 -0.56358 0.646525 0.753335
77 -0.0218038 -0.668918 0.753335
77 0.570665 -0.612838 0.753335
77 -0.161927 0.566409 0.753335
77 -0.0518529 0.26895 7.03652
77 -0.209216 -0.7226 7.03652
77 -0.757213 -0.310696 7.03652
77 -0.109731 -0.177872 0.753335
77 -0.491988 0.505354 7.03652
77 -0.544878 0.867183 7.03652
77 -0.194297 -0.101254 0.753335
77 0.597478 -0.674523 0.753335
77 -0.140673 -0.0952017 0.753335
77 -0.651538 0.168354 0.753335
77 -0.0147668 -1.01705 7.03652
77 -0.923668 -0.0124107 7.03652
77 0.149697 0.254787 7.03652
77 -0.0869548 0.230587 0.753335
77 0.850925 0.251861 0.753335
77 0.720948 0.691429 0.753335
77 0.314519 0.307431 0.753335
77 0.168626 -0.355646 0.753335
77 -0.44766 -0.649921 7.03652
77 -0.43354 0.0945941 7.03652
77 -0.160731 -0.582815 7.03652
77 0.0714304 0.742696 0.753335
77 -0.61508 -0.424547 0.753335
77 0.851717 0.517752 0.753335
77 -0.997665 0.0380048 7.03652
77 -0.700905 0.772101 7.03652
77 0.513991 -0.187617 0.753335
77 0.679505 -0.131567 7.03652
77 -0.089228 0.138168 0.753335
77 -0.468457 -0.0810835 0.753335
77 0.269308 0.580348 0.753335
77 0.552243 -0.217959 7.03652
77 -0.0161255 0.35224 0.753335
77 -0.104232 -0.131056 7.03652
77 0.374905 0.932498 7.03652
77 0.258837 0.309357 0.753335
77 -0.269825 0.586323 0.753335
77 -0.11862 -0.0470258 7.03652
77 -0.107281 -0.589692 0.753335
77 0.807521 -0.495687 7.03652
77 -0.740959 0.479929 0.753335
77 0.398529 -0.514405 7.03652
77 0.589727 -0.429958 0.753335
77 -0.0608591 0.321408 7.03652
77 0.115687 -0.641459 0.753335
77 -0.0548719 -0.113214 7.03652
77 0.546165 0.00672627 0.753335
77 0.69908 -0.0472003 0.753335
77 0.245067 -0.685637 7.03652
77 0.211174 0.440005 0.753335
77 -0.927466 0.104294 0.753335
77 -0.545423 -0.15621 7.03652
77 -0.139268 0.865529 0.753335
77 0.0744298 -0.271112 0.753335
77 0.318475 -0.958287 0.753335
77 -0.979912 -0.189143 7.03652
77 -0.260888 -0.731977 0.753335
77 0.63244 0.428406 7.03652
77 -0.668568 -0.0742713 0.753335
77 0.00919099 0.200971 0.753335
77 -0.682711 0.541188 0.753335
77 -0.976537 0.377099 7.03652
77 -0.507374 0.802749 7.03652
77 -0.474388 0.0631042 7.03652
77 -0.828298 0.546709 7.03652
77 0.0791064 1.01664 7.03652
77 -0.635195 0.218578 0.753335
77 -0.552887 -0.796075 0.753335
77 0.680654 0.0100164 0.753335
77 -0.327903 -0.287408 0.753335
77 0.0286573 -0.0499941 0.753335
77 -0.585074 0.753171 0.753335
77 0.749869 0.093663 0.753335
77 -0.486942 -0.0256077 7.03652
77 0.643597 -0.532179 0.753335
77 0.595375 -0.293274 0.753335
77 -0.513296 -0.114804 7.03652
77 -1.02981 0.198013 7.03652
77 0.908033 -0.204603 0.753335
77 0.351222 -0.37659 0.753335
77 -0.167545 -0.056182 0.753335
77 -0.352393 -0.601736 7.03652
77 -0.00374532 0.451741 0.753335
77 0.446953 0.0874682 0.753335
77 0.440274 0.283197 0.753335
77 -0.403683 0.37332 0.753335
77 0.456526 -0.762868 0.753335
77 -0.240983 0.537058 0.753335
77 -0.163343 0.481375 0.753335
77 0.589075 0.465297 0.753335
77 -0.812977 0.222458 7.03652
77 0.0373368 -0.00041736 7.03652
77 0.534586 0.853211 7.03652
77 -0.291362 -0.161039 0.753335
77 -0.456276 0.171849 0.753335
77 0.0937888 0.499327 0.753335
77 -0.0337929 0.495313 0.753335
77 -0.543194 0.700029 0.753335
77 0.663328 0.0702174 7.03652
77 0.857663 -0.167598 0.753335
77 -0.704463 -0.606554 7.03652
77 -0.492044 -0.469288 0.753335
77 0.149314 0.705749 0.753335
77 0.361629 0.154047 7.03652
77 0.563392 -0.380778 0.753335
77 0.696872 0.172591 0.753335
77 -0.190879 -0.629928 0.753335
77 -0.740357 0.534993 0.753335
77 0.0688988 -0.637867 0.753335
77 -0.455221 -0.252163 0.753335
77 -0.361822 -0.0119348 0.753335
77 -0.410054 -0.751187 0.753335
77 -0.889485 0.0492467 0.753335
77 -0.602675 -0.530935 7.03652
77 -0.598061 -0.58394 7.03652
77 0.371112 0.754945 7.03652
77 -0.226936 0.229942 7.03652
77 0.115607 -0.312304 0.753335
77 -0.47156 0.615121 0.753335
77 -0.132076 1.01662 7.03652
77 0.654918 0.545786 0.753335
77 0.126642 0.395051 0.753335
77 -1.04396 -0.104424 0.753335
77 0.743878 -0.399491 0.753335
77 0.682146 0.455027 7.03652
77 -0.903383 -0.127788 0.753335
77 0.546201 -0.557165 0.753335
77 -0.291802 0.294312 7.03652
77 -0.809008 0.387638 0.753335
77 0.300148 -0.0712361 0.753335
77 -0.879054 -0.281479 7.03652
77 -0.461584 -0.300661 7.03652
77 0.475359 -0.102891 0.753335
77 0.228977 0.778091 0.753335
77 0.395423 0.261884 7.03652
77 0.873152 0.463674 0.753335
77 -0.344197 -0.147253 0.753335
77 0.604492 -0.568701 7.03652
77 0.419087 -0.806321 7.03652
77 -0.21933 0.18037 0.753335
77 -0.124139 0.37899 7.03652
77 0.00490579 0.817377 7.03652
77 0.137574 0.209952 0.753335
77 0.392318 -0.0829929 0.753335
77 0.432572 -0.652523 7.03652
77 -0.155771 -0.186098 0.753335
77 -0.650448 0.115201 0.753335
77 -0.269303 -0.850266 7.03652
77 -0.360402 -0.723517 0.753335
77 0.173399 -0.259249 0.753335
77 -0.399613 -0.624211 7.03652
77 -0.588694 0.235748 0.753335
77 -0.334244 0.91061 7.03652
77 0.919328 0.156109 0.753335
77 0.173034 0.138651 7.03652
77 -0.171605 0.716053 7.03652
77 -0.350428 -0.54779 0.753335
77 -0.69992 -0.0276685 0.753335
77 -0.442355 0.415171 7.03652
77 -0.242751 0.68292 7.03652
77 0.405562 0.174396 0.753335
77 0.741092 -0.155606 7.03652
77 -0.720175 -0.166569 0.753335
77 0.659536 0.599977 0.753335
77 -0.0792547 0.183863 7.03652
77 0.391548 0.370035 0.753335
77 0.800727 0.108463 7.03652
77 0.174909 -0.605071 0.753335
77 -0.804889 -0.481117 0.753335
77 0.457959 0.183752 7.03652
77 -0.201901 -0.368055 0.753335
77 -0.986957 -0.341991 7.03652
77 -0.824421 -0.428387 7.03652
77 -0.639367 0.749001 0.753335
77 0.493644 -0.0439854 7.03652
77 0.581587 0.0474865 0.753335
77 -0.285028 0.485159 0.753335
77 -0.839083 -0.620735 0.753335
77 0.620844 0.369593 7.03652
77 0.0541848 0.268834 0.753335
77 0.499217 0.583449 0.753335
77 -0.266282 0.197274 0.753335
77 0.100014 0.351356 0.753335
77 -0.329184 0.0257737 7.03652
77 0.371726 -0.701942 7.03652
77 0.208586 -0.0463053 0.753335
77 0.554727 0.109597 0.753335
77 -0.414445 -0.221188 0.753335
77 -0.94227 -0.462774 7.03652
77 0.171781 0.780658 0.753335
77 0.639122 0.490161 0.753335
77 -0.377558 -0.412132 0.753335
77 0.334672 0.651367 0.753335
77 -0.378782 -0.188622 0.753335
77 -0.140527 0.666618 0.753335
77 -0.361347 -0.971647 0.753335
77 -0.79375 0.503302 7.03652
77 0.0991374 0.248555 0.753335
77 -0.534891 -0.0120405 0.753335
77 -0.240824 -0.179651 0.753335
77 0.0774037 0.642616 0.753335
77 -0.257735 0.327374 0.753335
77 -0.371767 -0.305134 0.753335
77 0.904485 -0.262548 7.03652
77 -0.920812 0.487351 0.753335
77 -0.598629 0.178959 7.03652
77 -0.297787 -0.527444 0.753335
77 -0.316695 -0.812834 0.753335
77 0.229213 0.196512 0.753335
77 0.717014 -0.701743 0.753335
77 -0.00686669 -0.487742 7.03652
77 -0.666201 -0.251226 0.753335
77 0.596308 0.526381 0.753335
77 -0.566906 0.805694 0.753335
77 0.801496 0.224043 0.753335
77 0.267024 0.111775 0.753335
77 0.0402273 0.110534 0.753335
77 -0.66185 0.261311 7.03652
77 -0.462481 0.0134849 7.03652
77 0.115892 -0.081566 7.03652
77 0.241 -0.136533 0.753335
77 -0.370603 0.613417 0.753335
77 -0.388845 0.24271 7.03652
77 -0.263291 -0.790706 0.753335
77 0.772517 -0.546999 0.753335
77 -0.202902 -0.478953 7.03652
77 0.0480613 0.168287 0.753335
77 -0.229933 -0.288211 7.03652
77 -0.663188 0.0631512 0.753335
77 0.220007 0.100864 7.03652
77 0.458902 0.136485 0.753335
77 -0.334268 -0.444573 7.03652
77 0.209638 0.829656 7.03652
77 0.148418 0.345286 7.03652
77 0.0941939 0.439355 0.753335
77 -0.30676 -0.114481 7.03652
77 -0.787851 0.443267 0.753335
77 0.803655 0.165898 0.753335
77 -0.265343 0.995342 0.753335
77 -0.0566411 0.449727 0.753335
77 0.0391864 0.863308 0.753335
77 0.253782 0.727913 0.753335
77 0.16799 -0.496198 0.753335
77 0.360954 0.556997 0.753335
77 -0.752267 0.378586 0.753335
77 0.604567 -0.0631771 0.753335
77 0.434972 0.44619 7.03652
77 -0.889173 -0.0569989 0.753335
77 0.789445 -0.0109372 0.753335
77 -0.419794 0.323654 0.753335
77 -0.0572853 -0.578048 0.753335
77 0.101813 -0.938138 7.03652
77 -0.146671 0.291145 7.03652
77 -0.540583 0.490993 0.753335
77 -0.277594 0.75237 7.03652
77 -0.705751 -0.365859 0.753335
77 0.474161 -0.413105 0.753335
77 -0.37642 0.559125 0.753335
77 0.247522 -0.741366 0.753335
77 -0.0353277 0.404946 7.03652
77 0.402857 -0.367383 0.753335
77 -0.64639 -0.294756 7.03652
77 -0.25997 0.441624 7.03652
77 -0.1907 -0.254948 0.753335
77 -0.587467 0.468619 0.753335
77 0.216719 0.285121 7.03652
77 -0.146808 -0.44551 0.753335
77 -0.772059 -0.414829 7.03652
77 -0.303704 -0.580762 0.753335
77 -0.0531461 0.923436 0.753335
77 -0.0525239 0.818913 7.03652
77 -0.501553 0.348733 7.03652
77 0.569134 0.679875 0.753335
77 -0.0787517 0.871226 7.03652
77 0.699796 0.50986 0.753335
77 -0.937244 -0.0807979 0.753335
77 -0.442845 0.51479 0.753335
77 0.457432 -0.264589 7.03652
77 -0.374534 -0.839715 7.03652
77 0.61597 -0.119245 0.753335
77 -0.764942 -0.711858 7.03652
77 0.0371782 -0.96406 7.03652
77 -0.64324 -0.611663 7.03652
77 0.657235 -0.0831958 7.03652
77 -0.389557 0.421533 7.03652
77 -1.04739 0.0802582 0.753335
77 -0.0866612 -0.535917 0.753335
77 -0.421051 0.619126 0.753335
77 0.536443 0.44435 0.753335
77 0.214228 -0.295324 0.753335
77 -0.732699 0.425137 0.753335
77 0.355073 -0.7897 0.753335
77 -0.589294 0.352827 7.03652
77 0.153678 0.839724 0.753335
77 -0.19986 0.309095 7.03652
77 -0.757072 0.228817 0.753335
77 0.0919638 -0.817003 0.753335
77 -0.749081 -0.00985749 0.753335
77 -0.898361 0.426986 0.753335
77 0.514409 0.688441 0.753335
77 -0.0115734 -0.0271631 0.753335
77 -0.469004 -0.917549 7.03652
77 -0.277881 0.248732 0.753335
77 0.0259772 0.636995 7.03652
77 -0.721576 -0.261991 7.03652
77 -0.238298 0.279316 0.753335
77 -0.341165 0.667418 7.03652
77 0.047748 -0.910001 7.03652
77 0.126713 0.0648061 7.03652
77 -0.554833 -0.344846 7.03652
77 -0.971003 -0.400376 7.03652
77 0.824002 -0.332496 0.753335
77 0.0415633 0.431118 0.753335
77 0.305949 -0.353403 0.753335
77 0.503303 -0.243561 7.03652
77 -0.634857 0.446751 7.03652
77 -0.418746 -0.328435 0.753335
77 0.70248 0.285317 7.03652
77 -0.188628 0.040448 7.03652
77 0.323769 0.184412 0.753335
77 -0.292991 0.868172 0.753335
77 -0.311948 -0.69882 0.753335
77 0.31111 -0.830556 0.753335
77 -0.942119 0.0446551 0.753335
77 0.961487 0.248744 7.03652
77 0.476078 0.807816 7.03652
77 0.127062 0.0192547 0.753335
77 0.909002 0.216889 0.753335
77 -0.481391 0.721702 7.03652
77 0.272454 -0.913353 7.03652
77 -0.963168 -0.246702 0.753335
77 0.285908 0.267218 0.753335
77 -0.375802 -0.358973 0.753335
77 -0.24098 0.895871 0.753335
77 0.278637 -0.642427 7.03652
77 0.496861 -0.814882 7.03652
77 0.150961 -0.168283 0.753335
77 0.053876 0.536244 0.753335
77 -0.116612 -0.392783 0.753335
77 -0.0463537 0.00661612 7.03652
77 -0.865946 -0.00117217 0.753335
77 -0.586661 0.526241 7.03652
77 0.998737 0.0517867 7.03652
77 -0.452336 0.78092 7.03652
77 -0.266886 0.100394 0.753335
77 -0.184182 -0.00820027 0.753335
77 -0.92313 0.362275 0.753335
77 -0.240458 -0.338569 7.03652
77 -0.715074 -0.423236 0.753335
77 0.126416 -0.692444 7.03652
77 -0.534107 0.43963 7.03652
77 0.945912 -0.315395 7.03652
77 -0.283207 -0.36763 7.03652
77 0.0759347 -0.0496112 7.03652
77 0.721774 -0.350708 0.753335
77 -0.551701 -0.290536 7.03652
77 -0.223375 0.407686 0.753335
77 0.595498 0.141962 0.753335
77 0.513743 -0.603064 0.753335
77 -0.112275 -0.72967 0.753335
77 -0.155874 -0.139398 0.753335
77 0.338252 0.395634 0.753335
77 0.857162 0.193707 0.753335
77 -0.322521 0.451708 0.753335
77 0.161817 0.565736 7.03652
77 -0.681099 0.710254 7.03652
77 -0.551314 0.131917 0.753335
77 -0.562863 -0.060227 0.753335
77 0.16917 -0.0104848 7.03652
77 0.679006 0.734178 0.753335
77 -0.787601 0.174575 0.753335
77 0.800038 -0.603336 0.753335
77 -0.954571 0.434224 7.03652
77 0.923075 -0.0252778 7.03652
77 -0.279851 0.0138504 0.753335
77 0.120276 0.297074 7.03652
77 -0.125941 0.189037 7.03652
77 0.0759759 0.311173 0.753335
77 0.827775 0.41737 7.03652
77 -0.388799 0.773519 0.753335
77 -0.214734 0.354678 0.753335
77 -0.629421 -0.210389 7.03652
77 0.114478 0.799771 0.753335
77 0.269371 0.062874 0.753335
77 -0.640121 -0.0295434 0.753335
77 -0.495771 0.205546 7.03652
77 -0.720978 -0.55375 0.753335
77 -0.328496 -0.339502 0.753335
77 0.375245 -0.943954 0.753335
77 -0.661578 -0.559946 7.03652
77 -0.144949 -0.23284 0.753335
77 -0.756948 0.63579 7.03652
77 0.327688 -0.153932 0.753335
77 0.60236 -0.242764 0.753335
77 -0.139569 -0.633179 7.03652
77 -0.229051 0.00521777 0.753335
77 -0.586286 0.413493 7.03652
77 -0.328854 0.734022 0.753335
77 -0.061654 -0.915901 0.753335
77 -0.739113 -0.653269 7.03652
77 -0.400336 -0.567991 7.03652
77 -0.769106 -0.52774 0.753335
77 0.15828 -0.898148 0.753335
77 -0.0332417 0.176432 0.753335
77 -0.864034 0.264061 7.03652
77 0.773734 0.42606 0.753335
77 -0.10907 0.819017 7.03652
77 -0.295265 0.0633145 0.753335
77 0.145876 0.518405 7.03652
77 0.097819 -0.556563 0.753335
77 0.221703 0.053278 7.03652
77 -0.791394 0.334655 7.03652
77 0.0564088 -0.419585 0.753335
77 -0.00880809 -0.778221 7.03652
77 0.368361 0.21372 0.753335
77 0.13119 0.652495 7.03652
77 0.170637 0.945861 0.753335
77 0.399354 0.070868 0.753335
77 0.370116 -0.842882 0.753335
77 -0.157771 -0.494566 0.753335
77 -0.158651 0.957605 0.753335
77 -0.840589 -0.244895 0.753335
77 -0.323147 0.16788 0.753335
77 -0.384333 0.0963227 7.03652
77 0.988292 0.134234 0.753335
77 0.426356 0.77699 7.03652
77 -0.890758 0.146145 7.03652
77 -0.298816 0.408685 0.753335
77 0.505792 0.201795 0.753335
77 0.713158 0.0531148 7.03652
77 0.214879 0.00413456 0.753335
77 0.54925 0.560873 0.753335
77 0.419337 -0.414717 0.753335
77 -0.61272 0.621578 0.753335
77 0.137706 -0.454052 0.753335
77 -0.831373 0.0507509 0.753335
77 0.807329 0.477513 0.753335
77 -0.515083 0.0914484 0.753335
77 0.387306 -0.466566 0.753335
77 -0.661734 -0.400092 7.03652
77 0.233955 0.400461 7.03652
77 0.339577 -0.10393 0.753335
77 -0.229149 -0.889938 7.03652
77 0.518666 -0.508938 7.03652
77 -0.80646 0.104508 0.753335
77 -0.573028 0.286274 7.03652
77 -0.396577 0.667612 0.753335
77 -0.165168 -0.863177 7.03652
77 0.992347 -0.0700075 7.03652
77 0.649281 0.221956 7.03652
77 0.0416827 -0.476735 0.753335
77 0.518164 -0.13654 0.753335
77 -0.117412 -0.902972 7.03652
77 -0.381118 0.293556 7.03652
77 0.170236 0.298104 0.753335
77 0.0263816 -0.378153 0.753335
77 -0.681113 0.313097 7.03652
77 -0.0468572 -0.207672 0.753335
77 0.649641 0.273127 0.753335
77 -0.266516 -0.675007 0.753335
77 -0.50829 0.155811 0.753335
77 -0.667512 -0.802628 0.753335
77 0.0449729 -0.852324 0.753335
77 0.618901 -0.478806 7.03652
77 0.240597 -0.597404 0.753335
77 -0.563881 -0.397278 7.03652
77 0.15243 -0.546609 0.753335
77 -0.0945644 -0.44024 0.753335
77 -0.231412 0.487339 0.753335
77 -0.600625 0.128721 0.753335
77 0.649002 0.121442 0.753335
77 -0.311039 -0.755453 7.03652
77 0.365986 -0.421024 7.03652
77 -0.473206 -0.207833 0.753335
77 -0.777441 -0.161536 0.753335
77 -0.456647 -0.856293 7.03652
77 0.69462 -0.639934 7.03652
77 -0.746271 -0.117375 7.03652
77 -0.0637733 0.638854 7.03652
77 0.759177 -0.654858 0.753335
77 0.71991 0.560438 0.753335
77 -0.193449 -1.00528 0.753335
77 -0.579668 -0.19842 7.03652
77 0.862486 0.374466 0.753335
77 -0.367852 -0.244158 0.753335
77 -0.094866 -0.221044 0.753335
77 0.0216352 0.577158 0.753335
77 -0.611204 -0.0737875 7.03652
77 0.0728859 -0.366196 0.753335
77 -0.779597 0.036269 0.753335
77 -0.0803481 -0.637005 0.753335
77 0.439506 -0.461664 0.753335
77 -0.561497 0.0800165 0.753335
77 0.128513 0.162056 0.753335
77 0.656325 -0.337086 7.03652
77 0.360193 0.103729 0.753335
77 0.124053 -0.265408 7.03652
77 0.411497 0.581024 0.753335
77 -0.546125 0.327982 7.03652
77 0.196155 -0.153187 0.753335
77 -0.151859 0.426469 0.753335
77 0.749685 0.200779 0.753335
77 0.448329 -0.0145577 7.03652
77 0.546427 0.500561 0.753335
77 -0.195302 -0.532811 0.753335
77 0.471307 0.741255 0.753335
77 -0.637385 0.503333 0.753335
77 -0.973875 0.154166 0.753335
77 0.124753 0.749423 7.03652
77 0.0309899 0.0605434 7.03652
77 0.000421981 0.0250582 0.753335
77 -0.13164 0.52021 0.753335
77 0.0257129 -0.142641 0.753335
77 0.193798 0.237168 0.753335
77 0.236389 0.678713 7.03652
77 -0.0607023 -0.751115 0.753335
77 0.0106131 1.02275 7.03652
77 0.455772 -0.601819 7.03652
77 -0.493615 0.404 7.03652
77 -0.282921 -0.314254 0.753335
77 0.255822 -0.545633 0.753335
77 -0.731944 0.182636 0.753335
77 0.383745 0.816382 0.753335
77 0.37013 -0.183185 0.753335
77 0.718413 -0.10002 0.753335
77 -0.0623045 -0.164443 7.03652
77 0.624753 -0.388895 7.03652
77 0.671717 0.387487 7.03652
77 -0.511041 -0.374827 0.753335
77 0.0987416 -0.878821 7.03652
77 -0.809742 -0.00666003 0.753335
77 -0.757013 0.0800961 0.753335
77 0.154637 -0.406015 0.753335
77 0.647368 -0.280584 7.03652
77 0.116573 -0.504923 0.753335
77 -0.877941 -0.571828 0.753335
77 -0.331732 0.976456 7.03652
77 0.117553 -0.128656 0.753335
77 0.597049 0.200027 0.753335
77 -0.376138 0.716168 7.03652
77 -0.286009 0.814251 7.03652
77 0.444514 0.497226 7.03652
77 0.0512651 0.222179 0.753335
77 0.322176 0.59488 0.753335
77 -0.312449 -0.0243905 0.753335
77 -0.0320948 -0.346926 7.03652
77 0.379156 -0.133747 0.753335
77 0.196829 0.72924 7.03652
77 0.699259 -0.303269 7.03652
77 -0.0124772 -0.723005 7.03652
77 -0.410859 -0.00164018 7.03652
77 -0.805503 -0.206977 7.03652
77 -0.0873452 0.493924 7.03652
77 -0.454201 0.362754 0.753335
77 0.706927 -0.545669 0.753335
77 -0.691168 -0.208839 0.753335
77 0.221112 -0.244095 0.753335
77 0.0126185 0.508171 7.03652
77 0.070676 0.912409 7.03652
77 0.309598 -0.303076 0.753335
77 -0.289767 0.534291 0.753335
77 0.643916 0.171307 0.753335
77 -0.495619 -0.629862 7.03652
77 0.534248 0.059986 7.03652
77 0.667231 -0.586926 7.03652
77 -0.505099 -0.259843 0.753335
77 0.55498 0.287789 0.753335
77 -0.750245 -0.467346 7.03652
77 0.451324 0.617186 0.753335
77 0.897418 -0.434802 7.03652
77 0.805455 0.353138 0.753335
77 -0.450591 0.673139 7.03652
77 -0.197586 1.00864 0.753335
77 0.455067 -0.366507 0.753335
77 0.43214 0.847091 0.753335
77 -0.52238 -0.203614 0.753335
77 -0.517806 -0.841822 7.03652
77 0.506745 -0.361772 7.03652
77 -0.465351 -0.35515 7.03652
77 0.120393 0.601201 0.753335
77 -0.190391 -0.317357 0.753335
77 0.612012 0.640258 0.753335
77 -0.341735 0.0787917 0.753335
77 0.936201 -0.0833098 0.753335
77 0.530804 0.794416 7.03652
77 -0.782141 0.579384 0.753335
77 -0.42288 0.0474058 0.753335
77 -0.499026 -0.519223 0.753335
77 0.625167 0.703212 7.03652
77 -0.645815 0.664936 7.03652
77 0.0390756 -0.73954 0.753335
77 -0.705671 0.0921211 7.03652
77 -0.364554 -0.782631 0.753335
77 -0.262795 0.377077 0.753335
77 -0.873547 -0.462592 7.03652
77 -0.416088 -0.092427 7.03652
77 0.846464 0.0819135 7.03652
77 -0.384507 -0.4657 7.03652
77 -0.164533 -0.688565 0.753335
77 -0.566102 0.0314029 0.753335
77 0.201587 0.336463 0.753335
77 -0.387376 -0.0529093 0.753335
77 -0.231754 0.13454 0.753335
77 -0.112649 0.568615 7.03652
77 -0.755982 -0.363448 7.03652
77 -0.169397 0.617428 0.753335
77 0.29036 0.766454 0.753335
77 0.216696 -0.928057 0.753335
77 -0.381579 0.883041 7.03652
77 0.277483 -0.172232 7.03652
77 0.208492 -0.994098 0.753335
77 0.701113 0.22908 7.03652
77 0.849812 -0.278309 0.753335
77 0.372949 0.875174 7.03652
77 0.497996 0.00431319 0.753335
77 -0.925877 0.184861 0.753335
77 -0.547818 -0.607352 0.753335
77 -0.163752 -0.399304 0.753335
77 0.243925 -0.422114 7.03652
77 -0.799237 -0.105792 7.03652
77 -0.936049 -0.298224 7.03652
77 -0.32248 -0.870274 0.753335
77 -0.748503 -0.21468 0.753335
77 -0.186172 0.261816 0.753335
77 0.0206577 -0.627739 7.03652
77 -0.108771 -0.487826 7.03652
77 -0.815746 -0.302987 0.753335
77 -0.614646 -0.820158 7.03652
77 -0.514643 0.0342282 0.753335
77 -0.0915256 0.414037 0.753335
77 0.457752 -0.508287 0.753335
77 -0.619276 0.0251272 0.753335
77 0.165527 -0.307902 0.753335
77 0.303403 -0.0226017 7.03652
77 -0.708604 -0.49833 7.03652
77 0.706379 0.343667 0.753335
77 -0.630402 0.56261 7.03652
77 0.120928 -0.359715 0.753335
77 -0.568024 -0.70973 7.03652
77 0.32448 0.959186 0.753335
77 -0.549162 -0.498239 0.753335
77 0.174277 0.616178 7.03652
77 -0.402362 0.18638 0.753335
77 0.503776 -0.301147 7.03652
77 0.331808 0.800481 0.753335
77 -0.46912 -0.413369 7.03652
77 -0.067802 -0.307179 0.753335
77 -0.819147 0.636612 0.753335
77 -0.471626 0.306924 7.03652
77 0.12811 0.11284 7.03652
77 0.408524 0.124546 0.753335
77 -0.656977 -0.166976 0.753335
77 -0.154859 -0.285825 0.753335
77 0.311706 -0.545833 0.753335
77 0.832624 -0.436807 0.753335
77 -0.65442 -0.345347 0.753335
77 0.289013 -0.121354 7.03652
77 -0.133745 -1.0199 0.753335
77 0.0942804 0.6945 0.753335
77 0.655566 0.326793 0.753335
77 0.251987 -0.0845689 0.753335
77 0.0838809 -0.00351281 0.753335
77 -0.634879 0.38948 0.753335
77 0.540843 -0.660744 0.753335
77 -0.538113 0.236121 0.753335
77 0.855886 0.318075 0.753335
77 -0.598555 -0.313766 7.03652
77 0.486246 -0.553647 7.03652
77 0.814543 -0.0593349 0.753335
77 0.692714 -0.246053 7.03652
77 -0.0608946 1.02344 7.03652
77 -0.502491 0.904199 0.753335
77 -0.543755 0.384799 0.753335
77 0.602551 -0.34186 0.753335
77 0.693177 -0.183881 0.753335
77 -0.0714461 -1.02264 7.03652
77 0.504563 0.636536 7.03652
77 -0.241546 -0.0880015 0.753335
77 0.432426 -0.705812 0.753335
77 0.828246 -0.11281 0.753335
77 -0.135972 0.0421468 7.03652
77 -0.863173 0.0983483 0.753335
77 0.920304 0.358084 0.753335
77 -0.449093 -0.537296 0.753335
77 0.27146 0.444205 7.03652
77 0.770366 0.0449449 7.03652
77 0.00288286 -0.578681 0.753335
77 0.754698 0.372307 0.753335
77 0.206353 -0.0976659 7.03652
77 0.0744183 0.041587 0.753335
77 -0.18482 0.124844 0.753335
77 -0.27719 0.15129 0.753335
77 0.869942 -0.490873 7.03652
77 -0.211481 -0.776509 7.03652
77 0.0439332 -1.02558 7.03652
77 -0.498388 -0.573334 0.753335
77 0.603058 0.582172 0.753335
77 0.132809 0.466735 0.753335
77 -0.255183 -1.00183 7.03652
77 0.02624 0.31159 7.03652
77 -0.483164 -0.798193 0.753335
77 0.56634 -0.779622 7.03652
77 0.579916 0.408774 0.753335
77 -0.197251 -0.203614 7.03652
77 0.203413 0.527414 7.03652
77 0.311823 -0.253011 0.753335
77 -0.376182 0.0410428 7.03652
77 0.147367 -1.01302 7.03652
77 0.351 0.277221 0.753335
77 0.400066 0.523039 7.03652
77 0.295957 0.353236 7.03652
77 -0.364061 -0.103193 0.753335
77 0.962942 -0.253668 0.753335
77 -0.0609467 -0.0438062 0.753335
77 0.858672 0.139612 0.753335
77 -0.0589085 -0.861777 0.753335
77 -0.111534 -0.843151 0.753335
77 0.161726 0.427111 0.753335
77 -0.183089 0.897413 0.753335
77 0.163886 -0.0642345 0.753335
77 0.494541 -0.462114 0.753335
77 0.7731 0.59257 7.03652
77 0.459253 0.679038 0.753335
77 -0.602847 0.849007 7.03652
77 0.18308 0.481324 0.753335
77 0.766832 0.649062 0.753335
77 -0.720561 0.589 0.753335
77 0.510441 0.148984 0.753335
77 -0.555247 -0.241762 7.03652
77 -0.655862 -0.508512 7.03652
77 -0.775686 -0.0562041 0.753335
77 -0.518924 0.283566 0.753335
77 -0.516289 -0.066513 7.03652
77 0.264101 -0.978405 7.03652
77 0.239123 0.483663 0.753335
77 0.4381 0.0330908 0.753335
77 0.743212 -0.271069 7.03652
77 0.220753 0.148456 7.03652
77 0.102732 -0.180078 7.03652
77 0.310186 0.540172 0.753335
77 0.363596 -0.558495 0.753335
77 0.0296209 -0.68222 0.753335
77 -0.176718 0.387142 0.753335
77 0.358249 -0.27982 7.03652
77 0.252053 0.872895 0.753335
77 0.349891 -0.00575975 0.753335
77 0.217491 -0.641824 0.753335
77 -0.713024 0.26344 7.03652
77 -0.082095 0.765325 0.753335
77 0.482533 0.307937 0.753335
77 0.393485 -0.890931 0.753335
77 -0.0190342 0.550134 0.753335
77 -0.247388 -0.454106 7.03652
77 0.399622 -0.0328353 0.753335
77 0.480755 0.364819 0.753335
77 -0.669283 -0.658232 0.753335
77 0.363015 -0.231282 7.03652
77 -0.474038 0.121609 7.03652
77 0.0171074 -0.331661 0.753335
77 0.271531 0.82048 7.03652
77 -0.0406504 -0.443682 0.753335
77 -0.409271 -0.2746 7.03652
77 -0.689926 0.370719 0.753335
77 -0.279317 -0.210495 7.03652
77 0.190372 -0.447931 0.753335
77 0.39819 -0.751424 0.753335
77 -0.214307 -0.832617 0.753335
77 -0.811383 -0.566095 0.753335
77 -0.541137 -0.663462 7.03652
77 -0.137908 0.774319 7.03652
77 0.500375 0.526689 7.03652
77 0.306428 -0.406678 0.753335
77 -0.717627 -0.75932 0.753335
77 -0.428247 0.728775 7.03652
77 -0.690341 0.210885 0.753335
77 -0.600933 0.695692 7.03652
77 0.648953 -0.218525 0.753335
77 0.556391 0.619503 0.753335
77 -0.327167 0.566047 0.753335
77 -0.431033 0.272445 7.03652
77 0.442786 -0.0648368 0.753335
77 0.0264565 -0.281489 7.03652
77 0.131891 0.900654 0.753335
77 0.989073 -0.0124898 0.753335
77 0.26296 -0.274207 7.03652
77 0.507905 -0.87436 0.753335
77 0.717571 0.415532 7.03652
77 0.528822 0.388909 0.753335
77 0.700392 0.11605 7.03652
77 -0.671599 0.0132189 7.03652
77 -0.809091 -0.360225 7.03652
77 0.162334 -0.114556 7.03652
77 0.526968 -0.415729 7.03652
77 0.55249 -0.716594 0.753335
77 0.0936268 -0.997921 7.03652
77 -0.767207 -0.600638 0.753335
77 0.448185 -0.851781 0.753335
77 -0.330369 -0.390933 7.03652
77 0.23427 -0.473492 7.03652
77 -0.0581452 -0.258172 0.753335
77 -0.0202784 -0.295928 0.753335
77 0.186081 0.668578 0.753335
77 0.798127 -0.163371 7.03652
77 -0.41758 -0.945147 0.753335
77 -0.434637 -0.174748 0.753335
77 0.382737 0.421169 7.03652
77 -0.0591311 -0.489156 0.753335
77 -0.0846776 -0.354089 7.03652
77 -0.859707 0.595646 0.753335
77 -0.278168 0.64209 0.753335
77 0.0262614 0.763715 7.03652
77 -0.244833 -0.510709 7.03652
77 0.057665 -0.584851 0.753335
77 -0.118248 0.72284 0.753335
77 -0.801181 -0.66255 7.03652
77 0.325631 0.725283 7.03652
77 -0.0358106 0.0551086 0.753335
77 -0.855752 -0.105706 0.753335
77 -0.739821 0.72257 7.03652
77 -0.368712 0.464915 0.753335
77 0.773874 -0.447624 0.753335
77 0.486701 -0.653161 0.753335
77 0.854797 -0.011677 0.753335
77 0.525698 0.331646 0.753335
77 -0.569281 -0.110691 7.03652
77 0.379946 -0.650623 0.753335
77 -0.601292 -0.153797 0.753335
77 -1.0172 0.262365 0.753335
77 0.348457 0.344469 7.03652
77 -0.146211 -0.961296 0.753335
77 0.243901 0.244672 0.753335
77 -0.390706 -0.679305 0.753335
77 -0.549346 -0.550937 0.753335
77 0.298998 0.908962 7.03652
77 0.607057 0.088956 0.753335
77 0.886508 0.0349261 0.753335
77 -0.200061 0.449463 7.03652
77 -0.227301 0.730109 0.753335
77 -0.00254213 -0.189501 0.753335
77 -1.03685 0.139689 7.03652
77 -0.0201889 0.870158 7.03652
77 -0.241922 -0.397682 0.753335
77 -0.701197 -0.31015 7.03652
77 -0.995091 0.322421 7.03652
77 -0.398066 -0.141 0.753335
77 0.712782 0.619592 0.753335
77 -0.438118 -0.702165 7.03652
77 -0.86454 0.202985 0.753335
77 -0.0173775 0.610484 0.753335
77 -0.201318 -0.42923 0.753335
77 -0.0893446 -0.0828726 7.03652
77 0.568444 -0.100752 7.03652
77 0.796683 -0.384403 7.03652
77 0.327215 -0.89134 7.03652
77 0.941173 0.0295138 0.753335
77 0.291927 0.685316 0.753335
77 -0.922878 -0.353577 0.753335
77 -0.107291 -0.26876 7.03652
77 -0.0636522 0.58783 0.753335
77 0.501147 0.100693 0.753335
77 0.58339 0.744492 0.753335
77 0.736115 -0.596999 7.03652
77 0.804805 0.288086 7.03652
77 -0.160443 -0.748186 0.753335
77 0.597641 0.253274 7.03652
77 0.588182 0.813894 7.03652
77 0.435697 0.337695 0.753335
77 -0.334633 0.786828 0.753335
77 -0.086547 -0.966166 7.03652
77 0.901189 0.0969374 0.753335
77 -0.681405 0.424541 0.753335
77 0.553355 0.171601 0.753335
77 -0.0688129 0.368732 0.753335
77 0.859187 -0.383195 0.753335
77 0.681829 -0.388499 0.753335
77 -0.910303 -0.413201 0.753335
77 0.087997 -0.461266 0.753335
77 -0.212131 0.578142 0.753335
77 -0.425852 0.465186 7.03652
77 0.923789 -0.377339 7.03652
77 0.29631 0.487789 0.753335
77 -0.423605 -0.80748 0.753335
77 -0.445506 0.934433 7.03652
77 0.397575 -0.59994 0.753335
77 0.463769 -0.209597 0.753335
77 0.549359 0.22876 7.03652
77 -0.28343 -0.917647 0.753335
77 -0.66873 -0.454563 0.753335
77 -0.0324333 -0.620043 0.753335
77 -1.05077 0.0152269 0.753335
77 -0.0352571 0.225064 7.03652
77 -0.0115034 -0.243404 0.753335
77 0.288614 0.40123 0.753335
77 0.230276 -0.190657 0.753335
77 0.749557 0.147998 0.753335
77 0.580304 -0.514117 0.753335
77 -0.604844 -0.257391 0.753335
77 0.948872 0.309282 0.753335
77 -0.0646877 -0.695333 0.753335
77 0.261305 -0.323774 0.753335
77 0.421453 0.221714 7.03652
77 -0.550667 0.186645 0.753335
77 -0.0691314 0.537867 0.753335
77 0.191558 -0.814938 0.753335
77 -0.668815 0.605968 7.03652
77 -0.610387 -0.477887 7.03652
77 0.124243 -0.594924 7.03652
77 -0.984867 0.0974668 0.753335
77 0.986537 -0.13237 0.753335
77 -0.832823 -0.054454 0.753335
77 0.409281 -0.31764 7.03652
77 -0.0898786 0.678992 0.753335
77 -0.479421 0.252414 0.753335
77 -0.689562 -0.123023 0.753335
77 0.971328 0.190806 0.753335
77 0.0435883 -0.793872 0.753335
77 -0.719249 0.0363356 7.03652
77 0.847199 -0.221213 0.753335
77 -0.477132 0.843777 7.03652
77 0.136837 -0.218667 0.753335
77 0.448209 -0.912163 0.753335
77 -0.161728 0.0832257 0.753335
77 0.33337 -0.739455 0.753335
77 -0.0067173 0.0924953 0.753335
77 -0.203379 -0.148886 7.03652
77 0.343326 -0.506098 0.753335
77 -0.312561 0.216554 0.753335
77 -0.00663788 -0.834924 0.753335
77 -0.218603 0.951453 0.753335
77 -0.894296 0.541049 0.753335
77 -0.624315 -0.695024 0.753335
77 -0.524863 0.752388 7.03652
77 0.652441 -0.43713 0.753335
77 -0.524353 -0.898202 7.03652
77 0.369026 0.69126 0.753335
77 0.875079 -0.0613295 7.03652
77 0.00946174 0.91929 0.753335
77 -0.0917384 0.971896 0.753335
77 -0.653665 -0.744083 7.03652
77 -0.298539 -0.631806 0.753335
77 -0.256569 -0.561435 7.03652
77 0.49112 0.473292 0.753335
77 -0.730121 0.329659 0.753335
77 -0.490721 -0.159461 0.753335
77 -0.0590836 -0.806653 0.753335
77 0.974238 -0.195049 7.03652
77 0.189982 0.886015 0.753335
77 -0.495544 -0.69321 7.03652
77 0.387213 0.47019 0.753335
77 0.257828 0.530106 0.753335
77 0.309568 0.0288089 7.03652
77 0.326297 -0.664285 0.753335
77 -0.525231 -0.74544 0.753335
77 0.270121 0.161004 7.03652
77 -0.188489 0.769506 0.753335
77 -0.136991 -0.540239 0.753335
77 0.200901 -0.562924 0.753335
77 -0.134901 0.134947 0.753335
77 0.0339926 -0.231623 0.753335
77 -0.178182 -0.917835 0.753335
77 0.822275 0.0351979 7.03652
77 0.773723 0.527767 0.753335
77 0.144733 -0.844511 0.753335
77 -0.636346 0.337014 7.03652
77 0.823044 0.569819 7.03652
77 -0.855662 0.490611 7.03652
77 0.138906 -0.787194 0.753335
77 0.638463 -0.164039 7.03652
77 0.414635 -0.220216 0.753335
77 -0.908244 -0.232735 0.753335
77 -0.700846 -0.702474 0.753335
77 -0.443585 -0.484408 7.03652
77 -0.227717 -0.95024 0.753335
77 0.26416 -0.857131 0.753335
77 -0.22733 0.625472 0.753335
77 0.0775401 -0.698307 7.03652
77 -0.479863 0.456319 7.03652
77 -0.317219 0.118115 7.03652
77 0.61259 -0.733357 0.753335
77 -0.362874 0.348931 0.753335
77 -0.331003 -0.194803 7.03652
77 -0.342705 -0.49716 0.753335
77 0.062065 0.806048 0.753335
77 -0.0175456 -0.393641 0.753335
77 0.552313 -0.0430891 7.03652
77 0.015134 -0.0963563 0.753335
77 0.280659 0.632624 7.03652
77 -0.115677 0.619524 7.03652
77 0.104714 0.551131 0.753335
77 0.350091 -0.0548253 0.753335
77 0.73904 -0.212695 0.753335
77 0.795814 -0.271944 7.03652
77 0.837594 -0.549136 7.03652
77 0.125534 -0.0324745 0.753335
77 -0.847725 0.325327 7.03652
77 -0.365094 0.1431 7.03652
77 -0.0651285 -0.398143 0.753335
77 -0.53274 0.546867 0.753335
77 -0.416437 0.1403 7.03652
77 -0.979367 -0.0169827 7.03652
77 0.596483 -0.00939436 7.03652
77 -0.214257 0.0845935 7.03652
77 0.899454 0.28104 0.753335
77 0.510179 0.264161 0.753335
77 -0.524077 0.604854 7.03652
77 0.216287 0.575642 0.753335
77 -0.422638 -0.383208 0.753335
77 -0.724251 -0.0723315 0.753335
77 0.0648401 -0.0951371 7.03652
77 -1.00814 -0.288159 7.03652
77 0.622594 -0.795968 7.03652
77 -0.910181 -0.516157 7.03652
77 0.00592583 0.254651 0.753335
77 0.571791 0.351441 0.753335
77 0.324145 0.236302 0.753335
77 -0.159525 0.33955 0.753335
77 0.18456 -0.207853 0.753335
77 0.469313 -0.157294 7.03652
77 -0.608072 -0.368549 7.03652
77 -0.81199 0.27748 0.753335
77 0.0221217 -0.534402 7.03652
77 -0.391458 0.51093 0.753335
77 -0.0404105 0.129373 7.03652
77 0.435699 0.394554 7.03652
77 0.3738 0.615896 7.03652
77 -0.109206 0.331399 7.03652
77 0.51294 -0.76058 0.753335
77 -0.0543021 0.715442 7.03652
77 -0.161004 -0.805852 7.03652
77 0.0108684 0.394327 0.753335
77 0.595576 -0.189805 7.03652
77 0.408187 -0.268835 0.753335
77 -0.992021 -0.071537 7.03652
77 -0.842503 0.437421 0.753335
77 0.743757 0.47644 0.753335
77 0.0413816 0.356003 0.753335
77 0.886093 -0.326881 7.03652
77 -0.846764 -0.517887 0.753335
77 0.35326 0.0499346 0.753335
77 -0.426643 -0.437195 0.753335
77 0.293267 -0.592149 7.03652
77 0.255485 -0.0356865 0.753335
77 0.280232 0.209104 0.753335
77 0.358255 -0.328107 0.753335
77 0.167546 -0.657661 0.753335
77 0.245245 0.355925 7.03652
77 0.293602 -0.706668 0.753335
77 -0.406151 -0.884917 0.753335
77 -0.02054 -0.957225 0.753335
77 -0.397932 -0.515176 7.03652
77 0.282465 -0.501804 0.753335
77 -0.834343 0.153307 0.753335
77 0.635441 0.775151 0.753335
77 0.561121 -0.837757 0.753335
77 -0.334851 0.309692 0.753335
77 0.232323 0.928161 7.03652
77 0.393053 0.0165031 7.03652
77 0.340612 -0.609352 7.03652
77 -0.319858 0.61667 0.753335
77 -0.595938 -0.646303 0.753335
77 0.107474 0.958678 0.753335
77 0.417437 0.717428 0.753335
77 0.041309 0.688924 0.753335
77 0.207441 0.993452 0.753335
77 -0.11029 -0.785148 7.03652
77 -0.25262 -0.130693 0.753335
77 0.453099 0.551778 0.753335
77 -0.150781 -0.350254 0.753335
77 0.929164 -0.150388 0.753335
77 0.183729 0.382975 0.753335
77 0.31832 -0.203431 0.753335
77 0.0505644 0.477591 0.753335
77 0.483921 0.420591 0.753335
77 0.483035 0.879818 0.753335
77 -0.0198242 0.668461 0.753335
77 -0.338053 0.258529 0.753335
77 -0.926806 -0.174481 0.753335
77 -0.28779 -0.0734497 7.03652
77 0.0850152 -0.224784 7.03652
77 -0.235901 -0.234897 7.03652
77 -0.113859 0.0892352 7.03652
77 -0.57982 -0.863232 7.03652
77 -0.518099 -0.428252 0.753335
77 -0.467701 -0.748214 7.03652
77 -0.175751 0.82542 0.753335
77 0.174244 0.0403702 0.753335
77 -0.973458 0.219892 0.753335
77 -0.784843 0.688327 7.03652
77 0.884716 -0.116518 0.753335
77 0.244455 -0.803397 0.753335
77 0.173751 0.0888831 0.753335
77 0.547594 -0.328583 0.753335
77 -0.217176 -0.670976 7.03652
77 -0.34608 0.397817 0.753335
77 -0.114213 -0.677346 0.753335
77 0.0820917 0.0874483 7.03652
77 -0.117796 -0.318336 0.753335
77 0.104879 -0.409391 0.753335
77 0.180279 0.187649 0.753335
77 -0.211723 -0.57995 0.753335
77 0.484017 0.0508083 7.03652
77 -0.236766 0.791139 7.03652
77 0.680087 -0.491542 0.753335
77 0.630879 0.0306373 0.753335
77 0.291506 -0.775961 0.753335
77 -0.646215 0.807485 7.03652
77 0.907109 0.417827 7.03652
77 0.0101438 -0.43632 7.03652
77 -0.0990428 0.28139 0.753335
77 0.565234 -0.153126 0.753335
77 0.144569 1.0068 0.753335
77 -1.0358 -0.162377 0.753335
77 -0.589154 -0.0171026 7.03652
77 -0.319411 -0.240873 7.03652
77 -0.134068 0.240652 0.753335
77 0.0917922 -0.754438 7.03652
77 -0.634311 -0.117613 7.03652
77 -0.019242 -0.141391 0.753335
77 -0.193123 0.667244 0.753335
77 0.347198 0.500169 0.753335
77 -0.308463 0.353805 0.753335
77 0.313541 0.134207 0.753335
77 -0.291325 -0.477185 0.753335
77 -0.8664 0.376867 0.753335
77 -0.0868176 0.043506 7.03652
77 -0.697573 0.143804 0.753335
77 0.754818 -0.0561752 0.753335
