64 -0.905274 0.31052 0.753335
64 0.657665 -0.681202 0.753335
64 -0.448485 -0.591169 7.03652
64 -0.408525 0.822859 0.753335
64 -0.261486 -0.0329934 0.753335
64 -1.04504 -0.0417307 7.03652
64 -0.861646 -0.387969 0.753335
64 -0.426666 0.56629 0.753335
64 0.00668926 0.144942 0.753335
64 0.739644 -0.498643 0.753335
64 0.0731889 0.393688 7.03652
64 -0.0237338 0.97461 0.753335
64 -0.434914 0.878601 7.03652
64 -0.338044 -0.0657008 0.753335
64 -0.116086 0.45821 7.03652
64 0.419402 -0.170352 0.753335
64 0.458906 -0.317877 7.03652
64 -1.02761 -0.226915 7.03652
64 -0.97962 -0.129216 0.753335
64 -0.283695 0.935936 0.753335
64 0.0895881 0.196177 7.03652
64 -0.836025 -0.158535 7.03652
64 -0.171632 0.169699 0.753335
64 -0.761215 0.282676 7.03652
64 0.956915 0.0916935 0.753335
64 0.430708 0.912176 0.753335
64 -0.190634 0.522899 7.03652
64 -0.875545 -0.191124 0.753335
64 -0.175025 0.215552 0.753335
64 -0.702788 0.654965 0.753335
64 0.0643668 -0.523923 0.753335
64 0.0474722 -0.185098 7.03652
64 -0.0913465 -0.00616315 7.03652
64 -0.138497 -0.00341767 7.03652
64 -0.389974 0.948571 0.753335
64 -0.572898 0.585455 0.753335
64 0.068991 -0.316573 7.03652
64 -0.0663082 0.0915049 7.03652
64 -0.596045 -0.757741 0.753335
64 0.753205 0.256637 0.753335
64 -0.352423 -0.915069 0.753335
64 0.161368 -0.953979 0.753335
64 -0.69228 0.482395 7.03652
64 0.217076 -0.34772 0.753335
64 0.622354 -0.626514 7.03652
64 -0.116612 0.919887 7.03652
64 0.669244 0.661442 0.753335
64 -0.0247985 -0.0780023 7.03652
64 0.732372 -0.00294742 7.03652
64 0.147547 -0.734183 0.753335
64 0.602916 0.307437 0.753335
64 -0.612006 0.0755819 0.753335
64 -0.78062 -0.262674 7.03652
64 0.426079 -0.555287 7.03652
64 0.0683473 0.590331 0.753335
64 0.0980804 0.857544 0.753335
64 -0.507932 -0.318532 7.03652
64 0.527644 0.742508 0.753335
64 0.428284 -0.119299 0.753335
64 -0.622728 0.28626 0.753335
64 -0.344034 -0.656098 0.753335
64 -0.33796 0.508847 7.03652
64 -0.344321 0.838692 7.03652
64 0.671956 -0.747176 0.753335
64 -0.359506 0.20448 0.753335
64 -0.451941 -0.126895 7.03652
64 0.267883 -0.224687 7.03652
64 0.204108 -0.398361 0.753335
64 0.520644 -0.0840295 0.753335
64 0.0735576 -0.141399 0.753335
64 0.320559 0.85856 0.753335
64 -0.305453 -0.972506 0.753335
64 -0.912153 0.242566 0.753335
64 -0.0282476 0.76865 7.03652
64 0.0818783 0.135083 0.753335
64 -0.248336 -0.61874 7.03652
64 0.547202 -0.270982 0.753335
64 0.410429 0.654565 0.753335
64 0.266799 0.972694 0.753335
64 -0.954556 0.281743 0.753335
64 -0.227202 0.845231 7.03652
64 0.468159 0.23692 7.03652
64 -0.0326101 -0.533905 0.753335
64 -0.563398 -0.450965 7.03652
64 0.315855 0.0860591 0.753335
64 -0.865978 -0.333387 0.753335
64 0.262113 0.0127361 7.03652
64 -0.480428 0.559495 7.03652
64 0.78935 -0.21547 0.753335
64 -0.00558513 -0.894836 0.753335
64 0.329822 -0.459214 0.753335
64 -0.214732 -0.0484773 0.753335
64 -0.295576 0.694209 7.03652
64 0.389779 0.315232 0.753335
64 0.261716 -0.37578 0.753335
64 0.282537 -0.452946 0.753335
64 0.772951 -0.109661 7.03652
64 0.196962 -0.758048 7.03652
64 -0.755504 0.130652 0.753335
64 0.195311 -0.701688 0.753335
64 0.0421126 0.968381 7.03652
64 0.70739 -0.444769 0.753335
64 0.768937 -0.32526 0.753335
64 -0.438366 0.22014 0.753335
64 0.211861 -0.513913 0.753335
64 -0.286562 -0.422535 7.03652
64 -0.245017 0.0503261 7.03652
64 0.647727 -0.0287193 7.03652
64 0.228202 0.627237 0.753335
64 -0.437188 -0.0416554 0.753335
64 0.489199 -0.707241 0.753335
64 -0.275096 -0.267218 7.03652
64 2.97883e-05 0.718324 0.753335
64 -0.0156207 0.301233 0.753335
64 0.21076 -0.866196 0.753335
64 0.330609 0.44613 0.753335
64 -0.504876 0.659651 0.753335
64 0.753897 0.313008 0.753335
64 0.553285 -0.465061 7.03652
64 -0.563883 0.647203 0.753335
64 -0.0217801 -0.669238 0.753335
64 0.567 -0.609213 0.753335
64 -0.161836 0.566295 0.753335
64 -0.0519449 0.27053 7.03652
64 -0.208547 -0.723558 7.03652
64 -0.755701 -0.312776 7.03652
64 -0.109224 -0.178412 0.753335
64 -0.494014 0.504581 7.03652
64 -0.544415 0.864912 7.03652
64 -0.195096 -0.100997 0.753335
64 0.59918 -0.677326 0.753335
64 -0.141436 -0.0955645 0.753335
64 -0.652834 0.168319 0.753335
64 -0.0149409 -1.01658 7.03652
64 -0.921577 -0.0124728 7.03652
64 0.151023 0.252556 7.03652
64 -0.0854642 0.230615 0.753335
64 0.852367 0.252692 0.753335
64 0.719428 0.692829 0.753335
64 0.317822 0.308004 0.753335
64 0.169034 -0.357964 0.753335
64 -0.447199 -0.649956 7.03652
64 -0.433672 0.0960466 7.03652
64 -0.161332 -0.583824 7.03652
64 0.0706966 0.741208 0.753335
64 -0.614875 -0.42447 0.753335
64 0.852706 0.517143 0.753335
64 -0.998391 0.0375587 7.03652
64 -0.704173 0.770169 7.03652
64 0.513922 -0.187869 0.753335
64 0.677154 -0.131416 7.03652
64 -0.0902969 0.13801 0.753335
64 -0.468068 -0.0806197 0.753335
64 0.268874 0.57929 0.753335
64 0.55213 -0.218949 7.03652
64 -0.0158083 0.35261 0.753335
64 -0.104388 -0.131798 7.03652
64 0.374099 0.931428 7.03652
64 0.257847 0.311017 0.753335
64 -0.270444 0.586639 0.753335
64 -0.118912 -0.0479168 7.03652
64 -0.107639 -0.590279 0.753335
64 0.808981 -0.495427 7.03652
64 -0.746425 0.477841 0.753335
64 0.397708 -0.514834 7.03652
64 0.590826 -0.430634 0.753335
64 -0.0604501 0.322173 7.03652
64 0.1146 -0.63966 0.753335
64 -0.0556265 -0.114303 7.03652
64 0.548289 0.0065757 0.753335
64 0.699878 -0.0488074 0.753335
64 0.247535 -0.683999 7.03652
64 0.21028 0.440864 0.753335
64 -0.927203 0.104548 0.753335
64 -0.545218 -0.154627 7.03652
64 -0.136476 0.866174 0.753335
64 0.0724887 -0.26858 0.753335
64 0.316256 -0.959272 0.753335
64 -0.979458 -0.191105 7.03652
64 -0.260264 -0.731574 0.753335
64 0.632141 0.427944 7.03652
64 -0.669563 -0.0752991 0.753335
64 0.00915398 0.199876 0.753335
64 -0.678717 0.541383 0.753335
64 -0.977196 0.376906 7.03652
64 -0.504624 0.801649 7.03652
64 -0.473577 0.0631861 7.03652
64 -0.830007 0.548355 7.03652
64 0.0797333 1.01666 7.03652
64 -0.63625 0.217787 0.753335
64 -0.551649 -0.795841 0.753335
64 0.680072 0.0106311 0.753335
64 -0.329195 -0.287475 0.753335
64 0.0296122 -0.0479174 0.753335
64 -0.586415 0.75421 0.753335
64 0.750866 0.0940687 0.753335
64 -0.486318 -0.0262773 7.03652
64 0.64532 -0.53375 0.753335
64 0.594567 -0.290331 0.753335
64 -0.512138 -0.114278 7.03652
64 -1.03016 0.197535 7.03652
64 0.9077 -0.203351 0.753335
64 0.354331 -0.376076 0.753335
64 -0.167911 -0.0562311 0.753335
64 -0.353815 -0.602099 7.03652
64 -0.00384417 0.451135 0.753335
64 0.445382 0.0881886 0.753335
64 0.443204 0.283151 0.753335
64 -0.403814 0.370618 0.753335
64 0.457317 -0.76281 0.753335
64 -0.24108 0.538369 0.753335
64 -0.163645 0.481309 0.753335
64 0.589272 0.465079 0.753335
64 -0.810857 0.223477 7.03652
64 0.036376 0.000820331 7.03652
64 0.533454 0.854548 7.03652
64 -0.290014 -0.160943 0.753335
64 -0.456117 0.171748 0.753335
64 0.0940163 0.499567 0.753335
64 -0.0339234 0.494611 0.753335
64 -0.541319 0.700054 0.753335
64 0.664699 0.070247 7.03652
64 0.85819 -0.166675 0.753335
64 -0.704623 -0.606134 7.03652
64 -0.49273 -0.470901 0.753335
64 0.148569 0.705652 0.753335
64 0.360201 0.150055 7.03652
64 0.564388 -0.381078 0.753335
64 0.696759 0.172002 0.753335
64 -0.192565 -0.629707 0.753335
64 -0.735015 0.53414 0.753335
64 0.0681619 -0.639286 0.753335
64 -0.454015 -0.251303 0.753335
64 -0.363148 -0.0108647 0.753335
64 -0.40882 -0.750571 0.753335
64 -0.889799 0.0500096 0.753335
64 -0.604308 -0.53274 7.03652
64 -0.597692 -0.586264 7.03652
64 0.368734 0.754359 7.03652
64 -0.22581 0.228616 7.03652
64 0.118466 -0.31004 0.753335
64 -0.469842 0.613682 0.753335
64 -0.133748 1.01597 7.03652
64 0.656824 0.546105 0.753335
64 0.126271 0.394555 0.753335
64 -1.04427 -0.102757 0.753335
64 0.743891 -0.404047 0.753335
64 0.681156 0.455397 7.03652
64 -0.899996 -0.127528 0.753335
64 0.545286 -0.554202 0.753335
64 -0.290906 0.295905 7.03652
64 -0.809628 0.387205 0.753335
64 0.299881 -0.0730985 0.753335
64 -0.873448 -0.281176 7.03652
64 -0.462897 -0.299458 7.03652
64 0.475133 -0.103799 0.753335
64 0.229013 0.777948 0.753335
64 0.398467 0.26447 7.03652
64 0.871533 0.46186 0.753335
64 -0.342557 -0.147222 0.753335
64 0.60323 -0.566615 7.03652
64 0.420878 -0.807416 7.03652
64 -0.22004 0.178997 0.753335
64 -0.124603 0.378448 7.03652
64 0.00549768 0.817541 7.03652
64 0.138131 0.207673 0.753335
64 0.393931 -0.0819906 0.753335
64 0.435175 -0.652447 7.03652
64 -0.155543 -0.18652 0.753335
64 -0.648835 0.115026 0.753335
64 -0.269401 -0.851144 7.03652
64 -0.359205 -0.72304 0.753335
64 0.171538 -0.261303 0.753335
64 -0.400387 -0.623916 7.03652
64 -0.589886 0.236898 0.753335
64 -0.335529 0.910692 7.03652
64 0.919671 0.157235 0.753335
64 0.16996 0.141968 7.03652
64 -0.171039 0.71498 7.03652
64 -0.351825 -0.547448 0.753335
64 -0.701514 -0.0298912 0.753335
64 -0.442592 0.413643 7.03652
64 -0.243725 0.683079 7.03652
64 0.40017 0.176196 0.753335
64 0.742983 -0.157249 7.03652
64 -0.721877 -0.168644 0.753335
64 0.660204 0.5997 0.753335
64 -0.0799616 0.183858 7.03652
64 0.392583 0.370163 0.753335
64 0.801763 0.108435 7.03652
64 0.17665 -0.604725 0.753335
64 -0.805983 -0.481216 0.753335
64 0.453876 0.182116 7.03652
64 -0.202906 -0.367616 0.753335
64 -0.986585 -0.339437 7.03652
64 -0.82588 -0.428256 7.03652
64 -0.64065 0.751824 0.753335
64 0.495546 -0.0426169 7.03652
64 0.580735 0.0494899 0.753335
64 -0.284843 0.485468 0.753335
64 -0.83951 -0.620986 0.753335
64 0.620948 0.368958 7.03652
64 0.0555123 0.26826 0.753335
64 0.498649 0.584585 0.753335
64 -0.266139 0.198858 0.753335
64 0.0983142 0.351479 0.753335
64 -0.329634 0.0260976 7.03652
64 0.369778 -0.704216 7.03652
64 0.208215 -0.0444377 0.753335
64 0.554988 0.108629 0.753335
64 -0.413638 -0.219878 0.753335
64 -0.94321 -0.461809 7.03652
64 0.171325 0.77971 0.753335
64 0.638644 0.490783 0.753335
64 -0.375985 -0.410787 0.753335
64 0.334821 0.650195 0.753335
64 -0.377444 -0.188025 0.753335
64 -0.140096 0.666019 0.753335
64 -0.363049 -0.971341 0.753335
64 -0.791063 0.509609 7.03652
64 0.100423 0.24786 0.753335
64 -0.534701 -0.012075 0.753335
64 -0.240347 -0.179666 0.753335
64 0.0758424 0.641194 0.753335
64 -0.256246 0.327454 0.753335
64 -0.372887 -0.30528 0.753335
64 0.903949 -0.260999 7.03652
64 -0.919322 0.487453 0.753335
64 -0.599867 0.179376 7.03652
64 -0.296819 -0.52726 0.753335
64 -0.316825 -0.813512 0.753335
64 0.230618 0.196734 0.753335
64 0.715607 -0.702097 0.753335
64 -0.00607507 -0.486945 7.03652
64 -0.664859 -0.250961 0.753335
64 0.596767 0.526872 0.753335
64 -0.56578 0.805677 0.753335
64 0.803103 0.224082 0.753335
64 0.267729 0.109735 0.753335
64 0.0394729 0.108945 0.753335
64 -0.663969 0.260399 7.03652
64 -0.462833 0.0135346 7.03652
64 0.118 -0.0800736 7.03652
64 0.23945 -0.136679 0.753335
64 -0.371255 0.611931 0.753335
64 -0.388711 0.244248 7.03652
64 -0.263643 -0.791498 0.753335
64 0.773012 -0.546069 0.753335
64 -0.20099 -0.478454 7.03652
64 0.0487661 0.167583 0.753335
64 -0.229688 -0.288205 7.03652
64 -0.663651 0.0617976 0.753335
64 0.221376 0.101255 7.03652
64 0.461123 0.13647 0.753335
64 -0.333746 -0.444764 7.03652
64 0.209192 0.829072 7.03652
64 0.146661 0.344009 7.03652
64 0.0955425 0.439731 0.753335
64 -0.305096 -0.114423 7.03652
64 -0.790283 0.443179 0.753335
64 0.804254 0.165414 0.753335
64 -0.268402 0.995046 0.753335
64 -0.0570061 0.449245 0.753335
64 0.0408824 0.862915 0.753335
64 0.254567 0.728553 0.753335
64 0.164878 -0.497033 0.753335
64 0.361799 0.557549 0.753335
64 -0.752853 0.379283 0.753335
64 0.604924 -0.062449 0.753335
64 0.434755 0.446047 7.03652
64 -0.891139 -0.0585377 0.753335
64 0.787374 -0.0104251 0.753335
64 -0.422124 0.321952 0.753335
64 -0.0574241 -0.578258 0.753335
64 0.103141 -0.938669 7.03652
64 -0.147013 0.290699 7.03652
64 -0.542866 0.490345 0.753335
64 -0.276088 0.752003 7.03652
64 -0.705427 -0.365219 0.753335
64 0.473398 -0.41404 0.753335
64 -0.376361 0.557331 0.753335
64 0.246502 -0.739372 0.753335
64 -0.0358087 0.404462 7.03652
64 0.40572 -0.367821 0.753335
64 -0.645265 -0.294546 7.03652
64 -0.259937 0.441453 7.03652
64 -0.190235 -0.254792 0.753335
64 -0.590399 0.471644 0.753335
64 0.217649 0.284787 7.03652
64 -0.146787 -0.445177 0.753335
64 -0.77288 -0.416816 7.03652
64 -0.306142 -0.579785 0.753335
64 -0.0528546 0.924796 0.753335
64 -0.0526094 0.819881 7.03652
64 -0.501874 0.349716 7.03652
64 0.569693 0.679175 0.753335
64 -0.0767792 0.872572 7.03652
64 0.699692 0.509427 0.753335
64 -0.937806 -0.0849009 0.753335
64 -0.443866 0.514436 0.753335
64 0.457384 -0.264917 7.03652
64 -0.37483 -0.839235 7.03652
64 0.615178 -0.118434 0.753335
64 -0.765537 -0.711209 7.03652
64 0.0382817 -0.964253 7.03652
64 -0.643821 -0.611452 7.03652
64 0.657255 -0.0826919 7.03652
64 -0.390835 0.419676 7.03652
64 -1.04751 0.0805483 0.753335
64 -0.0871918 -0.535928 0.753335
64 -0.420254 0.620325 0.753335
64 0.536516 0.445129 0.753335
64 0.215256 -0.296636 0.753335
64 -0.732131 0.424571 0.753335
64 0.358521 -0.790837 0.753335
64 -0.586955 0.353093 7.03652
64 0.153212 0.839008 0.753335
64 -0.201099 0.308387 7.03652
64 -0.754404 0.227313 0.753335
64 0.0926135 -0.818348 0.753335
64 -0.749112 -0.00875555 0.753335
64 -0.899412 0.427751 0.753335
64 0.515841 0.69017 0.753335
64 -0.0121674 -0.0282657 0.753335
64 -0.470305 -0.916355 7.03652
64 -0.279109 0.249585 0.753335
64 0.0244557 0.637449 7.03652
64 -0.720904 -0.262692 7.03652
64 -0.238534 0.277187 0.753335
64 -0.343136 0.666938 7.03652
64 0.0480326 -0.91044 7.03652
64 0.129775 0.0652722 7.03652
64 -0.554397 -0.345069 7.03652
64 -0.972434 -0.39831 7.03652
64 0.823959 -0.332318 0.753335
64 0.0423031 0.431803 0.753335
64 0.308031 -0.354235 0.753335
64 0.502523 -0.243125 7.03652
64 -0.633144 0.442074 7.03652
64 -0.420566 -0.327065 0.753335
64 0.70147 0.28375 7.03652
64 -0.188261 0.0403821 7.03652
64 0.327408 0.185601 0.753335
64 -0.290988 0.869454 0.753335
64 -0.310939 -0.698714 0.753335
64 0.312568 -0.827949 0.753335
64 -0.942455 0.0448936 0.753335
64 0.960024 0.24911 7.03652
64 0.4754 0.805838 7.03652
64 0.125699 0.0210825 0.753335
64 0.908081 0.218668 0.753335
64 -0.481505 0.722872 7.03652
64 0.272254 -0.91132 7.03652
64 -0.962395 -0.247931 0.753335
64 0.285589 0.271074 0.753335
64 -0.377497 -0.358559 0.753335
64 -0.238366 0.89776 0.753335
64 0.28104 -0.641651 7.03652
64 0.497145 -0.814889 7.03652
64 0.151337 -0.168027 0.753335
64 0.0527704 0.536218 0.753335
64 -0.11714 -0.39303 0.753335
64 -0.0465941 0.00600063 7.03652
64 -0.865416 -0.000614664 0.753335
64 -0.588224 0.527534 7.03652
64 0.999251 0.0499247 7.03652
64 -0.450476 0.78044 7.03652
64 -0.267553 0.0998442 0.753335
64 -0.183154 -0.00805216 0.753335
64 -0.923718 0.362543 0.753335
64 -0.241335 -0.337635 7.03652
64 -0.71529 -0.423467 0.753335
64 0.126018 -0.69078 7.03652
64 -0.531996 0.440715 7.03652
64 0.94532 -0.315458 7.03652
64 -0.283271 -0.367576 7.03652
64 0.0769163 -0.0496536 7.03652
64 0.725223 -0.354092 0.753335
64 -0.550927 -0.290053 7.03652
64 -0.222701 0.407874 0.753335
64 0.594815 0.141901 0.753335
64 0.511109 -0.602188 0.753335
64 -0.112787 -0.729257 0.753335
64 -0.155564 -0.1397 0.753335
64 0.336095 0.395954 0.753335
64 0.857455 0.193237 0.753335
64 -0.321939 0.452257 0.753335
64 0.162106 0.566609 7.03652
64 -0.679145 0.710329 7.03652
64 -0.548863 0.130287 0.753335
64 -0.563673 -0.0588457 0.753335
64 0.168438 -0.00738909 7.03652
64 0.677738 0.73541 0.753335
64 -0.787325 0.174732 0.753335
64 0.801556 -0.602774 0.753335
64 -0.955178 0.43477 7.03652
64 0.923336 -0.0243066 7.03652
64 -0.279988 0.0133824 0.753335
64 0.12133 0.295727 7.03652
64 -0.12628 0.18872 7.03652
64 0.0772264 0.310355 0.753335
64 0.823658 0.413572 7.03652
64 -0.387446 0.773756 0.753335
64 -0.213882 0.355102 0.753335
64 -0.628125 -0.210269 7.03652
64 0.114653 0.799108 0.753335
64 0.27362 0.061117 0.753335
64 -0.640602 -0.0308965 0.753335
64 -0.495833 0.206562 7.03652
64 -0.720951 -0.552623 0.753335
64 -0.330159 -0.340159 0.753335
64 0.372422 -0.944985 0.753335
64 -0.662098 -0.5597 7.03652
64 -0.144269 -0.232944 0.753335
64 -0.755502 0.638108 7.03652
64 0.326204 -0.155134 0.753335
64 0.605323 -0.241183 0.753335
64 -0.140944 -0.633816 7.03652
64 -0.228449 0.00510276 0.753335
64 -0.583069 0.416238 7.03652
64 -0.327512 0.734533 0.753335
64 -0.0611715 -0.91672 0.753335
64 -0.738325 -0.653285 7.03652
64 -0.401488 -0.567163 7.03652
64 -0.769745 -0.528168 0.753335
64 0.158807 -0.898128 0.753335
64 -0.0339039 0.178526 0.753335
64 -0.863054 0.265256 7.03652
64 0.770662 0.427239 0.753335
64 -0.109144 0.819295 7.03652
64 -0.295358 0.0625421 0.753335
64 0.147287 0.519548 7.03652
64 0.0990165 -0.556721 0.753335
64 0.224651 0.0542768 7.03652
64 -0.790711 0.334513 7.03652
64 0.0567273 -0.417438 0.753335
64 -0.0084856 -0.778586 7.03652
64 0.367271 0.217825 0.753335
64 0.130101 0.652218 7.03652
64 0.171805 0.947261 0.753335
64 0.399602 0.069937 0.753335
64 0.370677 -0.844617 0.753335
64 -0.155829 -0.49472 0.753335
64 -0.160839 0.956016 0.753335
64 -0.840496 -0.241268 0.753335
64 -0.323464 0.168206 0.753335
64 -0.384192 0.0969685 7.03652
64 0.988134 0.135714 0.753335
64 0.425185 0.775144 7.03652
64 -0.891544 0.14765 7.03652
64 -0.298913 0.408566 0.753335
64 0.503426 0.199268 0.753335
64 0.71466 0.0523794 7.03652
64 0.214407 0.00545882 0.753335
64 0.54933 0.561568 0.753335
64 0.418556 -0.415826 0.753335
64 -0.613657 0.621977 0.753335
64 0.135736 -0.454289 0.753335
64 -0.832378 0.0518419 0.753335
64 0.808876 0.474935 0.753335
64 -0.515771 0.0887829 0.753335
64 0.386339 -0.466895 0.753335
64 -0.661936 -0.399614 7.03652
64 0.231112 0.40086 7.03652
64 0.338546 -0.105949 0.753335
64 -0.228968 -0.890688 7.03652
64 0.518582 -0.507577 7.03652
64 -0.806668 0.105268 0.753335
64 -0.575631 0.288509 7.03652
64 -0.398078 0.668941 0.753335
64 -0.164359 -0.863523 7.03652
64 0.992528 -0.0725076 7.03652
64 0.650071 0.22168 7.03652
64 0.0435394 -0.478614 0.753335
64 0.51789 -0.137057 0.753335
64 -0.116828 -0.903269 7.03652
64 -0.381139 0.295543 7.03652
64 0.170683 0.296925 0.753335
64 0.0257159 -0.377431 0.753335
64 -0.680544 0.316572 7.03652
64 -0.046047 -0.20859 0.753335
64 0.648444 0.272117 0.753335
64 -0.266516 -0.673885 0.753335
64 -0.507163 0.157139 0.753335
64 -0.667375 -0.804315 0.753335
64 0.0448405 -0.85281 0.753335
64 0.622534 -0.478816 7.03652
64 0.242473 -0.59883 0.753335
64 -0.563407 -0.397293 7.03652
64 0.152828 -0.546108 0.753335
64 -0.0942274 -0.43986 0.753335
64 -0.231992 0.488277 0.753335
64 -0.599147 0.129349 0.753335
64 0.649779 0.122066 0.753335
64 -0.309969 -0.755589 7.03652
64 0.364842 -0.421391 7.03652
64 -0.473867 -0.208025 0.753335
64 -0.780472 -0.160684 0.753335
64 -0.455846 -0.85584 7.03652
64 0.695569 -0.637487 7.03652
64 -0.746338 -0.119857 7.03652
64 -0.065027 0.638927 7.03652
64 0.758819 -0.656624 0.753335
64 0.723427 0.558708 0.753335
64 -0.194063 -1.00589 0.753335
64 -0.579177 -0.197325 7.03652
64 0.863147 0.376404 0.753335
64 -0.367203 -0.243376 0.753335
64 -0.0940148 -0.221327 0.753335
64 0.021288 0.578751 0.753335
64 -0.611524 -0.0746102 7.03652
64 0.0722846 -0.363749 0.753335
64 -0.781522 0.0365913 0.753335
64 -0.0807428 -0.636885 0.753335
64 0.438696 -0.462781 0.753335
64 -0.563349 0.0800142 0.753335
64 0.124019 0.161438 0.753335
64 0.655891 -0.336493 7.03652
64 0.362546 0.101909 0.753335
64 0.121761 -0.263696 7.03652
64 0.412693 0.580719 0.753335
64 -0.543329 0.325299 7.03652
64 0.196081 -0.154388 0.753335
64 -0.152214 0.427092 0.753335
64 0.751311 0.200545 0.753335
64 0.450369 -0.0146778 7.03652
64 0.547113 0.501029 0.753335
64 -0.194212 -0.532076 0.753335
64 0.471128 0.740191 0.753335
64 -0.640842 0.499188 0.753335
64 -0.972533 0.153777 0.753335
64 0.123401 0.74859 7.03652
64 0.0290956 0.0609721 7.03652
64 -0.00115541 0.0251376 0.753335
64 -0.131872 0.519768 0.753335
64 0.026371 -0.140105 0.753335
64 0.196432 0.238213 0.753335
64 0.235792 0.679963 7.03652
64 -0.060913 -0.751285 0.753335
64 0.0110362 1.02304 7.03652
64 0.454017 -0.601823 7.03652
64 -0.493715 0.404279 7.03652
64 -0.284822 -0.314792 0.753335
64 0.254495 -0.546815 0.753335
64 -0.731086 0.17971 0.753335
64 0.383776 0.814746 0.753335
64 0.369224 -0.182067 0.753335
64 0.718234 -0.102879 0.753335
64 -0.0613635 -0.165188 7.03652
64 0.623755 -0.386906 7.03652
64 0.671419 0.386638 7.03652
64 -0.510463 -0.376329 0.753335
64 0.0989074 -0.879637 7.03652
64 -0.809639 -0.00732588 0.753335
64 -0.757076 0.079158 0.753335
64 0.154012 -0.406727 0.753335
64 0.647762 -0.281042 7.03652
64 0.112597 -0.504259 0.753335
64 -0.878238 -0.571552 0.753335
64 -0.334422 0.975586 7.03652
64 0.118535 -0.127283 0.753335
64 0.597052 0.200455 0.753335
64 -0.375048 0.716902 7.03652
64 -0.284448 0.814418 7.03652
64 0.444068 0.496903 7.03652
64 0.0499772 0.222133 0.753335
64 0.322291 0.594177 0.753335
64 -0.314024 -0.0239514 0.753335
64 -0.0313226 -0.347766 7.03652
64 0.378899 -0.132568 0.753335
64 0.196642 0.729342 7.03652
64 0.70047 -0.306766 7.03652
64 -0.0126658 -0.72344 7.03652
64 -0.411766 -0.000651961 7.03652
64 -0.802804 -0.208266 7.03652
64 -0.0871946 0.494536 7.03652
64 -0.454491 0.361434 0.753335
64 0.706509 -0.550463 0.753335
64 -0.690544 -0.209263 0.753335
64 0.21967 -0.245952 0.753335
64 0.0123574 0.507165 7.03652
64 0.0702994 0.91292 7.03652
64 0.310152 -0.303734 0.753335
64 -0.29008 0.534239 0.753335
64 0.64308 0.171398 0.753335
64 -0.494462 -0.629534 7.03652
64 0.532434 0.0588943 7.03652
64 0.663847 -0.590047 7.03652
64 -0.504656 -0.259332 0.753335
64 0.553635 0.287077 0.753335
64 -0.750859 -0.468572 7.03652
64 0.451531 0.617663 0.753335
64 0.897553 -0.433185 7.03652
64 0.803049 0.351837 0.753335
64 -0.452652 0.673347 7.03652
64 -0.198495 1.00897 0.753335
64 0.457425 -0.367025 0.753335
64 0.432751 0.8455 0.753335
64 -0.522647 -0.202015 0.753335
64 -0.517513 -0.842434 7.03652
64 0.508298 -0.36246 7.03652
64 -0.466098 -0.355258 7.03652
64 0.120021 0.600906 0.753335
64 -0.190436 -0.317542 0.753335
64 0.612466 0.639685 0.753335
64 -0.341171 0.0799629 0.753335
64 0.936103 -0.0823965 0.753335
64 0.530863 0.796424 7.03652
64 -0.781361 0.580022 0.753335
64 -0.422715 0.0484651 0.753335
64 -0.500887 -0.519784 0.753335
64 0.625918 0.702268 7.03652
64 -0.643637 0.666256 7.03652
64 0.0388235 -0.740339 0.753335
64 -0.705295 0.0910458 7.03652
64 -0.363583 -0.782143 0.753335
64 -0.262271 0.377392 0.753335
64 -0.874743 -0.462398 7.03652
64 -0.415016 -0.0924312 7.03652
64 0.847274 0.0814899 7.03652
64 -0.383021 -0.466139 7.03652
64 -0.164342 -0.688829 0.753335
64 -0.566465 0.0313333 0.753335
64 0.199758 0.336455 0.753335
64 -0.386805 -0.0526536 0.753335
64 -0.232747 0.132857 0.753335
64 -0.112386 0.567341 7.03652
64 -0.755724 -0.366073 7.03652
64 -0.16963 0.617489 0.753335
64 0.291495 0.76655 0.753335
64 0.216742 -0.925517 0.753335
64 -0.380728 0.880341 7.03652
64 0.275689 -0.17325 7.03652
64 0.208918 -0.994672 0.753335
64 0.702071 0.227708 7.03652
64 0.849527 -0.277453 0.753335
64 0.375104 0.873885 7.03652
64 0.499633 0.00617637 0.753335
64 -0.925311 0.187137 0.753335
64 -0.547254 -0.607902 0.753335
64 -0.164674 -0.399365 0.753335
64 0.245691 -0.420921 7.03652
64 -0.798132 -0.104151 7.03652
64 -0.932086 -0.29733 7.03652
64 -0.322827 -0.870763 0.753335
64 -0.747972 -0.216241 0.753335
64 -0.185894 0.261562 0.753335
64 0.0203694 -0.627864 7.03652
64 -0.107618 -0.487486 7.03652
64 -0.814101 -0.304172 0.753335
64 -0.613211 -0.817464 7.03652
64 -0.5146 0.0335017 0.753335
64 -0.0924872 0.414039 0.753335
64 0.457643 -0.508631 0.753335
64 -0.620499 0.0245046 0.753335
64 0.167757 -0.309876 0.753335
64 0.30349 -0.0251184 7.03652
64 -0.708159 -0.497104 7.03652
64 0.705372 0.342454 0.753335
64 -0.627836 0.562637 7.03652
64 0.120824 -0.357529 0.753335
64 -0.567423 -0.708498 7.03652
64 0.32506 0.960059 0.753335
64 -0.551207 -0.498679 0.753335
64 0.173867 0.617154 7.03652
64 -0.401751 0.186769 0.753335
64 0.503583 -0.301407 7.03652
64 0.331108 0.802119 0.753335
64 -0.468004 -0.415549 7.03652
64 -0.0680848 -0.308136 0.753335
64 -0.817957 0.636131 0.753335
64 -0.475206 0.305803 7.03652
64 0.128164 0.112464 7.03652
64 0.410268 0.126998 0.753335
64 -0.656676 -0.167842 0.753335
64 -0.154922 -0.286061 0.753335
64 0.310341 -0.543815 0.753335
64 0.831797 -0.435371 0.753335
64 -0.653611 -0.345204 0.753335
64 0.287218 -0.122711 7.03652
64 -0.133887 -1.01984 0.753335
64 0.0933084 0.692886 0.753335
64 0.654793 0.325563 0.753335
64 0.251433 -0.0843204 0.753335
64 0.0834009 -0.00362794 0.753335
64 -0.632827 0.387562 0.753335
64 0.544183 -0.659463 0.753335
64 -0.540778 0.232457 0.753335
64 0.853362 0.320406 0.753335
64 -0.597616 -0.313721 7.03652
64 0.485539 -0.55329 7.03652
64 0.814403 -0.0572144 0.753335
64 0.691703 -0.248322 7.03652
64 -0.0615828 1.02386 7.03652
64 -0.504575 0.903086 0.753335
64 -0.544082 0.384386 0.753335
64 0.601895 -0.339199 0.753335
64 0.693991 -0.1817 0.753335
64 -0.0714022 -1.02288 7.03652
64 0.505093 0.637933 7.03652
64 -0.242678 -0.0868431 0.753335
64 0.431653 -0.705261 0.753335
64 0.827429 -0.110759 0.753335
64 -0.136204 0.0419725 7.03652
64 -0.863488 0.0999364 0.753335
64 0.920478 0.35838 0.753335
64 -0.450236 -0.534918 0.753335
64 0.27147 0.442977 7.03652
64 0.771153 0.0453031 7.03652
64 0.00285387 -0.579384 0.753335
64 0.752643 0.372413 0.753335
64 0.206256 -0.0965861 7.03652
64 0.072843 0.0413061 0.753335
64 -0.185568 0.124928 0.753335
64 -0.276839 0.152667 0.753335
64 0.870986 -0.488698 7.03652
64 -0.212348 -0.777423 7.03652
64 0.0435962 -1.02575 7.03652
64 -0.498622 -0.57314 0.753335
64 0.603824 0.581835 0.753335
64 0.13378 0.468494 0.753335
64 -0.256398 -1.00134 7.03652
64 0.0276655 0.31142 7.03652
64 -0.483135 -0.798451 0.753335
64 0.566628 -0.779023 7.03652
64 0.579786 0.408497 0.753335
64 -0.197235 -0.203919 7.03652
64 0.20539 0.528735 7.03652
64 0.312019 -0.25369 0.753335
64 -0.376099 0.0423152 7.03652
64 0.147492 -1.01273 7.03652
64 0.352284 0.275679 0.753335
64 0.399747 0.522611 7.03652
64 0.295125 0.351656 7.03652
64 -0.363461 -0.1042 0.753335
64 0.962675 -0.254911 0.753335
64 -0.0603773 -0.0455522 0.753335
64 0.859747 0.138997 0.753335
64 -0.0593968 -0.862318 0.753335
64 -0.111337 -0.842606 0.753335
64 0.160848 0.427985 0.753335
64 -0.18178 0.895751 0.753335
64 0.164713 -0.0625817 0.753335
64 0.494306 -0.46168 0.753335
64 0.774539 0.594882 7.03652
64 0.460038 0.679221 0.753335
64 -0.602667 0.848787 7.03652
64 0.184306 0.482929 0.753335
64 0.764473 0.651096 0.753335
64 -0.721941 0.588847 0.753335
64 0.512188 0.14785 0.753335
64 -0.554307 -0.240979 7.03652
64 -0.655895 -0.507812 7.03652
64 -0.775609 -0.055103 0.753335
64 -0.522027 0.278358 0.753335
64 -0.516925 -0.0663841 7.03652
64 0.262286 -0.976396 7.03652
64 0.240108 0.483129 0.753335
64 0.436124 0.0311484 0.753335
64 0.742388 -0.271586 7.03652
64 0.21801 0.148177 7.03652
64 0.103592 -0.17925 7.03652
64 0.311276 0.539661 0.753335
64 0.36213 -0.558781 0.753335
64 0.0295039 -0.682928 0.753335
64 -0.175963 0.387255 0.753335
64 0.358752 -0.279143 7.03652
64 0.252463 0.872157 0.753335
64 0.350379 -0.00955733 0.753335
64 0.217653 -0.642253 0.753335
64 -0.71298 0.267683 7.03652
64 -0.0821487 0.766301 0.753335
64 0.484098 0.309118 0.753335
64 0.392965 -0.893082 0.753335
64 -0.0177967 0.549985 0.753335
64 -0.246537 -0.456094 7.03652
64 0.40145 -0.0320274 0.753335
64 0.480926 0.365952 0.753335
64 -0.66872 -0.658418 0.753335
64 0.362614 -0.230371 7.03652
64 -0.475638 0.120905 7.03652
64 0.0191627 -0.330984 0.753335
64 0.271233 0.820322 7.03652
64 -0.0395244 -0.443106 0.753335
64 -0.40882 -0.273509 7.03652
64 -0.689415 0.372547 0.753335
64 -0.278629 -0.210919 7.03652
64 0.1883 -0.449214 0.753335
64 0.399762 -0.751384 0.753335
64 -0.214205 -0.83367 0.753335
64 -0.811661 -0.566758 0.753335
64 -0.540164 -0.662895 7.03652
64 -0.138171 0.77463 7.03652
64 0.501274 0.527812 7.03652
64 0.307319 -0.406817 0.753335
64 -0.718366 -0.758997 0.753335
64 -0.427789 0.728069 7.03652
64 -0.692298 0.211657 0.753335
64 -0.599362 0.697637 7.03652
64 0.651548 -0.216487 0.753335
64 0.55643 0.619217 0.753335
64 -0.327223 0.566096 0.753335
64 -0.431351 0.272185 7.03652
64 0.444666 -0.0646239 0.753335
64 0.0258478 -0.281401 7.03652
64 0.132556 0.902979 0.753335
64 0.988946 -0.014495 0.753335
64 0.263256 -0.274576 7.03652
64 0.50805 -0.874458 0.753335
64 0.715831 0.41621 7.03652
64 0.52898 0.389617 0.753335
64 0.701066 0.115351 7.03652
64 -0.672663 0.0108787 7.03652
64 -0.808845 -0.361221 7.03652
64 0.163532 -0.114344 7.03652
64 0.527311 -0.415919 7.03652
64 0.551846 -0.715821 0.753335
64 0.0938244 -0.998385 7.03652
64 -0.766674 -0.600379 0.753335
64 0.448439 -0.853395 0.753335
64 -0.329187 -0.391111 7.03652
64 0.23225 -0.471511 7.03652
64 -0.05837 -0.259324 0.753335
64 -0.0204847 -0.297666 0.753335
64 0.185458 0.669081 0.753335
64 0.799965 -0.163358 7.03652
64 -0.419316 -0.944484 0.753335
64 -0.43498 -0.174735 0.753335
64 0.381851 0.420104 7.03652
64 -0.0583918 -0.488236 0.753335
64 -0.0847811 -0.354524 7.03652
64 -0.860267 0.596682 0.753335
64 -0.279117 0.642131 0.753335
64 0.0271567 0.764774 7.03652
64 -0.243485 -0.511994 7.03652
64 0.0583512 -0.585825 0.753335
64 -0.118252 0.723285 0.753335
64 -0.800696 -0.66167 7.03652
64 0.324213 0.723328 7.03652
64 -0.0371594 0.0552377 0.753335
64 -0.852126 -0.106197 0.753335
64 -0.738268 0.718279 7.03652
64 -0.368493 0.46334 0.753335
64 0.773474 -0.4506 0.753335
64 0.48972 -0.653755 0.753335
64 0.855341 -0.010976 0.753335
64 0.526523 0.332672 0.753335
64 -0.568698 -0.109455 7.03652
64 0.382564 -0.652958 0.753335
64 -0.600978 -0.152553 0.753335
64 -1.01765 0.262396 0.753335
64 0.348838 0.346584 7.03652
64 -0.146416 -0.961608 0.753335
64 0.247524 0.243821 0.753335
64 -0.390277 -0.679077 0.753335
64 -0.550668 -0.551459 0.753335
64 0.29919 0.909091 7.03652
64 0.608479 0.0896307 0.753335
64 0.887206 0.0360504 0.753335
64 -0.200855 0.450218 7.03652
64 -0.226407 0.729344 0.753335
64 -0.00312898 -0.188093 0.753335
64 -1.03607 0.139607 7.03652
64 -0.0184978 0.870131 7.03652
64 -0.24247 -0.397665 0.753335
64 -0.699931 -0.309818 7.03652
64 -0.994119 0.321932 7.03652
64 -0.397608 -0.141594 0.753335
64 0.713341 0.617287 0.753335
64 -0.437685 -0.702361 7.03652
64 -0.862785 0.204062 0.753335
64 -0.0187223 0.610928 0.753335
64 -0.202336 -0.428771 0.753335
64 -0.0897602 -0.0836204 7.03652
64 0.567674 -0.0998806 7.03652
64 0.795576 -0.384252 7.03652
64 0.326593 -0.890826 7.03652
64 0.9418 0.0302507 0.753335
64 0.290942 0.683215 0.753335
64 -0.923632 -0.352735 0.753335
64 -0.107414 -0.269148 7.03652
64 -0.0640616 0.587676 0.753335
64 0.500938 0.0996547 0.753335
64 0.583504 0.743176 0.753335
64 0.739547 -0.597963 7.03652
64 0.804405 0.287114 7.03652
64 -0.160527 -0.7492 0.753335
64 0.596149 0.25244 7.03652
64 0.587706 0.814206 7.03652
64 0.43635 0.337368 0.753335
64 -0.333172 0.786916 0.753335
64 -0.0864811 -0.966555 7.03652
64 0.903065 0.0976892 0.753335
64 -0.680575 0.426258 0.753335
64 0.55348 0.172629 0.753335
64 -0.0695082 0.368924 0.753335
64 0.858783 -0.382324 0.753335
64 0.681782 -0.386664 0.753335
64 -0.911898 -0.412464 0.753335
64 0.0867724 -0.458897 0.753335
64 -0.211888 0.578931 0.753335
64 -0.424843 0.464513 7.03652
64 0.923692 -0.37649 7.03652
64 0.296876 0.486794 0.753335
64 -0.423248 -0.806576 0.753335
64 -0.448318 0.933856 7.03652
64 0.396394 -0.600387 0.753335
64 0.462738 -0.209726 0.753335
64 0.547213 0.228055 7.03652
64 -0.283153 -0.918186 0.753335
64 -0.667986 -0.453682 0.753335
64 -0.0328442 -0.620496 0.753335
64 -1.05119 0.0152117 0.753335
64 -0.0340242 0.227041 7.03652
64 -0.0120252 -0.244675 0.753335
64 0.286108 0.399357 0.753335
64 0.22927 -0.192354 0.753335
64 0.749483 0.148216 0.753335
64 0.582107 -0.511851 0.753335
64 -0.603534 -0.257255 0.753335
64 0.949579 0.308865 0.753335
64 -0.0646793 -0.695618 0.753335
64 0.262123 -0.324136 0.753335
64 0.420568 0.221593 7.03652
64 -0.551873 0.183684 0.753335
64 -0.0675743 0.53795 0.753335
64 0.189498 -0.812747 0.753335
64 -0.668838 0.604107 7.03652
64 -0.609918 -0.478286 7.03652
64 0.126137 -0.594391 7.03652
64 -0.984871 0.0971705 0.753335
64 0.986531 -0.134806 0.753335
64 -0.835068 -0.0537846 0.753335
64 0.40939 -0.317838 7.03652
64 -0.0897963 0.679726 0.753335
64 -0.479081 0.252572 0.753335
64 -0.690053 -0.12513 0.753335
64 0.971199 0.192114 0.753335
64 0.0442671 -0.794723 0.753335
64 -0.719302 0.035973 7.03652
64 0.846255 -0.220403 0.753335
64 -0.475789 0.844003 7.03652
64 0.136596 -0.218432 0.753335
64 0.447494 -0.913166 0.753335
64 -0.161226 0.0837074 0.753335
64 0.332611 -0.743756 0.753335
64 -0.0085699 0.0936196 0.753335
64 -0.202537 -0.149039 7.03652
64 0.342549 -0.506026 0.753335
64 -0.312808 0.216487 0.753335
64 -0.00691987 -0.835011 0.753335
64 -0.220473 0.95342 0.753335
64 -0.894586 0.540152 0.753335
64 -0.625321 -0.696868 0.753335
64 -0.526386 0.752904 7.03652
64 0.65211 -0.434697 0.753335
64 -0.52607 -0.897839 7.03652
64 0.368369 0.690732 0.753335
64 0.875231 -0.0605579 7.03652
64 0.00920439 0.91936 0.753335
64 -0.0928379 0.973091 0.753335
64 -0.65458 -0.746104 7.03652
64 -0.298813 -0.630543 0.753335
64 -0.257959 -0.563045 7.03652
64 0.491231 0.474821 0.753335
64 -0.730716 0.330457 0.753335
64 -0.489935 -0.158897 0.753335
64 -0.0589084 -0.806771 0.753335
64 0.973013 -0.196585 7.03652
64 0.188934 0.884789 0.753335
64 -0.494845 -0.693336 7.03652
64 0.387086 0.469099 0.753335
64 0.259185 0.52938 0.753335
64 0.310446 0.025457 7.03652
64 0.327802 -0.665361 0.753335
64 -0.524659 -0.744919 0.753335
64 0.267483 0.159072 7.03652
64 -0.18804 0.768838 0.753335
64 -0.137023 -0.541315 0.753335
64 0.201938 -0.562745 0.753335
64 -0.135767 0.134627 0.753335
64 0.0321332 -0.229987 0.753335
64 -0.177735 -0.917806 0.753335
64 0.822635 0.0343563 7.03652
64 0.777238 0.527425 0.753335
64 0.145299 -0.844997 0.753335
64 -0.634058 0.336359 7.03652
64 0.823476 0.569964 7.03652
64 -0.851675 0.491157 7.03652
64 0.137822 -0.786096 0.753335
64 0.636297 -0.164242 7.03652
64 0.413679 -0.220004 0.753335
64 -0.908382 -0.234076 0.753335
64 -0.700791 -0.702564 0.753335
64 -0.443511 -0.481657 7.03652
64 -0.227127 -0.950881 0.753335
64 0.265883 -0.85487 0.753335
64 -0.228227 0.625856 0.753335
64 0.0776743 -0.699394 7.03652
64 -0.477728 0.456813 7.03652
64 -0.316305 0.11891 7.03652
64 0.613698 -0.734138 0.753335
64 -0.361704 0.349829 0.753335
64 -0.329697 -0.194966 7.03652
64 -0.342038 -0.497935 0.753335
64 0.0633725 0.806558 0.753335
64 -0.0171234 -0.394731 0.753335
64 0.553033 -0.0432161 7.03652
64 0.0175137 -0.0937385 0.753335
64 0.280597 0.631012 7.03652
64 -0.116148 0.618558 7.03652
64 0.104804 0.550296 0.753335
64 0.350951 -0.0579352 0.753335
64 0.736851 -0.214197 0.753335
64 0.795637 -0.271158 7.03652
64 0.838705 -0.547841 7.03652
64 0.126243 -0.0306086 0.753335
64 -0.848333 0.326477 7.03652
64 -0.364941 0.143453 7.03652
64 -0.0650946 -0.397959 0.753335
64 -0.533716 0.546222 0.753335
64 -0.416549 0.141007 7.03652
64 -0.97653 -0.0159356 7.03652
64 0.598036 -0.00861873 7.03652
64 -0.213883 0.0837528 7.03652
64 0.898066 0.285329 0.753335
64 0.508885 0.263354 0.753335
64 -0.522115 0.603883 7.03652
64 0.216103 0.577197 0.753335
64 -0.423735 -0.382378 0.753335
64 -0.725415 -0.0746529 0.753335
64 0.0671313 -0.0950164 7.03652
64 -1.00813 -0.287117 7.03652
64 0.62262 -0.796425 7.03652
64 -0.910693 -0.515618 7.03652
64 0.00661216 0.255495 0.753335
64 0.572453 0.351022 0.753335
64 0.320318 0.237647 0.753335
64 -0.160106 0.338596 0.753335
64 0.183901 -0.209675 0.753335
64 0.468802 -0.15803 7.03652
64 -0.607647 -0.36866 7.03652
64 -0.812098 0.278806 0.753335
64 0.0191687 -0.534602 7.03652
64 -0.392308 0.509701 0.753335
64 -0.0410713 0.131806 7.03652
64 0.436201 0.394931 7.03652
64 0.37478 0.615737 7.03652
64 -0.109435 0.331051 7.03652
64 0.513545 -0.760255 0.753335
64 -0.0545494 0.716782 7.03652
64 -0.161333 -0.806277 7.03652
64 0.0109107 0.395158 0.753335
64 0.593762 -0.19027 7.03652
64 0.408457 -0.268736 0.753335
64 -0.990516 -0.0688973 7.03652
64 -0.84418 0.437653 0.753335
64 0.744483 0.478469 0.753335
64 0.0408412 0.35624 0.753335
64 0.885644 -0.325675 7.03652
64 -0.847194 -0.518102 0.753335
64 0.351093 0.049271 0.753335
64 -0.423173 -0.435658 0.753335
64 0.295598 -0.590883 7.03652
64 0.255226 -0.0357297 0.753335
64 0.282001 0.205629 0.753335
64 0.358985 -0.327626 0.753335
64 0.16672 -0.656725 0.753335
64 0.243301 0.356756 7.03652
64 0.295046 -0.707676 0.753335
64 -0.40583 -0.884942 0.753335
64 -0.0195306 -0.956962 0.753335
64 -0.399174 -0.514469 7.03652
64 0.27876 -0.502156 0.753335
64 -0.83459 0.154294 0.753335
64 0.634074 0.775684 0.753335
64 0.561066 -0.837505 0.753335
64 -0.334471 0.309832 0.753335
64 0.231143 0.926088 7.03652
64 0.390338 0.0167569 7.03652
64 0.341749 -0.611155 7.03652
64 -0.320935 0.617036 0.753335
64 -0.596538 -0.647908 0.753335
64 0.107242 0.959476 0.753335
64 0.416447 0.716935 0.753335
64 0.0400594 0.688527 0.753335
64 0.209977 0.993759 0.753335
64 -0.110214 -0.784802 7.03652
64 -0.251005 -0.130242 0.753335
64 0.453493 0.550859 0.753335
64 -0.151181 -0.350747 0.753335
64 0.929021 -0.148709 0.753335
64 0.181376 0.382826 0.753335
64 0.317164 -0.204201 0.753335
64 0.0511864 0.477823 0.753335
64 0.484284 0.422036 0.753335
64 0.481669 0.879686 0.753335
64 -0.0211917 0.669474 0.753335
64 -0.338043 0.259341 0.753335
64 -0.929941 -0.170714 0.753335
64 -0.288927 -0.0722128 7.03652
64 0.0835027 -0.222422 7.03652
64 -0.235902 -0.23546 7.03652
64 -0.113244 0.0885487 7.03652
64 -0.581365 -0.862401 7.03652
64 -0.517205 -0.429 0.753335
64 -0.466871 -0.748717 7.03652
64 -0.175311 0.826042 0.753335
64 0.176235 0.0428992 0.753335
64 -0.974157 0.218903 0.753335
64 -0.786116 0.689319 7.03652
64 0.883807 -0.115541 0.753335
64 0.242227 -0.802797 0.753335
64 0.175678 0.0920335 0.753335
64 0.54774 -0.328258 0.753335
64 -0.216931 -0.672221 7.03652
64 -0.346325 0.398864 0.753335
64 -0.113875 -0.67695 0.753335
64 0.083314 0.0850191 7.03652
64 -0.118153 -0.318858 0.753335
64 0.104895 -0.406685 0.753335
64 0.18154 0.189553 0.753335
64 -0.212088 -0.578262 0.753335
64 0.480706 0.0510906 7.03652
64 -0.235325 0.791152 7.03652
64 0.681393 -0.493487 0.753335
64 0.630282 0.0320903 0.753335
64 0.288736 -0.775951 0.753335
64 -0.648084 0.808687 7.03652
64 0.907423 0.418784 7.03652
64 0.0123877 -0.437135 7.03652
64 -0.0991587 0.281544 0.753335
64 0.56507 -0.152367 0.753335
64 0.14584 1.00683 0.753335
64 -1.0364 -0.162081 0.753335
64 -0.589948 -0.0164709 7.03652
64 -0.318476 -0.241398 7.03652
64 -0.132687 0.240471 0.753335
64 0.0916652 -0.754776 7.03652
64 -0.635377 -0.11797 7.03652
64 -0.0182918 -0.139974 0.753335
64 -0.193496 0.666866 0.753335
64 0.347703 0.499834 0.753335
64 -0.307776 0.354201 0.753335
64 0.31177 0.136766 0.753335
64 -0.290845 -0.47752 0.753335
64 -0.867288 0.377535 0.753335
64 -0.0872179 0.0427559 7.03652
64 -0.696688 0.141573 0.753335
64 0.754741 -0.0575578 0.753335
