53.3333 -0.906457 0.310676 0.753335
53.3333 0.658771 -0.676096 0.753335
53.3333 -0.448827 -0.589602 7.03652
53.3333 -0.408128 0.822717 0.753335
53.3333 -0.262175 -0.0324528 0.753335
53.3333 -1.04346 -0.0413392 7.03652
53.3333 -0.863141 -0.387631 0.753335
53.3333 -0.426077 0.566356 0.753335
53.3333 0.00664209 0.145378 0.753335
53.3333 0.738602 -0.499714 0.753335
53.3333 0.0732567 0.394168 7.03652
53.3333 -0.0237176 0.975677 0.753335
53.3333 -0.433637 0.880048 7.03652
53.3333 -0.338483 -0.0664969 0.753335
53.3333 -0.115637 0.458546 7.03652
53.3333 0.418392 -0.169968 0.753335
53.3333 0.459001 -0.318494 7.03652
53.3333 -1.02762 -0.226529 7.03652
53.3333 -0.983532 -0.128692 0.753335
53.3333 -0.28438 0.934507 0.753335
53.3333 0.0895121 0.197104 7.03652
53.3333 -0.838526 -0.161276 7.03652
53.3333 -0.172895 0.17032 0.753335
53.3333 -0.760485 0.279048 7.03652
53.3333 0.958973 0.092117 0.753335
53.3333 0.430691 0.912666 0.753335
53.3333 -0.190861 0.522533 7.03652
53.3333 -0.880474 -0.191136 0.753335
53.3333 -0.172982 0.216011 0.753335
53.3333 -0.699657 0.651786 0.753335
53.3333 0.06199 -0.526492 0.753335
53.3333 0.0467661 -0.183635 7.03652
53.3333 -0.0905393 -0.00826441 7.03652
53.3333 -0.137118 -0.00396816 7.03652
53.3333 -0.392096 0.947545 0.753335
53.3333 -0.570648 0.58918 0.753335
53.3333 0.0711208 -0.314463 7.03652
53.3333 -0.0659373 0.0927947 7.03652
53.3333 -0.595263 -0.756471 0.753335
53.3333 0.753597 0.256011 0.753335
53.3333 -0.352994 -0.915429 0.753335
53.3333 0.16362 -0.954947 0.753335
53.3333 -0.69807 0.482735 7.03652
53.3333 0.217383 -0.349537 0.753335
53.3333 0.616085 -0.626353 7.03652
53.3333 -0.116835 0.922048 7.03652
53.3333 0.669759 0.660753 0.753335
53.3333 -0.0240587 -0.0793769 7.03652
53.3333 0.730709 -0.00408476 7.03652
53.3333 0.147278 -0.732846 0.753335
53.3333 0.602619 0.305868 0.753335
53.3333 -0.613338 0.0750002 0.753335
53.3333 -0.779576 -0.264037 7.03652
53.3333 0.42588 -0.554797 7.03652
53.3333 0.0684256 0.588395 0.753335
53.3333 0.0998761 0.861778 0.753335
53.3333 -0.508145 -0.31965 7.03652
53.3333 0.528304 0.744708 0.753335
53.3333 0.427838 -0.118944 0.753335
53.3333 -0.62577 0.286042 0.753335
53.3333 -0.344089 -0.656236 0.753335
53.3333 -0.338236 0.508564 7.03652
53.3333 -0.341675 0.838884 7.03652
53.3333 0.671678 -0.746717 0.753335
53.3333 -0.359594 0.205864 0.753335
53.3333 -0.451031 -0.126134 7.03652
53.3333 0.267799 -0.225674 7.03652
53.3333 0.204246 -0.400802 0.753335
53.3333 0.51982 -0.0841095 0.753335
53.3333 0.0750818 -0.141526 0.753335
53.3333 0.322088 0.859346 0.753335
53.3333 -0.306354 -0.971805 0.753335
53.3333 -0.909486 0.243972 0.753335
53.3333 -0.0281966 0.770097 7.03652
53.3333 0.0803102 0.131785 0.753335
53.3333 -0.24851 -0.61882 7.03652
53.3333 0.546522 -0.270352 0.753335
53.3333 0.410897 0.655418 0.753335
53.3333 0.266712 0.967327 0.753335
53.3333 -0.954633 0.278834 0.753335
53.3333 -0.227939 0.846043 7.03652
53.3333 0.467616 0.235849 7.03652
53.3333 -0.0341367 -0.533071 0.753335
53.3333 -0.56304 -0.450473 7.03652
53.3333 0.31689 0.0874638 0.753335
53.3333 -0.865229 -0.333818 0.753335
53.3333 0.261517 0.0129238 7.03652
53.3333 -0.479832 0.558043 7.03652
53.3333 0.788852 -0.21627 0.753335
53.3333 -0.00599746 -0.893978 0.753335
53.3333 0.328324 -0.458669 0.753335
53.3333 -0.214826 -0.0479856 0.753335
53.3333 -0.296664 0.694106 7.03652
53.3333 0.390557 0.315607 0.753335
53.3333 0.262671 -0.374638 0.753335
53.3333 0.281423 -0.454405 0.753335
53.3333 0.772579 -0.110205 7.03652
53.3333 0.196503 -0.756319 7.03652
53.3333 -0.754957 0.129431 0.753335
53.3333 0.195652 -0.700068 0.753335
53.3333 0.0411885 0.968354 7.03652
53.3333 0.704712 -0.444954 0.753335
53.3333 0.768221 -0.324873 0.753335
53.3333 -0.437837 0.219644 0.753335
53.3333 0.210391 -0.51315 0.753335
53.3333 -0.285552 -0.423875 7.03652
53.3333 -0.24448 0.0497501 7.03652
53.3333 0.648987 -0.0285971 7.03652
53.3333 0.228622 0.628371 0.753335
53.3333 -0.436016 -0.0420133 0.753335
53.3333 0.48887 -0.706988 0.753335
53.3333 -0.275197 -0.268467 7.03652
53.3333 -0.00048467 0.719721 0.753335
53.3333 -0.0145564 0.301393 0.753335
53.3333 0.211555 -0.86384 0.753335
53.3333 0.330553 0.445214 0.753335
53.3333 -0.506241 0.657679 0.753335
53.3333 0.751833 0.31194 0.753335
53.3333 0.554421 -0.465622 7.03652
53.3333 -0.56469 0.648301 0.753335
53.3333 -0.0216522 -0.669787 0.753335
53.3333 0.562936 -0.605815 0.753335
53.3333 -0.162144 0.565639 0.753335
53.3333 -0.0526621 0.272319 7.03652
53.3333 -0.207485 -0.724127 7.03652
53.3333 -0.754396 -0.314945 7.03652
53.3333 -0.109316 -0.178784 0.753335
53.3333 -0.496597 0.504134 7.03652
53.3333 -0.54311 0.861842 7.03652
53.3333 -0.195599 -0.100516 0.753335
53.3333 0.601783 -0.679962 0.753335
53.3333 -0.142193 -0.0959774 0.753335
53.3333 -0.654285 0.16899 0.753335
53.3333 -0.0148952 -1.01585 7.03652
53.3333 -0.919274 -0.0118257 7.03652
53.3333 0.15211 0.250839 7.03652
53.3333 -0.084275 0.230699 0.753335
53.3333 0.854208 0.254321 0.753335
53.3333 0.718077 0.694089 0.753335
53.3333 0.319639 0.308632 0.753335
53.3333 0.169303 -0.359672 0.753335
53.3333 -0.446766 -0.650205 7.03652
53.3333 -0.433322 0.0971108 7.03652
53.3333 -0.162014 -0.584839 7.03652
53.3333 0.0698809 0.739525 0.753335
53.3333 -0.614539 -0.424228 0.753335
53.3333 0.852521 0.517211 0.753335
53.3333 -0.999308 0.0373102 7.03652
53.3333 -0.707974 0.768065 7.03652
53.3333 0.512925 -0.187718 0.753335
53.3333 0.674909 -0.131665 7.03652
53.3333 -0.0911845 0.137752 0.753335
53.3333 -0.46776 -0.0801012 0.753335
53.3333 0.267687 0.578478 0.753335
53.3333 0.551321 -0.219086 7.03652
53.3333 -0.0155235 0.352708 0.753335
53.3333 -0.104191 -0.132335 7.03652
53.3333 0.373339 0.930876 7.03652
53.3333 0.25589 0.311742 0.753335
53.3333 -0.271126 0.587141 0.753335
53.3333 -0.119047 -0.0493275 7.03652
53.3333 -0.107969 -0.590604 0.753335
53.3333 0.810089 -0.495873 7.03652
53.3333 -0.751822 0.476628 0.753335
53.3333 0.397811 -0.514589 7.03652
53.3333 0.591525 -0.431128 0.753335
53.3333 -0.0597591 0.32316 7.03652
53.3333 0.114248 -0.638183 0.753335
53.3333 -0.0555273 -0.115608 7.03652
53.3333 0.549719 0.00691257 0.753335
53.3333 0.700574 -0.0506537 0.753335
53.3333 0.249477 -0.682135 7.03652
53.3333 0.210083 0.441538 0.753335
53.3333 -0.926739 0.10466 0.753335
53.3333 -0.545436 -0.152911 7.03652
53.3333 -0.132209 0.867592 0.753335
53.3333 0.0704052 -0.266477 0.753335
53.3333 0.314051 -0.961518 0.753335
53.3333 -0.978814 -0.192859 7.03652
53.3333 -0.25935 -0.731117 0.753335
53.3333 0.63112 0.427533 7.03652
53.3333 -0.670362 -0.0756793 0.753335
53.3333 0.00920532 0.199129 0.753335
53.3333 -0.672142 0.539737 0.753335
53.3333 -0.978019 0.376312 7.03652
53.3333 -0.501892 0.800851 7.03652
53.3333 -0.473055 0.0638355 7.03652
53.3333 -0.830702 0.547981 7.03652
53.3333 0.080538 1.01639 7.03652
53.3333 -0.636214 0.216526 0.753335
53.3333 -0.550478 -0.795856 0.753335
53.3333 0.679457 0.011399 0.753335
53.3333 -0.330222 -0.287636 0.753335
53.3333 0.029729 -0.0463231 0.753335
53.3333 -0.587401 0.755005 0.753335
53.3333 0.751594 0.094548 0.753335
53.3333 -0.485306 -0.0267222 7.03652
53.3333 0.647413 -0.535156 0.753335
53.3333 0.593876 -0.287679 0.753335
53.3333 -0.511165 -0.113755 7.03652
53.3333 -1.03082 0.197232 7.03652
53.3333 0.907333 -0.201477 0.753335
53.3333 0.3571 -0.375839 0.753335
53.3333 -0.168148 -0.0559786 0.753335
53.3333 -0.354894 -0.602434 7.03652
53.3333 -0.00380411 0.450689 0.753335
53.3333 0.44419 0.0888274 0.753335
53.3333 0.444645 0.283245 0.753335
53.3333 -0.404544 0.368873 0.753335
53.3333 0.458279 -0.763304 0.753335
53.3333 -0.240754 0.539718 0.753335
53.3333 -0.163708 0.480881 0.753335
53.3333 0.589558 0.464996 0.753335
53.3333 -0.810427 0.223903 7.03652
53.3333 0.0353264 0.00166001 7.03652
53.3333 0.532602 0.855996 7.03652
53.3333 -0.288737 -0.16087 0.753335
53.3333 -0.455996 0.171927 0.753335
53.3333 0.094114 0.499404 0.753335
53.3333 -0.0341209 0.494158 0.753335
53.3333 -0.53979 0.700508 0.753335
53.3333 0.665766 0.0702531 7.03652
53.3333 0.858247 -0.16551 0.753335
53.3333 -0.704497 -0.6059 7.03652
53.3333 -0.492837 -0.472301 0.753335
53.3333 0.148302 0.705057 0.753335
53.3333 0.359243 0.147246 7.03652
53.3333 0.565139 -0.381166 0.753335
53.3333 0.696589 0.171422 0.753335
53.3333 -0.193956 -0.629543 0.753335
53.3333 -0.729595 0.534992 0.753335
53.3333 0.0680575 -0.63969 0.753335
53.3333 -0.452784 -0.250375 0.753335
53.3333 -0.364779 -0.00966461 0.753335
53.3333 -0.40762 -0.75023 0.753335
53.3333 -0.889888 0.0504735 0.753335
53.3333 -0.60559 -0.534399 7.03652
53.3333 -0.597042 -0.588777 7.03652
53.3333 0.366651 0.753955 7.03652
53.3333 -0.223903 0.226427 7.03652
53.3333 0.120894 -0.308297 0.753335
53.3333 -0.467864 0.612784 0.753335
53.3333 -0.13501 1.01503 7.03652
53.3333 0.659333 0.546194 0.753335
53.3333 0.125736 0.394157 0.753335
53.3333 -1.0447 -0.101207 0.753335
53.3333 0.744206 -0.408502 0.753335
53.3333 0.679676 0.455271 7.03652
53.3333 -0.89756 -0.127369 0.753335
53.3333 0.545059 -0.551488 0.753335
53.3333 -0.289388 0.297336 7.03652
53.3333 -0.810414 0.386839 0.753335
53.3333 0.299295 -0.0748307 0.753335
53.3333 -0.868181 -0.281838 7.03652
53.3333 -0.464175 -0.298342 7.03652
53.3333 0.474964 -0.104582 0.753335
53.3333 0.229093 0.778187 0.753335
53.3333 0.400138 0.265168 7.03652
53.3333 0.870741 0.461388 0.753335
53.3333 -0.341047 -0.147268 0.753335
53.3333 0.602389 -0.564929 7.03652
53.3333 0.422419 -0.80889 7.03652
53.3333 -0.221233 0.177112 0.753335
53.3333 -0.12532 0.377965 7.03652
53.3333 0.00627195 0.816827 7.03652
53.3333 0.138796 0.205466 0.753335
53.3333 0.395289 -0.0805353 0.753335
53.3333 0.436305 -0.65272 7.03652
53.3333 -0.155938 -0.187126 0.753335
53.3333 -0.647066 0.115475 0.753335
53.3333 -0.269477 -0.852027 7.03652
53.3333 -0.35795 -0.722691 0.753335
53.3333 0.169942 -0.262774 0.753335
53.3333 -0.401219 -0.6237 7.03652
53.3333 -0.591029 0.238638 0.753335
53.3333 -0.336906 0.911033 7.03652
53.3333 0.920217 0.158082 0.753335
53.3333 0.16778 0.144386 7.03652
53.3333 -0.17035 0.713479 7.03652
53.3333 -0.353018 -0.547172 0.753335
53.3333 -0.703768 -0.0321834 0.753335
53.3333 -0.443605 0.412486 7.03652
53.3333 -0.244427 0.682957 7.03652
53.3333 0.3968 0.176944 0.753335
53.3333 0.744834 -0.158792 7.03652
53.3333 -0.723041 -0.170458 0.753335
53.3333 0.66082 0.599501 0.753335
53.3333 -0.0805148 0.183759 7.03652
53.3333 0.393427 0.369997 0.753335
53.3333 0.802571 0.10871 7.03652
53.3333 0.177724 -0.604477 0.753335
53.3333 -0.807229 -0.481278 0.753335
53.3333 0.451611 0.181347 7.03652
53.3333 -0.203808 -0.36713 0.753335
53.3333 -0.986911 -0.337124 7.03652
53.3333 -0.827599 -0.427817 7.03652
53.3333 -0.641789 0.754684 0.753335
53.3333 0.497219 -0.041559 7.03652
53.3333 0.580272 0.050916 0.753335
53.3333 -0.28469 0.485772 0.753335
53.3333 -0.840054 -0.621161 0.753335
53.3333 0.62067 0.368114 7.03652
53.3333 0.0559805 0.267276 0.753335
53.3333 0.497738 0.585617 0.753335
53.3333 -0.265936 0.200713 0.753335
53.3333 0.0959812 0.351035 0.753335
53.3333 -0.330048 0.0261407 7.03652
53.3333 0.36891 -0.70653 7.03652
53.3333 0.208281 -0.0434616 0.753335
53.3333 0.554949 0.108308 0.753335
53.3333 -0.412947 -0.218398 0.753335
53.3333 -0.943961 -0.461089 7.03652
53.3333 0.170746 0.778701 0.753335
53.3333 0.638561 0.491795 0.753335
53.3333 -0.374294 -0.408542 0.753335
53.3333 0.335135 0.648891 0.753335
53.3333 -0.376077 -0.187496 0.753335
53.3333 -0.139522 0.665347 0.753335
53.3333 -0.364185 -0.971415 0.753335
53.3333 -0.787047 0.51519 7.03652
53.3333 0.101517 0.247241 0.753335
53.3333 -0.534262 -0.0121465 0.753335
53.3333 -0.239927 -0.179349 0.753335
53.3333 0.0741354 0.639584 0.753335
53.3333 -0.255285 0.328011 0.753335
53.3333 -0.373834 -0.304878 0.753335
53.3333 0.903705 -0.259293 7.03652
53.3333 -0.918792 0.487835 0.753335
53.3333 -0.6001 0.179596 7.03652
53.3333 -0.295312 -0.527116 0.753335
53.3333 -0.31712 -0.814392 0.753335
53.3333 0.232348 0.197178 0.753335
53.3333 0.712772 -0.70256 0.753335
53.3333 -0.00489491 -0.486557 7.03652
53.3333 -0.662678 -0.250381 0.753335
53.3333 0.597201 0.527167 0.753335
53.3333 -0.565497 0.805464 0.753335
53.3333 0.805211 0.224455 0.753335
53.3333 0.268451 0.1087 0.753335
53.3333 0.0387168 0.108018 0.753335
53.3333 -0.664894 0.258111 7.03652
53.3333 -0.463488 0.0140943 7.03652
53.3333 0.119475 -0.0781415 7.03652
53.3333 0.237835 -0.136945 0.753335
53.3333 -0.371659 0.610227 0.753335
53.3333 -0.38867 0.245534 7.03652
53.3333 -0.264173 -0.792688 0.753335
53.3333 0.772306 -0.545551 0.753335
53.3333 -0.19897 -0.477628 7.03652
53.3333 0.049733 0.166805 0.753335
53.3333 -0.229605 -0.288242 7.03652
53.3333 -0.663952 0.0604557 0.753335
53.3333 0.222525 0.101917 7.03652
53.3333 0.461975 0.136606 0.753335
53.3333 -0.334143 -0.445012 7.03652
53.3333 0.207454 0.828315 7.03652
53.3333 0.144593 0.343566 7.03652
53.3333 0.0969576 0.440165 0.753335
53.3333 -0.303579 -0.11438 7.03652
53.3333 -0.791951 0.441984 0.753335
53.3333 0.804715 0.164861 0.753335
53.3333 -0.271338 0.994871 0.753335
53.3333 -0.0570625 0.448739 0.753335
53.3333 0.043321 0.861168 0.753335
53.3333 0.255209 0.729444 0.753335
53.3333 0.161861 -0.498167 0.753335
53.3333 0.362319 0.558783 0.753335
53.3333 -0.753153 0.379795 0.753335
53.3333 0.605185 -0.0616666 0.753335
53.3333 0.435044 0.445936 7.03652
53.3333 -0.893374 -0.0594229 0.753335
53.3333 0.784807 -0.00985933 0.753335
53.3333 -0.423377 0.320735 0.753335
53.3333 -0.0574972 -0.578294 0.753335
53.3333 0.104074 -0.93901 7.03652
53.3333 -0.147879 0.290507 7.03652
53.3333 -0.545909 0.488367 0.753335
53.3333 -0.274812 0.751903 7.03652
53.3333 -0.704867 -0.364488 0.753335
53.3333 0.472552 -0.414988 0.753335
53.3333 -0.376232 0.555577 0.753335
53.3333 0.245453 -0.737071 0.753335
53.3333 -0.0363241 0.403844 7.03652
53.3333 0.408547 -0.369053 0.753335
53.3333 -0.64495 -0.294495 7.03652
53.3333 -0.260059 0.441227 7.03652
53.3333 -0.189753 -0.254617 0.753335
53.3333 -0.595391 0.476554 0.753335
53.3333 0.217226 0.284497 7.03652
53.3333 -0.146845 -0.444918 0.753335
53.3333 -0.774015 -0.418921 7.03652
53.3333 -0.308131 -0.578777 0.753335
53.3333 -0.0529144 0.926347 0.753335
53.3333 -0.0536134 0.821111 7.03652
53.3333 -0.503444 0.350092 7.03652
53.3333 0.570225 0.67797 0.753335
53.3333 -0.0737347 0.874296 7.03652
53.3333 0.700301 0.507935 0.753335
53.3333 -0.938528 -0.0884096 0.753335
53.3333 -0.444855 0.51408 0.753335
53.3333 0.457468 -0.265379 7.03652
53.3333 -0.375139 -0.838454 7.03652
53.3333 0.614409 -0.117548 0.753335
53.3333 -0.766605 -0.709997 7.03652
53.3333 0.0393141 -0.964623 7.03652
53.3333 -0.64416 -0.611066 7.03652
53.3333 0.65724 -0.082478 7.03652
53.3333 -0.392434 0.418219 7.03652
53.3333 -1.04773 0.0806823 0.753335
53.3333 -0.0876733 -0.535853 0.753335
53.3333 -0.419077 0.621812 0.753335
53.3333 0.536639 0.446002 0.753335
53.3333 0.216193 -0.297721 0.753335
53.3333 -0.731284 0.424379 0.753335
53.3333 0.362 -0.791481 0.753335
53.3333 -0.585182 0.352946 7.03652
53.3333 0.150605 0.838488 0.753335
53.3333 -0.203191 0.307442 7.03652
53.3333 -0.753814 0.225181 0.753335
53.3333 0.0937095 -0.819822 0.753335
53.3333 -0.749236 -0.00725615 0.753335
53.3333 -0.900363 0.428729 0.753335
53.3333 0.517472 0.691745 0.753335
53.3333 -0.0128513 -0.0284914 0.753335
53.3333 -0.47137 -0.915546 7.03652
53.3333 -0.280808 0.250452 0.753335
53.3333 0.0229445 0.638052 7.03652
53.3333 -0.719884 -0.262747 7.03652
53.3333 -0.238975 0.274159 0.753335
53.3333 -0.34491 0.666716 7.03652
53.3333 0.0477199 -0.9109 7.03652
53.3333 0.13329 0.0655928 7.03652
53.3333 -0.554388 -0.345067 7.03652
53.3333 -0.97374 -0.396355 7.03652
53.3333 0.823584 -0.332022 0.753335
53.3333 0.0432341 0.432068 0.753335
53.3333 0.309932 -0.354919 0.753335
53.3333 0.501673 -0.242622 7.03652
53.3333 -0.629864 0.436556 7.03652
53.3333 -0.422573 -0.325767 0.753335
53.3333 0.700682 0.282395 7.03652
53.3333 -0.18774 0.0403974 7.03652
53.3333 0.329336 0.18614 0.753335
53.3333 -0.289179 0.8709 0.753335
53.3333 -0.310115 -0.698531 0.753335
53.3333 0.31409 -0.824873 0.753335
53.3333 -0.942827 0.0454723 0.753335
53.3333 0.95749 0.248877 7.03652
53.3333 0.474799 0.803791 7.03652
53.3333 0.124077 0.022891 0.753335
53.3333 0.906475 0.219508 0.753335
53.3333 -0.481753 0.723343 7.03652
53.3333 0.272369 -0.9089 7.03652
53.3333 -0.960576 -0.248219 0.753335
53.3333 0.285582 0.274066 0.753335
53.3333 -0.379922 -0.357416 0.753335
53.3333 -0.234839 0.900291 0.753335
53.3333 0.283765 -0.641486 7.03652
53.3333 0.497667 -0.8146 7.03652
53.3333 0.15128 -0.167577 0.753335
53.3333 0.051831 0.535904 0.753335
53.3333 -0.11777 -0.393248 0.753335
53.3333 -0.0469174 0.00588129 7.03652
53.3333 -0.86397 0.000191091 0.753335
53.3333 -0.588392 0.529265 7.03652
53.3333 0.999625 0.0483106 7.03652
53.3333 -0.44865 0.77977 7.03652
53.3333 -0.2679 0.0986812 0.753335
53.3333 -0.182126 -0.00769715 0.753335
53.3333 -0.924104 0.362785 0.753335
53.3333 -0.242388 -0.336752 7.03652
53.3333 -0.715467 -0.42401 0.753335
53.3333 0.125328 -0.689533 7.03652
53.3333 -0.528672 0.441434 7.03652
53.3333 0.944579 -0.315489 7.03652
53.3333 -0.283554 -0.367374 7.03652
53.3333 0.0771125 -0.0493355 7.03652
53.3333 0.727844 -0.357828 0.753335
53.3333 -0.550185 -0.289731 7.03652
53.3333 -0.22211 0.407975 0.753335
53.3333 0.594299 0.141714 0.753335
53.3333 0.50829 -0.602376 0.753335
53.3333 -0.114037 -0.72863 0.753335
53.3333 -0.154958 -0.140146 0.753335
53.3333 0.334263 0.395542 0.753335
53.3333 0.85724 0.192601 0.753335
53.3333 -0.321666 0.452935 0.753335
53.3333 0.161619 0.567717 7.03652
53.3333 -0.677656 0.711506 7.03652
53.3333 -0.546665 0.129109 0.753335
53.3333 -0.56438 -0.0574361 0.753335
53.3333 0.167687 -0.00519765 7.03652
53.3333 0.676574 0.736527 0.753335
53.3333 -0.786884 0.174127 0.753335
53.3333 0.803761 -0.601868 0.753335
53.3333 -0.955753 0.434573 7.03652
53.3333 0.92401 -0.0230024 7.03652
53.3333 -0.280095 0.0130414 0.753335
53.3333 0.122472 0.294536 7.03652
53.3333 -0.126477 0.188193 7.03652
53.3333 0.0784698 0.308629 0.753335
53.3333 0.81986 0.40924 7.03652
53.3333 -0.385858 0.774269 0.753335
53.3333 -0.213258 0.355218 0.753335
53.3333 -0.6268 -0.209816 7.03652
53.3333 0.115136 0.797789 0.753335
53.3333 0.276572 0.0601091 0.753335
53.3333 -0.640748 -0.0320687 0.753335
53.3333 -0.496419 0.207348 7.03652
53.3333 -0.72057 -0.551522 0.753335
53.3333 -0.332337 -0.341342 0.753335
53.3333 0.369527 -0.945713 0.753335
53.3333 -0.662367 -0.559504 7.03652
53.3333 -0.143611 -0.232986 0.753335
53.3333 -0.75516 0.639492 7.03652
53.3333 0.3248 -0.156416 0.753335
53.3333 0.607761 -0.239887 0.753335
53.3333 -0.141976 -0.634442 7.03652
53.3333 -0.227934 0.00465524 0.753335
53.3333 -0.57927 0.420865 7.03652
53.3333 -0.326691 0.734983 0.753335
53.3333 -0.0607801 -0.917709 0.753335
53.3333 -0.737149 -0.653265 7.03652
53.3333 -0.402422 -0.566764 7.03652
53.3333 -0.770133 -0.528736 0.753335
53.3333 0.158081 -0.899045 0.753335
53.3333 -0.0344244 0.180996 0.753335
53.3333 -0.86087 0.266901 7.03652
53.3333 0.768409 0.428373 0.753335
53.3333 -0.110685 0.819613 7.03652
53.3333 -0.295354 0.0615679 0.753335
53.3333 0.149301 0.520635 7.03652
53.3333 0.0992645 -0.556297 0.753335
53.3333 0.226676 0.0551432 7.03652
53.3333 -0.790324 0.334504 7.03652
53.3333 0.0573265 -0.415675 0.753335
53.3333 -0.00794536 -0.778735 7.03652
53.3333 0.366348 0.220093 0.753335
53.3333 0.129238 0.651891 7.03652
53.3333 0.173888 0.950621 0.753335
53.3333 0.399801 0.0686604 0.753335
53.3333 0.370502 -0.846113 0.753335
53.3333 -0.153944 -0.494967 0.753335
53.3333 -0.163845 0.953486 0.753335
53.3333 -0.840237 -0.238878 0.753335
53.3333 -0.323597 0.168392 0.753335
53.3333 -0.383705 0.0977103 7.03652
53.3333 0.987884 0.137086 0.753335
53.3333 0.424025 0.773701 7.03652
53.3333 -0.892725 0.149121 7.03652
53.3333 -0.299604 0.408745 0.753335
53.3333 0.502036 0.198134 0.753335
53.3333 0.716219 0.0515134 7.03652
53.3333 0.213916 0.00583603 0.753335
53.3333 0.549611 0.562276 0.753335
53.3333 0.417825 -0.417674 0.753335
53.3333 -0.615674 0.623537 0.753335
53.3333 0.134311 -0.454417 0.753335
53.3333 -0.833113 0.0533866 0.753335
53.3333 0.810658 0.471572 0.753335
53.3333 -0.516759 0.0864852 0.753335
53.3333 0.384746 -0.467502 0.753335
53.3333 -0.662172 -0.399296 7.03652
53.3333 0.22877 0.400841 7.03652
53.3333 0.337086 -0.108121 0.753335
53.3333 -0.228647 -0.891261 7.03652
53.3333 0.518696 -0.506718 7.03652
53.3333 -0.806435 0.106287 0.753335
53.3333 -0.577799 0.290061 7.03652
53.3333 -0.399454 0.67042 0.753335
53.3333 -0.162627 -0.863976 7.03652
53.3333 0.992716 -0.0753391 7.03652
53.3333 0.651116 0.221434 7.03652
53.3333 0.0449227 -0.479638 0.753335
53.3333 0.517888 -0.137376 0.753335
53.3333 -0.116169 -0.903801 7.03652
53.3333 -0.380662 0.297187 7.03652
53.3333 0.170817 0.296755 0.753335
53.3333 0.0255443 -0.37726 0.753335
53.3333 -0.680556 0.319525 7.03652
53.3333 -0.0448829 -0.209375 0.753335
53.3333 0.647857 0.271234 0.753335
53.3333 -0.266672 -0.67293 0.753335
53.3333 -0.50591 0.157844 0.753335
53.3333 -0.667052 -0.806142 0.753335
53.3333 0.0446068 -0.853276 0.753335
53.3333 0.626423 -0.47824 7.03652
53.3333 0.244485 -0.600224 0.753335
53.3333 -0.563004 -0.397249 7.03652
53.3333 0.153269 -0.546434 0.753335
53.3333 -0.0940864 -0.43964 0.753335
53.3333 -0.23264 0.489079 0.753335
53.3333 -0.597865 0.129933 0.753335
53.3333 0.650393 0.12272 0.753335
53.3333 -0.308465 -0.755628 7.03652
53.3333 0.363944 -0.421553 7.03652
53.3333 -0.474912 -0.208448 0.753335
53.3333 -0.784388 -0.15976 0.753335
53.3333 -0.455081 -0.855562 7.03652
53.3333 0.697021 -0.63354 7.03652
53.3333 -0.747405 -0.123164 7.03652
53.3333 -0.0656718 0.63924 7.03652
53.3333 0.757495 -0.659954 0.753335
53.3333 0.725844 0.557226 0.753335
53.3333 -0.194619 -1.00665 0.753335
53.3333 -0.57876 -0.196417 7.03652
53.3333 0.863927 0.378987 0.753335
53.3333 -0.366692 -0.242554 0.753335
53.3333 -0.0930797 -0.221142 0.753335
53.3333 0.0209953 0.580186 0.753335
53.3333 -0.611723 -0.0754367 7.03652
53.3333 0.0720073 -0.361562 0.753335
53.3333 -0.783751 0.0367272 0.753335
53.3333 -0.0812383 -0.636691 0.753335
53.3333 0.438142 -0.464221 0.753335
53.3333 -0.565299 0.080385 0.753335
53.3333 0.12026 0.160427 0.753335
53.3333 0.65509 -0.335111 7.03652
53.3333 0.364259 0.100041 0.753335
53.3333 0.119345 -0.262482 7.03652
53.3333 0.413868 0.580132 0.753335
53.3333 -0.541601 0.322149 7.03652
53.3333 0.196034 -0.156353 0.753335
53.3333 -0.152525 0.427511 0.753335
53.3333 0.753468 0.200337 0.753335
53.3333 0.452172 -0.0146169 7.03652
53.3333 0.547659 0.501345 0.753335
53.3333 -0.193194 -0.531277 0.753335
53.3333 0.471342 0.739242 0.753335
53.3333 -0.64579 0.493024 0.753335
53.3333 -0.971267 0.153396 0.753335
53.3333 0.12204 0.746897 7.03652
53.3333 0.0275552 0.0618197 7.03652
53.3333 -0.0024221 0.0259153 0.753335
53.3333 -0.131921 0.519187 0.753335
53.3333 0.0277227 -0.137939 0.753335
53.3333 0.198087 0.238374 0.753335
53.3333 0.235708 0.681307 7.03652
53.3333 -0.0609248 -0.751217 0.753335
53.3333 0.0118541 1.02344 7.03652
53.3333 0.451542 -0.602231 7.03652
53.3333 -0.494088 0.403269 7.03652
53.3333 -0.287058 -0.315461 0.753335
53.3333 0.253708 -0.548126 0.753335
53.3333 -0.729785 0.177127 0.753335
53.3333 0.38288 0.813138 0.753335
53.3333 0.368577 -0.180977 0.753335
53.3333 0.717846 -0.10546 0.753335
53.3333 -0.0608248 -0.165995 7.03652
53.3333 0.622865 -0.384828 7.03652
53.3333 0.670665 0.386427 7.03652
53.3333 -0.510248 -0.377845 0.753335
53.3333 0.0986656 -0.880073 7.03652
53.3333 -0.809084 -0.0088546 0.753335
53.3333 -0.757195 0.0779257 0.753335
53.3333 0.153839 -0.407349 0.753335
53.3333 0.648169 -0.280776 7.03652
53.3333 0.109391 -0.503923 0.753335
53.3333 -0.878422 -0.571298 0.753335
53.3333 -0.336426 0.974737 7.03652
53.3333 0.119536 -0.12536 0.753335
53.3333 0.596881 0.200354 0.753335
53.3333 -0.37449 0.717737 7.03652
53.3333 -0.28293 0.814745 7.03652
53.3333 0.442951 0.496716 7.03652
53.3333 0.0494137 0.22141 0.753335
53.3333 0.321805 0.593359 0.753335
53.3333 -0.315819 -0.0236401 0.753335
53.3333 -0.0314947 -0.348084 7.03652
53.3333 0.378632 -0.131129 0.753335
53.3333 0.196539 0.729607 7.03652
53.3333 0.701516 -0.30968 7.03652
53.3333 -0.0121895 -0.723693 7.03652
53.3333 -0.413116 0.000172222 7.03652
53.3333 -0.801157 -0.209147 7.03652
53.3333 -0.0867795 0.495106 7.03652
53.3333 -0.455412 0.3599 0.753335
53.3333 0.706778 -0.555264 0.753335
53.3333 -0.69022 -0.210001 0.753335
53.3333 0.218593 -0.247602 0.753335
53.3333 0.0120211 0.506347 7.03652
53.3333 0.0685325 0.913566 7.03652
53.3333 0.310877 -0.304382 0.753335
53.3333 -0.289862 0.53435 0.753335
53.3333 0.642305 0.171663 0.753335
53.3333 -0.493136 -0.629069 7.03652
53.3333 0.531475 0.0587682 7.03652
53.3333 0.659727 -0.59236 7.03652
53.3333 -0.504187 -0.259112 0.753335
53.3333 0.552756 0.286655 0.753335
53.3333 -0.751737 -0.469969 7.03652
53.3333 0.451249 0.618104 0.753335
53.3333 0.897805 -0.431607 7.03652
53.3333 0.800329 0.349473 0.753335
53.3333 -0.454879 0.673153 7.03652
53.3333 -0.198307 1.00939 0.753335
53.3333 0.459754 -0.367611 0.753335
53.3333 0.433091 0.843431 0.753335
53.3333 -0.523077 -0.199985 0.753335
53.3333 -0.516942 -0.843185 7.03652
53.3333 0.509814 -0.363355 7.03652
53.3333 -0.466928 -0.355662 7.03652
53.3333 0.119092 0.600797 0.753335
53.3333 -0.190693 -0.317654 0.753335
53.3333 0.612609 0.638673 0.753335
53.3333 -0.340467 0.0808217 0.753335
53.3333 0.936172 -0.0810105 0.753335
53.3333 0.53054 0.798537 7.03652
53.3333 -0.781762 0.581386 0.753335
53.3333 -0.422526 0.0493136 0.753335
53.3333 -0.502946 -0.520146 0.753335
53.3333 0.626429 0.701344 7.03652
53.3333 -0.643072 0.6683 7.03652
53.3333 0.0388877 -0.741213 0.753335
53.3333 -0.704804 0.0899019 7.03652
53.3333 -0.362279 -0.781435 0.753335
53.3333 -0.262017 0.378178 0.753335
53.3333 -0.875916 -0.462113 7.03652
53.3333 -0.413895 -0.0924607 7.03652
53.3333 0.847181 0.0807853 7.03652
53.3333 -0.381739 -0.467372 7.03652
53.3333 -0.164136 -0.68877 0.753335
53.3333 -0.566821 0.0314937 0.753335
53.3333 0.197879 0.337317 0.753335
53.3333 -0.385899 -0.0523933 0.753335
53.3333 -0.233851 0.130793 0.753335
53.3333 -0.112579 0.566344 7.03652
53.3333 -0.754884 -0.369189 7.03652
53.3333 -0.169504 0.617184 0.753335
53.3333 0.292629 0.766566 0.753335
53.3333 0.216016 -0.922192 0.753335
53.3333 -0.379737 0.877827 7.03652
53.3333 0.27422 -0.174101 7.03652
53.3333 0.210458 -0.996093 0.753335
53.3333 0.70343 0.226281 7.03652
53.3333 0.849378 -0.276476 0.753335
53.3333 0.377828 0.873025 7.03652
53.3333 0.500746 0.00770932 0.753335
53.3333 -0.925319 0.189852 0.753335
53.3333 -0.546444 -0.608373 0.753335
53.3333 -0.165576 -0.399467 0.753335
53.3333 0.24731 -0.419593 7.03652
53.3333 -0.797446 -0.102012 7.03652
53.3333 -0.929164 -0.296951 7.03652
53.3333 -0.323324 -0.871504 0.753335
53.3333 -0.74806 -0.217026 0.753335
53.3333 -0.186053 0.261401 0.753335
53.3333 0.020177 -0.628076 7.03652
53.3333 -0.106382 -0.487307 7.03652
53.3333 -0.8117 -0.305455 0.753335
53.3333 -0.611772 -0.814908 7.03652
53.3333 -0.514722 0.0329261 0.753335
53.3333 -0.0934016 0.414109 0.753335
53.3333 0.458889 -0.508877 0.753335
53.3333 -0.621774 0.0237832 0.753335
53.3333 0.169729 -0.311387 0.753335
53.3333 0.304125 -0.0274382 7.03652
53.3333 -0.707755 -0.495633 7.03652
53.3333 0.704414 0.342261 0.753335
53.3333 -0.623938 0.564557 7.03652
53.3333 0.120956 -0.355662 0.753335
53.3333 -0.566991 -0.707351 7.03652
53.3333 0.325004 0.961848 0.753335
53.3333 -0.552925 -0.498782 0.753335
53.3333 0.17339 0.61822 7.03652
53.3333 -0.40086 0.186822 0.753335
53.3333 0.503463 -0.301539 7.03652
53.3333 0.329524 0.803816 0.753335
53.3333 -0.466649 -0.417715 7.03652
53.3333 -0.068684 -0.308535 0.753335
53.3333 -0.818066 0.636719 0.753335
53.3333 -0.477069 0.304993 7.03652
53.3333 0.128306 0.112207 7.03652
53.3333 0.410693 0.128408 0.753335
53.3333 -0.656577 -0.168604 0.753335
53.3333 -0.155065 -0.286335 0.753335
53.3333 0.3093 -0.542661 0.753335
53.3333 0.831148 -0.434239 0.753335
53.3333 -0.652926 -0.345118 0.753335
53.3333 0.285196 -0.123888 7.03652
53.3333 -0.133861 -1.01968 0.753335
53.3333 0.0923559 0.690933 0.753335
53.3333 0.65445 0.324716 0.753335
53.3333 0.250747 -0.083791 0.753335
53.3333 0.0831376 -0.00355501 0.753335
53.3333 -0.631094 0.385833 0.753335
53.3333 0.546841 -0.658546 0.753335
53.3333 -0.543264 0.230123 0.753335
53.3333 0.851471 0.323333 0.753335
53.3333 -0.597157 -0.313208 7.03652
53.3333 0.485388 -0.55393 7.03652
53.3333 0.814373 -0.0549451 0.753335
53.3333 0.691048 -0.249522 7.03652
53.3333 -0.0619837 1.02429 7.03652
53.3333 -0.50703 0.902179 0.753335
53.3333 -0.545725 0.384302 0.753335
53.3333 0.601034 -0.336803 0.753335
53.3333 0.695036 -0.17988 0.753335
53.3333 -0.0710746 -1.02333 7.03652
53.3333 0.505214 0.639138 7.03652
53.3333 -0.243635 -0.0856982 0.753335
53.3333 0.431232 -0.705106 0.753335
53.3333 0.826255 -0.108735 0.753335
53.3333 -0.136501 0.0416361 7.03652
53.3333 -0.863699 0.101544 0.753335
53.3333 0.921285 0.358687 0.753335
53.3333 -0.451553 -0.53259 0.753335
53.3333 0.271278 0.441878 7.03652
53.3333 0.772225 0.0460581 7.03652
53.3333 0.00188564 -0.580269 0.753335
53.3333 0.750992 0.372737 0.753335
53.3333 0.206109 -0.0961278 7.03652
53.3333 0.0707078 0.0410914 0.753335
53.3333 -0.186067 0.125286 0.753335
53.3333 -0.27652 0.153866 0.753335
53.3333 0.871806 -0.486454 7.03652
53.3333 -0.213806 -0.778165 7.03652
53.3333 0.043555 -1.02604 7.03652
53.3333 -0.498948 -0.572763 0.753335
53.3333 0.604879 0.581139 0.753335
53.3333 0.134862 0.470512 0.753335
53.3333 -0.257639 -1.0009 7.03652
53.3333 0.0291273 0.311581 7.03652
53.3333 -0.483197 -0.798651 0.753335
53.3333 0.566441 -0.778868 7.03652
53.3333 0.579365 0.407868 0.753335
53.3333 -0.197752 -0.204192 7.03652
53.3333 0.207512 0.529994 7.03652
53.3333 0.312735 -0.254597 0.753335
53.3333 -0.376001 0.0435131 7.03652
53.3333 0.147764 -1.01256 7.03652
53.3333 0.353322 0.275825 0.753335
53.3333 0.398637 0.522477 7.03652
53.3333 0.294377 0.350337 7.03652
53.3333 -0.363099 -0.105443 0.753335
53.3333 0.96255 -0.256189 0.753335
53.3333 -0.059688 -0.0472555 0.753335
53.3333 0.861059 0.138183 0.753335
53.3333 -0.06058 -0.862901 0.753335
53.3333 -0.111008 -0.84104 0.753335
53.3333 0.160127 0.429154 0.753335
53.3333 -0.180068 0.892061 0.753335
53.3333 0.165419 -0.0614219 0.753335
53.3333 0.494747 -0.460984 0.753335
53.3333 0.774668 0.596372 7.03652
53.3333 0.460994 0.679551 0.753335
53.3333 -0.602247 0.849285 7.03652
53.3333 0.185867 0.484152 0.753335
53.3333 0.762795 0.652684 0.753335
53.3333 -0.723198 0.588948 0.753335
53.3333 0.512824 0.147248 0.753335
53.3333 -0.552919 -0.240204 7.03652
53.3333 -0.655947 -0.507354 7.03652
53.3333 -0.774582 -0.054364 0.753335
53.3333 -0.523514 0.274598 0.753335
53.3333 -0.517379 -0.066085 7.03652
53.3333 0.259819 -0.971965 7.03652
53.3333 0.241181 0.483056 0.753335
53.3333 0.434866 0.0296645 0.753335
53.3333 0.741323 -0.271939 7.03652
53.3333 0.216655 0.148429 7.03652
53.3333 0.104488 -0.17877 7.03652
53.3333 0.312595 0.539026 0.753335
53.3333 0.361461 -0.557437 0.753335
53.3333 0.0298409 -0.683073 0.753335
53.3333 -0.175571 0.387262 0.753335
53.3333 0.359783 -0.278949 7.03652
53.3333 0.253483 0.871814 0.753335
53.3333 0.351416 -0.0128947 0.753335
53.3333 0.217686 -0.642155 0.753335
53.3333 -0.711738 0.271682 7.03652
53.3333 -0.0824103 0.767985 0.753335
53.3333 0.485034 0.309827 0.753335
53.3333 0.39251 -0.894858 0.753335
53.3333 -0.0168277 0.549927 0.753335
53.3333 -0.245575 -0.458082 7.03652
53.3333 0.402991 -0.0309526 0.753335
53.3333 0.481188 0.367355 0.753335
53.3333 -0.66733 -0.658711 0.753335
53.3333 0.362493 -0.229827 7.03652
53.3333 -0.47655 0.120162 7.03652
53.3333 0.0202641 -0.330974 0.753335
53.3333 0.269894 0.820478 7.03652
53.3333 -0.038129 -0.442416 0.753335
53.3333 -0.408504 -0.272458 7.03652
53.3333 -0.689538 0.374157 0.753335
53.3333 -0.277814 -0.211374 7.03652
53.3333 0.186444 -0.450918 0.753335
53.3333 0.401426 -0.751593 0.753335
53.3333 -0.213699 -0.834861 0.753335
53.3333 -0.811766 -0.567338 0.753335
53.3333 -0.539131 -0.662348 7.03652
53.3333 -0.138863 0.774376 7.03652
53.3333 0.502378 0.529182 7.03652
53.3333 0.307488 -0.406747 0.753335
53.3333 -0.719907 -0.758197 0.753335
53.3333 -0.427748 0.727461 7.03652
53.3333 -0.694726 0.212827 0.753335
53.3333 -0.598266 0.699274 7.03652
53.3333 0.653705 -0.214351 0.753335
53.3333 0.556064 0.618674 0.753335
53.3333 -0.327117 0.566003 0.753335
53.3333 -0.431376 0.27185 7.03652
53.3333 0.446285 -0.0643421 0.753335
53.3333 0.0254887 -0.28204 7.03652
53.3333 0.134825 0.907128 0.753335
53.3333 0.989172 -0.0164011 0.753335
53.3333 0.263661 -0.274699 7.03652
53.3333 0.507995 -0.874506 0.753335
53.3333 0.71449 0.417026 7.03652
53.3333 0.529264 0.390182 0.753335
53.3333 0.701482 0.114417 7.03652
53.3333 -0.673757 0.00817512 7.03652
53.3333 -0.808206 -0.362338 7.03652
53.3333 0.164667 -0.114523 7.03652
53.3333 0.528004 -0.416464 7.03652
53.3333 0.552093 -0.714701 0.753335
53.3333 0.0942077 -0.998527 7.03652
53.3333 -0.765875 -0.599994 0.753335
53.3333 0.448761 -0.854979 0.753335
53.3333 -0.327616 -0.39181 7.03652
53.3333 0.230651 -0.469873 7.03652
53.3333 -0.0586858 -0.259909 0.753335
53.3333 -0.0207966 -0.298931 0.753335
53.3333 0.185562 0.66943 0.753335
53.3333 0.801252 -0.163662 7.03652
53.3333 -0.42059 -0.943886 0.753335
53.3333 -0.435766 -0.174769 0.753335
53.3333 0.381049 0.418987 7.03652
53.3333 -0.0574475 -0.486881 0.753335
53.3333 -0.0851948 -0.354985 7.03652
53.3333 -0.860338 0.596553 0.753335
53.3333 -0.280393 0.642561 0.753335
53.3333 0.0282868 0.765648 7.03652
53.3333 -0.242185 -0.512974 7.03652
53.3333 0.0582545 -0.586304 0.753335
53.3333 -0.117922 0.723765 0.753335
53.3333 -0.800087 -0.660182 7.03652
53.3333 0.323158 0.72152 7.03652
53.3333 -0.0387766 0.0555869 0.753335
53.3333 -0.849798 -0.10657 0.753335
53.3333 -0.735875 0.712651 7.03652
53.3333 -0.368485 0.461992 0.753335
53.3333 0.773726 -0.453306 0.753335
53.3333 0.491543 -0.654362 0.753335
53.3333 0.856334 -0.0107075 0.753335
53.3333 0.526708 0.333597 0.753335
53.3333 -0.568213 -0.10809 7.03652
53.3333 0.383914 -0.65414 0.753335
53.3333 -0.600963 -0.151253 0.753335
53.3333 -1.01799 0.262928 0.753335
53.3333 0.349339 0.347681 7.03652
53.3333 -0.146842 -0.961848 0.753335
53.3333 0.249743 0.244041 0.753335
53.3333 -0.390178 -0.679218 0.753335
53.3333 -0.55213 -0.551863 0.753335
53.3333 0.300703 0.908777 7.03652
53.3333 0.60959 0.0901381 0.753335
53.3333 0.887622 0.0370958 0.753335
53.3333 -0.201701 0.450858 7.03652
53.3333 -0.225869 0.728315 0.753335
53.3333 -0.00340578 -0.186876 0.753335
53.3333 -1.03529 0.139473 7.03652
53.3333 -0.0158901 0.868803 7.03652
53.3333 -0.243224 -0.397343 0.753335
53.3333 -0.699338 -0.309189 7.03652
53.3333 -0.99257 0.321181 7.03652
53.3333 -0.397533 -0.142416 0.753335
53.3333 0.713817 0.615975 0.753335
53.3333 -0.437482 -0.702866 7.03652
53.3333 -0.862045 0.204704 0.753335
53.3333 -0.0198431 0.611081 0.753335
53.3333 -0.203624 -0.428085 0.753335
53.3333 -0.0896424 -0.0846829 7.03652
53.3333 0.567011 -0.0991499 7.03652
53.3333 0.79489 -0.38408 7.03652
53.3333 0.326361 -0.89081 7.03652
53.3333 0.942394 0.031297 0.753335
53.3333 0.2903 0.681523 0.753335
53.3333 -0.924451 -0.351746 0.753335
53.3333 -0.107661 -0.269152 7.03652
53.3333 -0.0646881 0.587717 0.753335
53.3333 0.500362 0.0991343 0.753335
53.3333 0.58374 0.741802 0.753335
53.3333 0.744482 -0.600284 7.03652
53.3333 0.804309 0.286288 7.03652
53.3333 -0.161039 -0.750772 0.753335
53.3333 0.595353 0.251408 7.03652
53.3333 0.587214 0.814281 7.03652
53.3333 0.437396 0.337595 0.753335
53.3333 -0.331482 0.787164 0.753335
53.3333 -0.0864214 -0.967248 7.03652
53.3333 0.904349 0.0979876 0.753335
53.3333 -0.679382 0.428114 0.753335
53.3333 0.553165 0.173154 0.753335
53.3333 -0.0704231 0.369189 0.753335
53.3333 0.858534 -0.38145 0.753335
53.3333 0.681745 -0.384447 0.753335
53.3333 -0.913677 -0.411638 0.753335
53.3333 0.0860859 -0.456758 0.753335
53.3333 -0.211692 0.579932 0.753335
53.3333 -0.424159 0.46396 7.03652
53.3333 0.923639 -0.375555 7.03652
53.3333 0.297552 0.485584 0.753335
53.3333 -0.423011 -0.805698 0.753335
53.3333 -0.451234 0.933145 7.03652
53.3333 0.394949 -0.599657 0.753335
53.3333 0.461397 -0.209816 0.753335
53.3333 0.545939 0.227749 7.03652
53.3333 -0.282662 -0.918434 0.753335
53.3333 -0.667026 -0.452945 0.753335
53.3333 -0.0335347 -0.62142 0.753335
53.3333 -1.05173 0.0147763 0.753335
53.3333 -0.0332029 0.229283 7.03652
53.3333 -0.0121665 -0.246188 0.753335
53.3333 0.284159 0.397933 0.753335
53.3333 0.228762 -0.194406 0.753335
53.3333 0.74895 0.148522 0.753335
53.3333 0.585045 -0.510131 0.753335
53.3333 -0.601984 -0.257075 0.753335
53.3333 0.950675 0.307553 0.753335
53.3333 -0.0645155 -0.696333 0.753335
53.3333 0.262855 -0.324094 0.753335
53.3333 0.419812 0.22102 7.03652
53.3333 -0.552079 0.181613 0.753335
53.3333 -0.0664393 0.538346 0.753335
53.3333 0.187496 -0.810464 0.753335
53.3333 -0.669319 0.600259 7.03652
53.3333 -0.609632 -0.478643 7.03652
53.3333 0.12695 -0.593614 7.03652
53.3333 -0.984889 0.0970179 0.753335
53.3333 0.986579 -0.137781 0.753335
53.3333 -0.837476 -0.0535504 0.753335
53.3333 0.409642 -0.318745 7.03652
53.3333 -0.0895596 0.680436 0.753335
53.3333 -0.478519 0.252345 0.753335
53.3333 -0.690675 -0.126822 0.753335
53.3333 0.971537 0.193551 0.753335
53.3333 0.0450978 -0.795863 0.753335
53.3333 -0.718978 0.035688 7.03652
53.3333 0.845992 -0.219662 0.753335
53.3333 -0.474158 0.844535 7.03652
53.3333 0.136385 -0.218517 0.753335
53.3333 0.446639 -0.91421 0.753335
53.3333 -0.160253 0.0844128 0.753335
53.3333 0.331823 -0.74745 0.753335
53.3333 -0.0101098 0.0947329 0.753335
53.3333 -0.201646 -0.148837 7.03652
53.3333 0.341039 -0.50535 0.753335
53.3333 -0.313049 0.216216 0.753335
53.3333 -0.00740896 -0.834948 0.753335
53.3333 -0.222834 0.956237 0.753335
53.3333 -0.894472 0.539629 0.753335
53.3333 -0.62638 -0.699445 0.753335
53.3333 -0.527191 0.753879 7.03652
53.3333 0.651505 -0.431716 0.753335
53.3333 -0.527699 -0.897548 7.03652
53.3333 0.367833 0.690284 0.753335
53.3333 0.875656 -0.0600724 7.03652
53.3333 0.00797954 0.918607 0.753335
53.3333 -0.0937499 0.974311 0.753335
53.3333 -0.656429 -0.748395 7.03652
53.3333 -0.29946 -0.629583 0.753335
53.3333 -0.259021 -0.564614 7.03652
53.3333 0.491072 0.476746 0.753335
53.3333 -0.732093 0.330549 0.753335
53.3333 -0.489267 -0.158289 0.753335
53.3333 -0.0584407 -0.806678 0.753335
53.3333 0.97139 -0.198188 7.03652
53.3333 0.187536 0.8823 0.753335
53.3333 -0.494337 -0.693469 7.03652
53.3333 0.387217 0.467864 0.753335
53.3333 0.261069 0.528909 0.753335
53.3333 0.310511 0.0218516 7.03652
53.3333 0.329502 -0.667021 0.753335
53.3333 -0.524459 -0.744486 0.753335
53.3333 0.266324 0.158377 7.03652
53.3333 -0.188062 0.767377 0.753335
53.3333 -0.137204 -0.542412 0.753335
53.3333 0.203016 -0.562822 0.753335
53.3333 -0.136524 0.134561 0.753335
53.3333 0.0304916 -0.228617 0.753335
53.3333 -0.177442 -0.917504 0.753335
53.3333 0.822915 0.0326509 7.03652
53.3333 0.780434 0.52692 0.753335
53.3333 0.146765 -0.84602 0.753335
53.3333 -0.632891 0.336165 7.03652
53.3333 0.823404 0.571076 7.03652
53.3333 -0.848339 0.491762 7.03652
53.3333 0.136721 -0.785317 0.753335
53.3333 0.633987 -0.164348 7.03652
53.3333 0.4127 -0.219902 0.753335
53.3333 -0.906562 -0.236556 0.753335
53.3333 -0.700733 -0.702339 0.753335
53.3333 -0.442945 -0.478993 7.03652
53.3333 -0.226362 -0.951628 0.753335
53.3333 0.268165 -0.852668 0.753335
53.3333 -0.229316 0.626229 0.753335
53.3333 0.0776489 -0.700126 7.03652
53.3333 -0.475948 0.457626 7.03652
53.3333 -0.315106 0.119432 7.03652
53.3333 0.614581 -0.735058 0.753335
53.3333 -0.361248 0.35048 0.753335
53.3333 -0.328304 -0.195128 7.03652
53.3333 -0.340984 -0.498964 0.753335
53.3333 0.0657177 0.806924 0.753335
53.3333 -0.0169908 -0.394672 0.753335
53.3333 0.553564 -0.0430152 7.03652
53.3333 0.0193616 -0.0917979 0.753335
53.3333 0.2808 0.62968 7.03652
53.3333 -0.11627 0.617785 7.03652
53.3333 0.105126 0.549015 0.753335
53.3333 0.351328 -0.061027 0.753335
53.3333 0.735866 -0.215221 0.753335
53.3333 0.795233 -0.271712 7.03652
53.3333 0.839813 -0.546386 7.03652
53.3333 0.126767 -0.0288756 0.753335
53.3333 -0.849116 0.327562 7.03652
53.3333 -0.364495 0.143721 7.03652
53.3333 -0.0652695 -0.398181 0.753335
53.3333 -0.534407 0.545592 0.753335
53.3333 -0.416638 0.141641 7.03652
53.3333 -0.973919 -0.0145339 7.03652
53.3333 0.599182 -0.00808086 7.03652
53.3333 -0.212887 0.0830869 7.03652
53.3333 0.896935 0.290074 0.753335
53.3333 0.507999 0.262933 0.753335
53.3333 -0.519595 0.602329 7.03652
53.3333 0.21502 0.578627 0.753335
53.3333 -0.425158 -0.382185 0.753335
53.3333 -0.726145 -0.0779566 0.753335
53.3333 0.0690116 -0.0947499 7.03652
53.3333 -1.00767 -0.285427 7.03652
53.3333 0.622425 -0.796867 7.03652
53.3333 -0.911081 -0.515239 7.03652
53.3333 0.00721292 0.255942 0.753335
53.3333 0.572884 0.349774 0.753335
53.3333 0.318665 0.239102 0.753335
53.3333 -0.161037 0.337585 0.753335
53.3333 0.18321 -0.211194 0.753335
53.3333 0.467962 -0.158244 7.03652
53.3333 -0.607279 -0.368533 7.03652
53.3333 -0.810605 0.280704 0.753335
53.3333 0.0167279 -0.535294 7.03652
53.3333 -0.393002 0.508658 0.753335
53.3333 -0.0414035 0.13431 7.03652
53.3333 0.436491 0.395526 7.03652
53.3333 0.375939 0.61583 7.03652
53.3333 -0.109741 0.331002 7.03652
53.3333 0.514278 -0.75899 0.753335
53.3333 -0.0549667 0.718518 7.03652
53.3333 -0.161912 -0.80683 7.03652
53.3333 0.0107168 0.396085 0.753335
53.3333 0.592074 -0.191218 7.03652
53.3333 0.409098 -0.269043 0.753335
53.3333 -0.988494 -0.0663797 7.03652
53.3333 -0.845804 0.438639 0.753335
53.3333 0.746074 0.480174 0.753335
53.3333 0.0400487 0.356692 0.753335
53.3333 0.88498 -0.324442 7.03652
53.3333 -0.847556 -0.518307 0.753335
53.3333 0.348588 0.0484104 0.753335
53.3333 -0.419008 -0.434325 0.753335
53.3333 0.297717 -0.590235 7.03652
53.3333 0.255611 -0.0351879 0.753335
53.3333 0.283595 0.204525 0.753335
53.3333 0.359754 -0.327563 0.753335
53.3333 0.166132 -0.656102 0.753335
53.3333 0.241978 0.357117 7.03652
53.3333 0.296057 -0.708792 0.753335
53.3333 -0.40554 -0.884721 0.753335
53.3333 -0.0184515 -0.956389 0.753335
53.3333 -0.400456 -0.514403 7.03652
53.3333 0.275404 -0.502927 0.753335
53.3333 -0.834959 0.155135 0.753335
53.3333 0.63285 0.776163 0.753335
53.3333 0.56097 -0.837568 0.753335
53.3333 -0.333357 0.310355 0.753335
53.3333 0.228418 0.922782 7.03652
53.3333 0.387973 0.0172452 7.03652
53.3333 0.342796 -0.61217 7.03652
53.3333 -0.322033 0.617458 0.753335
53.3333 -0.597052 -0.649739 0.753335
53.3333 0.10646 0.959689 0.753335
53.3333 0.415763 0.716775 0.753335
53.3333 0.0387832 0.688362 0.753335
53.3333 0.214334 0.99466 0.753335
53.3333 -0.109909 -0.783725 7.03652
53.3333 -0.249531 -0.1296 0.753335
53.3333 0.453847 0.549559 0.753335
53.3333 -0.151661 -0.351086 0.753335
53.3333 0.928933 -0.146263 0.753335
53.3333 0.179233 0.383328 0.753335
53.3333 0.316612 -0.205055 0.753335
53.3333 0.0514656 0.477808 0.753335
53.3333 0.484989 0.423648 0.753335
53.3333 0.480245 0.879152 0.753335
53.3333 -0.0222982 0.670639 0.753335
53.3333 -0.338139 0.260346 0.753335
53.3333 -0.932869 -0.167399 0.753335
53.3333 -0.289978 -0.0711213 7.03652
53.3333 0.0822538 -0.220551 7.03652
53.3333 -0.235977 -0.236211 7.03652
53.3333 -0.11236 0.0877139 7.03652
53.3333 -0.582738 -0.861547 7.03652
53.3333 -0.516278 -0.429802 0.753335
53.3333 -0.466339 -0.749206 7.03652
53.3333 -0.175135 0.826137 0.753335
53.3333 0.178314 0.0443723 0.753335
53.3333 -0.9753 0.217803 0.753335
53.3333 -0.786599 0.6911 7.03652
53.3333 0.882618 -0.114623 0.753335
53.3333 0.240238 -0.80281 0.753335
53.3333 0.177132 0.0946508 0.753335
53.3333 0.547625 -0.327713 0.753335
53.3333 -0.216955 -0.673111 7.03652
53.3333 -0.347147 0.399649 0.753335
53.3333 -0.113129 -0.676675 0.753335
53.3333 0.0851258 0.0825462 7.03652
53.3333 -0.118535 -0.319192 0.753335
53.3333 0.105275 -0.404283 0.753335
53.3333 0.18304 0.190514 0.753335
53.3333 -0.21238 -0.576782 0.753335
53.3333 0.478594 0.0513789 7.03652
53.3333 -0.233823 0.791374 7.03652
53.3333 0.682955 -0.495436 0.753335
53.3333 0.629831 0.0331124 0.753335
53.3333 0.2855 -0.775325 0.753335
53.3333 -0.64977 0.809797 7.03652
53.3333 0.907561 0.419769 7.03652
53.3333 0.01399 -0.437293 7.03652
53.3333 -0.099645 0.282273 0.753335
53.3333 0.565073 -0.151914 0.753335
53.3333 0.146831 1.00703 0.753335
53.3333 -1.03699 -0.162117 0.753335
53.3333 -0.590398 -0.0156828 7.03652
53.3333 -0.317759 -0.241858 7.03652
53.3333 -0.131127 0.240781 0.753335
53.3333 0.0914902 -0.755145 7.03652
53.3333 -0.636715 -0.118181 7.03652
53.3333 -0.0170144 -0.139209 0.753335
53.3333 -0.193659 0.666033 0.753335
53.3333 0.348175 0.499113 0.753335
53.3333 -0.307504 0.355026 0.753335
53.3333 0.310859 0.138209 0.753335
53.3333 -0.290687 -0.477513 0.753335
53.3333 -0.86812 0.378473 0.753335
53.3333 -0.0878031 0.0417109 7.03652
53.3333 -0.695344 0.139299 0.753335
53.3333 0.754969 -0.0588335 0.753335
