128.333 -0.899437 0.309235 0.753335
128.333 0.655843 -0.687181 0.753335
128.333 -0.447841 -0.596434 7.03652
128.333 -0.410198 0.823812 0.753335
128.333 -0.260183 -0.0369009 0.753335
128.333 -1.04727 -0.0446276 7.03652
128.333 -0.858106 -0.391228 0.753335
128.333 -0.428881 0.566703 0.753335
128.333 0.0087675 0.146889 0.753335
128.333 0.741745 -0.492614 0.753335
128.333 0.0737615 0.390568 7.03652
128.333 -0.022751 0.971133 0.753335
128.333 -0.438118 0.876873 7.03652
128.333 -0.335781 -0.0656958 0.753335
128.333 -0.114891 0.455393 7.03652
128.333 0.421703 -0.170837 0.753335
128.333 0.457879 -0.316203 7.03652
128.333 -1.02603 -0.228777 7.03652
128.333 -0.973281 -0.129204 0.753335
128.333 -0.27929 0.938199 0.753335
128.333 0.0948666 0.194994 7.03652
128.333 -0.835819 -0.151247 7.03652
128.333 -0.171301 0.169569 0.753335
128.333 -0.750621 0.284841 7.03652
128.333 0.946426 0.0907965 0.753335
128.333 0.431445 0.911167 0.753335
128.333 -0.190525 0.5181 7.03652
128.333 -0.868409 -0.1909 0.753335
128.333 -0.176603 0.216086 0.753335
128.333 -0.712824 0.661423 0.753335
128.333 0.0691834 -0.51202 0.753335
128.333 0.0534695 -0.190243 7.03652
128.333 -0.093501 -0.000213608 7.03652
128.333 -0.140911 -0.00516071 7.03652
128.333 -0.381319 0.953978 0.753335
128.333 -0.578539 0.581922 0.753335
128.333 0.060532 -0.325537 7.03652
128.333 -0.0672464 0.0904528 7.03652
128.333 -0.602383 -0.76325 0.753335
128.333 0.755436 0.258962 0.753335
128.333 -0.351475 -0.915091 0.753335
128.333 0.1583 -0.955873 0.753335
128.333 -0.684831 0.482858 7.03652
128.333 0.214805 -0.340871 0.753335
128.333 0.633949 -0.627581 7.03652
128.333 -0.117626 0.916135 7.03652
128.333 0.667017 0.665965 0.753335
128.333 -0.0270944 -0.0700883 7.03652
128.333 0.736532 0.00176325 7.03652
128.333 0.147505 -0.741839 0.753335
128.333 0.60896 0.311544 0.753335
128.333 -0.609593 0.0754853 0.753335
128.333 -0.783348 -0.255125 7.03652
128.333 0.431796 -0.554269 7.03652
128.333 0.0678433 0.592272 0.753335
128.333 0.0941658 0.855198 0.753335
128.333 -0.508162 -0.317393 7.03652
128.333 0.529255 0.734779 0.753335
128.333 0.428049 -0.118698 0.753335
128.333 -0.614286 0.296152 0.753335
128.333 -0.34661 -0.656663 0.753335
128.333 -0.33617 0.510875 7.03652
128.333 -0.350936 0.839634 7.03652
128.333 0.671828 -0.749063 0.753335
128.333 -0.358418 0.198874 0.753335
128.333 -0.456129 -0.129278 7.03652
128.333 0.272671 -0.220886 7.03652
128.333 0.204853 -0.392716 0.753335
128.333 0.52433 -0.0823909 0.753335
128.333 0.0710755 -0.140858 0.753335
128.333 0.318685 0.85296 0.753335
128.333 -0.298763 -0.97177 0.753335
128.333 -0.914286 0.242655 0.753335
128.333 -0.0291411 0.765719 7.03652
128.333 0.0890003 0.140856 0.753335
128.333 -0.249639 -0.61844 7.03652
128.333 0.54914 -0.271748 0.753335
128.333 0.409128 0.654155 0.753335
128.333 0.264606 0.976846 0.753335
128.333 -0.951933 0.287671 0.753335
128.333 -0.227325 0.844435 7.03652
128.333 0.469339 0.244437 7.03652
128.333 -0.0291462 -0.532664 0.753335
128.333 -0.565728 -0.453265 7.03652
128.333 0.311024 0.0838715 0.753335
128.333 -0.865195 -0.335606 0.753335
128.333 0.260552 0.0160922 7.03652
128.333 -0.482079 0.562736 7.03652
128.333 0.797642 -0.220389 0.753335
128.333 -0.00736066 -0.894599 0.753335
128.333 0.332273 -0.454308 0.753335
128.333 -0.213509 -0.0497926 0.753335
128.333 -0.289294 0.698751 7.03652
128.333 0.389145 0.310591 0.753335
128.333 0.256225 -0.375515 0.753335
128.333 0.282848 -0.454145 0.753335
128.333 0.772793 -0.107531 7.03652
128.333 0.198899 -0.767842 7.03652
128.333 -0.751611 0.134397 0.753335
128.333 0.193408 -0.710877 0.753335
128.333 0.042408 0.966813 7.03652
128.333 0.712318 -0.439822 0.753335
128.333 0.764745 -0.328249 0.753335
128.333 -0.438894 0.221488 0.753335
128.333 0.216758 -0.521862 0.753335
128.333 -0.28961 -0.420139 7.03652
128.333 -0.243687 0.0504557 7.03652
128.333 0.643985 -0.0303969 7.03652
128.333 0.228177 0.622843 0.753335
128.333 -0.439523 -0.0416586 0.753335
128.333 0.492203 -0.707766 0.753335
128.333 -0.275725 -0.265879 7.03652
128.333 0.000617106 0.716178 0.753335
128.333 -0.0183625 0.295736 0.753335
128.333 0.207995 -0.876487 0.753335
128.333 0.335465 0.450154 0.753335
128.333 -0.504171 0.659 0.753335
128.333 0.758506 0.314882 0.753335
128.333 0.553681 -0.467766 7.03652
128.333 -0.5641 0.645737 0.753335
128.333 -0.0215215 -0.668295 0.753335
128.333 0.573811 -0.616656 0.753335
128.333 -0.164098 0.562237 0.753335
128.333 -0.0535343 0.265374 7.03652
128.333 -0.210585 -0.718377 7.03652
128.333 -0.760553 -0.30403 7.03652
128.333 -0.117306 -0.175764 0.753335
128.333 -0.489997 0.507244 7.03652
128.333 -0.542025 0.874143 7.03652
128.333 -0.188894 -0.0997445 0.753335
128.333 0.59657 -0.673014 0.753335
128.333 -0.1354 -0.0929371 0.753335
128.333 -0.64492 0.166445 0.753335
128.333 -0.0126115 -1.01748 7.03652
128.333 -0.924407 -0.00878817 7.03652
128.333 0.15081 0.260605 7.03652
128.333 -0.0894612 0.230275 0.753335
128.333 0.850537 0.251802 0.753335
128.333 0.727977 0.686933 0.753335
128.333 0.297983 0.313282 0.753335
128.333 0.168421 -0.352941 0.753335
128.333 -0.449457 -0.651083 7.03652
128.333 -0.431486 0.0916507 7.03652
128.333 -0.160478 -0.580539 7.03652
128.333 0.0745064 0.745267 0.753335
128.333 -0.614412 -0.422641 0.753335
128.333 0.844018 0.52663 0.753335
128.333 -0.996785 0.0375158 7.03652
128.333 -0.695245 0.774337 7.03652
128.333 0.513465 -0.186067 0.753335
128.333 0.680617 -0.130216 7.03652
128.333 -0.0855003 0.137914 0.753335
128.333 -0.469508 -0.0825226 0.753335
128.333 0.26837 0.582737 0.753335
128.333 0.552399 -0.215795 7.03652
128.333 -0.0172347 0.349857 0.753335
128.333 -0.101592 -0.128024 7.03652
128.333 0.375503 0.93556 7.03652
128.333 0.248477 0.298282 0.753335
128.333 -0.268744 0.586334 0.753335
128.333 -0.114169 -0.0471247 7.03652
128.333 -0.105911 -0.587159 0.753335
128.333 0.80471 -0.495793 7.03652
128.333 -0.738084 0.485697 0.753335
128.333 0.403918 -0.511328 7.03652
128.333 0.587582 -0.427227 0.753335
128.333 -0.0612131 0.319519 7.03652
128.333 0.120451 -0.645852 0.753335
128.333 -0.047688 -0.11535 7.03652
128.333 0.540408 0.0115725 0.753335
128.333 0.698238 -0.0443601 0.753335
128.333 0.238537 -0.684701 7.03652
128.333 0.215491 0.43542 0.753335
128.333 -0.928311 0.104602 0.753335
128.333 -0.547028 -0.158499 7.03652
128.333 -0.141619 0.864025 0.753335
128.333 0.0762809 -0.278036 0.753335
128.333 0.325394 -0.957831 0.753335
128.333 -0.977981 -0.187163 7.03652
128.333 -0.261741 -0.733368 0.753335
128.333 0.630539 0.429266 7.03652
128.333 -0.665994 -0.0713102 0.753335
128.333 0.00969462 0.200889 0.753335
128.333 -0.689302 0.539683 0.753335
128.333 -0.976563 0.377107 7.03652
128.333 -0.525403 0.814929 7.03652
128.333 -0.475147 0.0645691 7.03652
128.333 -0.828183 0.538704 7.03652
128.333 0.0777661 1.01634 7.03652
128.333 -0.630677 0.219106 0.753335
128.333 -0.557309 -0.797732 0.753335
128.333 0.682464 0.00866735 0.753335
128.333 -0.326249 -0.288134 0.753335
128.333 0.0233857 -0.0558178 0.753335
128.333 -0.575212 0.741936 0.753335
128.333 0.744743 0.0930911 0.753335
128.333 -0.486702 -0.0238916 7.03652
128.333 0.642738 -0.528775 0.753335
128.333 0.597287 -0.297411 0.753335
128.333 -0.516351 -0.114878 7.03652
128.333 -1.0292 0.199068 7.03652
128.333 0.910027 -0.204565 0.753335
128.333 0.342628 -0.379449 0.753335
128.333 -0.16487 -0.0545328 0.753335
128.333 -0.348484 -0.602053 7.03652
128.333 -0.00380028 0.453753 0.753335
128.333 0.450813 0.0863233 0.753335
128.333 0.430201 0.278976 0.753335
128.333 -0.405018 0.378528 0.753335
128.333 0.453781 -0.768717 0.753335
128.333 -0.239396 0.535258 0.753335
128.333 -0.160056 0.479916 0.753335
128.333 0.588118 0.465297 0.753335
128.333 -0.81938 0.218413 7.03652
128.333 0.0374549 -0.00412435 7.03652
128.333 0.537687 0.850728 7.03652
128.333 -0.296361 -0.161772 0.753335
128.333 -0.455004 0.171309 0.753335
128.333 0.0941739 0.49681 0.753335
128.333 -0.0342073 0.497814 0.753335
128.333 -0.541818 0.699207 0.753335
128.333 0.659334 0.068824 7.03652
128.333 0.854039 -0.170568 0.753335
128.333 -0.702831 -0.60799 7.03652
128.333 -0.487615 -0.467137 0.753335
128.333 0.150374 0.702904 0.753335
128.333 0.364387 0.152758 7.03652
128.333 0.558714 -0.379518 0.753335
128.333 0.697622 0.175242 0.753335
128.333 -0.185158 -0.631395 0.753335
128.333 -0.752034 0.537471 0.753335
128.333 0.0712285 -0.636222 0.753335
128.333 -0.457993 -0.253644 0.753335
128.333 -0.359646 -0.0142805 0.753335
128.333 -0.413978 -0.753995 0.753335
128.333 -0.888262 0.0492202 0.753335
128.333 -0.596514 -0.525099 7.03652
128.333 -0.598557 -0.577691 7.03652
128.333 0.377766 0.75765 7.03652
128.333 -0.227138 0.231375 7.03652
128.333 0.111906 -0.317146 0.753335
128.333 -0.471613 0.616105 0.753335
128.333 -0.127399 1.0169 7.03652
128.333 0.649245 0.54422 0.753335
128.333 0.122634 0.400879 0.753335
128.333 -1.04409 -0.107931 0.753335
128.333 0.743581 -0.390695 0.753335
128.333 0.683091 0.452789 7.03652
128.333 -0.910792 -0.12515 0.753335
128.333 0.548681 -0.562701 0.753335
128.333 -0.293489 0.289914 7.03652
128.333 -0.811239 0.382667 0.753335
128.333 0.298604 -0.0673441 0.753335
128.333 -0.885955 -0.286495 7.03652
128.333 -0.460627 -0.302367 7.03652
128.333 0.475735 -0.101373 0.753335
128.333 0.227634 0.779 0.753335
128.333 0.382724 0.256111 7.03652
128.333 0.874999 0.474473 0.753335
128.333 -0.34914 -0.14833 0.753335
128.333 0.608313 -0.571823 7.03652
128.333 0.410458 -0.806953 7.03652
128.333 -0.219346 0.182075 0.753335
128.333 -0.124206 0.380002 7.03652
128.333 0.00283742 0.814949 7.03652
128.333 0.140078 0.21332 0.753335
128.333 0.388881 -0.0830336 0.753335
128.333 0.425059 -0.654015 7.03652
128.333 -0.163348 -0.183259 0.753335
128.333 -0.653514 0.115229 0.753335
128.333 -0.268795 -0.848906 7.03652
128.333 -0.363884 -0.72538 0.753335
128.333 0.175659 -0.256059 0.753335
128.333 -0.398423 -0.625678 7.03652
128.333 -0.585379 0.235086 0.753335
128.333 -0.332546 0.911581 7.03652
128.333 0.918224 0.150674 0.753335
128.333 0.17648 0.132161 7.03652
128.333 -0.175889 0.715799 7.03652
128.333 -0.34658 -0.549506 0.753335
128.333 -0.698009 -0.024807 0.753335
128.333 -0.443558 0.417269 7.03652
128.333 -0.237414 0.68234 7.03652
128.333 0.413741 0.171147 0.753335
128.333 0.738245 -0.15123 7.03652
128.333 -0.720319 -0.162107 0.753335
128.333 0.65621 0.602853 0.753335
128.333 -0.0795297 0.183802 7.03652
128.333 0.390956 0.366448 0.753335
128.333 0.795726 0.111487 7.03652
128.333 0.166406 -0.607671 0.753335
128.333 -0.80373 -0.4824 0.753335
128.333 0.463263 0.189091 7.03652
128.333 -0.20009 -0.368048 0.753335
128.333 -0.987776 -0.346465 7.03652
128.333 -0.818784 -0.429009 7.03652
128.333 -0.633446 0.747539 0.753335
128.333 0.489131 -0.0468602 7.03652
128.333 0.584596 0.0403876 0.753335
128.333 -0.287182 0.484238 0.753335
128.333 -0.838288 -0.620159 0.753335
128.333 0.619303 0.370124 7.03652
128.333 0.0527459 0.269161 0.753335
128.333 0.499599 0.581097 0.753335
128.333 -0.266769 0.194739 0.753335
128.333 0.104858 0.349378 0.753335
128.333 -0.328029 0.023567 7.03652
128.333 0.379471 -0.695714 7.03652
128.333 0.207755 -0.0506058 0.753335
128.333 0.552003 0.118226 0.753335
128.333 -0.416595 -0.224022 0.753335
128.333 -0.940108 -0.464939 7.03652
128.333 0.171885 0.784178 0.753335
128.333 0.640815 0.488836 0.753335
128.333 -0.380432 -0.414101 0.753335
128.333 0.334998 0.655655 0.753335
128.333 -0.382452 -0.190157 0.753335
128.333 -0.14061 0.668167 0.753335
128.333 -0.354828 -0.973699 0.753335
128.333 -0.797038 0.492555 7.03652
128.333 0.0990808 0.248006 0.753335
128.333 -0.534251 -0.0111735 0.753335
128.333 -0.243817 -0.177227 0.753335
128.333 0.0800254 0.644286 0.753335
128.333 -0.262665 0.327255 0.753335
128.333 -0.370599 -0.305029 0.753335
128.333 0.906373 -0.265015 7.03652
128.333 -0.923974 0.487231 0.753335
128.333 -0.592729 0.178257 7.03652
128.333 -0.297728 -0.527811 0.753335
128.333 -0.316766 -0.811761 0.753335
128.333 0.23131 0.197918 0.753335
128.333 0.717281 -0.702 0.753335
128.333 -0.00782841 -0.486481 7.03652
128.333 -0.668206 -0.24974 0.753335
128.333 0.594304 0.524151 0.753335
128.333 -0.58098 0.796071 0.753335
128.333 0.80105 0.225608 0.753335
128.333 0.266806 0.115689 0.753335
128.333 0.0444238 0.11473 0.753335
128.333 -0.65213 0.263333 7.03652
128.333 -0.462492 0.0147844 7.03652
128.333 0.108452 -0.0851684 7.03652
128.333 0.243569 -0.13559 0.753335
128.333 -0.366867 0.617981 0.753335
128.333 -0.387748 0.239071 7.03652
128.333 -0.262869 -0.79019 0.753335
128.333 0.77065 -0.547068 0.753335
128.333 -0.20523 -0.478664 7.03652
128.333 0.0509678 0.170123 0.753335
128.333 -0.228985 -0.28818 7.03652
128.333 -0.662816 0.0648809 0.753335
128.333 0.219157 0.0995776 7.03652
128.333 0.456504 0.137523 0.753335
128.333 -0.336691 -0.444438 7.03652
128.333 0.209721 0.832312 7.03652
128.333 0.152696 0.359753 7.03652
128.333 0.088233 0.441714 0.753335
128.333 -0.31252 -0.114334 7.03652
128.333 -0.782697 0.437569 0.753335
128.333 0.802178 0.167867 0.753335
128.333 -0.257884 0.996453 0.753335
128.333 -0.0551769 0.450519 0.753335
128.333 0.0364366 0.862346 0.753335
128.333 0.249281 0.726184 0.753335
128.333 0.174604 -0.498457 0.753335
128.333 0.358226 0.558258 0.753335
128.333 -0.753537 0.382231 0.753335
128.333 0.601797 -0.0647786 0.753335
128.333 0.436962 0.446221 7.03652
128.333 -0.886702 -0.0527907 0.753335
128.333 0.791176 -0.012201 0.753335
128.333 -0.414694 0.326338 0.753335
128.333 -0.0561825 -0.57734 0.753335
128.333 0.0991406 -0.935364 7.03652
128.333 -0.147333 0.293346 7.03652
128.333 -0.537553 0.490338 0.753335
128.333 -0.283619 0.756308 7.03652
128.333 -0.706705 -0.368513 0.753335
128.333 0.475787 -0.410947 0.753335
128.333 -0.376408 0.565644 0.753335
128.333 0.246447 -0.742593 0.753335
128.333 -0.0343418 0.405581 7.03652
128.333 0.396922 -0.369039 0.753335
128.333 -0.651543 -0.294801 7.03652
128.333 -0.261341 0.441328 7.03652
128.333 -0.191687 -0.252816 0.753335
128.333 -0.584893 0.469916 0.753335
128.333 0.200745 0.280871 7.03652
128.333 -0.147759 -0.4469 0.753335
128.333 -0.768275 -0.409542 7.03652
128.333 -0.297864 -0.582177 0.753335
128.333 -0.0537534 0.920293 0.753335
128.333 -0.0547668 0.816154 7.03652
128.333 -0.503795 0.347993 7.03652
128.333 0.567872 0.680388 0.753335
128.333 -0.0812194 0.868259 7.03652
128.333 0.701907 0.507569 0.753335
128.333 -0.937218 -0.072458 0.753335
128.333 -0.441392 0.51499 0.753335
128.333 0.458651 -0.26307 7.03652
128.333 -0.373732 -0.840837 7.03652
128.333 0.616708 -0.121316 0.753335
128.333 -0.765174 -0.712243 7.03652
128.333 0.0349788 -0.963611 7.03652
128.333 -0.641111 -0.612221 7.03652
128.333 0.655759 -0.083001 7.03652
128.333 -0.388284 0.42566 7.03652
128.333 -1.04733 0.0785609 0.753335
128.333 -0.085006 -0.534701 0.753335
128.333 -0.419797 0.618499 0.753335
128.333 0.535936 0.442076 0.753335
128.333 0.213368 -0.290994 0.753335
128.333 -0.727841 0.42982 0.753335
128.333 0.349886 -0.783824 0.753335
128.333 -0.597159 0.353153 7.03652
128.333 0.152404 0.841175 0.753335
128.333 -0.19983 0.310834 7.03652
128.333 -0.765076 0.231515 0.753335
128.333 0.0912985 -0.814835 0.753335
128.333 -0.747833 -0.0102108 0.753335
128.333 -0.896367 0.425833 0.753335
128.333 0.51133 0.685113 0.753335
128.333 -0.0104391 -0.0217292 0.753335
128.333 -0.464869 -0.921856 7.03652
128.333 -0.27558 0.24615 0.753335
128.333 0.0294271 0.63526 7.03652
128.333 -0.722579 -0.259669 7.03652
128.333 -0.238996 0.282302 0.753335
128.333 -0.336324 0.669883 7.03652
128.333 0.0454324 -0.908816 7.03652
128.333 0.12512 0.0618698 7.03652
128.333 -0.557135 -0.344538 7.03652
128.333 -0.968693 -0.404092 7.03652
128.333 0.82248 -0.334614 0.753335
128.333 0.0387213 0.428482 0.753335
128.333 0.301039 -0.351425 0.753335
128.333 0.505185 -0.242878 7.03652
128.333 -0.632492 0.451323 7.03652
128.333 -0.416813 -0.330568 0.753335
128.333 0.70595 0.290164 7.03652
128.333 -0.189399 0.0404654 7.03652
128.333 0.322894 0.184231 0.753335
128.333 -0.295725 0.867801 0.753335
128.333 -0.314971 -0.699705 0.753335
128.333 0.305833 -0.830016 0.753335
128.333 -0.941786 0.0465999 0.753335
128.333 0.964449 0.246473 7.03652
128.333 0.478322 0.813084 7.03652
128.333 0.127095 0.014462 0.753335
128.333 0.911244 0.208922 0.753335
128.333 -0.484517 0.715683 7.03652
128.333 0.27515 -0.916912 7.03652
128.333 -0.962352 -0.244345 0.753335
128.333 0.290419 0.26388 0.753335
128.333 -0.374634 -0.359778 0.753335
128.333 -0.24349 0.894049 0.753335
128.333 0.274368 -0.644314 7.03652
128.333 0.49912 -0.815417 7.03652
128.333 0.150722 -0.169122 0.753335
128.333 0.0575637 0.534906 0.753335
128.333 -0.11608 -0.394834 0.753335
128.333 -0.0454063 0.0117169 7.03652
128.333 -0.863643 5.42136e-05 0.753335
128.333 -0.585905 0.526557 7.03652
128.333 0.996817 0.0566243 7.03652
128.333 -0.458399 0.781657 7.03652
128.333 -0.265187 0.0999311 0.753335
128.333 -0.18573 -0.00733981 0.753335
128.333 -0.923695 0.360345 0.753335
128.333 -0.238677 -0.33911 7.03652
128.333 -0.714062 -0.424935 0.753335
128.333 0.127417 -0.697276 7.03652
128.333 -0.534946 0.437505 7.03652
128.333 0.946554 -0.315554 7.03652
128.333 -0.283307 -0.367516 7.03652
128.333 0.0709306 -0.0512297 7.03652
128.333 0.713232 -0.344847 0.753335
128.333 -0.553993 -0.292192 7.03652
128.333 -0.224494 0.40837 0.753335
128.333 0.596539 0.143383 0.753335
128.333 0.514993 -0.60772 0.753335
128.333 -0.111917 -0.729634 0.753335
128.333 -0.155324 -0.136854 0.753335
128.333 0.345596 0.394131 0.753335
128.333 0.856504 0.193948 0.753335
128.333 -0.326148 0.451396 0.753335
128.333 0.159889 0.563702 7.03652
128.333 -0.679717 0.712842 7.03652
128.333 -0.552908 0.135556 0.753335
128.333 -0.560866 -0.0629908 0.753335
128.333 0.167965 -0.0176755 7.03652
128.333 0.683511 0.730108 0.753335
128.333 -0.786299 0.173343 0.753335
128.333 0.798321 -0.6042 0.753335
128.333 -0.953204 0.432351 7.03652
128.333 0.923796 -0.0269549 7.03652
128.333 -0.279477 0.0130813 0.753335
128.333 0.114754 0.295736 7.03652
128.333 -0.126681 0.190578 7.03652
128.333 0.0722751 0.313621 0.753335
128.333 0.837157 0.42326 7.03652
128.333 -0.393302 0.773588 0.753335
128.333 -0.218366 0.353919 0.753335
128.333 -0.632242 -0.208975 7.03652
128.333 0.113027 0.799567 0.753335
128.333 0.264123 0.0662751 0.753335
128.333 -0.638189 -0.0264925 0.753335
128.333 -0.49247 0.205774 7.03652
128.333 -0.719191 -0.555301 0.753335
128.333 -0.327198 -0.339403 0.753335
128.333 0.382004 -0.939198 0.753335
128.333 -0.659676 -0.56115 7.03652
128.333 -0.145943 -0.228888 0.753335
128.333 -0.759251 0.631359 7.03652
128.333 0.330518 -0.151717 0.753335
128.333 0.598599 -0.244828 0.753335
128.333 -0.134725 -0.630572 7.03652
128.333 -0.230772 0.00376961 0.753335
128.333 -0.587135 0.413874 7.03652
128.333 -0.332846 0.731032 0.753335
128.333 -0.0632098 -0.914771 0.753335
128.333 -0.740381 -0.652094 7.03652
128.333 -0.397254 -0.571307 7.03652
128.333 -0.766825 -0.527756 0.753335
128.333 0.15425 -0.900856 0.753335
128.333 -0.0334797 0.173394 0.753335
128.333 -0.861222 0.263109 7.03652
128.333 0.782292 0.423298 0.753335
128.333 -0.111226 0.816429 7.03652
128.333 -0.293936 0.0627901 0.753335
128.333 0.144405 0.513513 7.03652
128.333 0.0953299 -0.55196 0.753335
128.333 0.217736 0.0503896 7.03652
128.333 -0.787552 0.331299 7.03652
128.333 0.0570984 -0.422154 0.753335
128.333 -0.00879988 -0.776748 7.03652
128.333 0.372746 0.20398 0.753335
128.333 0.133634 0.651497 7.03652
128.333 0.169617 0.945648 0.753335
128.333 0.402022 0.0691744 0.753335
128.333 0.361194 -0.839885 0.753335
128.333 -0.161261 -0.495739 0.753335
128.333 -0.155505 0.957878 0.753335
128.333 -0.843739 -0.248859 0.753335
128.333 -0.320512 0.166054 0.753335
128.333 -0.382599 0.0944158 7.03652
128.333 0.988008 0.129558 0.753335
128.333 0.429581 0.78265 7.03652
128.333 -0.890555 0.143482 7.03652
128.333 -0.300436 0.409723 0.753335
128.333 0.510171 0.209461 0.753335
128.333 0.710136 0.0542193 7.03652
128.333 0.214027 -3.8484e-05 0.753335
128.333 0.548749 0.559111 0.753335
128.333 0.422482 -0.414326 0.753335
128.333 -0.614515 0.622068 0.753335
128.333 0.143315 -0.455588 0.753335
128.333 -0.828452 0.050811 0.753335
128.333 0.807424 0.479639 0.753335
128.333 -0.514121 0.0958985 0.753335
128.333 0.387901 -0.464981 0.753335
128.333 -0.661313 -0.401038 7.03652
128.333 0.247285 0.396354 7.03652
128.333 0.33963 -0.100656 0.753335
128.333 -0.228124 -0.887828 7.03652
128.333 0.521487 -0.511853 7.03652
128.333 -0.805261 0.106342 0.753335
128.333 -0.568059 0.281259 7.03652
128.333 -0.392785 0.667182 0.753335
128.333 -0.165973 -0.861754 7.03652
128.333 0.991231 -0.0648872 7.03652
128.333 0.650882 0.221103 7.03652
128.333 0.038921 -0.472627 0.753335
128.333 0.518881 -0.134765 0.753335
128.333 -0.118442 -0.901668 7.03652
128.333 -0.379529 0.290225 7.03652
128.333 0.159665 0.311946 0.753335
128.333 0.0288157 -0.379262 0.753335
128.333 -0.687416 0.301653 7.03652
128.333 -0.0447222 -0.205734 0.753335
128.333 0.654529 0.274766 0.753335
128.333 -0.267538 -0.678341 0.753335
128.333 -0.507686 0.15498 0.753335
128.333 -0.667341 -0.798476 0.753335
128.333 0.0434115 -0.850495 0.753335
128.333 0.614745 -0.477317 7.03652
128.333 0.238232 -0.592932 0.753335
128.333 -0.563721 -0.397655 7.03652
128.333 0.149757 -0.549973 0.753335
128.333 -0.0946562 -0.441109 0.753335
128.333 -0.232922 0.484952 0.753335
128.333 -0.601783 0.126302 0.753335
128.333 0.644632 0.117489 0.753335
128.333 -0.312846 -0.755245 7.03652
128.333 0.368957 -0.418754 7.03652
128.333 -0.474228 -0.2082 0.753335
128.333 -0.777706 -0.160883 0.753335
128.333 -0.45864 -0.85886 7.03652
128.333 0.695213 -0.640951 7.03652
128.333 -0.748131 -0.114343 7.03652
128.333 -0.0581109 0.640528 7.03652
128.333 0.758985 -0.654257 0.753335
128.333 0.704997 0.562015 0.753335
128.333 -0.190897 -1.00431 0.753335
128.333 -0.580979 -0.200495 7.03652
128.333 0.86358 0.37257 0.753335
128.333 -0.369147 -0.245912 0.753335
128.333 -0.094559 -0.216511 0.753335
128.333 0.0223883 0.572711 0.753335
128.333 -0.610012 -0.0717394 7.03652
128.333 0.0760312 -0.370635 0.753335
128.333 -0.777213 0.0354666 0.753335
128.333 -0.0785772 -0.636731 0.753335
128.333 0.441632 -0.461497 0.753335
128.333 -0.559209 0.0817439 0.753335
128.333 0.134313 0.162618 0.753335
128.333 0.65404 -0.335328 7.03652
128.333 0.358621 0.102164 0.753335
128.333 0.126161 -0.268941 7.03652
128.333 0.408773 0.582372 0.753335
128.333 -0.553962 0.329777 7.03652
128.333 0.196955 -0.152455 0.753335
128.333 -0.151828 0.424749 0.753335
128.333 0.749109 0.201898 0.753335
128.333 0.44323 -0.015086 7.03652
128.333 0.544064 0.49881 0.753335
128.333 -0.197595 -0.534322 0.753335
128.333 0.47368 0.744648 0.753335
128.333 -0.636479 0.508461 0.753335
128.333 -0.977352 0.155097 0.753335
128.333 0.129208 0.749432 7.03652
128.333 0.0362334 0.0622548 7.03652
128.333 0.00496932 0.0283065 0.753335
128.333 -0.130382 0.520598 0.753335
128.333 0.0247541 -0.147414 0.753335
128.333 0.191212 0.230715 0.753335
128.333 0.239461 0.675675 7.03652
128.333 -0.0600563 -0.749814 0.753335
128.333 0.0106089 1.02201 7.03652
128.333 0.456203 -0.603696 7.03652
128.333 -0.494458 0.402359 7.03652
128.333 -0.280469 -0.314508 0.753335
128.333 0.261078 -0.544697 0.753335
128.333 -0.732445 0.19031 0.753335
128.333 0.381037 0.820014 0.753335
128.333 0.37243 -0.184669 0.753335
128.333 0.717402 -0.0950864 0.753335
128.333 -0.0693962 -0.164531 7.03652
128.333 0.626261 -0.39085 7.03652
128.333 0.670646 0.390519 7.03652
128.333 -0.512952 -0.373492 0.753335
128.333 0.0961729 -0.87554 7.03652
128.333 -0.808459 -0.00756259 0.753335
128.333 -0.758387 0.0817426 0.753335
128.333 0.158023 -0.406683 0.753335
128.333 0.646997 -0.278318 7.03652
128.333 0.123453 -0.504938 0.753335
128.333 -0.877384 -0.572603 0.753335
128.333 -0.324461 0.978821 7.03652
128.333 0.115717 -0.131024 0.753335
128.333 0.599704 0.199565 0.753335
128.333 -0.38131 0.716881 7.03652
128.333 -0.29005 0.815287 7.03652
128.333 0.444148 0.498327 7.03652
128.333 0.0533859 0.221926 0.753335
128.333 0.320497 0.597362 0.753335
128.333 -0.309477 -0.0268821 0.753335
128.333 -0.0395005 -0.344143 7.03652
128.333 0.379663 -0.134389 0.753335
128.333 0.19517 0.72969 7.03652
128.333 0.698087 -0.295997 7.03652
128.333 -0.0114493 -0.721825 7.03652
128.333 -0.409923 -0.00372936 7.03652
128.333 -0.809688 -0.20516 7.03652
128.333 -0.0867888 0.492749 7.03652
128.333 -0.45474 0.363836 0.753335
128.333 0.707236 -0.540386 0.753335
128.333 -0.693505 -0.20662 0.753335
128.333 0.224207 -0.240109 0.753335
128.333 0.0120465 0.512311 7.03652
128.333 0.069813 0.911144 7.03652
128.333 0.309417 -0.301561 0.753335
128.333 -0.287501 0.534395 0.753335
128.333 0.646716 0.168828 0.753335
128.333 -0.498546 -0.631095 7.03652
128.333 0.54261 0.068132 7.03652
128.333 0.669923 -0.58311 7.03652
128.333 -0.507048 -0.261295 0.753335
128.333 0.560511 0.290558 0.753335
128.333 -0.750803 -0.465856 7.03652
128.333 0.45019 0.616774 0.753335
128.333 0.897113 -0.437914 7.03652
128.333 0.811837 0.352246 0.753335
128.333 -0.446833 0.672326 7.03652
128.333 -0.192366 1.00867 0.753335
128.333 0.450553 -0.365169 0.753335
128.333 0.429902 0.849731 0.753335
128.333 -0.523564 -0.206341 0.753335
128.333 -0.518251 -0.840051 7.03652
128.333 0.503345 -0.360215 7.03652
128.333 -0.465188 -0.354721 7.03652
128.333 0.119927 0.60114 0.753335
128.333 -0.188956 -0.317022 0.753335
128.333 0.610571 0.641783 0.753335
128.333 -0.340992 0.0752765 0.753335
128.333 0.935656 -0.0849298 0.753335
128.333 0.530259 0.790577 7.03652
128.333 -0.790295 0.581482 0.753335
128.333 -0.422504 0.0450307 0.753335
128.333 -0.494252 -0.519356 0.753335
128.333 0.623587 0.705242 7.03652
128.333 -0.653285 0.662469 7.03652
128.333 0.0402979 -0.737169 0.753335
128.333 -0.706853 0.0946259 7.03652
128.333 -0.366409 -0.783412 0.753335
128.333 -0.264223 0.377699 0.753335
128.333 -0.870774 -0.462168 7.03652
128.333 -0.418661 -0.0924306 7.03652
128.333 0.837518 0.0813855 7.03652
128.333 -0.387373 -0.466414 7.03652
128.333 -0.165165 -0.68732 0.753335
128.333 -0.565287 0.032708 0.753335
128.333 0.204607 0.333427 0.753335
128.333 -0.387809 -0.0534363 0.753335
128.333 -0.228253 0.1358 0.753335
128.333 -0.115763 0.57293 7.03652
128.333 -0.755711 -0.355716 7.03652
128.333 -0.166583 0.614416 0.753335
128.333 0.286382 0.764235 0.753335
128.333 0.217424 -0.932867 0.753335
128.333 -0.382821 0.886917 7.03652
128.333 0.281723 -0.169726 7.03652
128.333 0.209381 -0.995168 0.753335
128.333 0.702221 0.233204 7.03652
128.333 0.850407 -0.281441 0.753335
128.333 0.369412 0.878896 7.03652
128.333 0.493131 0.000838039 0.753335
128.333 -0.928868 0.181916 0.753335
128.333 -0.548703 -0.605322 0.753335
128.333 -0.162894 -0.399614 0.753335
128.333 0.242651 -0.424579 7.03652
128.333 -0.802053 -0.106033 7.03652
128.333 -0.942691 -0.300069 7.03652
128.333 -0.322036 -0.869574 0.753335
128.333 -0.749802 -0.211119 0.753335
128.333 -0.187412 0.263289 0.753335
128.333 0.0222031 -0.626267 7.03652
128.333 -0.110927 -0.488154 7.03652
128.333 -0.818034 -0.301951 0.753335
128.333 -0.618264 -0.826975 7.03652
128.333 -0.5147 0.0363788 0.753335
128.333 -0.0891695 0.412853 0.753335
128.333 0.462922 -0.508563 0.753335
128.333 -0.617391 0.025249 0.753335
128.333 0.163229 -0.305517 0.753335
128.333 0.302708 -0.0174559 7.03652
128.333 -0.708766 -0.499387 7.03652
128.333 0.709739 0.349093 0.753335
128.333 -0.635397 0.564229 7.03652
128.333 0.123068 -0.363748 0.753335
128.333 -0.568981 -0.714178 7.03652
128.333 0.321641 0.958921 0.753335
128.333 -0.542121 -0.495893 0.753335
128.333 0.174747 0.614217 7.03652
128.333 -0.403161 0.18531 0.753335
128.333 0.503133 -0.300083 7.03652
128.333 0.331067 0.795768 0.753335
128.333 -0.471433 -0.409649 7.03652
128.333 -0.0710842 -0.302875 0.753335
128.333 -0.821867 0.641535 0.753335
128.333 -0.464531 0.310266 7.03652
128.333 0.129979 0.111914 7.03652
128.333 0.407199 0.120041 0.753335
128.333 -0.659324 -0.164342 0.753335
128.333 -0.156224 -0.282295 0.753335
128.333 0.316553 -0.548948 0.753335
128.333 0.833653 -0.440312 0.753335
128.333 -0.656612 -0.345706 0.753335
128.333 0.291089 -0.118262 7.03652
128.333 -0.131952 -1.02014 0.753335
128.333 0.0958159 0.696406 0.753335
128.333 0.659431 0.330457 0.753335
128.333 0.251456 -0.0838762 0.753335
128.333 0.0834427 -0.00553817 0.753335
128.333 -0.635066 0.390281 0.753335
128.333 0.536992 -0.66228 0.753335
128.333 -0.531023 0.241814 0.753335
128.333 0.867166 0.315222 0.753335
128.333 -0.602374 -0.312238 7.03652
128.333 0.48974 -0.557034 7.03652
128.333 0.815298 -0.062025 0.753335
128.333 0.696259 -0.240398 7.03652
128.333 -0.0584855 1.02263 7.03652
128.333 -0.49543 0.905923 0.753335
128.333 -0.545901 0.383144 0.753335
128.333 0.600725 -0.346855 0.753335
128.333 0.694225 -0.184908 0.753335
128.333 -0.0695787 -1.0225 7.03652
128.333 0.503057 0.633586 7.03652
128.333 -0.236 -0.09178 0.753335
128.333 0.437296 -0.709639 0.753335
128.333 0.827068 -0.116661 0.753335
128.333 -0.135992 0.0410848 7.03652
128.333 -0.861461 0.0968117 0.753335
128.333 0.923331 0.360519 0.753335
128.333 -0.446054 -0.542769 0.753335
128.333 0.268593 0.448547 7.03652
128.333 0.771733 0.0473559 7.03652
128.333 0.00227003 -0.576182 0.753335
128.333 0.76143 0.372183 0.753335
128.333 0.205347 -0.100145 7.03652
128.333 0.0759774 0.039821 0.753335
128.333 -0.180636 0.124172 0.753335
128.333 -0.275587 0.148023 0.753335
128.333 0.867955 -0.495148 7.03652
128.333 -0.210775 -0.773051 7.03652
128.333 0.0466164 -1.02555 7.03652
128.333 -0.49751 -0.574425 0.753335
128.333 0.600922 0.58227 0.753335
128.333 0.133005 0.460583 0.753335
128.333 -0.251393 -1.0034 7.03652
128.333 0.0227485 0.311467 7.03652
128.333 -0.482044 -0.798445 0.753335
128.333 0.564665 -0.780167 7.03652
128.333 0.578687 0.407634 0.753335
128.333 -0.202338 -0.202747 7.03652
128.333 0.198363 0.524533 7.03652
128.333 0.314222 -0.252009 0.753335
128.333 -0.375762 0.0381961 7.03652
128.333 0.145959 -1.01418 7.03652
128.333 0.341639 0.286152 0.753335
128.333 0.399392 0.525227 7.03652
128.333 0.299158 0.363135 7.03652
128.333 -0.366894 -0.101971 0.753335
128.333 0.963741 -0.251541 0.753335
128.333 -0.0613118 -0.0372418 0.753335
128.333 0.855978 0.139431 0.753335
128.333 -0.059615 -0.860482 0.753335
128.333 -0.112276 -0.842143 0.753335
128.333 0.165946 0.421308 0.753335
128.333 -0.184322 0.896892 0.753335
128.333 0.160039 -0.0686906 0.753335
128.333 0.496163 -0.462632 0.753335
128.333 0.758477 0.580459 7.03652
128.333 0.457753 0.679109 0.753335
128.333 -0.596966 0.851646 7.03652
128.333 0.182148 0.475054 0.753335
128.333 0.773761 0.638823 0.753335
128.333 -0.722234 0.587067 0.753335
128.333 0.506627 0.154241 0.753335
128.333 -0.557956 -0.244003 7.03652
128.333 -0.654721 -0.511563 7.03652
128.333 -0.774346 -0.056944 0.753335
128.333 -0.514061 0.293339 0.753335
128.333 -0.514626 -0.0652446 7.03652
128.333 0.268257 -0.979341 7.03652
128.333 0.235499 0.486033 0.753335
128.333 0.445775 0.0352185 0.753335
128.333 0.744915 -0.268072 7.03652
128.333 0.223913 0.148998 7.03652
128.333 0.102744 -0.182187 7.03652
128.333 0.307318 0.541942 0.753335
128.333 0.369722 -0.553966 0.753335
128.333 0.0299545 -0.679988 0.753335
128.333 -0.179532 0.386677 0.753335
128.333 0.359507 -0.282512 7.03652
128.333 0.252774 0.874187 0.753335
128.333 0.350155 0.000148465 0.753335
128.333 0.215412 -0.636499 0.753335
128.333 -0.709035 0.250359 7.03652
128.333 -0.0831383 0.762653 0.753335
128.333 0.47561 0.303303 0.753335
128.333 0.395036 -0.882564 0.753335
128.333 -0.023734 0.551694 0.753335
128.333 -0.248986 -0.450766 7.03652
128.333 0.394722 -0.0324783 0.753335
128.333 0.479949 0.36174 0.753335
128.333 -0.668276 -0.659057 0.753335
128.333 0.365315 -0.233688 7.03652
128.333 -0.470269 0.122016 7.03652
128.333 0.0102021 -0.334563 0.753335
128.333 0.270745 0.819903 7.03652
128.333 -0.0416609 -0.44207 0.753335
128.333 -0.410535 -0.276692 7.03652
128.333 -0.691774 0.371634 0.753335
128.333 -0.281135 -0.20978 7.03652
128.333 0.194698 -0.448447 0.753335
128.333 0.396175 -0.750077 0.753335
128.333 -0.213912 -0.829655 0.753335
128.333 -0.810584 -0.564994 0.753335
128.333 -0.544119 -0.665143 7.03652
128.333 -0.139678 0.77156 7.03652
128.333 0.498169 0.524856 7.03652
128.333 0.300337 -0.406966 0.753335
128.333 -0.71714 -0.759446 0.753335
128.333 -0.433111 0.730869 7.03652
128.333 -0.682124 0.206542 0.753335
128.333 -0.604913 0.689935 7.03652
128.333 0.646998 -0.221243 0.753335
128.333 0.5556 0.619516 0.753335
128.333 -0.326406 0.56549 0.753335
128.333 -0.428318 0.272765 7.03652
128.333 0.438281 -0.0655752 0.753335
128.333 0.0264465 -0.285666 7.03652
128.333 0.130898 0.899769 0.753335
128.333 0.990587 -0.00766073 0.753335
128.333 0.264091 -0.271483 7.03652
128.333 0.506007 -0.875587 0.753335
128.333 0.721747 0.413502 7.03652
128.333 0.528244 0.385668 0.753335
128.333 0.696222 0.117763 7.03652
128.333 -0.670696 0.0162361 7.03652
128.333 -0.808751 -0.360103 7.03652
128.333 0.159733 -0.116169 7.03652
128.333 0.526828 -0.417319 7.03652
128.333 0.554434 -0.717475 0.753335
128.333 0.0933564 -0.994071 7.03652
128.333 -0.766864 -0.59983 0.753335
128.333 0.448535 -0.846683 0.753335
128.333 -0.332276 -0.391162 7.03652
128.333 0.236938 -0.478932 7.03652
128.333 -0.0587477 -0.254204 0.753335
128.333 -0.0224858 -0.294288 0.753335
128.333 0.189233 0.667484 0.753335
128.333 0.793809 -0.165335 7.03652
128.333 -0.41153 -0.947467 0.753335
128.333 -0.436214 -0.175955 0.753335
128.333 0.386875 0.422229 7.03652
128.333 -0.0599851 -0.488228 0.753335
128.333 -0.0898124 -0.352421 7.03652
128.333 -0.858089 0.593398 0.753335
128.333 -0.276829 0.644906 0.753335
128.333 0.0267956 0.761319 7.03652
128.333 -0.247146 -0.507024 7.03652
128.333 0.0554122 -0.581927 0.753335
128.333 -0.120036 0.721446 0.753335
128.333 -0.801791 -0.662817 7.03652
128.333 0.330097 0.730171 7.03652
128.333 -0.0327583 0.0580128 0.753335
128.333 -0.862739 -0.105463 0.753335
128.333 -0.738797 0.728888 7.03652
128.333 -0.371158 0.470521 0.753335
128.333 0.773445 -0.442612 0.753335
128.333 0.479639 -0.654552 0.753335
128.333 0.857155 -0.0158427 0.753335
128.333 0.52125 0.327544 0.753335
128.333 -0.571373 -0.112888 7.03652
128.333 0.371083 -0.643446 0.753335
128.333 -0.603338 -0.155941 0.753335
128.333 -1.01637 0.262483 0.753335
128.333 0.345965 0.339512 7.03652
128.333 -0.145442 -0.960474 0.753335
128.333 0.240874 0.247533 0.753335
128.333 -0.392701 -0.680795 0.753335
128.333 -0.54623 -0.549237 0.753335
128.333 0.300745 0.907281 7.03652
128.333 0.601017 0.087328 0.753335
128.333 0.884906 0.0332748 0.753335
128.333 -0.1988 0.449389 7.03652
128.333 -0.232749 0.732352 0.753335
128.333 0.00422489 -0.196998 0.753335
128.333 -1.03887 0.139394 7.03652
128.333 -0.0226556 0.867532 7.03652
128.333 -0.241602 -0.396549 0.753335
128.333 -0.704739 -0.310828 7.03652
128.333 -0.996172 0.32208 7.03652
128.333 -0.401173 -0.14074 0.753335
128.333 0.711726 0.625064 0.753335
128.333 -0.439807 -0.703016 7.03652
128.333 -0.870913 0.201234 0.753335
128.333 -0.0142385 0.60847 0.753335
128.333 -0.201069 -0.429042 0.753335
128.333 -0.0818378 -0.0826861 7.03652
128.333 0.569166 -0.102336 7.03652
128.333 0.798727 -0.386192 7.03652
128.333 0.328628 -0.892238 7.03652
128.333 0.940163 0.0282309 0.753335
128.333 0.294532 0.691763 0.753335
128.333 -0.921921 -0.354686 0.753335
128.333 -0.108556 -0.263673 7.03652
128.333 -0.064581 0.589714 0.753335
128.333 0.500328 0.10346 0.753335
128.333 0.584168 0.74781 0.753335
128.333 0.733825 -0.595566 7.03652
128.333 0.809512 0.29127 7.03652
128.333 -0.161043 -0.7456 0.753335
128.333 0.603757 0.255126 7.03652
128.333 0.590061 0.812702 7.03652
128.333 0.434535 0.336302 0.753335
128.333 -0.339489 0.785993 0.753335
128.333 -0.0865634 -0.96611 7.03652
128.333 0.892428 0.0929573 0.753335
128.333 -0.677455 0.424511 0.753335
128.333 0.552765 0.174975 0.753335
128.333 -0.067653 0.367734 0.753335
128.333 0.860173 -0.385364 0.753335
128.333 0.681462 -0.389346 0.753335
128.333 -0.908489 -0.414111 0.753335
128.333 0.0911837 -0.462974 0.753335
128.333 -0.212091 0.577219 0.753335
128.333 -0.427225 0.466437 7.03652
128.333 0.923966 -0.378807 7.03652
128.333 0.295679 0.489627 0.753335
128.333 -0.424068 -0.810824 0.753335
128.333 -0.438733 0.936417 7.03652
128.333 0.399748 -0.598127 0.753335
128.333 0.464952 -0.208374 0.753335
128.333 0.555866 0.232551 7.03652
128.333 -0.282803 -0.915438 0.753335
128.333 -0.669122 -0.456649 0.753335
128.333 -0.0306476 -0.619268 0.753335
128.333 -1.05026 0.0138346 0.753335
128.333 -0.0362909 0.221802 7.03652
128.333 -0.00984109 -0.245301 0.753335
128.333 0.2988 0.412656 0.753335
128.333 0.233839 -0.18786 0.753335
128.333 0.747206 0.147941 0.753335
128.333 0.580955 -0.518703 0.753335
128.333 -0.608551 -0.257174 0.753335
128.333 0.946778 0.308615 0.753335
128.333 -0.0647226 -0.694516 0.753335
128.333 0.259498 -0.320638 0.753335
128.333 0.422352 0.223329 7.03652
128.333 -0.545476 0.192131 0.753335
128.333 -0.0743428 0.539297 0.753335
128.333 0.197772 -0.822289 0.753335
128.333 -0.672878 0.606871 7.03652
128.333 -0.613242 -0.476001 7.03652
128.333 0.114276 -0.596095 7.03652
128.333 -0.985889 0.0978773 0.753335
128.333 0.987468 -0.127627 0.753335
128.333 -0.831136 -0.056359 0.753335
128.333 0.407561 -0.320108 7.03652
128.333 -0.0889386 0.678423 0.753335
128.333 -0.478078 0.255984 0.753335
128.333 -0.689451 -0.118842 0.753335
128.333 0.97247 0.186701 0.753335
128.333 0.0427665 -0.791922 0.753335
128.333 -0.71897 0.0385191 7.03652
128.333 0.852826 -0.224591 0.753335
128.333 -0.475901 0.836993 7.03652
128.333 0.138547 -0.219784 0.753335
128.333 0.447928 -0.910202 0.753335
128.333 -0.161623 0.0816155 0.753335
128.333 0.33672 -0.727274 0.753335
128.333 -0.0008248 0.092723 0.753335
128.333 -0.206635 -0.145631 7.03652
128.333 0.346096 -0.503776 0.753335
128.333 -0.312788 0.216046 0.753335
128.333 -0.007584 -0.833785 0.753335
128.333 -0.215052 0.949497 0.753335
128.333 -0.893886 0.542006 0.753335
128.333 -0.620408 -0.691911 0.753335
128.333 -0.515576 0.760037 7.03652
128.333 0.652268 -0.439292 0.753335
128.333 -0.519678 -0.899175 7.03652
128.333 0.371886 0.694 0.753335
128.333 0.875522 -0.0660581 7.03652
128.333 0.00856229 0.917308 0.753335
128.333 -0.0894145 0.969625 0.753335
128.333 -0.654104 -0.737972 7.03652
128.333 -0.299003 -0.634927 0.753335
128.333 -0.252427 -0.557827 7.03652
128.333 0.490414 0.470719 0.753335
128.333 -0.728838 0.333865 0.753335
128.333 -0.493811 -0.160379 0.753335
128.333 -0.0594274 -0.805296 0.753335
128.333 0.976288 -0.19197 7.03652
128.333 0.19019 0.88778 0.753335
128.333 -0.498396 -0.69345 7.03652
128.333 0.388728 0.472467 0.753335
128.333 0.255436 0.531514 0.753335
128.333 0.307367 0.0331719 7.03652
128.333 0.322951 -0.663402 0.753335
128.333 -0.527479 -0.74901 0.753335
128.333 0.2729 0.164974 7.03652
128.333 -0.191117 0.768717 0.753335
128.333 -0.136446 -0.538794 0.753335
128.333 0.195939 -0.56644 0.753335
128.333 -0.131852 0.137975 0.753335
128.333 0.0392709 -0.237725 0.753335
128.333 -0.178384 -0.917474 0.753335
128.333 0.823656 0.0309765 7.03652
128.333 0.768388 0.524179 0.753335
128.333 0.145692 -0.846335 0.753335
128.333 -0.648944 0.336022 7.03652
128.333 0.815986 0.578199 7.03652
128.333 -0.86183 0.486698 7.03652
128.333 0.141489 -0.79238 0.753335
128.333 0.641975 -0.165108 7.03652
128.333 0.416213 -0.221478 0.753335
128.333 -0.906189 -0.234359 0.753335
128.333 -0.703003 -0.700893 0.753335
128.333 -0.440862 -0.490165 7.03652
128.333 -0.227815 -0.949016 0.753335
128.333 0.261867 -0.862152 0.753335
128.333 -0.226867 0.624136 0.753335
128.333 0.0778588 -0.695376 7.03652
128.333 -0.482144 0.456166 7.03652
128.333 -0.317428 0.115728 7.03652
128.333 0.612277 -0.733565 0.753335
128.333 -0.365065 0.348553 0.753335
128.333 -0.334664 -0.196056 7.03652
128.333 -0.343281 -0.496862 0.753335
128.333 0.0597858 0.806235 0.753335
128.333 -0.0180937 -0.388433 0.753335
128.333 0.547704 -0.0394792 7.03652
128.333 0.00572122 -0.104237 0.753335
128.333 0.281932 0.636591 7.03652
128.333 -0.112623 0.623224 7.03652
128.333 0.10601 0.550656 0.753335
128.333 0.346525 -0.0501236 0.753335
128.333 0.745622 -0.20843 0.753335
128.333 0.795691 -0.277264 7.03652
128.333 0.835061 -0.551287 7.03652
128.333 0.12211 -0.0377904 0.753335
128.333 -0.843552 0.322889 7.03652
128.333 -0.36378 0.141679 7.03652
128.333 -0.0652986 -0.396772 0.753335
128.333 -0.53373 0.5468 0.753335
128.333 -0.414445 0.138234 7.03652
128.333 -0.981745 -0.0182238 7.03652
128.333 0.592118 -0.01309 7.03652
128.333 -0.213867 0.0861434 7.03652
128.333 0.903925 0.269504 0.753335
128.333 0.514517 0.267636 0.753335
128.333 -0.526587 0.603764 7.03652
128.333 0.21473 0.5723 0.753335
128.333 -0.422363 -0.384858 0.753335
128.333 -0.721763 -0.0702436 0.753335
128.333 0.0561246 -0.0968393 7.03652
128.333 -1.00819 -0.28924 7.03652
128.333 0.621467 -0.796181 7.03652
128.333 -0.909091 -0.517093 7.03652
128.333 0.00576211 0.251983 0.753335
128.333 0.569137 0.349613 0.753335
128.333 0.332265 0.234991 0.753335
128.333 -0.159905 0.34161 0.753335
128.333 0.186834 -0.205084 0.753335
128.333 0.469644 -0.15497 7.03652
128.333 -0.608817 -0.367007 7.03652
128.333 -0.806492 0.275481 0.753335
128.333 0.0253655 -0.531864 7.03652
128.333 -0.389963 0.517024 0.753335
128.333 -0.0364036 0.12549 7.03652
128.333 0.435188 0.3931 7.03652
128.333 0.371225 0.617432 7.03652
128.333 -0.10914 0.332792 7.03652
128.333 0.510247 -0.760009 0.753335
128.333 -0.0535863 0.713575 7.03652
128.333 -0.161016 -0.803785 7.03652
128.333 0.00975315 0.391452 0.753335
128.333 0.598482 -0.189913 7.03652
128.333 0.40968 -0.271103 0.753335
128.333 -0.993616 -0.0747734 7.03652
128.333 -0.838711 0.43525 0.753335
128.333 0.744486 0.469968 0.753335
128.333 0.0420677 0.355505 0.753335
128.333 0.886219 -0.329306 7.03652
128.333 -0.846597 -0.517904 0.753335
128.333 0.354328 0.0512418 0.753335
128.333 -0.431782 -0.439338 0.753335
128.333 0.289776 -0.595666 7.03652
128.333 0.255145 -0.0341496 0.753335
128.333 0.281417 0.214218 0.753335
128.333 0.355389 -0.33104 0.753335
128.333 0.171681 -0.662859 0.753335
128.333 0.251221 0.348256 7.03652
128.333 0.288688 -0.705757 0.753335
128.333 -0.406507 -0.885421 0.753335
128.333 -0.0223326 -0.957162 0.753335
128.333 -0.394315 -0.518572 7.03652
128.333 0.289854 -0.502712 0.753335
128.333 -0.834633 0.153568 0.753335
128.333 0.639947 0.772912 0.753335
128.333 0.561164 -0.838927 0.753335
128.333 -0.334488 0.310646 0.753335
128.333 0.233265 0.929242 7.03652
128.333 0.397633 0.0180499 7.03652
128.333 0.339024 -0.602613 7.03652
128.333 -0.316259 0.616066 0.753335
128.333 -0.59412 -0.642093 0.753335
128.333 0.106723 0.957727 0.753335
128.333 0.421555 0.720036 0.753335
128.333 0.0438042 0.690024 0.753335
128.333 0.204801 0.993725 0.753335
128.333 -0.110479 -0.7843 7.03652
128.333 -0.259153 -0.130116 0.753335
128.333 0.451696 0.553562 0.753335
128.333 -0.14936 -0.35009 0.753335
128.333 0.930309 -0.15079 0.753335
128.333 0.197337 0.382424 0.753335
128.333 0.322181 -0.202144 0.753335
128.333 0.0467236 0.477948 0.753335
128.333 0.484083 0.417219 0.753335
128.333 0.485346 0.880159 0.753335
128.333 -0.014485 0.66713 0.753335
128.333 -0.338032 0.256984 0.753335
128.333 -0.922218 -0.177071 0.753335
128.333 -0.284094 -0.0777245 7.03652
128.333 0.0889618 -0.230307 7.03652
128.333 -0.238322 -0.235005 7.03652
128.333 -0.115505 0.0911787 7.03652
128.333 -0.575762 -0.865503 7.03652
128.333 -0.519591 -0.429535 0.753335
128.333 -0.471322 -0.747045 7.03652
128.333 -0.176645 0.823275 0.753335
128.333 0.172088 0.0333555 0.753335
128.333 -0.97184 0.222617 0.753335
128.333 -0.780318 0.688973 7.03652
128.333 0.883728 -0.121473 0.753335
128.333 0.25019 -0.803996 0.753335
128.333 0.172162 0.0822586 0.753335
128.333 0.546415 -0.327544 0.753335
128.333 -0.219324 -0.665997 7.03652
128.333 -0.347583 0.396877 0.753335
128.333 -0.114847 -0.677529 0.753335
128.333 0.0839338 0.0888121 7.03652
128.333 -0.120038 -0.313711 0.753335
128.333 0.107641 -0.413998 0.753335
128.333 0.181628 0.181943 0.753335
128.333 -0.211012 -0.584922 0.753335
128.333 0.494596 0.0512075 7.03652
128.333 -0.239586 0.792332 7.03652
128.333 0.680073 -0.488339 0.753335
128.333 0.632538 0.0260925 0.753335
128.333 0.295212 -0.769495 0.753335
128.333 -0.645124 0.809581 7.03652
128.333 0.904975 0.420452 7.03652
128.333 0.00690112 -0.432469 7.03652
128.333 -0.0997816 0.282257 0.753335
128.333 0.565639 -0.154742 0.753335
128.333 0.142344 1.0069 0.753335
128.333 -1.03488 -0.165355 0.753335
128.333 -0.586002 -0.0178215 7.03652
128.333 -0.320651 -0.241074 7.03652
128.333 -0.136014 0.242942 0.753335
128.333 0.0918801 -0.754201 7.03652
128.333 -0.633272 -0.116274 7.03652
128.333 -0.0218926 -0.154502 0.753335
128.333 -0.190559 0.663127 0.753335
128.333 0.346527 0.502801 0.753335
128.333 -0.310182 0.354466 0.753335
128.333 0.315325 0.133987 0.753335
128.333 -0.293272 -0.475817 0.753335
128.333 -0.867854 0.374536 0.753335
128.333 -0.0865945 0.0464119 7.03652
128.333 -0.69763 0.14891 0.753335
128.333 0.754714 -0.053576 0.753335
