74.3333 -0.904259 0.310276 0.753335
74.3333 0.6567 -0.68442 0.753335
74.3333 -0.448283 -0.59235 7.03652
74.3333 -0.40917 0.822966 0.753335
74.3333 -0.261134 -0.0334512 0.753335
74.3333 -1.04605 -0.0423127 7.03652
74.3333 -0.860665 -0.388058 0.753335
74.3333 -0.427086 0.566319 0.753335
74.3333 0.00666474 0.144872 0.753335
74.3333 0.740645 -0.497095 0.753335
74.3333 0.0733894 0.393116 7.03652
74.3333 -0.0235042 0.973745 0.753335
74.3333 -0.435684 0.877696 7.03652
74.3333 -0.337567 -0.0653227 0.753335
74.3333 -0.116299 0.457914 7.03652
74.3333 0.420204 -0.170518 0.753335
74.3333 0.458943 -0.31752 7.03652
74.3333 -1.0275 -0.227308 7.03652
74.3333 -0.97627 -0.129455 0.753335
74.3333 -0.282749 0.936741 0.753335
74.3333 0.0902923 0.195124 7.03652
74.3333 -0.834589 -0.155779 7.03652
74.3333 -0.170876 0.169499 0.753335
74.3333 -0.760765 0.284445 7.03652
74.3333 0.95495 0.0914875 0.753335
74.3333 0.430938 0.911759 0.753335
74.3333 -0.190388 0.5228 7.03652
74.3333 -0.871615 -0.191194 0.753335
74.3333 -0.175984 0.215397 0.753335
74.3333 -0.70559 0.656807 0.753335
74.3333 0.0663549 -0.520665 0.753335
74.3333 0.0483542 -0.186444 7.03652
74.3333 -0.0919956 -0.00481949 7.03652
74.3333 -0.139534 -0.00319709 7.03652
74.3333 -0.388033 0.949874 0.753335
74.3333 -0.574396 0.583237 0.753335
74.3333 0.0667075 -0.318641 7.03652
74.3333 -0.0665325 0.0906774 7.03652
74.3333 -0.59695 -0.758964 0.753335
74.3333 0.753076 0.257076 0.753335
74.3333 -0.352263 -0.914845 0.753335
74.3333 0.159798 -0.953841 0.753335
74.3333 -0.688576 0.48263 7.03652
74.3333 0.216656 -0.346061 0.753335
74.3333 0.627374 -0.626659 7.03652
74.3333 -0.11696 0.918607 7.03652
74.3333 0.668417 0.662224 0.753335
74.3333 -0.0252937 -0.0764968 7.03652
74.3333 0.73346 -0.00213564 7.03652
74.3333 0.147759 -0.73553 0.753335
74.3333 0.603599 0.308501 0.753335
74.3333 -0.611016 0.0759671 0.753335
74.3333 -0.780797 -0.261005 7.03652
74.3333 0.426915 -0.555305 7.03652
74.3333 0.0682127 0.591538 0.753335
74.3333 0.0966019 0.856185 0.753335
74.3333 -0.50768 -0.317826 7.03652
74.3333 0.527455 0.740601 0.753335
74.3333 0.428473 -0.119272 0.753335
74.3333 -0.62049 0.287442 0.753335
74.3333 -0.344415 -0.655993 0.753335
74.3333 -0.337487 0.509127 7.03652
74.3333 -0.346722 0.838693 7.03652
74.3333 0.672054 -0.74779 0.753335
74.3333 -0.35935 0.203433 0.753335
74.3333 -0.452812 -0.127405 7.03652
74.3333 0.268559 -0.22377 7.03652
74.3333 0.203938 -0.396251 0.753335
74.3333 0.521539 -0.083901 0.753335
74.3333 0.0727211 -0.141234 0.753335
74.3333 0.319736 0.857601 0.753335
74.3333 -0.304417 -0.972683 0.753335
74.3333 -0.913642 0.241812 0.753335
74.3333 -0.0284731 0.76774 7.03652
74.3333 0.0834853 0.137642 0.753335
74.3333 -0.248371 -0.618695 7.03652
74.3333 0.547836 -0.271274 0.753335
74.3333 0.410126 0.654186 0.753335
74.3333 0.266512 0.974972 0.753335
74.3333 -0.954203 0.283642 0.753335
74.3333 -0.227042 0.844857 7.03652
74.3333 0.468365 0.238678 7.03652
74.3333 -0.0312955 -0.534233 0.753335
74.3333 -0.563702 -0.451361 7.03652
74.3333 0.314517 0.0841236 0.753335
74.3333 -0.866149 -0.333057 0.753335
74.3333 0.262272 0.0132009 7.03652
74.3333 -0.480601 0.560758 7.03652
74.3333 0.79063 -0.215651 0.753335
74.3333 -0.00561253 -0.895133 0.753335
74.3333 0.330786 -0.458872 0.753335
74.3333 -0.214659 -0.0489066 0.753335
74.3333 -0.294494 0.69474 7.03652
74.3333 0.389808 0.314606 0.753335
74.3333 0.260668 -0.376443 0.753335
74.3333 0.283004 -0.452004 0.753335
74.3333 0.773123 -0.109265 7.03652
74.3333 0.197587 -0.759671 7.03652
74.3333 -0.755286 0.131562 0.753335
74.3333 0.194774 -0.703216 0.753335
74.3333 0.0425457 0.968266 7.03652
74.3333 0.709423 -0.44409 0.753335
74.3333 0.768691 -0.32602 0.753335
74.3333 -0.43872 0.2204 0.753335
74.3333 0.212979 -0.514828 0.753335
74.3333 -0.287394 -0.421692 7.03652
74.3333 -0.244998 0.0506738 7.03652
74.3333 0.646692 -0.0289794 7.03652
74.3333 0.228095 0.626153 0.753335
74.3333 -0.437986 -0.0415262 0.753335
74.3333 0.489573 -0.707321 0.753335
74.3333 -0.275158 -0.266197 7.03652
74.3333 0.000201477 0.717309 0.753335
74.3333 -0.0164001 0.300606 0.753335
74.3333 0.210091 -0.868255 0.753335
74.3333 0.330827 0.446607 0.753335
74.3333 -0.504373 0.661174 0.753335
74.3333 0.755122 0.313713 0.753335
74.3333 0.552667 -0.465362 7.03652
74.3333 -0.563631 0.646627 0.753335
74.3333 -0.0218105 -0.668957 0.753335
74.3333 0.570098 -0.61223 0.753335
74.3333 -0.16188 0.566436 0.753335
74.3333 -0.0518207 0.269235 7.03652
74.3333 -0.209109 -0.722808 7.03652
74.3333 -0.756941 -0.311103 7.03652
74.3333 -0.109568 -0.177992 0.753335
74.3333 -0.492287 0.505185 7.03652
74.3333 -0.544866 0.86684 7.03652
74.3333 -0.194481 -0.101223 0.753335
74.3333 0.597699 -0.674965 0.753335
74.3333 -0.140832 -0.0952701 0.753335
74.3333 -0.651798 0.168331 0.753335
74.3333 -0.0148205 -1.01698 7.03652
74.3333 -0.923323 -0.0125081 7.03652
74.3333 0.149963 0.254353 7.03652
74.3333 -0.0866763 0.230595 0.753335
74.3333 0.851149 0.251969 0.753335
74.3333 0.720628 0.691699 0.753335
74.3333 0.315314 0.307501 0.753335
74.3333 0.168707 -0.356097 0.753335
74.3333 -0.447571 -0.649908 7.03652
74.3333 -0.433607 0.0948958 7.03652
74.3333 -0.160831 -0.583007 7.03652
74.3333 0.0712794 0.74244 0.753335
74.3333 -0.615059 -0.424554 0.753335
74.3333 0.852008 0.51755 0.753335
74.3333 -0.997784 0.0379342 7.03652
74.3333 -0.701477 0.771748 7.03652
74.3333 0.514039 -0.187695 0.753335
74.3333 0.679097 -0.13153 7.03652
74.3333 -0.089446 0.138156 0.753335
74.3333 -0.468383 -0.0809903 0.753335
74.3333 0.269278 0.580143 0.753335
74.3333 0.55226 -0.218192 7.03652
74.3333 -0.0160585 0.352332 0.753335
74.3333 -0.104301 -0.13122 7.03652
74.3333 0.374772 0.932267 7.03652
74.3333 0.258788 0.309776 0.753335
74.3333 -0.269937 0.586363 0.753335
74.3333 -0.118691 -0.047152 7.03652
74.3333 -0.107351 -0.589822 0.753335
74.3333 0.807807 -0.495626 7.03652
74.3333 -0.741772 0.479504 0.753335
74.3333 0.398323 -0.514531 7.03652
74.3333 0.589956 -0.430104 0.753335
74.3333 -0.0608011 0.321538 7.03652
74.3333 0.11542 -0.641086 0.753335
74.3333 -0.0551092 -0.113409 7.03652
74.3333 0.546614 0.00663487 0.753335
74.3333 0.699226 -0.0474821 0.753335
74.3333 0.245558 -0.685369 7.03652
74.3333 0.210958 0.440191 0.753335
74.3333 -0.927425 0.10435 0.753335
74.3333 -0.54536 -0.155932 7.03652
74.3333 -0.138868 0.865615 0.753335
74.3333 0.0741049 -0.2706 0.753335
74.3333 0.318045 -0.958377 0.753335
74.3333 -0.979888 -0.189505 7.03652
74.3333 -0.260791 -0.731899 0.753335
74.3333 0.632448 0.428316 7.03652
74.3333 -0.668787 -0.0745165 0.753335
74.3333 0.00916984 0.200784 0.753335
74.3333 -0.682106 0.541306 0.753335
74.3333 -0.976645 0.377096 7.03652
74.3333 -0.506822 0.802484 7.03652
74.3333 -0.474222 0.0630686 7.03652
74.3333 -0.828574 0.547188 7.03652
74.3333 0.0792181 1.01666 7.03652
74.3333 -0.635461 0.218479 0.753335
74.3333 -0.552645 -0.796014 0.753335
74.3333 0.680552 0.0101201 0.753335
74.3333 -0.32815 -0.28741 0.753335
74.3333 0.0288989 -0.0495526 0.753335
74.3333 -0.585346 0.753444 0.753335
74.3333 0.750083 0.0937315 0.753335
74.3333 -0.486858 -0.0257392 7.03652
74.3333 0.643872 -0.532483 0.753335
74.3333 0.595213 -0.292735 0.753335
74.3333 -0.513066 -0.11472 7.03652
74.3333 -1.02986 0.197915 7.03652
74.3333 0.907955 -0.204429 0.753335
74.3333 0.351828 -0.376482 0.753335
74.3333 -0.167624 -0.0562112 0.753335
74.3333 -0.352686 -0.601797 7.03652
74.3333 -0.00377203 0.451616 0.753335
74.3333 0.446633 0.0875901 0.753335
74.3333 0.440993 0.283214 0.753335
74.3333 -0.403649 0.372749 0.753335
74.3333 0.456671 -0.762788 0.753335
74.3333 -0.241034 0.537296 0.753335
74.3333 -0.163422 0.48139 0.753335
74.3333 0.589115 0.465251 0.753335
74.3333 -0.812473 0.222705 7.03652
74.3333 0.0371907 -0.000140681 7.03652
74.3333 0.534359 0.85345 7.03652
74.3333 -0.291099 -0.161021 0.753335
74.3333 -0.456247 0.171813 0.753335
74.3333 0.0938365 0.499403 0.753335
74.3333 -0.0338113 0.495164 0.753335
74.3333 -0.542848 0.699994 0.753335
74.3333 0.66361 0.0702344 7.03652
74.3333 0.857811 -0.167443 0.753335
74.3333 -0.704519 -0.606466 7.03652
74.3333 -0.492229 -0.469589 0.753335
74.3333 0.149156 0.705773 0.753335
74.3333 0.361363 0.153315 7.03652
74.3333 0.563613 -0.380849 0.753335
74.3333 0.69685 0.172478 0.753335
74.3333 -0.19122 -0.629876 0.753335
74.3333 -0.73941 0.534786 0.753335
74.3333 0.0687171 -0.638188 0.753335
74.3333 -0.455 -0.252008 0.753335
74.3333 -0.362045 -0.0117439 0.753335
74.3333 -0.409811 -0.751051 0.753335
74.3333 -0.889559 0.0493876 0.753335
74.3333 -0.603007 -0.531282 7.03652
74.3333 -0.598013 -0.584364 7.03652
74.3333 0.370637 0.754815 7.03652
74.3333 -0.22679 0.229749 7.03652
74.3333 0.116132 -0.311852 0.753335
74.3333 -0.471276 0.614829 0.753335
74.3333 -0.132413 1.01654 7.03652
74.3333 0.655233 0.545861 0.753335
74.3333 0.126597 0.394943 0.753335
74.3333 -1.04399 -0.104108 0.753335
74.3333 0.743879 -0.400343 0.753335
74.3333 0.682003 0.455131 7.03652
74.3333 -0.902727 -0.127788 0.753335
74.3333 0.545988 -0.556622 0.753335
74.3333 -0.291658 0.294617 7.03652
74.3333 -0.809086 0.387641 0.753335
74.3333 0.300136 -0.0715824 0.753335
74.3333 -0.878095 -0.281307 7.03652
74.3333 -0.46181 -0.300444 7.03652
74.3333 0.475316 -0.103058 0.753335
74.3333 0.229007 0.778049 0.753335
74.3333 0.39616 0.262567 7.03652
74.3333 0.872794 0.463226 0.753335
74.3333 -0.343879 -0.147242 0.753335
74.3333 0.604208 -0.568298 7.03652
74.3333 0.419451 -0.806478 7.03652
74.3333 -0.219433 0.180156 0.753335
74.3333 -0.124206 0.37889 7.03652
74.3333 0.0050234 0.817474 7.03652
74.3333 0.137622 0.209576 0.753335
74.3333 0.392622 -0.0828575 0.753335
74.3333 0.433164 -0.652476 7.03652
74.3333 -0.155664 -0.186167 0.753335
74.3333 -0.65014 0.115144 0.753335
74.3333 -0.269327 -0.850425 7.03652
74.3333 -0.360177 -0.723416 0.753335
74.3333 0.173062 -0.259658 0.753335
74.3333 -0.399758 -0.624146 7.03652
74.3333 -0.588918 0.235921 0.753335
74.3333 -0.334467 0.910601 7.03652
74.3333 0.919385 0.156356 0.753335
74.3333 0.172443 0.139285 7.03652
74.3333 -0.171484 0.715892 7.03652
74.3333 -0.350703 -0.547713 0.753335
74.3333 -0.700154 -0.02806 0.753335
74.3333 -0.442336 0.414887 7.03652
74.3333 -0.242956 0.682975 7.03652
74.3333 0.404424 0.174849 0.753335
74.3333 0.741436 -0.155917 7.03652
74.3333 -0.720463 -0.166976 0.753335
74.3333 0.65968 0.599904 0.753335
74.3333 -0.079376 0.183875 7.03652
74.3333 0.391744 0.370095 0.753335
74.3333 0.800948 0.108425 7.03652
74.3333 0.175332 -0.604996 0.753335
74.3333 -0.805078 -0.481137 0.753335
74.3333 0.457045 0.183362 7.03652
74.3333 -0.202086 -0.36798 0.753335
74.3333 -0.986843 -0.341508 7.03652
74.3333 -0.824682 -0.428375 7.03652
74.3333 -0.639603 0.749474 0.753335
74.3333 0.493998 -0.0437186 7.03652
74.3333 0.581401 0.0479186 0.753335
74.3333 -0.284985 0.485219 0.753335
74.3333 -0.839154 -0.620784 0.753335
74.3333 0.620894 0.369489 7.03652
74.3333 0.0544931 0.268781 0.753335
74.3333 0.499132 0.583665 0.753335
74.3333 -0.266266 0.19754 0.753335
74.3333 0.0997575 0.351421 0.753335
74.3333 -0.329264 0.0258579 7.03652
74.3333 0.371269 -0.702387 7.03652
74.3333 0.208502 -0.0459055 0.753335
74.3333 0.554815 0.109337 0.753335
74.3333 -0.414289 -0.220954 0.753335
74.3333 -0.942451 -0.462581 7.03652
74.3333 0.171714 0.780483 0.753335
74.3333 0.639013 0.490251 0.753335
74.3333 -0.37728 -0.411915 0.753335
74.3333 0.334679 0.65115 0.753335
74.3333 -0.378534 -0.188506 0.753335
74.3333 -0.140462 0.666508 0.753335
74.3333 -0.361712 -0.971563 0.753335
74.3333 -0.793394 0.504341 7.03652
74.3333 0.0993686 0.248416 0.753335
74.3333 -0.534875 -0.0120549 0.753335
74.3333 -0.240722 -0.179679 0.753335
74.3333 0.0771324 0.642372 0.753335
74.3333 -0.257422 0.327376 0.753335
74.3333 -0.371973 -0.305185 0.753335
74.3333 0.904361 -0.262279 7.03652
74.3333 -0.920505 0.487367 0.753335
74.3333 -0.598942 0.179051 7.03652
74.3333 -0.297649 -0.527409 0.753335
74.3333 -0.316708 -0.81295 0.753335
74.3333 0.2294 0.196488 0.753335
74.3333 0.716854 -0.701775 0.753335
74.3333 -0.00675604 -0.487596 7.03652
74.3333 -0.666006 -0.251219 0.753335
74.3333 0.596393 0.526485 0.753335
74.3333 -0.566594 0.80576 0.753335
74.3333 0.801748 0.22402 0.753335
74.3333 0.267121 0.111347 0.753335
74.3333 0.0400545 0.110209 0.753335
74.3333 -0.662368 0.261206 7.03652
74.3333 -0.462513 0.013458 7.03652
74.3333 0.116328 -0.081314 7.03652
74.3333 0.240724 -0.136562 0.753335
74.3333 -0.37074 0.613155 0.753335
74.3333 -0.388826 0.243028 7.03652
74.3333 -0.263346 -0.790824 0.753335
74.3333 0.77267 -0.546846 0.753335
74.3333 -0.202571 -0.478891 7.03652
74.3333 0.0481216 0.16816 0.753335
74.3333 -0.229888 -0.288216 7.03652
74.3333 -0.663285 0.0629083 0.753335
74.3333 0.220245 0.100947 7.03652
74.3333 0.459417 0.136454 0.753335
74.3333 -0.334121 -0.444605 7.03652
74.3333 0.209605 0.82953 7.03652
74.3333 0.14812 0.344954 7.03652
74.3333 0.0944503 0.439404 0.753335
74.3333 -0.306434 -0.114473 7.03652
74.3333 -0.788335 0.443422 0.753335
74.3333 0.803777 0.165807 0.753335
74.3333 -0.265913 0.995274 0.753335
74.3333 -0.0567331 0.44964 0.753335
74.3333 0.0394715 0.8633 0.753335
74.3333 0.253946 0.728032 0.753335
74.3333 0.167395 -0.496307 0.753335
74.3333 0.361135 0.557061 0.753335
74.3333 -0.752379 0.378673 0.753335
74.3333 0.604648 -0.0630377 0.753335
74.3333 0.434908 0.446157 7.03652
74.3333 -0.889517 -0.0573419 0.753335
74.3333 0.789116 -0.0108429 0.753335
74.3333 -0.420326 0.32332 0.753335
74.3333 -0.0573201 -0.578093 0.753335
74.3333 0.102067 -0.938249 7.03652
74.3333 -0.1467 0.29104 7.03652
74.3333 -0.540932 0.490985 0.753335
74.3333 -0.277292 0.752262 7.03652
74.3333 -0.705706 -0.36574 0.753335
74.3333 0.474027 -0.413277 0.753335
74.3333 -0.376423 0.558781 0.753335
74.3333 0.247348 -0.741032 0.753335
74.3333 -0.035411 0.404867 7.03652
74.3333 0.403385 -0.367399 0.753335
74.3333 -0.646121 -0.294714 7.03652
74.3333 -0.259948 0.441601 7.03652
74.3333 -0.190617 -0.25493 0.753335
74.3333 -0.587812 0.468953 0.753335
74.3333 0.217054 0.285055 7.03652
74.3333 -0.146794 -0.44544 0.753335
74.3333 -0.772211 -0.415186 7.03652
74.3333 -0.304188 -0.580591 0.753335
74.3333 -0.0530809 0.923678 0.753335
74.3333 -0.0524752 0.819086 7.03652
74.3333 -0.501502 0.34895 7.03652
74.3333 0.569239 0.679777 0.753335
74.3333 -0.0784513 0.871448 7.03652
74.3333 0.699721 0.509863 0.753335
74.3333 -0.937337 -0.0815981 0.753335
74.3333 -0.443004 0.514726 0.753335
74.3333 0.457408 -0.264649 7.03652
74.3333 -0.374588 -0.83964 7.03652
74.3333 0.61583 -0.119087 0.753335
74.3333 -0.765018 -0.71177 7.03652
74.3333 0.0373768 -0.96409 7.03652
74.3333 -0.643368 -0.611635 7.03652
74.3333 0.657246 -0.0830922 7.03652
74.3333 -0.389772 0.421153 7.03652
74.3333 -1.0474 0.0803291 0.753335
74.3333 -0.0867655 -0.535929 0.753335
74.3333 -0.420932 0.619316 0.753335
74.3333 0.536463 0.444488 0.753335
74.3333 0.214417 -0.295598 0.753335
74.3333 -0.73271 0.424985 0.753335
74.3333 0.355672 -0.789959 0.753335
74.3333 -0.588766 0.352864 7.03652
74.3333 0.153673 0.839604 0.753335
74.3333 -0.200025 0.308968 7.03652
74.3333 -0.756465 0.228565 0.753335
74.3333 0.0920567 -0.817236 0.753335
74.3333 -0.749093 -0.0097015 0.753335
74.3333 -0.898562 0.427094 0.753335
74.3333 0.514665 0.68877 0.753335
74.3333 -0.0116809 -0.0274449 0.753335
74.3333 -0.469269 -0.917297 7.03652
74.3333 -0.278084 0.248898 0.753335
74.3333 0.0256994 0.637072 7.03652
74.3333 -0.721471 -0.262159 7.03652
74.3333 -0.238317 0.278978 0.753335
74.3333 -0.341539 0.667308 7.03652
74.3333 0.0478453 -0.910083 7.03652
74.3333 0.127194 0.0649161 7.03652
74.3333 -0.554717 -0.344894 7.03652
74.3333 -0.971276 -0.399994 7.03652
74.3333 0.824033 -0.332457 0.753335
74.3333 0.0416977 0.431275 0.753335
74.3333 0.306349 -0.353562 0.753335
74.3333 0.503161 -0.243502 7.03652
74.3333 -0.634728 0.446119 7.03652
74.3333 -0.419067 -0.32819 0.753335
74.3333 0.702271 0.285008 7.03652
74.3333 -0.188569 0.0404344 7.03652
74.3333 0.324477 0.184626 0.753335
74.3333 -0.29263 0.868387 0.753335
74.3333 -0.311747 -0.698798 0.753335
74.3333 0.311385 -0.830145 0.753335
74.3333 -0.942169 0.0446579 0.753335
74.3333 0.961264 0.248851 7.03652
74.3333 0.475943 0.807447 7.03652
74.3333 0.126876 0.019595 0.753335
74.3333 0.90886 0.217295 0.753335
74.3333 -0.481404 0.721978 7.03652
74.3333 0.272379 -0.913 7.03652
74.3333 -0.963107 -0.247003 0.753335
74.3333 0.28578 0.267997 0.753335
74.3333 -0.376066 -0.358919 0.753335
74.3333 -0.240568 0.896161 0.753335
74.3333 0.279055 -0.642244 7.03652
74.3333 0.496885 -0.814901 7.03652
74.3333 0.151059 -0.168238 0.753335
74.3333 0.0536506 0.536262 0.753335
74.3333 -0.116697 -0.39282 0.753335
74.3333 -0.0463947 0.00645136 7.03652
74.3333 -0.865938 -0.00110817 0.753335
74.3333 -0.586981 0.526413 7.03652
74.3333 0.998843 0.0514316 7.03652
74.3333 -0.451963 0.780843 7.03652
74.3333 -0.267015 0.100329 0.753335
74.3333 -0.183998 -0.0081868 0.753335
74.3333 -0.923255 0.36231 0.753335
74.3333 -0.240612 -0.33841 7.03652
74.3333 -0.715116 -0.423257 0.753335
74.3333 0.126351 -0.692086 7.03652
74.3333 -0.533868 0.439832 7.03652
74.3333 0.945817 -0.315402 7.03652
74.3333 -0.283212 -0.367629 7.03652
74.3333 0.0761691 -0.0496399 7.03652
74.3333 0.722474 -0.351316 0.753335
74.3333 -0.551551 -0.290435 7.03652
74.3333 -0.223243 0.407719 0.753335
74.3333 0.595358 0.141954 0.753335
74.3333 0.513331 -0.602799 0.753335
74.3333 -0.112341 -0.729605 0.753335
74.3333 -0.15584 -0.139451 0.753335
74.3333 0.337825 0.395766 0.753335
74.3333 0.857248 0.193631 0.753335
74.3333 -0.322385 0.451799 0.753335
74.3333 0.161914 0.565886 7.03652
74.3333 -0.680757 0.710208 7.03652
74.3333 -0.550862 0.131574 0.753335
74.3333 -0.56302 -0.0599699 0.753335
74.3333 0.169064 -0.00986267 7.03652
74.3333 0.678758 0.734422 0.753335
74.3333 -0.787575 0.174647 0.753335
74.3333 0.80027 -0.603235 0.753335
74.3333 -0.95468 0.434372 7.03652
74.3333 0.923095 -0.0251189 7.03652
74.3333 -0.279875 0.0137768 0.753335
74.3333 0.120484 0.296805 7.03652
74.3333 -0.126002 0.188985 7.03652
74.3333 0.076232 0.311102 0.753335
74.3333 0.826996 0.416709 7.03652
74.3333 -0.388556 0.773543 0.753335
74.3333 -0.214542 0.354762 0.753335
74.3333 -0.629184 -0.210404 7.03652
74.3333 0.114523 0.799679 0.753335
74.3333 0.27017 0.0624966 0.753335
74.3333 -0.640238 -0.0298154 0.753335
74.3333 -0.495772 0.20572 7.03652
74.3333 -0.720998 -0.553551 0.753335
74.3333 -0.328758 -0.339595 0.753335
74.3333 0.374722 -0.944185 0.753335
74.3333 -0.661687 -0.559896 7.03652
74.3333 -0.144827 -0.232872 0.753335
74.3333 -0.756648 0.636258 7.03652
74.3333 0.327412 -0.154145 0.753335
74.3333 0.602926 -0.242475 0.753335
74.3333 -0.139849 -0.633306 7.03652
74.3333 -0.228933 0.00521505 0.753335
74.3333 -0.58588 0.413795 7.03652
74.3333 -0.328577 0.734125 0.753335
74.3333 -0.0615541 -0.916036 0.753335
74.3333 -0.738989 -0.653283 7.03652
74.3333 -0.400562 -0.567805 7.03652
74.3333 -0.769236 -0.527809 0.753335
74.3333 0.158475 -0.898075 0.753335
74.3333 -0.0333592 0.176781 0.753335
74.3333 -0.863951 0.264243 7.03652
74.3333 0.773098 0.426282 0.753335
74.3333 -0.109002 0.819091 7.03652
74.3333 -0.295297 0.0632053 0.753335
74.3333 0.146097 0.518633 7.03652
74.3333 0.0980845 -0.556703 0.753335
74.3333 0.222272 0.0534953 7.03652
74.3333 -0.791312 0.334674 7.03652
74.3333 0.0564502 -0.41919 0.753335
74.3333 -0.00877076 -0.778302 7.03652
74.3333 0.368092 0.214621 0.753335
74.3333 0.130977 0.65245 7.03652
74.3333 0.170803 0.946014 0.753335
74.3333 0.399362 0.0708043 0.753335
74.3333 0.370322 -0.84321 0.753335
74.3333 -0.157417 -0.494581 0.753335
74.3333 -0.158979 0.957408 0.753335
74.3333 -0.840523 -0.244251 0.753335
74.3333 -0.323224 0.167967 0.753335
74.3333 -0.384342 0.0964418 7.03652
74.3333 0.98827 0.134521 0.753335
74.3333 0.426137 0.776614 7.03652
74.3333 -0.890855 0.146428 7.03652
74.3333 -0.298789 0.408643 0.753335
74.3333 0.505254 0.20118 0.753335
74.3333 0.713431 0.0529891 7.03652
74.3333 0.214805 0.00445131 0.753335
74.3333 0.549258 0.561002 0.753335
74.3333 0.419169 -0.41487 0.753335
74.3333 -0.612824 0.621575 0.753335
74.3333 0.137307 -0.454081 0.753335
74.3333 -0.831581 0.0509139 0.753335
74.3333 0.807567 0.477102 0.753335
74.3333 -0.515192 0.0909337 0.753335
74.3333 0.387166 -0.466636 0.753335
74.3333 -0.66177 -0.399991 7.03652
74.3333 0.233372 0.400585 7.03652
74.3333 0.339432 -0.104283 0.753335
74.3333 -0.229133 -0.890087 7.03652
74.3333 0.518611 -0.508672 7.03652
74.3333 -0.806532 0.104607 0.753335
74.3333 -0.573552 0.286743 7.03652
74.3333 -0.396861 0.667836 0.753335
74.3333 -0.165059 -0.863242 7.03652
74.3333 0.992385 -0.0704522 7.03652
74.3333 0.649397 0.221915 7.03652
74.3333 0.0420425 -0.477118 0.753335
74.3333 0.518095 -0.136651 0.753335
74.3333 -0.11731 -0.90303 7.03652
74.3333 -0.381171 0.293966 7.03652
74.3333 0.170393 0.297793 0.753335
74.3333 0.0262273 -0.377991 0.753335
74.3333 -0.680914 0.313796 7.03652
74.3333 -0.0467465 -0.207864 0.753335
74.3333 0.649364 0.272934 0.753335
74.3333 -0.2665 -0.674784 0.753335
74.3333 -0.508107 0.156077 0.753335
74.3333 -0.667497 -0.802942 0.753335
74.3333 0.0449716 -0.852428 0.753335
74.3333 0.619514 -0.478852 7.03652
74.3333 0.240945 -0.597665 0.753335
74.3333 -0.563802 -0.397284 7.03652
74.3333 0.152501 -0.546432 0.753335
74.3333 -0.0944924 -0.44016 0.753335
74.3333 -0.231504 0.487527 0.753335
74.3333 -0.600329 0.128857 0.753335
74.3333 0.649168 0.121578 0.753335
74.3333 -0.310866 -0.755482 7.03652
74.3333 0.365764 -0.421128 7.03652
74.3333 -0.473293 -0.207853 0.753335
74.3333 -0.777844 -0.161421 0.753335
74.3333 -0.456494 -0.856191 7.03652
74.3333 0.694711 -0.639604 7.03652
74.3333 -0.746208 -0.117747 7.03652
74.3333 -0.0640612 0.63885 7.03652
74.3333 0.75916 -0.655075 0.753335
74.3333 0.720664 0.560121 0.753335
74.3333 -0.193575 -1.00539 0.753335
74.3333 -0.579575 -0.198213 7.03652
74.3333 0.862593 0.374757 0.753335
74.3333 -0.367727 -0.244016 0.753335
74.3333 -0.0947252 -0.221147 0.753335
74.3333 0.0215649 0.577471 0.753335
74.3333 -0.611277 -0.0739398 7.03652
74.3333 0.0727379 -0.365733 0.753335
74.3333 -0.779907 0.0363471 0.753335
74.3333 -0.0804191 -0.63699 0.753335
74.3333 0.439355 -0.461819 0.753335
74.3333 -0.561828 0.0799645 0.753335
74.3333 0.127695 0.161985 0.753335
74.3333 0.656291 -0.337042 7.03652
74.3333 0.360614 0.103446 0.753335
74.3333 0.123674 -0.26507 7.03652
74.3333 0.41172 0.580979 0.753335
74.3333 -0.545484 0.327553 7.03652
74.3333 0.19614 -0.153353 0.753335
74.3333 -0.151924 0.426599 0.753335
74.3333 0.74994 0.200729 0.753335
74.3333 0.448718 -0.0145751 7.03652
74.3333 0.546565 0.500655 0.753335
74.3333 -0.195093 -0.532684 0.753335
74.3333 0.471242 0.741042 0.753335
74.3333 -0.637874 0.502704 0.753335
74.3333 -0.97362 0.154092 0.753335
74.3333 0.124491 0.749313 7.03652
74.3333 0.0306357 0.0605614 7.03652
74.3333 0.000103819 0.0250025 0.753335
74.3333 -0.131697 0.520141 0.753335
74.3333 0.0257875 -0.142148 0.753335
74.3333 0.194347 0.237416 0.753335
74.3333 0.236229 0.678949 7.03652
74.3333 -0.0607532 -0.751166 0.753335
74.3333 0.0106621 1.0228 7.03652
74.3333 0.45552 -0.601782 7.03652
74.3333 -0.493619 0.404146 7.03652
74.3333 -0.283243 -0.314335 0.753335
74.3333 0.255529 -0.545828 0.753335
74.3333 -0.731803 0.182052 0.753335
74.3333 0.38382 0.816062 0.753335
74.3333 0.369943 -0.182991 0.753335
74.3333 0.718405 -0.100555 0.753335
74.3333 -0.0620704 -0.164581 7.03652
74.3333 0.624569 -0.388545 7.03652
74.3333 0.671693 0.387275 7.03652
74.3333 -0.510919 -0.375091 0.753335
74.3333 0.0988225 -0.878997 7.03652
74.3333 -0.809757 -0.00668818 0.753335
74.3333 -0.757009 0.0799543 0.753335
74.3333 0.154479 -0.406136 0.753335
74.3333 0.647448 -0.280719 7.03652
74.3333 0.115793 -0.504797 0.753335
74.3333 -0.878002 -0.571776 0.753335
74.3333 -0.332271 0.976292 7.03652
74.3333 0.117735 -0.128434 0.753335
74.3333 0.597045 0.200151 0.753335
74.3333 -0.375902 0.716292 7.03652
74.3333 -0.285717 0.81427 7.03652
74.3333 0.444475 0.497153 7.03652
74.3333 0.0509894 0.22223 0.753335
74.3333 0.322234 0.594746 0.753335
74.3333 -0.312721 -0.0242908 0.753335
74.3333 -0.031858 -0.347126 7.03652
74.3333 0.379106 -0.133566 0.753335
74.3333 0.196799 0.729256 7.03652
74.3333 0.699485 -0.303951 7.03652
74.3333 -0.0125491 -0.723089 7.03652
74.3333 -0.410996 -0.00144531 7.03652
74.3333 -0.805008 -0.207192 7.03652
74.3333 -0.0873389 0.494044 7.03652
74.3333 -0.454206 0.362562 0.753335
74.3333 0.706838 -0.546476 0.753335
74.3333 -0.69102 -0.208921 0.753335
74.3333 0.220826 -0.244452 0.753335
74.3333 0.0125796 0.50796 7.03652
74.3333 0.0706644 0.912506 7.03652
74.3333 0.309689 -0.303195 0.753335
74.3333 -0.289869 0.534273 0.753335
74.3333 0.643747 0.17133 0.753335
74.3333 -0.49541 -0.629805 7.03652
74.3333 0.533832 0.0596704 7.03652
74.3333 0.666716 -0.587497 7.03652
74.3333 -0.505009 -0.259738 0.753335
74.3333 0.554682 0.287613 0.753335
74.3333 -0.750341 -0.46755 7.03652
74.3333 0.45139 0.617271 0.753335
74.3333 0.897433 -0.434505 7.03652
74.3333 0.805034 0.352986 0.753335
74.3333 -0.450952 0.673195 7.03652
74.3333 -0.197848 1.00868 0.753335
74.3333 0.455494 -0.366605 0.753335
74.3333 0.432271 0.846826 0.753335
74.3333 -0.522411 -0.203342 0.753335
74.3333 -0.517762 -0.841932 7.03652
74.3333 0.507028 -0.361884 7.03652
74.3333 -0.465478 -0.355171 7.03652
74.3333 0.12036 0.601136 0.753335
74.3333 -0.190393 -0.317393 0.753335
74.3333 0.612117 0.640176 0.753335
74.3333 -0.341657 0.0790327 0.753335
74.3333 0.936183 -0.0831666 0.753335
74.3333 0.53084 0.794783 7.03652
74.3333 -0.781849 0.579356 0.753335
74.3333 -0.422846 0.0476267 0.753335
74.3333 -0.499359 -0.519334 0.753335
74.3333 0.625323 0.703035 7.03652
74.3333 -0.645299 0.665149 7.03652
74.3333 0.0390033 -0.739699 0.753335
74.3333 -0.705602 0.091925 7.03652
74.3333 -0.36439 -0.782555 0.753335
74.3333 -0.262674 0.377109 0.753335
74.3333 -0.873767 -0.462558 7.03652
74.3333 -0.415891 -0.0924274 7.03652
74.3333 0.846713 0.0818589 7.03652
74.3333 -0.384216 -0.465739 7.03652
74.3333 -0.164498 -0.68863 0.753335
74.3333 -0.566171 0.0313581 0.753335
74.3333 0.201257 0.33639 0.753335
74.3333 -0.387296 -0.0528615 0.753335
74.3333 -0.231934 0.134278 0.753335
74.3333 -0.112561 0.568356 7.03652
74.3333 -0.755971 -0.363925 7.03652
74.3333 -0.169472 0.61747 0.753335
74.3333 0.290598 0.766487 0.753335
74.3333 0.216736 -0.92766 0.753335
74.3333 -0.381451 0.882554 7.03652
74.3333 0.277129 -0.172431 7.03652
74.3333 0.20851 -0.994138 0.753335
74.3333 0.701251 0.228825 7.03652
74.3333 0.849753 -0.278151 0.753335
74.3333 0.373308 0.874892 7.03652
74.3333 0.498344 0.00466782 0.753335
74.3333 -0.925727 0.185233 0.753335
74.3333 -0.547733 -0.607465 0.753335
74.3333 -0.163914 -0.399305 0.753335
74.3333 0.24423 -0.421905 7.03652
74.3333 -0.799018 -0.105576 7.03652
74.3333 -0.935258 -0.298029 7.03652
74.3333 -0.322535 -0.870355 0.753335
74.3333 -0.748392 -0.215015 0.753335
74.3333 -0.186095 0.26175 0.753335
74.3333 0.0205941 -0.627769 7.03652
74.3333 -0.108569 -0.487756 7.03652
74.3333 -0.815526 -0.303162 0.753335
74.3333 -0.614373 -0.819636 7.03652
74.3333 -0.514624 0.0340787 0.753335
74.3333 -0.0917059 0.414037 0.753335
74.3333 0.457617 -0.508343 0.753335
74.3333 -0.619495 0.0250293 0.753335
74.3333 0.165927 -0.30828 0.753335
74.3333 0.303398 -0.0230685 7.03652
74.3333 -0.708534 -0.498127 7.03652
74.3333 0.706188 0.343367 0.753335
74.3333 -0.629999 0.562544 7.03652
74.3333 0.120875 -0.359294 0.753335
74.3333 -0.567904 -0.709484 7.03652
74.3333 0.324628 0.959287 0.753335
74.3333 -0.549568 -0.49835 0.753335
74.3333 0.174215 0.616349 7.03652
74.3333 -0.402258 0.186473 0.753335
74.3333 0.503743 -0.301206 7.03652
74.3333 0.331732 0.800806 0.753335
74.3333 -0.468927 -0.413772 7.03652
74.3333 -0.0678128 -0.307409 0.753335
74.3333 -0.818825 0.636388 0.753335
74.3333 -0.472419 0.306677 7.03652
74.3333 0.128072 0.112771 7.03652
74.3333 0.408964 0.12508 0.753335
74.3333 -0.656887 -0.167147 0.753335
74.3333 -0.154862 -0.285874 0.753335
74.3333 0.311417 -0.545426 0.753335
74.3333 0.832451 -0.436509 0.753335
74.3333 -0.654263 -0.345316 0.753335
74.3333 0.288712 -0.121614 7.03652
74.3333 -0.133789 -1.01989 0.753335
74.3333 0.0941016 0.694232 0.753335
74.3333 0.655384 0.326532 0.753335
74.3333 0.251908 -0.0845547 0.753335
74.3333 0.0837995 -0.00354412 0.753335
74.3333 -0.634553 0.389173 0.753335
74.3333 0.541428 -0.66051 0.753335
74.3333 -0.538638 0.235381 0.753335
74.3333 0.855348 0.318445 0.753335
74.3333 -0.598345 -0.313794 7.03652
74.3333 0.486042 -0.553504 7.03652
74.3333 0.814501 -0.0589709 0.753335
74.3333 0.692491 -0.246527 7.03652
74.3333 -0.0610484 1.02351 7.03652
74.3333 -0.502852 0.90398 0.753335
74.3333 -0.543725 0.384766 0.753335
74.3333 0.602463 -0.341356 0.753335
74.3333 0.693295 -0.183486 0.753335
74.3333 -0.0714658 -1.02267 7.03652
74.3333 0.504686 0.636805 7.03652
74.3333 -0.241789 -0.0877774 0.753335
74.3333 0.432234 -0.705677 0.753335
74.3333 0.828146 -0.112434 0.753335
74.3333 -0.136003 0.0421263 7.03652
74.3333 -0.863251 0.0986233 0.753335
74.3333 0.920293 0.358139 0.753335
74.3333 -0.449296 -0.536844 0.753335
74.3333 0.271485 0.443964 7.03652
74.3333 0.770479 0.0449691 7.03652
74.3333 0.00293819 -0.578813 0.753335
74.3333 0.754296 0.372315 0.753335
74.3333 0.206351 -0.0974266 7.03652
74.3333 0.0742144 0.0415411 0.753335
74.3333 -0.184982 0.124841 0.753335
74.3333 -0.277145 0.151544 0.753335
74.3333 0.87014 -0.490463 7.03652
74.3333 -0.211608 -0.776694 7.03652
74.3333 0.043849 -1.02561 7.03652
74.3333 -0.498433 -0.573308 0.753335
74.3333 0.603187 0.582137 0.753335
74.3333 0.132969 0.467049 0.753335
74.3333 -0.255417 -1.00173 7.03652
74.3333 0.0265092 0.311526 7.03652
74.3333 -0.483162 -0.798237 0.753335
74.3333 0.566426 -0.779495 7.03652
74.3333 0.57992 0.408752 0.753335
74.3333 -0.197196 -0.203672 7.03652
74.3333 0.203768 0.527655 7.03652
74.3333 0.311811 -0.253118 0.753335
74.3333 -0.376166 0.0412783 7.03652
74.3333 0.147392 -1.01296 7.03652
74.3333 0.351304 0.276722 0.753335
74.3333 0.400059 0.522943 7.03652
74.3333 0.295777 0.352899 7.03652
74.3333 -0.363925 -0.103361 0.753335
74.3333 0.962883 -0.253889 0.753335
74.3333 -0.0608499 -0.0441435 0.753335
74.3333 0.85886 0.139517 0.753335
74.3333 -0.058963 -0.861878 0.753335
74.3333 -0.111503 -0.843103 0.753335
74.3333 0.161557 0.427257 0.753335
74.3333 -0.182873 0.897254 0.753335
74.3333 0.164058 -0.0639013 0.753335
74.3333 0.494469 -0.46205 0.753335
74.3333 0.773539 0.593101 7.03652
74.3333 0.45939 0.679058 0.753335
74.3333 -0.602865 0.848892 7.03652
74.3333 0.183266 0.481647 0.753335
74.3333 0.766327 0.649508 0.753335
74.3333 -0.72078 0.589029 0.753335
74.3333 0.510854 0.148715 0.753335
74.3333 -0.555084 -0.241611 7.03652
74.3333 -0.655882 -0.508363 7.03652
74.3333 -0.775765 -0.0560074 0.753335
74.3333 -0.519589 0.2825 0.753335
74.3333 -0.516418 -0.0665138 7.03652
74.3333 0.26381 -0.978183 7.03652
74.3333 0.239303 0.483538 0.753335
74.3333 0.43766 0.0327439 0.753335
74.3333 0.743075 -0.271192 7.03652
74.3333 0.22021 0.148384 7.03652
74.3333 0.102881 -0.179904 7.03652
74.3333 0.310382 0.540076 0.753335
74.3333 0.363258 -0.558647 0.753335
74.3333 0.0295769 -0.68239 0.753335
74.3333 -0.176553 0.387172 0.753335
74.3333 0.358298 -0.279668 7.03652
74.3333 0.252086 0.872748 0.753335
74.3333 0.349926 -0.0064567 0.753335
74.3333 0.217542 -0.641954 0.753335
74.3333 -0.713111 0.264266 7.03652
74.3333 -0.082083 0.765476 0.753335
74.3333 0.482915 0.308223 0.753335
74.3333 0.393383 -0.891381 0.753335
74.3333 -0.0187777 0.550092 0.753335
74.3333 -0.247234 -0.454456 7.03652
74.3333 0.399981 -0.0327275 0.753335
74.3333 0.480769 0.365014 0.753335
74.3333 -0.669233 -0.658255 0.753335
74.3333 0.362914 -0.231098 7.03652
74.3333 -0.474383 0.121484 7.03652
74.3333 0.0175539 -0.331487 0.753335
74.3333 0.271534 0.820448 7.03652
74.3333 -0.040465 -0.443591 0.753335
74.3333 -0.409181 -0.2744 7.03652
74.3333 -0.68979 0.370998 0.753335
74.3333 -0.279188 -0.21057 7.03652
74.3333 0.189987 -0.448124 0.753335
74.3333 0.398473 -0.751422 0.753335
74.3333 -0.214314 -0.83281 0.753335
74.3333 -0.811448 -0.566211 0.753335
74.3333 -0.540951 -0.663355 7.03652
74.3333 -0.137909 0.774425 7.03652
74.3333 0.500535 0.526884 7.03652
74.3333 0.306662 -0.406705 0.753335
74.3333 -0.717721 -0.759284 0.753335
74.3333 -0.428134 0.728626 7.03652
74.3333 -0.690722 0.211026 0.753335
74.3333 -0.600611 0.6961 7.03652
74.3333 0.64942 -0.218152 0.753335
74.3333 0.556422 0.619469 0.753335
74.3333 -0.3272 0.566064 0.753335
74.3333 -0.431129 0.27242 7.03652
74.3333 0.443146 -0.0647993 0.753335
74.3333 0.0263404 -0.281401 7.03652
74.3333 0.13197 0.900959 0.753335
74.3333 0.989027 -0.012867 0.753335
74.3333 0.262999 -0.2743 7.03652
74.3333 0.507956 -0.874371 0.753335
74.3333 0.717216 0.41564 7.03652
74.3333 0.52884 0.389055 0.753335
74.3333 0.700546 0.115938 7.03652
74.3333 -0.671783 0.0128219 7.03652
74.3333 -0.809071 -0.36037 7.03652
74.3333 0.162563 -0.114488 7.03652
74.3333 0.527015 -0.41572 7.03652
74.3333 0.552332 -0.716494 0.753335
74.3333 0.0936541 -0.998033 7.03652
74.3333 -0.767137 -0.600606 0.753335
74.3333 0.448219 -0.852083 0.753335
74.3333 -0.330172 -0.390948 7.03652
74.3333 0.233883 -0.473109 7.03652
74.3333 -0.058176 -0.258435 0.753335
74.3333 -0.0202985 -0.29627 0.753335
74.3333 0.185912 0.668677 0.753335
74.3333 0.79851 -0.163329 7.03652
74.3333 -0.417943 -0.945013 0.753335
74.3333 -0.434661 -0.174732 0.753335
74.3333 0.382573 0.420984 7.03652
74.3333 -0.0590151 -0.489021 0.753335
74.3333 -0.0846531 -0.354167 7.03652
74.3333 -0.859857 0.595917 0.753335
74.3333 -0.278314 0.642064 0.753335
74.3333 0.0263826 0.76392 7.03652
74.3333 -0.24458 -0.510969 7.03652
74.3333 0.0578382 -0.58506 0.753335
74.3333 -0.118256 0.722932 0.753335
74.3333 -0.801101 -0.662428 7.03652
74.3333 0.325337 0.724895 7.03652
74.3333 -0.0360419 0.055098 0.753335
74.3333 -0.855044 -0.105754 0.753335
74.3333 -0.739623 0.721848 7.03652
74.3333 -0.368658 0.46458 0.753335
74.3333 0.773784 -0.448198 0.753335
74.3333 0.487321 -0.653228 0.753335
74.3333 0.854843 -0.0115115 0.753335
74.3333 0.525931 0.331865 0.753335
74.3333 -0.569159 -0.110467 7.03652
74.3333 0.380548 -0.651161 0.753335
74.3333 -0.601206 -0.153572 0.753335
74.3333 -1.01728 0.262338 0.753335
74.3333 0.348502 0.34496 7.03652
74.3333 -0.146241 -0.961359 0.753335
74.3333 0.244635 0.244417 0.753335
74.3333 -0.390602 -0.679237 0.753335
74.3333 -0.549585 -0.551047 0.753335
74.3333 0.298958 0.909024 7.03652
74.3333 0.60737 0.0890944 0.753335
74.3333 0.886654 0.0351197 0.753335
74.3333 -0.200205 0.449605 7.03652
74.3333 -0.227091 0.729985 0.753335
74.3333 -0.00269887 -0.1892 0.753335
74.3333 -1.03671 0.13968 7.03652
74.3333 -0.019924 0.870233 7.03652
74.3333 -0.242004 -0.397699 0.753335
74.3333 -0.700932 -0.310111 7.03652
74.3333 -0.994956 0.322349 7.03652
74.3333 -0.397948 -0.141088 0.753335
74.3333 0.712898 0.619098 0.753335
74.3333 -0.438018 -0.702178 7.03652
74.3333 -0.864137 0.203215 0.753335
74.3333 -0.017643 0.610592 0.753335
74.3333 -0.201471 -0.429166 0.753335
74.3333 -0.0894787 -0.0829878 7.03652
74.3333 0.568303 -0.100588 7.03652
74.3333 0.79645 -0.384351 7.03652
74.3333 0.327083 -0.891218 7.03652
74.3333 0.941291 0.029632 0.753335
74.3333 0.291703 0.684895 0.753335
74.3333 -0.923005 -0.353439 0.753335
74.3333 -0.107299 -0.268874 7.03652
74.3333 -0.063704 0.587786 0.753335
74.3333 0.50116 0.100454 0.753335
74.3333 0.5834 0.744243 0.753335
74.3333 0.736611 -0.597141 7.03652
74.3333 0.804683 0.287888 7.03652
74.3333 -0.160437 -0.748358 0.753335
74.3333 0.597291 0.253118 7.03652
74.3333 0.588091 0.813966 7.03652
74.3333 0.435769 0.337582 0.753335
74.3333 -0.33436 0.786834 0.753335
74.3333 -0.086529 -0.96622 7.03652
74.3333 0.901594 0.0971152 0.753335
74.3333 -0.681335 0.42473 0.753335
74.3333 0.55342 0.171815 0.753335
74.3333 -0.0689241 0.368767 0.753335
74.3333 0.859104 -0.383037 0.753335
74.3333 0.68182 -0.388198 0.753335
74.3333 -0.910583 -0.413069 0.753335
74.3333 0.0877437 -0.460858 0.753335
74.3333 -0.212087 0.578274 0.753335
74.3333 -0.425671 0.465053 7.03652
74.3333 0.923772 -0.377192 7.03652
74.3333 0.296397 0.487623 0.753335
74.3333 -0.423536 -0.807304 0.753335
74.3333 -0.446012 0.934332 7.03652
74.3333 0.397355 -0.600096 0.753335
74.3333 0.463609 -0.20963 0.753335
74.3333 0.548854 0.228582 7.03652
74.3333 -0.283393 -0.917772 0.753335
74.3333 -0.668611 -0.454393 0.753335
74.3333 -0.0324999 -0.620093 0.753335
74.3333 -1.05084 0.0152543 0.753335
74.3333 -0.0350294 0.225411 7.03652
74.3333 -0.0116252 -0.243603 0.753335
74.3333 0.288102 0.40083 0.753335
74.3333 0.230048 -0.190948 0.753335
74.3333 0.749584 0.148031 0.753335
74.3333 0.580526 -0.513673 0.753335
74.3333 -0.604602 -0.257373 0.753335
74.3333 0.948984 0.309263 0.753335
74.3333 -0.0646922 -0.695373 0.753335
74.3333 0.261467 -0.323879 0.753335
74.3333 0.421242 0.22176 7.03652
74.3333 -0.550962 0.186051 0.753335
74.3333 -0.0688081 0.53786 0.753335
74.3333 0.191162 -0.814531 0.753335
74.3333 -0.668774 0.605736 7.03652
74.3333 -0.610286 -0.477972 7.03652
74.3333 0.124742 -0.594838 7.03652
74.3333 -0.984855 0.0974039 0.753335
74.3333 0.986527 -0.132791 0.753335
74.3333 -0.833194 -0.0542701 0.753335
74.3333 0.409301 -0.317611 7.03652
74.3333 -0.0898846 0.679131 0.753335
74.3333 -0.479366 0.252412 0.753335
74.3333 -0.689641 -0.12344 0.753335
74.3333 0.971281 0.191052 0.753335
74.3333 0.0436933 -0.794026 0.753335
74.3333 -0.719284 0.0362478 7.03652
74.3333 0.846942 -0.22105 0.753335
74.3333 -0.476935 0.843801 7.03652
74.3333 0.136776 -0.2186 0.753335
74.3333 0.448103 -0.912337 0.753335
74.3333 -0.161666 0.0832968 0.753335
74.3333 0.333204 -0.7403 0.753335
74.3333 -0.0070794 0.0926667 0.753335
74.3333 -0.203219 -0.148943 7.03652
74.3333 0.343199 -0.506133 0.753335
74.3333 -0.312604 0.216571 0.753335
74.3333 -0.00666943 -0.834957 0.753335
74.3333 -0.218908 0.951739 0.753335
74.3333 -0.894342 0.540897 0.753335
74.3333 -0.62451 -0.695326 0.753335
74.3333 -0.525216 0.752433 7.03652
74.3333 0.652407 -0.436731 0.753335
74.3333 -0.524688 -0.898127 7.03652
74.3333 0.36889 0.691146 0.753335
74.3333 0.87509 -0.0611522 7.03652
74.3333 0.00946454 0.919355 0.753335
74.3333 -0.0919401 0.972101 0.753335
74.3333 -0.653779 -0.744458 7.03652
74.3333 -0.298564 -0.631559 0.753335
74.3333 -0.256855 -0.561736 7.03652
74.3333 0.491161 0.47355 0.753335
74.3333 -0.730186 0.329797 0.753335
74.3333 -0.490557 -0.159365 0.753335
74.3333 -0.0590661 -0.806698 0.753335
74.3333 0.974032 -0.195328 7.03652
74.3333 0.189844 0.885838 0.753335
74.3333 -0.495394 -0.693234 7.03652
74.3333 0.38718 0.47 0.753335
74.3333 0.258045 0.529966 0.753335
74.3333 0.309772 0.0282712 7.03652
74.3333 0.326567 -0.66444 0.753335
74.3333 -0.525098 -0.745327 0.753335
74.3333 0.269652 0.160577 7.03652
74.3333 -0.188367 0.769435 0.753335
74.3333 -0.13699 -0.540433 0.753335
74.3333 0.201098 -0.56285 0.753335
74.3333 -0.135073 0.134858 0.753335
74.3333 0.0336266 -0.231284 0.753335
74.3333 -0.178099 -0.917839 0.753335
74.3333 0.822336 0.0351359 7.03652
74.3333 0.77437 0.52775 0.753335
74.3333 0.144779 -0.844547 0.753335
74.3333 -0.635753 0.336895 7.03652
74.3333 0.823186 0.56971 7.03652
74.3333 -0.85499 0.490743 7.03652
74.3333 0.138709 -0.786947 0.753335
74.3333 0.638072 -0.164057 7.03652
74.3333 0.414466 -0.220158 0.753335
74.3333 -0.908406 -0.232815 0.753335
74.3333 -0.700817 -0.702516 0.753335
74.3333 -0.443622 -0.483883 7.03652
74.3333 -0.227617 -0.950354 0.753335
74.3333 0.264442 -0.856702 0.753335
74.3333 -0.227479 0.625548 0.753335
74.3333 0.0775702 -0.698553 7.03652
74.3333 -0.479507 0.45638 7.03652
74.3333 -0.317075 0.118278 7.03652
74.3333 0.612779 -0.733462 0.753335
74.3333 -0.362609 0.34909 0.753335
74.3333 -0.330764 -0.194828 7.03652
74.3333 -0.342595 -0.49728 0.753335
74.3333 0.0622671 0.806122 0.753335
74.3333 -0.017451 -0.393935 0.753335
74.3333 0.552467 -0.043156 7.03652
74.3333 0.0156346 -0.0958018 0.753335
74.3333 0.280628 0.63231 7.03652
74.3333 -0.115794 0.619326 7.03652
74.3333 0.104706 0.551009 0.753335
74.3333 0.350289 -0.0553772 0.753335
74.3333 0.738545 -0.213016 0.753335
74.3333 0.795803 -0.271686 7.03652
74.3333 0.837815 -0.548907 7.03652
74.3333 0.125689 -0.0321196 0.753335
74.3333 -0.847835 0.32554 7.03652
74.3333 -0.365081 0.143175 7.03652
74.3333 -0.0651094 -0.398084 0.753335
74.3333 -0.532895 0.546776 0.753335
74.3333 -0.416462 0.140443 7.03652
74.3333 -0.97886 -0.0167994 7.03652
74.3333 0.596799 -0.00922041 7.03652
74.3333 -0.21423 0.0844378 7.03652
74.3333 0.899185 0.281828 0.753335
74.3333 0.509889 0.263976 0.753335
74.3333 -0.523766 0.604753 7.03652
74.3333 0.216312 0.57593 0.753335
74.3333 -0.422807 -0.383034 0.753335
74.3333 -0.724512 -0.0726606 0.753335
74.3333 0.0653042 -0.0951228 7.03652
74.3333 -1.00816 -0.288021 7.03652
74.3333 0.622623 -0.796034 7.03652
74.3333 -0.910285 -0.516048 7.03652
74.3333 0.00605547 0.254835 0.753335
74.3333 0.571949 0.351424 0.753335
74.3333 0.323251 0.236548 0.753335
74.3333 -0.159596 0.339378 0.753335
74.3333 0.18443 -0.208202 0.753335
74.3333 0.469245 -0.157467 7.03652
74.3333 -0.60799 -0.368588 7.03652
74.3333 -0.812115 0.277689 0.753335
74.3333 0.0215616 -0.534436 7.03652
74.3333 -0.391602 0.510661 0.753335
74.3333 -0.0405688 0.1298 7.03652
74.3333 0.435807 0.394598 7.03652
74.3333 0.373974 0.615857 7.03652
74.3333 -0.109237 0.331315 7.03652
74.3333 0.513044 -0.760582 0.753335
74.3333 -0.0543372 0.715662 7.03652
74.3333 -0.161052 -0.805939 7.03652
74.3333 0.010899 0.394483 0.753335
74.3333 0.595243 -0.189861 7.03652
74.3333 0.408202 -0.268771 0.753335
74.3333 -0.991789 -0.0710487 7.03652
74.3333 -0.842817 0.43742 0.753335
74.3333 0.743824 0.47685 0.753335
74.3333 0.0412899 0.356028 0.753335
74.3333 0.886034 -0.326666 7.03652
74.3333 -0.846852 -0.51792 0.753335
74.3333 0.352959 0.0497817 0.753335
74.3333 -0.426033 -0.436914 0.753335
74.3333 0.293727 -0.591884 7.03652
74.3333 0.25541 -0.0357544 0.753335
74.3333 0.280515 0.208352 0.753335
74.3333 0.358397 -0.327994 0.753335
74.3333 0.167362 -0.657456 0.753335
74.3333 0.24482 0.356141 7.03652
74.3333 0.2939 -0.706832 0.753335
74.3333 -0.406089 -0.88493 0.753335
74.3333 -0.020361 -0.957193 0.753335
74.3333 -0.398173 -0.514999 7.03652
74.3333 0.281768 -0.501828 0.753335
74.3333 -0.834375 0.153484 0.753335
74.3333 0.63517 0.775257 0.753335
74.3333 0.561121 -0.837687 0.753335
74.3333 -0.334817 0.30968 0.753335
74.3333 0.232188 0.927877 7.03652
74.3333 0.392568 0.0165059 7.03652
74.3333 0.340842 -0.609762 7.03652
74.3333 -0.320052 0.61673 0.753335
74.3333 -0.596055 -0.646591 0.753335
74.3333 0.107467 0.958823 0.753335
74.3333 0.417224 0.717314 0.753335
74.3333 0.0410833 0.688835 0.753335
74.3333 0.207804 0.993465 0.753335
74.3333 -0.110286 -0.78512 7.03652
74.3333 -0.2523 -0.130625 0.753335
74.3333 0.453179 0.551627 0.753335
74.3333 -0.15085 -0.350345 0.753335
74.3333 0.929134 -0.150143 0.753335
74.3333 0.18326 0.382893 0.753335
74.3333 0.318063 -0.203564 0.753335
74.3333 0.0507137 0.477646 0.753335
74.3333 0.483969 0.420851 0.753335
74.3333 0.482791 0.879814 0.753335
74.3333 -0.0201037 0.66863 0.753335
74.3333 -0.338063 0.258675 0.753335
74.3333 -0.927368 -0.173847 0.753335
74.3333 -0.288019 -0.0732031 7.03652
74.3333 0.0847109 -0.224312 7.03652
74.3333 -0.235883 -0.23499 7.03652
74.3333 -0.113756 0.0891141 7.03652
74.3333 -0.580123 -0.863074 7.03652
74.3333 -0.517943 -0.428367 0.753335
74.3333 -0.467516 -0.748308 7.03652
74.3333 -0.175671 0.825551 0.753335
74.3333 0.174582 0.0409203 0.753335
74.3333 -0.973564 0.219709 0.753335
74.3333 -0.785155 0.688451 7.03652
74.3333 0.884589 -0.11632 0.753335
74.3333 0.244013 -0.803247 0.753335
74.3333 0.174114 0.0894912 0.753335
74.3333 0.547637 -0.328551 0.753335
74.3333 -0.217106 -0.671237 7.03652
74.3333 -0.346076 0.398016 0.753335
74.3333 -0.114164 -0.677272 0.753335
74.3333 0.0822168 0.0870393 7.03652
74.3333 -0.117848 -0.318454 0.753335
74.3333 0.104839 -0.40888 0.753335
74.3333 0.180418 0.188053 0.753335
74.3333 -0.211797 -0.579618 0.753335
74.3333 0.483309 0.0508531 7.03652
74.3333 -0.236516 0.791119 7.03652
74.3333 0.680265 -0.491867 0.753335
74.3333 0.630761 0.0309383 0.753335
74.3333 0.291031 -0.776041 0.753335
74.3333 -0.646582 0.807681 7.03652
74.3333 0.907177 0.41799 7.03652
74.3333 0.0105866 -0.436527 7.03652
74.3333 -0.099041 0.281379 0.753335
74.3333 0.565193 -0.152972 0.753335
74.3333 0.144798 1.0068 0.753335
74.3333 -1.03591 -0.162269 0.753335
74.3333 -0.589338 -0.0169989 7.03652
74.3333 -0.319228 -0.240963 7.03652
74.3333 -0.133838 0.240579 0.753335
74.3333 0.0917724 -0.754505 7.03652
74.3333 -0.634481 -0.117685 7.03652
74.3333 -0.0190738 -0.141019 0.753335
74.3333 -0.193211 0.667222 0.753335
74.3333 0.347295 0.500123 0.753335
74.3333 -0.308307 0.353845 0.753335
74.3333 0.31321 0.134633 0.753335
74.3333 -0.291203 -0.47727 0.753335
74.3333 -0.866556 0.376966 0.753335
74.3333 -0.0868729 0.0433795 7.03652
74.3333 -0.697427 0.143379 0.753335
74.3333 0.754783 -0.056427 0.753335
