995 0.210178 0.991992 4.63595
995 0.845819 -0.839266 6.69763
995 0.655974 0.867049 4.72665
995 -1.37078 0.312638 2.6591
995 -0.738767 1.08224 3.67799
995 -1.1622 0.37068 2.66876
995 0.22057 -1.08412 0.571353
995 0.859624 -0.32312 5.87953
995 -0.515789 -0.935454 1.64264
995 -0.438649 -0.712161 1.65498
995 -0.645609 -0.780237 1.54645
995 -0.757542 0.985426 3.70218
995 0.329543 0.648651 4.7502
995 -0.238384 -1.27033 1.3777
995 0.648469 -0.644354 6.67568
995 -1.31293 0.118219 2.47387
995 -0.592839 0.872545 3.54494
995 -0.690695 -1.21202 1.4231
995 0.85069 -0.730591 0.33534
995 -1.16321 -0.372322 2.41443
995 0.552971 1.19663 4.67457
995 -1.04123 0.908324 3.4584
995 -0.203295 -0.865127 1.45231
995 0.714423 -0.666673 0.342273
995 -0.890983 -1.12816 1.56844
995 -1.32977 0.319033 2.61886
995 -0.776585 0.842342 3.51941
995 -1.12884 0.427522 2.65034
995 0.954543 1.03658 4.79716
995 -0.190072 0.788576 3.67501
995 0.557758 -1.12414 0.605492
995 0.323805 1.01578 4.59913
995 -0.668771 0.597043 3.51002
995 -0.526628 0.711827 3.50963
995 0.539857 -0.856842 0.511822
995 -0.564252 -1.29948 1.48908
995 1.06621 -0.44182 5.87685
995 -1.14347 -0.0601047 2.5786
995 -0.714479 -0.851786 1.48792
995 0.939747 -0.794635 0.36428
995 0.97911 -0.0343804 5.71463
995 0.843263 1.13759 4.67984
995 0.470418 -0.864352 0.383569
995 -1.26683 0.0991395 2.57269
995 0.391437 -1.31958 0.535451
995 -1.32963 0.201278 2.73058
995 1.28645 -0.336598 5.82675
995 0.856741 0.583809 4.84849
995 0.232716 -1.03095 0.463013
995 0.722604 -0.619464 0.390125
995 0.737818 -0.00952424 5.78884
995 0.376817 0.608866 4.74773
995 0.261562 1.09677 4.66532
995 0.909215 0.0559229 5.63779
995 0.407173 0.847923 4.69859
995 -0.340484 -1.20102 1.41878
995 -0.555433 1.08879 3.59548
995 1.12141 0.377913 5.68321
995 0.912026 -0.892347 0.427581
995 -1.32318 -0.33612 2.43564
995 0.869648 -0.353323 5.80414
995 0.816723 0.172621 5.70794
995 0.184634 -1.22427 6.90402
995 -0.0485881 1.2081 3.84595
995 -0.567198 -1.24399 1.52445
995 0.518348 -0.989111 0.371636
995 0.40583 -0.825127 0.46462
995 0.780171 0.855156 4.78104
995 -0.270107 0.721589 3.6398
995 -0.615081 0.888557 3.66051
995 -1.24105 0.244627 2.66851
995 -0.779311 -1.20682 1.52062
995 -0.222913 0.848685 3.70152
995 -0.975924 -0.800284 1.71752
995 -0.206199 -1.17604 1.37504
995 -0.931824 0.839514 3.44339
995 0.579247 0.898516 4.63465
995 -1.19558 0.228102 2.74141
995 -0.74624 0.0851326 2.57611
995 -0.971936 -0.619311 1.70288
995 -1.32043 0.089241 2.61154
995 0.358173 0.793339 4.77757
995 -0.901765 0.282093 2.64899
995 -0.594281 -0.803864 1.59618
995 -0.254099 1.00868 3.6109
995 -0.800902 1.08654 3.44591
995 0.723086 0.699535 4.85833
995 1.05036 -0.0470131 5.61514
995 1.34664 0.256328 5.70704
995 0.302028 -0.989191 0.483252
995 -0.768891 0.882649 3.63855
995 -0.217631 0.926151 3.62462
995 -0.339888 -0.947912 1.35913
995 -0.705521 -0.584024 1.59883
995 -0.455001 -0.825685 1.50132
995 0.426916 -1.0052 0.56032
995 1.23452 -0.43717 5.83417
995 0.492551 1.25761 4.74074
995 -1.1211 -0.352757 2.52528
995 -0.581966 1.30038 3.76887
995 0.395349 0.941213 4.72373
995 -0.608302 -1.10101 1.42335
995 0.787297 0.971461 4.71786
995 0.312382 -0.947943 0.542797
995 0.925714 0.605898 4.83487
995 0.523567 1.02505 4.74404
995 0.711878 -0.925385 0.430708
995 -0.527922 1.28817 3.71132
995 0.19078 -0.950694 0.50824
995 -0.829912 -0.748951 1.53466
995 0.959593 0.308438 5.64419
995 0.106572 -1.14058 0.611255
995 -0.464346 -1.22953 1.55206
995 -0.904867 -0.73679 1.6736
995 -0.316274 0.842044 3.59066
995 0.72253 -1.15216 0.345585
995 -1.19838 -0.0944843 2.63578
995 0.76909 0.924928 4.92438
995 0.973425 0.806315 4.8128
995 0.438093 1.2192 4.67706
995 -0.523353 -0.524342 1.55762
995 0.861891 0.233609 5.6515
995 0.692955 -0.818526 0.381164
995 0.133961 -1.09311 0.558861
995 -0.156429 1.0337 3.68927
995 1.23502 -0.143816 5.6673
995 1.0583 0.718423 4.88481
995 -1.00115 -0.319033 2.47926
995 0.99271 0.730854 4.9189
995 -0.413621 -0.779292 1.42881
995 0.331533 -0.743567 0.446833
995 -0.537126 0.946252 3.54045
995 -1.01591 -0.864237 1.617
995 0.821927 0.247171 5.67499
995 0.557028 0.785932 4.75502
995 -0.400966 0.685903 3.6666
995 0.512072 1.16924 4.56815
995 -0.626547 1.13193 3.57105
995 -1.39115 -0.203473 2.52872
995 1.1468 -0.0847758 5.83772
995 -0.967696 1.10392 3.49297
995 0.98437 -0.313041 5.76753
995 -0.656418 -0.933425 1.48254
995 -0.365876 0.82144 3.58826
995 1.1581 -0.460926 5.84335
995 -0.611421 -0.694829 1.6181
995 0.550414 0.613839 4.72334
995 -0.721632 1.03435 3.53678
995 0.522858 0.551096 4.83507
995 -0.0906388 1.01325 3.75207
995 0.87997 -1.04338 0.47844
995 -1.15613 -0.164965 2.53675
995 0.671092 -0.672639 0.314272
995 -0.548872 0.856296 3.51441
995 0.469464 -0.571223 0.399436
995 0.561823 0.566766 4.78019
995 -0.267432 -0.705907 1.49701
995 -1.4095 0.146493 2.60277
995 0.954953 -0.232273 5.74006
995 1.26333 0.156262 5.74165
995 -0.886539 0.329178 2.62921
995 -0.675773 0.921807 3.5337
995 -0.749536 -0.10457 2.49246
995 -0.344991 0.664761 3.58242
995 -0.747872 0.702175 3.47073
995 1.0693 -0.289468 5.80295
995 -0.540681 0.74176 3.60211
995 -0.539758 -0.563212 1.5912
995 -0.635265 -0.859246 1.5684
995 -0.992333 -0.241662 2.5397
995 0.48995 0.951087 4.70841
995 -0.803132 0.0951234 2.5968
995 1.15197 0.142472 5.76309
995 0.519905 -0.694262 0.359538
995 -0.628148 -0.646881 1.64713
995 0.126335 -0.970897 0.525072
995 0.661951 -1.24053 0.426136
995 0.344225 -0.883292 0.575592
995 0.693295 0.879048 4.88915
995 0.795387 -0.925974 0.471144
995 1.08468 0.244527 5.74841
995 -0.325443 0.951359 3.75538
995 0.868728 0.146998 5.64834
995 -0.251706 1.37184 3.8001
995 1.01695 0.106481 5.71578
995 1.16966 -0.384343 -0.353492
995 1.26664 -0.131983 5.72204
995 0.304841 0.973628 4.74038
995 1.14292 0.228482 5.65915
995 0.601094 0.735153 4.80792
995 -0.382882 -0.773719 1.50859
995 -0.774625 -0.961843 1.65836
995 1.03865 0.217466 5.71555
995 0.766871 -0.248052 5.78822
995 0.868495 0.307048 5.60887
995 0.619565 -0.939576 0.586204
995 0.194752 -0.898627 0.502925
995 0.561004 -1.012 0.424037
995 -0.6169 -0.743575 1.52809
995 -0.915953 -0.256731 2.51514
995 0.885311 0.674609 4.85208
995 -0.291433 -1.04743 1.44573
995 -1.28941 0.0621628 2.68389
995 -0.603555 1.05857 3.59396
995 -0.912715 0.0111917 2.50728
995 -0.710117 -0.724463 1.69148
995 0.690389 -0.118979 -0.490025
995 -0.401601 1.15586 3.57958
995 -1.02462 -0.207649 2.49471
995 0.913843 -0.0326462 5.64317
995 -0.652955 -1.28254 1.42757
995 0.877612 -0.686887 6.611
995 -0.772662 -0.152223 2.50492
995 -0.235853 0.795072 3.74182
995 0.418919 -0.8577 6.87011
995 1.17812 -0.429045 5.89739
995 1.29702 0.218314 5.761
995 -0.501292 0.814542 3.57127
995 0.754587 1.06378 4.66865
995 -1.02017 -0.714443 1.66082
995 -0.904447 0.979039 3.5631
995 1.39151 -0.0724807 5.67811
995 -1.0078 0.114304 2.59124
995 -0.743922 -1.05734 1.6192
995 -0.642836 -1.01321 1.47849
995 1.24734 -0.255188 5.68973
995 0.795113 1.02128 4.68656
995 0.807183 -0.264387 5.77695
995 0.261443 -1.06579 6.88929
995 -0.31031 -1.29984 1.43256
995 -0.766324 0.197317 2.59072
995 1.02869 0.0313496 5.75104
995 -0.79569 1.20025 3.49055
995 -0.921947 1.13334 3.46231
995 0.400783 1.18524 4.68776
995 -0.795359 -1.14506 1.43715
995 -0.728501 1.20054 3.70719
995 1.19463 -0.187249 -0.37388
995 -0.553488 -0.751397 1.47371
995 0.383453 -1.03855 0.457333
995 -0.664213 -0.72088 1.55343
995 -0.587492 1.02612 3.70407
995 0.868502 -1.088 0.428416
995 -0.744844 1.2571 3.67915
995 -0.858713 -0.0205574 2.64433
995 -0.742074 -0.704795 1.62067
995 0.70918 1.045 4.84911
995 0.900396 -0.130839 5.6849
995 -0.403159 0.603172 3.61554
995 -0.869958 -0.148007 2.5468
995 -0.127358 1.21284 3.73974
995 -0.648916 -1.07153 1.38696
995 -0.940184 0.216384 2.61405
995 -0.409509 -1.17638 1.46825
995 0.575223 0.821034 4.73605
995 -0.988348 0.286215 2.66731
995 -1.37328 0.193482 2.60567
995 -1.13879 0.295051 2.69581
995 0.468244 0.704634 4.70867
995 1.0836 -0.0843663 5.75812
995 0.400606 -0.99672 0.435717
995 0.460607 -0.63872 6.78006
995 -1.30716 -0.253142 2.50195
995 -1.04864 -0.335058 2.41361
995 -0.356804 -1.24161 1.48022
995 -0.85292 0.701323 3.47741
995 0.939448 0.850739 4.79566
995 -0.358437 0.855326 3.53192
995 -0.274337 0.949349 3.689
995 -0.969104 0.33009 2.59066
995 0.779842 -0.751668 0.463353
995 -0.474899 0.836862 3.52326
995 0.42338 0.657325 4.73774
995 -0.21582 1.34205 3.73983
995 -0.71077 -0.889701 1.51419
995 -0.46958 -0.532458 1.5738
995 -0.3878 1.06727 3.79421
995 0.711951 0.935407 4.78639
995 1.01267 -0.283282 5.75128
995 -1.0696 -0.709343 1.66108
995 0.519526 0.808855 4.78545
995 -0.924458 1.07617 3.56875
995 0.374189 -0.777763 0.395723
995 0.513668 -1.18741 6.74046
995 0.792074 -1.01822 0.302925
995 0.261917 -1.10496 0.433346
995 -1.02683 -0.792489 1.71363
995 0.42816 -0.714697 0.415204
995 -0.96262 1.04019 3.57864
995 -0.80015 0.185556 2.65574
995 -0.848052 0.785966 3.57303
995 -1.38162 -0.013941 2.55709
995 0.468162 0.606811 4.70783
995 0.919865 0.631698 4.92556
995 0.431951 -1.16812 6.71927
995 -0.337692 -0.64472 1.57439
995 -0.34217 -1.29524 1.35623
995 -0.797782 0.971357 3.66446
995 0.450412 0.905908 4.75661
995 1.21378 0.0166469 5.57307
995 -0.438924 1.30408 3.75761
995 0.351404 1.22061 4.65205
995 -0.987104 0.0762037 2.54267
995 0.858939 0.842468 4.75745
995 0.361163 -1.08686 6.82455
995 -0.284625 -0.762893 1.53976
995 -0.954956 -0.263037 2.44524
995 0.607098 -0.701144 0.343227
995 0.457366 -0.922921 6.81785
995 -0.708088 -0.516223 1.62106
995 -0.860545 -0.666826 1.63145
995 -0.654931 1.09847 3.62471
995 0.238444 -0.70955 0.444079
995 0.657239 -1.03961 0.376497
995 -0.984287 0.842344 3.45358
995 -1.19839 -0.325445 2.45829
995 -1.07478 0.0526986 2.56858
995 0.308846 -0.842231 0.498116
995 -1.07507 -0.00819218 2.54911
995 0.975697 -0.411116 -0.379807
995 -0.48702 1.12601 3.62581
995 -0.446764 -0.929355 1.50162
995 0.760487 0.811425 4.86985
995 0.594782 1.06033 4.76731
995 1.22544 0.102352 5.76572
995 -0.485362 -0.973146 1.61373
995 0.78091 -0.85605 0.373122
995 0.591602 0.854035 4.82114
995 -1.111 -0.12796 2.61177
995 -1.2608 0.302462 2.6246
995 -0.436259 -1.0677 1.44646
995 1.17737 -0.0139319 5.75458
995 -1.25237 -0.412644 2.40061
995 0.265638 1.20228 4.66951
995 1.17279 0.262151 5.69806
995 0.508373 0.642027 4.75918
995 -0.60898 1.16275 3.52765
995 -1.34635 -0.175815 2.56241
995 -0.987187 -0.148798 2.5892
995 -0.830477 -0.120807 2.4732
995 -0.399478 0.805297 3.65741
995 0.274483 0.936437 4.73751
995 1.13678 -0.286455 5.80116
995 0.743985 -0.728243 0.380787
995 0.819826 -0.144336 5.87877
995 0.356323 -1.18959 0.394249
995 1.16856 0.121412 5.66396
995 0.422795 0.770376 4.75105
995 -0.973364 -0.951953 1.58342
995 -0.352473 -1.06223 1.37023
995 0.394668 1.00742 4.62509
995 0.944449 -0.954852 0.363718
995 1.01481 0.331461 5.6118
995 -0.491325 1.25926 3.59282
995 0.392467 0.899001 4.68033
995 -1.03643 -0.392151 2.38338
995 0.222177 -1.27198 0.610433
995 0.58615 1.27302 4.76394
995 -0.532328 0.830869 3.65906
995 -1.08587 0.345864 2.55304
995 -0.307212 -1.00671 1.54999
995 -0.658459 -0.516648 1.64159
995 -0.993281 -0.121279 2.47981
995 0.834469 1.07714 4.8409
995 -0.405546 -1.29924 1.428
995 -0.252697 1.20089 3.77334
995 1.07004 0.363329 5.68987
995 -1.14152 -0.135636 2.4191
995 0.60714 0.997255 4.66125
995 1.01035 0.213841 5.57944
995 1.2203 0.139926 5.79141
995 0.84705 -0.995474 0.450591
995 -0.856948 -0.884889 1.71513
995 -0.137627 1.35628 3.84771
995 -1.25119 -0.237849 2.55975
995 -0.225856 -0.776402 1.47614
995 0.905686 -0.273564 5.74044
995 -1.19855 0.0324142 2.49275
995 -1.27595 -0.185148 2.55657
995 -0.415213 0.744696 3.57008
995 0.266434 -0.985247 6.71462
995 -0.858849 0.215514 2.54364
995 -0.637086 -1.15782 1.60423
995 -0.497042 1.33044 3.74493
995 -0.529579 -0.729126 1.60663
995 0.999276 -0.105131 5.71627
995 0.478988 1.17802 4.63009
995 -1.29388 0.195012 2.56256
995 0.653267 1.12416 4.81794
995 -0.658477 0.885783 3.49055
995 0.574944 1.02305 4.676
995 -1.09238 -0.209763 2.53092
995 -0.470723 -0.600345 1.67914
995 -0.359395 1.33164 3.65267
995 -0.669985 0.740645 3.48415
995 -0.92894 -0.879696 1.56207
995 0.941173 -0.139811 5.81714
995 -0.615311 1.25904 3.78164
995 0.468887 0.665824 4.84014
995 -1.15751 -0.411489 2.46837
995 -0.69683 1.17124 3.57526
995 -0.609643 1.22955 3.54203
995 0.682972 -0.845652 0.312509
995 -0.841888 -0.560962 1.63803
995 -0.69068 1.29531 3.59606
995 -0.996907 -1.0303 1.66207
995 -0.984289 -0.751575 1.73825
995 -1.03447 -0.0253134 2.65149
995 0.744817 -0.095048 5.68766
995 1.02509 0.646848 4.91616
995 0.943497 -0.0268803 5.82489
995 0.762559 -0.180268 5.86403
995 -0.392262 1.20279 3.66281
995 -0.485833 0.782885 3.6714
995 -0.742369 -1.24406 1.55704
995 0.6413 -0.751147 0.520109
995 -1.05333 0.152981 2.66493
995 1.21839 0.0737182 5.69987
995 -0.735942 1.29234 3.61969
995 -0.969553 0.893019 3.52483
995 -0.741077 -0.00633347 2.55106
995 -1.33442 -0.0486184 2.62359
995 0.790869 0.776665 4.86248
995 -0.455003 0.727067 3.55219
995 -0.582309 -0.673989 1.67989
995 0.994191 0.954658 4.80744
995 0.850634 0.708433 4.89861
995 0.55121 0.983576 4.75693
995 -0.509737 0.583134 3.5585
995 -0.979701 0.681051 3.39233
995 1.30995 -0.188614 5.78554
995 0.194531 -0.796027 0.459194
995 0.86677 0.186384 5.66578
995 -0.457271 0.898242 3.68768
995 -0.809981 0.801618 3.61922
995 -1.1206 0.0618917 2.51008
995 0.687169 0.539663 4.80545
995 1.07567 -0.211664 5.68966
995 0.391242 0.796796 4.73073
995 0.489445 -0.711135 0.346318
995 -0.72613 -0.948731 1.49725
995 -0.317077 -0.859408 1.52051
995 0.362881 -1.24949 0.57614
995 -0.566289 -0.784899 1.54819
995 0.850081 -0.262112 5.81179
995 -1.07354 -0.148208 2.58154
995 0.162053 -1.25655 0.567588
995 0.610649 -1.18084 0.424243
995 0.273302 1.13621 4.73877
995 0.657302 -0.970593 0.491185
995 -1.41528 -0.125199 2.51964
995 -1.16243 -0.219502 2.57804
995 0.817921 0.863775 4.71975
995 -0.78391 0.814243 3.56873
995 -0.556929 -0.987795 1.59701
995 -0.885781 0.0480592 2.50389
995 -0.325298 1.1315 3.67058
995 0.327868 0.755459 4.65901
995 0.429607 1.29648 4.66793
995 1.22541 0.330107 5.5528
995 1.07475 0.141692 5.63408
995 0.719742 -0.0708221 5.78536
995 -0.526036 0.632573 3.61177
995 -0.452276 -0.56556 1.61816
995 -0.606784 0.591764 3.58154
995 0.935273 -0.295083 5.88071
995 -0.395271 1.31427 3.74298
995 -0.864649 0.901498 3.5764
995 -0.773331 -1.05552 1.51558
995 -0.672687 1.13911 3.57697
995 -0.560818 0.575354 3.56326
995 -0.819873 0.901565 3.60188
995 -0.535741 -0.779809 1.66924
995 -0.918864 -0.104119 2.6347
995 -0.911469 0.672144 3.45476
995 0.261326 1.01155 4.72021
995 -0.677251 -0.999682 1.45304
995 0.185978 -1.05918 0.490229
995 1.05665 0.886375 4.935
995 -0.442382 0.867127 3.50373
995 -1.18654 -0.221884 2.35469
995 -0.972423 0.00362362 2.59196
995 0.405938 1.25795 4.72399
995 -0.946007 0.0812526 2.4751
995 -0.481997 -0.875352 1.67818
995 -1.1335 -0.284918 2.52279
995 0.271109 -0.690475 0.473383
995 -1.09002 -0.81771 1.74447
995 0.689239 -0.0128323 5.7132
995 -1.05234 0.193104 2.61586
995 -0.234012 0.740146 3.62345
995 0.638661 1.04563 4.73573
995 -1.01563 -0.655167 1.67597
995 1.17232 0.322931 5.60309
995 -0.805667 -0.0409277 2.4383
995 0.310733 1.27685 4.54868
995 -1.30446 -0.133338 2.45031
995 1.22695 -0.0468562 5.86304
995 -0.512345 -1.18094 1.56066
995 0.464185 -1.11964 0.562756
995 0.567334 0.652694 4.82162
995 0.30362 -1.17383 6.89747
995 0.672382 -0.758979 0.265227
995 0.971001 -0.823008 0.297358
995 -1.24755 -0.144606 2.5486
995 0.413879 -0.951792 0.435794
995 0.674087 -1.06424 0.561888
995 0.992571 0.159245 5.79277
995 -0.694665 1.09722 3.68561
995 1.11385 0.291868 5.58251
995 1.01798 -0.386554 5.92372
995 -0.363074 1.1046 3.63847
995 0.535741 0.709605 4.66819
995 0.695101 0.660224 4.79005
995 1.39527 0.179328 -0.563772
995 0.743634 0.153275 5.66952
995 1.36629 -0.285268 5.8441
995 0.231585 -1.22076 6.92377
995 -0.514374 -0.860651 1.59218
995 0.297193 -0.791753 0.5846
995 0.912679 -0.199204 5.8328
995 0.813283 -0.338413 5.85588
995 -0.96356 0.750947 3.47319
995 -0.870711 0.742205 3.548
995 0.770317 -1.10406 6.73996
995 0.81573 0.0650392 5.66317
995 1.27388 0.3558 5.69382
995 0.54598 1.12297 4.62479
995 -0.716508 0.773531 3.61637
995 -0.14093 1.24868 3.82669
995 -0.949708 0.250584 2.59423
995 0.795666 0.647768 4.88403
995 0.348258 -1.28281 0.545278
995 -1.23978 0.356364 2.54912
995 0.844323 0.634713 4.8247
995 0.837644 0.895058 4.81946
995 -0.577334 0.963453 3.51924
995 -1.31823 -0.0118232 2.53551
995 -0.770264 -0.022496 2.60419
995 0.546416 -1.30244 0.55114
995 -1.07718 0.259382 2.61772
995 0.742913 0.986412 4.71851
995 0.337038 0.707967 4.67279
995 0.30075 -1.24326 0.51643
995 0.308233 -0.636848 6.74639
995 0.635072 0.802845 4.66389
995 0.481698 1.11642 4.7894
995 -0.804089 -0.794088 1.69954
995 -0.177862 0.834462 3.66328
995 0.38354 1.03278 4.7106
995 -0.565785 -1.15507 1.42899
995 -0.481805 0.69933 3.55006
995 0.44179 -0.803547 0.489313
995 -0.493671 -1.03591 1.45016
995 -0.396635 0.850343 3.63511
995 -0.695765 0.728608 3.58154
995 0.299274 1.11745 4.59351
995 -0.367327 0.77033 3.57407
995 1.05267 0.847875 4.86671
995 0.822605 0.682273 4.8482
995 -1.24913 -0.299224 2.52432
995 -0.735114 -1.12289 1.61403
995 0.909205 1.02678 4.79033
995 -0.384376 0.899346 3.53462
995 -1.08084 -0.0384625 2.61759
995 -0.575066 0.792643 3.5576
995 -1.06886 0.41437 2.6194
995 -0.390789 -1.23538 1.38504
995 0.389255 -0.631431 0.40299
995 -0.0899814 1.15092 3.75231
995 -0.9394 -1.00807 1.71172
995 0.284682 -1.03562 0.630217
995 0.543176 0.846884 4.8451
995 0.67295 0.830556 4.70587
995 -0.848402 0.126606 2.5289
995 -0.181378 -1.11574 1.42691
995 0.950925 0.160512 5.57429
995 -0.710102 0.593148 3.53627
995 -0.503443 0.666723 3.57784
995 0.482178 -1.05287 0.554263
995 0.450152 -1.25455 0.450682
995 0.514134 0.914374 4.70225
995 0.564064 -1.24019 0.396699
995 -1.16732 0.082446 2.47213
995 0.907865 -0.37592 5.80939
995 0.24327 -1.15595 0.526115
995 -0.599377 0.987719 3.46312
995 1.04699 0.770406 4.85617
995 0.378305 -0.906353 0.396257
995 0.232784 1.06507 4.63265
995 0.737028 1.13507 4.71036
995 -0.82072 -0.203532 2.51776
995 1.29793 -0.0252224 5.67862
995 -0.55967 -1.06219 1.5206
995 -0.222618 1.13774 3.75332
995 -0.488486 -0.834914 1.48849
995 -0.578287 0.70927 3.61526
995 0.721017 -1.03363 0.546616
995 -0.434146 1.35331 3.76677
995 -1.01101 0.137249 2.48451
995 0.584263 1.18791 4.5701
995 1.01737 -0.0290591 5.76749
995 0.42148 -0.679932 0.528825
995 -0.174979 -0.944591 1.40512
995 -0.906516 -0.963725 1.67048
995 0.509798 -1.28264 0.49678
995 0.571079 -0.872374 0.575355
995 -0.533189 -0.668784 1.57208
995 0.758005 0.66054 4.87663
995 -0.266299 1.16519 3.81181
995 -1.0331 0.74457 3.43697
995 -0.274227 -1.2339 1.37235
995 1.34974 0.123261 5.58766
995 -0.280405 -0.946955 1.51052
995 0.967968 -0.895268 0.359313
995 -0.640351 0.821672 3.67022
995 0.853746 1.01903 4.89058
995 0.880193 -0.00128093 5.71871
995 0.606366 -0.771477 6.60379
995 -0.940368 -0.0460063 2.41176
995 0.96317 0.964798 4.87443
995 -0.779811 -0.695164 1.55908
995 -0.69796 0.656598 3.6015
995 0.502483 1.30832 4.64829
995 0.717147 0.0852086 5.72925
995 1.16605 -0.13592 5.69363
995 -0.436695 0.621591 3.64546
995 0.456273 0.806585 4.68589
995 0.462178 1.00018 4.66994
995 0.749701 -0.200336 5.74379
995 0.949668 -0.0758615 -0.505874
995 1.07825 0.208309 5.74264
995 1.40589 0.0483093 -0.60149
995 0.353132 -0.976018 0.464804
995 0.9361 -0.737007 0.332189
995 -0.451318 0.956668 3.61396
995 1.38842 -0.0329804 5.69733
995 0.979129 0.0678836 5.68928
995 0.456802 -1.07412 0.46611
995 -1.03963 0.0365579 2.47379
995 1.30746 0.184515 5.63175
995 -1.16402 0.242284 2.66689
995 1.0571 0.310177 5.66717
995 0.815736 -0.866085 0.412517
995 -0.899184 0.815286 3.55296
995 -0.724613 0.96089 3.56752
995 -1.18341 -0.0225285 2.44553
995 0.446122 -0.749133 0.340907
995 0.991276 0.889982 4.79737
995 0.956341 0.66997 4.85834
995 0.48057 1.09612 4.59677
995 -0.63521 0.670798 3.52535
995 0.502377 0.726359 4.74308
995 -0.439956 -0.963489 1.60882
995 0.347132 -0.720115 0.529984
995 -0.98168 -0.889942 1.58588
995 -0.217378 1.19841 3.72057
995 0.862105 0.76887 4.84556
995 0.728263 -0.764598 0.354151
995 -0.899998 1.02565 3.62415
995 -0.506944 0.918325 3.4873
995 1.28577 0.0807837 5.61826
995 -1.20303 0.466995 2.67072
995 -0.0536612 1.09942 3.83308
995 0.609008 0.581617 4.72045
995 0.499623 -1.15858 0.631475
995 0.266452 1.25627 4.58562
995 1.06296 -0.330264 5.74521
995 -0.820255 -0.159821 2.4926
995 -0.93446 -0.196982 2.5077
995 -0.441612 -0.7973 1.58661
995 -0.129929 1.07163 3.82948
995 0.722659 0.575005 4.7709
995 -0.962733 -0.909684 1.71729
995 -0.249007 -1.08821 1.44142
995 0.703017 -1.22525 0.476699
995 -0.694817 1.23064 3.64841
995 -0.819717 1.1795 3.56549
995 1.12165 -0.207399 5.70753
995 -0.895882 -0.0815511 2.55392
995 -0.594008 1.10341 3.63523
995 0.950072 0.346123 5.64887
995 0.800111 0.55266 4.86908
995 -0.876686 -0.708646 1.61194
995 0.627341 -1.0508 0.294746
995 -1.25774 0.168905 2.6322
995 0.331373 -1.13503 0.610875
995 -0.657143 0.969098 3.65018
995 1.02491 -0.152192 5.76932
995 -0.689427 -0.652802 1.5628
995 -0.758295 0.914204 3.6392
995 1.00726 0.689714 4.90844
995 -0.461497 -1.1213 1.58486
995 -0.691963 -0.810371 1.61099
995 -0.856976 -1.14867 1.61584
995 0.875214 -0.241944 -0.406972
995 -0.899272 -0.830893 1.68324
995 -0.235289 0.970548 3.6348
995 0.639978 -0.577735 0.393801
995 0.485694 -0.800702 6.79265
995 -0.844315 -0.839974 1.71384
995 0.803208 0.601424 4.86902
995 -0.135886 1.15066 3.75212
995 1.20852 -0.290453 5.82331
995 -0.657504 -0.668916 1.58219
995 -1.00543 0.954202 3.37762
995 0.918172 0.945691 4.83262
995 -0.728307 0.927504 3.60602
995 0.307266 0.696791 4.7777
995 0.659013 0.647743 4.82607
995 1.34575 -0.140963 5.75758
995 0.852248 -0.0327158 5.68768
995 1.40827 0.0860484 5.73869
995 -0.664259 -1.22498 1.5491
995 1.15312 -0.316587 5.74045
995 -0.188941 1.17147 3.67627
995 1.2212 -0.342877 5.76747
995 -0.425365 1.23872 3.63207
995 -0.251186 -0.999458 1.50442
995 -0.188587 1.3076 3.67455
995 0.723433 1.09538 4.67611
995 -0.904503 0.11057 2.51652
995 -0.805626 -0.662202 1.56952
995 -0.715336 -0.921404 1.68384
995 0.941443 -0.35235 5.84873
995 0.698905 0.0385172 5.72482
995 1.31938 0.329716 5.64303
995 -0.325608 0.746361 3.70718
995 0.440729 1.05872 4.78923
995 0.607756 -0.915273 0.277502
995 -0.269418 -0.843625 1.36486
995 1.01345 0.382134 5.61826
995 1.13046 0.060978 5.69056
995 -0.594547 -0.962737 1.46642
995 -0.430819 1.00384 3.74757
995 -0.765078 -0.595815 1.67436
995 -1.04934 0.24723 2.69176
995 -0.448003 -1.31443 1.40218
995 -0.584953 0.63984 3.62771
995 -0.81685 -0.976687 1.63827
995 -0.319584 -0.722412 1.54527
995 -0.264056 1.32157 3.76812
995 1.1176 0.151762 5.78728
995 -0.666625 -0.874537 1.5392
995 0.889702 1.07204 4.81719
995 0.579467 -1.04547 0.379374
995 -1.09831 0.133248 2.67705
995 -0.314363 -1.10597 1.52733
995 1.39421 -0.159491 5.7468
995 -0.252673 0.910548 3.66302
995 0.935229 -0.41929 5.84211
995 0.133442 -0.872378 0.514068
995 0.601348 0.637077 4.80985
995 -0.166844 1.00584 3.77063
995 1.08873 -0.49988 5.8615
995 -0.442735 1.15894 3.64018
995 1.35685 -0.216464 5.82002
995 -0.720012 0.804203 3.47685
995 -0.75068 -1.00201 1.63067
995 0.419629 0.978377 4.60782
995 -0.558293 -0.853994 1.49331
995 1.16687 -0.220708 5.86241
995 0.762321 0.0881551 5.69463
995 1.27766 -0.374339 5.81961
995 0.646311 1.2549 4.73733
995 0.116711 -1.0141 0.666251
995 -0.537522 -1.12604 1.38216
995 0.287716 1.05471 4.61259
995 0.490637 -0.866819 0.560212
995 -0.973457 0.153233 2.48677
995 -0.858759 0.0854093 2.53512
995 0.624345 -1.10576 0.549532
995 0.79725 -0.143208 5.69262
995 -1.10928 -0.762787 1.73561
995 -0.888332 0.164965 2.51608
995 0.735259 -1.20003 6.83517
995 -0.480699 -0.648942 1.5653
995 0.616257 0.935788 4.88977
995 -0.807835 -0.609926 1.70839
995 1.04304 0.0551904 5.79407
995 0.259522 -0.64779 6.74585
995 0.183909 -0.751048 0.478941
995 -1.28117 -0.0887931 2.42939
995 -0.671253 1.19403 3.49031
995 0.288963 -0.90711 0.610396
995 -0.606332 -0.933048 1.44973
995 0.45585 -0.95445 0.472842
995 0.641585 0.685441 4.8493
995 0.714655 -1.08191 0.457415
995 -0.363598 0.701079 3.65466
995 0.830159 -0.191172 5.73079
995 -0.817438 1.12655 3.53304
995 0.419696 -1.2071 0.400814
995 0.681435 0.607913 4.75153
995 -0.178122 1.11757 3.75894
995 0.75653 -0.883684 6.62553
995 -0.191473 0.888336 3.70847
995 0.322616 -1.30668 0.492213
995 0.319136 0.894992 4.77174
995 -0.348917 1.29158 3.75351
995 0.563331 -0.800023 0.340097
995 -1.11157 0.0318525 2.61778
995 -1.42702 -0.0146016 2.61733
995 -0.59795 -0.888601 1.55704
995 -0.559603 -1.03395 1.42434
995 0.477992 0.834496 4.81312
995 1.27642 -0.292354 5.86363
995 -0.619415 -1.26386 1.52902
995 1.31876 -0.275163 5.86992
995 0.8128 -0.012529 5.74142
995 0.637133 -0.717616 0.367763
995 0.506251 -1.10944 0.618653
995 0.758421 -1.12562 0.330385
995 -0.548267 -0.623077 1.57882
995 -0.860728 0.975739 3.42668
995 0.689208 0.718354 4.86549
995 -1.02184 0.81666 3.47944
995 -0.451354 1.39038 3.69395
995 -0.319481 -1.07924 1.41846
995 0.20796 -0.83728 0.588952
995 -1.06313 -0.301452 2.37641
995 -1.11169 0.257003 2.57095
995 -0.504348 -0.595939 1.58355
995 1.11966 -0.408596 5.92817
995 1.18403 0.0230556 5.84174
995 -0.605194 -0.573012 1.53674
995 0.50288 -0.554032 0.438994
995 0.913482 0.110592 5.79004
995 -0.887 -0.219486 2.4069
995 -0.369124 -0.870792 1.59771
995 -0.604023 -0.992977 1.54127
995 -1.31142 -0.194746 2.43843
995 1.25116 0.218354 -0.573891
995 0.77314 0.893032 4.80728
995 -0.911514 0.921335 3.575
995 0.471312 -0.763925 0.564129
995 0.280894 0.871361 4.60536
995 -0.499094 -1.08316 1.5863
995 1.11002 -0.126991 5.64102
995 0.555452 -0.910391 6.7273
995 0.897056 0.0899914 5.66889
995 1.27355 0.309744 5.61734
995 1.10983 -0.00384645 5.7426
995 -1.05018 -0.10335 2.5255
995 0.996765 0.280445 5.62728
995 0.826494 0.950258 4.71126
995 1.34275 -0.320733 5.77017
995 0.656523 -0.801447 0.447552
995 -1.37436 0.119756 2.63287
995 0.655148 0.735253 4.86746
995 -0.614982 -0.827648 1.49572
995 -0.155068 0.936612 3.68285
995 -0.284824 0.894699 3.69485
995 -0.864068 0.832943 3.50494
995 -0.312167 1.24364 3.73384
995 1.00097 -0.235245 5.8358
995 1.26453 -0.0738782 5.62574
995 0.223086 -0.767067 0.523064
995 -0.304748 1.05473 3.67317
995 0.73973 -0.828868 0.396303
995 -0.274206 0.823639 3.65473
995 -0.57417 0.661342 3.49807
995 -0.267896 1.11317 3.822
995 -0.540383 0.889102 3.48649
995 -1.05339 0.292903 2.5486
995 -0.856919 -0.954223 1.66517
995 -0.663129 1.00567 3.55468
995 1.1173 -0.0460313 5.59199
995 -0.363488 -0.977219 1.45129
995 -0.73255 0.989974 3.46487
995 0.947123 0.024242 5.80132
995 0.877738 0.991606 4.82212
995 0.879727 -0.971742 0.470502
995 -0.54336 -1.17404 1.51537
995 -0.702137 -1.0727 1.60605
995 -0.735722 -0.569079 1.56173
995 -0.384271 -1.01465 1.50314
995 0.52244 -0.772673 0.548391
995 0.175844 -0.846452 0.503616
995 -0.408567 -0.653766 1.5795
995 -1.22862 -0.188812 2.5631
995 0.11097 -1.0488 6.85412
995 -1.22915 0.0778073 2.4529
995 0.804231 1.1535 4.71334
995 -0.356212 -1.15065 1.46017
995 -1.06124 -0.894398 1.68295
995 0.845242 -0.0666139 5.64548
995 -0.479985 1.18299 3.58253
995 1.03458 -0.24559 5.74332
995 1.10674 0.321816 5.67651
995 -1.2501 -0.0976905 2.57418
995 0.146688 -1.1575 0.630733
995 1.0352 0.00121599 5.76251
995 0.592571 -0.999042 6.76957
995 -0.371567 1.13061 3.80964
995 0.534791 0.7531 4.69824
995 -0.362288 1.25064 3.63
995 -0.894055 -0.876485 1.62196
995 0.860878 -0.115493 5.66183
995 1.32937 0.085434 5.58038
995 0.911321 0.830315 4.87357
995 1.12152 0.0974885 5.66089
995 0.901801 -0.745671 0.26965
995 0.580144 -0.969852 0.576804
995 -0.105698 1.2669 3.73898
995 0.376638 1.11369 4.74509
995 -0.365822 -0.830903 1.51353
995 -1.18538 -0.296438 2.38634
995 0.75531 -0.797325 0.475228
995 -1.39386 0.052563 2.56118
995 0.555659 -0.708833 0.500944
995 0.73075 1.01812 4.76758
995 1.20476 -0.492526 5.86431
995 -0.751217 -0.784429 1.72587
995 -1.11552 0.323569 2.59668
995 -1.06898 -0.744412 1.77507
995 -0.931697 0.32594 2.61149
995 0.464961 -1.3027 0.488788
995 1.04521 -0.198024 5.88196
995 1.34802 0.214573 5.65308
995 -0.825592 1.03252 3.546
995 0.645659 -1.18672 0.47727
995 -0.947892 -0.689743 1.61756
995 1.03162 -0.49508 5.88615
995 0.361482 0.958395 4.78779
995 1.13902 -0.528219 5.90788
995 0.202147 -1.17442 0.510607
995 -0.977814 0.922892 3.41363
995 -0.778051 -0.740308 1.56125
995 -0.923818 -0.587992 1.71025
995 0.727906 1.18292 4.72177
995 -0.596883 1.35275 3.6409
995 -0.827547 -1.02452 1.54883
995 -0.541446 -1.08134 1.5906
995 -0.838672 -1.06661 1.63944
995 -0.351484 1.06634 3.72054
995 0.551767 -0.94099 0.321703
995 0.64474 -1.14819 0.554011
995 0.346098 -0.833607 0.544549
995 -0.384769 1.37514 3.6898
995 0.924293 0.748656 4.77459
995 1.07878 -0.0505228 -0.426744
995 -0.636694 -0.608651 1.61468
995 0.73748 -0.696143 0.439909
995 0.772911 0.209095 5.66638
995 -0.812264 -0.0817806 2.47891
995 0.890804 -0.0829877 5.7827
995 -0.970061 -0.988358 1.65991
995 0.657728 -0.905909 0.559812
995 -0.85573 1.20034 3.58663
995 -0.766661 0.12673 2.5717
995 -0.375668 -0.735634 1.61011
995 1.21235 0.402477 5.66845
995 -0.51406 0.99895 3.57712
995 -0.67714 -0.568723 1.65753
995 -0.878726 0.940603 3.46401
995 0.331155 1.1726 4.55639
995 0.425265 -0.896718 0.394672
995 0.392007 0.667884 4.78042
995 -1.37509 -0.162432 2.42997
995 -0.75246 1.04 3.71257
995 0.961309 0.882012 4.90822
995 0.529789 -0.889014 0.362835
995 0.442387 0.554519 4.76299
995 0.199981 -0.988857 0.572527
995 0.835606 0.0793663 5.80268
995 0.364752 -1.1571 0.647221
995 1.07257 0.103379 5.63248
995 0.276589 0.821499 4.70342
995 -0.387528 -0.589495 1.52575
995 -0.533699 -0.920145 1.52428
995 -1.00257 0.768695 3.35639
995 -0.537974 1.04681 3.68098
995 -0.852915 -0.62806 1.57346
995 -0.275975 -1.1875 1.47667
995 -0.581422 0.844177 3.70391
995 0.70736 -0.160656 5.75525
995 -1.26462 -0.0206166 2.4993
995 -0.861811 1.05873 3.625
995 -0.115187 0.974589 3.77542
995 -1.21989 0.317843 2.58201
995 0.560093 1.24599 4.62571
995 -0.62388 0.94499 3.53403
995 0.15709 -0.921373 0.476086
995 1.10423 -0.324711 5.78403
995 1.27689 -0.415811 -0.458554
995 0.984342 0.115358 -0.497263
995 0.739523 -0.970781 6.84215
995 -0.803285 -0.566227 1.65086
995 -1.43657 0.021129 2.4723
995 -1.20217 0.272957 2.64021
995 0.497735 0.875843 4.82115
995 -0.766858 0.733453 3.59452
995 -0.199863 -0.992218 1.46129
995 -1.22598 -0.063914 2.54304
995 1.37074 0.149856 5.6519
995 0.259314 0.769165 4.71498
995 0.695494 0.991374 4.84212
995 0.709123 0.899549 4.7094
995 -0.966496 0.0504856 2.59652
995 -0.590668 -0.520052 1.58528
995 -0.560942 0.767075 3.68605
995 0.430541 -0.608058 0.420631
995 0.607722 -0.616106 0.35051
995 1.14182 0.0360836 5.61836
995 1.21373 0.362043 5.64707
995 0.957711 0.252917 5.62498
995 0.270612 -1.14842 0.614699
995 0.544547 0.518253 4.78625
995 -1.37408 -0.0840533 2.48863
995 -0.434306 -1.02898 1.41359
995 0.930746 0.182285 5.65648
995 -0.440877 0.665072 3.69828
995 -0.538245 1.1364 3.65651
995 -0.900455 -0.788846 1.5551
995 -0.888835 1.10416 3.49451
995 -0.536714 1.20859 3.71292
995 -1.01452 0.218267 2.52989
995 0.659237 -1.00574 0.441792
995 -0.412039 -0.856866 1.49479
995 -0.745233 -0.746202 1.68546
995 0.619197 0.526701 4.78971
995 -1.25094 0.412512 2.61428
995 -0.808243 -0.770184 1.58907
995 0.369897 0.852445 4.76451
995 -0.472868 -0.743352 1.51682
995 -1.00794 0.336611 2.66057
995 0.354103 1.07139 4.65034
995 0.640691 0.88482 4.92784
995 -1.15435 0.402565 2.65838
995 -1.03232 -0.128925 2.6209
995 0.823863 -1.06222 0.377393
995 -0.901084 -0.0469233 2.51346
995 -0.21798 -1.04648 1.48046
995 -0.482828 1.09006 3.69265
995 -0.592934 -1.19932 1.55395
995 0.295183 -0.71462 0.517594
995 1.38653 0.010426 5.68386
995 0.463 -1.02308 0.394391
995 -0.781346 0.61393 3.45678
995 -1.04003 -0.242061 2.53572
995 -0.973579 -0.719169 1.66004
995 1.13789 0.446321 5.55959
995 1.29893 -0.099176 5.81538
995 -0.333771 -0.783016 1.57322
995 -1.29401 0.325916 2.56696
995 0.767005 -0.646774 6.69202
995 -0.188253 1.27303 3.77391
995 0.695118 0.812786 4.64897
995 0.649942 1.20932 4.73593
995 -0.402043 0.961317 3.58713
995 -0.888996 -0.925125 1.62289
995 -1.13203 0.183195 2.57708
995 -0.352116 1.00285 3.62962
995 0.966737 -0.193526 5.75213
995 -1.24304 0.011559 2.43657
995 0.990056 -0.452554 5.83921
995 -0.956756 -0.0928949 2.45728
995 0.581914 -1.22708 0.534653
995 0.765816 -0.0477738 5.81525
995 -1.10001 -0.0747396 2.61831
995 -1.00347 -0.0579681 2.43429
995 -0.469452 -0.697778 1.49125
995 -0.285316 -0.884254 1.56618
995 -0.256214 -0.821114 1.53719
995 0.916303 0.784235 4.83494
995 -0.224373 -1.12363 1.42098
995 0.876883 -0.8431 0.470136
995 -0.615835 -1.05172 1.54639
995 0.438579 0.601643 4.79624
995 1.21358 -0.207128 5.67817
995 -0.998795 0.401023 2.62147
995 -0.847866 0.283758 2.63277
995 -0.313587 -0.981181 1.44389
995 -1.12241 -0.252286 2.43118
995 -0.406296 1.00519 3.53238
995 -0.866617 -0.240436 2.51256
995 0.407703 0.737682 4.68437
995 0.407319 1.11733 4.61598
995 -0.356785 -0.682963 1.57232
995 -0.536993 -0.888798 1.50954
995 -0.349767 -0.910038 1.59186
995 -0.924368 0.191418 2.68207
995 0.385499 -0.57893 0.469827
995 -1.14752 -0.0224779 2.5491
995 -0.288773 1.0193 3.68338
995 0.5172 -0.668564 6.7349
995 -0.581206 -0.594654 1.59202
995 -1.29764 0.418084 2.68682
995 -0.228844 1.06535 3.64672
995 -0.296669 1.38924 3.81527
995 0.792195 -0.0677268 5.72001
995 0.680559 1.11561 4.68328
995 0.762975 0.718061 4.87773
995 -0.214805 1.2461 3.81561
995 0.303117 0.775011 4.71758
995 -0.224455 -0.930163 1.43453
995 -1.01889 -0.978231 1.59687
995 0.511887 -0.607183 0.491602
995 -0.792454 -0.836229 1.54923
995 -0.918029 0.752255 3.51399
995 1.18118 0.223683 5.55709
995 0.796451 -0.814018 0.491015
995 1.07096 0.174928 -0.623573
995 -0.414815 0.925043 3.66557
995 -0.800808 0.701943 3.57166
995 -0.11558 1.09866 3.75717
995 -0.798034 -0.863814 1.7178
995 0.359901 0.903727 4.7812
995 0.218657 -0.883642 0.601388
995 -0.774889 -1.10742 1.56951
995 0.793198 0.134104 5.7083
995 -0.660912 0.663193 3.59553
995 -1.20744 -0.0215952 2.65955
995 0.234049 0.901276 4.62899
995 0.516778 1.07393 4.59697
995 0.508571 1.22453 4.69046
995 -0.556622 1.2379 3.57525
995 0.242328 0.843538 4.7365
995 0.384523 -0.684089 0.461878
995 -0.452675 1.09923 3.55354
995 0.879087 0.735227 4.77149
995 0.233375 -1.31015 0.554875
995 -0.836309 0.0334008 2.52498
995 -0.402433 -1.1184 1.42384
995 -1.20066 0.168161 2.68064
995 0.259098 -0.885751 0.580413
995 -1.28316 0.228378 2.51096
995 -0.907093 -0.671161 1.59528
995 0.620892 1.09897 4.72099
995 -0.84366 0.652243 3.50744
995 0.642169 -0.864775 0.322537
995 -0.854201 0.00999022 2.58803
995 -1.21288 -0.38144 2.46891
995 1.34042 -0.0965809 -0.511368
995 -0.290425 0.763093 3.69354
995 -0.675264 0.854967 3.64166
995 1.15764 0.35384 5.67971
995 0.767405 1.19414 4.67837
995 0.710622 1.23493 4.72344
995 0.663689 1.18067 4.65885
995 -0.434095 0.799645 3.67925
995 0.740804 0.768078 4.7096
995 0.445379 1.16137 4.67744
995 1.26109 0.0286171 5.80883
995 -0.408386 -1.07691 1.60498
995 1.14521 -0.111838 5.74528
995 -0.402867 -0.895538 1.5363
995 -0.268199 1.07742 3.65333
995 -0.365397 0.623215 3.58884
995 -0.748811 0.0406281 2.56802
995 -0.749414 0.670244 3.60983
995 -0.463033 1.01927 3.52396
995 0.912291 0.266796 5.70551
995 -0.499427 -1.22848 1.5027
995 -1.347 0.0142154 2.45619
995 0.852529 -0.930686 0.274866
995 0.103876 -1.19618 0.609329
995 -0.29351 0.676489 3.61764
995 -0.295035 0.980071 3.74586
995 1.332 0.0192183 5.64167
995 -0.894998 -1.08931 1.52577
995 0.628517 0.620577 4.73798
995 -0.521987 -0.973075 1.42431
995 0.815369 0.799653 4.76438
995 0.914271 0.22129 5.69113
995 0.299831 1.17948 4.66008
995 0.783291 0.0273502 5.77603
995 -1.40626 0.231836 2.6326
995 -1.28327 -0.335958 2.49486
995 0.493052 -1.22837 0.46744
995 -0.768881 0.775794 3.46217
995 -0.745546 -1.17619 1.4531
995 -0.185756 -1.21701 1.36978
995 -0.297193 1.20512 3.83705
995 -0.491246 -1.14527 1.5771
995 -0.669238 1.04672 3.54692
995 0.533802 -0.645009 0.501867
995 -1.15737 0.0174257 2.40808
995 -0.624266 0.730804 3.66305
995 1.19626 -0.102004 5.81088
995 0.488211 0.754248 4.82326
995 1.1552 -0.265519 5.87501
995 1.26637 -0.224795 5.83826
995 0.871803 0.931944 4.71989
995 -1.05862 0.848209 3.44171
995 0.647981 0.965034 4.69992
995 -0.943625 -0.163394 2.42666
995 -0.146965 0.884462 3.68294
995 0.805194 -0.696154 0.412334
995 1.03344 0.809391 4.86468
995 0.589851 -0.566903 0.380456
995 0.55547 0.941629 4.65728
995 -1.14545 0.459463 2.62802
995 -0.946324 -0.330348 2.42325
995 -0.784707 -0.932086 1.54654
995 -1.15989 0.118551 2.44702
995 1.21614 0.256313 5.6119
995 0.590141 -1.14686 6.6441
995 -1.01038 -0.00986723 2.40692
995 -1.34909 -0.29656 2.41867
995 0.974975 -0.155443 5.7524
995 -0.559874 0.928416 3.65759
995 -0.409798 -0.694801 1.47279
995 0.398346 -1.11934 0.637958
995 1.08811 -0.171439 5.72474
995 -0.527282 1.1675 3.60378
995 1.01462 -0.0614463 5.67052
995 -0.659183 -1.17692 1.47174
995 -1.35122 0.226607 2.50107
995 0.704759 -0.98404 0.522201
995 -0.317136 -1.14798 1.51873
995 1.26192 -0.0334522 5.76675
995 0.819029 -1.01466 0.42423
995 -1.17507 0.328024 2.67137
995 0.820795 -1.12403 0.425145
995 0.238905 -0.938776 6.84173
995 -0.885287 -1.03534 1.64118
995 -0.262828 1.27696 3.76571
995 -0.862959 -0.815024 1.5282
995 -0.692506 0.900059 3.68079
995 -0.826402 0.209565 2.61714
995 0.275421 -0.785997 0.443452
995 0.487418 1.02909 4.7943
995 -0.72608 1.13583 3.63551
995 -0.625478 0.78518 3.58376
995 -1.0854 -0.357148 2.41792
995 1.03276 -0.416626 5.84548
995 0.33362 -0.612489 0.491975
995 -0.516463 -1.27904 1.51749
995 -0.540798 1.35953 3.6462
995 -0.750868 -0.647312 1.68573
995 0.332671 -1.07136 0.445607
995 0.877768 -0.9036 0.360021
995 -1.09742 0.171986 2.63749
995 -0.848182 1.08389 3.47906
995 -0.475746 1.22452 3.68112
995 -0.484354 1.05346 3.67908
995 1.29682 0.12966 5.65241
995 -0.354453 -0.61339 1.53716
995 0.73131 0.628098 4.74884
995 -0.627371 1.32261 3.67058
995 1.11025 -0.438394 5.82645
995 -1.02976 0.380644 2.66252
995 0.677784 -0.604366 0.377093
995 0.609061 0.815442 4.70758
995 0.862634 0.0393089 5.75714
995 0.471112 -1.16451 0.426311
995 -0.687711 -1.11179 1.64901
995 -1.03419 0.984372 3.44482
