205 0.815896 0.651553 4.81443
205 0.656608 -0.56411 6.53197
205 0.913338 0.915063 4.8023
205 -1.06893 0.372627 2.68464
205 -0.627431 0.809555 3.49624
205 -1.15719 -0.306681 2.30095
205 0.394711 -1.29773 0.67031
205 0.962072 -0.360774 6.06303
205 -0.639006 -0.957315 1.60623
205 -1.02935 -0.632741 1.86201
205 -0.710122 -0.846183 1.68718
205 -0.301 1.07841 3.78206
205 0.62682 0.548569 4.79822
205 -0.744793 -0.868812 1.65992
205 0.631779 -0.825515 6.56678
205 -0.75744 -0.0748761 2.47914
205 -0.160643 1.09163 3.9252
205 -0.654242 -1.18691 1.40188
205 0.542697 -0.64232 0.19091
205 -0.979389 0.0963713 2.64215
205 0.841028 0.73599 4.77998
205 -0.262081 1.18938 4.00085
205 -0.50582 -0.961731 1.37869
205 0.0624964 -1.06591 0.763406
205 -0.794749 -0.578854 1.75918
205 -1.15521 0.126188 2.73933
205 -0.169189 0.99884 3.94918
205 -1.34514 0.290981 2.57051
205 0.62878 1.11545 4.62596
205 -0.0212502 1.32396 3.90437
205 0.301638 -1.32374 0.706012
205 0.874549 0.91428 4.93867
205 -0.544938 1.03287 3.57183
205 -0.513227 0.735949 3.47874
205 0.356642 -0.889494 0.616183
205 -1.17462 -0.690253 1.92082
205 0.793007 -0.310354 6.0194
205 -1.35204 -0.112981 2.47606
205 -1.04376 -0.684826 1.80466
205 0.503316 -0.57656 0.212031
205 1.10468 -0.570501 6.05207
205 1.02628 0.794325 4.86576
205 0.277523 -0.699331 0.567811
205 -1.30778 -0.311212 2.45779
205 0.483098 -1.19733 0.621305
205 -1.41612 0.0561812 2.58426
205 1.31088 0.179589 5.59123
205 0.422462 0.854868 4.75959
205 0.117792 -1.26041 0.769772
205 0.233318 -1.04588 0.715139
205 1.30021 0.399692 5.54547
205 0.590692 1.0906 4.78292
205 0.617844 0.732151 4.72933
205 1.04263 0.188361 5.53835
205 0.724565 0.80797 4.84187
205 -0.207912 -0.928349 1.24471
205 -0.300656 1.21244 3.89287
205 0.749639 0.0682133 5.58165
205 0.327943 -0.95987 0.613899
205 -1.31683 0.227398 2.59667
205 0.880924 0.19901 5.58616
205 1.08818 0.222547 5.54179
205 0.569655 -0.747214 6.51868
205 -0.713783 0.675634 3.44954
205 -0.459314 -1.30539 1.25584
205 0.852195 -0.929445 0.197731
205 0.400131 -1.10151 0.638332
205 0.576886 0.841235 4.72472
205 -0.959203 0.933281 3.4635
205 -0.707234 0.718142 3.34375
205 -1.31663 0.363273 2.57207
205 -0.104196 -0.872058 1.25472
205 -0.141566 0.793784 3.90078
205 -0.222499 -1.34749 1.23265
205 -0.0836842 -1.04513 1.20337
205 -0.473636 1.12476 3.76341
205 0.812389 1.05386 4.75633
205 -1.15352 0.342604 2.56835
205 -0.905985 0.198305 2.58194
205 -1.12201 -0.809195 1.79769
205 -1.03675 -0.217447 2.44973
205 0.391333 0.716314 4.7334
205 -1.36981 0.15217 2.69058
205 -0.908614 -0.648543 1.75839
205 -1.07133 0.697971 3.24205
205 -0.829611 0.740964 3.32114
205 0.563457 1.28602 4.65856
205 1.08795 0.156885 5.49103
205 1.20991 0.210167 5.61311
205 0.441183 -0.797318 0.546659
205 -0.970319 0.761796 3.44544
205 -0.336785 1.39054 3.99876
205 -1.09788 -0.557145 1.92648
205 -0.402363 -1.13754 1.26712
205 -0.961628 -0.741345 1.7328
205 0.978163 -0.917031 0.207048
205 0.942314 -0.0676107 5.84106
205 0.719315 1.16676 4.78395
205 -0.759796 0.132657 2.56706
205 -0.693746 1.09805 3.49758
205 0.621621 0.848983 4.85679
205 -0.284305 -0.913943 1.26948
205 0.716256 0.883711 4.72312
205 0.296969 -1.23807 0.649212
205 0.563208 0.759628 4.69698
205 0.864131 0.827952 4.83813
205 0.139067 -1.1066 0.680359
205 -0.726893 0.758879 3.4376
205 1.05438 -0.828733 0.188755
205 -0.759112 -0.979857 1.67187
205 1.31357 0.0171579 5.64095
205 0.220708 -0.763765 0.64132
205 -0.667966 -0.511965 1.78269
205 -0.725025 -0.511778 1.81773
205 -0.0407898 1.18288 3.94709
205 0.176635 -0.882023 0.665013
205 -1.11027 -0.366373 2.39089
205 0.516937 1.27841 4.68546
205 0.571002 1.17681 4.6703
205 0.473803 1.10133 4.75147
205 -0.105133 -1.17482 1.19657
205 1.08169 0.0845077 5.59092
205 0.315883 -0.786982 0.579739
205 0.92111 -0.79719 0.237903
205 -0.11035 1.05665 3.98874
205 0.921623 0.0584598 5.62993
205 0.479585 0.806752 4.77807
205 -0.79137 -0.209269 2.43303
205 0.311648 1.3188 4.37572
205 -0.855056 -0.916144 1.77048
205 0.601949 -1.1934 0.54158
205 -1.09526 0.735634 3.35884
205 -0.880366 -0.508337 1.83673
205 1.26978 -0.360182 6.03293
205 0.699703 0.778958 4.75436
205 -0.459759 0.734694 3.47182
205 0.514559 0.85756 4.70251
205 -0.589784 1.02269 3.54697
205 -1.08895 0.138296 2.5313
205 0.973728 0.4145 5.54954
205 -0.441691 1.03093 3.80082
205 1.12338 0.492362 5.52206
205 -0.66985 -0.749118 1.6668
205 -0.662391 0.806172 3.46814
205 1.17479 -0.446306 6.02379
205 -0.862883 -0.677319 1.76879
205 0.304005 1.04114 4.50655
205 -0.846731 1.17175 3.49041
205 0.801754 1.14327 4.72772
205 -0.4756 0.619308 3.46122
205 0.250351 -1.00388 0.641434
205 -0.933075 -0.117849 2.56047
205 0.96762 -0.982468 0.221506
205 -0.268935 0.808253 3.8206
205 0.470661 -1.06266 0.574342
205 0.588791 1.20401 4.81951
205 -0.427659 -1.23616 1.31393
205 -0.93733 0.119969 2.51251
205 0.993952 0.372086 5.60812
205 1.23512 0.176155 5.61795
205 -0.874237 -0.175118 2.37792
205 -0.892897 1.01941 3.35382
205 -1.21358 0.32129 2.5773
205 -0.333617 0.842454 3.87433
205 -0.234935 1.16514 3.80061
205 0.895625 -0.285031 5.99791
205 -0.396187 1.29022 3.91162
205 -0.886955 -0.580191 1.77847
205 -0.390164 -1.33119 1.36557
205 -1.24905 0.106377 2.67221
205 0.614584 0.785027 4.74014
205 -1.24136 -0.381552 2.34103
205 0.689438 -0.285201 6.00364
205 0.624272 -1.12734 0.547916
205 -0.578343 -0.766634 1.6992
205 0.171924 -0.829705 0.697796
205 0.0868305 -1.25673 0.705378
205 0.502662 -1.08995 0.596634
205 0.999666 0.903169 4.79169
205 0.315902 -0.840541 0.607934
205 0.888171 -0.16311 5.88279
205 -0.655342 0.948662 3.52531
205 1.25035 0.0872495 5.58548
205 -0.238636 0.746731 3.8495
205 1.17101 -0.137477 5.97236
205 1.28409 -0.223039 -0.405834
205 0.990166 -0.0968546 5.90466
205 0.671197 0.990207 4.65859
205 1.01877 0.0282777 5.6309
205 0.403748 0.639401 4.79462
205 -0.170372 -0.983441 1.30696
205 -0.526292 -1.11858 1.36509
205 1.35109 -0.305582 5.92378
205 1.10487 -0.170313 5.87564
205 1.12866 -0.278567 5.90397
205 0.457963 -0.841939 0.565796
205 0.684299 -0.649502 0.259135
205 0.172751 -0.944091 0.682162
205 -0.629102 -0.774717 1.70727
205 -1.00069 -0.0674695 2.53938
205 0.787726 0.878112 4.90326
205 -1.05622 -0.787594 1.79354
205 -1.43884 -0.00490501 2.55367
205 -0.0868786 1.10489 3.81882
205 -1.07353 0.0115181 2.51198
205 -0.530558 -1.00728 1.32087
205 0.866819 -0.134612 -0.348885
205 -0.0160821 1.21118 3.86912
205 -1.10094 -0.280128 2.47456
205 1.15746 -0.166648 5.85724
205 -1.09545 -0.831899 1.86988
205 0.427391 -0.945219 6.8881
205 -1.40115 0.256416 2.57108
205 -0.553583 0.971658 3.52839
205 1.03392 -0.887636 6.47065
205 1.08908 -0.0950979 5.89537
205 1.16242 0.219115 5.48732
205 -0.4372 1.29479 3.93796
205 0.17992 1.29277 4.41318
205 -0.205313 -1.09922 1.25132
205 -0.923156 0.922508 3.37028
205 1.13727 0.323135 5.57736
205 -1.13269 -0.15797 2.47534
205 -0.30358 -0.700725 1.33157
205 -0.620279 -1.23075 1.3979
205 0.924107 0.245366 5.5182
205 0.720675 1.00385 4.82233
205 0.966789 0.262844 5.43775
205 0.837479 -0.600451 6.41914
205 -0.712311 -0.953261 1.7294
205 -1.4157 0.186501 2.68555
205 0.770687 -0.398192 6.02207
205 -0.643707 0.911194 3.43919
205 -0.351553 0.888742 3.84512
205 0.853507 0.985837 4.76424
205 -0.770158 -1.08303 1.66633
205 -0.984061 0.96873 3.28049
205 0.796212 -0.359594 -0.274938
205 -0.637002 -0.674778 1.71373
205 0.365141 -0.79221 0.607877
205 -0.515291 -1.29876 1.25359
205 -1.03576 0.81885 3.31735
205 0.604342 -0.725951 0.22588
205 -0.854482 1.09355 3.49688
205 -1.17581 0.243389 2.63007
205 -0.439123 -1.01334 1.3076
205 0.816862 0.912999 4.74241
205 0.758285 -0.1503 6.00195
205 -0.0795803 0.899276 3.92116
205 -1.35682 0.342298 2.60373
205 -0.308478 1.4153 3.94315
205 -0.58866 -0.588832 1.71565
205 -1.24557 0.381812 2.70086
205 -0.865577 -1.01998 1.72205
205 0.96595 0.910824 4.86838
205 -0.911109 -0.173631 2.49304
205 -1.11869 0.398896 2.67714
205 -1.35139 0.265872 2.68598
205 0.530822 1.0694 4.71621
205 1.17008 0.426248 5.54656
205 0.301941 -0.999615 0.631598
205 0.904893 -0.735246 6.42646
205 -1.20006 -0.37439 2.4511
205 -1.30868 0.120141 2.46635
205 -0.28862 -0.846337 1.36964
205 -0.523873 1.27824 3.85577
205 0.92584 0.857716 4.94463
205 -0.726857 0.605029 3.36583
205 -0.644722 0.601681 3.43787
205 -1.18906 0.282093 2.54137
205 0.395002 -0.698515 0.562223
205 -0.459989 1.20209 3.79311
205 0.673009 1.1841 4.78828
205 -0.578733 0.920977 3.53363
205 -0.441505 -0.948358 1.29804
205 -0.684654 -0.815108 1.72747
205 -0.852281 0.770691 3.44318
205 1.07168 0.735534 4.92671
205 1.12939 -0.217886 5.86542
205 -0.784216 -0.821843 1.72535
205 0.32989 0.702172 4.7819
205 -0.487615 0.702128 3.47488
205 0.320558 -1.25843 0.736499
205 0.619168 -1.00964 6.80656
205 0.234185 -0.865136 0.686568
205 0.489678 -1.13001 0.577036
205 -0.590091 -0.480027 1.74574
205 0.330367 -0.748635 0.601984
205 -0.161941 1.15651 3.97599
205 -1.11298 0.272103 2.55041
205 -0.287302 1.31596 3.91072
205 -1.10678 0.202992 2.70098
205 0.3981 1.14431 4.62059
205 0.406977 0.9937 4.59957
205 0.666705 -1.08573 6.81834
205 -0.130088 -1.0055 1.28802
205 -0.940247 -0.774414 1.76934
205 -0.603444 0.981607 3.54865
205 0.442058 1.1576 4.63395
205 1.34571 -0.101488 5.84734
205 -0.864006 0.815913 3.40537
205 0.479137 1.25325 4.697
205 -1.29975 0.0486903 2.43296
205 0.768572 1.14336 4.86603
205 0.803143 -0.741705 6.44924
205 -0.858436 -0.781572 1.80942
205 -1.0854 -0.311399 2.52413
205 0.97142 -0.736438 0.128489
205 1.00452 -0.844725 6.4305
205 -0.302778 -0.99459 1.27923
205 -0.16611 -1.18583 1.24879
205 -1.02253 0.700605 3.3481
205 0.229606 -1.21465 0.727401
205 0.513811 -0.833965 0.512593
205 -0.859248 0.97347 3.48545
205 -0.892833 0.294118 2.61743
205 -1.38968 0.0278173 2.6644
205 0.109329 -1.32416 0.738582
205 -1.36438 -0.0123871 2.63947
205 0.737944 -0.351099 -0.249351
205 -0.572174 0.533658 3.35836
205 -0.400498 -1.04791 1.3078
205 0.683836 0.93865 4.86626
205 0.317478 1.22446 4.43906
205 1.15102 -0.528855 6.01601
205 -1.10587 -0.69837 1.81621
205 0.881582 -0.818835 0.219501
205 0.528311 0.924995 4.71382
205 -0.969323 0.17489 2.64114
205 -0.990631 0.252708 2.62541
205 -0.946001 -1.00097 1.69507
205 0.998974 -0.348319 5.90842
205 -0.932293 -0.21349 2.5347
205 0.85696 0.681865 4.84095
205 1.31727 0.329709 5.57409
205 0.269864 0.881762 4.56357
205 -0.282976 0.954048 3.88414
205 -1.06823 -0.029869 2.56793
205 -1.00316 -0.207363 2.53348
205 -0.940732 0.036217 2.60647
205 -0.658264 1.15093 3.60038
205 0.506114 1.20862 4.64169
205 1.17795 -0.367451 5.91225
205 0.192232 -1.25352 0.731401
205 1.12808 0.217992 5.63531
205 0.390933 -1.05078 0.603719
205 1.24192 0.496435 5.43136
205 0.998792 1.00114 4.85672
205 -0.582092 -0.714845 1.67884
205 -0.449495 -1.06736 1.28829
205 0.651898 1.25469 4.71657
205 0.344012 -1.04052 0.647892
205 1.00734 0.197567 5.60116
205 -0.654059 0.716059 3.50915
205 0.419804 0.797682 4.67086
205 -1.06416 0.211856 2.58331
205 0.270294 -1.0796 0.600566
205 0.825371 1.10195 4.70507
205 -0.779802 1.1897 3.52296
205 -1.29518 -0.243361 2.39505
205 -0.657503 -0.477841 1.71322
205 -0.764046 -0.909247 1.7342
205 -1.26311 -0.307957 2.36843
205 0.557628 1.01039 4.67414
205 -0.307924 -1.24555 1.31492
205 -0.381988 0.908741 3.83857
205 1.0871 -0.521377 6.08385
205 -0.891715 0.160968 2.60471
205 0.630535 1.16285 4.65114
205 1.06243 -0.545332 6.00355
205 0.983743 -0.464004 5.97327
205 0.373152 -0.946216 0.628007
205 -0.966778 -0.671684 1.77606
205 -0.808997 1.03622 3.37773
205 -0.889301 -0.0578641 2.55639
205 -0.643389 -0.826942 1.7267
205 1.04423 -0.0813857 5.87038
205 -0.967862 -0.0514549 2.47299
205 -0.777916 0.00515135 2.61034
205 -0.420819 1.10847 3.8208
205 0.875031 -0.974236 6.53979
205 -1.02207 -0.108837 2.55653
205 -0.46901 -1.15423 1.29933
205 -0.452978 0.979672 3.7537
205 -0.360367 -0.831892 1.37937
205 1.26819 -0.136355 5.87648
205 0.271082 1.28977 4.42031
205 -0.770296 -0.118432 2.5057
205 0.324659 0.813258 4.74878
205 -1.0984 0.652039 3.24032
205 0.663143 1.02619 4.7832
205 -1.19977 -0.335644 2.38864
205 -0.614785 -0.639579 1.75726
205 -0.300345 0.843871 3.79578
205 -0.197583 0.773924 3.84622
205 -0.823954 -0.662129 1.76063
205 0.827687 -0.419137 6.00967
205 -0.761627 0.758986 3.5112
205 0.538427 0.747632 4.82609
205 -1.2863 -0.0734284 2.49985
205 -0.663193 0.635562 3.40976
205 -0.626144 1.1733 3.53831
205 0.530719 -0.528388 0.214103
205 -0.14799 -1.0808 1.31178
205 -0.359469 1.16377 3.94884
205 -0.346988 -1.09909 1.267
205 -0.342309 -0.899805 1.3323
205 -1.13549 0.0221043 2.65669
205 1.31442 0.29342 5.44641
205 0.875812 1.1154 4.88169
205 1.02442 -0.393204 6.03966
205 1.06162 -0.00727757 5.67719
205 -0.292488 0.909709 3.75953
205 -0.273833 1.35201 3.85959
205 -0.32998 -0.952316 1.30086
205 0.763275 -0.926974 0.207152
205 -1.14194 0.311377 2.65995
205 0.729353 0.1531 5.55004
205 -0.30388 1.27633 3.86744
205 0.00984197 1.09132 3.97279
205 -1.03879 0.0938314 2.45535
205 -1.06479 -0.201492 2.37604
205 0.307629 0.956894 4.55136
205 -0.187864 1.26744 3.82678
205 -0.756489 -0.622079 1.77392
205 0.431921 1.02098 4.72427
205 0.207386 0.926383 4.58071
205 0.227952 1.18346 4.4643
205 -0.202107 1.0612 3.96701
205 -0.436643 1.34538 3.78412
205 1.33154 -0.232886 5.9615
205 0.39343 -1.14164 0.601868
205 1.13596 0.0267845 5.5991
205 -0.0189761 1.14508 3.90241
205 -1.01384 1.039 3.37795
205 -1.01046 -0.329909 2.45731
205 0.163468 1.07309 4.4463
205 0.92844 -0.323708 5.95028
205 0.527856 0.532334 4.83562
205 0.823852 -1.0503 0.26084
205 -0.363756 -0.804535 1.29272
205 -0.205645 -1.04524 1.24736
205 1.06421 -0.753211 0.158534
205 -0.324892 -1.05919 1.29461
205 1.24605 -0.478155 6.00707
205 -1.11045 -0.225479 2.3787
205 0.925388 -0.900552 0.222055
205 0.854195 -0.785085 0.170472
205 1.00707 0.734371 4.86291
205 0.0554497 -1.20293 0.775599
205 -1.45639 0.0635815 2.49798
205 -1.13805 -0.118845 2.44827
205 0.908476 1.11269 4.803
205 -0.583426 0.669597 3.40286
205 -0.278024 -1.35025 1.21329
205 -0.98691 -0.00536498 2.48373
205 -0.359608 1.29128 3.87967
205 0.437294 0.69177 4.79276
205 0.754551 0.539822 4.87585
205 0.856613 0.348991 5.48892
205 0.840423 -0.282075 5.91068
205 1.19891 -0.00957988 5.68197
205 -0.278597 1.23954 3.81062
205 -1.16009 -0.606002 1.92212
205 -0.703965 0.957977 3.45707
205 1.32797 -0.283182 6.0026
205 -0.384222 0.993208 3.84049
205 -0.924971 0.775341 3.37879
205 -0.130137 -0.825772 1.2456
205 -0.968937 1.07999 3.37678
205 -0.544885 0.822061 3.45589
205 -0.754634 0.804507 3.43104
205 -0.582196 -1.07919 1.41666
205 -1.18967 0.196002 2.65528
205 -0.821095 0.579598 3.40951
205 0.742999 0.977371 4.73257
205 -0.564758 -0.819453 1.63964
205 0.457696 -0.76066 0.549765
205 0.255686 1.21496 4.42298
205 -1.05967 0.591093 3.16459
205 -0.819474 -0.181037 2.42144
205 -1.32186 -0.365258 2.43481
205 1.05672 0.889901 4.89142
205 -0.960524 0.298946 2.64962
205 -0.36385 -1.028 1.32745
205 -0.755711 0.0791527 2.56494
205 0.868551 -0.891798 0.215387
205 -0.25171 -0.740139 1.26442
205 0.926025 -0.456172 5.95373
205 -1.27708 0.0125422 2.4658
205 -0.73374 1.07534 3.52585
205 0.329023 0.778579 4.7166
205 -0.89752 -0.897917 1.74293
205 1.18904 -0.300201 5.89695
205 -1.17269 0.142013 2.58034
205 0.406385 0.598594 4.76634
205 -0.969328 -0.239302 2.35839
205 0.800305 0.319464 5.50735
205 -0.598782 -0.85272 1.69004
205 0.140289 -0.96337 0.637889
205 0.830219 0.571325 4.92293
205 0.773827 -0.886729 6.52135
205 0.817421 -0.877111 0.26273
205 0.0831462 -0.941446 0.685568
205 -0.892911 0.128045 2.66007
205 1.02526 -0.782173 0.12572
205 0.603765 -1.24319 0.523667
205 1.20407 -0.59267 6.00214
205 -0.983125 0.690862 3.33832
205 1.19516 0.37523 5.42566
205 1.34067 0.0744723 5.56607
205 -0.614869 1.2307 3.62246
205 0.973692 0.662242 4.952
205 1.00596 0.841037 4.8605
205 1.10704 -0.142905 -0.333038
205 1.20725 -0.555188 6.03691
205 1.1878 -0.210223 5.97284
205 0.700171 -0.587134 6.51452
205 -0.256815 -0.884369 1.30085
205 0.486546 -0.999947 0.535335
205 1.23338 0.320976 5.47621
205 0.989453 0.35358 5.4417
205 -0.156161 1.30981 3.97971
205 -0.74711 1.03348 3.57183
205 0.981365 -0.683109 6.43376
205 1.02776 -0.585998 6.1034
205 1.11577 0.426376 5.56076
205 0.802483 0.60214 4.94288
205 -0.172445 0.864359 3.9017
205 -0.332151 1.14764 3.77268
205 -0.819793 -0.00773652 2.50386
205 0.2732 0.960258 4.57832
205 0.162635 -1.31064 0.697706
205 -1.35043 0.104847 2.69247
205 0.749469 0.849234 4.75778
205 0.222253 1.14314 4.42492
205 -0.151942 1.35014 3.9471
205 -1.41779 -0.161953 2.4879
205 -1.34427 -0.267738 2.50349
205 0.591802 -0.64983 0.26103
205 -1.01444 0.177302 2.61509
205 0.53614 0.573133 4.8635
205 0.440229 0.877841 4.63977
205 0.203655 -1.13396 0.684655
205 0.547611 -1.05967 6.83308
205 0.512975 0.723178 4.84728
205 0.828707 0.803157 4.88734
205 -0.915929 -0.538717 1.80377
205 -0.762607 0.682061 3.31543
205 0.767141 0.943532 4.7077
205 -0.923085 -1.01306 1.81466
205 -0.941832 0.866083 3.5089
205 0.425814 -1.04784 0.632604
205 -0.470677 -1.20328 1.34976
205 -0.771422 0.841287 3.38221
205 -0.0540657 0.916073 3.87061
205 0.767964 0.778475 4.85995
205 -0.623303 0.877197 3.54366
205 1.00938 0.679567 4.8868
205 0.462841 0.682367 4.7204
205 -1.24585 -0.0728529 2.59833
205 -0.506752 -0.924453 1.34469
205 0.685667 0.844982 4.83942
205 -0.045096 1.05315 3.90136
205 -1.25159 0.329812 2.74547
205 -0.285944 1.03635 3.91551
205 -0.986556 0.146203 2.6726
205 -0.0608123 -1.20143 1.14251
205 0.0775516 -1.00778 0.717386
205 -0.873097 0.895487 3.28103
205 -0.243073 -0.822934 1.35721
205 0.442959 -1.14606 0.612845
205 0.53994 0.790046 4.87694
205 0.679541 0.886079 4.8967
205 -1.2562 0.244835 2.59385
205 -0.766097 -0.70859 1.76402
205 1.05419 0.112832 5.65755
205 -0.462102 0.837294 3.58661
205 -0.107059 1.25352 3.87432
205 0.131898 -1.15457 0.733244
205 0.0857366 -0.873957 0.692584
205 0.57998 0.797226 4.80256
205 0.93358 -0.95188 0.185696
205 -1.01189 -0.253473 2.56334
205 0.799509 0.051416 5.57097
205 0.14589 -1.04423 0.623966
205 -0.285609 1.39162 3.85739
205 0.574892 0.578515 4.79184
205 0.120952 -0.763213 0.701203
205 0.865713 1.04012 4.75073
205 0.329898 1.14191 4.48041
205 -1.17212 -0.184226 2.56421
205 1.28774 -0.493172 6.05417
205 -0.414135 -0.888232 1.31669
205 -0.916138 0.729998 3.3141
205 -0.286064 -1.03097 1.31895
205 -0.201588 1.09594 3.91141
205 0.197842 -1.30427 0.758305
205 -0.838191 0.654571 3.38413
205 -0.821614 -0.102171 2.56159
205 0.555592 0.68219 4.86063
205 1.36009 0.13376 5.55042
205 0.812431 -0.940013 0.170847
205 -0.509919 -1.21977 1.31166
205 -0.185157 -0.888003 1.24459
205 0.928781 -0.632948 0.112836
205 0.578337 -1.14429 0.553318
205 -0.421467 -1.09378 1.3662
205 0.663972 0.669693 4.81654
205 -0.213437 1.38232 3.87012
205 -0.0943034 1.30889 3.84837
205 -0.278782 -0.945331 1.35622
205 0.884989 0.383848 5.49293
205 -0.815901 -1.0297 1.72895
205 0.667232 -0.726866 0.210497
205 -0.146989 0.967849 3.78735
205 0.544756 0.627531 4.79259
205 1.24074 0.390916 5.5389
205 0.756499 -0.547591 6.42233
205 -1.31801 -0.00661592 2.64104
205 0.215011 1.33188 4.39699
205 -0.899168 -0.741396 1.79124
205 -0.471331 1.0727 3.78476
205 0.341598 0.870648 4.67421
205 1.07402 0.0519421 5.5649
205 1.3552 0.20389 5.53494
205 -0.781295 0.544891 3.38613
205 0.639889 1.06615 4.79857
205 0.644445 0.589683 4.84997
205 1.00978 0.156381 5.50384
205 1.23468 -0.370386 -0.401361
205 0.812462 0.0983612 5.63906
205 0.949928 -0.438609 -0.248433
205 0.628012 -1.054 0.502994
205 0.849608 -0.741741 0.197617
205 -0.216341 0.87717 3.90772
205 1.32568 -0.178367 5.93215
205 0.968149 -0.301524 6.00085
205 0.380933 -0.827415 0.581679
205 -0.931117 -0.067991 2.55493
205 1.07133 -0.281384 5.87797
205 -1.38243 -0.294092 2.42811
205 0.931717 -0.400006 6.04688
205 0.543172 -0.600065 0.195917
205 -0.59078 0.863192 3.46695
205 -0.891097 0.8551 3.36336
205 -1.04292 0.064966 2.54047
205 0.625701 -0.49965 0.194079
205 0.180025 1.12795 4.46016
205 0.729171 0.608634 4.86597
205 0.803704 1.18802 4.82527
205 -0.593013 0.717083 3.46007
205 0.971516 0.781631 4.82198
205 -0.689826 -1.12952 1.50084
205 0.242127 -1.16468 0.703554
205 -0.802156 -1.12207 1.63007
205 -0.987716 0.804475 3.414
205 0.995574 0.947632 4.89722
205 0.188719 -0.719472 0.679956
205 -0.735235 0.974676 3.55719
205 -0.103785 1.34194 3.93119
205 0.848402 0.0721511 5.59551
205 -0.954106 0.339462 2.65524
205 -0.933903 1.04834 3.50375
205 0.888303 0.976903 4.73214
205 0.185927 -1.0011 0.731148
205 0.203396 1.03014 4.50481
205 1.25961 0.239423 5.52025
205 -1.27107 -0.171155 2.44882
205 -0.839389 0.0450198 2.46938
205 -0.713363 -0.906404 1.69415
205 -0.403992 1.04767 3.81077
205 0.422056 1.22294 4.64468
205 -0.719491 -0.67733 1.72222
205 -0.243257 -1.16219 1.20314
205 0.723579 -1.15758 0.476636
205 -0.693376 0.807003 3.50598
205 -0.165264 0.916752 3.85613
205 1.024 -0.425027 6.00572
205 -0.877698 -0.0137112 2.45051
205 -0.792578 0.675781 3.3752
205 1.00006 -0.519203 6.02944
205 0.37676 0.900588 4.72933
205 -0.164201 -0.795975 1.27513
205 0.45161 -1.22288 0.614113
205 -1.16355 0.49513 2.80882
205 0.144308 -1.0067 0.680894
205 -0.898476 0.569641 3.31642
205 0.946295 0.307002 5.60643
205 -1.06206 -0.917638 1.79572
205 -0.348183 1.05105 3.73062
205 0.29392 1.11469 4.5232
205 -0.937747 -0.861703 1.73968
205 -1.0395 -0.754725 1.752
205 -0.81572 -0.531532 1.78463
205 1.0263 -0.342564 -0.212248
205 -0.876498 -0.969901 1.70364
205 -0.491581 0.872912 3.55026
205 0.351739 -1.1947 0.673216
205 0.615907 -0.959096 6.78147
205 -0.577817 -1.14582 1.35848
205 0.764106 1.06211 4.78884
205 -0.269058 1.14199 3.80151
205 0.75601 0.197132 5.5297
205 -0.378565 -0.971445 1.37149
205 -0.622994 0.561921 3.32558
205 0.62469 0.658537 4.84833
205 -0.671675 1.0619 3.57135
205 0.922707 1.05888 4.79355
205 0.505445 0.898318 4.73963
205 1.22369 -0.115187 5.94539
205 0.850278 0.131686 5.56816
205 0.973812 0.0482607 5.58987
205 -0.353893 -0.870815 1.27178
205 1.10893 0.266678 5.63784
205 -0.779076 0.889851 3.53416
205 0.811366 -0.1201 5.90435
205 -0.913833 0.891258 3.46736
205 -0.210366 -0.793914 1.2277
205 -0.0179454 0.964989 3.93879
205 0.599626 0.899857 4.66273
205 -0.958203 0.188564 2.46334
205 -0.153558 -0.948829 1.2331
205 -0.831052 -0.964681 1.76301
205 1.30477 -0.37514 5.88608
205 1.22135 -0.514382 6.02069
205 0.721309 -0.160842 5.94543
205 -0.129216 0.861942 3.91744
205 0.497448 1.06299 4.74706
205 0.301879 -1.14964 0.70623
205 -0.996788 -0.600268 1.83071
205 1.26124 0.0013754 5.61994
205 0.743374 -0.242998 5.96289
205 -1.07023 -0.606607 1.87686
205 -0.174465 1.21516 3.98271
205 -0.726637 -0.480492 1.73517
205 -1.13004 -0.255249 2.42498
205 -0.963751 -0.548933 1.82102
205 -1.08407 0.846982 3.3989
205 -0.609341 -0.515506 1.79007
205 -0.388099 -1.29071 1.26157
205 -0.374059 1.07449 3.80092
205 1.02956 0.222659 5.67536
205 -0.497422 -1.08861 1.41475
205 0.69341 0.628887 4.86007
205 0.652389 -0.612664 0.228382
205 -0.923705 0.26014 2.62501
205 -0.508075 -1.25758 1.34768
205 1.26379 0.351125 5.5302
205 -0.42559 1.21057 3.74653
205 0.749393 0.236976 5.54501
205 0.259006 -1.27301 0.676278
205 0.598444 1.01692 4.6155
205 -0.45604 0.787908 3.53723
205 0.881547 -0.0627744 5.82809
205 -0.465584 1.36605 3.84988
205 0.830615 0.227125 5.46698
205 -0.31693 0.793562 3.82938
205 -0.153231 -1.33555 1.19561
205 0.711145 0.916157 4.78725
205 -0.811279 -0.859455 1.73429
205 1.01401 0.0761583 5.64209
205 0.693457 -0.202538 5.97287
205 1.27028 0.129621 5.62779
205 0.342744 0.744705 4.69831
205 0.335942 -1.11087 0.678751
205 -0.609478 -1.11369 1.35131
205 0.23441 0.920163 4.50655
205 0.269963 -0.946268 0.647844
205 -1.33325 0.0264779 2.53945
205 -1.18582 -0.0856439 2.56669
205 0.778877 -1.00492 0.2483
205 0.934687 -0.179274 5.8801
205 -0.633527 -0.55969 1.74069
205 -1.20646 -0.432563 2.38665
205 0.791079 -0.627332 6.46839
205 -0.862554 -1.06972 1.73686
205 0.453137 0.746871 4.7421
205 -0.184651 -0.757531 1.25032
205 1.25615 -0.192963 5.89169
205 0.748396 -0.670376 6.52606
205 0.692365 -0.820474 0.209415
205 -1.34241 -0.203135 2.54019
205 -0.511395 1.12726 3.79694
205 0.222582 -0.951634 0.668252
205 -0.457354 -0.890515 1.30627
205 0.4772 -0.955028 0.585589
205 0.259876 1.00823 4.51109
205 0.802599 -0.668668 0.170273
205 -0.846649 0.854782 3.33519
205 1.04035 0.411929 5.47871
205 -0.189244 1.42767 3.95649
205 0.129558 -0.852995 0.693089
205 0.265275 1.35053 4.36695
205 -1.07373 0.771818 3.26803
205 0.903777 -1.0232 6.49259
205 -0.82561 0.958597 3.41101
205 0.684345 -1.02515 0.468689
205 0.765143 1.102 4.81208
205 -0.84509 1.00656 3.34282
205 0.726533 -0.743092 0.241093
205 -1.1466 -0.344621 2.33021
205 -1.10821 -0.0741394 2.58606
205 -0.543116 -0.697292 1.71046
205 -0.212175 -0.713351 1.32036
205 0.62461 0.944419 4.81097
205 0.877199 -0.457599 6.09345
205 -0.151918 -1.05296 1.20208
205 0.856279 -0.25502 5.96708
205 0.973409 -0.125418 5.84498
205 0.861255 -0.534378 -0.0348485
205 0.383768 -0.752154 0.619419
205 0.369841 -0.99631 0.614155
205 -0.693925 -0.567028 1.78399
205 -0.0997086 1.14026 3.85563
205 0.95456 0.981281 4.9054
205 -0.531033 0.892318 3.53141
205 -0.31549 0.975538 3.86536
205 -0.21804 -1.24583 1.19053
205 0.762842 -0.775383 0.235427
205 -0.742373 0.0380523 2.59569
205 -1.22464 -0.0252107 2.45167
205 -0.577889 -1.1999 1.32343
205 0.960168 0.200869 5.47617
205 1.03947 0.446429 5.54433
205 -1.0186 -0.710913 1.85525
205 0.0984236 -1.17894 0.727508
205 1.12672 0.101909 5.54962
205 -1.11175 0.0615405 2.64251
205 -0.986645 -0.97901 1.6566
205 -0.926483 -0.696651 1.77025
205 -0.872326 0.0802791 2.60054
205 1.11905 -0.390444 -0.323482
205 0.783788 0.689731 4.7902
205 -1.03067 0.983607 3.40233
205 0.68902 -1.12903 0.443216
205 0.311071 1.17986 4.47222
205 -1.02642 -0.545495 1.88012
205 0.817931 -0.0766658 5.8758
205 0.7147 -0.897003 6.5459
205 1.33587 -0.353397 5.93498
205 1.07626 -0.185146 5.83924
205 1.07926 -0.460965 5.95826
205 -0.827475 -0.0734868 2.52153
205 1.35794 0.286468 5.55247
205 0.44411 0.939587 4.7261
205 0.93965 0.151713 5.65036
205 0.573765 -0.678725 0.184239
205 -1.25985 -0.203292 2.53988
205 0.868066 0.769363 4.83107
205 -0.149547 -1.13072 1.22212
205 -0.985938 0.621497 3.31988
205 -0.630675 0.748009 3.40608
205 -0.0339818 1.24524 3.92716
205 -0.848598 0.688123 3.31669
205 1.31032 0.12074 5.57228
205 1.07737 -0.379044 5.91162
205 0.526207 -1.26393 0.579485
205 -0.242194 0.992302 3.89788
205 1.00531 -0.747616 0.203407
205 -0.403119 0.946029 3.79263
205 -0.0852435 1.00184 3.91401
205 -1.07341 0.895228 3.4096
205 -0.366707 1.20191 3.91131
205 -1.41276 0.223365 2.63855
205 -0.64456 -0.711586 1.78106
205 -0.107103 1.1735 3.95903
205 0.956225 0.0798082 5.68494
205 -0.223689 -1.13895 1.30191
205 -0.129725 1.01708 3.95056
205 0.937707 -0.268659 6.00767
205 1.08325 0.796732 4.94951
205 0.180755 -1.21647 0.640301
205 -0.270541 -1.20143 1.21718
205 -0.754528 -1.01504 1.70889
205 -0.830395 -0.48606 1.80555
205 -0.880272 -0.705445 1.85369
205 0.288907 -1.19189 0.710353
205 0.439513 -1.26644 0.657548
205 -0.501457 -1.00963 1.41615
205 -1.19093 0.388605 2.6034
205 0.655835 -0.699741 6.57658
205 -0.871426 0.209205 2.54418
205 0.827625 0.844963 4.90814
205 -0.532343 -1.18643 1.31298
205 -0.890757 -0.832929 1.77084
205 1.2174 0.149811 5.56188
205 -0.212932 1.31905 3.96472
205 1.16394 -0.483697 6.00252
205 1.141 -0.0941651 5.91444
205 -1.21628 0.0241816 2.43305
205 0.67545 -0.775812 0.268083
205 1.02653 -0.135796 5.89702
205 0.837909 -1.00488 6.53237
205 -0.239787 0.816724 3.76834
205 0.392534 0.940531 4.71556
205 -0.699449 0.512247 3.33401
205 -0.732989 -0.747523 1.74594
205 1.08335 0.40252 5.59483
205 0.906261 0.153466 5.59646
205 0.197582 0.86706 4.53442
205 1.1602 0.108781 5.64593
205 0.430404 -0.988661 0.566863
205 0.639479 -0.660313 0.181539
205 -0.642212 1.05212 3.46878
205 0.472053 0.896808 4.77812
205 -0.236034 -1.29415 1.27574
205 -1.26385 0.413273 2.65708
205 0.280384 -1.11461 0.665421
205 -1.22237 -0.180458 2.35132
205 0.612526 -0.584507 0.156426
205 0.589969 0.514381 4.84527
205 0.859204 -0.22829 6.03224
205 -0.687101 -0.6862 1.75536
205 -1.34484 0.165625 2.55364
205 -0.705515 -0.77842 1.74527
205 -1.03808 0.389583 2.64917
205 0.16765 -1.06729 0.716978
205 1.03635 0.372532 5.40471
205 0.869931 0.297125 5.51373
205 -0.238594 0.950095 3.77235
205 0.879037 -0.627141 0.10665
205 -0.380444 -1.22626 1.31202
205 1.21256 -0.348858 6.03319
205 0.362486 0.661139 4.78835
205 0.7415 -0.28181 5.93977
205 0.740426 -1.0977 0.458629
205 -0.545519 0.747081 3.50898
205 -0.595337 -1.02577 1.4286
205 -0.0791384 -1.27607 1.17809
205 0.248492 1.25535 4.47323
205 -0.899221 0.994814 3.52846
205 -0.360388 -1.27226 1.36157
205 -0.108734 -1.11845 1.26542
205 -0.256975 -1.07521 1.2378
205 -1.01785 0.932972 3.31686
205 0.16682 -0.774554 0.690388
205 0.215961 -0.90212 0.668259
205 0.336655 -0.663992 0.55802
205 -0.618814 0.533587 3.42147
205 0.233658 0.823766 4.56112
205 0.819034 -0.204261 -0.277806
205 -0.988873 -0.849049 1.75678
205 0.708811 -0.949866 0.286166
205 1.16236 0.396257 5.44841
205 -1.03939 0.26639 2.59887
205 1.16979 -0.253151 5.92415
205 -0.351158 -1.15751 1.26926
205 0.475215 -0.888861 0.567165
205 -0.352308 0.997763 3.76539
205 -0.973802 -0.113122 2.5233
205 -0.431155 -0.839757 1.32185
205 1.15354 0.301118 5.46354
205 -0.101607 1.20813 3.93673
205 -0.20383 -1.20091 1.21186
205 -0.712718 1.16343 3.49944
205 0.257993 1.05493 4.51219
205 0.411347 -1.19152 0.610245
205 0.456102 1.04266 4.65305
205 -1.16656 0.0198066 2.48038
205 -0.320719 0.893982 3.79198
205 0.462528 0.578383 4.77611
205 0.878504 -0.690143 0.201855
205 0.784517 0.733169 4.80758
205 0.279783 -0.89221 0.648114
205 1.23077 0.438643 5.56817
205 0.176728 -1.17642 0.704978
205 1.21828 -0.174756 5.96015
205 0.471755 1.19153 4.68306
205 -0.284464 -0.809749 1.29365
205 -0.949526 -0.598752 1.83148
205 -0.514616 0.944852 3.59787
205 -0.135958 1.23567 3.97043
205 -0.414759 -1.17864 1.30555
205 -1.12004 -0.632295 1.90678
205 -0.785356 0.616915 3.3538
205 1.12065 0.37837 5.50999
205 -1.39014 -0.195511 2.51934
205 -0.692466 1.21866 3.51288
205 -0.874351 0.705939 3.43824
205 -0.803056 0.128328 2.54304
205 0.659082 0.749237 4.76616
205 -0.708068 0.848718 3.43882
205 0.376735 -1.25973 0.61763
205 1.19426 0.131151 5.49147
205 0.994972 -0.214236 -0.289933
205 1.03332 -0.454553 -0.340095
205 0.763053 -0.589587 6.41455
205 -0.792472 -0.642526 1.8254
205 -1.33162 -0.154354 2.52569
205 -1.02585 -0.00619268 2.61576
205 0.330679 1.27062 4.40783
205 -0.591977 1.07871 3.53119
205 -0.997908 -0.922309 1.66336
205 -1.07007 -0.155698 2.42295
205 0.88093 -0.330072 5.98499
205 0.875995 0.615708 4.88258
205 0.918967 0.782536 4.80024
205 0.570699 0.950221 4.82219
205 -0.918628 -0.296502 2.43761
205 -0.741967 -0.571506 1.75765
205 -0.752491 0.574495 3.38232
205 0.420272 -0.90011 0.606094
205 0.59079 -1.08418 0.500393
205 1.17903 0.463747 5.57522
205 1.25479 0.0394862 5.64468
205 1.19707 0.255399 5.61572
205 0.735717 -0.79595 0.171906
205 0.601463 0.687493 4.86434
205 -1.39407 -0.118589 2.50921
205 -0.255195 -0.989261 1.30838
205 0.929883 0.402456 5.46383
205 -1.06982 0.944444 3.39271
205 -0.996772 0.90047 3.49964
205 -0.130105 -0.92642 1.30916
205 -0.683936 0.896811 3.50299
205 -0.672622 0.990616 3.42608
205 -1.04444 -0.351737 2.35808
205 0.543246 -0.954519 0.534331
205 -0.407754 -0.982541 1.2995
205 -0.763782 -0.525318 1.73088
205 0.682318 1.1181 4.67376
205 -1.09871 0.251438 2.66052
205 -0.81481 -0.711562 1.78119
205 0.158268 1.19197 4.41866
205 -0.715712 -0.61063 1.80841
205 -0.919463 -0.0218315 2.51091
205 0.927182 0.729893 4.86904
205 0.947638 0.838713 4.8042
205 -1.22899 -0.256309 2.53045
205 -1.06316 -0.258485 2.40892
205 0.12149 -0.913537 0.694034
205 -0.873834 -0.245806 2.47567
205 -0.781999 -0.942233 1.64296
205 -0.0395252 1.01113 3.87333
205 -1.1206 -0.738016 1.86212
205 0.773362 -0.822684 0.180526
205 1.03566 -0.199169 5.98261
205 0.257216 -0.779265 0.646748
205 -0.293737 0.753875 3.84849
205 -0.961061 -0.163781 2.52888
205 -0.118727 -1.29543 1.17529
205 1.29677 -0.112493 5.91163
205 0.850823 -0.34868 5.94358
205 -0.525581 -0.747902 1.67374
205 -1.27209 0.173197 2.69127
205 0.512353 -0.912581 6.85036
205 -0.141663 1.1183 3.87367
205 0.380449 0.990994 4.71913
205 0.543536 1.11242 4.81064
205 -0.752169 0.893469 3.37343
205 -0.649803 -0.616398 1.7263
205 -0.856152 -0.190076 2.52655
205 -0.73739 1.22919 3.5464
205 0.794782 -0.217777 5.88566
205 -0.832626 0.243387 2.58672
205 0.788927 0.272072 5.51423
205 -1.21831 0.228139 2.53898
205 0.527231 -1.01095 0.527752
205 1.01899 -0.242333 5.90688
205 -1.02641 0.312956 2.61356
205 -0.80116 0.0528248 2.54178
205 -0.291899 -1.29621 1.28388
205 -0.524028 -1.061 1.32122
205 -0.414099 -0.786135 1.32706
205 0.593974 1.12977 4.84161
205 -0.810832 -0.774432 1.7371
205 0.257216 -0.822236 0.607137
205 -0.314933 -1.14369 1.30353
205 0.338575 1.08031 4.54062
205 0.926142 -0.137212 5.92582
205 -1.077 0.330494 2.70004
205 -1.2017 -0.0486508 2.57422
205 -0.863977 -0.621536 1.75912
205 -1.12332 0.119646 2.65273
205 -0.939349 0.691147 3.31455
205 -1.23988 0.129001 2.52264
205 0.796336 0.978682 4.77608
205 0.380271 0.784602 4.70103
205 -0.715303 -1.06024 1.62728
205 -0.859448 -0.862857 1.77967
205 -1.0417 -0.825695 1.82675
205 -0.814195 0.211516 2.64349
205 0.89965 -0.857736 0.21312
205 -1.29159 0.328616 2.67027
205 -0.47607 1.17487 3.85387
205 0.569371 -0.547587 6.50495
205 -0.95423 -0.906359 1.72206
205 -1.10516 0.458043 2.76628
205 -0.156993 1.3907 3.84834
205 -0.059928 1.28107 3.85553
205 0.928811 0.00617601 5.66625
205 0.56989 0.917033 4.70109
205 0.908579 0.692899 4.8382
205 -0.924387 1.07872 3.33126
205 0.910709 0.815537 4.90087
205 -0.834983 -0.590189 1.8288
205 -0.207881 -0.995541 1.27802
205 0.666776 -1.19511 0.491804
205 -0.35115 -1.20066 1.35346
205 -0.325548 1.2556 3.98247
205 1.26556 -0.26698 5.86168
205 0.25217 -1.34381 0.738166
205 1.14763 -0.588125 -0.287338
205 -0.0948774 0.850076 3.87668
205 -0.66525 0.666574 3.34422
205 -1.12613 0.770472 3.30219
205 -0.352029 -0.716457 1.32662
205 0.675624 0.572443 4.79382
205 0.579232 -0.918208 0.5049
205 -0.628283 -0.89822 1.6834
205 0.808395 0.172152 5.606
205 -0.08387 0.809094 3.91443
205 -1.31253 -0.0855911 2.60328
205 0.472216 0.619059 4.81739
205 0.750599 0.577067 4.87494
205 0.811737 1.00493 4.89954
205 -0.684419 0.575515 3.44872
205 0.587459 1.04619 4.75483
205 0.222099 -1.08184 0.605253
205 -0.235259 1.02723 3.85789
205 0.506293 0.963766 4.79343
205 0.806464 -0.831371 0.25325
205 -1.13909 0.228574 2.69364
205 -0.50369 -0.602887 1.74454
205 -0.959199 -0.308016 2.37131
205 0.103991 -0.81063 0.690304
205 -1.11381 -0.0197369 2.60834
205 -0.372361 -0.755541 1.35225
205 0.742304 0.657702 4.88649
205 -0.823933 1.13322 3.49477
205 0.0840388 -1.11325 0.708658
205 -1.18843 -0.144809 2.49938
205 -1.0576 -0.0830251 2.54568
205 0.883319 -0.379363 -0.363329
205 -0.810882 1.08373 3.39392
205 -0.554799 0.613335 3.439
205 1.09076 -0.342014 5.97075
205 0.411829 1.07683 4.66697
205 0.710706 0.717608 4.8789
205 0.703913 1.23468 4.71831
205 -0.905816 0.621935 3.36659
205 0.515039 0.661147 4.78562
205 0.191771 0.981017 4.51342
205 1.07139 -0.243216 5.88995
205 -0.550876 -0.5185 1.78473
205 0.764485 0.109392 5.60065
205 -0.947401 -0.938909 1.79896
205 -0.0767605 1.38282 3.89463
205 -0.839977 0.614985 3.37748
205 -1.08024 0.11715 2.68322
205 -0.381186 1.12016 3.78826
205 -0.814375 0.799455 3.36421
205 1.13039 -0.426445 5.93296
205 -0.32643 -0.766859 1.37336
205 -1.20404 0.0897644 2.45314
205 0.626844 -0.536053 0.162243
205 0.637714 -0.76568 0.191197
205 -0.392526 1.33643 3.76143
205 -0.213465 0.917664 3.84935
205 0.86569 0.0231698 5.63831
205 -0.298926 -1.10134 1.37046
205 0.74333 0.712494 4.81402
205 -0.991272 -1.02174 1.79658
205 0.23261 1.0922 4.48672
205 1.12249 0.162917 5.60522
205 0.178539 1.23792 4.40065
205 0.959334 -0.22616 5.95431
205 -1.26975 0.21206 2.65579
205 -1.28167 -0.379263 2.47728
205 0.322315 -0.911571 0.622923
205 -0.600295 0.633829 3.43851
205 -0.54075 -0.572287 1.74834
205 -0.439537 -1.33222 1.3322
205 -0.783751 0.93104 3.468
205 -0.987781 -0.78903 1.82386
205 -0.287271 1.11732 3.89103
205 0.392689 -0.865394 0.615951
205 -0.845648 0.126333 2.53132
205 -0.623863 1.12042 3.53335
205 1.14248 -0.320598 5.87995
205 0.394498 0.824173 4.77127
205 1.26974 0.288191 5.46312
205 0.978609 0.294093 5.52029
205 0.926488 0.630731 4.91645
205 -0.0801474 1.06769 3.92096
205 0.70369 1.05954 4.71126
205 -1.18332 -0.00517812 2.57642
205 -0.558121 0.781154 3.45143
205 0.318527 -1.05754 0.597749
205 0.641366 0.82562 4.70064
205 0.348201 -1.34135 0.711204
205 0.618397 1.23223 4.76685
205 -1.20813 -0.220301 2.46091
205 -0.932455 0.07062 2.58145
205 -0.669193 -1.01835 1.59103
205 -1.2648 -0.0254483 2.51824
205 0.909857 0.293618 5.54191
205 0.957395 -0.834063 6.48174
205 -1.43039 -0.0500369 2.58095
205 -1.04558 0.155302 2.44645
205 0.888681 0.137102 5.48026
205 -0.603741 0.802953 3.38515
205 -0.572486 -0.622403 1.77395
205 0.726878 -0.687771 0.179819
205 1.17579 0.0708862 5.53507
205 -0.133575 0.931888 3.81236
205 1.24606 -0.435399 6.04134
205 -0.15134 -0.876857 1.27387
205 -0.849189 -0.0551532 2.46488
205 0.936633 -0.699327 0.13643
205 -0.138615 -1.23301 1.23872
205 1.21547 -0.271129 5.98797
205 0.530821 -1.15376 0.574382
205 -1.39688 0.0780404 2.45247
205 0.20658 -1.35786 0.709906
205 0.812967 -0.710055 6.53263
205 -0.905862 -0.791338 1.79636
205 -0.946757 0.804481 3.30127
205 -0.178558 -1.26493 1.22582
205 -0.938847 0.653771 3.37647
205 -1.02383 0.0429473 2.61106
205 0.31525 -0.711121 0.611416
205 0.605901 0.621633 4.82319
205 -0.488897 1.33271 3.92087
205 -0.528158 0.636336 3.41524
205 -1.14424 -0.381783 2.48211
205 0.844008 0.2578 5.55692
205 0.451158 -1.3146 0.65599
205 -0.396293 -0.923939 1.34453
205 -0.473122 0.662028 3.4429
205 -0.676265 -0.884663 1.72007
205 0.574739 -0.859761 0.433071
205 0.544936 -1.20962 0.559953
205 -1.23767 0.452558 2.68261
205 -0.459021 1.25178 3.88446
205 -0.233926 1.25732 3.85254
205 -0.767007 1.13342 3.44363
205 1.03296 0.315416 5.41691
205 -0.773712 -0.766644 1.77419
205 0.526666 1.0049 4.75349
205 -0.703468 1.01894 3.55775
205 0.774175 -0.176905 5.91017
205 -0.984082 0.38668 2.71086
205 0.692544 -0.862097 0.214547
205 0.811572 0.764288 4.85401
205 1.07427 0.299215 5.56382
205 0.567284 -1.00491 0.548301
205 -0.52748 -0.652106 1.7475
205 -0.517383 1.21915 3.83828
