105 0.537146 0.827279 4.75447
105 0.635897 -0.496449 6.42524
105 0.828876 0.912655 4.81979
105 -1.25555 -0.419988 2.25795
105 -0.728287 0.701041 3.32494
105 -1.42646 0.0520222 2.60334
105 0.348623 -1.19753 0.72541
105 1.21258 -0.315974 6.05578
105 -0.668554 -1.03773 1.56272
105 -0.872157 -0.579544 1.92459
105 -0.696718 -0.989261 1.59369
105 -0.213564 1.15491 3.90708
105 0.695413 0.936901 4.82012
105 -0.763795 -0.716811 1.72656
105 0.781246 -0.741118 6.47761
105 -0.801618 -0.0698964 2.47007
105 -0.151673 1.13554 3.96729
105 -0.246273 -1.26634 1.17316
105 0.668647 -0.635476 0.173589
105 -1.29016 0.130367 2.64286
105 0.784998 0.904524 4.84339
105 -0.340987 1.03285 3.883
105 -0.406701 -0.922309 1.41757
105 0.233197 -1.01773 0.81317
105 -0.67669 -0.616921 1.75278
105 -1.32762 0.439294 2.77818
105 -0.396231 0.99223 3.82024
105 -1.32209 -0.133002 2.47566
105 1.05804 0.603436 5.16395
105 -0.0763729 1.33638 3.99244
105 0.194839 -1.36244 0.843356
105 0.960464 0.949183 4.86253
105 -0.676456 0.968973 3.47204
105 -0.622147 0.518929 3.27367
105 0.494999 -0.912308 0.499027
105 -0.96479 -0.995236 1.70077
105 1.01022 -0.158337 5.92053
105 -1.27414 0.191515 2.65685
105 -0.719697 -0.765482 1.69724
105 0.560298 -0.546568 0.177556
105 1.07931 -0.551462 6.09633
105 0.748799 0.969033 4.75852
105 0.445972 -0.901334 0.515291
105 -1.43289 0.125312 2.62658
105 0.0132268 -1.31408 0.939321
105 -1.17992 0.292311 2.72264
105 1.24442 0.444276 5.44765
105 0.581627 0.863338 4.76901
105 0.0746843 -1.11858 0.88668
105 0.139394 -0.989547 0.800655
105 1.23342 0.376759 5.41322
105 0.951724 0.616877 5.05315
105 0.522004 0.866531 4.76561
105 1.06792 0.0440666 5.59682
105 0.600855 0.912681 4.76696
105 -0.199495 -1.09817 1.17231
105 0.0759272 1.01596 4.15474
105 0.779767 0.330725 5.4132
105 0.0504459 -1.10365 0.820479
105 -1.2681 -0.221019 2.40982
105 0.760471 0.0721097 5.60026
105 1.18198 0.252613 5.50971
105 0.875466 -0.613044 6.30892
105 -0.622282 0.758092 3.35971
105 -0.143366 -1.35777 1.12564
105 0.898263 -0.996836 0.167307
105 0.305549 -1.12265 0.740268
105 0.734315 0.915551 4.81413
105 -1.01468 0.662214 3.30035
105 -0.705434 0.784667 3.42139
105 -1.23474 -0.135404 2.47617
105 -0.378008 -0.720954 1.355
105 -0.212583 0.873784 3.88278
105 -0.500427 -1.19188 1.31774
105 -0.0630485 -1.16634 1.06563
105 -0.512132 1.31759 3.83511
105 0.414197 0.889426 4.72064
105 -1.04605 -0.435947 2.18993
105 -0.877951 0.265147 2.76167
105 -0.805755 -1.01583 1.61333
105 -0.908941 -0.122171 2.45669
105 0.602429 0.667437 4.81726
105 -1.22141 -0.285284 2.35249
105 -0.674819 -0.951823 1.61755
105 -0.763271 1.16282 3.58309
105 -0.65174 0.894137 3.4251
105 1.02436 0.801323 5.01902
105 1.13381 0.583269 5.26822
105 1.09705 0.354294 5.47609
105 0.449141 -0.671353 0.396755
105 -0.603446 0.95993 3.59556
105 -0.0994623 1.41429 4.00512
105 -1.06371 -0.491561 2.10205
105 -0.214878 -1.16501 1.13903
105 -0.728955 -1.14664 1.57348
105 0.836846 -0.842345 0.224164
105 0.946082 -0.417687 6.04157
105 0.814493 1.0013 4.82776
105 -0.887914 -0.255534 2.31929
105 -0.836496 1.05397 3.37116
105 0.78808 0.661016 4.96977
105 -0.154734 -0.910421 1.14265
105 0.634221 0.832112 4.75124
105 0.120302 -1.07206 0.796688
105 0.347545 1.04584 4.54787
105 0.87101 0.644623 5.06656
105 0.139844 -1.15562 0.824239
105 -0.61582 0.697222 3.37403
105 0.948879 -0.828242 0.168429
105 -0.932345 -1.0214 1.73797
105 1.30492 0.126179 5.60439
105 0.0360917 -0.812396 0.845716
105 -0.516831 -0.654119 1.68546
105 -0.694467 -0.536915 1.87595
105 -0.394894 1.10792 3.84041
105 0.12366 -0.761988 0.819747
105 -1.16151 -0.0429638 2.53429
105 1.14306 0.696324 5.07376
105 1.07324 0.849124 4.99008
105 0.992473 0.705672 5.04175
105 -0.100616 -1.24612 1.10352
105 1.11173 0.184019 5.55937
105 0.405058 -0.779017 0.493429
105 0.869674 -0.711149 0.149994
105 -0.528801 1.08933 3.69378
105 0.952605 0.215041 5.49061
105 0.44626 0.84896 4.72307
105 -0.852443 -0.0881973 2.46553
105 0.263149 0.859017 4.46782
105 -0.91192 -0.707253 1.87486
105 0.778614 -1.08154 0.378521
105 -0.598613 1.13357 3.64013
105 -0.995572 -0.520131 1.99163
105 1.1983 -0.216371 5.96009
105 0.423927 1.0951 4.57138
105 -0.788576 0.514631 3.26546
105 0.632298 0.698662 4.86457
105 -0.917578 0.641015 3.28887
105 -1.02094 -0.25304 2.33858
105 0.939895 0.0562773 5.56658
105 -0.368657 1.17123 3.83003
105 1.20984 0.410808 5.43351
105 -0.699298 -0.869864 1.62679
105 -0.471356 0.872606 3.62068
105 1.18723 -0.62434 6.10247
105 -0.800616 -0.836974 1.74808
105 0.212804 0.816706 4.44619
105 -1.03904 0.891807 3.31979
105 0.793277 1.08787 4.77765
105 -0.685273 0.496957 3.33825
105 0.0379005 -1.02176 0.846728
105 -1.12524 0.0460027 2.60039
105 0.84114 -0.798402 0.170579
105 -0.277727 0.816361 3.90812
105 0.45059 -1.06543 0.535529
105 1.02825 0.933426 4.89951
105 -0.651797 -1.21776 1.41059
105 -1.02307 -0.3692 2.23578
105 1.05359 0.283562 5.45077
105 1.34541 0.094545 5.59162
105 -0.865233 -0.146031 2.44394
105 -0.948476 1.06636 3.34115
105 -1.25445 -0.491445 2.23616
105 -0.164372 1.00713 3.91514
105 -0.387293 1.29362 3.82284
105 0.897074 -0.330684 6.00824
105 -0.245461 1.36494 3.9396
105 -0.759864 -0.924393 1.63873
105 -0.418764 -1.31016 1.2619
105 -1.26458 0.245196 2.67847
105 0.729317 0.690802 4.86672
105 -1.41667 -0.0146829 2.57998
105 0.711054 -0.178498 5.99163
105 0.525689 -1.01051 0.484969
105 -0.653682 -0.844676 1.62217
105 0.233724 -0.901371 0.761399
105 0.433435 -1.27983 0.658432
105 0.556788 -1.22652 0.499573
105 0.679273 1.18734 4.71667
105 0.313149 -0.818869 0.58248
105 0.820483 -0.206483 6.01048
105 -0.838773 0.831429 3.34011
105 1.05582 0.193944 5.52541
105 -0.154346 0.770434 3.89885
105 1.06963 -0.176558 5.94734
105 1.20944 -0.360856 -0.308276
105 1.01308 -0.064205 5.83012
105 0.555509 1.22621 4.65608
105 1.25058 0.12964 5.62442
105 0.32446 0.749891 4.67681
105 -0.396363 -1.11504 1.3186
105 -0.127724 -1.14954 1.13607
105 1.3072 -0.448122 5.99914
105 1.03279 -0.479596 6.04901
105 1.16872 -0.0508868 5.77769
105 0.475705 -0.770171 0.448756
105 0.690747 -0.522181 0.122473
105 0.173261 -0.959961 0.807727
105 -0.605793 -0.725459 1.68201
105 -1.10738 -0.0824944 2.46476
105 0.928768 0.903761 4.9006
105 -1.03016 -0.743668 1.84107
105 -1.4056 -0.089771 2.49637
105 -0.243394 1.00644 3.91585
105 -0.996455 0.26725 2.72122
105 -0.329006 -1.1169 1.24368
105 0.866106 -0.452933 -0.187671
105 -0.00932264 1.13162 4.03612
105 -1.36138 -0.00506979 2.59131
105 1.18253 -0.130057 5.86679
105 -0.945969 -0.635053 1.89166
105 0.584946 -0.945677 6.77191
105 -1.09469 0.430393 2.77731
105 -0.930154 0.691288 3.36398
105 0.903824 -0.801299 6.4415
105 1.07293 -0.0719688 5.8328
105 1.04712 0.145414 5.55678
105 -0.402311 1.15686 3.88017
105 0.250697 1.05244 4.43052
105 -0.110173 -1.19813 1.10426
105 -0.82994 0.861493 3.26707
105 1.01933 0.314863 5.46362
105 -1.06332 -0.0466984 2.50143
105 -0.088804 -0.781436 1.10017
105 -0.152702 -1.26972 1.13853
105 0.882386 0.264601 5.51738
105 0.666837 1.04733 4.7744
105 0.816191 0.410731 5.28953
105 0.738363 -0.853893 6.46359
105 -1.12381 -0.628371 1.99487
105 -1.38394 -0.197555 2.41098
105 1.0017 -0.242384 6.01931
105 -0.806843 0.730688 3.43721
105 -0.393098 0.883656 3.75211
105 0.779258 0.866599 4.81751
105 -1.06296 -0.650129 1.92954
105 -0.708519 1.16298 3.56019
105 0.744187 -0.403371 -0.143526
105 -0.572266 -0.620659 1.71131
105 0.359312 -0.83354 0.558365
105 -0.258867 -1.01552 1.18917
105 -0.862889 0.777051 3.24725
105 0.60382 -0.692429 0.200043
105 -0.923484 0.905126 3.33956
105 -1.01078 0.335779 2.76531
105 -0.276854 -1.21161 1.19423
105 0.463061 1.22387 4.59209
105 0.862802 -0.156669 5.897
105 -0.225663 0.754322 3.86474
105 -1.37915 -0.241599 2.42769
105 -0.00163772 1.35453 4.01597
105 -0.521157 -0.732992 1.62014
105 -1.16261 -0.291693 2.33512
105 -0.998027 -0.807204 1.86767
105 0.934718 0.842663 4.87252
105 -0.93923 -0.175765 2.40355
105 -1.19492 -0.508572 2.17233
105 -1.17871 -0.241881 2.36836
105 0.63882 0.913442 4.74529
105 1.1899 0.485813 5.4084
105 0.387397 -1.10437 0.664504
105 1.02932 -0.661843 6.29159
105 -1.01054 -0.141147 2.48309
105 -1.18586 -0.165059 2.44518
105 -0.357484 -1.01099 1.32332
105 -0.119416 1.36879 4.01858
105 0.93253 1.07148 4.85177
105 -0.618244 0.642363 3.33583
105 -0.42492 0.767963 3.60019
105 -1.22125 -0.210724 2.40686
105 0.320612 -0.716323 0.569823
105 -0.424775 1.24513 3.87167
105 0.883427 0.836697 4.9359
105 -0.648438 0.538541 3.35984
105 -0.281755 -1.0869 1.2092
105 -0.9397 -0.822745 1.8227
105 -0.560255 0.891508 3.58273
105 0.447151 1.17023 4.57183
105 1.27724 -0.0972796 5.83616
105 -0.651321 -0.761808 1.6709
105 0.563857 0.649051 4.78162
105 -0.742245 0.591102 3.37121
105 0.253611 -1.20253 0.810902
105 0.620539 -1.09974 6.79537
105 0.19144 -0.915096 0.765824
105 0.505175 -1.07625 0.485499
105 -0.7189 -0.485835 1.92638
105 0.280064 -0.752486 0.599781
105 0.0259066 1.23 4.07525
105 -0.943651 0.320638 2.7831
105 -0.263996 1.30333 3.93276
105 -1.00492 -0.000600553 2.62315
105 0.979348 0.749909 5.055
105 0.598361 1.07244 4.64938
105 0.550175 -1.08224 6.79482
105 -0.475672 -0.984936 1.35502
105 -0.982593 -0.601362 1.91469
105 -0.882295 0.83008 3.39123
105 1.03268 0.712738 5.01946
105 1.23679 -0.249445 5.96368
105 -0.84874 0.908118 3.29534
105 1.05565 0.747904 5.08228
105 -1.27069 -0.0749851 2.51998
105 0.421491 1.28498 4.51951
105 0.83635 -0.924598 6.45958
105 -0.966539 -0.673792 1.9029
105 -1.148 0.0805687 2.58699
105 0.919631 -0.712804 0.0918276
105 0.912316 -0.930264 6.42734
105 -0.203785 -0.834126 1.17691
105 -0.0927762 -1.09687 1.13662
105 -0.659029 1.04836 3.58334
105 0.256149 -1.35135 0.808636
105 0.483546 -1.02028 0.491206
105 -0.999754 1.0129 3.38908
105 -0.937872 0.262324 2.75791
105 -1.27203 -0.293462 2.35448
105 0.274874 -1.29973 0.757853
105 -1.39086 0.315274 2.72991
105 0.699832 -0.379325 -0.134676
105 -0.57385 0.585418 3.34493
105 -0.125766 -0.949333 1.18811
105 0.368075 1.3136 4.46506
105 0.158987 0.975913 4.36282
105 1.21337 -0.0748929 5.77683
105 -0.925231 -0.940441 1.72471
105 0.592173 -0.810569 0.326961
105 0.615885 1.16466 4.66457
105 -1.20615 0.245513 2.68977
105 -1.05157 0.0682324 2.65203
105 -0.892188 -0.984951 1.72131
105 0.952354 -0.376364 6.03427
105 -0.971796 0.140033 2.6303
105 0.363254 1.17897 4.51251
105 1.36913 0.163034 5.55075
105 0.12812 1.07495 4.29025
105 -0.135034 0.823247 3.90144
105 -0.954129 0.0276264 2.63366
105 -1.22804 0.0121497 2.60625
105 -0.935776 0.422595 2.89637
105 -0.982174 0.722407 3.32801
105 1.14523 0.756058 5.08331
105 1.16134 -0.515974 6.0555
105 0.144275 -1.24019 0.815745
105 1.0528 0.395819 5.43403
105 0.16231 -1.0381 0.768908
105 1.1736 0.533895 5.35602
105 0.71121 1.12258 4.75185
105 -0.624228 -0.678131 1.71061
105 -0.0898325 -1.04462 1.14137
105 0.862356 1.08674 4.87246
105 0.315437 -0.993176 0.703874
105 0.969626 0.260533 5.43429
105 -0.46137 0.796602 3.61543
105 0.541505 0.613766 4.83026
105 -1.0504 0.350511 2.77647
105 0.422332 -1.20283 0.669152
105 0.650973 1.00616 4.74133
105 -0.985729 1.0615 3.38108
105 -1.31513 -0.0398373 2.54218
105 -0.578791 -0.759649 1.67115
105 -1.22702 -0.605176 2.01743
105 -1.38292 0.110463 2.62521
105 0.706316 0.886416 4.76102
105 -0.427597 -1.02682 1.40696
105 -0.133472 1.02544 3.91631
105 0.975209 -0.528921 6.15412
105 -0.873256 0.011961 2.59732
105 0.588495 1.18845 4.69666
105 1.28794 -0.136523 5.82474
105 1.20601 -0.452282 6.07647
105 0.34539 -0.904314 0.584837
105 -0.835566 -0.816922 1.7501
105 -0.800133 1.03358 3.36957
105 -0.819491 0.0135676 2.61931
105 -0.894825 -0.620118 1.87959
105 1.04016 -0.349851 5.96469
105 -0.896187 -0.0630461 2.47266
105 -0.803523 0.150634 2.61819
105 -0.39319 1.22746 3.81731
105 0.937175 -0.996512 6.50122
105 -0.950271 0.0605992 2.55868
105 -0.0680363 -1.35321 1.05861
105 -0.438024 0.952773 3.74056
105 -0.367322 -0.96168 1.3692
105 1.34594 -0.314553 5.95734
105 0.223193 1.31809 4.28088
105 -0.923062 0.170284 2.668
105 0.487003 0.932241 4.6702
105 -1.18538 0.620823 3.04403
105 0.742078 0.578411 5.0103
105 -1.23688 0.294415 2.69618
105 -0.706544 -0.432435 1.89238
105 -0.0974003 1.05782 3.98479
105 -0.194666 0.991664 3.93744
105 -0.705793 -0.71827 1.71821
105 0.791812 -0.136833 5.9853
105 -0.556591 0.998882 3.64524
105 0.508206 0.980801 4.72702
105 -1.15305 0.40674 2.73062
105 -0.532607 0.59434 3.33049
105 -0.930898 0.729966 3.34822
105 0.551842 -0.654528 0.218438
105 -0.618733 -1.06371 1.46918
105 -0.225099 1.10944 3.921
105 -0.323191 -1.21204 1.22576
105 -0.137577 -0.984261 1.11897
105 -1.17538 0.0240366 2.61971
105 1.24698 0.515762 5.40244
105 0.884642 1.04054 4.82063
105 1.1571 -0.244792 6.00515
105 1.09211 0.111144 5.63889
105 0.0258297 0.899328 4.05805
105 -0.339044 1.21757 3.88458
105 -0.0999438 -1.00712 1.12628
105 0.996032 -0.707788 0.0155946
105 -1.11895 -0.223323 2.37578
105 0.82411 0.121035 5.58085
105 -0.281252 1.25438 3.89206
105 0.0174474 1.00241 4.10545
105 -0.990393 -0.218881 2.34842
105 -1.1581 0.526323 2.91929
105 0.183657 1.09242 4.33354
105 -0.0378347 1.29859 3.98546
105 -0.822081 -0.571558 1.93144
105 0.526122 1.1573 4.68472
105 0.195419 1.16995 4.32255
105 0.280348 1.18566 4.37112
105 -0.327289 1.08156 3.85168
105 -0.329661 1.27999 3.88389
105 1.15865 -0.347494 5.97216
105 0.106278 -1.15638 0.765076
105 1.13533 0.00333019 5.64452
105 0.0140478 1.04358 4.061
105 -1.14236 0.841622 3.29491
105 -1.14144 0.126814 2.58573
105 0.281637 1.13234 4.39985
105 0.954077 -0.251011 5.96278
105 0.633576 0.484616 5.01485
105 0.787997 -0.964475 0.242518
105 -0.381512 -0.772393 1.44038
105 -0.182581 -0.987854 1.0929
105 1.05272 -0.839068 0.131276
105 -0.33021 -0.803011 1.41152
105 1.15457 -0.569567 6.0997
105 -1.21887 -0.0569811 2.51424
105 0.925236 -0.902525 0.237139
105 0.860023 -0.973515 0.172158
105 0.898785 0.95364 4.83405
105 0.153625 -1.28342 0.85416
105 -1.38372 -0.136008 2.48493
105 -1.15058 -0.0992435 2.49334
105 0.717493 1.04596 4.79498
105 -0.608257 0.608718 3.40263
105 -0.425312 -1.15373 1.30129
105 -0.997304 -0.0985539 2.42407
105 -0.35115 1.11708 3.8354
105 0.386367 0.834712 4.70916
105 0.720039 0.778776 4.86778
105 1.00976 0.0159337 5.63064
105 0.914853 -0.244971 6.03831
105 1.1762 0.0278352 5.67099
105 -0.161349 1.09146 3.96128
105 -0.798138 -1.14236 1.60035
105 -0.87805 1.08647 3.30608
105 1.22047 -0.571223 6.06823
105 -0.285066 1.08946 3.86429
105 -0.586332 1.06405 3.61326
105 -0.225708 -0.891461 1.16019
105 -1.10132 0.797074 3.28157
105 -0.877717 0.612057 3.31216
105 -0.923167 0.579415 3.25027
105 -0.357174 -1.28922 1.24042
105 -1.18566 -0.380225 2.28172
105 -0.785831 0.809854 3.28045
105 0.558982 1.05864 4.69715
105 -0.650051 -0.916829 1.58114
105 0.396074 -0.693439 0.44673
105 0.271862 0.943438 4.43172
105 -1.13005 0.58766 3.02136
105 -1.05987 -0.186788 2.42456
105 -1.35448 0.180099 2.65579
105 0.881816 0.887893 4.85056
105 -0.950099 -0.394736 2.17257
105 -0.552354 -0.977881 1.43083
105 -0.83658 0.313364 2.79088
105 0.784523 -0.902462 0.244982
105 -0.0919665 -0.833212 1.13427
105 1.03964 -0.321271 6.03776
105 -1.18328 0.336136 2.71271
105 -0.963931 0.902975 3.37556
105 0.576445 0.579668 4.82479
105 -1.05515 -0.811457 1.84853
105 1.29574 -0.259508 5.96661
105 -0.946368 -0.0770192 2.44266
105 0.476972 0.617447 4.77091
105 -1.32151 0.204352 2.64186
105 0.843467 0.0520508 5.5818
105 -0.949519 -0.873612 1.80885
105 0.196263 -1.00432 0.786671
105 0.553439 0.908993 4.75251
105 0.925632 -0.63796 6.29385
105 0.82999 -0.763657 0.233274
105 0.0826307 -0.815646 0.860198
105 -0.775577 0.047922 2.60657
105 1.01999 -0.857424 0.110705
105 0.739835 -1.11983 0.409283
105 1.2665 -0.522576 6.00844
105 -0.635566 1.08917 3.58338
105 1.1069 0.23867 5.49809
105 1.27212 0.0271214 5.59759
105 -0.587264 1.20782 3.68621
105 1.01102 0.880151 4.88642
105 0.72951 1.18858 4.66821
105 1.01062 -0.427525 -0.261812
105 1.34996 -0.115969 5.80999
105 1.05877 -0.213543 5.93493
105 0.67395 -0.756409 6.50732
105 -0.212552 -0.793002 1.16418
105 0.453166 -0.980232 0.511074
105 1.29149 0.460178 5.43252
105 1.13805 0.282388 5.45799
105 -0.215321 1.31206 3.9667
105 -0.955293 0.961514 3.39135
105 0.975972 -0.952649 6.49856
105 1.0858 -0.647616 6.22664
105 1.16688 0.447233 5.3931
105 0.401147 1.22585 4.51872
105 -0.293594 1.02428 3.87519
105 -0.478905 1.34892 3.79543
105 -0.852141 -0.221725 2.31294
105 0.259643 1.23587 4.32196
105 0.155863 -1.36045 0.795401
105 -1.2728 0.463627 2.79214
105 0.650351 1.13207 4.66521
105 0.186018 1.25365 4.29998
105 -0.184502 1.4034 3.97272
105 -1.16167 0.206945 2.67437
105 -1.25541 0.0876644 2.63979
105 0.597859 -0.590974 0.178285
105 -1.00649 0.177772 2.70532
105 0.707251 0.548923 4.98293
105 0.840188 0.480481 5.16222
105 0.0826083 -1.35575 0.828029
105 0.586963 -1.13212 6.76591
105 0.415681 0.968081 4.68214
105 0.83671 0.823729 4.87842
105 -0.720399 -0.912304 1.6473
105 -0.684327 0.572869 3.40927
105 0.620561 1.10178 4.73781
105 -1.17934 -0.603179 2.02476
105 -0.926993 0.839952 3.31273
105 0.399034 -0.964538 0.562986
105 -0.404415 -1.20713 1.27537
105 -0.841364 0.654689 3.39101
105 -0.0245211 0.896228 4.06333
105 0.41689 0.788371 4.72775
105 -0.963677 0.641927 3.321
105 0.34898 1.11837 4.50739
105 0.521999 0.559895 4.83932
105 -1.23658 0.362069 2.75013
105 -0.365673 -1.24147 1.24191
105 0.466046 1.00656 4.71196
105 -0.355629 0.952674 3.87723
105 -1.33991 -0.365457 2.30109
105 -0.255041 1.05776 3.86124
105 -0.916006 0.00821477 2.56811
105 -0.0203553 -1.22073 0.996293
105 -0.00479826 -1.06289 0.932509
105 -0.913924 1.05604 3.29571
105 -0.307085 -0.715265 1.40793
105 0.328698 -1.32957 0.789706
105 0.942502 0.554182 5.13058
105 0.905923 0.701114 5.03985
105 -1.2769 -0.151038 2.46331
105 -0.607671 -0.585651 1.70713
105 1.29978 0.0458148 5.67927
105 -0.713856 0.647672 3.26982
105 -0.16336 1.2116 3.99914
105 0.0297106 -1.19096 0.90473
105 0.106212 -0.862283 0.817741
105 0.573453 0.708649 4.82286
105 1.11195 -0.724239 0.0425115
105 -1.27072 0.000388944 2.60139
105 0.772496 0.145866 5.55994
105 0.0844249 -0.944599 0.871229
105 -0.316848 1.3367 3.90119
105 0.658832 0.778473 4.8656
105 0.259552 -0.863072 0.734598
105 0.521694 1.06066 4.70692
105 0.220188 1.12674 4.33645
105 -1.20857 0.508917 2.85321
105 1.02783 -0.549867 6.1385
105 -0.115032 -0.875755 1.16076
105 -0.714239 1.06894 3.54245
105 -0.502765 -1.02075 1.36157
105 -0.385901 1.05529 3.84942
105 0.213517 -1.23962 0.843235
105 -0.809747 0.649126 3.29606
105 -1.05317 0.145011 2.64576
105 0.35033 0.795584 4.69352
105 1.13998 0.140631 5.54434
105 1.06134 -0.755809 0.0314308
105 -0.18087 -1.32309 1.15262
105 -0.251222 -0.94163 1.20056
105 0.833187 -0.522931 -0.0317513
105 0.639521 -1.21011 0.478429
105 -0.440171 -1.07294 1.34114
105 0.780504 0.829975 4.81691
105 -0.0591755 1.38357 3.96605
105 -0.441278 1.29044 3.82862
105 -0.428258 -0.81165 1.36588
105 0.945355 0.444246 5.35214
105 -0.935058 -0.573546 1.90893
105 0.522324 -0.71888 0.328859
105 -0.104563 1.22235 3.98303
105 0.438989 0.621258 4.79286
105 1.0368 0.457148 5.37325
105 0.823004 -0.580272 6.32841
105 -1.24596 0.147076 2.63902
105 0.218701 0.998691 4.41409
105 -0.600093 -0.91785 1.58185
105 -0.448163 1.18732 3.8158
105 0.360767 0.996382 4.56995
105 1.01018 0.0975704 5.63129
105 1.28335 0.375183 5.46078
105 -0.504127 0.910068 3.60729
105 1.09621 0.712567 5.06641
105 0.447785 0.697572 4.77132
105 1.07992 0.54299 5.28003
105 1.1625 -0.388773 -0.352216
105 0.923323 0.352111 5.39828
105 0.910909 -0.503881 -0.122245
105 0.701567 -1.07922 0.426286
105 0.782117 -0.848671 0.19552
105 -0.127971 0.92215 3.89797
105 1.17248 -0.304869 5.98403
105 1.10608 -0.335217 6.03286
105 0.394068 -0.86376 0.539471
105 -0.842632 0.122399 2.65314
105 1.11414 -0.376109 5.96584
105 -1.39504 0.234616 2.65848
105 0.957069 -0.154678 5.94243
105 0.570634 -0.501845 0.169549
105 -0.844506 0.742793 3.30101
105 -0.865513 1.01493 3.37034
105 -1.06647 -0.255288 2.34625
105 0.495918 -0.587912 0.234003
105 0.231513 0.943669 4.44184
105 0.672421 0.510041 5.03558
105 0.837674 1.04297 4.83343
105 -0.705548 0.721402 3.26517
105 0.712076 1.23155 4.69499
105 -0.611182 -0.992917 1.51036
105 0.277054 -1.04644 0.773597
105 -0.985679 -0.918352 1.7958
105 -1.13521 0.716482 3.27414
105 0.937117 1.02355 4.82689
105 0.184215 -0.757575 0.761902
105 -0.968279 0.840886 3.34002
105 -0.168124 1.29285 3.97654
105 0.872173 0.336667 5.44322
105 -0.994328 -0.414903 2.18862
105 -1.04714 0.974693 3.35071
105 0.76583 1.13996 4.74978
105 0.196181 -0.855842 0.77659
105 0.279288 1.08088 4.39703
105 1.28129 0.300738 5.45783
105 -1.2157 0.187148 2.63169
105 -0.935103 -0.227696 2.33874
105 -0.80158 -0.887345 1.69985
105 -0.101852 1.10933 3.98046
105 1.09705 0.7842 5.06246
105 -0.885266 -0.471401 1.96798
105 -0.501259 -0.940244 1.37232
105 0.67592 -1.03061 0.42595
105 -0.507644 0.963077 3.63282
105 -0.264523 0.879575 3.87281
105 1.03652 -0.26089 5.95483
105 -1.06432 -0.321003 2.28743
105 -0.885708 0.939637 3.27962
105 1.12425 -0.604306 6.11601
105 0.899779 0.515953 5.15328
105 -0.342065 -0.688457 1.36754
105 0.374974 -1.24977 0.724598
105 -1.09694 0.519144 2.9629
105 0.170848 -1.20594 0.837977
105 -0.753423 0.893632 3.33008
105 0.754927 0.223285 5.43969
105 -1.1188 -0.84419 1.86592
105 -0.0589799 1.23813 3.9567
105 0.144471 1.34143 4.30563
105 -1.07569 -0.763566 1.83786
105 -0.795601 -0.367315 2.08488
105 -0.744407 -0.540881 1.89708
105 1.10734 -0.224289 -0.309419
105 -1.11297 -0.801364 1.8231
105 -0.759857 0.636636 3.2731
105 0.46368 -1.24004 0.659121
105 0.667368 -0.965515 6.68843
105 -0.176273 -1.16003 1.16384
105 0.615615 1.25998 4.72655
105 -0.249459 1.16879 3.93242
105 0.803463 0.0828806 5.56928
105 -0.496143 -0.816675 1.44796
105 -0.661458 0.779101 3.35497
105 0.75881 0.617343 5.01431
105 -0.727735 1.00808 3.45206
105 0.85222 1.13815 4.79554
105 0.761429 0.51076 5.02853
105 1.29113 -0.366245 6.06689
105 0.954769 0.126855 5.61784
105 0.994401 0.277567 5.51669
105 -0.173506 -1.06359 1.16523
105 1.2079 0.1755 5.55733
105 -1.07828 0.74461 3.33342
105 0.755878 -0.169996 6.01425
105 -0.898204 0.749766 3.26749
105 -0.198632 -0.938691 1.18352
105 -0.320119 0.89572 3.88633
105 0.626859 0.752202 4.78722
105 -1.10745 -0.348654 2.2801
105 -0.406754 -0.766546 1.3354
105 -0.893947 -0.665464 1.88574
105 1.25742 -0.474408 5.99168
105 1.19615 -0.496141 6.06208
105 0.728954 -0.286655 5.98571
105 -0.319202 0.93757 3.83488
105 0.846555 0.622237 4.9809
105 0.323082 -1.08537 0.738501
105 -0.750653 -0.825833 1.72133
105 1.355 0.0332597 5.63301
105 0.841913 -0.0979586 5.91954
105 -0.863733 -1.04865 1.647
105 -0.274808 1.39864 3.94645
105 -0.560274 -0.68474 1.68752
105 -0.999273 0.0674826 2.54003
105 -0.777318 -1.09543 1.61607
105 -1.09385 0.857303 3.29202
105 -0.666252 -0.442046 1.92778
105 -0.303164 -1.27978 1.22687
105 -0.562284 1.26608 3.76816
105 1.29548 0.219257 5.61159
105 -0.585151 -1.11426 1.41082
105 0.83799 0.74509 4.9208
105 0.763566 -0.595936 0.134384
105 -1.11424 0.202656 2.71354
105 -0.232966 -1.20998 1.19163
105 1.09379 0.48531 5.39453
105 0.0722371 1.17001 4.16769
105 0.908555 0.251265 5.43239
105 0.393184 -1.15524 0.663326
105 0.509205 1.28717 4.61329
105 -0.732132 0.50961 3.25635
105 0.888469 -0.365354 6.01486
105 -0.486779 1.27155 3.85517
105 0.739851 0.265914 5.45934
105 -0.0733687 0.837534 3.96895
105 -0.620687 -1.18036 1.40177
105 0.605015 1.00938 4.76812
105 -0.943482 -0.509125 1.95724
105 0.997801 0.386877 5.44274
105 0.877485 -0.0507311 5.82649
105 1.24895 0.0926346 5.57493
105 0.346105 0.943075 4.58529
105 -0.0112068 -1.1298 0.959944
105 -0.199755 -1.28893 1.10868
105 0.147517 1.13795 4.30889
105 0.0242731 -0.972458 0.835127
105 -1.13226 0.319112 2.73227
105 -1.04677 0.270816 2.69904
105 1.00131 -0.613082 -0.0252538
105 0.987721 -0.314507 6.05277
105 -0.583994 -0.822062 1.64551
105 -1.32421 0.0667009 2.61279
105 0.607816 -0.650473 6.4973
105 -1.20649 -0.664477 2.00234
105 0.39925 0.745936 4.72154
105 -0.170623 -0.757849 1.17394
105 1.23103 -0.165649 5.88822
105 0.636625 -0.75559 6.49401
105 0.805143 -0.653404 0.154898
105 -1.33301 0.302918 2.70418
105 -0.109097 0.964086 3.93309
105 0.185113 -1.09693 0.72165
105 -0.315627 -1.04882 1.2455
105 0.538381 -0.859704 0.466851
105 0.218137 1.21256 4.33251
105 0.584823 -0.746053 0.258201
105 -0.789169 0.984999 3.37228
105 1.18936 0.323135 5.44605
105 -0.180974 1.2501 3.95768
105 0.202193 -0.804436 0.769333
105 0.173883 0.920818 4.40494
105 -1.1453 0.779772 3.30802
105 1.10034 -0.789036 6.34599
105 -0.9834 0.777776 3.30538
105 0.388725 -1.00844 0.592186
105 0.543795 0.961346 4.74182
105 -0.820063 0.943344 3.32036
105 0.926597 -0.767709 0.169396
105 -1.18829 0.138864 2.59705
105 -1.20589 0.0976692 2.60471
105 -0.614349 -0.642099 1.67841
105 -0.164502 -0.869721 1.12299
105 0.477223 1.04812 4.65334
105 0.968825 -0.199384 5.96183
105 -0.22667 -1.04716 1.16342
105 0.924636 -0.126588 5.92971
105 1.12731 -0.0881994 5.83068
105 0.772622 -0.503231 -0.0187499
105 0.493141 -0.858679 0.459573
105 0.363794 -1.05077 0.661676
105 -0.77259 -0.575034 1.86932
105 -0.194717 1.05406 3.92951
105 0.971175 0.878968 4.90564
105 -0.790997 0.582086 3.38854
105 -0.065108 1.09115 3.96518
105 -0.17026 -1.22116 1.13737
105 0.966246 -0.667601 0.0180799
105 -0.893519 0.196965 2.65442
105 -1.20003 -0.106547 2.47484
105 -0.21364 -1.36128 1.12388
105 0.898401 0.0221215 5.64499
105 1.0339 0.231708 5.49889
105 -0.994859 -0.708218 1.86967
105 0.0871219 -1.03936 0.807262
105 1.19088 0.10563 5.59944
105 -1.11594 0.384635 2.78285
105 -0.813316 -0.947961 1.6823
105 -0.696008 -0.800228 1.69867
105 -0.905352 0.303203 2.73983
105 0.787001 -0.440411 -0.137845
105 0.516086 0.787736 4.77328
105 -1.02421 0.80261 3.29219
105 0.680653 -1.17164 0.502324
105 0.103126 1.2975 4.24522
105 -0.805032 -0.760109 1.71925
105 0.789465 -0.317336 6.00033
105 0.792029 -0.78344 6.44347
105 1.06487 -0.428474 6.01644
105 0.961853 -0.465669 6.0717
105 0.992455 -0.379082 6.05875
105 -0.869901 0.149151 2.63601
105 1.32502 0.399213 5.43538
105 0.661583 0.696144 4.7676
105 1.12969 0.427157 5.4388
105 0.714506 -0.569211 0.14308
105 -1.03485 0.212358 2.66387
105 0.465073 0.755259 4.74679
105 -0.502752 -1.06559 1.34436
105 -1.05747 0.567461 3.05039
105 -0.921085 0.50109 3.09129
105 -0.292112 1.20718 3.8974
105 -0.659543 0.851166 3.39546
105 1.19319 0.602858 5.27228
105 1.33086 -0.0662117 5.81062
105 0.59546 -1.18386 0.472251
105 -0.185605 0.942395 3.88924
105 0.873741 -0.866313 0.270148
105 -0.119603 0.873356 3.92297
105 -0.323093 0.985975 3.85344
105 -1.07518 0.679508 3.28033
105 -0.452765 1.11577 3.82907
105 -1.31775 -0.256637 2.39562
105 -0.850488 -0.534896 1.90917
105 -0.00992498 1.07525 4.06861
105 0.934841 0.313263 5.40996
105 -0.566023 -1.19132 1.38269
105 -0.440771 1.0668 3.81184
105 0.85963 -0.282404 5.92861
105 0.977669 0.999132 4.82998
105 0.114163 -1.20246 0.782385
105 -0.231855 -1.11691 1.13948
105 -1.17838 -0.719859 1.98165
105 -0.770136 -0.775469 1.73675
105 -0.843212 -0.425068 2.0197
105 0.246254 -1.0862 0.783552
105 0.213613 -1.28689 0.812036
105 -0.451178 -0.943736 1.44223
105 -1.15683 -0.451332 2.23068
105 0.749527 -0.792991 6.44897
105 -1.07952 -0.401837 2.22073
105 0.710495 0.988476 4.80283
105 -0.353522 -1.34073 1.22293
105 -1.0208 -0.643451 1.93234
105 1.21777 0.224103 5.55534
105 -0.141661 1.18091 3.96733
105 1.08894 -0.469282 6.0402
105 0.878562 -0.12424 5.91114
105 -1.09015 0.303422 2.70022
105 0.716026 -0.683671 0.160647
105 0.955748 -0.296597 5.94035
105 0.735009 -0.926747 6.55577
105 0.00773081 0.961253 4.02783
105 0.570937 0.982635 4.69685
105 -0.408673 0.726004 3.61473
105 -0.659165 -0.701816 1.683
105 1.353 0.232726 5.56172
105 0.894777 0.379711 5.44832
105 0.265223 1.28658 4.30248
105 1.03153 0.351878 5.4582
105 0.608696 -0.872299 0.381314
105 0.659985 -0.692641 0.186799
105 -0.697187 0.919636 3.42941
105 0.813348 0.961007 4.79132
105 -0.594096 -1.24844 1.39345
105 -1.20661 -0.434428 2.25387
105 0.0648955 -0.898794 0.839176
105 -1.33423 0.107864 2.58613
105 0.625445 -0.551389 0.187357
105 0.400092 0.658984 4.75844
105 0.705727 -0.229258 5.97261
105 -0.742685 -0.62296 1.81616
105 -1.3425 -0.0831198 2.50994
105 -0.937527 -0.75093 1.83431
105 -1.22668 -0.365108 2.25178
105 0.28041 -0.948792 0.758295
105 1.09126 0.305966 5.46538
105 1.03236 0.058372 5.63587
105 -0.00851562 1.18371 4.02478
105 0.865927 -0.891497 0.157008
105 -0.629663 -1.13322 1.40627
105 1.2447 -0.378977 6.06082
105 0.500091 0.708175 4.7533
105 0.771967 -0.211263 6.00588
105 0.619556 -1.05239 0.485878
105 -0.666164 0.617621 3.31923
105 -0.0344127 -1.27396 1.02115
105 -0.539989 -1.12876 1.36561
105 0.183897 1.37357 4.28533
105 -1.05113 0.775043 3.30826
105 -0.503341 -1.14074 1.40303
105 -0.475852 -1.2089 1.38417
105 -0.15471 -1.02799 1.10366
105 -0.675603 1.12284 3.5815
105 0.0757053 -0.761872 0.818128
105 0.188788 -1.06419 0.8364
105 0.439176 -0.828552 0.489503
105 -0.434865 0.832765 3.62061
105 0.168372 1.03628 4.33316
105 0.76325 -0.242521 -0.327504
105 -0.882142 -0.853853 1.75791
105 0.791748 -1.02999 0.325578
105 1.08259 0.445435 5.35183
105 -1.11364 -0.272817 2.35023
105 1.08604 -0.276268 5.95382
105 -0.0873571 -1.30344 1.07203
105 0.557064 -0.910805 0.448987
105 -0.0592332 1.18253 3.97994
105 -0.97461 0.211369 2.68506
105 -0.0825709 -0.921942 1.12735
105 0.876807 0.0972815 5.57647
105 -0.118766 1.30166 4.00193
105 -0.135126 -1.09916 1.13085
105 -0.912152 0.969628 3.33192
105 0.138226 1.19445 4.288
105 0.219937 -1.16958 0.761825
105 0.51143 1.22894 4.63425
105 -1.32896 0.250606 2.65625
105 -0.228468 0.95121 3.90225
105 0.583202 0.763432 4.83337
105 0.838012 -0.683422 0.122608
105 0.739307 0.744318 4.83946
105 0.24555 -1.13832 0.800711
105 1.25947 0.202965 5.5409
105 0.176661 -1.13306 0.847674
105 1.14795 -0.171455 5.91867
105 0.939797 0.703705 5.00116
105 -0.306108 -0.857342 1.34139
105 -0.846779 -0.636716 1.90153
105 -0.990523 0.534227 3.07291
105 -0.229965 1.22342 3.93526
105 -0.290876 -1.33813 1.21146
105 -0.830732 -1.09994 1.58103
105 -0.526241 0.670729 3.38657
105 1.14221 0.325711 5.48366
105 -1.35562 0.34478 2.67665
105 -0.7465 0.949352 3.40028
105 -0.615085 1.01598 3.60344
105 -0.796192 -0.215892 2.31917
105 0.504302 0.657461 4.81757
105 -0.708564 0.602529 3.31786
105 0.337005 -1.27729 0.729433
105 1.32423 0.333747 5.44087
105 1.13283 -0.27899 -0.288244
105 0.894409 -0.427039 -0.181459
105 0.762155 -0.705779 6.48025
105 -0.807276 -0.51628 1.89045
105 -1.30719 0.382422 2.7512
105 -1.01003 0.03477 2.60194
105 0.171956 0.859518 4.41771
105 -0.770189 0.87413 3.41383
105 -0.726985 -1.03061 1.59951
105 -1.00323 0.399216 2.78656
105 0.799417 -0.277196 6.0075
105 0.772469 0.787131 4.88302
105 0.760109 1.0164 4.78562
105 0.499583 1.11018 4.67958
105 -1.08001 0.169611 2.61296
105 -0.859215 -0.777885 1.77472
105 -0.514731 0.804141 3.57194
105 0.558974 -0.980275 0.477295
105 0.72535 -1.00511 0.370123
105 1.16454 0.371432 5.46473
105 1.11717 0.0394841 5.6354
105 1.32424 0.167909 5.62589
105 0.71418 -0.746759 0.230255
105 0.67615 0.581495 4.97879
105 -1.28171 0.315241 2.71599
105 -0.351401 -0.870686 1.33158
105 1.21084 0.0627673 5.57713
105 -0.938789 0.768073 3.28617
105 -1.02697 0.718356 3.31526
105 -0.456267 -0.907366 1.36806
105 -0.847663 0.526371 3.23398
105 -0.773302 0.702655 3.4211
105 -1.06612 -0.125572 2.47433
105 0.405326 -0.915749 0.524098
105 -0.292924 -0.972125 1.24687
105 -0.754206 -0.980939 1.61163
105 0.851214 0.695549 4.98505
105 -1.19248 0.394803 2.76352
105 -1.0737 -0.575202 1.99765
105 0.264571 1.00786 4.40283
105 -0.798667 -0.646523 1.85927
105 -0.827952 -0.272191 2.28956
105 0.645173 0.955994 4.80004
105 0.410189 1.13888 4.57041
105 -1.29611 0.0330532 2.59328
105 -0.972754 0.33596 2.71817
105 0.244437 -0.958416 0.746284
105 -0.805832 -0.127944 2.44412
105 -1.03919 -0.926691 1.81624
105 -0.0197524 0.945545 4.0841
105 -0.863265 -0.8997 1.715
105 0.944371 -0.591229 -0.0165343
105 1.02852 -0.121358 5.91224
105 0.0383734 -0.863752 0.824894
105 -0.163883 0.898399 3.92971
105 -0.833614 0.0463208 2.56051
105 -0.5342 -1.24723 1.35856
105 1.273 -0.313573 6.02678
105 0.882256 -0.217072 6.01672
105 -1.14262 -0.683467 1.9795
105 -1.34537 -0.311102 2.34087
105 0.617677 -0.992373 6.74994
105 -0.255865 0.93021 3.91776
105 0.634276 0.636782 4.80805
105 0.912085 0.630963 5.04159
105 -0.728734 0.829714 3.40989
105 -0.515905 -0.600949 1.69369
105 -0.879454 0.345767 2.76933
105 -1.02357 0.852486 3.32803
105 0.796684 -0.371569 6.08791
105 -0.794058 0.282622 2.79704
105 0.919691 0.108569 5.56277
105 -1.10314 -0.150644 2.4221
105 0.438232 -0.73349 0.448143
105 1.0971 -0.138745 5.91078
105 -1.16109 -0.337604 2.30645
105 -0.926091 0.127849 2.68001
105 -0.494097 -1.09598 1.42341
105 -0.284724 -1.15411 1.19567
105 -0.153188 -0.815423 1.17683
105 1.06952 0.661455 5.07551
105 -0.768153 -1.05395 1.58074
105 0.133301 -0.906107 0.818949
105 -0.362836 -1.16549 1.27322
105 0.260625 1.35405 4.29761
105 0.896405 -0.295791 6.03933
105 -1.09781 0.110207 2.66814
105 -1.20747 0.439669 2.75407
105 -0.716598 -0.673447 1.72889
105 -1.13713 0.257666 2.71072
105 -0.65355 1.23843 3.64202
105 -1.04022 -0.100901 2.42138
105 0.447363 0.948439 4.68148
105 0.677984 0.747154 4.77345
105 -1.0923 -0.689296 1.96003
105 -0.990994 -0.763164 1.86419
105 -0.858338 -0.952164 1.68548
105 -0.829435 0.237092 2.75514
105 0.987364 -0.879208 0.109774
105 -1.29967 -0.459838 2.27687
105 -0.490766 1.21988 3.83398
105 0.541499 -0.604413 6.49619
105 -0.713218 -1.08717 1.59662
105 -1.28025 -0.361066 2.28522
105 -0.0959834 1.27193 3.9489
105 -0.430125 1.33974 3.78747
105 1.16558 0.164535 5.60831
105 0.698947 0.844867 4.76575
105 0.863791 0.784269 4.8902
105 -0.748857 1.10951 3.53782
105 0.920178 0.792018 4.91137
105 -1.13186 -0.577947 2.00821
105 -0.396183 -0.885194 1.31505
105 0.643318 -1.14273 0.492713
105 -0.437715 -0.994697 1.38108
105 0.0459813 1.1037 4.10102
105 1.28851 -0.200027 5.90801
105 0.450776 -1.14233 0.612044
105 1.33187 -0.37116 -0.348633
105 -0.00594534 0.843265 4.05263
105 -0.607588 0.819004 3.41611
105 -0.725309 1.21303 3.59793
105 -0.379858 -0.828554 1.37069
105 0.790697 0.734104 4.89757
105 0.500541 -0.954388 0.481137
105 -1.11459 -0.523206 2.06965
105 0.849018 0.237131 5.51038
105 -0.258864 0.7775 3.90126
105 -1.26586 0.518269 2.83102
105 0.703006 0.485168 5.00085
105 0.599281 0.815926 4.80336
105 0.876732 0.978735 4.87279
105 -0.529447 0.852241 3.58138
105 0.849873 0.566923 5.0126
105 0.0300379 -0.935102 0.879612
105 -0.180567 0.815917 3.90058
105 1.00046 0.584682 5.12889
105 0.757698 -0.64847 0.155559
105 -0.910031 -0.369046 2.17277
105 -0.638065 -0.520542 1.8258
105 -0.960688 -0.114186 2.48406
105 0.150943 -0.83642 0.794398
105 -1.07508 0.0199473 2.60656
105 -0.331571 -0.753503 1.39934
105 0.814556 0.591255 5.03895
105 -0.86978 0.708838 3.36941
105 0.0923883 -1.29703 0.788813
105 -1.04814 0.106432 2.63188
105 -0.889062 0.0608988 2.56246
105 0.831252 -0.412895 -0.168687
105 -1.02604 0.925961 3.2711
105 -0.577066 0.65633 3.3268
105 1.06856 -0.387633 6.01562
105 0.563807 1.12427 4.69826
105 0.451328 0.898379 4.66084
105 0.979884 0.66443 5.01219
105 -0.539251 1.02616 3.59738
105 0.796957 0.542959 5.05602
105 0.184146 1.30432 4.31089
105 1.25023 -0.0518032 5.80677
105 -0.748149 -0.467381 1.87975
105 0.794061 0.258117 5.47603
105 -1.06958 -0.874003 1.8477
105 -0.0974332 1.15702 3.96857
105 -0.666596 0.693476 3.31113
105 -0.863039 -0.34013 2.18382
105 -0.540663 1.16218 3.73983
105 -0.760679 0.736292 3.35003
105 1.34505 -0.199383 5.88775
105 -0.522043 -0.889208 1.43252
105 -1.13873 -0.174654 2.42795
105 0.643391 -0.602029 0.20792
105 0.70351 -0.6384 0.216737
105 -0.359876 1.36923 3.87442
105 -0.299547 0.854468 3.90467
105 0.909931 0.176248 5.5416
105 -0.383007 -1.06765 1.32379
105 0.536067 0.735425 4.81984
105 -1.02346 -0.571314 1.96146
105 0.131691 1.24683 4.27752
105 0.996306 0.165304 5.56905
105 0.225399 0.886884 4.44526
105 0.955616 -0.0725329 5.85252
105 -1.31995 -0.200956 2.41418
105 -1.1248 0.00267276 2.60505
105 0.0980944 -0.98839 0.799614
105 -0.585008 0.727536 3.35686
105 -0.552598 -0.561301 1.70221
105 -0.443191 -1.25854 1.30353
105 -0.794683 0.763646 3.28388
105 -0.796068 -0.4694 1.92812
105 -0.0735848 1.00376 3.96678
105 0.336533 -0.773861 0.580517
105 -0.931592 -0.278834 2.32267
105 -0.931693 1.01193 3.3824
105 1.11083 -0.512809 6.06803
105 0.346831 0.881702 4.63083
105 1.23353 0.323047 5.42523
105 0.832898 0.308163 5.46354
105 0.351492 1.24539 4.48595
105 -0.454492 1.02034 3.77467
105 0.636793 1.23192 4.66341
105 -1.08647 0.25015 2.71356
105 -0.508654 0.729322 3.47406
105 0.0959749 -1.24586 0.768979
105 0.39293 1.05667 4.56268
105 0.295781 -1.1756 0.796235
105 0.756793 1.07127 4.81683
105 -1.20574 0.0475218 2.56677
105 -0.788483 0.0994882 2.61196
105 -1.01105 -0.861128 1.81778
105 -1.06496 0.386177 2.75471
105 0.974606 0.088062 5.54218
105 0.998731 -0.79129 6.39123
105 -1.26247 0.401931 2.73544
105 -1.03469 0.48455 2.94692
105 0.862486 0.149346 5.57483
105 -0.691544 0.829417 3.37934
105 -0.847601 -0.70383 1.84467
105 0.688382 -0.805512 0.256504
105 1.10869 0.0840624 5.59388
105 -0.223659 0.82748 3.90367
105 1.25239 -0.432997 6.08334
105 -0.461247 -0.852413 1.4015
105 -1.00981 -0.31894 2.28791
105 1.03894 -0.722437 0.0647957
105 -0.504743 -1.28895 1.34664
105 1.14781 -0.454258 6.05558
105 0.526663 -1.17398 0.492563
105 -1.40543 0.164529 2.60266
105 0.141035 -1.31818 0.79523
105 0.89384 -0.557992 6.24913
105 -0.617954 -0.872454 1.61344
105 -0.635959 1.18274 3.64644
105 -0.558346 -1.04887 1.39963
105 -0.568405 0.936321 3.56832
105 -0.971913 -0.297396 2.29567
105 0.494781 -0.812852 0.470561
105 0.373639 0.703321 4.73536
105 0.0254825 1.28948 4.07273
105 -0.569909 0.528735 3.35556
105 -1.37329 0.048877 2.6172
105 0.821296 0.21675 5.44195
105 0.280949 -1.24755 0.813457
105 -0.346992 -0.908933 1.40069
105 -0.790478 0.621319 3.3844
105 -0.903561 -0.783822 1.80511
105 0.662 -0.907788 0.351072
105 0.53735 -1.12377 0.468066
105 -1.32188 -0.424035 2.24888
105 -0.304062 1.15219 3.87358
105 -0.191747 1.34726 3.91298
105 -1.09387 0.919153 3.31765
105 0.996925 0.485742 5.32409
105 -0.895964 -0.529278 1.91592
105 0.458709 0.815844 4.69767
105 -0.87105 0.892508 3.4097
105 0.840163 -0.260643 6.03062
105 -1.12635 -0.415423 2.22818
105 0.678049 -0.840138 0.230143
105 0.667213 0.853788 4.83761
105 0.952073 0.391009 5.39797
105 0.577262 -1.03258 0.462775
105 -0.617613 -0.803174 1.62653
105 -0.49238 1.15298 3.78114
