5 -0.784433 -0.698732 4.1906
5 -0.489029 0.609874 6.14125
5 0.106105 0.17133 4.94248
5 -0.893469 -0.200169 2.17154
5 0.7166 -0.0706458 3.64118
5 0.437051 0.473039 2.82868
5 0.455868 -0.560446 0.751833
5 -0.686443 -0.126099 5.88088
5 -1.06624 0.487334 1.8036
5 0.765006 0.79217 2.1085
5 -0.856569 0.00241854 1.77092
5 -0.39976 -0.236728 3.82354
5 0.806343 -0.376599 5.08135
5 0.125496 0.624322 2.0354
5 -0.18735 0.939257 6.13947
5 0.60832 -0.532463 2.26991
5 -0.517662 0.154776 3.79001
5 0.0332577 0.108206 1.08097
5 0.167405 -0.28439 0.283708
5 -0.146902 0.321534 2.75221
5 0.606461 -0.443424 5.07918
5 0.46137 0.328475 4.16009
5 -0.177113 0.443821 1.76418
5 0.169472 0.488378 0.568926
5 0.59374 0.0333773 1.53379
5 -1.11755 0.0938584 2.77662
5 0.209053 -0.70964 3.87837
5 -0.447194 -1.00473 2.14993
5 0.293749 0.229758 5.19936
5 0.673902 0.706428 4.37274
5 -0.337792 -0.77249 0.988656
5 -0.174419 0.623191 4.74225
5 0.286749 0.18676 3.75689
5 0.721935 -0.538201 3.55981
5 -0.874434 -0.0364732 1.03097
5 0.210045 -0.929862 1.46874
5 -0.152898 -0.701382 6.05323
5 -0.349851 -0.952417 2.35909
5 -0.206366 0.240689 2.05821
5 -0.887776 0.507081 0.864225
5 0.548065 0.113201 5.98929
5 -0.893844 0.547548 4.57765
5 -0.932129 0.665616 1.21059
5 -0.98181 0.0876798 2.61494
5 1.04293 -0.125508 0.489981
5 -0.992881 -0.0578773 2.75499
5 0.547291 0.983209 5.29016
5 0.316556 0.020629 4.96809
5 0.0981904 0.325099 0.511551
5 0.0204665 0.786807 1.03595
5 0.143702 0.686515 5.42704
5 -0.556499 0.220639 4.75104
5 0.325384 -0.597808 4.7283
5 0.404219 0.0297801 5.5074
5 -0.606378 -0.0383959 4.5932
5 0.287286 0.590784 0.980535
5 -0.0379623 0.233832 4.32621
5 -0.361858 -1.06056 5.78088
5 0.150909 0.348281 0.349879
5 -0.350907 -0.0867787 2.49606
5 -0.647037 -0.293289 5.49858
5 -0.609426 0.546663 5.20816
5 -0.771432 0.775566 6.00226
5 -0.356122 -0.847833 3.22217
5 -0.0520725 -0.698164 1.07099
5 0.564045 -0.860478 0.204451
5 -0.331734 -0.547318 1.07081
5 0.447012 -0.920817 5.24495
5 0.122091 0.925627 3.29151
5 0.407123 -0.279074 3.15593
5 -0.48514 -0.60883 2.25736
5 0.24191 0.960033 1.69547
5 0.0257158 -1.04058 3.81487
5 -0.545069 0.04509 1.64265
5 -0.76465 0.50346 1.62539
5 0.499644 0.920305 3.91848
5 0.0241319 -0.422336 4.58209
5 -0.415016 -0.858104 1.96676
5 0.871301 -0.449509 3.05592
5 1.07325 0.323514 0.753127
5 0.457095 0.292489 2.54142
5 -0.545691 -0.23513 4.5814
5 -0.0747242 0.692346 2.41886
5 0.308986 -1.01151 1.26662
5 -0.379305 0.243342 3.52318
5 0.844327 0.0233379 3.94861
5 0.689782 -0.594794 5.27111
5 0.303991 1.04574 5.21057
5 0.227219 -1.06442 5.73795
5 -0.731742 0.784453 0.847623
5 -0.38034 -0.979824 3.35763
5 0.185184 0.887826 4.05239
5 0.0721585 -0.514744 1.8512
5 0.44819 0.0385611 0.949925
5 -0.91081 0.100432 1.8027
5 0.0985474 -0.114043 0.15023
5 -0.401859 0.551605 5.73841
5 1.10373 0.179133 5.18398
5 0.586745 -0.61667 1.92923
5 -1.0737 0.274164 3.13082
5 -0.104076 -0.256948 5.15357
5 0.32668 0.811482 0.688851
5 -0.568578 0.171919 4.57927
5 0.538546 0.0253766 0.635434
5 0.941995 -0.257683 4.90248
5 -0.231913 0.316469 4.89465
5 -0.975577 0.221935 1.48849
5 -0.26971 -0.493619 3.00027
5 -0.668222 -0.59772 0.743725
5 -0.700505 -0.482177 1.74869
5 0.379514 -0.917894 5.85828
5 -0.194475 1.14492 0.412155
5 -0.00581374 0.479078 1.81649
5 0.359801 0.490975 2.02833
5 -0.375085 0.198464 3.80108
5 -0.278186 1.13487 0.797844
5 -0.557311 -0.5405 2.35015
5 -1.02527 0.368418 4.74355
5 -0.546861 0.332094 4.81449
5 0.409489 -0.485776 5.24458
5 0.0419297 0.00693437 1.1896
5 0.243055 -0.267261 5.69493
5 -0.370293 0.453544 0.23631
5 -0.159863 -0.336176 0.374756
5 0.301126 -0.182608 3.87286
5 -0.0535257 0.263699 5.58189
5 -0.43651 -0.434858 4.32516
5 0.399475 -0.185534 2.35786
5 0.0861028 -0.168805 4.37469
5 0.0762429 0.895482 2.11174
5 0.147527 -0.842906 0.536047
5 -0.680649 0.326774 3.45084
5 0.634077 -0.93121 1.6329
5 -0.205375 0.501 5.65781
5 0.514235 0.478924 4.74148
5 0.630139 -0.0273267 3.55525
5 -0.585038 -0.291126 4.47956
5 0.244627 -0.335856 3.28791
5 0.489095 0.578078 2.46283
5 -0.527814 -0.0163113 5.45156
5 -0.283958 -0.525692 3.61161
5 0.48796 -0.18181 5.47236
5 0.285367 -0.474169 1.4205
5 0.331838 -0.937347 3.5374
5 1.00919 0.338178 6.00322
5 0.63958 -0.883173 1.26409
5 0.0106989 -0.967454 4.35099
5 0.758863 0.281739 3.85661
5 -0.639916 0.588345 4.69564
5 0.640309 -0.261452 3.50243
5 0.0598135 0.545876 0.779109
5 0.0477689 -0.0767844 2.59285
5 -0.040623 -0.625235 0.401907
5 0.722096 -0.336025 4.06696
5 0.0807597 -0.453722 0.743349
5 0.413508 1.05997 5.03585
5 -0.0636515 -0.561073 1.34021
5 -0.00119853 -0.140027 2.14778
5 -1.05671 -0.014031 5.06264
5 0.0242502 0.870158 5.51587
5 0.894319 0.191003 2.41754
5 0.334963 0.99277 3.56369
5 -0.183204 0.490983 2.36114
5 0.538165 0.159114 4.32684
5 -0.785665 -0.00696925 3.49484
5 -0.618191 -0.273398 6.25887
5 -0.496293 0.778061 3.75652
5 0.517805 -0.704453 1.31725
5 -0.229868 -0.186494 1.52425
5 -0.434646 -0.131727 2.64565
5 -1.00139 0.0128056 4.34723
5 0.483963 0.674668 2.75314
5 -0.681364 -0.233133 6.14619
5 -0.392406 -0.0975309 0.749481
5 -0.438163 0.324646 1.94054
5 0.205507 1.13056 0.367194
5 0.246162 -0.191277 0.63464
5 0.11548 -0.807377 0.641717
5 -0.650973 0.822481 4.40281
5 -0.263506 0.823164 0.302462
5 -0.868239 0.055116 5.82643
5 -0.162072 0.0677202 3.40553
5 -0.451322 0.362727 5.44442
5 -0.0285647 -1.04842 3.9419
5 0.0239532 0.396481 5.64403
5 0.072827 -0.785528 0.105376
5 -0.0786155 -0.712764 6.07682
5 -0.1035 0.564914 4.59921
5 1.02512 -0.0252005 5.69533
5 0.194579 -0.821389 4.76758
5 -0.513735 0.41158 1.75206
5 -0.313463 0.614711 1.66851
5 1.07997 -0.018371 6.01927
5 0.928223 0.0585218 5.90723
5 -0.283383 0.555076 5.5705
5 0.103984 0.747125 0.0163255
5 -0.705503 0.0974835 0.165176
5 -0.325463 0.840494 0.536271
5 -0.801645 -0.0761638 1.76857
5 -0.321421 -0.901877 2.17947
5 -1.05379 0.217039 4.32819
5 -0.955477 -0.626628 1.78685
5 -0.783467 0.60723 2.58358
5 -3.92829e-05 -0.363801 3.764
5 0.782199 -0.0649902 3.0585
5 0.179353 -0.327028 1.10172
5 -0.710078 -0.0541588 0.166161
5 -0.354037 0.0864097 4.03576
5 -0.205747 0.758738 2.6307
5 0.539325 0.712197 5.65241
5 0.108316 0.0248801 2.00875
5 0.867046 -0.0165158 6.31023
5 -0.0676868 -0.761994 2.63392
5 0.077979 0.796545 3.20968
5 0.113686 1.15835 6.20361
5 0.441536 -0.37164 5.78971
5 0.000692289 -0.240572 5.66029
5 -0.625293 0.143504 3.61908
5 -0.596613 0.60983 4.1201
5 -0.274925 0.134656 1.39181
5 0.323077 0.228094 3.80253
5 -0.432558 -0.258863 5.15529
5 0.0691836 -0.88832 2.09877
5 0.344058 0.574631 1.21001
5 -0.952934 -0.463451 1.34498
5 -0.117522 -0.602284 5.42621
5 -0.259026 0.0866387 4.42878
5 -0.303319 -0.112916 5.11483
5 0.433978 0.0133982 6.27407
5 -0.57259 0.676911 2.18122
5 -0.923993 -0.241255 2.31554
5 -0.769992 -0.1199 5.96284
5 -0.853157 -0.295244 2.89736
5 0.474296 0.0106449 4.03276
5 -0.549187 0.578162 4.75466
5 -0.676721 -0.73514 1.94545
5 0.594014 0.683314 3.81284
5 -0.881604 -0.0722914 0.110779
5 0.172871 0.00756644 1.52876
5 -0.394182 0.514371 0.31599
5 0.210369 0.394 0.901943
5 -0.0808367 0.590798 3.48708
5 -0.672568 0.514313 0.390206
5 -0.685259 0.704671 3.25869
5 0.498098 0.079499 3.09559
5 -0.186938 0.200826 1.38421
5 0.768056 0.442935 4.71454
5 -0.235987 0.233102 5.89576
5 0.225458 -0.831093 3.85738
5 -0.0666127 0.541823 2.60211
5 -0.974906 0.538208 3.77747
5 0.463287 -0.0445992 1.31368
5 -0.19157 0.0978729 2.40907
5 -0.814304 -0.61398 1.76161
5 0.48878 0.384865 5.08958
5 0.830402 0.217289 2.38779
5 0.176449 0.954438 2.32206
5 -0.210626 -0.23239 2.34467
5 -0.64457 0.0352433 4.64552
5 -0.327302 0.420675 5.10788
5 0.583662 -0.570289 0.555847
5 0.152998 -0.177879 6.26085
5 0.64293 0.322773 2.59895
5 -0.245878 -1.10215 2.04499
5 0.309493 0.540547 1.53681
5 -1.00693 0.429397 3.62479
5 -0.452348 0.742526 4.61037
5 0.850366 -0.285452 3.40855
5 0.798704 -0.429656 3.95113
5 -0.113795 -0.789261 2.09916
5 0.0204648 0.521263 0.122792
5 0.534789 0.887172 3.97768
5 -0.406667 -0.000821956 4.59525
5 0.830008 -0.469785 3.42488
5 -0.249423 0.86511 1.68099
5 -0.181363 -0.477778 1.64924
5 0.472549 -0.669564 3.62254
5 -0.956716 0.39472 4.1373
5 0.793449 0.495656 5.73176
5 -0.0391658 0.454514 2.00436
5 0.174055 -1.09386 5.21537
5 0.492311 -0.544662 3.40165
5 0.307346 0.105442 0.443843
5 0.199155 0.64836 6.24261
5 -0.390038 0.950375 1.2447
5 -0.705772 -0.548807 1.01108
5 0.683225 0.290982 2.17391
5 -0.593428 0.784158 1.03907
5 -0.307075 0.0881057 4.07698
5 0.278404 -0.578927 2.70804
5 0.385533 0.357078 4.31579
5 0.895946 -0.132728 2.78407
5 -0.108955 0.270838 5.04463
5 -0.218659 -0.0556591 4.49293
5 0.818088 0.39737 6.26287
5 0.769216 0.855912 0.731952
5 0.0722781 -0.0224948 1.95724
5 -0.627341 -0.619838 2.82347
5 -0.453705 0.884897 4.97897
5 0.340124 0.336814 5.71631
5 -0.289427 0.492778 3.3556
5 0.120719 -0.217205 5.13345
5 -0.649821 -0.112382 2.38235
5 0.910311 0.261982 4.84202
5 0.491906 1.04152 6.12959
5 0.61717 -0.791467 1.44396
5 0.166346 0.191311 2.79655
5 -0.46906 0.0596381 0.369157
5 0.487645 0.515203 6.0616
5 0.302563 0.735347 1.13364
5 0.213296 0.688154 1.13872
5 -0.888378 -0.513246 3.30212
5 0.582881 -0.128226 0.661253
5 0.0414813 0.307702 0.422498
5 -0.00769217 0.672645 3.35624
5 0.342993 -0.101463 3.04916
5 0.105483 1.01649 2.47578
5 -0.401686 -0.461671 1.14404
5 0.0354869 0.484704 2.76301
5 -1.11243 0.336014 0.0425003
5 0.675448 -0.196888 3.24066
5 0.27918 0.340396 0.564166
5 -0.269693 0.371027 4.37364
5 0.0685009 0.372499 4.47643
5 -0.0898113 1.07989 5.64782
5 -0.814595 0.296833 1.94148
5 -0.416345 0.2337 0.379049
5 -0.29788 0.20198 4.60453
5 -1.00567 0.280167 2.66085
5 0.359384 -0.201918 2.6963
5 -0.56329 1.00933 1.9643
5 -0.184776 -0.423474 6.21402
5 -0.543569 -0.749223 2.5601
5 -0.993961 -0.0916873 4.0036
5 0.958182 0.397612 5.67843
5 -0.584717 0.248677 3.99287
5 -0.433231 -0.674826 3.84742
5 0.559902 -0.77215 2.41829
5 -0.363802 1.07772 2.69743
5 0.442558 -0.628885 2.91602
5 0.39229 0.578483 3.35961
5 -0.138295 0.580217 4.96656
5 0.687523 0.533582 5.79908
5 0.416612 -0.124328 0.522884
5 0.423456 -0.314681 5.40489
5 0.344356 0.4661 0.262519
5 0.615392 0.94946 5.32874
5 -1.09246 0.172861 4.16863
5 0.118465 -0.0297599 1.5693
5 0.259832 0.40667 0.64436
5 -0.446226 1.01411 4.5419
5 -0.529331 0.972756 0.789112
5 -0.821111 0.269029 5.05743
5 0.617229 -0.673801 3.85786
5 -0.184631 -0.537774 4.66706
5 -0.817103 -0.203175 2.70288
5 0.685008 -0.763851 0.52937
5 0.917581 -0.328794 4.99191
5 -0.274002 1.01221 3.36358
5 -0.951774 0.0528199 2.48542
5 -0.153266 -0.230685 1.66555
5 -0.73617 -0.67893 1.99182
5 -0.238096 0.676193 2.63397
5 1.06512 -0.258981 5.20881
5 0.818897 0.17332 0.656914
5 -0.133964 -0.171325 3.87913
5 -0.39862 0.0342904 6.1337
5 0.519808 -0.580157 2.50378
5 0.632706 0.740166 4.74472
5 1.06115 0.374139 5.75438
5 0.847419 0.618285 5.8043
5 -0.280464 0.326151 0.403174
5 -0.0938692 0.507351 2.08674
5 -0.521593 -0.0698575 3.12441
5 0.618296 -0.104225 2.82341
5 0.902791 -0.0777841 1.62734
5 0.00876662 0.289657 5.88002
5 0.523713 -0.381937 2.31937
5 0.804028 -0.551794 2.49564
5 -0.966699 -0.235923 3.43297
5 0.980219 0.00552135 6.18578
5 0.250961 -0.701902 2.49373
5 -0.370213 -0.3268 1.25705
5 -0.57313 -0.426879 3.45451
5 0.307772 0.441373 1.48537
5 1.11507 0.0851305 5.99397
5 -0.538154 0.751546 4.1866
5 0.377312 -0.592762 2.32262
5 0.534701 -0.127584 4.80847
5 -0.42793 0.114426 3.05589
5 -0.595659 -0.199446 4.88708
5 -0.354832 0.49945 2.90567
5 1.08252 0.131651 1.43745
5 0.248116 -0.385343 4.1552
5 -0.123048 -0.931326 3.87716
5 0.240994 -0.666601 1.54291
5 -1.03637 -0.507501 6.12707
5 0.545561 -0.218677 3.81402
5 -0.594122 0.101058 4.38588
5 -0.181049 -0.256451 2.83097
5 0.382112 -0.620273 3.43479
5 -0.342689 0.35995 3.224
5 -0.951056 0.598373 0.903
5 0.021447 -0.200165 1.38931
5 -0.108693 -0.326878 3.99218
5 0.751362 0.203904 0.699911
5 0.161488 0.314972 0.930403
5 -0.526715 -0.699067 2.54347
5 0.807795 0.0866857 5.39661
5 0.922443 0.360076 5.03249
5 -0.404726 0.294456 5.65431
5 0.314213 -0.0365419 5.55266
5 0.041559 -0.507018 4.14662
5 -0.107194 -0.092963 3.69584
5 0.151545 0.735011 1.19418
5 0.439833 -1.0168 0.190279
5 0.265938 -1.04172 1.97772
5 -0.45303 0.0206419 5.36038
5 0.219673 0.527523 4.13911
5 -0.186083 -0.0662784 4.16759
5 0.149869 -0.442071 2.00427
5 0.927321 0.311077 3.41367
5 0.231208 0.341663 4.47174
5 -0.146089 0.174571 4.07789
5 0.27557 -0.166819 1.77513
5 -0.0578293 0.816564 4.46314
5 0.780648 0.0168058 4.72658
5 -0.812951 0.424918 4.11063
5 -0.319117 -0.631051 3.68412
5 0.708572 0.440479 4.27766
5 0.31167 0.489348 5.83893
5 0.473639 0.140219 0.400691
5 0.137583 0.507864 5.59185
5 0.171084 0.0952465 4.28148
5 -0.823177 -0.34842 2.97794
5 -0.574806 -0.88451 2.49604
5 -0.461346 -0.480778 4.17715
5 0.312175 -0.241332 6.08316
5 -0.1907 -0.958641 5.20681
5 0.0462183 -0.240199 0.409501
5 0.55636 0.609914 1.1716
5 0.632571 0.458932 0.560022
5 0.087615 -0.964315 0.439629
5 -0.00354663 0.588385 1.83433
5 0.750399 -0.793029 6.26316
5 -0.684441 -0.908039 2.23864
5 0.168193 -0.543508 0.280746
5 0.158861 -0.662777 0.32234
5 -0.711116 0.452223 4.63092
5 -0.419866 -0.944248 0.904298
5 -0.903535 -0.628626 2.22831
5 0.342783 0.628429 2.66595
5 0.760461 0.0576689 5.04855
5 0.948615 -0.332704 3.44975
5 0.183155 -0.378133 1.28025
5 0.123895 0.116137 2.52936
5 0.117482 -0.281778 3.81616
5 0.233079 -0.762802 4.65585
5 0.00187128 -0.534993 4.87567
5 0.0587042 -0.659367 5.7681
5 -0.589427 0.376457 5.662
5 0.238136 -0.507574 5.66009
5 -0.0226519 0.102496 4.10949
5 -0.821281 0.174972 1.86455
5 -0.144386 0.501231 3.50737
5 0.378089 0.395991 5.82343
5 0.950863 0.0876184 4.57534
5 0.139299 -0.104696 3.7069
5 -0.11129 0.692042 1.46651
5 0.119767 1.0862 3.36768
5 -0.341684 -0.685543 3.02029
5 0.285493 0.0768577 3.25341
5 0.183391 -0.507054 1.10091
5 0.333036 -0.730245 1.94049
5 0.328906 0.26759 3.65779
5 -0.43903 -0.202133 4.40491
5 -0.424698 -0.770859 1.62182
5 -0.543372 0.280007 0.774732
5 0.858933 0.125855 4.67638
5 0.103931 0.46369 3.13297
5 0.0751353 0.117995 2.5153
5 -0.500725 0.267407 2.77718
5 -0.255514 0.911028 4.74349
5 0.0502721 -0.156383 2.15914
5 0.341429 -0.169495 1.37441
5 0.319502 -0.390608 2.85825
5 -0.529619 -1.01953 0.515132
5 0.253288 0.809381 1.26698
5 -0.090174 0.152265 5.78261
5 -0.283485 -0.235019 2.87071
5 0.0259694 0.913979 3.43662
5 -0.0972279 -1.04817 4.95854
5 0.0520512 -0.403 1.74634
5 0.0404153 -0.9323 6.22616
5 0.852527 0.354715 2.74701
5 -0.486965 -0.229008 4.74426
5 -0.798804 0.528574 2.71617
5 -0.822193 -0.0968022 5.56833
5 0.345003 -0.667505 1.48229
5 0.230193 0.776034 0.321395
5 -0.246625 -0.0801965 4.5417
5 0.264119 0.148615 5.9925
5 -0.33002 -0.0224372 0.44521
5 -0.0475797 0.995817 0.575317
5 0.632731 -0.362861 2.61262
5 0.103392 -1.01306 0.365344
5 -1.00076 -0.487938 0.914794
5 0.339379 0.67357 5.81146
5 -0.292732 0.40542 3.54274
5 -0.48837 -0.332712 5.25892
5 -0.0712744 0.419669 5.46553
5 -0.892075 0.224312 3.43156
5 0.617852 0.226651 5.11728
5 -0.126678 0.721223 4.6084
5 0.113879 -0.724498 0.145562
5 0.957476 0.568281 5.76419
5 -0.621862 0.946018 5.82229
5 -0.203308 0.280703 6.13278
5 -0.104466 1.15865 1.38483
5 0.34795 1.08923 0.0681615
5 0.718946 0.392883 5.37811
5 -0.0994952 0.943434 5.2898
5 0.133966 0.845188 3.96874
5 0.0505346 0.686354 3.43893
5 1.09516 -0.105115 6.25052
5 0.471262 -0.0711585 6.08526
5 0.977249 -0.148251 5.55738
5 0.540246 0.764874 4.54078
5 0.161907 -0.0275419 4.01316
5 -0.822032 0.113309 3.60281
5 0.767565 -0.145479 2.14805
5 1.04108 -0.311306 4.83477
5 0.147477 -0.89407 0.861465
5 -0.324005 0.239117 3.00283
5 -0.127323 0.767016 4.5884
5 -0.917673 0.321548 3.99021
5 0.0302869 1.04247 4.11107
5 0.0266531 -0.866393 2.2716
5 0.587619 0.642628 2.73215
5 -0.696044 0.283635 0.409555
5 -0.458866 -0.0879463 2.58504
5 -0.972327 -0.134615 4.72764
5 -0.0740417 0.1214 5.1209
5 1.05027 0.215004 0.29131
5 0.554377 0.209438 6.31042
5 -0.717741 0.0130894 4.30882
5 -0.757629 0.445517 4.48845
5 0.015784 -0.623331 1.45625
5 0.71736 -0.443861 3.37333
5 -0.553965 0.119946 4.34351
5 -0.840766 -0.701566 1.88064
5 -0.206421 0.15417 3.4273
5 -0.453978 0.429299 0.48376
5 -0.518226 -0.123048 1.6268
5 0.954027 -0.0896559 3.37895
5 -0.396633 -0.545104 4.04968
5 0.756267 -0.176839 4.90439
5 -0.364208 -0.21988 3.18137
5 -0.699985 0.59482 4.28383
5 -0.249423 -0.757277 4.80338
5 -0.238171 0.116292 2.88713
5 0.434764 -0.470272 1.01284
5 0.675047 0.150673 4.96773
5 0.444847 0.205913 4.15198
5 -0.952716 0.132956 2.30134
5 -0.831083 -0.526637 3.69784
5 0.331613 0.306844 2.96075
5 0.246099 -0.59873 0.892809
5 0.637757 0.901413 0.288924
5 0.431844 0.750451 3.5564
5 0.674179 0.915815 1.26922
5 -0.483065 -0.845785 0.952575
5 0.393572 -1.02595 5.4884
5 0.903855 -0.218476 5.2825
5 0.2069 1.08288 2.5832
5 1.01658 0.473976 1.52924
5 0.0517244 -0.0307052 5.45743
5 -0.631809 -0.39328 3.20668
5 -0.856452 -0.374236 3.56976
5 0.682828 -0.0775184 0.551131
5 -0.496659 1.05622 1.12922
5 0.637097 -0.41252 4.92222
5 -0.900073 -0.71571 0.551053
5 0.822244 0.435329 2.87078
5 -0.843689 -0.764225 5.74143
5 0.0531694 0.249854 0.713099
5 0.571859 0.724256 4.22681
5 -0.0135433 -0.579734 4.81476
5 -0.176397 0.895423 0.292029
5 1.06137 0.0471815 4.99446
5 -0.743551 -0.804044 4.07963
5 -0.244867 -0.238482 2.97116
5 -0.09323 -0.142932 6.1593
5 -0.252587 0.635255 1.60567
5 -0.487067 0.458714 3.49035
5 -0.0010484 0.214154 1.47392
5 -0.591398 -0.548742 3.53532
5 -1.00729 0.333454 1.41507
5 -0.357679 -0.582013 3.20086
5 -0.721032 -0.274251 2.4615
5 -0.148551 -0.886658 4.45226
5 0.523331 -0.86177 5.86111
5 0.679119 -0.691946 0.0599915
5 0.111866 -0.468406 1.11073
5 0.136301 0.785845 1.3417
5 -1.12888 -0.219718 0.649361
5 -0.120856 -0.750264 0.667348
5 0.0524888 1.00786 1.79934
5 -0.357855 -0.12573 4.59901
5 -1.0048 0.137816 3.6462
5 0.614534 0.360015 4.07653
5 -0.0335763 0.616148 1.73717
5 -0.692164 0.548035 4.96878
5 -0.0382531 -0.464019 1.87737
5 -0.788225 0.858145 0.217948
5 -0.405393 1.04089 3.95193
5 -0.282146 -0.715631 4.77418
5 -0.887247 0.441861 5.11337
5 -0.131187 -0.0510884 6.29236
5 0.691419 0.174446 2.84257
5 0.834307 -0.716823 4.74942
5 1.01921 0.176654 0.723819
5 0.110111 0.551237 3.88042
5 -0.246802 -0.0105046 4.35602
5 -0.313558 0.13466 5.37807
5 -0.166336 0.550666 5.30859
5 0.587948 -0.36443 3.78186
5 -0.23427 0.186107 4.96723
5 -0.46448 -0.399765 4.46796
5 0.466406 0.668524 5.22819
5 0.458263 -0.832064 0.0584151
5 -0.705113 -0.38216 5.29185
5 -1.06339 -0.325003 0.533074
5 0.541323 -0.943417 0.405097
5 -0.0901529 -0.853709 0.408073
5 0.193444 -0.633165 3.99477
5 0.537215 -0.43032 6.15733
5 0.527603 -0.179421 6.00772
5 -0.616697 0.49378 1.11049
5 0.968751 -0.293316 2.7192
5 0.420853 0.964326 5.86356
5 -0.397326 0.675283 2.73541
5 -0.336714 0.0386773 5.65593
5 -1.09331 0.416255 0.527431
5 0.357385 0.199797 3.66235
5 -0.639613 0.206753 3.23265
5 -0.156789 -0.574521 2.03959
5 -0.874323 0.404019 0.446069
5 0.198087 -0.121596 4.47143
5 -0.47755 -0.550229 5.09156
5 0.908273 0.13912 5.09981
5 -0.279339 -0.608214 3.17811
5 -0.129058 0.63879 4.63409
5 0.755753 -0.745889 1.16445
5 0.585658 -0.0651401 0.592831
5 -0.476588 0.177782 2.0946
5 -0.549241 0.828505 3.16377
5 -0.521092 0.874991 4.57003
5 -0.16117 0.979554 0.661603
5 -0.182816 0.293694 3.31199
5 0.432349 0.364871 4.40522
5 -0.571263 -0.476165 5.3776
5 0.189098 -0.0556325 2.08197
5 -0.25627 0.740936 3.29995
5 0.0679455 0.422749 4.66428
5 -0.105829 0.885742 0.786289
5 -0.536022 -0.622669 4.07777
5 0.604087 -0.930152 5.75799
5 -0.562275 -0.320711 2.56426
5 0.596992 0.281906 2.42281
5 -0.21577 -0.521511 1.70882
5 -0.0584902 0.0456239 4.18225
5 0.673582 0.220574 5.26528
5 0.712497 0.644396 2.30037
5 0.851902 0.557964 0.793266
5 -0.170701 -1.09411 0.546064
5 0.808235 -0.344904 3.91017
5 0.97497 -0.36597 4.2197
5 -0.803817 0.581123 5.69802
5 0.67446 -0.835425 1.77191
5 0.555475 0.480923 3.67338
5 0.930335 -0.00865478 6.05044
5 0.37751 -0.313373 5.29556
5 0.399082 1.01303 1.63773
5 0.859744 0.307184 0.131195
5 -0.263581 -0.422357 2.86675
5 0.252856 -0.136518 0.720799
5 -0.23182 0.360951 3.38696
5 -0.902776 -0.361361 5.10468
5 -0.689988 -0.797552 1.74404
5 -0.662199 0.879566 3.938
5 0.721221 0.50925 4.55522
5 -0.114056 0.368202 2.21374
5 0.774798 0.22395 2.09156
5 0.236677 0.56533 2.09881
5 -0.336359 -0.442633 0.0706059
5 -0.627013 -0.703816 1.86315
5 -0.847225 -0.620141 3.02004
5 0.00560291 -0.848959 0.715432
5 0.747732 0.102982 6.28462
5 0.0240884 0.735476 1.16281
5 0.432119 0.685897 4.75838
5 -0.878909 -0.120655 3.74695
5 -0.559113 -0.0584948 5.43184
5 0.617012 0.822801 1.72996
5 0.803877 -0.164104 3.812
5 -0.0398862 -0.818297 5.34284
5 -0.363469 0.290833 3.52184
5 -0.0595401 0.901336 4.76824
5 0.12084 -1.04951 5.32933
5 0.490232 -0.910453 6.24578
5 0.0201397 0.0600457 5.53925
5 0.0904999 -0.294546 5.31684
5 -0.340601 0.688793 1.63809
5 -0.505462 0.538118 5.37047
5 -0.731034 0.880287 3.10932
5 -0.882322 -0.2707 6.24145
5 -0.770524 0.0615651 3.24237
5 -0.19706 0.412001 1.08989
5 -0.0924871 -0.0259792 3.92748
5 -0.729089 -0.143068 4.58224
5 0.0206466 -0.806682 2.00701
5 0.740364 0.745885 1.60322
5 -0.307212 -0.0677848 2.0329
5 0.762745 -0.238362 5.97091
5 0.524478 -1.00942 6.22027
5 -0.675862 0.247111 5.85954
5 0.650017 -0.205524 4.21779
5 0.278972 -1.0928 5.3882
5 0.21202 -0.619434 0.699872
5 0.441335 -0.51856 1.32375
5 0.452171 0.848881 5.52318
5 -0.659084 -0.161747 5.84387
5 0.167598 -0.733716 1.41056
5 -0.0291624 1.05489 3.96225
5 0.13516 0.168411 1.66042
5 0.776959 0.370901 3.07441
5 0.464685 -0.980288 1.22336
5 -0.213871 1.00358 3.21374
5 0.838403 0.698786 2.06907
5 -0.958058 -0.0424507 1.5513
5 0.890245 0.615768 4.12078
5 1.02443 0.265854 5.66174
5 -1.08244 -0.148933 1.58519
5 0.228456 0.300261 5.01601
5 -0.988452 -0.401339 0.528967
5 0.519322 0.841856 2.72687
5 0.102149 0.068341 1.05675
5 0.780202 -0.0886807 5.41835
5 -0.723897 -0.318358 3.88683
5 -0.570818 -0.802366 5.42891
5 0.236571 -0.236609 0.705881
5 1.00369 0.04673 4.93599
5 0.764084 -0.477091 3.47115
5 -0.586426 -0.391148 6.22361
5 -0.825631 0.491683 3.5761
5 -0.765449 -0.77638 5.57476
5 0.735464 -0.488681 4.3816
5 -0.949825 -0.535578 1.55591
5 0.548674 0.320948 4.80887
5 0.568829 -0.323929 1.87502
5 0.423931 0.226678 5.30886
5 -1.15063 -0.0434766 5.79244
5 0.532674 0.427883 5.57378
5 -0.554625 0.434897 4.27592
5 0.599413 0.318029 0.384067
5 -0.512931 -0.523857 1.35711
5 0.628555 0.165995 4.62911
5 -0.145187 1.02634 1.30575
5 0.123362 -0.364111 2.84418
5 0.0421109 0.05756 2.94325
5 -0.721111 -0.597903 0.545927
5 -0.958778 -0.193311 5.95047
5 0.498352 -0.499491 1.27097
5 -0.7068 0.18167 2.53314
5 -0.496122 0.715189 6.16585
5 -0.246507 -1.01902 1.84444
5 -0.617921 -0.509337 4.44616
5 0.457119 0.95501 1.11907
5 -0.559875 0.529352 5.59737
5 -0.976844 0.636886 6.16081
5 -0.516914 -0.46862 0.404771
5 -1.15315 0.0373883 2.56999
5 -0.155816 -0.48957 3.91808
5 0.31889 0.863946 0.279715
5 -0.985968 -0.579517 1.48318
5 0.101892 -0.37645 0.577619
5 0.504671 0.806965 4.42202
5 -0.82068 0.746824 0.45513
5 -0.12277 0.0659801 3.53468
5 0.612152 -0.147753 5.44941
5 -0.112608 -0.479138 3.77024
5 -0.268632 0.976255 0.970492
5 0.365959 0.00941857 4.5376
5 0.226565 0.844738 3.33986
5 0.676733 0.382228 6.01979
5 -0.417826 0.0770613 3.21679
5 0.151167 0.271606 0.308932
5 0.742485 -0.38112 4.92847
5 -1.04193 -0.356827 3.02146
5 0.559955 -0.294397 0.0916806
5 -0.514615 -0.303966 2.65162
5 -0.193279 0.0216804 2.79534
5 -0.074691 0.347292 1.98761
5 0.246136 0.909189 1.06162
5 0.759036 -0.0128342 4.95477
5 0.557994 -0.0902479 5.99529
5 0.208815 0.731395 0.883703
5 -0.734671 -0.491788 6.01631
5 0.104953 -0.632996 5.99064
5 -0.77658 -0.342038 0.454172
5 -0.056338 -0.30038 0.603413
5 0.500481 0.184004 0.197739
5 0.695189 -0.168105 1.79143
5 0.347127 0.0623882 4.27418
5 -0.526124 0.483214 4.75967
5 0.859918 -0.154835 3.4727
5 0.0655089 0.831267 4.16003
5 0.246349 0.460042 0.771969
5 0.451089 -0.763032 0.14159
5 0.476646 -0.405898 2.48114
5 -0.406753 -0.349174 2.45657
5 -0.830979 0.0528313 1.56582
5 -0.123275 -0.658096 5.79338
5 -0.366266 -0.800866 6.02302
5 0.290187 -0.120126 1.78097
5 -0.460475 0.66408 1.24566
5 0.36513 -0.03401 5.56674
5 0.185806 0.598288 3.06398
5 -0.631516 0.995098 1.97448
5 0.0832283 0.62502 1.99262
5 0.706928 -0.679642 2.75968
5 -0.976141 -0.342404 0.361768
5 -0.249235 -0.678502 4.41235
5 0.869726 0.523754 3.63342
5 -0.779522 -0.578089 0.963456
5 -0.710573 0.818494 3.95844
5 -0.125943 0.817119 2.06675
5 -0.228979 0.0232018 5.89836
5 -0.362109 0.635532 6.12812
5 0.813734 0.129948 5.84272
5 -0.255315 -0.130494 6.18014
5 0.619589 0.00491808 5.88969
5 0.829448 -0.2393 2.63813
5 0.732266 0.810256 5.41884
5 -0.0971445 -0.426204 4.88914
5 1.02414 -0.450184 5.46031
5 -0.880541 0.187505 0.384014
5 0.260164 -0.50429 2.81762
5 -0.559366 -0.66651 4.35779
5 -0.0529638 -0.383324 1.4206
5 -0.394846 -0.903014 2.77548
5 -0.0056594 -0.484451 2.91193
5 0.887204 0.452723 4.34514
5 -0.0848263 -0.214309 3.47161
5 -0.800947 0.657401 4.95496
5 0.641479 -0.310059 5.77584
5 0.278919 0.040515 0.259669
5 -0.550431 -0.584174 3.74235
5 -0.705726 -0.874999 0.613614
5 0.361156 -0.511432 4.14234
5 -0.46833 -0.723302 3.51777
5 -0.352246 0.561183 3.14913
5 -0.713396 0.0511554 3.4928
5 -1.09959 0.0316168 2.3409
5 0.650895 0.665065 2.18394
5 -0.516276 -0.153447 3.90326
5 -0.00134476 -0.725975 5.65695
5 -0.153645 -0.435238 1.38109
5 0.429263 0.127518 4.14847
5 -0.970843 0.495664 5.71394
5 -0.427705 0.966914 4.71601
5 -0.0429932 -0.517953 0.930628
5 -0.075146 0.193272 1.31138
5 -0.341977 -0.387126 1.96372
5 0.00490683 1.1171 1.97731
5 0.733473 -0.662747 1.72407
5 -0.431793 0.710461 0.969594
5 -0.930014 0.723147 1.47252
5 0.396587 0.52242 1.21238
5 -0.0106179 0.98408 2.34905
5 -0.0263778 0.65237 6.13841
5 -0.0851322 -0.188118 2.20339
5 -0.499824 0.109699 4.51082
5 -0.4011 -0.411294 1.47908
5 0.296955 0.140575 2.07056
5 0.11092 -1.11786 5.96939
5 -0.277373 0.702593 3.84959
5 -0.157764 -0.00835704 5.86719
5 0.038516 0.351566 5.88126
5 -0.43997 -0.633975 2.6914
5 -0.861665 0.32191 0.715647
5 0.023538 0.176901 5.85108
5 0.673347 -0.397999 6.24806
5 -0.214633 -0.307119 4.05844
5 1.01379 -0.168739 4.94878
5 0.813606 -0.655162 3.80914
5 0.524073 0.665599 1.85024
5 -0.166832 0.701811 5.452
5 0.014775 -0.675759 5.4719
5 -0.530097 0.631895 4.13666
5 -0.276574 -0.56865 5.34882
5 -0.279145 1.07679 0.0243589
5 -0.790983 0.390342 0.776347
5 -0.163503 -0.0963456 3.51868
5 -0.0277612 0.3944 4.94374
5 0.493643 -0.81943 1.09915
5 -0.63276 -0.889275 1.98596
5 -0.338601 0.745546 1.01038
5 -0.199599 -1.01819 2.36806
5 -0.896781 0.360866 0.65933
5 -0.441366 -0.835648 4.55283
5 -0.651557 0.0833439 5.9481
5 0.129031 -0.498236 1.61807
5 -0.761398 -0.635482 2.20767
5 0.0392382 0.592577 2.15945
5 0.266434 -0.944989 1.86916
5 -0.321631 0.788486 1.39998
5 -0.121735 0.396814 5.1672
5 0.196189 -0.569656 5.62764
5 -0.0974116 -0.378547 4.17665
5 0.348806 -0.465446 0.272755
5 1.01669 0.53535 0.539688
5 -0.428403 -0.328453 6.03826
5 -0.361117 -0.49013 4.8045
5 -0.492745 0.339402 5.79918
5 -0.677578 -0.426016 0.936147
5 -0.446938 -0.164136 3.23692
5 -0.0755645 -0.921897 1.01886
5 0.188529 -0.423957 1.31605
5 0.373461 0.717476 4.37571
5 -0.298725 0.655199 3.18592
5 -0.587859 -0.179843 1.54865
5 0.338207 -0.253745 1.15977
5 -0.629265 0.40753 1.68258
5 -0.219841 1.06237 3.63467
5 -0.0865186 1.03453 1.09345
5 0.0730557 0.654091 0.49047
5 0.141811 0.221014 0.183856
5 -0.526084 -0.926343 3.25398
5 0.953845 -0.201488 4.75953
5 -0.921036 -0.329239 0.209811
5 -0.553524 -0.390687 1.77975
5 0.525419 -0.0598095 0.0418213
5 0.186223 -1.02428 5.74407
5 -0.528135 0.198233 2.44208
5 0.97123 -0.484458 6.14001
5 -0.0433009 -0.43392 1.11289
5 0.182784 -0.207328 0.482125
5 -0.920147 -0.0877461 3.67015
5 0.741093 -0.288053 2.46947
5 0.562459 0.539746 0.513443
5 -0.356338 -0.624062 5.84165
5 -0.251915 0.528902 3.7829
5 0.0790028 0.280894 1.16396
5 0.734987 0.561485 3.74777
5 -0.675202 0.379025 4.15683
5 0.854441 0.474633 0.19762
5 -0.479318 0.92624 4.34825
5 0.306012 0.925235 2.90837
5 0.55698 -0.471541 4.05148
5 -0.149726 -0.780326 4.92424
5 -0.040745 -0.0830319 0.325372
5 -0.332103 -0.291946 4.63524
5 0.126356 -0.583495 0.861802
5 0.325892 0.396561 5.53871
5 -0.405707 0.613562 1.14905
5 -0.647768 0.767589 5.54545
5 0.251008 0.106524 5.141
5 0.675247 0.61245 1.28528
5 0.0700025 -0.596901 1.62721
5 0.674549 0.111074 3.34121
5 0.360346 0.87563 4.17687
5 0.398401 -0.888892 1.06897
5 -0.862056 0.152518 1.8433
5 0.370479 -0.389315 3.49254
5 -0.0132233 0.916812 5.30244
5 0.574508 0.849364 2.99369
5 -0.0335648 -0.310957 3.54994
5 -0.384191 -0.0329834 3.57385
5 0.871076 -0.59404 1.98507
5 -0.272656 -0.987533 4.8897
5 0.823987 0.0585775 3.72314
5 -0.422108 -0.535476 1.10235
5 1.12684 0.0100162 5.58247
5 -0.192744 -0.682186 0.100415
5 -0.809943 -0.286801 0.312185
5 -0.100985 0.222835 6.17975
5 0.153811 0.432611 2.1554
5 0.249162 0.730485 3.05924
5 0.336674 -0.292368 2.63508
5 -0.242075 -0.797913 4.22869
5 -0.230302 -0.579929 3.28401
5 -0.248012 -0.356233 1.59297
5 0.830372 -0.0974596 3.1396
5 -0.676002 -0.344178 6.15324
5 -0.456918 0.240613 4.55656
5 -0.661527 0.642649 4.63363
5 0.396475 0.651798 4.79103
5 -0.480359 -0.950342 2.34702
5 -0.288959 -0.206062 1.79323
5 0.221947 -0.978634 3.53803
5 0.427486 -0.587029 0.569153
5 0.348596 -0.817187 0.470897
5 -0.849668 0.604183 4.97845
5 -0.160268 -0.831443 5.83849
5 0.736473 0.341868 5.52688
5 -0.267962 -0.31199 0.369488
5 -0.810078 -0.417171 4.89297
5 -0.376589 0.890002 2.80237
5 0.171 0.833575 1.81735
5 0.523308 0.248449 5.63178
5 0.0972192 0.419992 3.5292
5 -0.380426 0.34289 3.19081
5 0.0676301 0.959686 1.84457
5 0.671692 -0.0106508 3.3544
5 0.101043 -0.663009 3.11125
5 -0.0425545 -0.176932 2.37649
5 -0.459918 0.536603 0.491716
5 0.753768 0.689961 0.416116
5 -0.0438298 -0.969446 1.4632
5 -0.672313 0.432931 4.79386
5 0.592498 0.522403 3.10563
5 -0.523095 -0.880352 1.90033
5 0.225898 -0.079109 4.52016
5 0.299708 -0.546781 1.55727
5 0.618879 -0.180762 2.01728
5 -0.535971 -0.18408 4.25961
5 0.447616 0.263204 4.68422
5 -0.357983 0.154911 2.69933
5 0.279148 -0.314948 2.83818
5 -0.0267676 0.779052 0.588014
5 0.442229 0.0734608 2.41967
5 -0.78365 0.154226 1.99397
5 0.296285 -0.354867 4.34413
5 0.377078 -0.840864 1.36512
5 0.303658 -0.770204 0.206781
5 -0.0371393 0.30682 5.65277
5 -0.407048 0.805117 1.45568
5 0.401859 -0.421185 4.10225
5 0.754262 -0.602579 2.40458
5 -1.15266 0.206017 1.70484
5 0.629948 0.077755 5.79204
5 -0.666341 0.156959 5.648
5 -0.321762 -0.473052 1.88549
5 -0.860871 0.78485 2.3882
5 0.566238 -0.0133739 6.29708
5 -0.051605 -0.860363 3.61628
5 -0.822595 -0.471752 4.55549
5 -0.222343 -0.917733 5.09248
5 -0.484682 -0.369961 3.01686
5 0.942169 0.523227 1.73419
5 0.122329 -0.755638 2.52656
5 -0.604269 0.0485728 3.06892
5 -0.768093 0.264414 6.0799
5 0.398559 -0.683965 2.74326
5 -0.176404 -0.754925 5.91259
5 -0.18286 -0.373083 2.40249
5 -0.580514 0.918023 0.124297
5 -0.265581 -0.394242 5.92116
5 0.194147 0.159089 2.37628
5 0.0577138 0.216799 2.86111
5 -0.408227 0.153231 1.68582
5 0.200917 0.0488853 1.01343
5 0.413806 0.910951 0.872955
5 -0.126571 1.10886 5.05309
5 -0.946136 0.463753 1.86417
5 -0.337689 1.02992 0.413065
5 -1.05304 0.0495987 1.6196
5 -0.599068 0.823577 4.11467
5 -1.10931 -0.330794 6.21297
5 -0.0529236 -0.120844 2.67488
5 -0.482494 -0.0400807 2.87144
5 0.497987 -0.652924 1.44076
5 -0.317439 0.461007 2.87325
5 -0.400706 0.840467 3.57884
5 0.252354 -0.877555 2.1131
5 -0.0355679 0.15841 4.76957
5 0.284145 -0.268837 5.01903
5 0.119738 -0.943427 1.71969
5 -0.638778 0.690314 2.00016
5 -0.602079 -0.134117 1.84634
5 0.302654 -0.851497 2.66503
5 -0.277462 -1.09153 0.4838
5 -0.776169 -0.265093 2.11281
5 0.209199 1.02762 3.92719
5 -0.632822 0.459423 6.25765
5 -0.118984 -1.12419 1.35837
5 -0.212542 -0.883941 2.01684
5 -0.736702 0.131826 3.86636
5 -0.739921 0.223819 3.57438
5 0.675582 -0.544286 5.70519
5 -1.10474 -0.105034 4.46071
5 1.09493 -0.157892 5.27176
5 0.451292 0.615122 3.87212
5 0.217914 0.228259 5.06659
5 0.166671 -0.966489 1.71244
5 0.0428445 0.154659 1.48835
5 0.281754 -0.821993 0.535083
5 -0.167064 0.853494 1.77538
5 0.618916 0.117032 4.52586
5 0.234298 0.485601 5.7429
5 -0.48537 -0.175536 0.874547
5 0.00683291 -1.12493 0.14299
5 0.684543 -0.430155 4.41936
5 -0.645579 -0.800462 3.14082
5 0.5607 0.421479 3.92763
5 0.847867 0.752748 1.327
5 -1.05983 -0.208615 4.41551
5 -0.653993 -0.215147 0.955589
5 -0.41585 0.387395 2.2787
5 -0.760123 -0.389457 5.18857
5 0.698627 -0.270479 4.12558
5 -0.236589 0.585375 2.9956
5 -0.718388 -0.710757 4.97508
5 -0.260228 -0.453918 4.90295
5 0.52616 0.358887 4.91176
5 0.772367 -0.305242 3.95909
5 -0.10747 0.00855832 4.99688
5 -0.448244 0.596566 0.60681
5 0.928534 -0.507669 4.34537
5 0.595462 0.176442 5.27123
5 -0.640487 0.31334 0.38655
5 0.347692 0.140827 2.2253
5 0.669579 0.796412 2.02651
5 0.365253 -0.764947 2.07443
5 -0.386937 0.763031 0.749245
5 0.462063 -0.36353 2.59857
5 0.368198 0.827168 1.58621
5 0.0435223 -0.323071 5.11788
5 -0.393064 -0.661212 2.9903
5 -0.591359 -0.963416 1.06528
5 0.572774 -0.226421 2.56835
5 0.845693 -0.662772 2.37005
5 -0.660791 -0.0431371 0.04645
5 0.442875 0.803779 3.65293
5 -0.538173 -0.796007 3.11522
5 0.582778 -0.702471 6.12431
5 0.245533 0.013956 4.79173
5 -0.524459 0.023232 4.3536
5 0.812536 0.664433 5.2268
5 -0.300791 -0.332892 3.52449
5 -0.588845 0.010739 4.80592
5 0.626878 0.561908 4.52864
5 0.620521 -0.840766 6.02194
5 0.954447 0.24326 1.64072
5 -0.876766 -0.437134 5.33604
5 -0.741688 -0.102115 1.8981
5 0.669891 0.464903 4.38507
5 0.238545 -0.437364 3.19067
5 0.248289 0.277166 2.28281
5 -0.421307 0.444462 3.63621
5 -0.330585 -0.172057 3.13884
5 0.724289 0.240722 5.79556
5 -0.462687 0.838841 1.8838
5 0.158164 -0.246486 2.21898
5 -0.724276 0.34731 0.0291877
5 -0.290988 0.283846 0.0889982
5 -0.848857 0.686025 3.79
5 -0.268215 -0.850942 3.53683
5 -0.157678 -0.14269 5.63409
5 -0.301609 -0.00766935 1.52748
5 -0.101957 -0.985278 4.93966
5 -0.337212 -0.821691 1.85183
5 0.176719 0.549133 4.42787
5 0.00963196 -0.0575736 5.47823
5 0.881749 -0.374428 4.67285
5 0.269477 -0.055283 5.75282
5 -0.931004 0.261111 2.43424
5 -0.682141 -0.650724 2.34584
5 0.300046 0.995955 0.497567
5 0.621202 -0.625266 3.60159
5 0.800416 0.60023 1.77936
5 1.08272 -0.22809 0.747417
5 0.23703 0.63291 3.55062
5 0.367327 -0.0775094 1.77778
5 -1.08367 -0.0547523 3.61209
5 -0.588015 0.730396 1.2115
5 0.436357 -0.144787 2.16494
5 0.560688 0.383771 3.54592
5 0.824702 -0.202188 5.96898
5 -0.051223 -1.011 4.49182
5 0.404332 0.112977 5.3633
5 -1.02099 -0.172655 4.9449
5 -0.731844 0.640277 4.12882
5 0.475856 -0.239868 3.87227
5 1.0844 0.246043 4.99203
5 -0.144099 -0.302644 2.83966
5 0.951032 -0.415678 3.74611
5 0.973879 0.141883 0.306221
5 -0.763365 0.345441 4.17399
5 -0.761751 -0.22389 1.16942
5 1.01961 0.109543 5.12734
5 0.285812 0.634267 2.92621
5 0.817732 -0.609652 2.44164
5 0.348989 0.772333 2.13284
5 -0.0243723 -0.278117 2.75699
5 0.0605544 -0.725781 5.88081
5 0.446301 0.42405 6.11186
5 -0.253927 0.446412 3.02206
5 0.204287 0.259749 3.14321
5 -0.0726122 -0.634493 5.73382
5 0.54777 0.267287 3.42393
5 -0.184171 0.355526 2.23043
5 0.0745991 -0.268126 0.245359
5 -0.531734 0.380765 5.3236
5 0.312692 -0.658396 3.76897
5 0.869785 0.253816 5.88997
5 0.448466 0.577222 1.33895
5 0.120342 0.386303 2.43963
5 -0.606562 -0.774863 0.421392
5 0.501715 -0.772872 1.06902
5 1.12565 -0.0646618 5.96349
5 -1.03565 -0.284713 1.07482
5 -0.340732 0.945463 2.76198
5 0.791623 0.326106 0.190069
5 -0.0396273 -0.00677048 6.2522
5 -0.222039 0.809032 1.9825
5 -0.969025 0.180436 3.29882
5 -0.222911 0.0515332 1.66025
5 0.516433 -0.259408 3.77611
5 0.65656 0.0386801 2.22493
5 -0.0402567 0.741087 0.0655267
5 -0.380734 -0.170078 4.4655
5 -0.45874 0.138408 3.99587
5 0.830795 -0.323262 3.40089
5 0.0654436 1.07446 2.67713
5 -1.03143 -0.408675 5.19854
5 -0.851197 -0.179417 1.26076
5 -0.0415964 1.14681 1.68922
5 0.454932 -0.309563 3.27888
5 -0.318214 0.882738 2.14386
5 -0.0694018 0.467955 0.0157148
5 -0.473209 -0.685831 0.831599
5 -0.757675 0.703228 2.32003
5 -0.0722478 0.0870327 3.92514
5 -0.00161095 0.825003 4.07517
5 0.156099 0.992218 3.45065
5 -1.00867 0.246171 4.85387
5 0.962782 0.448373 2.20128
5 -0.764299 -0.445717 4.35314
5 -0.644331 -0.466373 3.04647
5 -0.291818 -0.265118 6.18486
5 -1.0736 0.123359 2.20085
5 -0.602276 0.302629 0.45588
5 -0.000443601 0.00119016 4.96032
5 -0.937753 0.0175007 5.16963
5 0.417897 -0.240386 0.410365
5 0.378608 0.301501 1.71782
5 0.112797 -0.0699611 3.9302
