180 0.515372 0.804713 4.84517
180 0.620716 -0.493512 6.42297
180 0.774247 0.991765 4.83814
180 -1.21778 -0.194501 2.60218
180 -0.833535 0.681803 3.4093
180 -1.25617 0.404714 2.58009
180 0.224469 -1.25174 0.693651
180 1.11933 -0.0900287 5.8935
180 -0.986412 -0.592752 1.74805
180 -0.746554 -0.892003 1.79827
180 -1.0278 -0.635282 1.75471
180 -0.223136 1.12769 3.89172
180 0.458718 0.804223 4.83664
180 -0.952904 -0.52772 1.80366
180 0.82233 -0.634418 6.46702
180 -0.763698 0.167814 2.5842
180 -0.34854 1.08365 3.88516
180 -0.352955 -1.33206 1.36266
180 0.587476 -0.577415 0.247579
180 -1.0087 -0.196559 2.47342
180 0.682543 0.907361 4.86086
180 -0.498967 1.07799 3.78398
180 -0.175486 -1.03561 1.30687
180 0.313582 -1.03999 0.736848
180 -0.878575 -0.453821 1.91437
180 -1.15749 -0.330707 2.47916
180 -0.335616 0.913044 3.81577
180 -1.39786 0.233702 2.64102
180 0.956256 0.667419 4.84824
180 -0.181424 1.30303 3.98494
180 0.447938 -1.28788 0.676992
180 0.63886 1.15789 4.76641
180 -0.938594 0.684374 3.42675
180 -0.640837 0.525847 3.40581
180 0.490509 -0.87887 0.537746
180 -0.915464 -1.02764 1.83937
180 0.866765 -0.140952 5.94923
180 -1.34149 0.159464 2.55706
180 -0.969735 -0.69805 1.91173
180 0.546035 -0.517457 0.207414
180 1.22027 -0.239386 6.00831
180 0.981456 0.995484 4.92093
180 0.367714 -0.760327 0.57008
180 -1.33669 0.0729409 2.47633
180 0.389531 -1.10463 0.600948
180 -1.3749 0.0804054 2.58326
180 1.35765 0.226995 5.58713
180 0.670495 0.732493 4.72319
180 0.383375 -1.29011 0.75371
180 0.354924 -0.988133 0.659828
180 1.29412 0.264551 5.50015
180 0.630373 1.02821 4.68607
180 0.512853 0.687531 4.86772
180 1.06506 0.177509 5.56808
180 0.527863 0.974464 4.75668
180 -0.425583 -0.918368 1.33898
180 -0.32393 1.17219 3.85246
180 0.753019 0.242342 5.5413
180 0.0830484 -1.07956 0.728953
180 -1.38894 0.0468984 2.60536
180 0.828889 0.1831 5.52591
180 1.13395 0.299055 5.51909
180 0.716179 -0.612092 6.50373
180 -0.615387 0.698766 3.38752
180 -0.620745 -1.21847 1.34803
180 0.884276 -0.925055 0.251472
180 0.344116 -1.10802 0.622004
180 0.874519 0.746084 4.88082
180 -1.05102 0.851892 3.34377
180 -0.54944 0.842514 3.50525
180 -1.37563 0.196139 2.67145
180 -0.35019 -0.752388 1.25625
180 -0.315769 0.84883 3.82148
180 -0.450097 -1.27526 1.24864
180 -0.441183 -0.955524 1.25555
180 -0.133512 1.30817 3.86624
180 0.753654 0.945413 4.80922
180 -1.11974 0.000486939 2.63556
180 -0.893567 -0.0306748 2.59201
180 -1.03112 -0.661553 1.89646
180 -0.994327 0.260366 2.5308
180 0.525089 0.532249 4.80618
180 -1.3106 -0.292408 2.53082
180 -0.955223 -0.632642 1.88723
180 -0.67904 1.10642 3.43073
180 -0.522005 0.872274 3.49694
180 0.912281 1.00563 4.73091
180 1.136 0.159848 5.61393
180 1.18543 0.396963 5.4848
180 0.329838 -0.809639 0.546062
180 -0.766338 0.89114 3.36031
180 -0.526856 1.28367 3.83869
180 -1.14463 -0.537074 2.03219
180 -0.581446 -1.01307 1.38591
180 -1.02828 -0.737793 1.85638
180 0.982974 -0.870481 0.188053
180 0.783677 -0.385101 5.97604
180 0.679958 1.07028 4.73543
180 -0.739027 -0.0056447 2.59034
180 -0.967419 0.899602 3.4614
180 0.406715 0.958381 4.68955
180 -0.299651 -0.825433 1.32424
180 0.761522 0.82746 4.81994
180 0.177854 -1.19082 0.731384
180 0.752475 0.534057 4.91647
180 0.46186 0.977669 4.76469
180 0.149913 -1.2398 0.802355
180 -0.65195 0.733349 3.45331
180 1.04534 -0.888265 0.114634
180 -1.04894 -0.828669 1.73421
180 1.12108 0.4353 5.55651
180 0.0807361 -0.814639 0.73859
180 -0.647553 -0.556315 1.81094
180 -0.538391 -0.655013 1.74377
180 -0.359312 1.15972 3.88731
180 0.121033 -0.775848 0.774686
180 -1.11584 0.236482 2.51169
180 0.921155 1.07233 4.71473
180 0.975672 0.88477 4.79288
180 0.654522 0.981927 4.67792
180 -0.441764 -1.11679 1.23283
180 1.11578 0.392123 5.55124
180 0.370577 -0.698013 0.543349
180 1.0132 -0.689355 0.0936956
180 -0.456185 1.02466 3.8215
180 0.897617 0.298086 5.50076
180 0.560946 0.736784 4.73738
180 -0.820896 0.233005 2.57053
180 0.321113 1.1197 4.43522
180 -0.681843 -0.955952 1.64257
180 0.618923 -1.22686 0.526325
180 -0.796327 0.963494 3.35076
180 -0.678277 -0.778797 1.80537
180 1.20641 -0.144165 5.90289
180 0.778338 0.75971 4.90944
180 -0.769088 0.596938 3.45398
180 0.674774 0.617062 4.86901
180 -0.861177 0.643129 3.41285
180 -1.16218 0.147094 2.65049
180 0.986975 0.138743 5.51311
180 -0.0693409 1.09385 3.87713
180 1.28488 0.32698 5.43714
180 -0.840352 -0.543588 1.82992
180 -0.69563 0.640864 3.36068
180 1.25939 -0.2643 5.96535
180 -0.888417 -0.689391 1.84951
180 0.268313 0.904695 4.50086
180 -1.0328 1.01691 3.436
180 0.909756 1.10438 4.7879
180 -0.547507 0.613276 3.4618
180 0.111776 -1.14794 0.776179
180 -0.908574 0.0667297 2.44961
180 0.958576 -0.979058 0.219622
180 -0.0945694 0.800372 3.93186
180 0.511395 -1.02313 0.55714
180 0.481343 1.27785 4.65167
180 -0.255507 -1.34791 1.24339
180 -0.994682 0.0199313 2.62056
180 1.03412 0.220754 5.49834
180 1.2437 0.468293 5.48814
180 -0.906445 0.303315 2.59909
180 -0.770985 1.07741 3.48322
180 -1.27322 0.0726031 2.64042
180 -0.191284 0.803914 3.84499
180 -0.0211142 1.32665 3.9932
180 0.966047 -0.150262 5.94826
180 -0.402402 1.31683 3.84295
180 -1.02002 -0.594811 1.94604
180 -0.1888 -1.34223 1.23403
180 -1.28653 -0.106323 2.54351
180 0.739262 0.65903 4.83885
180 -1.22508 0.370689 2.55794
180 0.72581 -0.143303 5.96951
180 0.717542 -1.16342 0.461966
180 -0.869891 -0.568889 1.73891
180 0.276454 -0.847577 0.675327
180 0.0569845 -1.30462 0.841468
180 0.657049 -1.02225 0.486136
180 1.02989 0.958746 4.88614
180 0.40776 -0.800088 0.565123
180 0.784561 -0.350036 6.01955
180 -0.839968 0.768391 3.40714
180 0.982039 0.198452 5.57001
180 -0.180379 0.754597 3.84539
180 1.19167 -0.175067 5.85553
180 1.26515 -0.521419 -0.313209
180 0.920122 -0.396345 5.92585
180 1.04934 0.724968 4.88771
180 0.947951 0.388577 5.52387
180 0.478723 0.590668 4.75676
180 -0.160659 -1.07627 1.1579
180 -0.320252 -1.16425 1.32326
180 1.19494 -0.367063 5.95204
180 1.06659 -0.449058 5.97681
180 0.997681 -0.366565 6.00822
180 0.422105 -0.88781 0.489714
180 0.664606 -0.532495 0.128379
180 0.251722 -0.923434 0.71681
180 -0.795638 -0.55054 1.74431
180 -1.07211 0.150143 2.56039
180 0.450175 1.15349 4.70033
180 -0.929447 -0.910323 1.81129
180 -1.46632 -0.00305284 2.55191
180 -0.140087 1.14781 3.97897
180 -1.08812 0.0810244 2.57968
180 -0.316552 -1.06715 1.3585
180 0.831896 -0.336368 -0.304751
180 -0.265184 1.13336 3.94208
180 -1.18734 0.0694461 2.4665
180 1.03945 -0.496668 5.99375
180 -0.774947 -1.03754 1.74385
180 0.639356 -0.974323 6.76537
180 -1.27117 0.172458 2.62401
180 -0.867875 0.699307 3.47882
180 0.986288 -0.911968 6.43117
180 0.974238 -0.416204 5.94545
180 1.15366 0.106108 5.61912
180 -0.460067 1.20563 3.8129
180 0.271142 1.33876 4.36228
180 -0.390153 -1.07582 1.24254
180 -0.838733 0.925942 3.41149
180 1.06562 0.280515 5.48029
180 -1.05841 0.242187 2.58084
180 -0.174246 -0.73268 1.27174
180 -0.301496 -1.26758 1.33996
180 0.958931 0.166236 5.56754
180 0.600277 1.02257 4.75082
180 0.996768 0.0130737 5.61652
180 0.65973 -0.813405 6.47433
180 -0.630963 -0.928274 1.59
180 -1.38589 -0.255305 2.55585
180 0.930821 -0.111435 5.94909
180 -0.864844 0.794794 3.44489
180 -0.129079 0.923839 3.82247
180 0.784343 0.86525 4.85331
180 -0.925325 -0.881969 1.64009
180 -0.681226 1.18927 3.47524
180 0.775008 -0.133603 -0.307246
180 -0.703928 -0.443343 1.80957
180 0.453873 -0.748579 0.502233
180 -0.589753 -1.10198 1.37607
180 -0.731402 1.05206 3.43717
180 0.693895 -0.574196 0.212155
180 -0.948218 0.832421 3.40639
180 -1.13487 -0.0767109 2.56378
180 -0.355023 -1.07312 1.33944
180 1.00731 0.727289 4.94172
180 0.737486 -0.220183 5.94061
180 -0.239096 0.805377 3.88468
180 -1.39735 0.136915 2.65619
180 -0.498652 1.33354 3.84715
180 -0.590239 -0.505186 1.77309
180 -1.3631 -0.13591 2.59891
180 -0.807293 -1.01906 1.68435
180 0.784318 1.06144 4.83399
180 -0.905416 0.204912 2.57582
180 -1.13297 -0.198929 2.57798
180 -1.35548 -0.201323 2.58231
180 0.862525 0.929562 4.74108
180 1.21722 0.211732 5.50438
180 0.0674231 -1.1274 0.766771
180 0.805087 -0.874306 6.48365
180 -1.13548 0.189728 2.49933
180 -1.30659 0.337735 2.66465
180 -0.119647 -0.982607 1.17692
180 -0.552167 1.15845 3.73994
180 0.500298 1.15291 4.75312
180 -0.612795 0.840285 3.41973
180 -0.54045 0.655925 3.38843
180 -1.26256 0.135048 2.66301
180 0.312856 -0.717889 0.534089
180 -0.217663 1.33666 3.86113
180 0.56573 1.19597 4.67262
180 -0.727835 0.603468 3.40084
180 -0.53377 -0.926967 1.42432
180 -0.937347 -0.778209 1.70109
180 -0.686519 0.824603 3.37939
180 0.840662 1.10804 4.9112
180 1.09349 -0.511159 6.01496
180 -0.865354 -0.636104 1.78973
180 0.616379 0.57436 4.7843
180 -0.643105 0.617426 3.46644
180 0.377386 -1.23976 0.676959
180 0.718075 -1.04526 6.70891
180 0.210399 -0.896981 0.661223
180 0.491466 -1.05881 0.547525
180 -0.545791 -0.533853 1.76164
180 0.418132 -0.711351 0.514309
180 -0.447649 1.08662 3.82763
180 -1.05002 0.0128299 2.60228
180 -0.372967 1.25703 3.86738
180 -1.01474 -0.278603 2.4826
180 0.799101 0.800196 4.69735
180 0.916255 0.667536 4.85988
180 0.761921 -1.09425 6.71549
180 -0.308532 -1.02709 1.19459
180 -0.906966 -0.803572 1.77884
180 -0.997005 0.735669 3.41064
180 0.971951 0.83872 4.76368
180 1.29422 -0.389489 5.88563
180 -0.769441 1.01559 3.43744
180 0.75375 0.920798 4.68203
180 -1.33912 0.364847 2.62647
180 0.488036 1.22734 4.70351
180 0.757097 -0.799518 6.48173
180 -0.744513 -0.949476 1.69968
180 -1.22855 -0.0464349 2.41791
180 0.837897 -0.900206 0.153493
180 0.919342 -1.01179 6.47089
180 -0.369756 -0.863164 1.31943
180 -0.261562 -1.12229 1.16912
180 -0.739862 0.951912 3.37869
180 0.334203 -1.19804 0.702037
180 0.406592 -0.936278 0.519483
180 -0.99016 0.956284 3.39365
180 -0.873547 -0.122059 2.59533
180 -1.43604 -0.180769 2.53467
180 0.244489 -1.27646 0.797551
180 -1.17628 -0.295026 2.45226
180 0.821867 -0.0996488 -0.338047
180 -0.460377 0.695526 3.45487
180 -0.37059 -0.947348 1.35013
180 0.429602 1.19796 4.67086
180 0.293107 1.0077 4.47075
180 1.25641 -0.328064 6.05056
180 -1.0278 -0.990375 1.84668
180 0.859512 -0.708012 0.130327
180 0.821955 0.627533 4.85252
180 -0.943006 -0.253201 2.49507
180 -1.05101 -0.183473 2.54612
180 -1.11321 -0.848585 1.77768
180 0.938853 -0.289673 5.99886
180 -0.966938 0.00784617 2.41064
180 0.706255 1.00545 4.86299
180 1.32619 0.327418 5.51839
180 0.205867 0.8792 4.49947
180 -0.223514 0.927199 3.8391
180 -0.993904 -0.106085 2.48543
180 -1.07579 -0.0724285 2.43481
180 -0.868094 -0.230871 2.42695
180 -0.976664 0.799453 3.42931
180 0.932015 0.913145 4.75017
180 1.13583 -0.491104 6.01535
180 0.267339 -1.21891 0.730521
180 1.09947 0.337783 5.48236
180 0.373423 -1.05053 0.604061
180 1.2631 0.0509562 5.5418
180 0.876299 1.12201 4.83137
180 -0.769923 -0.46178 1.79952
180 -0.393397 -1.03229 1.36603
180 0.760156 1.14834 4.70534
180 0.28368 -1.00595 0.64546
180 0.997714 0.251966 5.50032
180 -0.607352 0.607875 3.36475
180 0.71535 0.597566 4.86351
180 -1.02228 -0.0210905 2.60237
180 0.0519736 -1.24617 0.796467
180 0.91719 0.944291 4.8075
180 -0.993591 0.857996 3.44262
180 -1.37158 0.303037 2.566
180 -0.665343 -0.442323 1.86288
180 -0.864097 -0.901049 1.66557
180 -1.26964 0.320509 2.53643
180 0.919954 0.721664 4.83669
180 -0.0905086 -1.22938 1.16351
180 -0.152577 1.05578 3.84492
180 1.14764 -0.160722 5.97746
180 -0.781679 -0.120439 2.5551
180 1.0263 0.822214 4.81434
180 1.21489 -0.432394 6.08457
180 1.09432 -0.263419 6.01713
180 0.567301 -0.902145 0.528587
180 -0.987885 -0.870889 1.83868
180 -0.750803 0.865608 3.50551
180 -0.767121 0.0691185 2.54764
180 -0.560464 -0.841492 1.60312
180 0.975177 -0.462369 5.96529
180 -0.997342 0.216143 2.5772
180 -0.832867 -0.047218 2.49781
180 -0.0562112 1.16994 3.91081
180 1.05097 -0.793474 6.46112
180 -0.94499 0.135614 2.48246
180 -0.590017 -1.18046 1.36873
180 -0.0454068 1.03128 3.8759
180 -0.0848143 -0.981763 1.22058
180 1.1833 -0.475429 5.95741
180 0.275118 1.22996 4.40718
180 -0.843892 0.191298 2.52521
180 0.550428 0.636502 4.69705
180 -1.11716 0.626887 3.15391
180 0.621079 0.964391 4.75471
180 -1.1966 0.264076 2.51641
180 -0.577549 -0.577698 1.72425
180 -0.0186063 0.946704 3.92159
180 -0.125695 0.838857 3.90962
180 -0.732954 -0.636185 1.80899
180 0.882334 -0.110313 5.97383
180 -0.785197 0.809919 3.35703
180 0.605265 0.774446 4.77864
180 -1.21938 0.138627 2.58177
180 -0.689208 0.727892 3.41605
180 -0.905205 0.893529 3.49476
180 0.534521 -0.552789 0.185985
180 -0.182858 -1.12226 1.14767
180 -0.377078 1.03205 3.79898
180 -0.50977 -1.05165 1.34807
180 -0.24667 -0.83596 1.30686
180 -1.08082 -0.289754 2.4471
180 1.3523 0.16167 5.53
180 0.713902 1.1938 4.77347
180 1.08272 -0.143148 5.93098
180 0.985782 0.420017 5.51783
180 -0.0152964 0.996914 3.95903
180 -0.282058 1.31899 3.89189
180 -0.276518 -1.02384 1.27662
180 0.862364 -0.865285 0.245674
180 -1.18245 -0.014859 2.59969
180 0.799011 0.209917 5.5677
180 -0.250939 1.245 3.89881
180 -0.418223 0.967481 3.86333
180 -0.978073 0.194834 2.68969
180 -1.14951 0.417242 2.6278
180 0.229099 0.926015 4.4943
180 -0.0613076 1.27672 3.97649
180 -0.689833 -0.647917 1.78876
180 0.685176 0.776039 4.72349
180 0.15635 1.00749 4.41836
180 0.220572 1.24704 4.38508
180 -0.355174 0.987943 3.80253
180 -0.154251 1.36019 3.8818
180 1.17425 -0.414851 5.95938
180 0.160648 -1.10968 0.6825
180 1.04351 0.312493 5.58559
180 -0.290163 1.094 3.92845
180 -0.90006 1.15124 3.42164
180 -1.03188 0.192432 2.47598
180 0.141069 1.28639 4.32457
180 0.939536 -0.239741 5.97331
180 0.321817 0.727278 4.74502
180 0.994372 -0.834574 0.22758
180 -0.146914 -0.781501 1.28343
180 -0.378505 -0.899081 1.24489
180 0.932572 -0.943379 0.133226
180 -0.28744 -0.899364 1.28606
180 1.30267 -0.187195 5.96103
180 -1.15826 0.314549 2.58412
180 1.06678 -0.840991 0.146188
180 0.743816 -0.934584 0.251705
180 0.835711 1.00353 4.92055
180 0.323701 -1.30373 0.792685
180 -1.4371 0.177696 2.58687
180 -1.1541 0.253955 2.59038
180 0.755961 1.21036 4.76569
180 -0.498097 0.630344 3.44664
180 -0.511704 -1.29241 1.26732
180 -1.01661 0.0540579 2.61288
180 -0.251585 1.28401 3.86713
180 0.461161 0.740574 4.74445
180 0.446129 0.897182 4.83068
180 0.849369 0.0724666 5.56286
180 0.867537 -0.270437 6.02807
180 1.06905 0.435611 5.55073
180 -0.128853 1.22029 3.91917
180 -0.950121 -0.972488 1.90253
180 -0.893071 0.968843 3.48438
180 1.36454 -0.192063 5.91625
180 -0.179895 1.08259 3.85013
180 -0.718798 0.998971 3.41819
180 -0.312129 -0.730708 1.27662
180 -0.797353 1.17574 3.45609
180 -0.766542 0.658437 3.47455
180 -0.732868 0.649806 3.38484
180 -0.202025 -1.2853 1.29918
180 -1.17616 -0.151445 2.56371
180 -0.631438 0.748728 3.36668
180 0.917963 0.783926 4.88172
180 -0.94867 -0.587838 1.74717
180 0.386632 -0.860794 0.504476
180 0.268142 1.18242 4.40485
180 -1.06532 0.570232 3.09977
180 -0.940622 0.272266 2.58756
180 -1.31916 0.00100354 2.43642
180 0.751861 1.0964 4.84279
180 -1.0347 -0.115117 2.59503
180 -0.235816 -1.01222 1.26106
180 -0.73001 0.0395435 2.54662
180 0.849634 -0.780405 0.199135
180 -0.242878 -0.786578 1.29919
180 0.984974 -0.240076 6.02094
180 -1.25863 0.218969 2.61423
180 -1.10966 0.808938 3.39094
180 0.661422 0.580712 4.8023
180 -0.979257 -0.813394 1.74029
180 1.30129 -0.457174 5.96985
180 -1.08509 0.0259427 2.5594
180 0.467221 0.539353 4.79489
180 -1.16555 0.376948 2.59909
180 0.819168 0.0468324 5.5505
180 -0.807214 -0.715418 1.64008
180 0.132315 -0.954283 0.798592
180 0.425527 1.00735 4.77241
180 0.918189 -0.800247 6.50373
180 0.942223 -0.680459 0.15825
180 0.159322 -0.869217 0.793096
180 -0.830998 -0.129571 2.49265
180 0.86762 -0.951035 0.15886
180 0.557741 -1.25569 0.550116
180 1.2401 -0.467651 6.06312
180 -0.666211 1.01149 3.42829
180 1.21847 0.0389279 5.5697
180 1.25596 0.21095 5.61827
180 -0.613466 1.21774 3.64777
180 0.694523 1.09921 4.86155
180 0.823247 0.963434 4.88072
180 1.06288 -0.333311 -0.331428
180 1.34117 -0.320275 6.03191
180 1.14301 -0.258516 5.89475
180 0.677422 -0.716138 6.44121
180 -0.322269 -0.797129 1.28068
180 0.465987 -0.946582 0.553442
180 1.34451 0.0307997 5.58713
180 1.12603 0.0231167 5.59715
180 -0.472106 1.25143 3.85918
180 -1.10569 0.743002 3.36222
180 0.938829 -0.822437 6.36443
180 1.08084 -0.644943 6.18544
180 1.20849 0.362247 5.44167
180 0.441409 1.09373 4.75438
180 -0.238152 0.887516 3.87116
180 -0.0215458 1.249 3.95359
180 -0.866778 0.0630693 2.59745
180 0.159963 1.12037 4.41112
180 0.19776 -1.3624 0.781384
180 -1.22557 -0.388972 2.48601
180 0.871875 0.803306 4.87178
180 0.26639 1.11676 4.41856
180 -0.414472 1.26462 3.87131
180 -1.28654 -0.0736849 2.47344
180 -1.39434 -0.137284 2.4305
180 0.689402 -0.504847 0.144335
180 -0.948245 -0.0943024 2.54352
180 0.32552 0.799862 4.71408
180 0.85504 0.593565 4.86294
180 0.180472 -1.14886 0.770432
180 0.66808 -1.07576 6.75264
180 0.49595 0.862103 4.70618
180 0.441466 1.0496 4.75028
180 -0.883206 -0.795917 1.90596
180 -0.522507 0.753228 3.46753
180 1.07417 0.780318 4.9043
180 -0.681855 -1.00347 1.65191
180 -0.883661 0.836495 3.35955
180 0.604279 -0.942158 0.512166
180 -0.241203 -1.28743 1.2724
180 -0.718259 0.816664 3.46313
180 -0.288128 0.816461 3.91028
180 0.614401 0.832326 4.79231
180 -0.948994 0.628921 3.35281
180 0.643723 1.05977 4.86002
180 0.59413 0.550745 4.86789
180 -1.25471 -0.234502 2.45301
180 -0.25883 -1.07617 1.33742
180 0.565748 1.01784 4.73814
180 -0.281717 0.894186 3.89505
180 -1.28383 -0.33615 2.54139
180 -0.251486 0.967826 3.8042
180 -0.901917 -0.249809 2.47507
180 -0.0343812 -1.22804 1.04487
180 0.270255 -0.972874 0.734984
180 -0.701757 1.13881 3.49875
180 -0.164004 -0.848006 1.21294
180 0.26872 -1.17538 0.648454
180 0.444489 0.869486 4.68161
180 0.368342 0.973842 4.68422
180 -1.30691 0.111284 2.61118
180 -0.791127 -0.599422 1.77043
180 1.02003 0.459487 5.45876
180 -0.829867 0.612485 3.39414
180 -0.364108 1.21054 3.88565
180 0.306553 -1.15855 0.718038
180 0.177439 -0.796444 0.772991
180 0.612518 0.719998 4.80096
180 0.811064 -1.00751 0.253312
180 -1.14116 -0.173294 2.37951
180 0.797647 0.278256 5.57001
180 0.0803159 -1.02087 0.803867
180 -0.377859 1.386 3.86572
180 0.477263 0.654509 4.88754
180 0.230644 -0.804657 0.717894
180 0.834659 0.93371 4.83158
180 0.264535 0.966894 4.48778
180 -1.1829 -0.26362 2.3778
180 1.30969 -0.140371 5.94996
180 -0.18946 -0.884456 1.30504
180 -0.61841 1.04837 3.46795
180 -0.344074 -1.12439 1.2336
180 -0.307849 1.04248 3.8637
180 0.419939 -1.22978 0.713666
180 -0.71551 0.91605 3.40284
180 -0.827664 -0.0145484 2.44294
180 0.354025 0.767858 4.72124
180 1.30503 0.0944723 5.6379
180 0.797602 -0.964383 0.275218
180 -0.488007 -1.17186 1.34609
180 -0.404102 -0.829357 1.29702
180 0.875204 -0.565591 0.0234562
180 0.710472 -1.11569 0.471081
180 -0.140905 -1.12102 1.20217
180 0.693879 0.674061 4.86679
180 -0.294519 1.39262 3.91385
180 -0.137406 1.41412 3.97208
180 -0.156489 -0.969732 1.18118
180 0.984117 0.0849835 5.53912
180 -0.918699 -0.838792 1.69034
180 0.782425 -0.568216 0.147869
180 -0.0944058 1.10308 3.97453
180 0.417195 0.604453 4.841
180 1.24032 0.151449 5.53274
180 0.5463 -0.696303 6.49653
180 -1.24602 -0.162812 2.49985
180 0.338381 1.29954 4.39713
180 -0.814809 -0.666848 1.78743
180 -0.215653 1.16253 3.85202
180 0.749718 0.611932 4.81188
180 0.946763 0.283536 5.58648
180 1.35661 0.0868459 5.60327
180 -0.560038 0.785096 3.36751
180 0.600746 1.12656 4.69677
180 0.394949 0.704516 4.83374
180 1.05306 0.0391357 5.64748
180 1.13055 -0.562889 -0.246324
180 0.827726 0.26213 5.49211
180 1.01868 -0.131016 -0.340759
180 0.623112 -1.10509 0.481424
180 0.718088 -0.813582 0.182204
180 -0.238496 0.842719 3.8148
180 1.2798 -0.356797 5.9185
180 1.05546 -0.188452 5.94451
180 0.432868 -0.84596 0.548562
180 -0.810216 0.120849 2.51898
180 1.02414 -0.558034 6.06994
180 -1.42821 -0.00312323 2.45449
180 1.06092 -0.100167 5.91526
180 0.552476 -0.610566 0.257932
180 -0.811159 0.742039 3.42945
180 -0.816002 1.01895 3.45352
180 -1.1446 0.0797841 2.59689
180 0.513334 -0.597108 0.181815
180 0.229778 1.30127 4.35387
180 0.439669 0.768771 4.81033
180 0.587801 1.26112 4.71505
180 -0.578661 0.528315 3.37103
180 0.994496 0.935158 4.93412
180 -0.681734 -1.09266 1.50673
180 0.238054 -1.05805 0.721106
180 -1.11988 -0.792576 1.72101
180 -0.873067 0.944118 3.35539
180 0.668555 1.20098 4.78829
180 0.147658 -0.733298 0.681397
180 -0.969621 0.712866 3.34937
180 -0.325552 1.30393 3.90708
180 0.866479 0.268837 5.52857
180 -0.975301 -0.163763 2.5978
180 -1.05782 0.920011 3.40053
180 1.05234 0.90909 4.88353
180 0.308362 -0.899476 0.67146
180 0.208035 1.18439 4.38427
180 1.24864 0.0915649 5.58536
180 -1.08251 0.191866 2.54817
180 -0.857605 0.121396 2.65454
180 -0.906212 -0.63276 1.76208
180 -0.094432 1.01549 3.91256
180 0.887713 0.88739 4.72249
180 -0.762196 -0.610635 1.80883
180 -0.451724 -1.02574 1.27831
180 0.592114 -1.16285 0.472319
180 -0.775505 0.688248 3.33009
180 -0.260701 1.01172 3.913
180 1.05342 -0.236355 5.97366
180 -0.883281 0.177076 2.66314
180 -0.658092 0.972882 3.43028
180 1.13654 -0.230184 6.01744
180 0.717166 0.735151 4.72782
180 -0.274502 -0.70103 1.27796
180 0.18699 -1.27473 0.678168
180 -1.12843 0.506768 2.89023
180 0.181095 -1.04218 0.767864
180 -0.570738 0.96892 3.43792
180 0.927466 0.143335 5.50558
180 -0.812636 -1.08371 1.72494
180 0.00776738 1.21196 3.96642
180 0.175314 1.23415 4.39729
180 -1.07378 -0.923235 1.7774
180 -1.06974 -0.543972 1.91814
180 -0.656814 -0.685045 1.81434
180 1.18688 -0.0962859 -0.391353
180 -1.05806 -0.881202 1.74749
180 -0.735686 0.561473 3.43099
180 0.240991 -1.32271 0.716871
180 0.564184 -1.04535 6.73949
180 -0.408379 -1.13106 1.38673
180 0.861107 1.03969 4.78779
180 -0.109911 1.18273 3.96083
180 0.796016 0.104549 5.56476
180 -0.0883309 -1.0414 1.20193
180 -0.484228 0.825355 3.48987
180 0.398584 0.868762 4.73025
180 -1.05016 0.725171 3.38771
180 0.821046 1.17576 4.78223
180 0.60963 0.628607 4.80864
180 1.27689 -0.0788241 5.83824
180 0.88896 0.212261 5.56475
180 0.903369 0.331899 5.5505
180 -0.488284 -0.891377 1.40105
180 1.15702 0.498021 5.42927
180 -1.04274 0.764536 3.33341
180 0.706203 -0.299037 5.99642
180 -0.816977 0.878558 3.39314
180 -0.455121 -0.843323 1.36018
180 -0.362557 0.904148 3.88161
180 0.877042 0.687545 4.89658
180 -0.981629 0.119859 2.67646
180 -0.363205 -0.806137 1.26369
180 -0.703616 -0.866726 1.6326
180 1.22576 -0.502029 6.00059
180 1.30045 -0.328027 6.0029
180 0.765808 -0.29422 5.9869
180 -0.372744 0.848212 3.80923
180 0.722185 1.05254 4.70793
180 0.284326 -1.10636 0.680311
180 -0.847313 -0.851689 1.87732
180 1.17716 0.292377 5.60902
180 0.812413 -0.170428 5.97931
180 -0.845027 -0.953257 1.85843
180 -0.489361 1.17869 3.82386
180 -0.742096 -0.477366 1.89201
180 -1.11612 0.314756 2.56306
180 -0.947444 -0.663207 1.95798
180 -1.00532 1.04384 3.35724
180 -0.495435 -0.605127 1.73323
180 -0.365893 -1.22911 1.26593
180 -0.00566395 1.15924 3.9439
180 1.10584 0.512454 5.44219
180 -0.135023 -1.17597 1.25359
180 0.372493 0.895496 4.75874
180 0.646197 -0.584065 0.165034
180 -0.961872 -0.131954 2.55673
180 -0.327051 -1.29522 1.30338
180 1.28157 0.183687 5.54029
180 0.00179428 1.29568 3.93738
180 0.76054 0.0825189 5.5328
180 0.157934 -1.33334 0.761064
180 1.00228 0.684628 4.88734
180 -0.71459 0.520972 3.39847
180 0.862513 -0.422636 5.9724
180 -0.346674 1.3482 3.84408
180 0.786511 0.148035 5.57953
180 -0.0664164 0.843967 3.90127
180 -0.427925 -1.32842 1.19819
180 0.588615 0.946716 4.77605
180 -0.823307 -0.802368 1.70864
180 0.982267 0.362824 5.50342
180 0.794246 -0.255798 5.96442
180 1.27774 0.415669 5.51615
180 0.671132 0.536783 4.81049
180 0.408466 -1.05015 0.630922
180 -0.544604 -1.08663 1.43032
180 0.194914 0.977629 4.43901
180 0.10485 -0.933171 0.717108
180 -1.17837 0.0188342 2.57611
180 -1.09743 -0.0944814 2.50032
180 0.914651 -0.891535 0.262259
180 0.912954 -0.358907 6.03474
180 -0.645818 -0.495072 1.82887
180 -1.30553 0.172049 2.45373
180 0.622329 -0.70577 6.45921
180 -0.779623 -0.957762 1.64395
180 0.5442 0.671241 4.80052
180 -0.281792 -0.76132 1.30439
180 1.09691 -0.428485 5.97093
180 0.75149 -0.684551 6.42037
180 0.784432 -0.708776 0.23021
180 -1.39576 -0.222842 2.41981
180 -0.109453 1.13896 3.85578
180 0.194564 -1.00544 0.721943
180 -0.30344 -0.9761 1.36049
180 0.561952 -0.939513 0.470252
180 0.170433 1.05232 4.42484
180 0.618884 -0.760136 0.215737
180 -0.578199 1.02177 3.51323
180 1.08182 0.087083 5.53323
180 -0.421716 1.36235 3.89825
180 0.145602 -0.819732 0.745077
180 0.340189 1.22718 4.41945
180 -0.851306 1.1456 3.38934
180 0.845149 -1.04443 6.55112
180 -0.877441 1.01287 3.44936
180 0.506725 -1.13255 0.489416
180 0.831389 1.07503 4.77558
180 -0.743725 1.1186 3.50578
180 0.896996 -0.673534 0.137639
180 -1.20409 0.331059 2.56977
180 -1.22734 -0.136564 2.43678
180 -0.757424 -0.526513 1.76367
180 -0.219192 -0.723025 1.25613
180 0.638856 0.77775 4.73475
180 0.983315 -0.094272 5.92388
180 -0.484093 -0.987726 1.28712
180 0.833885 -0.284924 5.96768
180 0.913597 -0.467253 6.01833
180 0.807271 -0.502494 -0.0344221
180 0.509455 -0.821785 0.482971
180 0.0981701 -0.975433 0.703165
180 -0.591085 -0.668954 1.75515
180 -0.24674 1.18371 3.9502
180 0.566284 1.23003 4.76514
180 -0.81308 0.577776 3.45031
180 -0.158716 1.00236 3.87492
180 -0.617333 -1.16179 1.28849
180 0.847504 -0.66592 0.188468
180 -0.830066 -0.0876149 2.48853
180 -1.19229 0.228383 2.62882
180 -0.554657 -1.17017 1.39986
180 0.905015 0.173008 5.57032
180 1.09476 0.162668 5.52034
180 -0.768673 -0.856226 1.76353
180 0.196082 -1.10035 0.777594
180 1.17774 0.215963 5.57983
180 -1.08657 -0.221895 2.48152
180 -1.1457 -0.689886 1.81308
180 -0.833293 -0.73181 1.81714
180 -0.766504 -0.0794486 2.52905
180 1.01565 -0.334438 -0.258318
180 0.665445 0.839369 4.89838
180 -0.91388 1.05081 3.40628
180 0.53295 -1.22006 0.500693
180 0.257429 1.0646 4.45295
180 -0.908875 -0.938509 1.89701
180 0.735301 -0.332433 5.97583
180 0.886275 -0.748846 6.4856
180 1.34515 -0.377892 5.96866
180 1.02752 -0.445621 6.01723
180 1.12647 -0.434034 6.07063
180 -0.776648 0.108798 2.56037
180 1.32472 0.19992 5.53834
180 0.777724 0.664205 4.80448
180 1.06559 0.376755 5.45451
180 0.657457 -0.637203 0.242446
180 -1.21414 0.0217248 2.4663
180 0.598178 0.862057 4.83646
180 -0.418999 -1.16477 1.21742
180 -0.986386 0.562518 3.18245
180 -0.588718 0.811056 3.53896
180 -0.282753 1.21717 3.9287
180 -0.594233 0.945591 3.4576
180 1.25234 0.30149 5.58354
180 1.07237 -0.577477 6.09414
180 0.624854 -1.15571 0.546294
180 -0.20496 0.999756 3.84237
180 1.06452 -0.728493 0.0793797
180 -0.0819266 0.889797 3.86374
180 -0.399192 1.00692 3.86378
180 -0.968231 1.01949 3.38461
180 -0.369051 1.11709 3.80811
180 -1.40959 -0.0218875 2.59828
180 -0.597303 -0.711927 1.64887
180 -0.40285 1.06733 3.8577
180 0.978433 0.311128 5.49699
180 -0.214708 -1.18593 1.19705
180 -0.392479 0.940203 3.8128
180 0.900041 -0.280551 5.9476
180 0.716793 1.13966 4.84711
180 0.0938117 -1.24635 0.801926
180 -0.588983 -1.06234 1.35302
180 -0.752006 -0.823483 1.63377
180 -0.865684 -0.585485 1.94965
180 -0.624703 -0.877787 1.69966
180 0.405781 -1.13658 0.666522
180 0.405104 -1.18057 0.625852
180 -0.106128 -1.13158 1.25758
180 -1.22423 0.101723 2.66752
180 0.7759 -0.645741 6.42358
180 -0.960915 -0.0329134 2.61634
180 0.537173 1.06503 4.74222
180 -0.3946 -1.30517 1.34303
180 -0.960974 -0.942979 1.74576
180 1.14489 0.366727 5.51807
180 -0.45827 1.30139 3.85444
180 1.16409 -0.31387 5.98711
180 1.11149 -0.297355 5.8887
180 -1.26204 0.291961 2.6311
180 0.780841 -0.606335 0.152326
180 0.848711 -0.382795 5.977
180 0.983498 -0.784322 6.47977
180 -0.0588746 0.959186 3.95098
180 0.764028 0.727763 4.75791
180 -0.450647 0.753229 3.46585
180 -0.758034 -0.679494 1.72951
180 1.18051 0.465496 5.41277
180 0.936461 0.239998 5.54644
180 0.156343 0.932322 4.42521
180 1.03555 0.389327 5.51968
180 0.362092 -0.824592 0.579159
180 0.673775 -0.681877 0.197311
180 -0.813982 0.846507 3.52372
180 0.714078 0.807299 4.78305
180 -0.121994 -1.26412 1.14111
180 -1.32986 -0.0435035 2.60959
180 0.152559 -1.06786 0.746735
180 -1.30785 0.401963 2.60518
180 0.540021 -0.651675 0.256222
180 0.380596 0.633146 4.84352
180 0.947653 -0.181244 5.91946
180 -0.558156 -0.766588 1.64941
180 -1.44417 0.116361 2.59101
180 -0.73279 -0.733691 1.68704
180 -1.11316 -0.140201 2.61646
180 0.315512 -0.949239 0.692788
180 1.16603 0.0590103 5.59994
180 0.948733 0.0574555 5.6013
180 -0.0457528 1.06249 3.99512
180 0.734378 -0.889642 0.202179
180 -0.318943 -1.23063 1.24532
180 1.26393 -0.202083 5.92841
180 0.51175 0.634284 4.71213
180 0.777856 -0.219749 6.01984
180 0.673471 -1.17621 0.447681
180 -0.682381 0.560032 3.39065
180 -0.266861 -1.23401 1.34472
180 -0.467233 -1.22985 1.18812
180 0.190263 1.32721 4.35533
180 -1.09842 0.877805 3.38141
180 -0.15999 -1.22195 1.21301
180 -0.22751 -1.15027 1.13537
180 -0.41074 -1.00352 1.26998
180 -0.736969 1.17073 3.46044
180 0.239513 -0.869283 0.687754
180 0.125004 -0.895124 0.743152
180 0.311373 -0.764962 0.570884
180 -0.456733 0.644537 3.44499
180 0.210908 0.835068 4.48696
180 0.868435 -0.175092 -0.368161
180 -1.02248 -0.859099 1.80881
180 0.733677 -0.987821 0.332046
180 1.20153 0.113597 5.54372
180 -1.17755 -0.0550725 2.59162
180 1.14859 -0.352222 5.95592
180 -0.456038 -1.07206 1.33321
180 0.524106 -0.959193 0.488086
180 0.000801026 1.10299 3.95619
180 -0.946495 0.193844 2.50249
180 -0.250133 -0.880741 1.34073
180 1.11551 0.0953028 5.58475
180 -0.410261 1.18228 3.87141
180 -0.521768 -1.13855 1.27008
180 -0.921937 1.0042 3.51282
180 0.23615 1.01969 4.45518
180 0.133874 -1.19606 0.703348
180 0.878824 0.639766 4.82856
180 -1.35267 0.254972 2.60648
180 -0.115983 0.974614 3.92515
180 0.442265 0.568051 4.84106
180 0.945822 -0.734715 0.0820854
180 0.732113 0.891377 4.87075
180 0.129443 -1.04354 0.695728
180 1.317 0.391769 5.46867
180 0.276654 -1.06168 0.736751
180 1.19445 -0.251166 5.87938
180 0.934808 0.825015 4.75538
180 -0.183502 -0.788976 1.22979
180 -0.790581 -0.739336 1.848
180 -0.892085 0.607579 3.4008
180 -0.421802 1.13147 3.85318
180 -0.408246 -1.26375 1.31034
180 -0.869405 -1.01727 1.83496
180 -0.531726 0.908696 3.45021
180 1.17728 0.173569 5.53545
180 -1.43982 -0.128123 2.46875
180 -0.932404 0.939749 3.49601
180 -0.798903 0.92849 3.39105
180 -0.783726 0.0119203 2.62671
180 0.610937 0.662745 4.87141
180 -0.724165 0.77043 3.4392
180 0.117152 -1.3276 0.740338
180 1.30145 0.0248744 5.64869
180 1.01475 -0.170913 -0.394316
180 1.00159 -0.291245 -0.234931
180 0.66855 -0.775985 6.50616
180 -0.60108 -0.786883 1.71454
180 -1.28489 -0.191524 2.43765
180 -0.894527 -0.173621 2.4291
180 0.309193 1.06372 4.45567
180 -0.914462 0.760246 3.45393
180 -1.0754 -0.641719 1.83142
180 -1.07229 0.292105 2.62941
180 0.833804 -0.228345 5.99378
180 0.544204 0.923383 4.87648
180 0.88829 0.836952 4.92951
180 0.540273 0.804566 4.70158
180 -1.02002 0.298962 2.52665
180 -0.703579 -0.585546 1.81586
180 -0.493934 0.742669 3.41515
180 0.537797 -0.875236 0.495835
180 0.460715 -1.07468 0.534188
180 1.20434 0.284013 5.48411
180 1.24607 0.373508 5.58402
180 1.17939 0.53297 5.45187
180 0.705251 -0.758434 0.251585
180 0.327859 0.84771 4.69862
180 -1.34891 -0.0162532 2.52727
180 -0.177899 -0.923302 1.20277
180 1.0311 0.0980712 5.54447
180 -0.852899 1.05132 3.40764
180 -1.07059 0.804431 3.33011
180 -0.20428 -0.957358 1.17143
180 -0.900735 0.716021 3.36854
180 -0.778819 0.724969 3.47292
180 -1.09537 0.363151 2.57542
180 0.434481 -0.978821 0.524419
180 -0.404188 -0.968573 1.3799
180 -0.83434 -0.472585 1.90975
180 1.03467 0.873426 4.82106
180 -1.13494 -0.257658 2.52578
180 -0.653324 -0.744679 1.75225
180 0.28618 1.27675 4.36367
180 -0.547617 -0.719824 1.71741
180 -0.836661 0.160353 2.58667
180 0.530987 1.02229 4.79919
180 0.83766 0.875102 4.89916
180 -1.23409 -0.0940195 2.41764
180 -1.05859 0.328156 2.58571
180 0.21396 -0.96892 0.767985
180 -0.886215 0.237671 2.53189
180 -1.06667 -0.788454 1.75774
180 -0.303183 0.974426 3.89949
180 -0.984572 -0.990221 1.83734
180 0.757651 -0.864899 0.250162
180 1.1135 -0.166975 5.8914
180 0.124316 -0.848755 0.682637
180 -0.138419 0.883057 3.87319
180 -0.881508 -0.00936244 2.39508
180 -0.525045 -1.24989 1.22298
180 1.32983 -0.210747 5.8487
180 0.903391 -0.204118 6.00291
180 -0.666092 -0.726653 1.59967
180 -1.34549 -0.324589 2.51635
180 0.613152 -1.03007 6.74244
180 -0.245294 1.06918 3.91943
180 0.635282 0.69071 4.73561
180 0.542162 1.14117 4.65156
180 -0.658398 0.921871 3.52292
180 -0.725753 -0.556272 1.78109
180 -1.01872 0.13841 2.53155
180 -1.02329 0.965547 3.47498
180 0.683342 -0.2661 6.03414
180 -0.891176 -0.0654351 2.60601
180 0.874464 0.116732 5.53567
180 -1.20386 0.194795 2.65447
180 0.460356 -0.900806 0.52312
180 1.09078 -0.369074 5.96087
180 -1.03517 -0.055434 2.60628
180 -0.804041 0.0527126 2.59455
180 -0.106963 -1.30991 1.16819
180 -0.548386 -0.993659 1.42753
180 -0.336449 -0.9459 1.38382
180 0.520005 1.18265 4.65528
180 -0.923713 -0.547868 1.84884
180 0.0646418 -0.898675 0.749793
180 -0.371746 -1.18393 1.24843
180 0.16609 1.17508 4.41319
180 0.878144 -0.354225 5.99504
180 -1.04873 -0.241726 2.53868
180 -1.32856 -0.124899 2.52807
180 -0.936911 -0.475892 1.92226
180 -1.08804 -0.32276 2.48202
180 -0.683251 1.05703 3.4352
180 -1.11145 0.124873 2.61697
180 0.705494 0.866367 4.79188
180 0.790978 0.572215 4.85755
180 -1.04852 -0.734335 1.67375
180 -0.800381 -0.853803 1.70544
180 -1.02959 -0.940865 1.79963
180 -0.820964 -0.16911 2.54325
180 0.851066 -0.819283 0.163986
180 -1.29139 -0.252259 2.5486
180 -0.222875 1.20539 3.81557
180 0.619402 -0.646585 6.48646
180 -1.10717 -0.729986 1.8134
180 -1.23021 -0.264101 2.59875
180 -0.245932 1.38498 3.92575
180 -0.0777415 1.35603 4.00673
180 0.89876 0.383269 5.50489
180 0.82685 0.681409 4.84663
180 0.735003 0.965065 4.899
180 -0.746937 1.21707 3.47601
180 0.567177 1.09083 4.79398
180 -0.642967 -0.824896 1.73114
180 -0.29232 -0.930538 1.20414
180 0.542226 -1.17674 0.500481
180 -0.180031 -1.18038 1.21741
180 -0.49369 1.13081 3.80111
180 1.18428 -0.543985 6.00898
180 0.331683 -1.34588 0.730247
180 1.19304 -0.617943 -0.166703
180 -0.219551 0.755697 3.89983
180 -0.540407 0.706552 3.46143
180 -0.822719 1.093 3.38883
180 -0.131513 -0.832009 1.26948
180 0.438321 0.713458 4.8683
180 0.485691 -0.992056 0.47707
180 -0.85076 -0.77446 1.64994
180 0.73157 0.145662 5.52074
180 -0.284895 0.76812 3.872
180 -1.17774 -0.386635 2.40317
180 0.392892 0.675083 4.7446
180 0.409572 0.811083 4.82459
180 0.482771 1.09706 4.71772
180 -0.584201 0.74232 3.37263
180 0.627739 0.905531 4.74808
180 0.0398463 -1.02502 0.80551
180 -0.180708 0.875442 3.89172
180 0.550134 0.842669 4.6721
180 0.809112 -0.742482 0.18511
180 -1.11253 -0.358459 2.47581
180 -0.579471 -0.639906 1.65608
180 -0.970426 0.326804 2.59022
180 0.195317 -0.739674 0.740658
180 -0.977065 -0.274397 2.40386
180 -0.109063 -0.879238 1.24169
180 0.524263 0.890884 4.77292
180 -0.867776 0.891037 3.43688
180 0.217599 -1.15572 0.808767
180 -1.04917 0.103997 2.51946
180 -0.94024 0.0111844 2.5012
180 0.956042 -0.334234 -0.215007
180 -0.86269 1.10666 3.48553
180 -0.612983 0.562848 3.39773
180 1.05565 -0.287938 5.98078
180 0.800777 0.829551 4.77807
180 0.468011 0.926706 4.73147
180 0.873093 0.995746 4.77385
180 -0.599304 0.886125 3.38392
180 0.535217 0.740208 4.80972
180 0.195263 1.08823 4.40554
180 0.97422 -0.524708 6.06567
180 -0.533433 -0.607539 1.70696
180 0.735853 0.196776 5.52622
180 -0.838473 -0.926848 1.70607
180 -0.187925 1.38851 3.96462
180 -0.635886 0.932148 3.41916
180 -1.00912 -0.327788 2.44593
180 -0.0800936 1.22602 3.91873
180 -0.701551 0.868718 3.45137
180 1.14731 -0.625092 6.08589
180 -0.104584 -0.932628 1.21157
180 -1.22996 0.27688 2.67323
180 0.583693 -0.679958 0.22131
180 0.704177 -0.670129 0.250432
180 -0.0553418 1.37415 3.90212
180 -0.158166 0.937847 3.92505
180 0.842813 0.324844 5.54864
180 -0.097793 -1.08276 1.15223
180 0.511984 0.754563 4.87569
180 -0.732569 -1.00688 1.68106
180 0.225081 1.13504 4.4123
180 1.02092 0.283518 5.53653
180 0.316567 1.17222 4.4113
180 0.957309 -0.372237 5.96118
180 -1.31718 -0.206909 2.5447
180 -1.23528 -0.35905 2.34367
180 0.192873 -0.952205 0.647321
180 -0.526266 0.566523 3.38792
180 -0.675736 -0.525206 1.74777
180 -0.398213 -1.36037 1.26985
180 -0.789653 0.775706 3.38361
180 -0.677938 -0.868892 1.72234
180 -0.209945 1.09373 3.88966
180 0.467739 -0.795825 0.521264
180 -0.913556 0.0130556 2.61333
180 -0.909521 0.80594 3.45213
180 1.01671 -0.408882 6.02855
180 0.557211 0.541079 4.7439
180 1.18047 0.00301758 5.61487
180 1.02856 0.145044 5.57509
180 0.499879 1.00254 4.83677
180 -0.278104 0.941138 3.85492
180 0.946964 0.752379 4.87294
180 -1.13228 0.0326513 2.56745
180 -0.639017 0.66766 3.47495
180 0.0566756 -1.17878 0.785804
180 0.823426 0.728569 4.90246
180 0.448838 -1.16694 0.649092
180 0.630214 1.25956 4.68027
180 -1.31387 0.239359 2.53145
180 -0.92806 -0.188042 2.49175
180 -1.09749 -0.670997 1.73448
180 -1.13237 0.165004 2.60008
180 0.919391 0.033168 5.5545
180 0.980187 -0.717484 6.39649
180 -1.38211 -0.0634058 2.53997
180 -1.03651 0.409228 2.71718
180 0.85879 0.138804 5.61524
180 -0.641727 0.81265 3.52101
180 -0.491752 -0.714865 1.64169
180 0.7602 -0.756347 0.200607
180 1.09501 0.222943 5.59382
180 -0.210049 1.0361 3.9351
180 1.24556 -0.132222 5.9264
180 -0.295689 -0.865819 1.22044
180 -0.935284 0.113763 2.59771
180 0.693635 -0.858159 0.191159
180 -0.253767 -1.2051 1.14054
180 1.22173 -0.309069 5.93554
180 0.577359 -1.0886 0.534763
180 -1.41422 0.273342 2.60371
180 0.280223 -1.33174 0.746726
180 0.920119 -0.62129 6.37617
180 -0.721095 -0.800557 1.74306
180 -0.628415 1.10029 3.47811
180 -0.424527 -1.22141 1.23196
180 -0.651965 0.863823 3.3735
180 -1.03267 0.0771928 2.56622
180 0.329677 -0.673731 0.532164
180 0.479825 0.625273 4.80066
180 -0.543384 1.22652 3.78609
180 -0.587327 0.670363 3.46241
180 -1.27515 -0.0350324 2.41678
180 0.897557 0.0814311 5.52974
180 0.329876 -1.24518 0.658989
180 -0.200268 -1.0094 1.27853
180 -0.714361 0.713837 3.48161
180 -0.973745 -0.748548 1.716
180 0.570162 -0.814472 0.390535
180 0.533403 -1.1169 0.554069
180 -1.19151 -0.0976042 2.62861
180 -0.331534 1.24892 3.83471
180 -0.13565 1.27081 3.95443
180 -0.925546 1.1114 3.47394
180 1.06413 0.0079373 5.60432
180 -0.706513 -0.763364 1.69471
180 0.676611 0.819806 4.78066
180 -1.0291 0.671657 3.35324
180 0.724194 -0.183325 5.96028
180 -1.07749 -0.114159 2.61142
180 0.7864 -0.825658 0.278053
180 0.577569 0.905424 4.82115
180 1.13045 0.253068 5.51388
180 0.581419 -0.99177 0.485016
180 -0.627862 -0.629054 1.67294
180 -0.198194 1.24148 3.83984
