80 0.307197 -0.757621 3.86262
80 -0.168682 -1.14033 4.38146
80 -1.29316 -0.269033 5.59743
80 1.17445 -0.698728 3.17594
80 -0.957874 0.648143 0.0948448
80 1.01456 0.116239 2.55579
80 0.468965 -1.18467 3.8518
80 0.78329 0.727777 1.93432
80 0.573855 0.670343 1.83068
80 1.23797 0.431617 2.27705
80 -0.371549 0.826934 0.682129
80 0.883375 0.960137 1.83408
80 0.577285 0.720931 1.81035
80 -0.23593 -1.24836 4.415
80 -0.65579 0.749129 0.331224
80 1.04895 -0.856858 3.32323
80 0.572378 0.601133 1.89826
80 0.272795 -0.72056 3.87526
80 0.73754 -0.825087 3.49125
80 0.244303 1.39153 1.25822
80 0.827818 -0.434474 3.14938
80 0.790572 -0.234411 2.98001
80 0.704679 0.691737 1.91631
80 1.09046 0.841774 1.98379
80 -0.969286 0.821593 0.172622
80 -0.932896 0.370086 6.11778
80 0.998737 0.53713 2.15352
80 -0.973872 -0.401625 5.34666
80 -0.816387 0.336563 6.10865
80 -1.1533 0.438723 6.12768
80 0.76896 -0.0722013 2.78825
80 -1.12085 -0.0749865 5.6744
80 0.603456 0.848112 1.72577
80 0.844054 0.522923 2.13612
80 0.35517 1.34481 1.35091
80 0.084478 -0.919893 4.14709
80 -1.23083 0.780544 0.0818738
80 1.13087 -0.206934 2.83012
80 -0.782896 -0.540331 5.1339
80 0.51201 -0.99226 3.74991
80 -0.841033 0.628751 0.115954
80 0.191993 -0.971538 4.0525
80 -0.336146 -1.06856 4.51756
80 -0.402632 1.23181 0.78351
80 -0.649229 -1.14136 4.71727
80 0.922565 0.397569 2.24543
80 -0.143072 1.03804 0.948335
80 -1.02759 -0.857895 5.08848
80 -1.09484 0.444155 6.14867
80 -0.113971 -1.07017 4.31374
80 0.717183 1.09932 1.65
80 -1.05231 -0.602178 5.23752
80 -0.83793 -0.0184763 5.67377
80 -0.895043 0.155457 5.90477
80 -0.145659 1.28277 0.967594
80 -0.921466 -0.448258 5.28395
80 -0.268881 -1.10078 4.45876
80 -0.693208 0.901601 0.43676
80 -0.837084 -0.782331 5.01331
80 0.588715 -0.526902 3.41183
80 -1.17278 -0.0482076 5.71135
80 1.08266 0.317398 2.35821
80 -1.24378 0.623768 6.21936
80 -1.26037 0.444469 6.10411
80 1.08667 -0.563197 3.12823
80 1.05452 0.143565 2.54491
80 -0.0535911 -1.09423 4.27119
80 -0.929102 -0.718543 5.11752
80 1.07882 0.513796 2.19996
80 0.781694 1.08832 1.70556
80 0.242897 -1.05859 4.0195
80 -0.908619 -0.0439986 5.66007
80 -0.673406 -0.72139 4.9348
80 0.422274 0.942929 1.56321
80 -1.30281 0.193971 5.9164
80 0.173915 1.2826 1.22726
80 -1.04066 0.316156 6.03664
80 1.15994 0.58827 2.17363
80 0.107113 1.17459 1.19367
80 -0.369805 -1.01125 4.56223
80 -0.939696 -0.816247 5.07219
80 -0.553172 0.808813 0.506004
80 -0.587027 -0.55299 4.97881
80 1.2633 0.131187 2.55429
80 -0.748046 1.01068 0.463462
80 1.03026 -0.461422 3.0688
80 -1.41232 0.0527213 5.83086
80 0.572091 1.0287 1.59757
80 -1.29788 0.591666 6.19997
80 -0.927228 0.911036 0.240487
80 -0.338417 -1.11656 4.51098
80 -0.693043 -1.05376 4.78671
80 0.824073 -0.276738 3.01255
80 0.0795675 0.963362 1.20423
80 -1.13147 0.365604 6.07002
80 -1.06494 -0.164173 5.60372
80 -0.871647 0.878265 0.252023
80 0.314602 -0.913758 3.90947
80 -0.340683 0.880855 0.731339
80 -0.706873 1.11004 0.530063
80 -0.764447 -0.233614 5.41174
80 -0.00410257 -1.13225 4.2357
80 -0.835305 1.12096 0.455749
80 0.295323 0.913179 1.46745
80 -1.19439 -0.633571 5.29412
80 -0.689727 1.16792 0.563243
80 -1.20284 -0.157778 5.63346
80 -0.504837 1.07057 0.651213
80 -0.934274 -0.613601 5.16779
80 -0.943041 -0.550208 5.21965
80 -0.708435 1.21832 0.582682
80 0.981206 -0.676937 3.24219
80 0.562775 -0.59269 3.48278
80 0.786443 0.0693558 2.61314
80 1.13692 -0.666062 3.18262
80 0.887668 0.0126194 2.67234
80 0.763287 0.347872 2.23624
80 0.839281 -0.651917 3.30976
80 0.150157 -0.84082 4.06886
80 0.0841369 -1.15786 4.18509
80 1.16155 -0.316978 2.93053
80 -0.0399779 1.0144 1.07098
80 1.10876 0.145239 2.53134
80 -0.092205 0.978343 1.00467
80 0.01797 -0.835639 4.19477
80 -0.695146 -0.559886 5.04663
80 0.81546 -1.07463 3.58739
80 -0.474472 1.31913 0.747038
80 -1.09494 0.819842 0.12266
80 -1.00451 0.731293 0.128637
80 0.494518 0.897609 1.61521
80 0.486626 -0.905783 3.74092
80 0.97243 -0.170117 2.84559
80 -0.0413651 -1.29878 4.24505
80 0.24308 -0.921497 3.9766
80 0.190303 -1.02262 4.06302
80 0.615181 -0.410543 3.24831
80 -0.462475 -1.23007 4.59133
80 -0.986589 1.06026 0.31629
80 0.814406 -0.601664 3.27631
80 -0.264745 -0.907482 4.4982
80 0.471657 0.961906 1.55926
80 -0.264721 -0.840478 4.52828
80 0.682292 0.929589 1.7314
80 -0.0182611 0.923366 1.11332
80 0.766074 1.15875 1.65156
80 -0.579728 0.737858 0.40467
80 0.800176 -0.394927 3.1321
80 0.847842 0.465281 2.16767
80 0.661391 0.792308 1.80767
80 -0.0403834 1.16059 1.0625
80 0.935851 -0.515235 3.15522
80 1.13375 -0.454677 3.04354
80 -0.124797 -0.953757 4.35145
80 0.262551 -1.30309 4.05528
80 0.8586 -0.748719 3.38317
80 0.992539 -0.109162 2.78808
80 -0.873893 0.0253713 5.73777
80 -1.02328 -0.13022 5.61946
80 -1.02487 -0.367225 5.40059
80 0.702531 -0.990175 3.63313
80 -0.374322 1.07353 0.759561
80 0.900068 0.865761 1.88962
80 -0.252875 1.15883 0.883808
80 0.746937 -0.616299 3.34961
80 -0.390074 -1.25949 4.53077
80 -0.634797 -1.06961 4.73116
80 0.707039 -0.572642 3.34606
80 0.0682441 1.01678 1.17691
80 -1.13624 0.934506 0.16137
80 0.0305406 1.18995 1.13278
80 0.0313892 0.896002 1.16454
80 0.111235 -1.02221 4.13713
80 0.923553 0.780573 1.94997
80 -0.736667 -0.799811 4.93746
80 0.205037 1.22151 1.25473
80 1.08491 -0.622269 3.18337
80 0.931705 -0.288396 2.98637
80 -0.495338 -0.556034 4.86739
80 0.511984 -1.14652 3.81064
80 0.817534 0.279439 2.33287
80 0.367103 0.883998 1.54014
80 1.08558 -0.414802 3.03366
80 1.11879 0.191337 2.50395
80 -0.197415 -0.720628 4.48594
80 -1.04011 -0.781344 5.14006
80 0.860735 -0.389839 3.09688
80 -0.601108 -1.18113 4.69765
80 0.802506 1.0333 1.74346
80 -0.177489 0.873384 0.895984
80 -1.04967 0.474885 6.16657
80 0.645831 -0.366539 3.20227
80 -0.277409 -1.20779 4.45214
80 0.672685 -0.303376 3.10931
80 0.298291 1.26436 1.3195
80 0.690066 0.99251 1.7002
80 -0.615905 0.805788 0.429343
80 -0.909378 0.676844 0.120205
80 0.839999 0.594003 2.04905
80 -0.198689 1.17106 0.902384
80 -0.0744968 1.37657 1.01804
80 0.787291 0.226549 2.38967
80 0.152004 -1.05178 4.09545
80 0.417715 -1.00273 3.83494
80 -1.3388 0.611538 6.19647
80 -1.05565 1.02488 0.246997
80 1.03987 0.247985 2.44694
80 -0.188931 -1.07912 4.4081
80 0.751437 -0.50789 3.24888
80 -0.355178 1.01275 0.761741
80 1.27957 0.194218 2.50113
80 -0.252567 1.0008 0.856611
80 0.328286 0.795773 1.54575
80 -1.03288 -0.719229 5.16826
80 0.802088 -0.526427 3.24532
80 -0.737797 -0.332837 5.25725
80 -1.02631 0.141467 5.89385
80 1.12668 -0.159938 2.81578
80 -0.737007 -0.717348 4.96931
80 -0.173714 -1.0333 4.3912
80 0.258281 -1.10776 4.02137
80 1.01626 -0.329232 2.99844
80 0.75542 0.782088 1.87835
80 -1.01321 0.789672 0.142493
80 -0.474461 -1.00442 4.65036
80 0.296812 -1.03294 3.9425
80 -0.70728 0.651095 0.197736
80 0.841 -0.0672447 2.76318
80 0.466452 -0.553738 3.55205
80 -0.961268 -0.162472 5.57563
80 -0.463329 -0.816958 4.71017
80 0.326379 1.09245 1.41151
80 1.0338 0.485117 2.21869
80 -0.657393 -0.498639 5.06758
80 -1.00207 0.52982 6.21754
80 1.01662 -0.217736 2.88909
80 -1.16263 -0.198606 5.59674
80 0.931254 0.928112 1.86866
80 0.121443 1.11492 1.21406
80 -0.0717451 -0.741139 4.3042
80 0.402269 1.18793 1.43123
80 -0.105834 1.32262 0.99125
80 -0.746191 0.947272 0.414606
80 0.675514 0.568723 1.97251
80 -1.36884 -0.167368 5.65788
80 -1.1825 0.0546431 5.80474
80 -0.709585 1.2958 0.604101
80 1.02524 0.815127 1.98165
80 0.544128 1.1931 1.52894
80 -0.911872 0.20491 5.9454
80 -1.28264 -0.036261 5.73992
80 1.2028 -0.283594 2.89511
80 -1.20166 0.321316 6.00464
80 0.00316705 -1.26779 4.23748
80 -0.88615 0.25296 5.99141
80 -0.682687 0.957229 0.477067
80 -0.991462 0.88301 0.202006
80 0.805239 -0.754687 3.41103
80 -1.27705 -0.466072 5.44025
80 -0.67748 -0.877835 4.85055
80 -1.11095 0.770963 0.115776
80 0.805175 0.810518 1.87739
80 -0.811654 -0.271623 5.40523
80 -0.14708 0.944266 0.932334
80 -0.774248 0.47468 6.26957
80 0.99466 0.591675 2.13315
80 0.982772 0.466146 2.20725
80 0.223065 1.06709 1.31815
80 1.30607 0.105753 2.56205
80 -1.11643 -0.288501 5.5101
80 -0.42863 1.36308 0.780572
80 0.941364 -0.00241428 2.68658
80 -0.650925 1.12492 0.573367
80 1.02653 -0.0265507 2.68903
80 1.09466 0.240594 2.45323
80 0.923308 -0.471086 3.14706
80 -1.2879 0.360526 6.03509
80 1.17438 0.162523 2.52474
80 0.804642 -0.332808 3.06505
80 -0.324207 1.35989 0.85315
80 -0.950893 0.582988 0.0228541
80 -0.36865 -0.827308 4.6146
80 -1.32664 0.313961 5.99096
80 -0.339592 -0.907455 4.54883
80 0.576741 -1.14076 3.75481
80 0.572586 -0.894284 3.66479
80 0.952063 -0.348896 3.02822
80 -0.543015 1.01229 0.607059
80 1.35345 0.131381 2.54999
80 -0.298189 1.12043 0.84361
80 -0.244067 -0.742869 4.51653
80 -0.495237 -0.76608 4.74638
80 -0.946873 1.11392 0.36187
80 0.119185 -1.31867 4.17101
80 -1.04288 -0.436769 5.3516
80 0.103024 1.0588 1.20073
80 -0.514983 -1.04822 4.67659
80 0.983637 0.226311 2.45262
80 0.987651 -0.626701 3.2234
80 -1.11507 0.491543 6.17168
80 -0.754609 0.55639 0.118179
80 -0.23539 -1.05452 4.43292
80 0.625458 1.03316 1.62709
80 -1.308 0.410898 6.06827
80 0.90384 -0.0408974 2.72581
80 0.913949 0.150249 2.53728
80 0.191062 -0.725977 3.97943
80 0.633993 0.974757 1.66195
80 1.26409 0.0629201 2.59727
80 -0.829254 0.743691 0.190891
80 0.0239394 -1.08951 4.19871
80 0.771933 0.0180811 2.66004
80 0.228491 -0.681418 3.9199
80 0.698305 0.827465 1.79031
80 0.971261 0.744843 1.9981
80 -0.554181 -0.780871 4.79858
80 -1.22999 0.211672 5.93512
80 -0.0525171 -0.854406 4.27971
80 -0.583369 -0.493771 5.01791
80 -1.02591 0.43089 6.15374
80 -0.961675 -0.0561295 5.65791
80 0.328331 -1.06387 3.92649
80 0.774055 -0.468864 3.22388
80 -0.988973 -0.0971099 5.63211
80 0.0916537 -0.751366 4.12291
80 -1.23595 -0.347192 5.49723
80 0.190208 -0.917619 4.03147
80 1.15504 0.109741 2.56674
80 -0.70942 -1.10715 4.7758
80 1.30105 -0.379032 2.93012
80 1.07902 0.614222 2.13372
80 0.748019 0.924101 1.78211
80 1.24459 -0.0422848 2.68291
80 -0.46237 -1.12036 4.6027
80 0.190192 1.40276 1.22614
80 1.16617 0.223756 2.46504
80 1.03042 -0.701262 3.2432
80 -0.582084 -0.720818 4.86181
80 1.36289 -0.0266572 2.6743
80 -0.466129 -0.866119 4.6925
80 -0.825114 1.22005 0.508412
80 0.141802 -0.784122 4.07807
80 0.987267 -0.86002 3.37149
80 0.439855 0.999139 1.54773
80 1.32225 0.0201117 2.64925
80 1.03148 0.635969 2.11756
80 1.02435 0.753387 2.0149
80 1.17874 0.380202 2.30475
80 -1.01377 -0.190322 5.57078
80 -1.16364 -0.452118 5.39478
80 -0.928276 -0.120469 5.6086
80 -0.147726 -1.30106 4.3253
80 -0.441975 1.06797 0.689134
80 -0.562821 1.06871 0.62286
80 -0.903418 -0.770878 5.07123
80 0.750019 0.288475 2.29875
80 -0.733542 -0.51399 5.12122
80 -1.35322 -0.294393 5.58082
80 0.516825 0.650405 1.81349
80 0.234268 1.27207 1.26989
80 -0.910573 0.302834 6.03953
80 -0.252046 1.21189 0.877903
80 0.957336 0.120826 2.55449
80 -0.276953 1.25393 0.875377
80 1.10497 0.654164 2.12782
80 1.23116 -0.585242 3.08072
80 -1.11975 -0.232578 5.56036
80 1.11528 -0.0872727 2.72822
80 0.209885 -1.13515 4.06313
80 -1.15215 0.296828 5.99618
80 0.888829 -0.152258 2.85896
80 -0.865786 1.06984 0.396155
80 0.988814 -0.931394 3.42157
80 -0.694321 -0.929507 4.84269
80 -0.854159 -0.303072 5.38027
80 0.387521 -1.10492 3.90229
80 0.990406 0.293351 2.3582
80 -0.878552 -0.674507 5.10856
80 0.494802 1.14148 1.51922
80 0.926472 1.02209 1.82239
80 0.358111 1.21858 1.39684
80 -1.2535 -0.396135 5.47283
80 0.70064 -0.51208 3.28874
80 -0.27019 1.30875 0.872258
80 0.63701 -0.770267 3.53706
80 0.969004 -0.063239 2.7423
80 0.911708 -0.397273 3.06901
80 -0.992149 -0.450426 5.32452
80 -0.442255 -0.720466 4.71517
80 0.311866 1.16195 1.37007
80 -0.693372 -0.988344 4.83387
80 -1.07479 -0.396019 5.39885
80 0.0585137 1.1453 1.14861
80 0.609349 -1.18833 3.74557
80 0.483583 -0.955099 3.75065
80 0.908316 -0.762869 3.3606
80 -1.22371 -0.0420477 5.71717
80 0.84653 -0.798906 3.42395
80 1.15802 -0.556672 3.09045
80 -0.874241 1.00508 0.355357
80 1.0312 -0.409914 3.03758
80 0.883267 0.359034 2.26097
80 1.07243 -0.0374787 2.69925
80 0.77575 -0.660195 3.37881
80 0.58114 1.09732 1.57668
80 -0.977814 0.483317 6.19733
80 -0.305388 1.18957 0.856386
80 1.02504 -0.150589 2.8141
80 0.872705 -0.841347 3.42973
80 -0.088954 -1.19007 4.28778
80 0.725109 -0.885642 3.53827
80 -1.14234 0.131301 5.88447
80 1.29168 -0.200393 2.79202
80 -1.01535 0.660601 0.0689559
80 0.613231 -1.00434 3.6789
80 0.827545 -0.952913 3.50148
80 0.922038 -0.205296 2.90731
80 0.0576162 1.42796 1.12051
80 1.05093 0.896167 1.92299
80 0.487377 1.03957 1.5504
80 -0.172879 1.10163 0.913187
80 1.03576 -0.750947 3.27049
80 -1.19377 0.124203 5.88611
80 -0.384889 -0.774236 4.64084
80 -0.91637 -0.952905 4.97665
80 -0.266528 1.3673 0.880262
80 1.04597 0.566927 2.15136
80 1.167 -0.118354 2.7604
80 0.811978 -0.839253 3.46701
80 -1.23472 0.375457 6.04775
80 -0.64566 -0.842554 4.85176
80 0.0912993 -0.817257 4.13536
80 -0.629595 0.930243 0.510848
80 -1.06603 -0.545217 5.29524
80 1.226 -0.155835 2.78707
80 1.02917 -0.588191 3.17767
80 0.26192 -0.871308 3.94577
80 0.938492 -0.125416 2.81197
80 -0.64392 -0.919617 4.82219
80 0.73225 0.404233 2.18124
80 -1.09269 -0.727043 5.17451
80 0.755693 -0.36928 3.12934
80 0.876027 0.82168 1.91146
80 -0.635941 1.07252 0.557211
80 -0.690423 -0.612049 5.03087
80 -1.07392 -0.039056 5.70549
80 0.672146 1.06185 1.63482
80 -1.188 0.636195 6.25325
80 -0.830547 0.266008 6.01666
80 -1.29237 0.498121 6.14075
80 0.573527 -1.03804 3.72165
80 0.473582 1.09617 1.52397
80 -0.190658 1.00422 0.897224
80 -0.522833 -0.826834 4.75222
80 0.572291 1.25728 1.52395
80 0.0694967 -1.31882 4.16802
80 -0.271077 -0.968407 4.49012
80 -0.883548 -0.0947986 5.62553
80 -0.82602 -0.145601 5.5342
80 -0.511818 -1.20286 4.61839
80 -1.12303 -0.126172 5.63356
80 0.433278 -0.893181 3.77046
80 0.423882 1.24574 1.42962
80 0.500214 0.779143 1.67409
80 1.18516 -0.230713 2.83839
80 0.886217 -1.01568 3.49487
80 -0.880677 -0.501711 5.20987
80 -0.78498 -0.948711 4.88675
80 0.29244 1.31895 1.30823
80 -0.403771 -0.903693 4.62103
80 1.09861 -0.728828 3.23278
80 0.334876 -1.11017 3.92766
80 0.0142008 1.04434 1.13168
80 -1.33517 0.13888 5.876
80 1.25349 -0.33816 2.92026
80 0.280731 -0.950614 3.94589
80 0.701296 -1.10186 3.66984
80 -1.05403 0.530787 6.21174
80 -0.865775 0.777602 0.187139
80 -0.0910304 1.05206 1.01101
80 0.345762 0.949785 1.47614
80 -0.0882407 1.26282 1.00947
80 0.402272 -1.20821 3.9116
80 0.68111 -0.412259 3.22274
80 0.8385 -0.562766 3.25549
80 -1.40943 0.335518 5.99685
80 0.200824 0.905442 1.33794
80 1.34055 0.187691 2.5075
80 -0.909007 0.805031 0.190387
80 1.0804 -0.136346 2.80169
80 0.722036 -1.0429 3.63458
80 0.740186 -0.426725 3.1975
80 0.0194771 1.38212 1.10162
80 -0.925374 0.426311 6.16087
80 0.349186 -1.16259 3.93834
80 1.1275 0.287658 2.41402
80 -0.575534 -1.03575 4.70292
80 0.0456882 -1.17387 4.17036
80 -0.370074 1.33011 0.82634
80 0.80775 -0.706401 3.39297
80 1.02076 -0.803777 3.30807
80 -0.805075 1.04832 0.436639
80 -0.937149 -0.217686 5.49356
80 0.635981 1.15084 1.59353
80 0.819719 0.867176 1.85059
80 -0.369474 0.942817 0.715113
80 -0.523959 0.880416 0.5572
80 -0.100541 1.11893 1.00304
80 0.154045 -1.176 4.10575
80 0.360587 1.14075 1.41511
80 0.554689 0.81636 1.70812
80 -1.17167 0.87965 0.130636
80 -0.632821 1.02507 0.544916
80 -0.395103 -1.05715 4.57324
80 0.375784 -1.04927 3.89857
80 -1.25629 0.714573 6.28107
80 -0.422333 1.01983 0.690013
80 0.615233 -0.582809 3.44192
80 -1.11946 -0.554274 5.30807
80 -0.815313 -0.416788 5.24805
80 0.293044 0.970446 1.43738
80 0.896669 -0.0883834 2.77123
80 0.0468816 -0.7097 4.16821
80 0.200389 -1.19768 4.0715
80 -0.234919 -0.67284 4.52719
80 -0.950026 0.10088 5.84762
80 -0.9368 0.519574 6.23709
80 -0.750403 -1.02979 4.85163
80 0.0586005 1.29289 1.13541
80 -0.469193 0.968055 0.655764
80 0.740585 1.03712 1.70991
80 1.25713 -0.279729 2.87999
80 1.07958 -0.798651 3.27033
80 -0.150165 1.36102 0.961333
80 -1.06463 -0.238845 5.5274
80 -0.738655 -0.602085 5.0564
80 0.4113 -0.781005 3.74484
80 0.196953 -0.865629 4.01731
80 0.505902 -1.23084 3.83829
80 -0.857868 -1.00703 4.90575
80 -0.0340073 1.33004 1.07141
80 1.21869 0.582981 2.18197
80 0.946651 0.56066 2.13762
80 -1.31147 -0.337995 5.54165
80 0.927967 0.214127 2.44944
80 0.648167 -0.962992 3.6546
80 0.222026 1.3309 1.25316
80 -0.88928 -0.560106 5.18158
80 0.361994 -0.99663 3.88214
80 -1.2091 0.840281 0.121056
80 -0.964266 0.150278 5.88586
80 -0.836826 -0.527699 5.17913
80 0.0927717 1.36207 1.16404
80 1.3174 -0.32953 2.90488
80 0.659046 -1.02011 3.66818
80 -0.766321 1.23496 0.533903
80 -0.137701 1.15772 0.966762
80 -1.0533 0.189151 5.91109
80 0.128531 1.41706 1.18122
80 -0.819157 0.578351 0.0949474
80 1.15219 0.529037 2.2047
80 0.530398 0.942673 1.61275
80 -0.589851 -0.903707 4.75974
80 0.944874 0.686029 2.02334
80 0.866277 0.302455 2.32036
80 -0.210115 1.2912 0.912279
80 0.234038 1.00466 1.34271
80 0.336977 -1.27406 3.9602
80 0.69667 0.366945 2.19538
80 -1.37516 0.111918 5.87838
80 -1.17024 0.558928 6.19672
80 1.08012 0.0256598 2.65206
80 -0.838258 0.842302 0.257354
80 -1.16786 0.177639 5.91107
80 -0.100357 -0.834986 4.32571
80 1.28961 -0.153466 2.77994
80 0.168286 0.863892 1.33136
80 0.1058 -1.08575 4.15717
80 1.01722 -0.542094 3.14684
80 0.378977 -0.599455 3.68218
80 0.928444 -0.812346 3.36812
80 0.665723 -0.914561 3.62356
80 -0.16782 -0.918145 4.39558
80 1.10699 0.566 2.17124
80 0.73776 -1.13111 3.66619
80 -1.23799 0.0853961 5.84555
80 0.932097 0.0641119 2.60694
80 -0.650366 -0.79676 4.85555
80 0.376373 1.00083 1.48408
80 0.875293 -0.904548 3.45975
80 -0.256297 1.43258 0.895164
80 -1.17102 0.501017 6.17277
80 -0.870103 0.414925 6.17779
80 0.997163 0.891728 1.90832
80 0.62215 0.910727 1.7001
80 -0.902561 0.73791 0.160644
80 1.08341 -0.239391 2.88704
80 0.829294 -1.0112 3.53229
80 1.18204 -0.183178 2.82341
80 -0.935089 0.99798 0.305844
80 1.15928 0.648495 2.13387
80 -0.635236 -0.63975 4.94657
80 0.309452 -0.84516 3.88172
80 0.890036 0.101169 2.56802
80 0.379783 0.823893 1.57018
80 0.0602213 -1.05408 4.17444
80 -0.176381 -0.977197 4.39486
80 0.829433 1.11855 1.71286
80 0.64108 -1.12289 3.70145
80 -1.18789 -0.383218 5.46303
80 0.989303 0.0673076 2.60452
80 1.12557 0.481723 2.23132
80 -1.1733 0.755736 0.0862098
80 -0.283953 -1.28932 4.45233
80 -1.06129 -0.0939958 5.64944
80 0.582415 -0.844728 3.64667
80 1.17591 0.272188 2.44034
80 1.35618 0.0650912 2.59576
80 0.423845 0.898686 1.56556
80 0.000738324 -1.32756 4.23831
80 0.545224 -0.760271 3.63211
80 -0.77065 -0.658591 5.05981
80 1.04539 0.198008 2.48233
80 0.79835 0.489835 2.14065
80 -0.450082 0.826754 0.584825
80 0.075526 -0.86373 4.15414
80 -1.13163 0.0431798 5.79442
80 -0.942023 -0.35716 5.36201
80 1.17989 0.00469603 2.67223
80 1.23265 0.365014 2.34009
80 1.07608 0.78554 2.00542
80 -1.28533 0.670414 6.25185
80 0.175042 1.1662 1.2497
80 1.34403 -0.224108 2.81127
80 -0.31725 -1.00207 4.52226
80 1.12057 -0.515861 3.07633
80 -0.686959 0.819399 0.368785
80 -0.87888 -0.618433 5.1408
80 -1.35975 0.373919 6.03671
80 -1.38656 0.432044 6.0803
80 -0.155887 -0.811548 4.39263
80 -0.143512 1.42828 0.985448
80 0.969002 -0.790255 3.34162
80 0.79148 0.622516 1.99272
80 -0.87294 0.942784 0.309682
80 0.882742 -0.276916 2.98939
80 1.2604 -0.523328 3.03796
80 -1.20672 -0.22644 5.5941
80 -0.957641 0.229501 5.95232
80 -0.455854 1.17964 0.698246
80 1.07508 0.0955127 2.56835
80 -1.1834 -0.518531 5.34629
80 1.23421 0.00463043 2.67669
80 -0.837607 0.451672 6.20907
80 1.17956 -0.0475329 2.69436
80 1.19629 0.463623 2.25816
80 0.863977 0.21174 2.44932
80 0.754834 -0.709609 3.41652
80 1.03872 -0.642326 3.19923
80 0.998582 -0.371588 3.02084
80 -0.957919 0.705202 0.126397
80 0.960154 -0.576073 3.20665
80 0.635866 -0.827323 3.58847
80 0.37318 -0.947943 3.85129
80 -1.03949 0.371234 6.0847
80 0.4608 -1.0254 3.8159
80 -0.607397 1.18375 0.620074
80 0.817432 0.971993 1.78938
80 1.07681 -0.297349 2.94183
80 0.973203 0.3619 2.28142
80 0.980643 -0.450718 3.08221
80 -0.302218 0.928404 0.779639
80 0.432387 1.05548 1.51646
80 -0.8207 -0.897396 4.93283
80 0.307913 -0.986609 3.9403
80 1.29637 0.41672 2.30668
80 0.227717 -0.821572 3.96832
80 0.351369 -0.860462 3.85609
80 -0.886634 -0.249843 5.44743
80 0.766108 -0.567134 3.29338
80 -0.210199 -0.799147 4.46635
80 1.12698 0.00576453 2.67538
80 0.125707 -0.706318 4.07643
80 0.79173 -0.176061 2.91705
80 -0.53179 0.935935 0.563464
80 -1.23723 -0.0915864 5.68996
80 0.856041 -0.32871 3.03817
80 -0.966861 -0.899055 5.03262
80 1.24156 -0.219261 2.82594
80 -1.16447 -0.330718 5.49403
80 0.847058 0.157526 2.52451
80 -0.205917 1.34596 0.920475
80 0.499739 0.713911 1.74182
80 0.98188 -0.511931 3.14651
80 1.29149 0.355181 2.35693
80 1.32341 0.295761 2.43725
80 0.610247 -0.724087 3.52245
80 -0.408836 1.13433 0.745488
80 -0.987877 0.353098 6.0762
80 0.872396 -0.606836 3.26372
80 0.777194 -0.873966 3.4897
80 1.14074 -0.604014 3.13182
80 -0.697424 -0.670624 4.97737
80 -0.998119 -0.532458 5.27252
80 -0.949688 -0.49198 5.27048
80 -0.291954 -1.04312 4.50042
80 -1.05638 0.705809 0.0945329
80 -0.41279 1.29052 0.777955
80 1.2213 0.635218 2.16651
80 0.215361 -0.773251 3.96908
80 -0.790622 0.407837 6.19951
80 0.276807 1.05468 1.36908
80 -0.0939614 -0.900251 4.31153
80 0.467959 -0.856477 3.73418
80 0.00764988 -1.00582 4.20701
80 -1.01239 0.256676 5.97589
80 0.845299 -0.185355 2.90927
80 -0.113714 -1.12322 4.30931
80 0.205474 0.956697 1.32932
80 -0.968388 0.30118 6.03629
80 0.858606 1.01839 1.78039
80 0.420209 1.12755 1.47445
80 -1.25272 -0.162644 5.63222
80 -0.198332 -1.21349 4.39144
80 -0.471887 0.775414 0.567701
80 1.03187 0.328456 2.33584
80 -0.154102 -0.868382 4.39147
80 -0.22699 -1.00178 4.43467
80 -0.636459 -1.01217 4.75773
80 0.779849 0.556338 2.05242
80 -0.836538 -0.835007 4.99121
80 -1.08526 -0.472553 5.33716
80 -0.604169 -0.972118 4.7476
80 -1.0989 0.309846 6.01146
80 -0.859241 -0.936658 4.94624
80 -1.35875 0.213633 5.93244
80 1.0457 -0.0906819 2.76092
80 -1.21676 0.0158096 5.78225
80 0.424403 0.747328 1.62102
80 -0.0505997 1.09136 1.04651
80 0.406339 -1.15668 3.89827
80 0.435469 -1.0687 3.83908
80 -1.25679 -0.22204 5.60126
80 0.662518 -1.06775 3.67623
80 0.104124 1.24035 1.19024
80 -0.639884 0.686421 0.29063
80 -0.0659774 -1.14257 4.27509
80 -0.867226 -0.432557 5.27234
80 1.15717 0.428508 2.26923
80 -0.68431 1.00987 0.504531
80 1.05108 0.44336 2.23511
80 1.06302 0.714721 2.04426
80 0.862527 0.701978 1.96742
80 -0.645428 -0.552562 5.03547
80 1.19568 -0.631697 3.12802
80 -0.0176496 -1.05181 4.24731
80 0.912785 0.270917 2.36571
80 -0.227039 1.11495 0.88443
80 0.444834 -1.24877 3.89749
80 1.12194 0.715701 2.07869
80 0.660171 0.514518 2.01692
80 0.831969 0.111153 2.556
80 0.377192 -0.901051 3.83992
80 -0.482803 1.38239 0.761303
80 0.884567 -0.955105 3.47227
80 0.684109 0.632886 1.94367
80 -0.543539 -0.994233 4.70376
80 0.714046 -0.342362 3.12511
80 0.65978 0.86016 1.76981
80 -1.02402 0.941117 0.235672
80 -1.13362 0.600182 6.23371
80 -0.856839 0.691834 0.151115
80 0.906515 0.465971 2.1779
80 0.987839 -0.00112096 2.68218
80 0.717018 -0.671467 3.42685
80 0.142225 -0.962318 4.10306
80 0.768822 -0.994533 3.57353
80 0.504597 1.22777 1.50389
80 0.671409 -0.614695 3.42592
80 -0.635402 1.22129 0.614695
80 0.727503 0.588752 1.97741
80 -1.08077 0.968912 0.220045
80 0.896291 0.581556 2.09863
80 -0.719457 -0.847062 4.90162
80 -1.06385 0.885262 0.158183
80 -0.577058 0.883264 0.536802
80 0.238442 -1.2571 4.06521
80 -1.20814 0.440768 6.11252
80 0.959156 -0.407331 3.0587
80 1.06008 -0.510023 3.09386
80 0.872973 -0.227992 2.94253
80 -0.319972 -1.25404 4.46524
80 0.0029064 1.12309 1.11212
80 -0.298336 -1.14937 4.47863
80 0.0540722 -1.00481 4.18091
80 -0.692274 -0.443007 5.13975
80 0.263621 0.825515 1.47416
80 0.738724 -0.762284 3.47231
80 -1.40579 -0.0103632 5.78461
80 0.339756 -1.21452 3.95603
80 0.947954 0.503329 2.16998
80 -0.997565 -0.320461 5.43192
80 1.26597 -0.106186 2.73621
80 -0.817856 -0.21728 5.43413
80 -0.208535 1.05414 0.890043
80 -1.06147 -0.670381 5.20123
80 -0.458184 -1.05805 4.6205
80 -0.0593239 -0.994452 4.27211
80 -1.06985 0.583118 6.24159
80 1.26804 0.272385 2.44977
80 0.428319 -0.951537 3.81028
80 1.26302 -0.426995 3.00218
80 -0.832726 -0.592908 5.12382
80 -0.379259 -1.14848 4.53384
80 -0.583089 -0.621534 4.90665
80 -0.90209 -0.389236 5.3249
80 -0.100557 -1.30652 4.31414
80 1.20524 -0.535263 3.06359
80 -0.506749 1.15655 0.672384
80 0.692389 -0.461651 3.25129
80 -0.150239 1.21889 0.94943
80 0.632538 1.25958 1.55471
80 0.917645 -0.868306 3.42462
80 1.18153 0.706172 2.10314
80 -0.553596 -1.08411 4.69718
80 1.07378 0.383889 2.2822
80 0.879685 -0.457057 3.15375
80 0.799076 0.923984 1.79944
80 0.713869 0.746128 1.87912
80 -0.208684 -0.868124 4.43983
80 0.763055 -0.292238 3.04782
80 -1.06589 0.258622 5.97985
80 0.744684 0.983447 1.72999
80 -1.30765 -0.164298 5.64591
80 0.107701 -1.2067 4.1594
80 0.445833 0.799903 1.62266
80 0.762626 0.850252 1.82509
80 1.21284 -0.087297 2.71715
80 -0.772981 0.612153 0.130481
80 -0.34767 -0.64268 4.67558
80 1.10346 0.431459 2.25623
80 -1.35107 0.0472042 5.82133
80 -1.08648 0.148266 5.89853
80 0.820885 -0.122 2.84231
80 -1.15146 -0.688536 5.24309
80 0.0359399 -0.948383 4.19327
80 -0.88572 -0.842968 5.01154
80 -0.55667 -0.938726 4.73545
80 0.90468 -0.337709 3.0277
80 -0.742902 0.855693 0.342624
80 0.132829 0.948538 1.25484
80 -1.01882 -0.259221 5.49321
80 1.12968 -0.277048 2.91946
80 0.568109 -0.975576 3.69574
80 -1.40432 0.178425 5.90476
80 0.49243 -0.6102 3.57523
80 -1.08836 0.388309 6.09262
80 -1.1129 0.881001 0.155143
80 0.503368 0.845871 1.63995
80 1.31401 -0.273952 2.86108
80 -1.19645 0.695975 0.0158736
80 -0.499826 1.21684 0.694656
80 0.741753 -0.14859 2.91023
80 0.602882 -0.93694 3.66655
80 -0.792039 -0.365132 5.26244
80 -1.10917 0.198866 5.92645
80 -0.74585 0.7926 0.293005
80 -0.695159 -0.364171 5.22815
80 0.76545 0.443714 2.16108
80 -0.864283 -0.349396 5.34734
80 1.12636 -0.0422163 2.69778
80 -0.967485 0.94246 0.239463
80 -1.1148 -0.171841 5.61277
80 0.46737 1.18475 1.5004
80 1.35824 -0.0946194 2.71265
80 0.522224 0.999174 1.58265
80 -1.38187 0.292199 5.98957
80 0.190344 -1.08502 4.07656
80 -1.22 -0.452044 5.42207
80 0.539625 1.31077 1.48964
80 -0.75199 -0.40123 5.23066
80 -0.318557 1.42038 0.865052
80 1.21552 -0.408799 2.99861
80 0.411367 1.35368 1.38059
80 0.651009 -0.537742 3.36345
80 0.362843 1.28129 1.36899
80 -0.623504 -0.698796 4.89142
80 -0.927199 -0.296867 5.42973
80 -1.18018 0.379487 6.06341
80 -0.454717 -0.605473 4.80702
80 0.680245 0.452796 2.1072
80 1.21411 0.309374 2.40696
80 1.08612 -0.67823 3.20171
80 0.938595 0.317979 2.32611
80 -0.203472 0.95641 0.899116
80 -0.968163 -0.265137 5.4639
80 0.0860807 0.896487 1.20854
80 0.552734 1.13916 1.55248
80 0.865135 0.901951 1.86584
80 0.43701 1.30402 1.41689
80 -0.372799 1.18435 0.790119
80 1.06651 -0.187771 2.83783
80 1.29134 -0.0190354 2.67779
80 0.243857 -1.18015 4.05329
80 -0.0898214 1.19742 1.0153
80 -0.0947949 1.43244 0.989728
80 0.282588 1.21429 1.32575
80 1.20152 -0.351427 2.94706
80 0.727141 -0.207314 2.97479
80 0.525065 -1.0392 3.74673
80 -0.336843 -1.19591 4.49728
80 -1.30721 -0.41173 5.46654
80 -0.257398 1.06917 0.873069
80 0.940562 -0.626291 3.23711
80 0.847489 0.0426281 2.64175
80 0.536108 1.07026 1.57359
80 -1.40091 -0.120529 5.67503
80 -1.0576 0.764961 0.124284
80 -0.936123 -0.665313 5.13898
80 -0.543969 1.12095 0.640809
80 -1.12679 -0.502495 5.33395
80 -0.941301 0.020304 5.74693
80 0.90847 0.724456 1.97905
80 -1.20252 -0.576771 5.32294
80 1.02025 0.395198 2.26611
80 -0.345113 -0.709721 4.62681
80 -0.713871 1.05624 0.500778
80 -1.06136 -0.308168 5.47164
80 0.820521 0.356261 2.24291
80 0.352052 -0.715422 3.77558
80 0.522225 -0.549097 3.49971
80 -0.276778 0.866143 0.793262
80 1.10779 -0.340581 2.9751
80 -1.00776 0.992215 0.241422
80 -1.27073 0.243998 5.94865
80 -0.385279 1.40485 0.820043
80 -0.0635807 -0.944363 4.27491
80 0.452238 -1.12685 3.85025
80 -0.208968 -1.29432 4.39537
80 -0.708752 -0.760057 4.94437
80 -0.877365 -0.189816 5.49317
80 1.2625 0.542038 2.22119
80 -1.00046 0.199603 5.93459
80 0.54947 -1.19868 3.79852
80 -0.550024 -0.669875 4.84883
80 -0.0262679 -1.17801 4.25081
80 -1.10883 -0.642091 5.24809
80 0.737087 0.495382 2.10932
80 0.464999 -0.806113 3.70231
80 -1.11868 0.714762 0.0718126
80 -1.30253 0.0864028 5.85294
80 -1.1322 -0.40751 5.41734
80 0.0788002 -1.26606 4.17119
80 -0.2151 0.90776 0.890423
80 0.774741 -0.801864 3.47668
80 -0.997006 0.0221507 5.75197
80 -0.860525 -0.730741 5.06026
80 1.21452 0.110005 2.56603
80 -0.210519 -1.12323 4.39902
80 -1.4178 0.241693 5.94752
80 -0.769164 1.08917 0.484898
80 -0.40342 -0.63418 4.7272
80 -0.83824 0.189444 5.93229
80 0.430915 -0.678823 3.68147
80 -0.0191051 1.27137 1.07618
80 -0.274343 -0.781292 4.53523
80 0.55729 0.896255 1.64477
80 1.28653 -0.471464 3.01179
80 0.895187 0.52253 2.14551
80 0.166771 1.05695 1.27535
80 0.861299 0.776595 1.92467
80 -0.882624 1.16045 0.446256
80 -0.703754 0.566257 0.147953
80 -0.88634 0.564455 0.042519
80 0.0510637 -1.22494 4.1811
80 -0.910913 -0.888833 5.00919
80 -1.35763 0.520048 6.13178
80 0.963734 -0.234145 2.92096
80 -0.64309 1.31458 0.6178
80 1.13577 0.778133 2.03504
80 0.877009 -0.526225 3.20546
80 0.164511 1.00203 1.28749
80 0.156316 1.34917 1.20328
80 -0.499719 0.834466 0.570138
80 0.7144 -0.261555 3.04159
80 -0.501119 -0.958112 4.6854
80 -1.2892 -0.104389 5.67571
80 0.656595 -0.70947 3.49009
80 -0.822846 -0.668636 5.0686
80 0.633056 0.613028 1.9301
80 0.593086 0.77574 1.77599
80 -0.991059 -0.823179 5.08861
80 -1.13509 -0.0105942 5.73832
80 -0.393501 -1.20606 4.53578
80 -1.09869 -0.778937 5.16814
80 -0.534287 1.26066 0.681531
80 -0.466623 1.1158 0.684921
80 0.639831 0.687766 1.86612
80 0.427547 -0.624088 3.66304
80 1.1287 0.361376 2.31438
80 0.697165 1.15077 1.61352
80 0.602555 0.550002 1.94697
80 -1.2721 0.0353858 5.80723
80 -1.42826 0.125962 5.88101
80 0.328839 1.02525 1.44092
80 0.031258 -0.890969 4.18755
80 0.574513 -0.797655 3.63709
80 -0.602574 -1.10756 4.71038
80 -0.831605 -0.0696643 5.63985
80 0.0444391 -0.786459 4.17509
80 0.934404 -0.974557 3.462
80 0.616433 -0.633877 3.46969
80 -0.133465 -1.24311 4.32271
80 -0.599017 0.993932 0.551493
80 -1.17757 -0.278867 5.53218
80 -0.667927 1.2608 0.605678
80 0.489216 -1.08687 3.80963
80 -1.07366 0.641899 0.0192546
80 -1.10666 0.0927296 5.84528
80 0.718077 1.21534 1.59773
80 1.19523 0.0618273 2.60159
80 -0.40483 -0.854996 4.63039
80 1.22722 0.240803 2.45663
80 -0.786331 -0.608317 5.08235
80 1.31095 -0.0699882 2.69955
80 0.550406 -0.484465 3.40818
80 1.20748 0.516477 2.2268
80 0.356507 -0.793886 3.81473
80 -0.4502 -0.934505 4.65658
80 -0.201557 1.23786 0.914604
80 0.549749 -1.09423 3.7532
80 -1.21211 0.272658 5.98253
80 -1.01708 -0.0263117 5.71437
80 -0.57848 0.947856 0.551982
80 -1.01004 -0.642774 5.19989
80 0.720469 -0.939185 3.57795
80 0.957057 0.634851 2.07103
80 1.32247 0.241174 2.46633
80 0.739288 0.645145 1.95258
80 -1.03251 -0.502136 5.29361
80 1.08513 -0.465118 3.05614
80 -0.830217 0.520915 0.0228013
80 0.496421 1.28036 1.48805
80 0.693987 -0.737399 3.4878
80 -0.750652 -0.465841 5.16113
80 -0.560286 -1.15005 4.68331
80 0.770235 -1.0588 3.60215
80 0.0414334 1.23914 1.13312
80 -0.542736 1.31657 0.677937
80 0.0960446 -0.971017 4.13999
80 -1.36332 -0.0503155 5.73913
80 0.632898 1.10039 1.60055
80 0.242105 -0.999358 4.00503
80 -1.1323 0.661227 0.0121848
80 -0.326685 -0.952219 4.54288
80 0.945486 -0.908643 3.4234
80 0.969034 0.41816 2.24358
80 -0.311953 -0.822859 4.54981
80 0.985402 0.168526 2.51759
80 0.537338 -0.930107 3.7018
80 -0.0127538 -0.95189 4.23055
80 -0.581901 1.34989 0.670809
80 0.641073 0.746552 1.81651
80 0.286099 -0.799427 3.88583
80 0.666891 -0.663422 3.45674
80 -0.802745 -0.717855 5.03754
80 0.690051 -0.789491 3.50684
80 -0.346903 1.24005 0.819838
80 -1.15574 0.813661 0.114284
80 -1.05742 0.0696911 5.81368
80 0.903418 -0.648444 3.26172
80 0.5906 -0.677871 3.52194
80 -0.897748 0.0788402 5.81116
80 -1.26252 0.30924 6.00388
80 -0.417105 0.96259 0.679907
80 -1.24304 -0.535675 5.35568
80 0.808989 0.410107 2.19848
80 -0.894564 0.626285 0.104101
80 -0.81318 -0.474999 5.2014
80 -0.0772407 -1.24376 4.28912
80 -0.800132 0.675288 0.17557
80 0.601354 1.19593 1.56037
80 -0.0652306 -1.0421 4.26895
80 0.375951 -0.655983 3.70468
80 -0.299733 0.985294 0.813475
80 0.293299 -1.15281 3.98602
80 0.0731116 -1.11443 4.16125
80 -0.408736 0.882637 0.66351
80 1.27289 0.484878 2.24779
80 -0.0227111 -0.89473 4.24234
80 -0.92438 0.858471 0.222184
80 0.460439 -0.724949 3.68333
80 1.00515 0.692452 2.03807
80 -0.00218651 -0.764988 4.22028
80 -0.711614 0.742305 0.280338
80 -0.631546 -0.439157 5.09744
80 -1.17487 0.226454 5.93664
80 -0.463702 1.25747 0.728754
80 -0.091843 0.906917 1.00112
80 0.953493 0.866988 1.91148
80 0.19059 -1.24925 4.07795
80 -0.781076 -0.774313 4.97464
80 1.21979 -0.4702 3.02616
80 -0.423305 -0.995829 4.60915
80 -1.03376 0.840803 0.161203
80 0.298922 0.865254 1.4779
80 -0.443549 -0.768863 4.71736
80 0.191646 -1.30967 4.09357
80 0.37458 0.750289 1.60315
80 0.839354 -0.485323 3.1822
80 -0.800786 1.17222 0.50032
80 0.579794 0.967125 1.62729
80 -1.12197 0.248011 5.95766
80 0.871528 -0.697586 3.33198
80 -1.23765 -0.295989 5.53702
80 0.382391 1.06943 1.47204
80 0.897533 0.63769 2.04933
80 -0.0177262 -1.22322 4.24178
80 -0.410759 -0.688122 4.71519
80 0.689225 -0.845783 3.5367
80 1.03158 -0.272717 2.9411
80 0.833278 0.6616 1.98385
80 -0.809029 0.93723 0.362348
80 -0.736397 -0.963884 4.85712
80 -0.972021 -0.764529 5.10287
80 -0.777407 -0.846853 4.92713
80 -1.37635 -0.228264 5.61914
80 0.298119 1.38179 1.28611
80 -0.844124 0.113633 5.85318
80 0.667368 1.20491 1.59765
80 -1.28013 0.143712 5.89324
80 1.17234 -0.486512 3.04255
80 -0.613194 -0.766122 4.85746
80 0.826438 0.743978 1.93296
80 -0.0204859 -0.707648 4.24283
80 0.0464391 1.08827 1.14384
80 -0.974502 0.431996 6.16756
80 0.54041 -0.655835 3.56917
80 -0.126723 -0.708153 4.37576
80 -0.524744 -0.713771 4.82483
80 0.128261 -0.896997 4.11325
80 0.2551 1.11955 1.32489
80 0.608047 -1.07894 3.70828
80 0.13284 -1.25748 4.14831
80 0.493522 -0.668377 3.60539
80 0.77599 0.136458 2.53979
80 0.962665 0.97947 1.8624
80 1.12639 0.0685555 2.59827
80 -0.124619 -1.01146 4.34674
80 0.868627 0.41452 2.21406
80 0.719978 0.878319 1.79311
80 1.34979 -0.157554 2.76569
80 -0.869167 0.358621 6.12517
80 -1.0096 0.596889 0.00574484
80 0.981545 -0.286499 2.9635
80 -1.22486 0.509747 6.17455
80 -0.526476 -0.602798 4.86775
80 -0.0148563 1.42929 1.08038
80 0.878641 1.07337 1.76464
80 -1.1047 -0.352826 5.44152
80 -0.745729 0.680659 0.196583
80 -0.797975 -1.05773 4.87257
80 -1.07016 0.0140556 5.75241
80 -0.8073 -0.99577 4.89283
80 0.963822 0.81773 1.93351
80 -0.780511 0.7288 0.20089
80 -0.419838 -1.1014 4.59475
80 0.408984 -0.836592 3.7716
80 -0.815701 0.990116 0.383639
80 -0.591763 -0.832326 4.80936
80 -0.332054 -0.761341 4.6008
80 -0.64448 0.862927 0.441715
80 0.246575 1.17148 1.31469
80 -0.798135 0.811031 0.267191
80 -0.444466 -1.17355 4.58453
80 0.407772 -0.727828 3.71371
80 -0.0466447 -0.799839 4.2701
80 0.627843 -0.47051 3.30938
80 -0.458444 0.909724 0.637732
80 0.926783 -0.704264 3.30056
80 -1.32394 0.260736 5.9661
80 -0.152426 -1.18908 4.35808
80 0.18626 1.1162 1.2705
80 -0.956339 0.761218 0.144011
80 0.520088 -0.811853 3.66919
80 1.13154 -0.382604 2.9979
80 0.533778 -0.714812 3.60865
80 -0.489219 1.01569 0.645348
80 0.531336 -0.860711 3.67205
80 -0.560104 1.19277 0.635079
80 -0.496822 -0.653761 4.8339
80 -1.11382 0.542049 6.19859
80 1.12395 -0.773366 3.25572
80 -0.323776 1.29173 0.85298
80 1.06033 -0.363386 3.00587
80 -0.309283 -0.875489 4.54424
80 0.0080006 0.976641 1.12398
80 -0.219593 -0.936588 4.44185
80 0.019729 1.32767 1.10131
80 0.769566 0.686617 1.93689
80 0.484716 -0.764016 3.68247
80 0.667616 -1.16778 3.71053
80 1.16824 -0.412351 3.00374
80 0.118214 1.30199 1.18624
80 -0.593413 1.2679 0.642351
80 0.148963 1.21949 1.21632
80 0.625695 -0.884307 3.63822
80 1.00853 0.952328 1.8827
80 -1.32457 -0.00241511 5.77523
80 -0.311909 1.05718 0.818735
80 -0.497737 -0.903991 4.69411
80 -0.240899 -1.16605 4.4316
80 -0.758824 -0.896254 4.90769
80 1.03355 0.0378526 2.64334
80 -0.509146 -1.13542 4.64128
80 -1.17747 -0.117511 5.64128
80 0.818952 -0.0190757 2.71256
80 -0.672145 0.61126 0.18496
80 0.283522 -1.22675 4.01994
80 0.909852 -0.567692 3.21414
80 -1.31788 -0.227917 5.59767
80 -1.34328 -0.106457 5.6805
80 -1.00498 0.0834144 5.82666
80 -0.12513 -0.769014 4.36479
80 0.153332 -1.12354 4.09764
80 -0.548159 -0.872072 4.75348
80 -1.2213 0.565588 6.18344
80 -0.919464 1.0625 0.361647
80 -0.982189 -0.700677 5.14302
80 -1.23278 0.155439 5.89107
80 0.435667 0.85235 1.58899
80 -0.597129 1.12758 0.608508
80 0.774329 -0.936632 3.53579
80 -0.782479 0.89195 0.348327
80 -0.3863 -0.954041 4.58998
80 1.22542 0.177768 2.51672
80 -0.894532 0.484162 6.22355
80 -0.35279 1.12957 0.789848
80 0.826608 -0.893297 3.47457
80 -1.14124 -0.600271 5.28699
80 -1.27428 0.550038 6.18483
80 0.301677 -0.664271 3.82035
80 -0.0361627 1.21959 1.0576
80 -0.288131 -0.69365 4.57206
80 0.972739 -0.734197 3.29279
80 -0.758867 1.14432 0.499897
80 -0.986404 -0.596228 5.20276
80 0.390213 -1.26742 3.93268
80 -1.3394 0.463015 6.10338
80 -0.205145 1.41104 0.91985
