66 0.30739 -0.758309 3.86262
66 -0.175261 -1.15329 4.38146
66 -1.30129 -0.272317 5.59743
66 1.17475 -0.697427 3.17594
66 -0.957837 0.647823 0.0948448
66 1.01287 0.115657 2.55579
66 0.469736 -1.18539 3.8518
66 0.777812 0.726516 1.93432
66 0.57366 0.669109 1.83068
66 1.23829 0.429182 2.27705
66 -0.372205 0.827231 0.682129
66 0.889237 0.963586 1.83408
66 0.576788 0.719232 1.81035
66 -0.238492 -1.25032 4.415
66 -0.655184 0.746052 0.331224
66 1.04788 -0.857841 3.32323
66 0.571679 0.599916 1.89826
66 0.273019 -0.721169 3.87526
66 0.736978 -0.824753 3.49125
66 0.247277 1.3999 1.25822
66 0.826604 -0.434011 3.14938
66 0.790075 -0.234975 2.98001
66 0.704562 0.692525 1.91631
66 1.08828 0.842667 1.98379
66 -0.958935 0.815402 0.172622
66 -0.932649 0.369949 6.11778
66 1.00021 0.536262 2.15352
66 -0.975115 -0.403645 5.34666
66 -0.816579 0.336258 6.10865
66 -1.15791 0.439601 6.12768
66 0.768448 -0.071079 2.78825
66 -1.12011 -0.0790339 5.6744
66 0.604593 0.848923 1.72577
66 0.846425 0.523379 2.13612
66 0.356155 1.35188 1.35091
66 0.0840678 -0.916212 4.14709
66 -1.23196 0.781225 0.0818738
66 1.128 -0.207673 2.83012
66 -0.787768 -0.540575 5.1339
66 0.51325 -0.990625 3.74991
66 -0.846709 0.63386 0.115954
66 0.191623 -0.976069 4.0525
66 -0.336637 -1.06803 4.51756
66 -0.404429 1.23568 0.78351
66 -0.648742 -1.14515 4.71727
66 0.92256 0.400909 2.24543
66 -0.142064 1.03199 0.948335
66 -1.027 -0.857798 5.08848
66 -1.10066 0.443757 6.14867
66 -0.113705 -1.06517 4.31374
66 0.715186 1.09597 1.65
66 -1.05689 -0.605237 5.23752
66 -0.834932 -0.020002 5.67377
66 -0.896614 0.156314 5.90477
66 -0.144181 1.28596 0.967594
66 -0.92206 -0.448378 5.28395
66 -0.269208 -1.10238 4.45876
66 -0.693641 0.901802 0.43676
66 -0.835433 -0.780025 5.01331
66 0.590428 -0.529112 3.41183
66 -1.16275 -0.043938 5.71135
66 1.07659 0.315546 2.35821
66 -1.24301 0.62206 6.21936
66 -1.26309 0.445636 6.10411
66 1.08215 -0.561197 3.12823
66 1.05147 0.143832 2.54491
66 -0.041517 -1.10073 4.27119
66 -0.928563 -0.71925 5.11752
66 1.07737 0.514011 2.19996
66 0.779166 1.08872 1.70556
66 0.244613 -1.05949 4.0195
66 -0.909017 -0.0440445 5.66007
66 -0.676321 -0.725206 4.9348
66 0.422009 0.94398 1.56321
66 -1.30112 0.19509 5.9164
66 0.173191 1.28171 1.22726
66 -1.04312 0.316625 6.03664
66 1.16545 0.584958 2.17363
66 0.104652 1.17655 1.19367
66 -0.368365 -1.00686 4.56223
66 -0.938847 -0.815347 5.07219
66 -0.564467 0.828997 0.506004
66 -0.586414 -0.552738 4.97881
66 1.26018 0.128278 2.55429
66 -0.749583 1.01385 0.463462
66 1.03599 -0.461714 3.0688
66 -1.41385 0.0495852 5.83086
66 0.573108 1.02825 1.59757
66 -1.30632 0.584131 6.19997
66 -0.923663 0.913284 0.240487
66 -0.338714 -1.11586 4.51098
66 -0.694742 -1.05131 4.78671
66 0.825355 -0.277913 3.01255
66 0.0787944 0.960426 1.20423
66 -1.12853 0.365764 6.07002
66 -1.06968 -0.163163 5.60372
66 -0.874805 0.874958 0.252023
66 0.314615 -0.913813 3.90947
66 -0.343218 0.883137 0.731339
66 -0.706607 1.10742 0.530063
66 -0.764218 -0.239553 5.41174
66 0.00124225 -1.14232 4.2357
66 -0.839703 1.12123 0.455749
66 0.291206 0.910776 1.46745
66 -1.19543 -0.631543 5.29412
66 -0.68504 1.16283 0.563243
66 -1.20348 -0.160988 5.63346
66 -0.505075 1.06652 0.651213
66 -0.944227 -0.62018 5.16779
66 -0.950438 -0.557172 5.21965
66 -0.711122 1.21021 0.582682
66 0.985542 -0.677377 3.24219
66 0.566043 -0.594188 3.48278
66 0.78435 0.0691298 2.61314
66 1.13642 -0.664745 3.18262
66 0.889863 0.0128668 2.67234
66 0.762206 0.347333 2.23624
66 0.845146 -0.656697 3.30976
66 0.1501 -0.84391 4.06886
66 0.0844382 -1.15288 4.18509
66 1.15929 -0.313899 2.93053
66 -0.0403274 1.01716 1.07098
66 1.10521 0.148453 2.53134
66 -0.0910976 0.978214 1.00467
66 0.0181706 -0.836111 4.19477
66 -0.693529 -0.556686 5.04663
66 0.814837 -1.07488 3.58739
66 -0.472989 1.31625 0.747038
66 -1.09815 0.822528 0.12266
66 -1.01041 0.731663 0.128637
66 0.495728 0.89784 1.61521
66 0.488208 -0.906416 3.74092
66 0.971266 -0.169118 2.84559
66 -0.0430381 -1.30242 4.24505
66 0.243194 -0.916275 3.9766
66 0.193108 -1.02797 4.06302
66 0.614296 -0.410612 3.24831
66 -0.460923 -1.22851 4.59133
66 -0.980477 1.05496 0.31629
66 0.817673 -0.606819 3.27631
66 -0.2629 -0.90687 4.4982
66 0.471806 0.96462 1.55926
66 -0.262193 -0.832111 4.52828
66 0.682102 0.930625 1.7314
66 -0.01819 0.921375 1.11332
66 0.766173 1.15729 1.65156
66 -0.575618 0.735785 0.40467
66 0.801288 -0.394611 3.1321
66 0.842362 0.463 2.16767
66 0.655878 0.791417 1.80767
66 -0.0385465 1.16105 1.0625
66 0.927054 -0.511998 3.15522
66 1.13992 -0.455974 3.04354
66 -0.124807 -0.94931 4.35145
66 0.263024 -1.30283 4.05528
66 0.859403 -0.753826 3.38317
66 0.995341 -0.109687 2.78808
66 -0.86902 0.0258594 5.73777
66 -1.02646 -0.131114 5.61946
66 -1.01887 -0.364134 5.40059
66 0.70323 -0.989959 3.63313
66 -0.37054 1.06893 0.759561
66 0.899217 0.86635 1.88962
66 -0.252967 1.15459 0.883808
66 0.75046 -0.618883 3.34961
66 -0.389386 -1.25981 4.53077
66 -0.640415 -1.07716 4.73116
66 0.708148 -0.573925 3.34606
66 0.0687812 1.01533 1.17691
66 -1.13704 0.936638 0.16137
66 0.0290045 1.18709 1.13278
66 0.0324189 0.894732 1.16454
66 0.11028 -1.02058 4.13713
66 0.91474 0.772973 1.94997
66 -0.731768 -0.804308 4.93746
66 0.205474 1.22272 1.25473
66 1.08126 -0.621362 3.18337
66 0.93293 -0.291318 2.98637
66 -0.495545 -0.556111 4.86739
66 0.511526 -1.14494 3.81064
66 0.815957 0.278975 2.33287
66 0.369661 0.885396 1.54014
66 1.08847 -0.417449 3.03366
66 1.12833 0.19143 2.50395
66 -0.196317 -0.716841 4.48594
66 -1.03909 -0.781119 5.14006
66 0.863657 -0.391581 3.09688
66 -0.597507 -1.18198 4.69765
66 0.810357 1.042 1.74346
66 -0.177202 0.873417 0.895984
66 -1.05221 0.473334 6.16657
66 0.644703 -0.365457 3.20227
66 -0.274819 -1.20464 4.45214
66 0.67314 -0.302901 3.10931
66 0.294462 1.26067 1.3195
66 0.691521 0.994659 1.7002
66 -0.608633 0.79494 0.429343
66 -0.914892 0.68168 0.120205
66 0.848116 0.598651 2.04905
66 -0.198315 1.17131 0.902384
66 -0.0727901 1.37836 1.01804
66 0.789107 0.226158 2.38967
66 0.150171 -1.04968 4.09545
66 0.417549 -1.00334 3.83494
66 -1.33301 0.619921 6.19647
66 -1.06437 1.02261 0.246997
66 1.04293 0.248313 2.44694
66 -0.190853 -1.07517 4.4081
66 0.748853 -0.507414 3.24888
66 -0.353124 1.00814 0.761741
66 1.28308 0.191155 2.50113
66 -0.255288 1.00787 0.856611
66 0.328178 0.794878 1.54575
66 -1.02948 -0.718309 5.16826
66 0.79746 -0.52133 3.24532
66 -0.739261 -0.33414 5.25725
66 -1.03179 0.139497 5.89385
66 1.13016 -0.160206 2.81578
66 -0.734822 -0.713537 4.96931
66 -0.171436 -1.03338 4.3912
66 0.258281 -1.10821 4.02137
66 1.01043 -0.328233 2.99844
66 0.758392 0.784665 1.87835
66 -1.02114 0.794725 0.142493
66 -0.471487 -1.00432 4.65036
66 0.296832 -1.02948 3.9425
66 -0.704984 0.65045 0.197736
66 0.840516 -0.067543 2.76318
66 0.467352 -0.551907 3.55205
66 -0.967672 -0.165218 5.57563
66 -0.462231 -0.820726 4.71017
66 0.324888 1.08988 1.41151
66 1.03194 0.483427 2.21869
66 -0.657763 -0.49785 5.06758
66 -0.999937 0.52914 6.21754
66 1.01133 -0.216267 2.88909
66 -1.16368 -0.201353 5.59674
66 0.934492 0.927693 1.86866
66 0.121104 1.11605 1.21406
66 -0.0720392 -0.738759 4.3042
66 0.399547 1.18435 1.43123
66 -0.105616 1.32696 0.99125
66 -0.748311 0.950593 0.414606
66 0.678254 0.569658 1.97251
66 -1.36008 -0.164171 5.65788
66 -1.18472 0.0582417 5.80474
66 -0.702602 1.30526 0.604101
66 1.01914 0.813901 1.98165
66 0.53951 1.18888 1.52894
66 -0.914664 0.204811 5.9454
66 -1.27029 -0.0322267 5.73992
66 1.20402 -0.284207 2.89511
66 -1.21242 0.320509 6.00464
66 0.000812783 -1.26931 4.23748
66 -0.886467 0.252216 5.99141
66 -0.68596 0.9576 0.477067
66 -0.991951 0.884538 0.202006
66 0.809194 -0.759058 3.41103
66 -1.27567 -0.465829 5.44025
66 -0.677717 -0.868634 4.85055
66 -1.11437 0.773243 0.115776
66 0.807708 0.814582 1.87739
66 -0.81677 -0.268652 5.40523
66 -0.14734 0.944233 0.932334
66 -0.771216 0.473425 6.26957
66 0.991338 0.589445 2.13315
66 0.982163 0.467149 2.20725
66 0.224099 1.0674 1.31815
66 1.30528 0.10696 2.56205
66 -1.11629 -0.288277 5.5101
66 -0.431365 1.37572 0.780572
66 0.943254 -0.00312521 2.68658
66 -0.647339 1.1171 0.573367
66 1.02735 -0.0274278 2.68903
66 1.09951 0.239107 2.45323
66 0.925585 -0.467584 3.14706
66 -1.28227 0.36195 6.03509
66 1.17716 0.160509 2.52474
66 0.807587 -0.334053 3.06505
66 -0.317866 1.34907 0.85315
66 -0.944392 0.580257 0.0228541
66 -0.370409 -0.829197 4.6146
66 -1.33339 0.31171 5.99096
66 -0.339122 -0.897896 4.54883
66 0.576977 -1.14048 3.75481
66 0.570348 -0.892162 3.66479
66 0.953558 -0.351814 3.02822
66 -0.548727 1.02429 0.607059
66 1.35281 0.13168 2.54999
66 -0.302294 1.11646 0.84361
66 -0.242205 -0.741309 4.51653
66 -0.498142 -0.776547 4.74638
66 -0.950731 1.11341 0.36187
66 0.118987 -1.31903 4.17101
66 -1.0475 -0.438517 5.3516
66 0.103758 1.05805 1.20073
66 -0.513593 -1.04684 4.67659
66 0.989501 0.226177 2.45262
66 0.984247 -0.622681 3.2234
66 -1.11411 0.492235 6.17168
66 -0.758644 0.562605 0.118179
66 -0.23854 -1.05718 4.43292
66 0.625417 1.03552 1.62709
66 -1.30871 0.412998 6.06827
66 0.905584 -0.0411934 2.72581
66 0.913548 0.150948 2.53728
66 0.190432 -0.725199 3.97943
66 0.635244 0.976962 1.66195
66 1.26441 0.0623608 2.59727
66 -0.821455 0.743399 0.190891
66 0.0200495 -1.08501 4.19871
66 0.774462 0.0171377 2.66004
66 0.228711 -0.681551 3.9199
66 0.694576 0.822478 1.79031
66 0.970854 0.748212 1.9981
66 -0.551498 -0.775598 4.79858
66 -1.22708 0.212626 5.93512
66 -0.0516255 -0.849992 4.27971
66 -0.583377 -0.493216 5.01791
66 -1.02686 0.431461 6.15374
66 -0.962248 -0.0575429 5.65791
66 0.327232 -1.06186 3.92649
66 0.769307 -0.465771 3.22388
66 -0.991297 -0.0980859 5.63211
66 0.0922462 -0.751994 4.12291
66 -1.23052 -0.346644 5.49723
66 0.191607 -0.923114 4.03147
66 1.15062 0.110752 2.56674
66 -0.71028 -1.10645 4.7758
66 1.29889 -0.37855 2.93012
66 1.08075 0.615318 2.13372
66 0.742368 0.921191 1.78211
66 1.24469 -0.0413695 2.68291
66 -0.462253 -1.11585 4.6027
66 0.190321 1.40063 1.22614
66 1.17839 0.223301 2.46504
66 1.033 -0.701482 3.2432
66 -0.579829 -0.711584 4.86181
66 1.36343 -0.0281668 2.6743
66 -0.469463 -0.86928 4.6925
66 -0.823859 1.2168 0.508412
66 0.142539 -0.786267 4.07807
66 0.981525 -0.849811 3.37149
66 0.437858 1.00124 1.54773
66 1.32685 0.0185742 2.64925
66 1.03079 0.633073 2.11756
66 1.0237 0.751621 2.0149
66 1.17219 0.377438 2.30475
66 -1.01985 -0.191506 5.57078
66 -1.16142 -0.449383 5.39478
66 -0.932637 -0.123247 5.6086
66 -0.144873 -1.31031 4.3253
66 -0.447565 1.07319 0.689134
66 -0.565727 1.08045 0.62286
66 -0.902134 -0.770424 5.07123
66 0.749125 0.287859 2.29875
66 -0.738027 -0.51666 5.12122
66 -1.35701 -0.294477 5.58082
66 0.516559 0.650315 1.81349
66 0.233016 1.2756 1.26989
66 -0.910279 0.302543 6.03953
66 -0.249818 1.21036 0.877903
66 0.9561 0.121278 2.55449
66 -0.288063 1.23959 0.875377
66 1.10197 0.658831 2.12782
66 1.23252 -0.588021 3.08072
66 -1.11882 -0.231897 5.56036
66 1.12012 -0.0882415 2.72822
66 0.209667 -1.13531 4.06313
66 -1.15635 0.299913 5.99618
66 0.888479 -0.150954 2.85896
66 -0.863517 1.06491 0.396155
66 0.982318 -0.942458 3.42157
66 -0.687656 -0.927018 4.84269
66 -0.850159 -0.305444 5.38027
66 0.387536 -1.10666 3.90229
66 0.986407 0.291679 2.3582
66 -0.87262 -0.670968 5.10856
66 0.489251 1.14386 1.51922
66 0.921564 1.02111 1.82239
66 0.359969 1.22141 1.39684
66 -1.2534 -0.394626 5.47283
66 0.69866 -0.511812 3.28874
66 -0.264529 1.2933 0.872258
66 0.63571 -0.768805 3.53706
66 0.97026 -0.0640581 2.7423
66 0.915439 -0.398686 3.06901
66 -0.995395 -0.451589 5.32452
66 -0.444789 -0.723595 4.71517
66 0.313495 1.16139 1.37007
66 -0.691213 -0.98353 4.83387
66 -1.06616 -0.390311 5.39885
66 0.0573683 1.14359 1.14861
66 0.608576 -1.18837 3.74557
66 0.483594 -0.954694 3.75065
66 0.909202 -0.760937 3.3606
66 -1.21298 -0.0471017 5.71717
66 0.855263 -0.808013 3.42395
66 1.16275 -0.560341 3.09045
66 -0.872851 1.00186 0.355357
66 1.03592 -0.410794 3.03758
66 0.885794 0.359915 2.26097
66 1.07318 -0.0384183 2.69925
66 0.78002 -0.663301 3.37881
66 0.583648 1.09842 1.57668
66 -0.978167 0.482714 6.19733
66 -0.305347 1.18312 0.856386
66 1.02635 -0.151718 2.8141
66 0.885179 -0.849437 3.42973
66 -0.0907048 -1.18256 4.28778
66 0.724989 -0.885703 3.53827
66 -1.14764 0.127264 5.88447
66 1.28443 -0.19925 2.79202
66 -1.01431 0.659857 0.0689559
66 0.618885 -1.02428 3.6789
66 0.824975 -0.951188 3.50148
66 0.917367 -0.203567 2.90731
66 0.0571938 1.42794 1.12051
66 1.05057 0.89675 1.92299
66 0.486041 1.03794 1.5504
66 -0.170209 1.09717 0.913187
66 1.03715 -0.751212 3.27049
66 -1.19937 0.126892 5.88611
66 -0.3871 -0.777186 4.64084
66 -0.916044 -0.952109 4.97665
66 -0.268422 1.36899 0.880262
66 1.04648 0.567924 2.15136
66 1.17118 -0.118889 2.7604
66 0.813083 -0.836116 3.46701
66 -1.22993 0.376646 6.04775
66 -0.643474 -0.836541 4.85176
66 0.0920653 -0.816875 4.13536
66 -0.632165 0.932099 0.510848
66 -1.06446 -0.547272 5.29524
66 1.22775 -0.155917 2.78707
66 1.02492 -0.584689 3.17767
66 0.26079 -0.866405 3.94577
66 0.939552 -0.124346 2.81197
66 -0.640764 -0.904278 4.82219
66 0.730964 0.404787 2.18124
66 -1.09072 -0.729195 5.17451
66 0.756967 -0.368663 3.12934
66 0.877418 0.820524 1.91146
66 -0.634635 1.06936 0.557211
66 -0.688219 -0.60956 5.03087
66 -1.07281 -0.0398073 5.70549
66 0.67038 1.06193 1.63482
66 -1.18543 0.635107 6.25325
66 -0.830964 0.265912 6.01666
66 -1.29304 0.499267 6.14075
66 0.570934 -1.03605 3.72165
66 0.478011 1.09635 1.52397
66 -0.192568 1.00335 0.897224
66 -0.526268 -0.832866 4.75222
66 0.571129 1.25045 1.52395
66 0.069456 -1.31819 4.16802
66 -0.271055 -0.971878 4.49012
66 -0.889017 -0.096643 5.62553
66 -0.826129 -0.14392 5.5342
66 -0.511397 -1.20485 4.61839
66 -1.13655 -0.127927 5.63356
66 0.433728 -0.894007 3.77046
66 0.423343 1.24305 1.42962
66 0.500673 0.779351 1.67409
66 1.18157 -0.231647 2.83839
66 0.88435 -1.01649 3.49487
66 -0.875775 -0.498438 5.20987
66 -0.786507 -0.955651 4.88675
66 0.295485 1.31389 1.30823
66 -0.409136 -0.908 4.62103
66 1.09948 -0.727444 3.23278
66 0.334354 -1.1083 3.92766
66 0.0148503 1.04074 1.13168
66 -1.33912 0.140623 5.876
66 1.25154 -0.337779 2.92026
66 0.278302 -0.948673 3.94589
66 0.703114 -1.09915 3.66984
66 -1.05168 0.528918 6.21174
66 -0.862874 0.768012 0.187139
66 -0.0918395 1.05458 1.01101
66 0.343176 0.94528 1.47614
66 -0.0877615 1.26494 1.00947
66 0.402119 -1.2089 3.9116
66 0.678902 -0.411324 3.22274
66 0.827564 -0.559711 3.25549
66 -1.40487 0.341707 5.99685
66 0.199555 0.904334 1.33794
66 1.34421 0.190081 2.5075
66 -0.898504 0.80606 0.190387
66 1.08276 -0.135935 2.80169
66 0.721256 -1.04101 3.63458
66 0.737021 -0.423712 3.1975
66 0.0189367 1.38155 1.10162
66 -0.926201 0.426578 6.16087
66 0.349098 -1.16151 3.93834
66 1.12511 0.289528 2.41402
66 -0.579918 -1.04223 4.70292
66 0.0522883 -1.17966 4.17036
66 -0.370425 1.33869 0.82634
66 0.811131 -0.710083 3.39297
66 1.0232 -0.803383 3.30807
66 -0.805266 1.0489 0.436639
66 -0.932321 -0.214152 5.49356
66 0.641062 1.15913 1.59353
66 0.825489 0.871354 1.85059
66 -0.372778 0.943575 0.715113
66 -0.517811 0.879118 0.5572
66 -0.10156 1.12161 1.00304
66 0.154414 -1.17645 4.10575
66 0.359684 1.1361 1.41511
66 0.556295 0.818711 1.70812
66 -1.16755 0.87825 0.130636
66 -0.628293 1.02227 0.544916
66 -0.393783 -1.0528 4.57324
66 0.376194 -1.05149 3.89857
66 -1.25656 0.714623 6.28107
66 -0.425879 1.0276 0.690013
66 0.618656 -0.586555 3.44192
66 -1.11851 -0.552181 5.30807
66 -0.81416 -0.418304 5.24805
66 0.293323 0.970113 1.43738
66 0.896054 -0.0881271 2.77123
66 0.0472419 -0.710031 4.16821
66 0.200537 -1.19933 4.0715
66 -0.23615 -0.671845 4.52719
66 -0.947155 0.102718 5.84762
66 -0.934842 0.517375 6.23709
66 -0.748605 -1.02371 4.85163
66 0.0570637 1.28999 1.13541
66 -0.46716 0.965995 0.655764
66 0.744457 1.03593 1.70991
66 1.25952 -0.280084 2.87999
66 1.0818 -0.799851 3.27033
66 -0.151711 1.36246 0.961333
66 -1.06501 -0.240908 5.5274
66 -0.73655 -0.599355 5.0564
66 0.411456 -0.781691 3.74484
66 0.196588 -0.868427 4.01731
66 0.506973 -1.23157 3.83829
66 -0.859523 -1.0052 4.90575
66 -0.0339226 1.32854 1.07141
66 1.2268 0.584012 2.18197
66 0.947462 0.555717 2.13762
66 -1.31136 -0.339465 5.54165
66 0.934155 0.215549 2.44944
66 0.64242 -0.957202 3.6546
66 0.222808 1.33432 1.25316
66 -0.896515 -0.560577 5.18158
66 0.362135 -0.998454 3.88214
66 -1.21018 0.844124 0.121056
66 -0.969381 0.149485 5.88586
66 -0.844528 -0.535737 5.17913
66 0.0922506 1.36327 1.16404
66 1.31734 -0.330713 2.90488
66 0.656195 -1.00436 3.66818
66 -0.768365 1.23744 0.533903
66 -0.138474 1.1602 0.966762
66 -1.05241 0.186616 5.91109
66 0.128841 1.41739 1.18122
66 -0.824601 0.581924 0.0949474
66 1.14817 0.528139 2.2047
66 0.530112 0.943136 1.61275
66 -0.591985 -0.913785 4.75974
66 0.956302 0.69167 2.02334
66 0.863946 0.303488 2.32036
66 -0.206965 1.28973 0.912279
66 0.232665 1.0008 1.34271
66 0.336811 -1.27345 3.9602
66 0.696036 0.367247 2.19538
66 -1.375 0.108415 5.87838
66 -1.16848 0.559501 6.19672
66 1.07935 0.0249753 2.65206
66 -0.837181 0.844829 0.257354
66 -1.16668 0.176592 5.91107
66 -0.101079 -0.840383 4.32571
66 1.29714 -0.154683 2.77994
66 0.167228 0.863912 1.33136
66 0.106465 -1.08989 4.15717
66 1.01286 -0.537706 3.14684
66 0.378732 -0.598971 3.68218
66 0.927164 -0.812288 3.36812
66 0.663129 -0.91046 3.62356
66 -0.170311 -0.919238 4.39558
66 1.10766 0.567445 2.17124
66 0.735672 -1.13299 3.66619
66 -1.24286 0.0872043 5.84555
66 0.931029 0.0644045 2.60694
66 -0.64842 -0.791859 4.85555
66 0.374447 0.995902 1.48408
66 0.869545 -0.902885 3.45975
66 -0.252736 1.43498 0.895164
66 -1.17046 0.501713 6.17277
66 -0.871131 0.415239 6.17779
66 0.99685 0.890581 1.90832
66 0.622525 0.911902 1.7001
66 -0.913448 0.747177 0.160644
66 1.07344 -0.237005 2.88704
66 0.827862 -1.01032 3.53229
66 1.18314 -0.184269 2.82341
66 -0.932449 0.996456 0.305844
66 1.15212 0.6425 2.13387
66 -0.63497 -0.641843 4.94657
66 0.310507 -0.846456 3.88172
66 0.888945 0.101764 2.56802
66 0.379256 0.82373 1.57018
66 0.0626164 -1.05627 4.17444
66 -0.17638 -0.97807 4.39486
66 0.830411 1.11892 1.71286
66 0.645586 -1.12214 3.70145
66 -1.18588 -0.383847 5.46303
66 0.987835 0.066952 2.60452
66 1.12514 0.480677 2.23132
66 -1.17546 0.754616 0.0862098
66 -0.286085 -1.28986 4.45233
66 -1.06363 -0.0949704 5.64944
66 0.579713 -0.840054 3.64667
66 1.17014 0.270098 2.44034
66 1.35455 0.0663797 2.59576
66 0.429503 0.900802 1.56556
66 0.00133554 -1.32744 4.23831
66 0.540382 -0.757821 3.63211
66 -0.767466 -0.655206 5.05981
66 1.05209 0.198675 2.48233
66 0.798845 0.492773 2.14065
66 -0.454071 0.833014 0.584825
66 0.0752451 -0.862215 4.15414
66 -1.13306 0.0441613 5.79442
66 -0.941167 -0.356286 5.36201
66 1.17878 0.003511 2.67223
66 1.22802 0.364728 2.34009
66 1.07179 0.788488 2.00542
66 -1.28135 0.668883 6.25185
66 0.171915 1.16668 1.2497
66 1.33981 -0.223615 2.81127
66 -0.318004 -0.997767 4.52226
66 1.12286 -0.519563 3.07633
66 -0.680135 0.813322 0.368785
66 -0.883762 -0.615972 5.1408
66 -1.3501 0.371944 6.03671
66 -1.38639 0.428346 6.0803
66 -0.155837 -0.814757 4.39263
66 -0.14592 1.4316 0.985448
66 0.968419 -0.787587 3.34162
66 0.792875 0.623072 1.99272
66 -0.866292 0.938104 0.309682
66 0.885162 -0.276574 2.98939
66 1.26184 -0.521819 3.03796
66 -1.20789 -0.228887 5.5941
66 -0.958989 0.229875 5.95232
66 -0.455709 1.18294 0.698246
66 1.07404 0.0965069 2.56835
66 -1.18494 -0.516505 5.34629
66 1.2318 0.00563551 2.67669
66 -0.836926 0.451171 6.20907
66 1.18057 -0.0491974 2.69436
66 1.19772 0.463705 2.25816
66 0.868093 0.210886 2.44932
66 0.758371 -0.712059 3.41652
66 1.03562 -0.639357 3.19923
66 1.00261 -0.373559 3.02084
66 -0.961945 0.708294 0.126397
66 0.956924 -0.576597 3.20665
66 0.634587 -0.825487 3.58847
66 0.373551 -0.949376 3.85129
66 -1.03766 0.370958 6.0847
66 0.46078 -1.02486 3.8159
66 -0.604031 1.20583 0.620074
66 0.811385 0.966871 1.78938
66 1.07665 -0.296671 2.94183
66 0.969035 0.361463 2.28142
66 0.986858 -0.454386 3.08221
66 -0.302272 0.924307 0.779639
66 0.434025 1.061 1.51646
66 -0.821458 -0.895872 4.93283
66 0.308105 -0.983016 3.9403
66 1.2977 0.41648 2.30668
66 0.225314 -0.819923 3.96832
66 0.352268 -0.861639 3.85609
66 -0.884482 -0.249326 5.44743
66 0.765822 -0.568445 3.29338
66 -0.208027 -0.795045 4.46635
66 1.12662 0.00579603 2.67538
66 0.12555 -0.706769 4.07643
66 0.790529 -0.176411 2.91705
66 -0.53141 0.941243 0.563464
66 -1.24801 -0.0896185 5.68996
66 0.858401 -0.329375 3.03817
66 -0.96684 -0.899192 5.03262
66 1.2385 -0.221249 2.82594
66 -1.16257 -0.33043 5.49403
66 0.846024 0.157747 2.52451
66 -0.210841 1.34239 0.920475
66 0.498743 0.713529 1.74182
66 0.974701 -0.512425 3.14651
66 1.2879 0.355404 2.35693
66 1.32683 0.295799 2.43725
66 0.608741 -0.720826 3.52245
66 -0.402089 1.12101 0.745488
66 -0.987322 0.352236 6.0762
66 0.867625 -0.598823 3.26372
66 0.776238 -0.87179 3.4897
66 1.13318 -0.600424 3.13182
66 -0.69427 -0.668657 4.97737
66 -0.990707 -0.52129 5.27252
66 -0.943359 -0.492369 5.27048
66 -0.294136 -1.04209 4.50042
66 -1.05924 0.704834 0.0945329
66 -0.415227 1.30048 0.777955
66 1.21701 0.634712 2.16651
66 0.21534 -0.771872 3.96908
66 -0.791278 0.407391 6.19951
66 0.274937 1.0496 1.36908
66 -0.0910756 -0.902163 4.31153
66 0.467769 -0.857421 3.73418
66 0.00822419 -0.999215 4.20701
66 -1.013 0.257069 5.97589
66 0.844279 -0.183561 2.90927
66 -0.118201 -1.11801 4.30931
66 0.202087 0.954724 1.32932
66 -0.968556 0.300967 6.03629
66 0.849422 1.00722 1.78039
66 0.420031 1.12726 1.47445
66 -1.25277 -0.160633 5.63222
66 -0.200245 -1.21639 4.39144
66 -0.467885 0.775645 0.567701
66 1.02638 0.328126 2.33584
66 -0.154548 -0.871159 4.39147
66 -0.226619 -1.00479 4.43467
66 -0.63855 -1.01704 4.75773
66 0.788749 0.561096 2.05242
66 -0.836008 -0.832528 4.99121
66 -1.08565 -0.473896 5.33716
66 -0.609108 -0.975073 4.7476
66 -1.10149 0.309334 6.01146
66 -0.858406 -0.935308 4.94624
66 -1.35807 0.213247 5.93244
66 1.04829 -0.0914535 2.76092
66 -1.20583 0.0136252 5.78225
66 0.424905 0.749272 1.62102
66 -0.0524826 1.09442 1.04651
66 0.406884 -1.15799 3.89827
66 0.435394 -1.06899 3.83908
66 -1.25652 -0.224189 5.60126
66 0.664786 -1.063 3.67623
66 0.105915 1.24461 1.19024
66 -0.639196 0.68472 0.29063
66 -0.0698804 -1.13613 4.27509
66 -0.865625 -0.430269 5.27234
66 1.1603 0.42853 2.26923
66 -0.680991 1.00834 0.504531
66 1.0549 0.444759 2.23511
66 1.0742 0.72253 2.04426
66 0.861211 0.702926 1.96742
66 -0.644039 -0.551656 5.03547
66 1.19172 -0.63039 3.12802
66 -0.0190604 -1.04116 4.24731
66 0.906878 0.268917 2.36571
66 -0.221727 1.11522 0.88443
66 0.445057 -1.24872 3.89749
66 1.13396 0.72102 2.07869
66 0.662125 0.515656 2.01692
66 0.831008 0.11079 2.556
66 0.377651 -0.90251 3.83992
66 -0.48593 1.37725 0.761303
66 0.881633 -0.954239 3.47227
66 0.682655 0.632216 1.94367
66 -0.548895 -1.0004 4.70376
66 0.714353 -0.342293 3.12511
66 0.661345 0.862368 1.76981
66 -1.01661 0.946416 0.235672
66 -1.12984 0.599248 6.23371
66 -0.865493 0.698999 0.151115
66 0.900007 0.465763 2.1779
66 0.989486 -0.00128831 2.68218
66 0.720931 -0.673747 3.42685
66 0.142163 -0.96557 4.10306
66 0.768333 -0.993993 3.57353
66 0.506905 1.23393 1.50389
66 0.675717 -0.618175 3.42592
66 -0.644361 1.22605 0.614695
66 0.730632 0.588112 1.97741
66 -1.07407 0.960164 0.220045
66 0.904595 0.58648 2.09863
66 -0.72717 -0.860074 4.90162
66 -1.06134 0.882491 0.158183
66 -0.574748 0.887869 0.536802
66 0.239296 -1.25659 4.06521
66 -1.21125 0.441095 6.11252
66 0.96432 -0.410256 3.0587
66 1.05895 -0.509552 3.09386
66 0.867987 -0.228263 2.94253
66 -0.318302 -1.2511 4.46524
66 0.00216204 1.11568 1.11212
66 -0.299573 -1.15009 4.47863
66 0.0539833 -1.0092 4.18091
66 -0.693377 -0.443916 5.13975
66 0.263527 0.825975 1.47416
66 0.739627 -0.762887 3.47231
66 -1.40283 -0.0146164 5.78461
66 0.339925 -1.21397 3.95603
66 0.94315 0.498744 2.16998
66 -0.994076 -0.316988 5.43192
66 1.27029 -0.108072 2.73621
66 -0.80933 -0.212132 5.43413
66 -0.209451 1.05301 0.890043
66 -1.06594 -0.673652 5.20123
66 -0.455943 -1.05598 4.6205
66 -0.0612837 -1.00151 4.27211
66 -1.06487 0.581263 6.24159
66 1.2684 0.27859 2.44977
66 0.428677 -0.952141 3.81028
66 1.26122 -0.426125 3.00218
66 -0.834935 -0.597725 5.12382
66 -0.379468 -1.14822 4.53384
66 -0.583925 -0.622193 4.90665
66 -0.905589 -0.391966 5.3249
66 -0.099986 -1.29436 4.31414
66 1.20918 -0.537083 3.06359
66 -0.504 1.13088 0.672384
66 0.690516 -0.461094 3.25129
66 -0.149267 1.22243 0.94943
66 0.629201 1.259 1.55471
66 0.921288 -0.891025 3.42462
66 1.18429 0.699537 2.10314
66 -0.549656 -1.08452 4.69718
66 1.06919 0.384016 2.2822
66 0.879442 -0.457523 3.15375
66 0.793764 0.919569 1.79944
66 0.714767 0.74836 1.87912
66 -0.209183 -0.867092 4.43983
66 0.765101 -0.293526 3.04782
66 -1.06577 0.258975 5.97985
66 0.745251 0.98324 1.72999
66 -1.30467 -0.163479 5.64591
66 0.108147 -1.20635 4.1594
66 0.447025 0.801428 1.62266
66 0.764929 0.851916 1.82509
66 1.21797 -0.0877342 2.71715
66 -0.779979 0.616105 0.130481
66 -0.348981 -0.641766 4.67558
66 1.1056 0.429928 2.25623
66 -1.35373 0.0431976 5.82133
66 -1.09496 0.150378 5.89853
66 0.818549 -0.12129 2.84231
66 -1.15371 -0.690573 5.24309
66 0.0368508 -0.950352 4.19327
66 -0.884974 -0.842644 5.01154
66 -0.557311 -0.943862 4.73545
66 0.906137 -0.3393 3.0277
66 -0.735053 0.849057 0.342624
66 0.133881 0.958779 1.25484
66 -1.01594 -0.257617 5.49321
66 1.12601 -0.274443 2.91946
66 0.575566 -0.980058 3.69574
66 -1.40572 0.177273 5.90476
66 0.491391 -0.608118 3.57523
66 -1.08604 0.389234 6.09262
66 -1.11034 0.88465 0.155143
66 0.502979 0.845604 1.63995
66 1.31681 -0.275125 2.86108
66 -1.19592 0.693966 0.0158736
66 -0.500467 1.20757 0.694656
66 0.741099 -0.14853 2.91023
66 0.59931 -0.934744 3.66655
66 -0.793615 -0.366406 5.26244
66 -1.10552 0.201696 5.92645
66 -0.747896 0.792118 0.293005
66 -0.695108 -0.363841 5.22815
66 0.763902 0.445345 2.16108
66 -0.867897 -0.350305 5.34734
66 1.12606 -0.0422274 2.69778
66 -0.965425 0.942841 0.239463
66 -1.11711 -0.17026 5.61277
66 0.468498 1.19064 1.5004
66 1.35648 -0.0945352 2.71265
66 0.523198 0.999702 1.58265
66 -1.3925 0.292283 5.98957
66 0.189201 -1.08556 4.07656
66 -1.21878 -0.450692 5.42207
66 0.545596 1.30809 1.48964
66 -0.751679 -0.401242 5.23066
66 -0.316101 1.41824 0.865052
66 1.2137 -0.407995 2.99861
66 0.412797 1.35181 1.38059
66 0.65186 -0.540003 3.36345
66 0.362124 1.2839 1.36899
66 -0.626998 -0.705054 4.89142
66 -0.924806 -0.295581 5.42973
66 -1.17638 0.37683 6.06341
66 -0.451382 -0.601926 4.80702
66 0.680955 0.454137 2.1072
66 1.20898 0.308558 2.40696
66 1.08566 -0.676232 3.20171
66 0.935757 0.315969 2.32611
66 -0.20471 0.956257 0.899116
66 -0.964199 -0.261451 5.4639
66 0.0880557 0.898472 1.20854
66 0.548551 1.13441 1.55248
66 0.869417 0.907857 1.86584
66 0.434249 1.30001 1.41689
66 -0.374371 1.19186 0.790119
66 1.06874 -0.186445 2.83783
66 1.28881 -0.0147225 2.67779
66 0.243272 -1.17919 4.05329
66 -0.0895695 1.19799 1.0153
66 -0.0966146 1.43102 0.989728
66 0.285149 1.2119 1.32575
66 1.19868 -0.350026 2.94706
66 0.725879 -0.207526 2.97479
66 0.52364 -1.03805 3.74673
66 -0.337123 -1.19593 4.49728
66 -1.30632 -0.41272 5.46654
66 -0.257908 1.07573 0.873069
66 0.941912 -0.637168 3.23711
66 0.84805 0.0427587 2.64175
66 0.5375 1.06863 1.57359
66 -1.40461 -0.128992 5.67503
66 -1.06222 0.765047 0.124284
66 -0.928094 -0.666268 5.13898
66 -0.552673 1.13268 0.640809
66 -1.12863 -0.50179 5.33395
66 -0.935757 0.0207334 5.74693
66 0.90799 0.717548 1.97905
66 -1.19969 -0.574638 5.32294
66 1.01828 0.395734 2.26611
66 -0.345558 -0.709861 4.62681
66 -0.711813 1.05352 0.500778
66 -1.05988 -0.307564 5.47164
66 0.821129 0.356345 2.24291
66 0.35215 -0.715923 3.77558
66 0.524763 -0.551366 3.49971
66 -0.277384 0.863921 0.793262
66 1.10657 -0.339544 2.9751
66 -1.01365 1.00082 0.241422
66 -1.26891 0.244394 5.94865
66 -0.379678 1.40493 0.820043
66 -0.0632712 -0.951245 4.27491
66 0.452262 -1.12732 3.85025
66 -0.207911 -1.29385 4.39537
66 -0.714476 -0.761071 4.94437
66 -0.874082 -0.189161 5.49317
66 1.26328 0.538464 2.22119
66 -1.00128 0.199596 5.93459
66 0.548413 -1.19663 3.79852
66 -0.546466 -0.667517 4.84883
66 -0.0308182 -1.17918 4.25081
66 -1.11451 -0.645554 5.24809
66 0.739934 0.498617 2.10932
66 0.466004 -0.807326 3.70231
66 -1.12131 0.71518 0.0718126
66 -1.30663 0.0838853 5.85294
66 -1.12695 -0.406337 5.41734
66 0.0795217 -1.26531 4.17119
66 -0.214935 0.907254 0.890423
66 0.774857 -0.801807 3.47668
66 -0.989936 0.022393 5.75197
66 -0.859798 -0.729203 5.06026
66 1.21186 0.108029 2.56603
66 -0.201192 -1.11785 4.39902
66 -1.41658 0.239244 5.94752
66 -0.769458 1.09005 0.484898
66 -0.406196 -0.640538 4.7272
66 -0.839325 0.189886 5.93229
66 0.429128 -0.677818 3.68147
66 -0.0181386 1.27039 1.07618
66 -0.275882 -0.775706 4.53523
66 0.55775 0.896846 1.64477
66 1.28717 -0.469406 3.01179
66 0.895168 0.52568 2.14551
66 0.168131 1.06591 1.27535
66 0.854388 0.775847 1.92467
66 -0.884317 1.16181 0.446256
66 -0.706933 0.5653 0.147953
66 -0.881599 0.561432 0.042519
66 0.0485722 -1.22761 4.1811
66 -0.911142 -0.888017 5.00919
66 -1.35739 0.521656 6.13178
66 0.957411 -0.23261 2.92096
66 -0.63981 1.30983 0.6178
66 1.13387 0.782091 2.03504
66 0.872351 -0.527307 3.20546
66 0.167535 1.00982 1.28749
66 0.156689 1.34859 1.20328
66 -0.50321 0.822 0.570138
66 0.71661 -0.262707 3.04159
66 -0.505209 -0.964719 4.6854
66 -1.29959 -0.103969 5.67571
66 0.656579 -0.712059 3.49009
66 -0.818548 -0.667549 5.0686
66 0.6322 0.611146 1.9301
66 0.589092 0.772812 1.77599
66 -0.990174 -0.823141 5.08861
66 -1.1219 -0.00750168 5.73832
66 -0.393808 -1.20646 4.53578
66 -1.0982 -0.780218 5.16814
66 -0.53079 1.25676 0.681531
66 -0.458644 1.12863 0.684921
66 0.639855 0.687048 1.86612
66 0.427129 -0.623006 3.66304
66 1.12178 0.360923 2.31438
66 0.696916 1.14911 1.61352
66 0.603473 0.549185 1.94697
66 -1.26262 0.0360602 5.80723
66 -1.42788 0.124017 5.88101
66 0.32969 1.02539 1.44092
66 0.0311017 -0.892506 4.18755
66 0.572802 -0.792366 3.63709
66 -0.601644 -1.10794 4.71038
66 -0.8378 -0.0710648 5.63985
66 0.0445772 -0.786713 4.17509
66 0.929517 -0.974682 3.462
66 0.622314 -0.637885 3.46969
66 -0.135585 -1.24642 4.32271
66 -0.594494 0.990062 0.551493
66 -1.17913 -0.280225 5.53218
66 -0.685105 1.25897 0.605678
66 0.488802 -1.08618 3.80963
66 -1.07012 0.639545 0.0192546
66 -1.10456 0.0933336 5.84528
66 0.720707 1.21087 1.59773
66 1.19118 0.0616718 2.60159
66 -0.405601 -0.859297 4.63039
66 1.23302 0.243214 2.45663
66 -0.784763 -0.60485 5.08235
66 1.30945 -0.066731 2.69955
66 0.551002 -0.485975 3.40818
66 1.20409 0.517461 2.2268
66 0.356637 -0.794539 3.81473
66 -0.454097 -0.937981 4.65658
66 -0.201847 1.2365 0.914604
66 0.54963 -1.09297 3.7532
66 -1.20871 0.272057 5.98253
66 -1.01536 -0.0264292 5.71437
66 -0.578635 0.943544 0.551982
66 -1.0142 -0.645617 5.19989
66 0.717334 -0.937827 3.57795
66 0.963229 0.639096 2.07103
66 1.31625 0.241261 2.46633
66 0.736731 0.643679 1.95258
66 -1.03475 -0.507085 5.29361
66 1.09253 -0.469125 3.05614
66 -0.82189 0.519193 0.0228013
66 0.496862 1.28897 1.48805
66 0.69547 -0.738252 3.4878
66 -0.750493 -0.466497 5.16113
66 -0.558962 -1.14656 4.68331
66 0.769707 -1.05914 3.60215
66 0.042423 1.23558 1.13312
66 -0.541976 1.31301 0.677937
66 0.0946343 -0.967844 4.13999
66 -1.34763 -0.0448488 5.73913
66 0.634122 1.10677 1.60055
66 0.242274 -0.997982 4.00503
66 -1.1287 0.659687 0.0121848
66 -0.321929 -0.943506 4.54288
66 0.967119 -0.900293 3.4234
66 0.970116 0.418696 2.24358
66 -0.312448 -0.82136 4.54981
66 0.98606 0.168792 2.51759
66 0.539766 -0.93451 3.7018
66 -0.0135625 -0.946026 4.23055
66 -0.579622 1.35085 0.670809
66 0.641145 0.745306 1.81651
66 0.286404 -0.800133 3.88583
66 0.671578 -0.66763 3.45674
66 -0.801232 -0.717339 5.03754
66 0.689316 -0.789522 3.50684
66 -0.355174 1.25547 0.819838
66 -1.15994 0.813041 0.114284
66 -1.05709 0.0703836 5.81368
66 0.898266 -0.637314 3.26172
66 0.588547 -0.674467 3.52194
66 -0.895999 0.0791484 5.81116
66 -1.27065 0.308076 6.00388
66 -0.417367 0.973146 0.679907
66 -1.24386 -0.536655 5.35568
66 0.804355 0.408257 2.19848
66 -0.897689 0.628766 0.104101
66 -0.813852 -0.47755 5.2014
66 -0.0778152 -1.23626 4.28912
66 -0.808505 0.680492 0.17557
66 0.596988 1.18895 1.56037
66 -0.063884 -1.0572 4.26895
66 0.375035 -0.655457 3.70468
66 -0.295222 0.977044 0.813475
66 0.293662 -1.15251 3.98602
66 0.066279 -1.1126 4.16125
66 -0.409242 0.883118 0.66351
66 1.26948 0.483104 2.24779
66 -0.0240156 -0.89217 4.24234
66 -0.931594 0.861617 0.222184
66 0.460101 -0.722426 3.68333
66 1.01718 0.694878 2.03807
66 -0.00181388 -0.76537 4.22028
66 -0.711849 0.742437 0.280338
66 -0.632123 -0.438715 5.09744
66 -1.17176 0.225069 5.93664
66 -0.463614 1.25436 0.728754
66 -0.0919386 0.907405 1.00112
66 0.955157 0.864143 1.91148
66 0.190958 -1.25091 4.07795
66 -0.778864 -0.773954 4.97464
66 1.21952 -0.468819 3.02616
66 -0.420031 -0.990118 4.60915
66 -1.02804 0.84229 0.161203
66 0.301686 0.864327 1.4779
66 -0.446518 -0.770529 4.71736
66 0.192101 -1.31029 4.09357
66 0.375 0.749525 1.60315
66 0.838098 -0.483773 3.1822
66 -0.801118 1.16755 0.50032
66 0.580502 0.966789 1.62729
66 -1.12304 0.249906 5.95766
66 0.875181 -0.700722 3.33198
66 -1.24297 -0.297445 5.53702
66 0.381977 1.06452 1.47204
66 0.904051 0.64194 2.04933
66 -0.0176545 -1.2241 4.24178
66 -0.411736 -0.693036 4.71519
66 0.688549 -0.845448 3.5367
66 1.03077 -0.274419 2.9411
66 0.834146 0.661499 1.98385
66 -0.804582 0.93086 0.362348
66 -0.733247 -0.956628 4.85712
66 -0.971599 -0.764075 5.10287
66 -0.777072 -0.843777 4.92713
66 -1.37489 -0.225065 5.61914
66 0.293109 1.37194 1.28611
66 -0.843915 0.115111 5.85318
66 0.669937 1.21378 1.59765
66 -1.28498 0.142294 5.89324
66 1.17485 -0.490728 3.04255
66 -0.608135 -0.763591 4.85746
66 0.822062 0.740525 1.93296
66 -0.0198739 -0.70765 4.24283
66 0.0476713 1.08646 1.14384
66 -0.975315 0.431546 6.16756
66 0.538831 -0.653178 3.56917
66 -0.127056 -0.710716 4.37576
66 -0.521718 -0.7133 4.82483
66 0.129866 -0.900779 4.11325
66 0.257183 1.12011 1.32489
66 0.608909 -1.08454 3.70828
66 0.133061 -1.25789 4.14831
66 0.492365 -0.666608 3.60539
66 0.775874 0.136528 2.53979
66 0.96671 0.985724 1.8624
66 1.1237 0.0687567 2.59827
66 -0.12333 -1.0067 4.34674
66 0.865757 0.413048 2.21406
66 0.718361 0.8716 1.79311
66 1.35351 -0.159557 2.76569
66 -0.869164 0.358645 6.12517
66 -1.00377 0.594696 0.00574484
66 0.980619 -0.282682 2.9635
66 -1.22507 0.509604 6.17455
66 -0.526574 -0.602392 4.86775
66 -0.0148075 1.42972 1.08038
66 0.87892 1.07057 1.76464
66 -1.10402 -0.352977 5.44152
66 -0.746959 0.673209 0.196583
66 -0.79476 -1.05912 4.87257
66 -1.05958 0.0154627 5.75241
66 -0.809366 -1.00144 4.89283
66 0.953506 0.813723 1.93351
66 -0.772929 0.721799 0.20089
66 -0.417906 -1.09895 4.59475
66 0.409177 -0.837072 3.7716
66 -0.814536 0.987266 0.383639
66 -0.589191 -0.829494 4.80936
66 -0.334961 -0.762441 4.6008
66 -0.644704 0.862405 0.441715
66 0.246681 1.17365 1.31469
66 -0.80001 0.812046 0.267191
66 -0.443042 -1.17036 4.58453
66 0.407842 -0.728582 3.71371
66 -0.0480291 -0.796845 4.2701
66 0.626688 -0.471037 3.30938
66 -0.457398 0.910982 0.637732
66 0.927153 -0.701439 3.30056
66 -1.32481 0.260238 5.9661
66 -0.150356 -1.19307 4.35808
66 0.19135 1.12199 1.2705
66 -0.969049 0.765272 0.144011
66 0.520009 -0.811647 3.66919
66 1.12876 -0.381206 2.9979
66 0.533746 -0.71263 3.60865
66 -0.492587 1.01077 0.645348
66 0.530705 -0.86119 3.67205
66 -0.557824 1.18925 0.635079
66 -0.494295 -0.651225 4.8339
66 -1.11193 0.542259 6.19859
66 1.12445 -0.771688 3.25572
66 -0.317437 1.29181 0.85298
66 1.05924 -0.361738 3.00587
66 -0.302343 -0.871904 4.54424
66 0.00661725 0.974797 1.12398
66 -0.220922 -0.939656 4.44185
66 0.020402 1.32748 1.10131
66 0.769079 0.683862 1.93689
66 0.481274 -0.76318 3.68247
66 0.66616 -1.16854 3.71053
66 1.16625 -0.409357 3.00374
66 0.117191 1.30516 1.18624
66 -0.592877 1.27118 0.642351
66 0.148304 1.21824 1.21632
66 0.622123 -0.880625 3.63822
66 1.00631 0.95032 1.8827
66 -1.3141 0.00173131 5.77523
66 -0.310811 1.05272 0.818735
66 -0.500708 -0.907748 4.69411
66 -0.24064 -1.15964 4.4316
66 -0.76591 -0.901552 4.90769
66 1.03335 0.038481 2.64334
66 -0.506638 -1.14072 4.64128
66 -1.18866 -0.115619 5.64128
66 0.82298 -0.0186843 2.71256
66 -0.672641 0.608321 0.18496
66 0.283528 -1.22529 4.01994
66 0.910065 -0.567184 3.21414
66 -1.31328 -0.226862 5.59767
66 -1.35885 -0.100329 5.6805
66 -1.00276 0.0835301 5.82666
66 -0.124524 -0.772401 4.36479
66 0.153539 -1.12388 4.09764
66 -0.553529 -0.876985 4.75348
66 -1.21891 0.565216 6.18344
66 -0.917232 1.06576 0.361647
66 -0.979008 -0.69762 5.14302
66 -1.23779 0.157859 5.89107
66 0.433125 0.85246 1.58899
66 -0.607654 1.14688 0.608508
66 0.772107 -0.935685 3.53579
66 -0.774517 0.886547 0.348327
66 -0.379883 -0.947814 4.58998
66 1.22908 0.177749 2.51672
66 -0.891917 0.483715 6.22355
66 -0.355501 1.14118 0.789848
66 0.823552 -0.889612 3.47457
66 -1.13911 -0.598542 5.28699
66 -1.27003 0.553183 6.18483
66 0.301545 -0.664731 3.82035
66 -0.0366836 1.21984 1.0576
66 -0.2892 -0.693265 4.57206
66 0.973346 -0.733142 3.29279
66 -0.757148 1.14472 0.499897
66 -0.993534 -0.596502 5.20276
66 0.390209 -1.26789 3.93268
66 -1.34461 0.465253 6.10338
66 -0.205903 1.40307 0.91985
